 4.6285E+22  3.2719E-11  1.0000E+00  1.1670E+04  8.1828E-05  1.0464E-06  2.2767E-13  1.0000E+00
 1.3886E+23  2.2898E-10  1.0000E+00  1.1674E+04  8.1828E-05  1.4948E-07  2.2760E-13  1.0000E+00
 2.3143E+23  6.2103E-10  1.0000E+00  1.1686E+04  8.1828E-05  5.5072E-08  2.2740E-13  1.0000E+00
 3.2400E+23  1.2074E-09  1.0000E+00  1.1713E+04  8.1828E-05  2.8280E-08  2.2695E-13  1.0000E+00
 4.1657E+23  1.9846E-09  1.0000E+00  1.1762E+04  8.1828E-05  1.7154E-08  2.2616E-13  1.0000E+00
 5.0914E+23  2.9466E-09  1.0000E+00  1.1840E+04  8.1828E-05  1.1498E-08  2.2489E-13  1.0000E+00
 6.0171E+23  4.0808E-09  1.0000E+00  1.1962E+04  8.1828E-05  8.2409E-09  2.2295E-13  1.0000E+00
 6.9428E+23  5.3750E-09  1.0000E+00  1.2138E+04  8.1828E-05  6.1911E-09  2.2021E-13  1.0000E+00
 7.8685E+23  6.7955E-09  1.0000E+00  1.2395E+04  8.1828E-05  4.8231E-09  2.1632E-13  1.0000E+00
 8.7942E+23  8.3139E-09  1.0000E+00  1.2753E+04  8.1828E-05  3.8616E-09  2.1114E-13  1.0000E+00
 9.7199E+23  9.9111E-09  1.0000E+00  1.3187E+04  8.1828E-05  3.1615E-09  2.0520E-13  1.0000E+00
 1.0646E+24  1.1608E-08  1.0000E+00  1.3624E+04  8.1828E-05  2.6359E-09  1.9955E-13  1.0000E+00
 1.1571E+24  1.3483E-08  1.0000E+00  1.3942E+04  8.1828E-05  2.2315E-09  1.9565E-13  1.0000E+00
 1.2497E+24  1.5593E-08  1.0000E+00  1.4112E+04  8.1828E-05  1.9125E-09  1.9361E-13  1.0000E+00
 1.3423E+24  1.7891E-08  1.0000E+00  1.4207E+04  8.1828E-05  1.6587E-09  1.9250E-13  1.0000E+00
 1.4348E+24  2.0344E-08  1.0000E+00  1.4307E+04  8.1828E-05  1.4513E-09  1.9134E-13  9.9999E-01
 1.5274E+24  2.2930E-08  1.0000E+00  1.4407E+04  8.1828E-05  1.2811E-09  1.9019E-13  9.9999E-01
 1.6200E+24  2.5675E-08  1.0000E+00  1.4500E+04  8.1828E-05  1.1387E-09  1.8914E-13  9.9999E-01
 1.7126E+24  2.8558E-08  1.0000E+00  1.4591E+04  8.1828E-05  1.0191E-09  1.8812E-13  9.9999E-01
 1.8051E+24  3.1599E-08  1.0000E+00  1.4674E+04  8.1828E-05  9.1718E-10  1.8721E-13  9.9999E-01
 1.8977E+24  3.4778E-08  1.0000E+00  1.4753E+04  8.1828E-05  8.3007E-10  1.8635E-13  9.9999E-01
 1.9903E+24  3.8120E-08  1.0000E+00  1.4829E+04  8.1828E-05  7.5442E-10  1.8552E-13  9.9999E-01
 2.0828E+24  4.1589E-08  1.0000E+00  1.4904E+04  8.1828E-05  6.8897E-10  1.8472E-13  9.9999E-01
 2.1754E+24  4.5193E-08  1.0000E+00  1.4976E+04  8.1828E-05  6.3177E-10  1.8395E-13  9.9999E-01
 2.2680E+24  4.8959E-08  1.0000E+00  1.5046E+04  8.1828E-05  5.8118E-10  1.8320E-13  9.9999E-01
 2.3605E+24  5.2871E-08  1.0000E+00  1.5115E+04  8.1828E-05  5.3639E-10  1.8249E-13  9.9999E-01
 2.4531E+24  5.6913E-08  1.0000E+00  1.5178E+04  8.1828E-05  4.9677E-10  1.8183E-13  9.9999E-01
 2.5457E+24  6.1090E-08  1.0000E+00  1.5243E+04  8.1828E-05  4.6135E-10  1.8116E-13  9.9998E-01
 2.6383E+24  6.5439E-08  1.0000E+00  1.5306E+04  8.1828E-05  4.2938E-10  1.8051E-13  9.9998E-01
 2.7308E+24  6.9898E-08  1.0000E+00  1.5365E+04  8.1828E-05  4.0086E-10  1.7991E-13  9.9998E-01
 2.8234E+24  7.4490E-08  1.0000E+00  1.5425E+04  8.1828E-05  3.7506E-10  1.7930E-13  9.9998E-01
 2.9160E+24  7.9229E-08  1.0000E+00  1.5481E+04  8.1828E-05  3.5168E-10  1.7873E-13  9.9998E-01
 3.0085E+24  8.4171E-08  1.0000E+00  1.5537E+04  8.1828E-05  3.3016E-10  1.7818E-13  9.9998E-01
 3.1011E+24  8.9201E-08  1.0000E+00  1.5593E+04  8.1828E-05  3.1072E-10  1.7762E-13  9.9998E-01
 3.1937E+24  9.4316E-08  1.0000E+00  1.5646E+04  8.1828E-05  2.9314E-10  1.7710E-13  9.9998E-01
 3.2862E+24  9.9639E-08  1.0000E+00  1.5698E+04  8.1828E-05  2.7680E-10  1.7660E-13  9.9997E-01
 3.3788E+24  1.0502E-07  1.0000E+00  1.5748E+04  8.1828E-05  2.6199E-10  1.7610E-13  9.9997E-01
 3.4714E+24  1.1058E-07  1.0000E+00  1.5798E+04  8.1828E-05  2.4825E-10  1.7562E-13  9.9997E-01
 3.5640E+24  1.1632E-07  1.0000E+00  1.5847E+04  8.1828E-05  2.3545E-10  1.7515E-13  9.9997E-01
 3.6565E+24  1.2230E-07  1.0000E+00  1.5893E+04  8.1828E-05  2.2347E-10  1.7471E-13  9.9997E-01
 3.7491E+24  1.2812E-07  1.0000E+00  1.5940E+04  8.1828E-05  2.1285E-10  1.7426E-13  9.9997E-01
 3.8417E+24  1.3432E-07  1.0000E+00  1.5986E+04  8.1828E-05  2.0259E-10  1.7382E-13  9.9997E-01
 3.9342E+24  1.4056E-07  1.0000E+00  1.6030E+04  8.1828E-05  1.9321E-10  1.7341E-13  9.9996E-01
 4.0268E+24  1.4702E-07  1.0000E+00  1.6074E+04  8.1828E-05  1.8435E-10  1.7299E-13  9.9996E-01
 4.1194E+24  1.5339E-07  1.0000E+00  1.6116E+04  8.1828E-05  1.7635E-10  1.7260E-13  9.9996E-01
 4.2120E+24  1.6026E-07  1.0000E+00  1.6158E+04  8.1828E-05  1.6846E-10  1.7221E-13  9.9996E-01
 4.3045E+24  1.6701E-07  1.0000E+00  1.6199E+04  8.1828E-05  1.6136E-10  1.7184E-13  9.9996E-01
 4.3971E+24  1.7377E-07  1.0000E+00  1.6239E+04  8.1828E-05  1.5479E-10  1.7146E-13  9.9996E-01
 4.4897E+24  1.8093E-07  1.0000E+00  1.6279E+04  8.1828E-05  1.4840E-10  1.7110E-13  9.9995E-01
 4.5822E+24  1.8818E-07  1.0000E+00  1.6317E+04  8.1828E-05  1.4243E-10  1.7075E-13  9.9995E-01
 4.6748E+24  1.9554E-07  1.0000E+00  1.6356E+04  8.1828E-05  1.3683E-10  1.7040E-13  9.9995E-01
 4.7674E+24  2.0301E-07  1.0000E+00  1.6393E+04  8.1828E-05  1.3158E-10  1.7006E-13  9.9995E-01
 4.8599E+24  2.1059E-07  1.0000E+00  1.6430E+04  8.1828E-05  1.2663E-10  1.6973E-13  9.9995E-01
 4.9525E+24  2.1830E-07  1.0000E+00  1.6465E+04  8.1828E-05  1.2196E-10  1.6941E-13  9.9994E-01
 5.0451E+24  2.2616E-07  1.0000E+00  1.6501E+04  8.1828E-05  1.1754E-10  1.6909E-13  9.9994E-01
 5.1377E+24  2.3416E-07  1.0000E+00  1.6535E+04  8.1828E-05  1.1335E-10  1.6878E-13  9.9994E-01
 5.2302E+24  2.4234E-07  1.0000E+00  1.6570E+04  8.1828E-05  1.0936E-10  1.6848E-13  9.9994E-01
 5.3228E+24  2.5070E-07  1.0000E+00  1.6603E+04  8.1828E-05  1.0555E-10  1.6818E-13  9.9994E-01
 5.4154E+24  2.5926E-07  1.0000E+00  1.6637E+04  8.1828E-05  1.0191E-10  1.6789E-13  9.9993E-01
 5.5079E+24  2.6744E-07  1.0000E+00  1.6669E+04  8.1828E-05  9.8651E-11  1.6760E-13  9.9993E-01
 5.6005E+24  2.7598E-07  1.0000E+00  1.6701E+04  8.1828E-05  9.5463E-11  1.6732E-13  9.9993E-01
 5.6931E+24  2.8508E-07  1.0000E+00  1.6733E+04  8.1828E-05  9.2286E-11  1.6704E-13  9.9993E-01
 5.7856E+24  2.9443E-07  1.0000E+00  1.6764E+04  8.1828E-05  8.9235E-11  1.6677E-13  9.9992E-01
 5.8782E+24  3.0249E-07  1.0000E+00  1.6795E+04  8.1828E-05  8.6738E-11  1.6651E-13  9.9992E-01
 5.9708E+24  3.1227E-07  1.0000E+00  1.6825E+04  8.1828E-05  8.3911E-11  1.6625E-13  9.9992E-01
 6.0634E+24  3.2184E-07  1.0000E+00  1.6854E+04  8.1828E-05  8.1311E-11  1.6600E-13  9.9992E-01
 6.1559E+24  3.3057E-07  1.0000E+00  1.6883E+04  8.1828E-05  7.9062E-11  1.6575E-13  9.9991E-01
 6.2485E+24  3.4120E-07  1.0000E+00  1.6912E+04  8.1828E-05  7.6503E-11  1.6550E-13  9.9991E-01
 6.3411E+24  3.4971E-07  1.0000E+00  1.6940E+04  8.1828E-05  7.4548E-11  1.6526E-13  9.9991E-01
 6.4336E+24  3.6066E-07  1.0000E+00  1.6968E+04  8.1828E-05  7.2197E-11  1.6502E-13  9.9991E-01
 6.5262E+24  3.6964E-07  1.0000E+00  1.6996E+04  8.1828E-05  7.0357E-11  1.6478E-13  9.9990E-01
 6.6188E+24  3.8087E-07  1.0000E+00  1.7023E+04  8.1828E-05  6.8203E-11  1.6456E-13  9.9990E-01
 6.7113E+24  3.8985E-07  1.0000E+00  1.7049E+04  8.1828E-05  6.6555E-11  1.6433E-13  9.9990E-01
 6.8039E+24  4.0166E-07  1.0000E+00  1.7076E+04  8.1828E-05  6.4524E-11  1.6411E-13  9.9990E-01
 6.8965E+24  4.1065E-07  1.0000E+00  1.7102E+04  8.1828E-05  6.3040E-11  1.6389E-13  9.9989E-01
 6.9891E+24  4.2223E-07  1.0000E+00  1.7128E+04  8.1828E-05  6.1242E-11  1.6367E-13  9.9989E-01
 7.0816E+24  4.3301E-07  1.0000E+00  1.7153E+04  8.1828E-05  5.9652E-11  1.6346E-13  9.9989E-01
 7.1742E+24  4.4312E-07  1.0000E+00  1.7178E+04  8.1828E-05  5.8227E-11  1.6325E-13  9.9989E-01
 7.2668E+24  4.5524E-07  1.0000E+00  1.7203E+04  8.1828E-05  5.6617E-11  1.6304E-13  9.9988E-01
 7.3593E+24  4.6577E-07  1.0000E+00  1.7228E+04  8.1828E-05  5.5278E-11  1.6284E-13  9.9988E-01
 7.4519E+24  4.7660E-07  1.0000E+00  1.7252E+04  8.1828E-05  5.3965E-11  1.6264E-13  9.9988E-01
 7.5445E+24  4.8890E-07  1.0000E+00  1.7276E+04  8.1828E-05  5.2553E-11  1.6244E-13  9.9987E-01
 7.6371E+24  5.0067E-07  1.0000E+00  1.7300E+04  8.1828E-05  5.1265E-11  1.6225E-13  9.9987E-01
 7.7296E+24  5.1086E-07  1.0000E+00  1.7323E+04  8.1828E-05  5.0192E-11  1.6205E-13  9.9987E-01
 7.8222E+24  5.2335E-07  1.0000E+00  1.7346E+04  8.1828E-05  4.8946E-11  1.6186E-13  9.9986E-01
 7.9148E+24  5.3593E-07  1.0000E+00  1.7369E+04  8.1828E-05  4.7751E-11  1.6168E-13  9.9986E-01
 8.0073E+24  5.4831E-07  1.0000E+00  1.7392E+04  8.1828E-05  4.6627E-11  1.6149E-13  9.9986E-01
 8.0999E+24  5.5875E-07  1.0000E+00  1.7414E+04  8.1828E-05  4.5712E-11  1.6131E-13  9.9985E-01
 8.1925E+24  5.7152E-07  1.0000E+00  1.7436E+04  8.1828E-05  4.4649E-11  1.6113E-13  9.9985E-01
 8.2850E+24  5.8440E-07  1.0000E+00  1.7458E+04  8.1828E-05  4.3624E-11  1.6095E-13  9.9985E-01
 8.3776E+24  5.9735E-07  1.0000E+00  1.7480E+04  8.1828E-05  4.2639E-11  1.6078E-13  9.9985E-01
 8.4702E+24  6.1038E-07  1.0000E+00  1.7501E+04  8.1828E-05  4.1690E-11  1.6061E-13  9.9984E-01
 8.5628E+24  6.2269E-07  1.0000E+00  1.7523E+04  8.1828E-05  4.0829E-11  1.6044E-13  9.9984E-01
 8.6553E+24  6.3471E-07  1.0000E+00  1.7544E+04  8.1828E-05  4.0020E-11  1.6027E-13  9.9983E-01
 8.7479E+24  6.4800E-07  1.0000E+00  1.7564E+04  8.1828E-05  3.9165E-11  1.6010E-13  9.9983E-01
 8.8405E+24  6.6141E-07  1.0000E+00  1.7585E+04  8.1828E-05  3.8338E-11  1.5994E-13  9.9983E-01
 8.9330E+24  6.7490E-07  1.0000E+00  1.7605E+04  8.1828E-05  3.7539E-11  1.5977E-13  9.9982E-01
 9.0256E+24  6.8847E-07  1.0000E+00  1.7625E+04  8.1828E-05  3.6768E-11  1.5961E-13  9.9981E-01
 9.1182E+24  7.0214E-07  1.0000E+00  1.7645E+04  8.1828E-05  3.6022E-11  1.5945E-13  9.9980E-01
 9.2107E+24  7.1590E-07  1.0000E+00  1.7665E+04  8.1828E-05  3.5300E-11  1.5930E-13  9.9978E-01
 9.3033E+24  7.2976E-07  1.0000E+00  1.7685E+04  8.1828E-05  3.4601E-11  1.5915E-13  9.9975E-01
 9.3959E+24  7.4372E-07  1.0000E+00  1.7704E+04  8.1828E-05  3.3924E-11  1.5899E-13  9.9969E-01
 9.4885E+24  7.5779E-07  1.0000E+00  1.7723E+04  8.1828E-05  3.3268E-11  1.5885E-13  9.9959E-01
 9.5810E+24  7.7197E-07  1.0000E+00  1.7741E+04  8.1828E-05  3.2631E-11  1.5870E-13  9.9939E-01
 9.6736E+24  7.8628E-07  1.0000E+00  1.7758E+04  8.1828E-05  3.2013E-11  1.5857E-13  9.9903E-01
 9.7662E+24  8.0073E-07  1.0000E+00  1.7774E+04  8.1828E-05  3.1413E-11  1.5844E-13  9.9838E-01
 9.8587E+24  8.1534E-07  1.0000E+00  1.7788E+04  8.1828E-05  3.0830E-11  1.5834E-13  9.9723E-01
 9.9513E+24  8.3017E-07  1.0000E+00  1.7797E+04  8.1828E-05  3.0263E-11  1.5827E-13  9.9521E-01
 1.0044E+25  8.4523E-07  1.0000E+00  1.7801E+04  8.1828E-05  2.9710E-11  1.5824E-13  9.9170E-01
 1.0136E+25  8.6067E-07  1.0000E+00  1.7794E+04  8.1828E-05  2.9172E-11  1.5830E-13  9.8573E-01
 1.0229E+25  8.7663E-07  1.0000E+00  1.7769E+04  8.1828E-05  2.8648E-11  1.5849E-13  9.7573E-01
 1.0322E+25  8.9337E-07  1.0000E+00  1.7717E+04  8.1828E-05  2.8136E-11  1.5891E-13  9.5941E-01
 1.0414E+25  9.1130E-07  1.0000E+00  1.7623E+04  8.1828E-05  2.7636E-11  1.5967E-13  9.3360E-01
 1.0507E+25  9.3098E-07  1.0000E+00  1.7467E+04  8.1828E-05  2.7148E-11  1.6094E-13  8.9457E-01
 1.0599E+25  9.5321E-07  1.0000E+00  1.7226E+04  8.1828E-05  2.6671E-11  1.6294E-13  8.3894E-01
 1.0692E+25  9.7895E-07  1.0000E+00  1.6883E+04  8.1828E-05  2.6207E-11  1.6586E-13  7.6560E-01
 1.0784E+25  1.0092E-06  1.0000E+00  1.6432E+04  8.1828E-05  2.5754E-11  1.6987E-13  6.7767E-01
 1.0877E+25  1.0447E-06  1.0000E+00  1.5888E+04  8.1828E-05  2.5311E-11  1.7495E-13  5.8274E-01
 1.0970E+25  1.0852E-06  1.0000E+00  1.5284E+04  8.1828E-05  2.4883E-11  1.8096E-13  4.9023E-01
 1.1062E+25  1.1302E-06  1.0000E+00  1.4661E+04  8.1828E-05  2.4467E-11  1.8761E-13  4.0768E-01
 1.1155E+25  1.1784E-06  1.0000E+00  1.4054E+04  8.1828E-05  2.4063E-11  1.9456E-13  3.3862E-01
 1.1247E+25  1.2288E-06  1.0000E+00  1.3486E+04  8.1828E-05  2.3669E-11  2.0155E-13  2.8308E-01
 1.1340E+25  1.2801E-06  1.0000E+00  1.2969E+04  8.1828E-05  2.3286E-11  2.0839E-13  2.3917E-01
 1.1432E+25  1.3319E-06  1.0000E+00  1.2505E+04  8.1828E-05  2.2912E-11  2.1495E-13  2.0454E-01
 1.1525E+25  1.3836E-06  1.0000E+00  1.2090E+04  8.1828E-05  2.2546E-11  2.2118E-13  1.7700E-01
 1.1618E+25  1.4350E-06  1.0000E+00  1.1720E+04  8.1828E-05  2.2188E-11  2.2706E-13  1.5485E-01
 1.1710E+25  1.4858E-06  1.0000E+00  1.1390E+04  8.1828E-05  2.1839E-11  2.3259E-13  1.3678E-01
 1.1803E+25  1.5362E-06  1.0000E+00  1.1095E+04  8.1828E-05  2.1496E-11  2.3777E-13  1.2184E-01
 1.1895E+25  1.5860E-06  1.0000E+00  1.0830E+04  8.1828E-05  2.1161E-11  2.4264E-13  1.0932E-01
 1.1988E+25  1.6353E-06  1.0000E+00  1.0591E+04  8.1828E-05  2.0834E-11  2.4721E-13  9.8721E-02
 1.2080E+25  1.6840E-06  1.0000E+00  1.0375E+04  8.1828E-05  2.0516E-11  2.5150E-13  8.9647E-02
 1.2173E+25  1.7323E-06  1.0000E+00  1.0179E+04  8.1828E-05  2.0203E-11  2.5553E-13  8.1808E-02
 1.2266E+25  1.7801E-06  1.0000E+00  9.9999E+03  8.1828E-05  1.9898E-11  2.5933E-13  7.4983E-02
 1.2358E+25  1.8275E-06  1.0000E+00  9.8365E+03  8.1828E-05  1.9601E-11  2.6290E-13  6.8997E-02
 1.2451E+25  1.8745E-06  1.0000E+00  9.6866E+03  8.1828E-05  1.9310E-11  2.6628E-13  6.3712E-02
 1.2543E+25  1.9212E-06  1.0000E+00  9.5487E+03  8.1828E-05  1.9025E-11  2.6946E-13  5.9019E-02
 1.2636E+25  1.9674E-06  1.0000E+00  9.4215E+03  8.1828E-05  1.8748E-11  2.7247E-13  5.4831E-02
 1.2728E+25  2.0131E-06  1.0000E+00  9.3040E+03  8.1828E-05  1.8477E-11  2.7531E-13  5.1074E-02
 1.2821E+25  2.0579E-06  1.0000E+00  9.1949E+03  8.1828E-05  1.8225E-11  2.7801E-13  4.7689E-02
 1.2914E+25  2.1036E-06  1.0000E+00  9.0936E+03  8.1828E-05  1.7964E-11  2.8056E-13  4.4628E-02
 1.3006E+25  2.1493E-06  1.0000E+00  8.9993E+03  8.1828E-05  1.7708E-11  2.8298E-13  4.1850E-02
 1.3099E+25  2.1948E-06  1.0000E+00  8.9113E+03  8.1828E-05  1.7457E-11  2.8528E-13  3.9319E-02
 1.3191E+25  2.2402E-06  1.0000E+00  8.8291E+03  8.1828E-05  1.7213E-11  2.8747E-13  3.7007E-02
 1.3284E+25  2.2857E-06  1.0000E+00  8.7521E+03  8.1828E-05  1.6972E-11  2.8955E-13  3.4888E-02
 1.3376E+25  2.3309E-06  1.0000E+00  8.6799E+03  8.1828E-05  1.6737E-11  2.9153E-13  3.2942E-02
 1.3469E+25  2.3763E-06  1.0000E+00  8.6121E+03  8.1828E-05  1.6506E-11  2.9341E-13  3.1149E-02
 1.3562E+25  2.4215E-06  1.0000E+00  8.5483E+03  8.1828E-05  1.6281E-11  2.9521E-13  2.9493E-02
 1.3654E+25  2.4649E-06  1.0000E+00  8.4882E+03  8.1828E-05  1.6074E-11  2.9692E-13  2.7962E-02
 1.3747E+25  2.5093E-06  1.0000E+00  8.4315E+03  8.1828E-05  1.5860E-11  2.9856E-13  2.6543E-02
 1.3839E+25  2.5543E-06  1.0000E+00  8.3780E+03  8.1828E-05  1.5649E-11  3.0012E-13  2.5223E-02
 1.3932E+25  2.5992E-06  1.0000E+00  8.3274E+03  8.1828E-05  1.5442E-11  3.0161E-13  2.3996E-02
 1.4024E+25  2.6443E-06  1.0000E+00  8.2795E+03  8.1828E-05  1.5239E-11  3.0304E-13  2.2852E-02
 1.4117E+25  2.6897E-06  1.0000E+00  8.2341E+03  8.1828E-05  1.5038E-11  3.0441E-13  2.1783E-02
 1.4210E+25  2.7353E-06  1.0000E+00  8.1910E+03  8.1828E-05  1.4841E-11  3.0572E-13  2.0784E-02
 1.4302E+25  2.7811E-06  1.0000E+00  8.1502E+03  8.1828E-05  1.4646E-11  3.0697E-13  1.9849E-02
 1.4395E+25  2.8273E-06  1.0000E+00  8.1113E+03  8.1828E-05  1.4454E-11  3.0817E-13  1.8971E-02
 1.4487E+25  2.8737E-06  1.0000E+00  8.0744E+03  8.1828E-05  1.4265E-11  3.0933E-13  1.8147E-02
 1.4580E+25  2.9207E-06  1.0000E+00  8.0392E+03  8.1828E-05  1.4078E-11  3.1043E-13  1.7372E-02
 1.4672E+25  2.9680E-06  1.0000E+00  8.0057E+03  8.1828E-05  1.3894E-11  3.1149E-13  1.6643E-02
 1.4765E+25  3.0053E-06  1.0000E+00  7.9737E+03  8.1828E-05  1.3764E-11  3.1251E-13  1.5956E-02
 1.4858E+25  3.0509E-06  1.0000E+00  7.9432E+03  8.1828E-05  1.3589E-11  3.1349E-13  1.5307E-02
 1.4950E+25  3.0985E-06  1.0000E+00  7.9141E+03  8.1828E-05  1.3414E-11  3.1443E-13  1.4694E-02
 1.5043E+25  3.1466E-06  1.0000E+00  7.8862E+03  8.1828E-05  1.3241E-11  3.1534E-13  1.4115E-02
 1.5135E+25  3.1954E-06  1.0000E+00  7.8596E+03  8.1828E-05  1.3069E-11  3.1621E-13  1.3567E-02
 1.5228E+25  3.2449E-06  1.0000E+00  7.8341E+03  8.1828E-05  1.2898E-11  3.1704E-13  1.3048E-02
 1.5320E+25  3.2876E-06  1.0000E+00  7.8097E+03  8.1828E-05  1.2763E-11  3.1785E-13  1.2556E-02
 1.5413E+25  3.3264E-06  1.0000E+00  7.7864E+03  8.1828E-05  1.2635E-11  3.1863E-13  1.2089E-02
 1.5506E+25  3.3766E-06  1.0000E+00  7.7640E+03  8.1828E-05  1.2472E-11  3.1938E-13  1.1645E-02
 1.5598E+25  3.4276E-06  1.0000E+00  7.7425E+03  8.1828E-05  1.2310E-11  3.2010E-13  1.1224E-02
 1.5691E+25  3.4794E-06  1.0000E+00  7.7219E+03  8.1828E-05  1.2149E-11  3.2079E-13  1.0823E-02
 1.5783E+25  3.5252E-06  1.0000E+00  7.7021E+03  8.1828E-05  1.2017E-11  3.2146E-13  1.0442E-02
 1.5876E+25  3.5603E-06  1.0000E+00  7.6830E+03  8.1828E-05  1.1914E-11  3.2211E-13  1.0078E-02
 1.5968E+25  3.6133E-06  1.0000E+00  7.6647E+03  8.1828E-05  1.1758E-11  3.2274E-13  9.7316E-03
 1.6061E+25  3.6673E-06  1.0000E+00  7.6471E+03  8.1828E-05  1.1603E-11  3.2334E-13  9.4014E-03
 1.6154E+25  3.7224E-06  1.0000E+00  7.6302E+03  8.1828E-05  1.1449E-11  3.2392E-13  9.0858E-03
 1.6246E+25  3.7515E-06  1.0000E+00  7.6139E+03  8.1828E-05  1.1382E-11  3.2449E-13  8.7846E-03
 1.6339E+25  3.8033E-06  1.0000E+00  7.5982E+03  8.1828E-05  1.1238E-11  3.2503E-13  8.4971E-03
 1.6431E+25  3.8602E-06  1.0000E+00  7.5831E+03  8.1828E-05  1.1087E-11  3.2556E-13  8.2217E-03
 1.6524E+25  3.9183E-06  1.0000E+00  7.5686E+03  8.1828E-05  1.0937E-11  3.2607E-13  7.9585E-03
 1.6616E+25  3.9439E-06  1.0000E+00  7.5545E+03  8.1828E-05  1.0885E-11  3.2656E-13  7.7066E-03
 1.6709E+25  3.9996E-06  1.0000E+00  7.5410E+03  8.1828E-05  1.0742E-11  3.2704E-13  7.4650E-03
 1.6802E+25  4.0596E-06  1.0000E+00  7.5279E+03  8.1828E-05  1.0595E-11  3.2750E-13  7.2341E-03
 1.6894E+25  4.1096E-06  1.0000E+00  7.5153E+03  8.1828E-05  1.0484E-11  3.2795E-13  7.0120E-03
 1.6987E+25  4.1409E-06  1.0000E+00  7.5031E+03  8.1828E-05  1.0411E-11  3.2838E-13  6.7994E-03
 1.7079E+25  4.2034E-06  1.0000E+00  7.4913E+03  8.1828E-05  1.0267E-11  3.2880E-13  6.5954E-03
 1.7172E+25  4.2675E-06  1.0000E+00  7.4799E+03  8.1828E-05  1.0124E-11  3.2920E-13  6.3993E-03
 1.7264E+25  4.2908E-06  1.0000E+00  7.4689E+03  8.1828E-05  1.0084E-11  3.2960E-13  6.2114E-03
 1.7357E+25  4.3499E-06  1.0000E+00  7.4583E+03  8.1828E-05  9.9515E-12  3.2998E-13  6.0301E-03
 1.7450E+25  4.4168E-06  1.0000E+00  7.4480E+03  8.1828E-05  9.8101E-12  3.3035E-13  5.8566E-03
 1.7542E+25  4.4499E-06  1.0000E+00  7.4380E+03  8.1828E-05  9.7510E-12  3.3071E-13  5.6890E-03
 1.7635E+25  4.5000E-06  1.0000E+00  7.4284E+03  8.1828E-05  9.6460E-12  3.3106E-13  5.5285E-03
 1.7727E+25  4.5699E-06  1.0000E+00  7.4190E+03  8.1828E-05  9.5067E-12  3.3140E-13  5.3732E-03
 1.7820E+25  4.6059E-06  1.0000E+00  7.4100E+03  8.1828E-05  9.4453E-12  3.3172E-13  5.2244E-03
 1.7912E+25  4.6543E-06  1.0000E+00  7.4012E+03  8.1828E-05  9.3496E-12  3.3204E-13  5.0803E-03
 1.8005E+25  4.7276E-06  1.0000E+00  7.3927E+03  8.1828E-05  9.2120E-12  3.3235E-13  4.9422E-03
 1.8097E+25  4.7590E-06  1.0000E+00  7.3845E+03  8.1828E-05  9.1631E-12  3.3265E-13  4.8084E-03
 1.8190E+25  4.8131E-06  1.0000E+00  7.3765E+03  8.1828E-05  9.0619E-12  3.3294E-13  4.6800E-03
 1.8283E+25  4.8903E-06  1.0000E+00  7.3688E+03  8.1828E-05  8.9253E-12  3.3323E-13  4.5554E-03
 1.8375E+25  4.9089E-06  1.0000E+00  7.3613E+03  8.1828E-05  8.9026E-12  3.3350E-13  4.4359E-03
 1.8468E+25  4.9774E-06  1.0000E+00  7.3540E+03  8.1828E-05  8.7812E-12  3.3377E-13  4.3200E-03
 1.8560E+25  5.0493E-06  9.9999E-01  7.3469E+03  8.1828E-05  8.6666E-12  3.3403E-13  4.2085E-03
 1.8653E+25  5.0649E-06  9.9999E-01  7.3400E+03  8.1828E-05  8.6409E-12  3.3429E-13  4.1005E-03
 1.8745E+25  5.1479E-06  9.9999E-01  7.3333E+03  8.1828E-05  8.5067E-12  3.3453E-13  3.9961E-03
 1.8838E+25  5.1945E-06  9.9999E-01  7.3269E+03  8.1828E-05  8.4404E-12  3.3477E-13  3.8955E-03
 1.8931E+25  5.2375E-06  9.9999E-01  7.3206E+03  8.1828E-05  8.3711E-12  3.3501E-13  3.7978E-03
 1.9023E+25  5.3254E-06  9.9999E-01  7.3145E+03  8.1828E-05  8.2377E-12  3.3523E-13  3.7039E-03
 1.9116E+25  5.3358E-06  9.9999E-01  7.3085E+03  8.1828E-05  8.2310E-12  3.3545E-13  3.6124E-03
 1.9208E+25  5.4176E-06  9.9999E-01  7.3027E+03  8.1828E-05  8.1062E-12  3.3567E-13  3.5244E-03
 1.9301E+25  5.4735E-06  9.9999E-01  7.2971E+03  8.1828E-05  8.0326E-12  3.3588E-13  3.4389E-03
 1.9393E+25  5.5102E-06  9.9999E-01  7.2916E+03  8.1828E-05  7.9783E-12  3.3608E-13  3.3561E-03
 1.9486E+25  5.6060E-06  9.9999E-01  7.2863E+03  8.1828E-05  7.8460E-12  3.3628E-13  3.2762E-03
 1.9579E+25  5.6093E-06  9.9999E-01  7.2811E+03  8.1828E-05  7.8499E-12  3.3648E-13  3.1983E-03
 1.9671E+25  5.7017E-06  9.9999E-01  7.2761E+03  8.1828E-05  7.7217E-12  3.3667E-13  3.1234E-03
 1.9764E+25  5.7456E-06  9.9999E-01  7.2712E+03  8.1828E-05  7.6709E-12  3.3685E-13  3.0504E-03
 1.9856E+25  5.7988E-06  9.9999E-01  7.2664E+03  8.1828E-05  7.5994E-12  3.3703E-13  2.9797E-03
 1.9949E+25  5.8815E-06  9.9999E-01  7.2617E+03  8.1828E-05  7.5003E-12  3.3720E-13  2.9115E-03
 2.0041E+25  5.8965E-06  9.9999E-01  7.2572E+03  8.1828E-05  7.4800E-12  3.3738E-13  2.8447E-03
 2.0134E+25  6.0038E-06  9.9999E-01  7.2528E+03  8.1828E-05  7.3493E-12  3.3754E-13  2.7804E-03
 2.0227E+25  6.0094E-06  9.9999E-01  7.2485E+03  8.1828E-05  7.3500E-12  3.3770E-13  2.7179E-03
 2.0319E+25  6.1060E-06  9.9999E-01  7.2442E+03  8.1828E-05  7.2320E-12  3.3786E-13  2.6569E-03
 2.0412E+25  6.1429E-06  9.9999E-01  7.2402E+03  8.1828E-05  7.1958E-12  3.3802E-13  2.5983E-03
 2.0504E+25  6.2093E-06  9.9999E-01  7.2362E+03  8.1828E-05  7.1171E-12  3.3817E-13  2.5409E-03
 2.0597E+25  6.2765E-06  9.9999E-01  7.2323E+03  8.1828E-05  7.0481E-12  3.3832E-13  2.4852E-03
 2.0689E+25  6.3144E-06  9.9999E-01  7.2285E+03  8.1828E-05  7.0036E-12  3.3846E-13  2.4315E-03
 2.0782E+25  6.4097E-06  9.9999E-01  7.2248E+03  8.1828E-05  6.9065E-12  3.3860E-13  2.3788E-03
 2.0875E+25  6.4209E-06  9.9999E-01  7.2212E+03  8.1828E-05  6.8922E-12  3.3874E-13  2.3277E-03
 2.0967E+25  6.5413E-06  9.9999E-01  7.2177E+03  8.1828E-05  6.7709E-12  3.3887E-13  2.2784E-03
 2.1060E+25  6.5300E-06  9.9999E-01  7.2142E+03  8.1828E-05  6.7828E-12  3.3900E-13  2.2300E-03
 2.1152E+25  6.6577E-06  9.9999E-01  7.2109E+03  8.1828E-05  6.6537E-12  3.3913E-13  2.1831E-03
 2.1245E+25  6.6562E-06  9.9999E-01  7.2076E+03  8.1828E-05  6.6616E-12  3.3925E-13  2.1377E-03
 2.1337E+25  6.7721E-06  9.9999E-01  7.2044E+03  8.1828E-05  6.5453E-12  3.3938E-13  2.0932E-03
 2.1430E+25  6.7859E-06  9.9999E-01  7.2013E+03  8.1828E-05  6.5382E-12  3.3949E-13  2.0500E-03
 2.1523E+25  6.8884E-06  9.9999E-01  7.1982E+03  8.1828E-05  6.4385E-12  3.3961E-13  2.0082E-03
 2.1615E+25  6.9151E-06  9.9999E-01  7.1952E+03  8.1828E-05  6.4198E-12  3.3973E-13  1.9672E-03
 2.1708E+25  7.0071E-06  9.9999E-01  7.1923E+03  8.1828E-05  6.3329E-12  3.3984E-13  1.9273E-03
 2.1800E+25  7.0436E-06  9.9999E-01  7.1895E+03  8.1828E-05  6.3062E-12  3.3994E-13  1.8888E-03
 2.1893E+25  7.1282E-06  9.9999E-01  7.1867E+03  8.1828E-05  6.2286E-12  3.4005E-13  1.8509E-03
 2.1985E+25  7.1713E-06  9.9999E-01  7.1840E+03  8.1828E-05  6.1971E-12  3.4016E-13  1.8140E-03
 2.2078E+25  7.2521E-06  9.9999E-01  7.1813E+03  8.1828E-05  6.1254E-12  3.4026E-13  1.7785E-03
 2.2171E+25  7.2981E-06  9.9999E-01  7.1787E+03  8.1828E-05  6.0925E-12  3.4036E-13  1.7435E-03
 2.2263E+25  7.3789E-06  9.9999E-01  7.1762E+03  8.1828E-05  6.0230E-12  3.4045E-13  1.7093E-03
 2.2356E+25  7.4242E-06  9.9999E-01  7.1737E+03  8.1828E-05  5.9919E-12  3.4055E-13  1.6764E-03
 2.2448E+25  7.5088E-06  9.9999E-01  7.1713E+03  8.1828E-05  5.9216E-12  3.4064E-13  1.6441E-03
 2.2541E+25  7.5493E-06  9.9999E-01  7.1689E+03  8.1828E-05  5.8953E-12  3.4073E-13  1.6124E-03
 2.2633E+25  7.6419E-06  9.9999E-01  7.1666E+03  8.1828E-05  5.8211E-12  3.4082E-13  1.5817E-03
 2.2726E+25  7.6735E-06  9.9999E-01  7.1643E+03  8.1828E-05  5.8024E-12  3.4091E-13  1.5520E-03
 2.2819E+25  7.7783E-06  9.9999E-01  7.1621E+03  8.1828E-05  5.7214E-12  3.4100E-13  1.5226E-03
 2.2911E+25  7.7968E-06  9.9999E-01  7.1599E+03  8.1828E-05  5.7131E-12  3.4108E-13  1.4940E-03
 2.3004E+25  7.9183E-06  9.9999E-01  7.1578E+03  8.1828E-05  5.6225E-12  3.4116E-13  1.4664E-03
 2.3096E+25  7.9190E-06  9.9999E-01  7.1557E+03  8.1828E-05  5.6272E-12  3.4124E-13  1.4392E-03
 2.3189E+25  8.0621E-06  9.9999E-01  7.1536E+03  8.1828E-05  5.5244E-12  3.4132E-13  1.4125E-03
 2.3281E+25  8.0403E-06  9.9999E-01  7.1516E+03  8.1828E-05  5.5445E-12  3.4140E-13  1.3867E-03
 2.3374E+25  8.2004E-06  9.9999E-01  7.1497E+03  8.1828E-05  5.4367E-12  3.4148E-13  1.3617E-03
 2.3467E+25  8.1698E-06  9.9999E-01  7.1478E+03  8.1828E-05  5.4552E-12  3.4155E-13  1.3369E-03
 2.3559E+25  8.3221E-06  9.9999E-01  7.1459E+03  8.1828E-05  5.3597E-12  3.4162E-13  1.3127E-03
 2.3652E+25  8.3190E-06  9.9999E-01  7.1441E+03  8.1828E-05  5.3587E-12  3.4169E-13  1.2893E-03
 2.3744E+25  8.4419E-06  9.9999E-01  7.1423E+03  8.1828E-05  5.2855E-12  3.4176E-13  1.2664E-03
 2.3837E+25  8.4734E-06  9.9999E-01  7.1405E+03  8.1828E-05  5.2628E-12  3.4183E-13  1.2439E-03
 2.3929E+25  8.5604E-06  9.9999E-01  7.1387E+03  8.1828E-05  5.2141E-12  3.4190E-13  1.2219E-03
 2.4022E+25  8.6322E-06  9.9999E-01  7.1371E+03  8.1828E-05  5.1677E-12  3.4196E-13  1.2006E-03
 2.4115E+25  8.6779E-06  9.9999E-01  7.1354E+03  8.1828E-05  5.1451E-12  3.4203E-13  1.1797E-03
 2.4207E+25  8.7957E-06  9.9999E-01  7.1338E+03  8.1828E-05  5.0733E-12  3.4209E-13  1.1591E-03
 2.4300E+25  8.7943E-06  9.9999E-01  7.1322E+03  8.1828E-05  5.0785E-12  3.4215E-13  1.1391E-03
 2.4392E+25  8.9597E-06  9.9999E-01  7.1306E+03  8.1828E-05  4.9844E-12  3.4221E-13  1.1197E-03
 2.4485E+25  8.9137E-06  9.9999E-01  7.1291E+03  8.1828E-05  5.0095E-12  3.4227E-13  1.1005E-03
 2.4577E+25  9.0772E-06  9.9999E-01  7.1275E+03  8.1828E-05  4.9225E-12  3.4233E-13  1.0817E-03
 2.4670E+25  9.0838E-06  9.9999E-01  7.1261E+03  8.1828E-05  4.9159E-12  3.4239E-13  1.0634E-03
 2.4763E+25  9.1913E-06  9.9999E-01  7.1246E+03  8.1828E-05  4.8628E-12  3.4245E-13  1.0457E-03
 2.4855E+25  9.2615E-06  9.9999E-01  7.1232E+03  8.1828E-05  4.8228E-12  3.4250E-13  1.0281E-03
 2.4948E+25  9.3042E-06  9.9999E-01  7.1218E+03  8.1828E-05  4.8051E-12  3.4256E-13  1.0109E-03
 2.5040E+25  9.4446E-06  9.9999E-01  7.1204E+03  8.1828E-05  4.7307E-12  3.4261E-13  9.9409E-04
 2.5133E+25  9.4157E-06  9.9999E-01  7.1191E+03  8.1828E-05  4.7493E-12  3.4266E-13  9.7785E-04
 2.5225E+25  9.5886E-06  9.9999E-01  7.1178E+03  8.1828E-05  4.6644E-12  3.4271E-13  9.6182E-04
 2.5318E+25  9.5709E-06  9.9999E-01  7.1165E+03  8.1828E-05  4.6699E-12  3.4276E-13  9.4598E-04
 2.5411E+25  9.6986E-06  9.9999E-01  7.1152E+03  8.1828E-05  4.6126E-12  3.4281E-13  9.3056E-04
 2.5503E+25  9.7649E-06  9.9999E-01  7.1140E+03  8.1828E-05  4.5782E-12  3.4286E-13  9.1564E-04
 2.5596E+25  9.8077E-06  9.9999E-01  7.1128E+03  8.1828E-05  4.5624E-12  3.4291E-13  9.0096E-04
 2.5688E+25  9.9651E-06  9.9999E-01  7.1116E+03  8.1828E-05  4.4873E-12  3.4296E-13  8.8643E-04
 2.5781E+25  9.9154E-06  9.9999E-01  7.1104E+03  8.1828E-05  4.5139E-12  3.4300E-13  8.7219E-04
 2.5873E+25  1.0092E-05  9.9999E-01  7.1092E+03  8.1828E-05  4.4353E-12  3.4305E-13  8.5843E-04
 2.5966E+25  1.0101E-05  9.9999E-01  7.1081E+03  8.1828E-05  4.4284E-12  3.4309E-13  8.4498E-04
 2.6059E+25  1.0198E-05  9.9999E-01  7.1070E+03  8.1828E-05  4.3902E-12  3.4313E-13  8.3166E-04
 2.6151E+25  1.0313E-05  9.9999E-01  7.1059E+03  8.1828E-05  4.3381E-12  3.4318E-13  8.1851E-04
 2.6244E+25  1.0303E-05  9.9999E-01  7.1048E+03  8.1828E-05  4.3463E-12  3.4322E-13  8.0577E-04
 2.6336E+25  1.0484E-05  9.9999E-01  7.1038E+03  8.1828E-05  4.2719E-12  3.4326E-13  7.9341E-04
 2.6429E+25  1.0455E-05  9.9999E-01  7.1027E+03  8.1828E-05  4.2804E-12  3.4330E-13  7.8118E-04
 2.6521E+25  1.0586E-05  9.9999E-01  7.1017E+03  8.1828E-05  4.2313E-12  3.4334E-13  7.6908E-04
 2.6614E+25  1.0681E-05  9.9999E-01  7.1007E+03  8.1828E-05  4.1907E-12  3.4338E-13  7.5723E-04
 2.6707E+25  1.0688E-05  9.9999E-01  7.0997E+03  8.1828E-05  4.1918E-12  3.4342E-13  7.4579E-04
 2.6799E+25  1.0872E-05  9.9999E-01  7.0987E+03  8.1828E-05  4.1212E-12  3.4346E-13  7.3458E-04
 2.6892E+25  1.0831E-05  9.9999E-01  7.0978E+03  8.1828E-05  4.1339E-12  3.4349E-13  7.2347E-04
 2.6984E+25  1.0972E-05  9.9999E-01  7.0968E+03  8.1828E-05  4.0845E-12  3.4353E-13  7.1249E-04
 2.7077E+25  1.1071E-05  9.9999E-01  7.0959E+03  8.1828E-05  4.0450E-12  3.4357E-13  7.0180E-04
 2.7169E+25  1.1071E-05  9.9999E-01  7.0950E+03  8.1828E-05  4.0489E-12  3.4360E-13  6.9146E-04
 2.7262E+25  1.1258E-05  9.9999E-01  7.0941E+03  8.1828E-05  3.9820E-12  3.4364E-13  6.8126E-04
 2.7355E+25  1.1230E-05  9.9999E-01  7.0933E+03  8.1828E-05  3.9887E-12  3.4367E-13  6.7115E-04
 2.7447E+25  1.1354E-05  9.9999E-01  7.0924E+03  8.1828E-05  3.9488E-12  3.4370E-13  6.6119E-04
 2.7540E+25  1.1486E-05  9.9999E-01  7.0916E+03  8.1828E-05  3.9006E-12  3.4374E-13  6.5151E-04
 2.7632E+25  1.1449E-05  9.9999E-01  7.0907E+03  8.1828E-05  3.9165E-12  3.4377E-13  6.4213E-04
 2.7725E+25  1.1639E-05  9.9999E-01  7.0899E+03  8.1828E-05  3.8531E-12  3.4380E-13  6.3285E-04
 2.7817E+25  1.1655E-05  9.9999E-01  7.0891E+03  8.1828E-05  3.8448E-12  3.4383E-13  6.2364E-04
 2.7910E+25  1.1732E-05  9.9999E-01  7.0883E+03  8.1828E-05  3.8231E-12  3.4386E-13  6.1458E-04
 2.8003E+25  1.1921E-05  9.9999E-01  7.0875E+03  8.1828E-05  3.7619E-12  3.4390E-13  6.0578E-04
 2.8095E+25  1.1831E-05  9.9999E-01  7.0868E+03  8.1828E-05  3.7893E-12  3.4392E-13  5.9725E-04
 2.8188E+25  1.2016E-05  9.9999E-01  7.0860E+03  8.1828E-05  3.7336E-12  3.4395E-13  5.8879E-04
 2.8280E+25  1.2108E-05  9.9999E-01  7.0853E+03  8.1828E-05  3.7022E-12  3.4398E-13  5.8041E-04
 2.8373E+25  1.2105E-05  9.9999E-01  7.0846E+03  8.1828E-05  3.7065E-12  3.4401E-13  5.7214E-04
 2.8465E+25  1.2300E-05  9.9999E-01  7.0838E+03  8.1828E-05  3.6480E-12  3.4404E-13  5.6412E-04
 2.8558E+25  1.2294E-05  9.9999E-01  7.0832E+03  8.1828E-05  3.6471E-12  3.4407E-13  5.5632E-04
 2.8651E+25  1.2388E-05  9.9999E-01  7.0825E+03  8.1828E-05  3.6227E-12  3.4409E-13  5.4862E-04
 2.8743E+25  1.2582E-05  9.9999E-01  7.0818E+03  8.1828E-05  3.5665E-12  3.4412E-13  5.4097E-04
 2.8836E+25  1.2486E-05  9.9999E-01  7.0811E+03  8.1828E-05  3.5922E-12  3.4415E-13  5.3342E-04
 2.8928E+25  1.2671E-05  9.9999E-01  7.0804E+03  8.1828E-05  3.5424E-12  3.4417E-13  5.2607E-04
 2.9021E+25  1.2792E-05  9.9999E-01  7.0798E+03  8.1828E-05  3.5061E-12  3.4420E-13  5.1894E-04
 2.9113E+25  1.2755E-05  9.9999E-01  7.0792E+03  8.1828E-05  3.5194E-12  3.4422E-13  5.1192E-04
 2.9206E+25  1.2955E-05  9.9999E-01  7.0785E+03  8.1828E-05  3.4655E-12  3.4425E-13  5.0495E-04
 2.9299E+25  1.2997E-05  9.9999E-01  7.0779E+03  8.1828E-05  3.4515E-12  3.4427E-13  4.9804E-04
 2.9391E+25  1.3037E-05  9.9999E-01  7.0773E+03  8.1828E-05  3.4442E-12  3.4430E-13  4.9128E-04
 2.9484E+25  1.3237E-05  9.9999E-01  7.0767E+03  8.1828E-05  3.3921E-12  3.4432E-13  4.8472E-04
 2.9576E+25  1.3208E-05  9.9999E-01  7.0761E+03  8.1828E-05  3.3969E-12  3.4435E-13  4.7832E-04
 2.9669E+25  1.3318E-05  9.9999E-01  7.0755E+03  8.1828E-05  3.3719E-12  3.4437E-13  4.7196E-04
 2.9761E+25  1.3520E-05  9.9999E-01  7.0749E+03  8.1828E-05  3.3217E-12  3.4439E-13  4.6565E-04
 2.9854E+25  1.3425E-05  9.9999E-01  7.0744E+03  8.1828E-05  3.3426E-12  3.4441E-13  4.5942E-04
 2.9947E+25  1.3600E-05  9.9999E-01  7.0738E+03  8.1828E-05  3.3026E-12  3.4444E-13  4.5337E-04
 3.0039E+25  1.3775E-05  9.9999E-01  7.0733E+03  8.1828E-05  3.2580E-12  3.4446E-13  4.4749E-04
 3.0132E+25  1.3677E-05  9.9999E-01  7.0727E+03  8.1828E-05  3.2844E-12  3.4448E-13  4.4169E-04
 3.0224E+25  1.3882E-05  9.9999E-01  7.0722E+03  8.1828E-05  3.2360E-12  3.4450E-13  4.3592E-04
 3.0317E+25  1.4010E-05  9.9999E-01  7.0717E+03  8.1828E-05  3.2038E-12  3.4452E-13  4.3021E-04
 3.0409E+25  1.3956E-05  9.9999E-01  7.0711E+03  8.1828E-05  3.2192E-12  3.4454E-13  4.2460E-04
 3.0502E+25  1.4163E-05  9.9999E-01  7.0706E+03  8.1828E-05  3.1722E-12  3.4456E-13  4.1915E-04
 3.0594E+25  1.4252E-05  9.9999E-01  7.0701E+03  8.1828E-05  3.1499E-12  3.4458E-13  4.1385E-04
 3.0687E+25  1.4235E-05  9.9999E-01  7.0697E+03  8.1828E-05  3.1565E-12  3.4460E-13  4.0859E-04
 3.0780E+25  1.4444E-05  9.9999E-01  7.0692E+03  8.1828E-05  3.1109E-12  3.4462E-13  4.0336E-04
 3.0872E+25  1.4502E-05  9.9999E-01  7.0687E+03  8.1828E-05  3.0960E-12  3.4464E-13  3.9819E-04
 3.0965E+25  1.4514E-05  9.9999E-01  7.0682E+03  8.1828E-05  3.0963E-12  3.4466E-13  3.9312E-04
 3.1057E+25  1.4725E-05  9.9999E-01  7.0677E+03  8.1828E-05  3.0520E-12  3.4467E-13  3.8819E-04
 3.1150E+25  1.4760E-05  9.9999E-01  7.0673E+03  8.1828E-05  3.0421E-12  3.4469E-13  3.8339E-04
 3.1242E+25  1.4793E-05  9.9999E-01  7.0668E+03  8.1828E-05  3.0383E-12  3.4471E-13  3.7862E-04
 3.1335E+25  1.5006E-05  9.9998E-01  7.0664E+03  8.1828E-05  2.9954E-12  3.4473E-13  3.7388E-04
 3.1428E+25  1.5028E-05  9.9998E-01  7.0659E+03  8.1828E-05  2.9883E-12  3.4475E-13  3.6918E-04
 3.1520E+25  1.5072E-05  9.9998E-01  7.0655E+03  8.1828E-05  2.9825E-12  3.4476E-13  3.6459E-04
 3.1613E+25  1.5286E-05  9.9998E-01  7.0651E+03  8.1828E-05  2.9408E-12  3.4478E-13  3.6012E-04
 3.1705E+25  1.5305E-05  9.9998E-01  7.0646E+03  8.1828E-05  2.9346E-12  3.4480E-13  3.5576E-04
 3.1798E+25  1.5349E-05  9.9998E-01  7.0642E+03  8.1828E-05  2.9289E-12  3.4481E-13  3.5143E-04
 3.1890E+25  1.5566E-05  9.9998E-01  7.0638E+03  8.1828E-05  2.8883E-12  3.4483E-13  3.4712E-04
 3.1983E+25  1.5591E-05  9.9998E-01  7.0634E+03  8.1828E-05  2.8810E-12  3.4485E-13  3.4286E-04
 3.2076E+25  1.5627E-05  9.9998E-01  7.0630E+03  8.1828E-05  2.8772E-12  3.4486E-13  3.3867E-04
 3.2168E+25  1.5845E-05  9.9998E-01  7.0626E+03  8.1828E-05  2.8377E-12  3.4488E-13  3.3460E-04
 3.2261E+25  1.5888E-05  9.9998E-01  7.0622E+03  8.1828E-05  2.8275E-12  3.4489E-13  3.3063E-04
 3.2353E+25  1.5904E-05  9.9998E-01  7.0619E+03  8.1828E-05  2.8275E-12  3.4491E-13  3.2671E-04
 3.2446E+25  1.6124E-05  9.9998E-01  7.0615E+03  8.1828E-05  2.7890E-12  3.4492E-13  3.2279E-04
 3.2538E+25  1.6196E-05  9.9998E-01  7.0611E+03  8.1828E-05  2.7741E-12  3.4494E-13  3.1891E-04
 3.2631E+25  1.6180E-05  9.9998E-01  7.0607E+03  8.1828E-05  2.7795E-12  3.4495E-13  3.1508E-04
 3.2724E+25  1.6402E-05  9.9998E-01  7.0604E+03  8.1828E-05  2.7420E-12  3.4497E-13  3.1136E-04
 3.2816E+25  1.6515E-05  9.9998E-01  7.0600E+03  8.1828E-05  2.7208E-12  3.4498E-13  3.0773E-04
 3.2909E+25  1.6455E-05  9.9998E-01  7.0597E+03  8.1828E-05  2.7333E-12  3.4499E-13  3.0417E-04
 3.3001E+25  1.6679E-05  9.9998E-01  7.0593E+03  8.1828E-05  2.6966E-12  3.4501E-13  3.0061E-04
 3.3094E+25  1.6846E-05  9.9998E-01  7.0590E+03  8.1828E-05  2.6676E-12  3.4502E-13  2.9708E-04
 3.3186E+25  1.6730E-05  9.9998E-01  7.0586E+03  8.1828E-05  2.6886E-12  3.4503E-13  2.9359E-04
 3.3279E+25  1.6956E-05  9.9998E-01  7.0583E+03  8.1828E-05  2.6530E-12  3.4505E-13  2.9017E-04
 3.3372E+25  1.7176E-05  9.9998E-01  7.0580E+03  8.1828E-05  2.6184E-12  3.4506E-13  2.8683E-04
 3.3464E+25  1.7017E-05  9.9998E-01  7.0576E+03  8.1828E-05  2.6416E-12  3.4507E-13  2.8359E-04
 3.3557E+25  1.7231E-05  9.9998E-01  7.0573E+03  8.1828E-05  2.6109E-12  3.4509E-13  2.8036E-04
 3.3649E+25  1.7457E-05  9.9998E-01  7.0570E+03  8.1828E-05  2.5770E-12  3.4510E-13  2.7714E-04
 3.3742E+25  1.7366E-05  9.9998E-01  7.0567E+03  8.1828E-05  2.5882E-12  3.4511E-13  2.7395E-04
 3.3834E+25  1.7505E-05  9.9998E-01  7.0564E+03  8.1828E-05  2.5702E-12  3.4512E-13  2.7080E-04
 3.3927E+25  1.7734E-05  9.9998E-01  7.0561E+03  8.1828E-05  2.5370E-12  3.4514E-13  2.6773E-04
 3.4020E+25  1.7732E-05  9.9998E-01  7.0558E+03  8.1828E-05  2.5351E-12  3.4515E-13  2.6473E-04
 3.4112E+25  1.7778E-05  9.9998E-01  7.0555E+03  8.1828E-05  2.5309E-12  3.4516E-13  2.6181E-04
 3.4205E+25  1.8010E-05  9.9998E-01  7.0552E+03  8.1828E-05  2.4983E-12  3.4517E-13  2.5889E-04
 3.4297E+25  1.8111E-05  9.9998E-01  7.0549E+03  8.1828E-05  2.4821E-12  3.4518E-13  2.5598E-04
 3.4390E+25  1.8051E-05  9.9998E-01  7.0546E+03  8.1828E-05  2.4929E-12  3.4519E-13  2.5310E-04
 3.4482E+25  1.8285E-05  9.9998E-01  7.0543E+03  8.1828E-05  2.4611E-12  3.4520E-13  2.5025E-04
 3.4575E+25  1.8504E-05  9.9998E-01  7.0540E+03  8.1828E-05  2.4303E-12  3.4522E-13  2.4749E-04
 3.4668E+25  1.8325E-05  9.9998E-01  7.0538E+03  8.1828E-05  2.4551E-12  3.4523E-13  2.4477E-04
 3.4760E+25  1.8557E-05  9.9998E-01  7.0535E+03  8.1828E-05  2.4252E-12  3.4524E-13  2.4213E-04
 3.4853E+25  1.8792E-05  9.9998E-01  7.0532E+03  8.1828E-05  2.3948E-12  3.4525E-13  2.3949E-04
 3.4945E+25  1.8718E-05  9.9998E-01  7.0529E+03  8.1828E-05  2.4021E-12  3.4526E-13  2.3686E-04
 3.5038E+25  1.8828E-05  9.9998E-01  7.0527E+03  8.1828E-05  2.3904E-12  3.4527E-13  2.3425E-04
 3.5130E+25  1.9067E-05  9.9998E-01  7.0524E+03  8.1828E-05  2.3605E-12  3.4528E-13  2.3167E-04
 3.5223E+25  1.9140E-05  9.9998E-01  7.0522E+03  8.1828E-05  2.3493E-12  3.4529E-13  2.2917E-04
 3.5316E+25  1.9099E-05  9.9998E-01  7.0519E+03  8.1828E-05  2.3567E-12  3.4530E-13  2.2671E-04
 3.5408E+25  1.9340E-05  9.9998E-01  7.0517E+03  8.1828E-05  2.3274E-12  3.4531E-13  2.2431E-04
 3.5501E+25  1.9570E-05  9.9998E-01  7.0514E+03  8.1828E-05  2.2991E-12  3.4532E-13  2.2192E-04
 3.5593E+25  1.9377E-05  9.9998E-01  7.0512E+03  8.1828E-05  2.3216E-12  3.4533E-13  2.1954E-04
 3.5686E+25  1.9609E-05  9.9998E-01  7.0509E+03  8.1828E-05  2.2956E-12  3.4534E-13  2.1718E-04
 3.5778E+25  1.9852E-05  9.9998E-01  7.0507E+03  8.1828E-05  2.2676E-12  3.4535E-13  2.1483E-04
 3.5871E+25  1.9821E-05  9.9998E-01  7.0505E+03  8.1828E-05  2.2689E-12  3.4536E-13  2.1255E-04
 3.5964E+25  1.9879E-05  9.9998E-01  7.0502E+03  8.1828E-05  2.2646E-12  3.4537E-13  2.1031E-04
 3.6056E+25  2.0124E-05  9.9998E-01  7.0500E+03  8.1828E-05  2.2370E-12  3.4537E-13  2.0813E-04
 3.6149E+25  2.0290E-05  9.9998E-01  7.0498E+03  8.1828E-05  2.2166E-12  3.4538E-13  2.0598E-04
 3.6241E+25  2.0148E-05  9.9998E-01  7.0496E+03  8.1828E-05  2.2345E-12  3.4539E-13  2.0382E-04
 3.6334E+25  2.0393E-05  9.9998E-01  7.0493E+03  8.1828E-05  2.2077E-12  3.4540E-13  2.0168E-04
 3.6426E+25  2.0639E-05  9.9998E-01  7.0491E+03  8.1828E-05  2.1814E-12  3.4541E-13  1.9955E-04
 3.6519E+25  2.0555E-05  9.9998E-01  7.0489E+03  8.1828E-05  2.1882E-12  3.4542E-13  1.9746E-04
 3.6612E+25  2.0660E-05  9.9998E-01  7.0487E+03  8.1828E-05  2.1793E-12  3.4543E-13  1.9542E-04
 3.6704E+25  2.0911E-05  9.9998E-01  7.0485E+03  8.1828E-05  2.1532E-12  3.4544E-13  1.9342E-04
 3.6797E+25  2.1058E-05  9.9998E-01  7.0483E+03  8.1828E-05  2.1360E-12  3.4544E-13  1.9147E-04
 3.6889E+25  2.0929E-05  9.9998E-01  7.0481E+03  8.1828E-05  2.1514E-12  3.4545E-13  1.8952E-04
 3.6982E+25  2.1178E-05  9.9998E-01  7.0479E+03  8.1828E-05  2.1262E-12  3.4546E-13  1.8757E-04
 3.7074E+25  2.1429E-05  9.9998E-01  7.0476E+03  8.1828E-05  2.1013E-12  3.4547E-13  1.8564E-04
 3.7167E+25  2.1348E-05  9.9998E-01  7.0475E+03  8.1828E-05  2.1072E-12  3.4548E-13  1.8373E-04
 3.7260E+25  2.1444E-05  9.9998E-01  7.0473E+03  8.1828E-05  2.0999E-12  3.4548E-13  1.8185E-04
 3.7352E+25  2.1699E-05  9.9998E-01  7.0471E+03  8.1828E-05  2.0753E-12  3.4549E-13  1.8002E-04
 3.7445E+25  2.1888E-05  9.9998E-01  7.0469E+03  8.1828E-05  2.0553E-12  3.4550E-13  1.7823E-04
 3.7537E+25  2.1711E-05  9.9998E-01  7.0467E+03  8.1828E-05  2.0742E-12  3.4551E-13  1.7647E-04
 3.7630E+25  2.1963E-05  9.9998E-01  7.0465E+03  8.1828E-05  2.0504E-12  3.4551E-13  1.7471E-04
 3.7722E+25  2.2221E-05  9.9998E-01  7.0463E+03  8.1828E-05  2.0266E-12  3.4552E-13  1.7295E-04
 3.7815E+25  2.2205E-05  9.9998E-01  7.0461E+03  8.1828E-05  2.0261E-12  3.4553E-13  1.7121E-04
 3.7908E+25  2.2229E-05  9.9998E-01  7.0459E+03  8.1828E-05  2.0260E-12  3.4554E-13  1.6949E-04
 3.8000E+25  2.2487E-05  9.9998E-01  7.0458E+03  8.1828E-05  2.0028E-12  3.4554E-13  1.6780E-04
 3.8093E+25  2.2743E-05  9.9998E-01  7.0456E+03  8.1828E-05  1.9801E-12  3.4555E-13  1.6614E-04
 3.8185E+25  2.2536E-05  9.9998E-01  7.0454E+03  8.1828E-05  1.9966E-12  3.4556E-13  1.6453E-04
 3.8278E+25  2.2751E-05  9.9998E-01  7.0452E+03  8.1828E-05  1.9797E-12  3.4556E-13  1.6294E-04
 3.8370E+25  2.3014E-05  9.9998E-01  7.0451E+03  8.1828E-05  1.9571E-12  3.4557E-13  1.6136E-04
 3.8463E+25  2.3132E-05  9.9998E-01  7.0449E+03  8.1828E-05  1.9451E-12  3.4558E-13  1.5977E-04
 3.8556E+25  2.3016E-05  9.9998E-01  7.0447E+03  8.1828E-05  1.9569E-12  3.4558E-13  1.5820E-04
 3.8648E+25  2.3276E-05  9.9998E-01  7.0446E+03  8.1828E-05  1.9352E-12  3.4559E-13  1.5664E-04
 3.8741E+25  2.3541E-05  9.9998E-01  7.0444E+03  8.1828E-05  1.9133E-12  3.4560E-13  1.5511E-04
 3.8833E+25  2.3493E-05  9.9998E-01  7.0442E+03  8.1828E-05  1.9154E-12  3.4560E-13  1.5361E-04
 3.8926E+25  2.3540E-05  9.9998E-01  7.0441E+03  8.1828E-05  1.9135E-12  3.4561E-13  1.5215E-04
 3.9018E+25  2.3804E-05  9.9998E-01  7.0439E+03  8.1828E-05  1.8923E-12  3.4562E-13  1.5072E-04
 3.9111E+25  2.4070E-05  9.9998E-01  7.0437E+03  8.1828E-05  1.8714E-12  3.4562E-13  1.4928E-04
 3.9204E+25  2.3870E-05  9.9998E-01  7.0436E+03  8.1828E-05  1.8853E-12  3.4563E-13  1.4786E-04
 3.9296E+25  2.4066E-05  9.9998E-01  7.0434E+03  8.1828E-05  1.8718E-12  3.4564E-13  1.4643E-04
 3.9389E+25  2.4335E-05  9.9998E-01  7.0433E+03  8.1828E-05  1.8511E-12  3.4564E-13  1.4502E-04
 3.9481E+25  2.4532E-05  9.9998E-01  7.0431E+03  8.1828E-05  1.8344E-12  3.4565E-13  1.4363E-04
 3.9574E+25  2.4330E-05  9.9998E-01  7.0430E+03  8.1828E-05  1.8515E-12  3.4565E-13  1.4227E-04
 3.9666E+25  2.4596E-05  9.9998E-01  7.0428E+03  8.1828E-05  1.8316E-12  3.4566E-13  1.4094E-04
 3.9759E+25  2.4869E-05  9.9998E-01  7.0427E+03  8.1828E-05  1.8115E-12  3.4566E-13  1.3964E-04
 3.9852E+25  2.4944E-05  9.9998E-01  7.0425E+03  8.1828E-05  1.8042E-12  3.4567E-13  1.3835E-04
 3.9944E+25  2.4859E-05  9.9998E-01  7.0424E+03  8.1828E-05  1.8123E-12  3.4568E-13  1.3706E-04
 4.0037E+25  2.5128E-05  9.9997E-01  7.0423E+03  8.1828E-05  1.7929E-12  3.4568E-13  1.3577E-04
 4.0129E+25  2.5405E-05  9.9997E-01  7.0421E+03  8.1828E-05  1.7734E-12  3.4569E-13  1.3449E-04
 4.0222E+25  2.5372E-05  9.9997E-01  7.0420E+03  8.1828E-05  1.7738E-12  3.4569E-13  1.3323E-04
 4.0314E+25  2.5391E-05  9.9997E-01  7.0418E+03  8.1828E-05  1.7744E-12  3.4570E-13  1.3199E-04
 4.0407E+25  2.5663E-05  9.9997E-01  7.0417E+03  8.1828E-05  1.7557E-12  3.4570E-13  1.3077E-04
 4.0500E+25  2.5942E-05  9.9997E-01  7.0416E+03  8.1828E-05  1.7367E-12  3.4571E-13  1.2958E-04
 4.0592E+25  2.5818E-05  9.9997E-01  7.0414E+03  8.1828E-05  1.7433E-12  3.4571E-13  1.2841E-04
 4.0685E+25  2.5925E-05  9.9997E-01  7.0413E+03  8.1828E-05  1.7380E-12  3.4572E-13  1.2725E-04
 4.0777E+25  2.6200E-05  9.9997E-01  7.0412E+03  8.1828E-05  1.7197E-12  3.4572E-13  1.2609E-04
 4.0870E+25  2.6482E-05  9.9997E-01  7.0410E+03  8.1828E-05  1.7014E-12  3.4573E-13  1.2493E-04
 4.0962E+25  2.6283E-05  9.9997E-01  7.0409E+03  8.1828E-05  1.7126E-12  3.4574E-13  1.2378E-04
 4.1055E+25  2.6462E-05  9.9997E-01  7.0408E+03  8.1828E-05  1.7028E-12  3.4574E-13  1.2264E-04
 4.1148E+25  2.6739E-05  9.9997E-01  7.0407E+03  8.1828E-05  1.6851E-12  3.4575E-13  1.2153E-04
 4.1240E+25  2.7023E-05  9.9997E-01  7.0405E+03  8.1828E-05  1.6673E-12  3.4575E-13  1.2043E-04
 4.1333E+25  2.6768E-05  9.9997E-01  7.0404E+03  8.1828E-05  1.6817E-12  3.4575E-13  1.1936E-04
 4.1425E+25  2.7001E-05  9.9997E-01  7.0403E+03  8.1828E-05  1.6689E-12  3.4576E-13  1.1832E-04
 4.1518E+25  2.7281E-05  9.9997E-01  7.0402E+03  8.1828E-05  1.6517E-12  3.4576E-13  1.1727E-04
 4.1610E+25  2.7562E-05  9.9997E-01  7.0401E+03  8.1828E-05  1.6344E-12  3.4577E-13  1.1622E-04
 4.1703E+25  2.7278E-05  9.9997E-01  7.0399E+03  8.1828E-05  1.6507E-12  3.4577E-13  1.1518E-04
 4.1796E+25  2.7542E-05  9.9997E-01  7.0398E+03  8.1828E-05  1.6361E-12  3.4578E-13  1.1414E-04
 4.1888E+25  2.7825E-05  9.9997E-01  7.0397E+03  8.1828E-05  1.6195E-12  3.4578E-13  1.1311E-04
 4.1981E+25  2.8103E-05  9.9997E-01  7.0396E+03  8.1828E-05  1.6027E-12  3.4579E-13  1.1211E-04
 4.2073E+25  2.7809E-05  9.9997E-01  7.0395E+03  8.1828E-05  1.6196E-12  3.4579E-13  1.1112E-04
 4.2166E+25  2.8086E-05  9.9997E-01  7.0394E+03  8.1828E-05  1.6045E-12  3.4580E-13  1.1016E-04
 4.2258E+25  2.8372E-05  9.9997E-01  7.0393E+03  8.1828E-05  1.5884E-12  3.4580E-13  1.0921E-04
 4.2351E+25  2.8653E-05  9.9997E-01  7.0391E+03  8.1828E-05  1.5721E-12  3.4581E-13  1.0827E-04
 4.2443E+25  2.8355E-05  9.9997E-01  7.0390E+03  8.1828E-05  1.5884E-12  3.4581E-13  1.0732E-04
 4.2536E+25  2.8632E-05  9.9997E-01  7.0389E+03  8.1828E-05  1.5740E-12  3.4581E-13  1.0638E-04
 4.2629E+25  2.8921E-05  9.9997E-01  7.0388E+03  8.1828E-05  1.5583E-12  3.4582E-13  1.0545E-04
 4.2721E+25  2.9212E-05  9.9997E-01  7.0387E+03  8.1828E-05  1.5425E-12  3.4582E-13  1.0452E-04
 4.2814E+25  2.8918E-05  9.9997E-01  7.0386E+03  8.1828E-05  1.5572E-12  3.4583E-13  1.0361E-04
 4.2906E+25  2.9181E-05  9.9997E-01  7.0385E+03  8.1828E-05  1.5444E-12  3.4583E-13  1.0271E-04
 4.2999E+25  2.9472E-05  9.9997E-01  7.0384E+03  8.1828E-05  1.5292E-12  3.4583E-13  1.0183E-04
 4.3091E+25  2.9770E-05  9.9997E-01  7.0383E+03  8.1828E-05  1.5139E-12  3.4584E-13  1.0098E-04
 4.3184E+25  2.9507E-05  9.9997E-01  7.0382E+03  8.1828E-05  1.5259E-12  3.4584E-13  1.0013E-04
 4.3277E+25  2.9733E-05  9.9997E-01  7.0381E+03  8.1828E-05  1.5158E-12  3.4585E-13  9.9283E-05
 4.3369E+25  3.0025E-05  9.9997E-01  7.0380E+03  8.1828E-05  1.5011E-12  3.4585E-13  9.8434E-05
 4.3462E+25  3.0327E-05  9.9997E-01  7.0379E+03  8.1828E-05  1.4862E-12  3.4586E-13  9.7592E-05
 4.3554E+25  3.0124E-05  9.9997E-01  7.0378E+03  8.1828E-05  1.4946E-12  3.4586E-13  9.6754E-05
 4.3647E+25  3.0286E-05  9.9997E-01  7.0377E+03  8.1828E-05  1.4882E-12  3.4586E-13  9.5923E-05
 4.3739E+25  3.0582E-05  9.9997E-01  7.0376E+03  8.1828E-05  1.4738E-12  3.4587E-13  9.5110E-05
 4.3832E+25  3.0884E-05  9.9997E-01  7.0375E+03  8.1828E-05  1.4595E-12  3.4587E-13  9.4303E-05
 4.3925E+25  3.0768E-05  9.9997E-01  7.0374E+03  8.1828E-05  1.4633E-12  3.4587E-13  9.3524E-05
 4.4017E+25  3.0841E-05  9.9997E-01  7.0373E+03  8.1828E-05  1.4615E-12  3.4588E-13  9.2761E-05
 4.4110E+25  3.1142E-05  9.9997E-01  7.0372E+03  8.1828E-05  1.4474E-12  3.4588E-13  9.1995E-05
 4.4202E+25  3.1443E-05  9.9997E-01  7.0371E+03  8.1828E-05  1.4335E-12  3.4588E-13  9.1231E-05
 4.4295E+25  3.1438E-05  9.9997E-01  7.0370E+03  8.1828E-05  1.4322E-12  3.4589E-13  9.0470E-05
 4.4387E+25  3.1401E-05  9.9997E-01  7.0370E+03  8.1828E-05  1.4355E-12  3.4589E-13  8.9713E-05
 4.4480E+25  3.1703E-05  9.9997E-01  7.0369E+03  8.1828E-05  1.4218E-12  3.4590E-13  8.8960E-05
 4.4573E+25  3.2006E-05  9.9997E-01  7.0368E+03  8.1828E-05  1.4083E-12  3.4590E-13  8.8214E-05
 4.4665E+25  3.2133E-05  9.9997E-01  7.0367E+03  8.1828E-05  1.4013E-12  3.4590E-13  8.7484E-05
 4.4758E+25  3.1964E-05  9.9997E-01  7.0366E+03  8.1828E-05  1.4102E-12  3.4591E-13  8.6759E-05
 4.4850E+25  3.2267E-05  9.9997E-01  7.0365E+03  8.1828E-05  1.3970E-12  3.4591E-13  8.6061E-05
 4.4943E+25  3.2573E-05  9.9997E-01  7.0364E+03  8.1828E-05  1.3839E-12  3.4591E-13  8.5375E-05
 4.5035E+25  3.2855E-05  9.9997E-01  7.0364E+03  8.1828E-05  1.3708E-12  3.4592E-13  8.4687E-05
 4.5128E+25  3.2531E-05  9.9997E-01  7.0363E+03  8.1828E-05  1.3855E-12  3.4592E-13  8.4000E-05
 4.5221E+25  3.2832E-05  9.9997E-01  7.0362E+03  8.1828E-05  1.3730E-12  3.4592E-13  8.3316E-05
 4.5313E+25  3.3143E-05  9.9997E-01  7.0361E+03  8.1828E-05  1.3601E-12  3.4593E-13  8.2635E-05
 4.5406E+25  3.3454E-05  9.9997E-01  7.0360E+03  8.1828E-05  1.3475E-12  3.4593E-13  8.1956E-05
 4.5498E+25  3.3250E-05  9.9997E-01  7.0359E+03  8.1828E-05  1.3543E-12  3.4593E-13  8.1285E-05
 4.5591E+25  3.3402E-05  9.9997E-01  7.0359E+03  8.1828E-05  1.3496E-12  3.4594E-13  8.0627E-05
 4.5683E+25  3.3715E-05  9.9997E-01  7.0358E+03  8.1828E-05  1.3371E-12  3.4594E-13  7.9972E-05
 4.5776E+25  3.4027E-05  9.9997E-01  7.0357E+03  8.1828E-05  1.3248E-12  3.4594E-13  7.9339E-05
 4.5869E+25  3.4027E-05  9.9997E-01  7.0356E+03  8.1828E-05  1.3234E-12  3.4595E-13  7.8723E-05
 4.5961E+25  3.3977E-05  9.9997E-01  7.0356E+03  8.1828E-05  1.3268E-12  3.4595E-13  7.8106E-05
 4.6054E+25  3.4288E-05  9.9997E-01  7.0355E+03  8.1828E-05  1.3148E-12  3.4595E-13  7.7488E-05
 4.6146E+25  3.4606E-05  9.9997E-01  7.0354E+03  8.1828E-05  1.3027E-12  3.4595E-13  7.6872E-05
 4.6239E+25  3.4833E-05  9.9997E-01  7.0353E+03  8.1828E-05  1.2928E-12  3.4596E-13  7.6259E-05
 4.6331E+25  3.4553E-05  9.9997E-01  7.0353E+03  8.1828E-05  1.3047E-12  3.4596E-13  7.5649E-05
 4.6424E+25  3.4865E-05  9.9997E-01  7.0352E+03  8.1828E-05  1.2930E-12  3.4596E-13  7.5042E-05
 4.6517E+25  3.5186E-05  9.9996E-01  7.0351E+03  8.1828E-05  1.2813E-12  3.4597E-13  7.4446E-05
 4.6609E+25  3.5505E-05  9.9996E-01  7.0350E+03  8.1828E-05  1.2698E-12  3.4597E-13  7.3854E-05
 4.6702E+25  3.5298E-05  9.9996E-01  7.0349E+03  8.1828E-05  1.2758E-12  3.4597E-13  7.3274E-05
 4.6794E+25  3.5449E-05  9.9996E-01  7.0349E+03  8.1828E-05  1.2718E-12  3.4597E-13  7.2717E-05
 4.6887E+25  3.5767E-05  9.9996E-01  7.0348E+03  8.1828E-05  1.2605E-12  3.4598E-13  7.2163E-05
 4.6979E+25  3.6092E-05  9.9996E-01  7.0348E+03  8.1828E-05  1.2491E-12  3.4598E-13  7.1608E-05
 4.7072E+25  3.6165E-05  9.9996E-01  7.0347E+03  8.1828E-05  1.2453E-12  3.4598E-13  7.1054E-05
 4.7165E+25  3.6033E-05  9.9996E-01  7.0346E+03  8.1828E-05  1.2512E-12  3.4599E-13  7.0502E-05
 4.7257E+25  3.6353E-05  9.9996E-01  7.0345E+03  8.1828E-05  1.2402E-12  3.4599E-13  6.9952E-05
 4.7350E+25  3.6681E-05  9.9996E-01  7.0345E+03  8.1828E-05  1.2291E-12  3.4599E-13  6.9404E-05
 4.7442E+25  3.7003E-05  9.9996E-01  7.0344E+03  8.1828E-05  1.2183E-12  3.4599E-13  6.8862E-05
 4.7535E+25  3.6682E-05  9.9996E-01  7.0343E+03  8.1828E-05  1.2279E-12  3.4600E-13  6.8327E-05
 4.7627E+25  3.6946E-05  9.9996E-01  7.0343E+03  8.1828E-05  1.2203E-12  3.4600E-13  6.7797E-05
 4.7720E+25  3.7269E-05  9.9996E-01  7.0342E+03  8.1828E-05  1.2098E-12  3.4600E-13  6.7281E-05
 4.7813E+25  3.7603E-05  9.9996E-01  7.0341E+03  8.1828E-05  1.1990E-12  3.4600E-13  6.6782E-05
 4.7905E+25  3.7609E-05  9.9996E-01  7.0341E+03  8.1828E-05  1.1975E-12  3.4601E-13  6.6285E-05
 4.7998E+25  3.7537E-05  9.9996E-01  7.0340E+03  8.1828E-05  1.2012E-12  3.4601E-13  6.5786E-05
 4.8090E+25  3.7867E-05  9.9996E-01  7.0340E+03  8.1828E-05  1.1907E-12  3.4601E-13  6.5289E-05
 4.8183E+25  3.8199E-05  9.9996E-01  7.0339E+03  8.1828E-05  1.1804E-12  3.4601E-13  6.4794E-05
 4.8275E+25  3.8529E-05  9.9996E-01  7.0338E+03  8.1828E-05  1.1701E-12  3.4602E-13  6.4300E-05
 4.8368E+25  3.8181E-05  9.9996E-01  7.0337E+03  8.1828E-05  1.1798E-12  3.4602E-13  6.3808E-05
 4.8461E+25  3.8467E-05  9.9996E-01  7.0337E+03  8.1828E-05  1.1722E-12  3.4602E-13  6.3321E-05
 4.8553E+25  3.8798E-05  9.9996E-01  7.0336E+03  8.1828E-05  1.1622E-12  3.4602E-13  6.2841E-05
 4.8646E+25  3.9138E-05  9.9996E-01  7.0336E+03  8.1828E-05  1.1521E-12  3.4603E-13  6.2363E-05
 4.8738E+25  3.9178E-05  9.9996E-01  7.0335E+03  8.1828E-05  1.1496E-12  3.4603E-13  6.1900E-05
 4.8831E+25  3.9065E-05  9.9996E-01  7.0334E+03  8.1828E-05  1.1543E-12  3.4603E-13  6.1451E-05
 4.8923E+25  3.9407E-05  9.9996E-01  7.0334E+03  8.1828E-05  1.1442E-12  3.4603E-13  6.1006E-05
 4.9016E+25  3.9741E-05  9.9996E-01  7.0333E+03  8.1828E-05  1.1346E-12  3.4604E-13  6.0558E-05
 4.9109E+25  4.0086E-05  9.9996E-01  7.0333E+03  8.1828E-05  1.1248E-12  3.4604E-13  6.0111E-05
 4.9201E+25  3.9802E-05  9.9996E-01  7.0332E+03  8.1828E-05  1.1316E-12  3.4604E-13  5.9665E-05
 4.9294E+25  4.0012E-05  9.9996E-01  7.0332E+03  8.1828E-05  1.1270E-12  3.4604E-13  5.9222E-05
 4.9386E+25  4.0356E-05  9.9996E-01  7.0331E+03  8.1828E-05  1.1173E-12  3.4605E-13  5.8780E-05
 4.9479E+25  4.0696E-05  9.9996E-01  7.0330E+03  8.1828E-05  1.1080E-12  3.4605E-13  5.8341E-05
 4.9571E+25  4.0881E-05  9.9996E-01  7.0330E+03  8.1828E-05  1.1018E-12  3.4605E-13  5.7908E-05
 4.9664E+25  4.0618E-05  9.9996E-01  7.0329E+03  8.1828E-05  1.1102E-12  3.4605E-13  5.7479E-05
 4.9757E+25  4.0969E-05  9.9996E-01  7.0329E+03  8.1828E-05  1.1007E-12  3.4605E-13  5.7055E-05
 4.9849E+25  4.1315E-05  9.9996E-01  7.0328E+03  8.1828E-05  1.0914E-12  3.4606E-13  5.6650E-05
 4.9942E+25  4.1663E-05  9.9996E-01  7.0328E+03  8.1828E-05  1.0824E-12  3.4606E-13  5.6249E-05
 5.0034E+25  4.1568E-05  9.9996E-01  7.0327E+03  8.1828E-05  1.0836E-12  3.4606E-13  5.5850E-05
 5.0127E+25  4.1581E-05  9.9996E-01  7.0327E+03  8.1828E-05  1.0845E-12  3.4606E-13  5.5448E-05
 5.0219E+25  4.1937E-05  9.9996E-01  7.0326E+03  8.1828E-05  1.0753E-12  3.4607E-13  5.5048E-05
 5.0312E+25  4.2285E-05  9.9996E-01  7.0326E+03  8.1828E-05  1.0664E-12  3.4607E-13  5.4649E-05
 5.0405E+25  4.2637E-05  9.9996E-01  7.0325E+03  8.1828E-05  1.0576E-12  3.4607E-13  5.4252E-05
 5.0497E+25  4.2289E-05  9.9996E-01  7.0324E+03  8.1828E-05  1.0652E-12  3.4607E-13  5.3855E-05
 5.0590E+25  4.2555E-05  9.9996E-01  7.0324E+03  8.1828E-05  1.0597E-12  3.4607E-13  5.3463E-05
 5.0682E+25  4.2916E-05  9.9996E-01  7.0323E+03  8.1828E-05  1.0508E-12  3.4608E-13  5.3076E-05
 5.0775E+25  4.3267E-05  9.9996E-01  7.0323E+03  8.1828E-05  1.0422E-12  3.4608E-13  5.2690E-05
 5.0867E+25  4.3476E-05  9.9996E-01  7.0322E+03  8.1828E-05  1.0361E-12  3.4608E-13  5.2316E-05
 5.0960E+25  4.3187E-05  9.9996E-01  7.0322E+03  8.1828E-05  1.0442E-12  3.4608E-13  5.1954E-05
 5.1053E+25  4.3541E-05  9.9996E-01  7.0321E+03  8.1828E-05  1.0357E-12  3.4608E-13  5.1596E-05
 5.1145E+25  4.3906E-05  9.9996E-01  7.0321E+03  8.1828E-05  1.0271E-12  3.4609E-13  5.1237E-05
 5.1238E+25  4.4261E-05  9.9996E-01  7.0320E+03  8.1828E-05  1.0189E-12  3.4609E-13  5.0876E-05
 5.1330E+25  4.4265E-05  9.9996E-01  7.0320E+03  8.1828E-05  1.0176E-12  3.4609E-13  5.0518E-05
 5.1423E+25  4.4179E-05  9.9996E-01  7.0319E+03  8.1828E-05  1.0208E-12  3.4609E-13  5.0161E-05
 5.1515E+25  4.4538E-05  9.9996E-01  7.0319E+03  8.1828E-05  1.0126E-12  3.4609E-13  4.9805E-05
 5.1608E+25  4.4908E-05  9.9996E-01  7.0318E+03  8.1828E-05  1.0042E-12  3.4610E-13  4.9449E-05
 5.1701E+25  4.5266E-05  9.9995E-01  7.0318E+03  8.1828E-05  9.9626E-13  3.4610E-13  4.9098E-05
 5.1793E+25  4.5088E-05  9.9995E-01  7.0317E+03  8.1828E-05  9.9910E-13  3.4610E-13  4.8751E-05
 5.1886E+25  4.5183E-05  9.9995E-01  7.0317E+03  8.1828E-05  9.9810E-13  3.4610E-13  4.8404E-05
 5.1978E+25  4.5547E-05  9.9995E-01  7.0317E+03  8.1828E-05  9.9018E-13  3.4610E-13  4.8067E-05
 5.2071E+25  4.5921E-05  9.9995E-01  7.0316E+03  8.1828E-05  9.8210E-13  3.4611E-13  4.7744E-05
 5.2163E+25  4.6281E-05  9.9995E-01  7.0316E+03  8.1828E-05  9.7438E-13  3.4611E-13  4.7422E-05
 5.2256E+25  4.5948E-05  9.9995E-01  7.0315E+03  8.1828E-05  9.8047E-13  3.4611E-13  4.7100E-05
 5.2349E+25  4.6200E-05  9.9995E-01  7.0315E+03  8.1828E-05  9.7616E-13  3.4611E-13  4.6777E-05
 5.2441E+25  4.6567E-05  9.9995E-01  7.0314E+03  8.1828E-05  9.6851E-13  3.4611E-13  4.6456E-05
 5.2534E+25  4.6946E-05  9.9995E-01  7.0314E+03  8.1828E-05  9.6068E-13  3.4611E-13  4.6135E-05
 5.2626E+25  4.7284E-05  9.9995E-01  7.0313E+03  8.1828E-05  9.5318E-13  3.4612E-13  4.5816E-05
 5.2719E+25  4.6869E-05  9.9995E-01  7.0313E+03  8.1828E-05  9.6177E-13  3.4612E-13  4.5497E-05
 5.2811E+25  4.7229E-05  9.9995E-01  7.0312E+03  8.1828E-05  9.5490E-13  3.4612E-13  4.5180E-05
 5.2904E+25  4.7599E-05  9.9995E-01  7.0312E+03  8.1828E-05  9.4752E-13  3.4612E-13  4.4868E-05
 5.2997E+25  4.7983E-05  9.9995E-01  7.0312E+03  8.1828E-05  9.3993E-13  3.4612E-13  4.4557E-05
 5.3089E+25  4.8230E-05  9.9995E-01  7.0311E+03  8.1828E-05  9.3404E-13  3.4613E-13  4.4250E-05
 5.3182E+25  4.7898E-05  9.9995E-01  7.0311E+03  8.1828E-05  9.4162E-13  3.4613E-13  4.3958E-05
 5.3274E+25  4.8272E-05  9.9995E-01  7.0310E+03  8.1828E-05  9.3430E-13  3.4613E-13  4.3668E-05
 5.3367E+25  4.8644E-05  9.9995E-01  7.0310E+03  8.1828E-05  9.2719E-13  3.4613E-13  4.3380E-05
 5.3459E+25  4.9033E-05  9.9995E-01  7.0309E+03  8.1828E-05  9.1983E-13  3.4613E-13  4.3091E-05
 5.3552E+25  4.9207E-05  9.9995E-01  7.0309E+03  8.1828E-05  9.1552E-13  3.4613E-13  4.2803E-05
 5.3645E+25  4.8947E-05  9.9995E-01  7.0309E+03  8.1828E-05  9.2145E-13  3.4614E-13  4.2515E-05
 5.3737E+25  4.9328E-05  9.9995E-01  7.0308E+03  8.1828E-05  9.1432E-13  3.4614E-13  4.2228E-05
 5.3830E+25  4.9702E-05  9.9995E-01  7.0308E+03  8.1828E-05  9.0746E-13  3.4614E-13  4.1942E-05
 5.3922E+25  5.0095E-05  9.9995E-01  7.0307E+03  8.1828E-05  9.0035E-13  3.4614E-13  4.1657E-05
 5.4015E+25  5.0223E-05  9.9995E-01  7.0307E+03  8.1828E-05  8.9700E-13  3.4614E-13  4.1375E-05
 5.4107E+25  5.0009E-05  9.9995E-01  7.0306E+03  8.1828E-05  9.0192E-13  3.4614E-13  4.1095E-05
 5.4200E+25  5.0397E-05  9.9995E-01  7.0306E+03  8.1828E-05  8.9496E-13  3.4614E-13  4.0816E-05
 5.4292E+25  5.0775E-05  9.9995E-01  7.0306E+03  8.1828E-05  8.8827E-13  3.4615E-13  4.0545E-05
 5.4385E+25  5.1170E-05  9.9995E-01  7.0305E+03  8.1828E-05  8.8145E-13  3.4615E-13  4.0285E-05
 5.4478E+25  5.1280E-05  9.9995E-01  7.0305E+03  8.1828E-05  8.7855E-13  3.4615E-13  4.0026E-05
 5.4570E+25  5.1084E-05  9.9995E-01  7.0304E+03  8.1828E-05  8.8293E-13  3.4615E-13  3.9768E-05
 5.4663E+25  5.1478E-05  9.9995E-01  7.0304E+03  8.1828E-05  8.7617E-13  3.4615E-13  3.9510E-05
 5.4755E+25  5.1865E-05  9.9995E-01  7.0304E+03  8.1828E-05  8.6963E-13  3.4615E-13  3.9251E-05
 5.4848E+25  5.2257E-05  9.9995E-01  7.0303E+03  8.1828E-05  8.6315E-13  3.4616E-13  3.8993E-05
 5.4940E+25  5.2377E-05  9.9995E-01  7.0303E+03  8.1828E-05  8.6018E-13  3.4616E-13  3.8736E-05
 5.5033E+25  5.2178E-05  9.9995E-01  7.0303E+03  8.1828E-05  8.6442E-13  3.4616E-13  3.8480E-05
 5.5126E+25  5.2574E-05  9.9995E-01  7.0302E+03  8.1828E-05  8.5793E-13  3.4616E-13  3.8225E-05
 5.5218E+25  5.2968E-05  9.9995E-01  7.0302E+03  8.1828E-05  8.5155E-13  3.4616E-13  3.7971E-05
 5.5311E+25  5.3359E-05  9.9995E-01  7.0301E+03  8.1828E-05  8.4533E-13  3.4616E-13  3.7721E-05
 5.5403E+25  5.3515E-05  9.9995E-01  7.0301E+03  8.1828E-05  8.4191E-13  3.4617E-13  3.7470E-05
 5.5496E+25  5.3288E-05  9.9995E-01  7.0301E+03  8.1828E-05  8.4642E-13  3.4617E-13  3.7226E-05
 5.5588E+25  5.3683E-05  9.9995E-01  7.0300E+03  8.1828E-05  8.4024E-13  3.4617E-13  3.6994E-05
 5.5681E+25  5.4085E-05  9.9995E-01  7.0300E+03  8.1828E-05  8.3398E-13  3.4617E-13  3.6761E-05
 5.5774E+25  5.4478E-05  9.9995E-01  7.0300E+03  8.1828E-05  8.2795E-13  3.4617E-13  3.6531E-05
 5.5866E+25  5.4695E-05  9.9995E-01  7.0299E+03  8.1828E-05  8.2375E-13  3.4617E-13  3.6299E-05
 5.5959E+25  5.4415E-05  9.9995E-01  7.0299E+03  8.1828E-05  8.2893E-13  3.4617E-13  3.6068E-05
 5.6051E+25  5.4804E-05  9.9995E-01  7.0298E+03  8.1828E-05  8.2305E-13  3.4618E-13  3.5837E-05
 5.6144E+25  5.5215E-05  9.9994E-01  7.0298E+03  8.1828E-05  8.1692E-13  3.4618E-13  3.5607E-05
 5.6236E+25  5.5618E-05  9.9994E-01  7.0298E+03  8.1828E-05  8.1100E-13  3.4618E-13  3.5377E-05
 5.6329E+25  5.5918E-05  9.9994E-01  7.0297E+03  8.1828E-05  8.0576E-13  3.4618E-13  3.5148E-05
 5.6422E+25  5.5551E-05  9.9994E-01  7.0297E+03  8.1828E-05  8.1200E-13  3.4618E-13  3.4920E-05
 5.6514E+25  5.5949E-05  9.9994E-01  7.0297E+03  8.1828E-05  8.0620E-13  3.4618E-13  3.4695E-05
 5.6607E+25  5.6360E-05  9.9994E-01  7.0296E+03  8.1828E-05  8.0035E-13  3.4618E-13  3.4470E-05
 5.6699E+25  5.6771E-05  9.9994E-01  7.0296E+03  8.1828E-05  7.9455E-13  3.4618E-13  3.4248E-05
 5.6792E+25  5.7155E-05  9.9994E-01  7.0296E+03  8.1828E-05  7.8894E-13  3.4619E-13  3.4037E-05
 5.6884E+25  5.6735E-05  9.9994E-01  7.0295E+03  8.1828E-05  7.9445E-13  3.4619E-13  3.3828E-05
 5.6977E+25  5.7113E-05  9.9994E-01  7.0295E+03  8.1828E-05  7.8978E-13  3.4619E-13  3.3622E-05
 5.7070E+25  5.7517E-05  9.9994E-01  7.0295E+03  8.1828E-05  7.8427E-13  3.4619E-13  3.3415E-05
 5.7162E+25  5.7939E-05  9.9994E-01  7.0294E+03  8.1828E-05  7.7856E-13  3.4619E-13  3.3208E-05
 5.7255E+25  5.8348E-05  9.9994E-01  7.0294E+03  8.1828E-05  7.7304E-13  3.4619E-13  3.3001E-05
 5.7347E+25  5.8031E-05  9.9994E-01  7.0294E+03  8.1828E-05  7.7649E-13  3.4619E-13  3.2794E-05
 5.7440E+25  5.8289E-05  9.9994E-01  7.0293E+03  8.1828E-05  7.7389E-13  3.4620E-13  3.2589E-05
 5.7532E+25  5.8697E-05  9.9994E-01  7.0293E+03  8.1828E-05  7.6849E-13  3.4620E-13  3.2383E-05
 5.7625E+25  5.9121E-05  9.9994E-01  7.0293E+03  8.1828E-05  7.6300E-13  3.4620E-13  3.2178E-05
 5.7718E+25  5.9542E-05  9.9994E-01  7.0292E+03  8.1828E-05  7.5760E-13  3.4620E-13  3.1975E-05
 5.7810E+25  5.9392E-05  9.9994E-01  7.0292E+03  8.1828E-05  7.5866E-13  3.4620E-13  3.1773E-05
 5.7903E+25  5.9477E-05  9.9994E-01  7.0292E+03  8.1828E-05  7.5844E-13  3.4620E-13  3.1571E-05
 5.7995E+25  5.9901E-05  9.9994E-01  7.0291E+03  8.1828E-05  7.5305E-13  3.4620E-13  3.1374E-05
 5.8088E+25  6.0315E-05  9.9994E-01  7.0291E+03  8.1828E-05  7.4792E-13  3.4621E-13  3.1186E-05
 5.8180E+25  6.0748E-05  9.9994E-01  7.0291E+03  8.1828E-05  7.4258E-13  3.4621E-13  3.1000E-05
 5.8273E+25  6.0812E-05  9.9994E-01  7.0290E+03  8.1828E-05  7.4094E-13  3.4621E-13  3.0815E-05
 5.8366E+25  6.0681E-05  9.9994E-01  7.0290E+03  8.1828E-05  7.4342E-13  3.4621E-13  3.0630E-05
 5.8458E+25  6.1115E-05  9.9994E-01  7.0290E+03  8.1828E-05  7.3813E-13  3.4621E-13  3.0445E-05
 5.8551E+25  6.1536E-05  9.9994E-01  7.0289E+03  8.1828E-05  7.3306E-13  3.4621E-13  3.0259E-05
 5.8643E+25  6.1969E-05  9.9994E-01  7.0289E+03  8.1828E-05  7.2797E-13  3.4621E-13  3.0075E-05
 5.8736E+25  6.2277E-05  9.9994E-01  7.0289E+03  8.1828E-05  7.2353E-13  3.4621E-13  2.9891E-05
 5.8828E+25  6.1910E-05  9.9994E-01  7.0288E+03  8.1828E-05  7.2864E-13  3.4621E-13  2.9707E-05
 5.8921E+25  6.2343E-05  9.9994E-01  7.0288E+03  8.1828E-05  7.2360E-13  3.4622E-13  2.9524E-05
 5.9014E+25  6.2782E-05  9.9994E-01  7.0288E+03  8.1828E-05  7.1853E-13  3.4622E-13  2.9342E-05
 5.9106E+25  6.3203E-05  9.9994E-01  7.0287E+03  8.1828E-05  7.1376E-13  3.4622E-13  2.9161E-05
 5.9199E+25  6.3645E-05  9.9994E-01  7.0287E+03  8.1828E-05  7.0876E-13  3.4622E-13  2.8980E-05
 5.9291E+25  6.3308E-05  9.9994E-01  7.0287E+03  8.1828E-05  7.1181E-13  3.4622E-13  2.8802E-05
 5.9384E+25  6.3590E-05  9.9994E-01  7.0287E+03  8.1828E-05  7.0941E-13  3.4622E-13  2.8633E-05
 5.9476E+25  6.4034E-05  9.9994E-01  7.0286E+03  8.1828E-05  7.0451E-13  3.4622E-13  2.8466E-05
 5.9569E+25  6.4473E-05  9.9994E-01  7.0286E+03  8.1828E-05  6.9969E-13  3.4623E-13  2.8301E-05
 5.9662E+25  6.4909E-05  9.9994E-01  7.0286E+03  8.1828E-05  6.9503E-13  3.4623E-13  2.8135E-05
 5.9754E+25  6.4869E-05  9.9994E-01  7.0285E+03  8.1828E-05  6.9466E-13  3.4623E-13  2.7969E-05
 5.9847E+25  6.4869E-05  9.9994E-01  7.0285E+03  8.1828E-05  6.9542E-13  3.4623E-13  2.7803E-05
 5.9939E+25  6.5304E-05  9.9993E-01  7.0285E+03  8.1828E-05  6.9083E-13  3.4623E-13  2.7638E-05
 6.0032E+25  6.5756E-05  9.9993E-01  7.0284E+03  8.1828E-05  6.8607E-13  3.4623E-13  2.7474E-05
 6.0124E+25  6.6194E-05  9.9993E-01  7.0284E+03  8.1828E-05  6.8151E-13  3.4623E-13  2.7309E-05
 6.0217E+25  6.6479E-05  9.9993E-01  7.0284E+03  8.1828E-05  6.7786E-13  3.4623E-13  2.7145E-05
 6.0310E+25  6.6165E-05  9.9993E-01  7.0284E+03  8.1828E-05  6.8182E-13  3.4623E-13  2.6981E-05
 6.0402E+25  6.6604E-05  9.9993E-01  7.0283E+03  8.1828E-05  6.7732E-13  3.4624E-13  2.6818E-05
 6.0495E+25  6.7051E-05  9.9993E-01  7.0283E+03  8.1828E-05  6.7283E-13  3.4624E-13  2.6657E-05
 6.0587E+25  6.7510E-05  9.9993E-01  7.0283E+03  8.1828E-05  6.6827E-13  3.4624E-13  2.6495E-05
 6.0680E+25  6.7946E-05  9.9993E-01  7.0282E+03  8.1828E-05  6.6393E-13  3.4624E-13  2.6340E-05
 6.0772E+25  6.7669E-05  9.9993E-01  7.0282E+03  8.1828E-05  6.6597E-13  3.4624E-13  2.6190E-05
 6.0865E+25  6.7929E-05  9.9993E-01  7.0282E+03  8.1828E-05  6.6414E-13  3.4624E-13  2.6041E-05
 6.0958E+25  6.8373E-05  9.9993E-01  7.0282E+03  8.1828E-05  6.5981E-13  3.4624E-13  2.5894E-05
 6.1050E+25  6.8830E-05  9.9993E-01  7.0281E+03  8.1828E-05  6.5545E-13  3.4624E-13  2.5745E-05
 6.1143E+25  6.9293E-05  9.9993E-01  7.0281E+03  8.1828E-05  6.5106E-13  3.4625E-13  2.5597E-05
 6.1235E+25  6.9374E-05  9.9993E-01  7.0281E+03  8.1828E-05  6.4960E-13  3.4625E-13  2.5449E-05
 6.1328E+25  6.9271E-05  9.9993E-01  7.0280E+03  8.1828E-05  6.5127E-13  3.4625E-13  2.5301E-05
 6.1420E+25  6.9726E-05  9.9993E-01  7.0280E+03  8.1828E-05  6.4703E-13  3.4625E-13  2.5154E-05
 6.1513E+25  7.0176E-05  9.9993E-01  7.0280E+03  8.1828E-05  6.4288E-13  3.4625E-13  2.5007E-05
 6.1606E+25  7.0642E-05  9.9993E-01  7.0279E+03  8.1828E-05  6.3865E-13  3.4625E-13  2.4860E-05
 6.1698E+25  7.1091E-05  9.9993E-01  7.0279E+03  8.1828E-05  6.3445E-13  3.4625E-13  2.4714E-05
 6.1791E+25  7.0690E-05  9.9993E-01  7.0279E+03  8.1828E-05  6.3767E-13  3.4625E-13  2.4568E-05
 6.1883E+25  7.1097E-05  9.9993E-01  7.0279E+03  8.1828E-05  6.3456E-13  3.4625E-13  2.4423E-05
 6.1976E+25  7.1558E-05  9.9993E-01  7.0278E+03  8.1828E-05  6.3047E-13  3.4625E-13  2.4278E-05
 6.2068E+25  7.2015E-05  9.9993E-01  7.0278E+03  8.1828E-05  6.2648E-13  3.4626E-13  2.4140E-05
 6.2161E+25  7.2489E-05  9.9993E-01  7.0278E+03  8.1828E-05  6.2240E-13  3.4626E-13  2.4005E-05
 6.2254E+25  7.2503E-05  9.9993E-01  7.0278E+03  8.1828E-05  6.2156E-13  3.4626E-13  2.3872E-05
 6.2346E+25  7.2485E-05  9.9993E-01  7.0277E+03  8.1828E-05  6.2243E-13  3.4626E-13  2.3740E-05
 6.2439E+25  7.2957E-05  9.9993E-01  7.0277E+03  8.1828E-05  6.1839E-13  3.4626E-13  2.3608E-05
 6.2531E+25  7.3426E-05  9.9993E-01  7.0277E+03  8.1828E-05  6.1445E-13  3.4626E-13  2.3476E-05
 6.2624E+25  7.3889E-05  9.9993E-01  7.0277E+03  8.1828E-05  6.1060E-13  3.4626E-13  2.3344E-05
 6.2716E+25  7.4342E-05  9.9993E-01  7.0276E+03  8.1828E-05  6.0666E-13  3.4626E-13  2.3211E-05
 6.2809E+25  7.3942E-05  9.9993E-01  7.0276E+03  8.1828E-05  6.0970E-13  3.4627E-13  2.3079E-05
 6.2902E+25  7.4376E-05  9.9993E-01  7.0276E+03  8.1828E-05  6.0662E-13  3.4627E-13  2.2948E-05
 6.2994E+25  7.4854E-05  9.9993E-01  7.0275E+03  8.1828E-05  6.0273E-13  3.4627E-13  2.2816E-05
 6.3087E+25  7.5330E-05  9.9992E-01  7.0275E+03  8.1828E-05  5.9893E-13  3.4627E-13  2.2685E-05
 6.3179E+25  7.5800E-05  9.9992E-01  7.0275E+03  8.1828E-05  5.9522E-13  3.4627E-13  2.2555E-05
 6.3272E+25  7.5850E-05  9.9992E-01  7.0275E+03  8.1828E-05  5.9419E-13  3.4627E-13  2.2425E-05
 6.3364E+25  7.5826E-05  9.9992E-01  7.0274E+03  8.1828E-05  5.9500E-13  3.4627E-13  2.2296E-05
 6.3457E+25  7.6304E-05  9.9992E-01  7.0274E+03  8.1828E-05  5.9130E-13  3.4627E-13  2.2168E-05
 6.3550E+25  7.6788E-05  9.9992E-01  7.0274E+03  8.1828E-05  5.8756E-13  3.4627E-13  2.2048E-05
 6.3642E+25  7.7272E-05  9.9992E-01  7.0273E+03  8.1828E-05  5.8389E-13  3.4628E-13  2.1928E-05
 6.3735E+25  7.7735E-05  9.9992E-01  7.0273E+03  8.1828E-05  5.8031E-13  3.4628E-13  2.1810E-05
 6.3827E+25  7.7397E-05  9.9992E-01  7.0273E+03  8.1828E-05  5.8242E-13  3.4628E-13  2.1692E-05
 6.3920E+25  7.7785E-05  9.9992E-01  7.0273E+03  8.1828E-05  5.8002E-13  3.4628E-13  2.1574E-05
 6.4012E+25  7.8270E-05  9.9992E-01  7.0272E+03  8.1828E-05  5.7646E-13  3.4628E-13  2.1455E-05
 6.4105E+25  7.8760E-05  9.9992E-01  7.0272E+03  8.1828E-05  5.7285E-13  3.4628E-13  2.1337E-05
 6.4198E+25  7.9252E-05  9.9992E-01  7.0272E+03  8.1828E-05  5.6931E-13  3.4628E-13  2.1220E-05
 6.4290E+25  7.9421E-05  9.9992E-01  7.0272E+03  8.1828E-05  5.6749E-13  3.4628E-13  2.1102E-05
 6.4383E+25  7.9298E-05  9.9992E-01  7.0272E+03  8.1828E-05  5.6899E-13  3.4628E-13  2.0985E-05
 6.4475E+25  7.9784E-05  9.9992E-01  7.0271E+03  8.1828E-05  5.6550E-13  3.4628E-13  2.0867E-05
 6.4568E+25  8.0275E-05  9.9992E-01  7.0271E+03  8.1828E-05  5.6207E-13  3.4629E-13  2.0750E-05
 6.4660E+25  8.0773E-05  9.9992E-01  7.0271E+03  8.1828E-05  5.5859E-13  3.4629E-13  2.0633E-05
 6.4753E+25  8.1269E-05  9.9992E-01  7.0270E+03  8.1828E-05  5.5518E-13  3.4629E-13  2.0517E-05
 6.4846E+25  8.1084E-05  9.9992E-01  7.0270E+03  8.1828E-05  5.5587E-13  3.4629E-13  2.0401E-05
 6.4938E+25  8.1330E-05  9.9992E-01  7.0270E+03  8.1828E-05  5.5478E-13  3.4629E-13  2.0289E-05
 6.5031E+25  8.1825E-05  9.9992E-01  7.0270E+03  8.1828E-05  5.5141E-13  3.4629E-13  2.0181E-05
 6.5123E+25  8.2319E-05  9.9992E-01  7.0269E+03  8.1828E-05  5.4812E-13  3.4629E-13  2.0074E-05
 6.5216E+25  8.2827E-05  9.9992E-01  7.0269E+03  8.1828E-05  5.4475E-13  3.4629E-13  1.9969E-05
 6.5308E+25  8.3239E-05  9.9992E-01  7.0269E+03  8.1828E-05  5.4150E-13  3.4629E-13  1.9864E-05
 6.5401E+25  8.2904E-05  9.9992E-01  7.0269E+03  8.1828E-05  5.4424E-13  3.4629E-13  1.9758E-05
 6.5494E+25  8.3403E-05  9.9992E-01  7.0268E+03  8.1828E-05  5.4100E-13  3.4630E-13  1.9652E-05
 6.5586E+25  8.3908E-05  9.9992E-01  7.0268E+03  8.1828E-05  5.3773E-13  3.4630E-13  1.9547E-05
 6.5679E+25  8.4405E-05  9.9992E-01  7.0268E+03  8.1828E-05  5.3458E-13  3.4630E-13  1.9442E-05
 6.5771E+25  8.4923E-05  9.9992E-01  7.0267E+03  8.1828E-05  5.3132E-13  3.4630E-13  1.9337E-05
 6.5864E+25  8.5025E-05  9.9991E-01  7.0267E+03  8.1828E-05  5.3013E-13  3.4630E-13  1.9232E-05
 6.5956E+25  8.5018E-05  9.9991E-01  7.0267E+03  8.1828E-05  5.3071E-13  3.4630E-13  1.9127E-05
 6.6049E+25  8.5520E-05  9.9991E-01  7.0267E+03  8.1828E-05  5.2762E-13  3.4630E-13  1.9022E-05
 6.6142E+25  8.6034E-05  9.9991E-01  7.0266E+03  8.1828E-05  5.2446E-13  3.4630E-13  1.8918E-05
 6.6234E+25  8.6535E-05  9.9991E-01  7.0266E+03  8.1828E-05  5.2143E-13  3.4630E-13  1.8814E-05
 6.6327E+25  8.7057E-05  9.9991E-01  7.0266E+03  8.1828E-05  5.1829E-13  3.4630E-13  1.8710E-05
 6.6419E+25  8.6887E-05  9.9991E-01  7.0266E+03  8.1828E-05  5.1880E-13  3.4631E-13  1.8608E-05
 6.6512E+25  8.7177E-05  9.9991E-01  7.0266E+03  8.1828E-05  5.1759E-13  3.4631E-13  1.8511E-05
 6.6604E+25  8.7682E-05  9.9991E-01  7.0265E+03  8.1828E-05  5.1461E-13  3.4631E-13  1.8415E-05
 6.6697E+25  8.8202E-05  9.9991E-01  7.0265E+03  8.1828E-05  5.1158E-13  3.4631E-13  1.8320E-05
 6.6789E+25  8.8710E-05  9.9991E-01  7.0265E+03  8.1828E-05  5.0865E-13  3.4631E-13  1.8227E-05
 6.6882E+25  8.9188E-05  9.9991E-01  7.0264E+03  8.1828E-05  5.0564E-13  3.4631E-13  1.8133E-05
 6.6975E+25  8.8868E-05  9.9991E-01  7.0264E+03  8.1828E-05  5.0753E-13  3.4631E-13  1.8038E-05
 6.7067E+25  8.9380E-05  9.9991E-01  7.0264E+03  8.1828E-05  5.0484E-13  3.4631E-13  1.7944E-05
 6.7160E+25  8.9891E-05  9.9991E-01  7.0264E+03  8.1828E-05  5.0197E-13  3.4631E-13  1.7850E-05
 6.7252E+25  9.0415E-05  9.9991E-01  7.0263E+03  8.1828E-05  4.9907E-13  3.4632E-13  1.7756E-05
 6.7345E+25  9.0932E-05  9.9991E-01  7.0263E+03  8.1828E-05  4.9622E-13  3.4632E-13  1.7662E-05
 6.7437E+25  9.1189E-05  9.9991E-01  7.0263E+03  8.1828E-05  4.9435E-13  3.4632E-13  1.7569E-05
 6.7530E+25  9.1098E-05  9.9991E-01  7.0263E+03  8.1828E-05  4.9532E-13  3.4632E-13  1.7475E-05
 6.7623E+25  9.1627E-05  9.9991E-01  7.0262E+03  8.1828E-05  4.9248E-13  3.4632E-13  1.7381E-05
 6.7715E+25  9.2149E-05  9.9991E-01  7.0262E+03  8.1828E-05  4.8967E-13  3.4632E-13  1.7289E-05
 6.7808E+25  9.2674E-05  9.9991E-01  7.0262E+03  8.1828E-05  4.8691E-13  3.4632E-13  1.7196E-05
 6.7900E+25  9.3203E-05  9.9991E-01  7.0262E+03  8.1828E-05  4.8413E-13  3.4632E-13  1.7103E-05
 6.7993E+25  9.3250E-05  9.9991E-01  7.0261E+03  8.1828E-05  4.8344E-13  3.4632E-13  1.7013E-05
 6.8085E+25  9.3390E-05  9.9991E-01  7.0261E+03  8.1828E-05  4.8317E-13  3.4632E-13  1.6927E-05
 6.8178E+25  9.3919E-05  9.9991E-01  7.0261E+03  8.1828E-05  4.8047E-13  3.4633E-13  1.6841E-05
 6.8271E+25  9.4457E-05  9.9991E-01  7.0261E+03  8.1828E-05  4.7772E-13  3.4633E-13  1.6757E-05
 6.8363E+25  9.4984E-05  9.9991E-01  7.0260E+03  8.1828E-05  4.7507E-13  3.4633E-13  1.6674E-05
 6.8456E+25  9.5519E-05  9.9990E-01  7.0260E+03  8.1828E-05  4.7239E-13  3.4633E-13  1.6589E-05
 6.8548E+25  9.5390E-05  9.9990E-01  7.0260E+03  8.1828E-05  4.7262E-13  3.4633E-13  1.6505E-05
 6.8641E+25  9.5728E-05  9.9990E-01  7.0260E+03  8.1828E-05  4.7139E-13  3.4633E-13  1.6421E-05
 6.8733E+25  9.6264E-05  9.9990E-01  7.0259E+03  8.1828E-05  4.6876E-13  3.4633E-13  1.6337E-05
 6.8826E+25  9.6812E-05  9.9990E-01  7.0259E+03  8.1828E-05  4.6611E-13  3.4633E-13  1.6253E-05
 6.8919E+25  9.7346E-05  9.9990E-01  7.0259E+03  8.1828E-05  4.6355E-13  3.4633E-13  1.6170E-05
 6.9011E+25  9.7865E-05  9.9990E-01  7.0259E+03  8.1828E-05  4.6099E-13  3.4633E-13  1.6086E-05
 6.9104E+25  9.7628E-05  9.9990E-01  7.0259E+03  8.1828E-05  4.6189E-13  3.4634E-13  1.6002E-05
 6.9196E+25  9.8114E-05  9.9990E-01  7.0258E+03  8.1828E-05  4.5994E-13  3.4634E-13  1.5919E-05
 6.9289E+25  9.8664E-05  9.9990E-01  7.0258E+03  8.1828E-05  4.5737E-13  3.4634E-13  1.5836E-05
 6.9381E+25  9.9213E-05  9.9990E-01  7.0258E+03  8.1828E-05  4.5485E-13  3.4634E-13  1.5753E-05
 6.9474E+25  9.9762E-05  9.9990E-01  7.0257E+03  8.1828E-05  4.5233E-13  3.4634E-13  1.5670E-05
 6.9567E+25  1.0020E-04  9.9990E-01  7.0257E+03  8.1828E-05  4.4994E-13  3.4634E-13  1.5589E-05
 6.9659E+25  1.0001E-04  9.9990E-01  7.0257E+03  8.1828E-05  4.5122E-13  3.4634E-13  1.5512E-05
 6.9752E+25  1.0055E-04  9.9990E-01  7.0257E+03  8.1828E-05  4.4879E-13  3.4634E-13  1.5435E-05
 6.9844E+25  1.0111E-04  9.9990E-01  7.0256E+03  8.1828E-05  4.4630E-13  3.4634E-13  1.5359E-05
 6.9937E+25  1.0167E-04  9.9990E-01  7.0256E+03  8.1828E-05  4.4387E-13  3.4635E-13  1.5285E-05
 7.0029E+25  1.0223E-04  9.9990E-01  7.0256E+03  8.1828E-05  4.4143E-13  3.4635E-13  1.5210E-05
 7.0122E+25  1.0255E-04  9.9990E-01  7.0256E+03  8.1828E-05  4.3962E-13  3.4635E-13  1.5135E-05
 7.0215E+25  1.0250E-04  9.9990E-01  7.0255E+03  8.1828E-05  4.4026E-13  3.4635E-13  1.5060E-05
 7.0307E+25  1.0305E-04  9.9990E-01  7.0255E+03  8.1828E-05  4.3792E-13  3.4635E-13  1.4985E-05
 7.0400E+25  1.0361E-04  9.9990E-01  7.0255E+03  8.1828E-05  4.3554E-13  3.4635E-13  1.4910E-05
 7.0492E+25  1.0418E-04  9.9990E-01  7.0254E+03  8.1828E-05  4.3317E-13  3.4635E-13  1.4835E-05
 7.0585E+25  1.0474E-04  9.9990E-01  7.0254E+03  8.1828E-05  4.3085E-13  3.4635E-13  1.4761E-05
 7.0677E+25  1.0499E-04  9.9990E-01  7.0254E+03  8.1828E-05  4.2944E-13  3.4635E-13  1.4686E-05
 7.0770E+25  1.0505E-04  9.9989E-01  7.0254E+03  8.1828E-05  4.2959E-13  3.4635E-13  1.4611E-05
 7.0863E+25  1.0560E-04  9.9989E-01  7.0254E+03  8.1828E-05  4.2732E-13  3.4635E-13  1.4537E-05
 7.0955E+25  1.0617E-04  9.9989E-01  7.0253E+03  8.1828E-05  4.2507E-13  3.4636E-13  1.4462E-05
 7.1048E+25  1.0674E-04  9.9989E-01  7.0253E+03  8.1828E-05  4.2278E-13  3.4636E-13  1.4388E-05
 7.1140E+25  1.0731E-04  9.9989E-01  7.0253E+03  8.1828E-05  4.2053E-13  3.4636E-13  1.4314E-05
 7.1233E+25  1.0750E-04  9.9989E-01  7.0253E+03  8.1828E-05  4.1943E-13  3.4636E-13  1.4243E-05
 7.1325E+25  1.0766E-04  9.9989E-01  7.0252E+03  8.1828E-05  4.1919E-13  3.4636E-13  1.4174E-05
 7.1418E+25  1.0822E-04  9.9989E-01  7.0252E+03  8.1828E-05  4.1701E-13  3.4636E-13  1.4106E-05
 7.1511E+25  1.0878E-04  9.9989E-01  7.0252E+03  8.1828E-05  4.1485E-13  3.4636E-13  1.4039E-05
 7.1603E+25  1.0936E-04  9.9989E-01  7.0251E+03  8.1828E-05  4.1266E-13  3.4636E-13  1.3973E-05
 7.1696E+25  1.0994E-04  9.9989E-01  7.0251E+03  8.1828E-05  4.1049E-13  3.4636E-13  1.3906E-05
 7.1788E+25  1.1009E-04  9.9989E-01  7.0251E+03  8.1828E-05  4.0961E-13  3.4637E-13  1.3839E-05
 7.1881E+25  1.1032E-04  9.9989E-01  7.0251E+03  8.1828E-05  4.0905E-13  3.4637E-13  1.3772E-05
 7.1973E+25  1.1089E-04  9.9989E-01  7.0250E+03  8.1828E-05  4.0697E-13  3.4637E-13  1.3705E-05
 7.2066E+25  1.1146E-04  9.9989E-01  7.0250E+03  8.1828E-05  4.0488E-13  3.4637E-13  1.3639E-05
 7.2159E+25  1.1204E-04  9.9989E-01  7.0250E+03  8.1828E-05  4.0281E-13  3.4637E-13  1.3572E-05
 7.2251E+25  1.1262E-04  9.9989E-01  7.0249E+03  8.1828E-05  4.0071E-13  3.4637E-13  1.3505E-05
 7.2344E+25  1.1275E-04  9.9989E-01  7.0249E+03  8.1828E-05  3.9995E-13  3.4637E-13  1.3438E-05
 7.2436E+25  1.1305E-04  9.9989E-01  7.0249E+03  8.1828E-05  3.9921E-13  3.4637E-13  1.3372E-05
 7.2529E+25  1.1363E-04  9.9989E-01  7.0249E+03  8.1828E-05  3.9718E-13  3.4637E-13  1.3305E-05
 7.2621E+25  1.1420E-04  9.9989E-01  7.0248E+03  8.1828E-05  3.9518E-13  3.4637E-13  1.3239E-05
 7.2714E+25  1.1478E-04  9.9989E-01  7.0248E+03  8.1828E-05  3.9318E-13  3.4638E-13  1.3173E-05
 7.2807E+25  1.1537E-04  9.9988E-01  7.0248E+03  8.1828E-05  3.9118E-13  3.4638E-13  1.3106E-05
 7.2899E+25  1.1549E-04  9.9988E-01  7.0248E+03  8.1828E-05  3.9049E-13  3.4638E-13  1.3042E-05
 7.2992E+25  1.1583E-04  9.9988E-01  7.0247E+03  8.1828E-05  3.8962E-13  3.4638E-13  1.2981E-05
 7.3084E+25  1.1642E-04  9.9988E-01  7.0247E+03  8.1828E-05  3.8765E-13  3.4638E-13  1.2920E-05
 7.3177E+25  1.1701E-04  9.9988E-01  7.0247E+03  8.1828E-05  3.8572E-13  3.4638E-13  1.2859E-05
 7.3269E+25  1.1759E-04  9.9988E-01  7.0247E+03  8.1828E-05  3.8380E-13  3.4638E-13  1.2801E-05
 7.3362E+25  1.1817E-04  9.9988E-01  7.0246E+03  8.1828E-05  3.8190E-13  3.4638E-13  1.2741E-05
 7.3455E+25  1.1831E-04  9.9988E-01  7.0246E+03  8.1828E-05  3.8119E-13  3.4638E-13  1.2681E-05
 7.3547E+25  1.1868E-04  9.9988E-01  7.0246E+03  8.1828E-05  3.8030E-13  3.4639E-13  1.2622E-05
 7.3640E+25  1.1928E-04  9.9988E-01  7.0246E+03  8.1828E-05  3.7837E-13  3.4639E-13  1.2562E-05
 7.3732E+25  1.1987E-04  9.9988E-01  7.0245E+03  8.1828E-05  3.7649E-13  3.4639E-13  1.2503E-05
 7.3825E+25  1.2046E-04  9.9988E-01  7.0245E+03  8.1828E-05  3.7466E-13  3.4639E-13  1.2443E-05
 7.3917E+25  1.2105E-04  9.9988E-01  7.0245E+03  8.1828E-05  3.7283E-13  3.4639E-13  1.2384E-05
 7.4010E+25  1.2121E-04  9.9988E-01  7.0245E+03  8.1828E-05  3.7209E-13  3.4639E-13  1.2324E-05
 7.4103E+25  1.2158E-04  9.9988E-01  7.0244E+03  8.1828E-05  3.7121E-13  3.4639E-13  1.2265E-05
 7.4195E+25  1.2220E-04  9.9988E-01  7.0244E+03  8.1828E-05  3.6936E-13  3.4639E-13  1.2205E-05
 7.4288E+25  1.2280E-04  9.9988E-01  7.0244E+03  8.1828E-05  3.6752E-13  3.4639E-13  1.2146E-05
 7.4380E+25  1.2340E-04  9.9988E-01  7.0243E+03  8.1828E-05  3.6574E-13  3.4640E-13  1.2087E-05
 7.4473E+25  1.2399E-04  9.9988E-01  7.0243E+03  8.1828E-05  3.6399E-13  3.4640E-13  1.2028E-05
 7.4565E+25  1.2419E-04  9.9988E-01  7.0243E+03  8.1828E-05  3.6318E-13  3.4640E-13  1.1969E-05
 7.4658E+25  1.2456E-04  9.9988E-01  7.0243E+03  8.1828E-05  3.6235E-13  3.4640E-13  1.1913E-05
 7.4751E+25  1.2517E-04  9.9987E-01  7.0242E+03  8.1828E-05  3.6058E-13  3.4640E-13  1.1858E-05
 7.4843E+25  1.2579E-04  9.9987E-01  7.0242E+03  8.1828E-05  3.5880E-13  3.4640E-13  1.1803E-05
 7.4936E+25  1.2641E-04  9.9987E-01  7.0242E+03  8.1828E-05  3.5706E-13  3.4640E-13  1.1750E-05
 7.5028E+25  1.2701E-04  9.9987E-01  7.0241E+03  8.1828E-05  3.5536E-13  3.4640E-13  1.1697E-05
 7.5121E+25  1.2725E-04  9.9987E-01  7.0241E+03  8.1828E-05  3.5445E-13  3.4640E-13  1.1644E-05
 7.5213E+25  1.2761E-04  9.9987E-01  7.0241E+03  8.1828E-05  3.5370E-13  3.4641E-13  1.1591E-05
 7.5306E+25  1.2822E-04  9.9987E-01  7.0241E+03  8.1828E-05  3.5201E-13  3.4641E-13  1.1538E-05
 7.5399E+25  1.2884E-04  9.9987E-01  7.0240E+03  8.1828E-05  3.5032E-13  3.4641E-13  1.1485E-05
 7.5491E+25  1.2947E-04  9.9987E-01  7.0240E+03  8.1828E-05  3.4862E-13  3.4641E-13  1.1432E-05
 7.5584E+25  1.3009E-04  9.9987E-01  7.0240E+03  8.1828E-05  3.4695E-13  3.4641E-13  1.1379E-05
 7.5676E+25  1.3040E-04  9.9987E-01  7.0239E+03  8.1828E-05  3.4592E-13  3.4641E-13  1.1326E-05
 7.5769E+25  1.3073E-04  9.9987E-01  7.0239E+03  8.1828E-05  3.4527E-13  3.4641E-13  1.1273E-05
 7.5861E+25  1.3135E-04  9.9987E-01  7.0239E+03  8.1828E-05  3.4365E-13  3.4641E-13  1.1219E-05
 7.5954E+25  1.3197E-04  9.9987E-01  7.0238E+03  8.1828E-05  3.4203E-13  3.4642E-13  1.1166E-05
 7.6047E+25  1.3260E-04  9.9987E-01  7.0238E+03  8.1828E-05  3.4041E-13  3.4642E-13  1.1114E-05
 7.6139E+25  1.3323E-04  9.9987E-01  7.0238E+03  8.1828E-05  3.3878E-13  3.4642E-13  1.1061E-05
 7.6232E+25  1.3362E-04  9.9987E-01  7.0238E+03  8.1828E-05  3.3760E-13  3.4642E-13  1.1008E-05
 7.6324E+25  1.3393E-04  9.9987E-01  7.0237E+03  8.1828E-05  3.3703E-13  3.4642E-13  1.0955E-05
 7.6417E+25  1.3454E-04  9.9987E-01  7.0237E+03  8.1828E-05  3.3550E-13  3.4642E-13  1.0905E-05
 7.6509E+25  1.3517E-04  9.9986E-01  7.0237E+03  8.1828E-05  3.3394E-13  3.4642E-13  1.0856E-05
 7.6602E+25  1.3580E-04  9.9986E-01  7.0236E+03  8.1828E-05  3.3241E-13  3.4642E-13  1.0806E-05
 7.6695E+25  1.3644E-04  9.9986E-01  7.0236E+03  8.1828E-05  3.3085E-13  3.4643E-13  1.0759E-05
 7.6787E+25  1.3691E-04  9.9986E-01  7.0236E+03  8.1828E-05  3.2951E-13  3.4643E-13  1.0712E-05
 7.6880E+25  1.3720E-04  9.9986E-01  7.0236E+03  8.1828E-05  3.2900E-13  3.4643E-13  1.0665E-05
 7.6972E+25  1.3782E-04  9.9986E-01  7.0235E+03  8.1828E-05  3.2753E-13  3.4643E-13  1.0617E-05
 7.7065E+25  1.3844E-04  9.9986E-01  7.0235E+03  8.1828E-05  3.2606E-13  3.4643E-13  1.0570E-05
 7.7157E+25  1.3908E-04  9.9986E-01  7.0234E+03  8.1828E-05  3.2457E-13  3.4643E-13  1.0523E-05
 7.7250E+25  1.3971E-04  9.9986E-01  7.0234E+03  8.1828E-05  3.2311E-13  3.4643E-13  1.0475E-05
 7.7343E+25  1.4027E-04  9.9986E-01  7.0234E+03  8.1828E-05  3.2167E-13  3.4643E-13  1.0428E-05
 7.7435E+25  1.4054E-04  9.9986E-01  7.0234E+03  8.1828E-05  3.2119E-13  3.4643E-13  1.0381E-05
 7.7528E+25  1.4117E-04  9.9986E-01  7.0233E+03  8.1828E-05  3.1976E-13  3.4644E-13  1.0334E-05
 7.7620E+25  1.4180E-04  9.9986E-01  7.0233E+03  8.1828E-05  3.1835E-13  3.4644E-13  1.0286E-05
 7.7713E+25  1.4243E-04  9.9986E-01  7.0233E+03  8.1828E-05  3.1695E-13  3.4644E-13  1.0239E-05
 7.7805E+25  1.4307E-04  9.9986E-01  7.0232E+03  8.1828E-05  3.1553E-13  3.4644E-13  1.0192E-05
 7.7898E+25  1.4367E-04  9.9986E-01  7.0232E+03  8.1828E-05  3.1414E-13  3.4644E-13  1.0145E-05
 7.7991E+25  1.4396E-04  9.9986E-01  7.0232E+03  8.1828E-05  3.1353E-13  3.4644E-13  1.0097E-05
 7.8083E+25  1.4460E-04  9.9986E-01  7.0231E+03  8.1828E-05  3.1221E-13  3.4644E-13  1.0050E-05
 7.8176E+25  1.4523E-04  9.9985E-01  7.0231E+03  8.1828E-05  3.1084E-13  3.4644E-13  1.0003E-05
 7.8268E+25  1.4586E-04  9.9985E-01  7.0231E+03  8.1828E-05  3.0950E-13  3.4645E-13  9.9590E-06
 7.8361E+25  1.4650E-04  9.9985E-01  7.0230E+03  8.1828E-05  3.0816E-13  3.4645E-13  9.9150E-06
 7.8453E+25  1.4713E-04  9.9985E-01  7.0230E+03  8.1828E-05  3.0680E-13  3.4645E-13  9.8711E-06
 7.8546E+25  1.4747E-04  9.9985E-01  7.0230E+03  8.1828E-05  3.0605E-13  3.4645E-13  9.8290E-06
 7.8638E+25  1.4809E-04  9.9985E-01  7.0230E+03  8.1828E-05  3.0487E-13  3.4645E-13  9.7875E-06
 7.8731E+25  1.4874E-04  9.9985E-01  7.0229E+03  8.1828E-05  3.0353E-13  3.4645E-13  9.7453E-06
 7.8824E+25  1.4938E-04  9.9985E-01  7.0229E+03  8.1828E-05  3.0223E-13  3.4645E-13  9.7031E-06
 7.8916E+25  1.5002E-04  9.9985E-01  7.0228E+03  8.1828E-05  3.0095E-13  3.4645E-13  9.6609E-06
 7.9009E+25  1.5065E-04  9.9985E-01  7.0228E+03  8.1828E-05  2.9967E-13  3.4646E-13  9.6188E-06
 7.9101E+25  1.5108E-04  9.9985E-01  7.0228E+03  8.1828E-05  2.9873E-13  3.4646E-13  9.5766E-06
 7.9194E+25  1.5164E-04  9.9985E-01  7.0228E+03  8.1828E-05  2.9776E-13  3.4646E-13  9.5346E-06
 7.9286E+25  1.5231E-04  9.9985E-01  7.0227E+03  8.1828E-05  2.9644E-13  3.4646E-13  9.4925E-06
 7.9379E+25  1.5297E-04  9.9985E-01  7.0227E+03  8.1828E-05  2.9516E-13  3.4646E-13  9.4505E-06
 7.9472E+25  1.5362E-04  9.9985E-01  7.0226E+03  8.1828E-05  2.9391E-13  3.4646E-13  9.4082E-06
 7.9564E+25  1.5426E-04  9.9985E-01  7.0226E+03  8.1828E-05  2.9270E-13  3.4646E-13  9.3660E-06
 7.9657E+25  1.5476E-04  9.9985E-01  7.0226E+03  8.1828E-05  2.9166E-13  3.4646E-13  9.3239E-06
 7.9749E+25  1.5528E-04  9.9984E-01  7.0226E+03  8.1828E-05  2.9077E-13  3.4647E-13  9.2818E-06
 7.9842E+25  1.5594E-04  9.9984E-01  7.0225E+03  8.1828E-05  2.8956E-13  3.4647E-13  9.2397E-06
 7.9934E+25  1.5662E-04  9.9984E-01  7.0225E+03  8.1828E-05  2.8830E-13  3.4647E-13  9.1977E-06
 8.0027E+25  1.5729E-04  9.9984E-01  7.0224E+03  8.1828E-05  2.8708E-13  3.4647E-13  9.1557E-06
 8.0120E+25  1.5794E-04  9.9984E-01  7.0224E+03  8.1828E-05  2.8589E-13  3.4647E-13  9.1154E-06
 8.0212E+25  1.5852E-04  9.9984E-01  7.0224E+03  8.1828E-05  2.8478E-13  3.4647E-13  9.0761E-06
 8.0305E+25  1.5901E-04  9.9984E-01  7.0224E+03  8.1828E-05  2.8398E-13  3.4647E-13  9.0370E-06
 8.0397E+25  1.5968E-04  9.9984E-01  7.0223E+03  8.1828E-05  2.8280E-13  3.4648E-13  8.9987E-06
 8.0490E+25  1.6034E-04  9.9984E-01  7.0223E+03  8.1828E-05  2.8164E-13  3.4648E-13  8.9616E-06
 8.0582E+25  1.6102E-04  9.9984E-01  7.0222E+03  8.1828E-05  2.8045E-13  3.4648E-13  8.9244E-06
 8.0675E+25  1.6169E-04  9.9984E-01  7.0222E+03  8.1828E-05  2.7928E-13  3.4648E-13  8.8868E-06
 8.0768E+25  1.6233E-04  9.9984E-01  7.0222E+03  8.1828E-05  2.7815E-13  3.4648E-13  8.8493E-06
 8.0860E+25  1.6284E-04  9.9984E-01  7.0222E+03  8.1828E-05  2.7730E-13  3.4648E-13  8.8117E-06
 8.0953E+25  1.6349E-04  9.9984E-01  7.0221E+03  8.1828E-05  2.7623E-13  3.4648E-13  8.7741E-06
 8.1045E+25  1.6415E-04  9.9984E-01  7.0221E+03  8.1828E-05  2.7511E-13  3.4649E-13  8.7366E-06
 8.1138E+25  1.6482E-04  9.9984E-01  7.0220E+03  8.1828E-05  2.7401E-13  3.4649E-13  8.6992E-06
 8.1230E+25  1.6551E-04  9.9983E-01  7.0220E+03  8.1828E-05  2.7287E-13  3.4649E-13  8.6617E-06
 8.1323E+25  1.6619E-04  9.9983E-01  7.0220E+03  8.1828E-05  2.7175E-13  3.4649E-13  8.6243E-06
 8.1416E+25  1.6676E-04  9.9983E-01  7.0219E+03  8.1828E-05  2.7080E-13  3.4649E-13  8.5865E-06
 8.1508E+25  1.6739E-04  9.9983E-01  7.0219E+03  8.1828E-05  2.6981E-13  3.4649E-13  8.5490E-06
 8.1601E+25  1.6805E-04  9.9983E-01  7.0219E+03  8.1828E-05  2.6875E-13  3.4649E-13  8.5114E-06
 8.1693E+25  1.6872E-04  9.9983E-01  7.0218E+03  8.1828E-05  2.6769E-13  3.4650E-13  8.4739E-06
 8.1786E+25  1.6939E-04  9.9983E-01  7.0218E+03  8.1828E-05  2.6665E-13  3.4650E-13  8.4364E-06
 8.1878E+25  1.7009E-04  9.9983E-01  7.0217E+03  8.1828E-05  2.6556E-13  3.4650E-13  8.3988E-06
 8.1971E+25  1.7074E-04  9.9983E-01  7.0217E+03  8.1828E-05  2.6452E-13  3.4650E-13  8.3615E-06
 8.2064E+25  1.7138E-04  9.9983E-01  7.0217E+03  8.1828E-05  2.6356E-13  3.4650E-13  8.3259E-06
 8.2156E+25  1.7205E-04  9.9983E-01  7.0216E+03  8.1828E-05  2.6255E-13  3.4650E-13  8.2909E-06
 8.2249E+25  1.7271E-04  9.9983E-01  7.0216E+03  8.1828E-05  2.6153E-13  3.4650E-13  8.2559E-06
 8.2341E+25  1.7338E-04  9.9983E-01  7.0216E+03  8.1828E-05  2.6054E-13  3.4651E-13  8.2217E-06
 8.2434E+25  1.7405E-04  9.9983E-01  7.0215E+03  8.1828E-05  2.5954E-13  3.4651E-13  8.1889E-06
 8.2526E+25  1.7475E-04  9.9983E-01  7.0215E+03  8.1828E-05  2.5851E-13  3.4651E-13  8.1558E-06
 8.2619E+25  1.7544E-04  9.9982E-01  7.0215E+03  8.1828E-05  2.5749E-13  3.4651E-13  8.1224E-06
 8.2712E+25  1.7611E-04  9.9982E-01  7.0214E+03  8.1828E-05  2.5651E-13  3.4651E-13  8.0888E-06
 8.2804E+25  1.7678E-04  9.9982E-01  7.0214E+03  8.1828E-05  2.5555E-13  3.4651E-13  8.0553E-06
 8.2897E+25  1.7746E-04  9.9982E-01  7.0213E+03  8.1828E-05  2.5458E-13  3.4652E-13  8.0220E-06
 8.2989E+25  1.7812E-04  9.9982E-01  7.0213E+03  8.1828E-05  2.5364E-13  3.4652E-13  7.9887E-06
 8.3082E+25  1.7881E-04  9.9982E-01  7.0213E+03  8.1828E-05  2.5269E-13  3.4652E-13  7.9553E-06
 8.3174E+25  1.7955E-04  9.9982E-01  7.0212E+03  8.1828E-05  2.5166E-13  3.4652E-13  7.9219E-06
 8.3267E+25  1.8026E-04  9.9982E-01  7.0212E+03  8.1828E-05  2.5065E-13  3.4652E-13  7.8885E-06
 8.3360E+25  1.8094E-04  9.9982E-01  7.0211E+03  8.1828E-05  2.4971E-13  3.4652E-13  7.8550E-06
 8.3452E+25  1.8161E-04  9.9982E-01  7.0211E+03  8.1828E-05  2.4880E-13  3.4652E-13  7.8214E-06
 8.3545E+25  1.8229E-04  9.9982E-01  7.0211E+03  8.1828E-05  2.4787E-13  3.4653E-13  7.7880E-06
 8.3637E+25  1.8296E-04  9.9982E-01  7.0210E+03  8.1828E-05  2.4698E-13  3.4653E-13  7.7545E-06
 8.3730E+25  1.8370E-04  9.9982E-01  7.0210E+03  8.1828E-05  2.4602E-13  3.4653E-13  7.7211E-06
 8.3822E+25  1.8445E-04  9.9982E-01  7.0210E+03  8.1828E-05  2.4499E-13  3.4653E-13  7.6876E-06
 8.3915E+25  1.8516E-04  9.9981E-01  7.0209E+03  8.1828E-05  2.4407E-13  3.4653E-13  7.6542E-06
 8.4008E+25  1.8585E-04  9.9981E-01  7.0209E+03  8.1828E-05  2.4316E-13  3.4653E-13  7.6216E-06
 8.4100E+25  1.8652E-04  9.9981E-01  7.0208E+03  8.1828E-05  2.4230E-13  3.4654E-13  7.5903E-06
 8.4193E+25  1.8721E-04  9.9981E-01  7.0208E+03  8.1828E-05  2.4141E-13  3.4654E-13  7.5590E-06
 8.4285E+25  1.8792E-04  9.9981E-01  7.0207E+03  8.1828E-05  2.4055E-13  3.4654E-13  7.5280E-06
 8.4378E+25  1.8873E-04  9.9981E-01  7.0207E+03  8.1828E-05  2.3947E-13  3.4654E-13  7.4984E-06
 8.4470E+25  1.8943E-04  9.9981E-01  7.0207E+03  8.1828E-05  2.3860E-13  3.4654E-13  7.4692E-06
 8.4563E+25  1.9014E-04  9.9981E-01  7.0206E+03  8.1828E-05  2.3772E-13  3.4654E-13  7.4395E-06
 8.4656E+25  1.9084E-04  9.9981E-01  7.0206E+03  8.1828E-05  2.3685E-13  3.4655E-13  7.4096E-06
 8.4748E+25  1.9151E-04  9.9981E-01  7.0205E+03  8.1828E-05  2.3602E-13  3.4655E-13  7.3799E-06
 8.4841E+25  1.9222E-04  9.9981E-01  7.0205E+03  8.1828E-05  2.3519E-13  3.4655E-13  7.3502E-06
 8.4933E+25  1.9308E-04  9.9981E-01  7.0205E+03  8.1828E-05  2.3417E-13  3.4655E-13  7.3205E-06
 8.5026E+25  1.9380E-04  9.9981E-01  7.0204E+03  8.1828E-05  2.3325E-13  3.4655E-13  7.2907E-06
 8.5118E+25  1.9449E-04  9.9981E-01  7.0204E+03  8.1828E-05  2.3244E-13  3.4655E-13  7.2611E-06
 8.5211E+25  1.9520E-04  9.9980E-01  7.0203E+03  8.1828E-05  2.3160E-13  3.4656E-13  7.2315E-06
 8.5304E+25  1.9591E-04  9.9980E-01  7.0203E+03  8.1828E-05  2.3077E-13  3.4656E-13  7.2017E-06
 8.5396E+25  1.9660E-04  9.9980E-01  7.0202E+03  8.1828E-05  2.2998E-13  3.4656E-13  7.1717E-06
 8.5489E+25  1.9742E-04  9.9980E-01  7.0202E+03  8.1828E-05  2.2912E-13  3.4656E-13  7.1419E-06
 8.5581E+25  1.9827E-04  9.9980E-01  7.0202E+03  8.1828E-05  2.2803E-13  3.4656E-13  7.1121E-06
 8.5674E+25  1.9895E-04  9.9980E-01  7.0201E+03  8.1828E-05  2.2726E-13  3.4656E-13  7.0823E-06
 8.5766E+25  1.9963E-04  9.9980E-01  7.0201E+03  8.1828E-05  2.2651E-13  3.4657E-13  7.0524E-06
 8.5859E+25  2.0035E-04  9.9980E-01  7.0200E+03  8.1828E-05  2.2571E-13  3.4657E-13  7.0226E-06
 8.5952E+25  2.0106E-04  9.9980E-01  7.0200E+03  8.1828E-05  2.2492E-13  3.4657E-13  6.9928E-06
 8.6044E+25  2.0180E-04  9.9980E-01  7.0199E+03  8.1828E-05  2.2415E-13  3.4657E-13  6.9637E-06
 8.6137E+25  2.0277E-04  9.9980E-01  7.0199E+03  8.1828E-05  2.2309E-13  3.4657E-13  6.9357E-06
 8.6229E+25  2.0350E-04  9.9980E-01  7.0199E+03  8.1828E-05  2.2223E-13  3.4657E-13  6.9078E-06
 8.6322E+25  2.0418E-04  9.9980E-01  7.0198E+03  8.1828E-05  2.2149E-13  3.4658E-13  6.8800E-06
 8.6414E+25  2.0485E-04  9.9980E-01  7.0198E+03  8.1828E-05  2.2078E-13  3.4658E-13  6.8535E-06
 8.6507E+25  2.0556E-04  9.9979E-01  7.0197E+03  8.1828E-05  2.2005E-13  3.4658E-13  6.8275E-06
 8.6600E+25  2.0630E-04  9.9979E-01  7.0197E+03  8.1828E-05  2.1929E-13  3.4658E-13  6.8012E-06
 8.6692E+25  2.0724E-04  9.9979E-01  7.0196E+03  8.1828E-05  2.1840E-13  3.4658E-13  6.7747E-06
 8.6785E+25  2.0809E-04  9.9979E-01  7.0196E+03  8.1828E-05  2.1737E-13  3.4658E-13  6.7483E-06
 8.6877E+25  2.0879E-04  9.9979E-01  7.0196E+03  8.1828E-05  2.1665E-13  3.4659E-13  6.7219E-06
 8.6970E+25  2.0948E-04  9.9979E-01  7.0195E+03  8.1828E-05  2.1595E-13  3.4659E-13  6.6954E-06
 8.7062E+25  2.1016E-04  9.9979E-01  7.0195E+03  8.1828E-05  2.1526E-13  3.4659E-13  6.6690E-06
 8.7155E+25  2.1086E-04  9.9979E-01  7.0194E+03  8.1828E-05  2.1459E-13  3.4659E-13  6.6426E-06
 8.7248E+25  2.1167E-04  9.9979E-01  7.0194E+03  8.1828E-05  2.1388E-13  3.4659E-13  6.6162E-06
 8.7340E+25  2.1275E-04  9.9979E-01  7.0193E+03  8.1828E-05  2.1272E-13  3.4659E-13  6.5897E-06
 8.7433E+25  2.1346E-04  9.9979E-01  7.0193E+03  8.1828E-05  2.1195E-13  3.4660E-13  6.5630E-06
 8.7525E+25  2.1415E-04  9.9979E-01  7.0192E+03  8.1828E-05  2.1130E-13  3.4660E-13  6.5365E-06
 8.7618E+25  2.1485E-04  9.9979E-01  7.0192E+03  8.1828E-05  2.1061E-13  3.4660E-13  6.5100E-06
 8.7710E+25  2.1554E-04  9.9978E-01  7.0191E+03  8.1828E-05  2.0996E-13  3.4660E-13  6.4834E-06
 8.7803E+25  2.1625E-04  9.9978E-01  7.0191E+03  8.1828E-05  2.0932E-13  3.4660E-13  6.4568E-06
 8.7896E+25  2.1726E-04  9.9978E-01  7.0191E+03  8.1828E-05  2.0848E-13  3.4661E-13  6.4302E-06
 8.7988E+25  2.1819E-04  9.9978E-01  7.0190E+03  8.1828E-05  2.0741E-13  3.4661E-13  6.4037E-06
 8.8081E+25  2.1889E-04  9.9978E-01  7.0190E+03  8.1828E-05  2.0675E-13  3.4661E-13  6.3771E-06
 8.8173E+25  2.1957E-04  9.9978E-01  7.0189E+03  8.1828E-05  2.0614E-13  3.4661E-13  6.3517E-06
 8.8266E+25  2.2028E-04  9.9978E-01  7.0189E+03  8.1828E-05  2.0549E-13  3.4661E-13  6.3267E-06
 8.8358E+25  2.2098E-04  9.9978E-01  7.0188E+03  8.1828E-05  2.0486E-13  3.4662E-13  6.3018E-06
 8.8451E+25  2.2178E-04  9.9978E-01  7.0188E+03  8.1828E-05  2.0425E-13  3.4662E-13  6.2771E-06
 8.8544E+25  2.2292E-04  9.9978E-01  7.0187E+03  8.1828E-05  2.0316E-13  3.4662E-13  6.2539E-06
 8.8636E+25  2.2366E-04  9.9978E-01  7.0187E+03  8.1828E-05  2.0240E-13  3.4662E-13  6.2307E-06
 8.8729E+25  2.2437E-04  9.9978E-01  7.0186E+03  8.1828E-05  2.0177E-13  3.4662E-13  6.2073E-06
 8.8821E+25  2.2506E-04  9.9977E-01  7.0186E+03  8.1828E-05  2.0116E-13  3.4662E-13  6.1837E-06
 8.8914E+25  2.2576E-04  9.9977E-01  7.0185E+03  8.1828E-05  2.0057E-13  3.4663E-13  6.1602E-06
 8.9006E+25  2.2651E-04  9.9977E-01  7.0185E+03  8.1828E-05  1.9997E-13  3.4663E-13  6.1367E-06
 8.9099E+25  2.2752E-04  9.9977E-01  7.0185E+03  8.1828E-05  1.9923E-13  3.4663E-13  6.1132E-06
 8.9192E+25  2.2850E-04  9.9977E-01  7.0184E+03  8.1828E-05  1.9815E-13  3.4663E-13  6.0897E-06
 8.9284E+25  2.2919E-04  9.9977E-01  7.0184E+03  8.1828E-05  1.9758E-13  3.4663E-13  6.0663E-06
 8.9377E+25  2.2990E-04  9.9977E-01  7.0183E+03  8.1828E-05  1.9698E-13  3.4664E-13  6.0427E-06
 8.9469E+25  2.3061E-04  9.9977E-01  7.0183E+03  8.1828E-05  1.9639E-13  3.4664E-13  6.0192E-06
 8.9562E+25  2.3131E-04  9.9977E-01  7.0182E+03  8.1828E-05  1.9584E-13  3.4664E-13  5.9956E-06
 8.9654E+25  2.3212E-04  9.9977E-01  7.0182E+03  8.1828E-05  1.9527E-13  3.4664E-13  5.9719E-06
 8.9747E+25  2.3331E-04  9.9977E-01  7.0181E+03  8.1828E-05  1.9427E-13  3.4664E-13  5.9482E-06
 8.9840E+25  2.3409E-04  9.9977E-01  7.0181E+03  8.1828E-05  1.9347E-13  3.4665E-13  5.9245E-06
 8.9932E+25  2.3476E-04  9.9977E-01  7.0180E+03  8.1828E-05  1.9294E-13  3.4665E-13  5.9009E-06
 9.0025E+25  2.3547E-04  9.9976E-01  7.0180E+03  8.1828E-05  1.9239E-13  3.4665E-13  5.8772E-06
 9.0117E+25  2.3619E-04  9.9976E-01  7.0179E+03  8.1828E-05  1.9182E-13  3.4665E-13  5.8536E-06
 9.0210E+25  2.3692E-04  9.9976E-01  7.0179E+03  8.1828E-05  1.9128E-13  3.4665E-13  5.8298E-06
 9.0302E+25  2.3788E-04  9.9976E-01  7.0178E+03  8.1828E-05  1.9075E-13  3.4665E-13  5.8068E-06
 9.0395E+25  2.3904E-04  9.9976E-01  7.0178E+03  8.1828E-05  1.8950E-13  3.4666E-13  5.7846E-06
 9.0487E+25  2.3972E-04  9.9976E-01  7.0177E+03  8.1828E-05  1.8899E-13  3.4666E-13  5.7622E-06
 9.0580E+25  2.4040E-04  9.9976E-01  7.0177E+03  8.1828E-05  1.8847E-13  3.4666E-13  5.7400E-06
 9.0673E+25  2.4108E-04  9.9976E-01  7.0176E+03  8.1828E-05  1.8797E-13  3.4666E-13  5.7189E-06
 9.0765E+25  2.4181E-04  9.9976E-01  7.0176E+03  8.1828E-05  1.8744E-13  3.4666E-13  5.6984E-06
 9.0858E+25  2.4260E-04  9.9976E-01  7.0175E+03  8.1828E-05  1.8691E-13  3.4667E-13  5.6777E-06
 9.0950E+25  2.4375E-04  9.9976E-01  7.0175E+03  8.1828E-05  1.8616E-13  3.4667E-13  5.6568E-06
 9.1043E+25  2.4470E-04  9.9976E-01  7.0174E+03  8.1828E-05  1.8518E-13  3.4667E-13  5.6358E-06
 9.1135E+25  2.4537E-04  9.9975E-01  7.0174E+03  8.1828E-05  1.8468E-13  3.4667E-13  5.6149E-06
 9.1228E+25  2.4606E-04  9.9975E-01  7.0173E+03  8.1828E-05  1.8419E-13  3.4667E-13  5.5940E-06
 9.1321E+25  2.4675E-04  9.9975E-01  7.0173E+03  8.1828E-05  1.8371E-13  3.4668E-13  5.5731E-06
 9.1413E+25  2.4747E-04  9.9975E-01  7.0172E+03  8.1828E-05  1.8323E-13  3.4668E-13  5.5523E-06
 9.1506E+25  2.4833E-04  9.9975E-01  7.0172E+03  8.1828E-05  1.8274E-13  3.4668E-13  5.5314E-06
 9.1598E+25  2.4961E-04  9.9975E-01  7.0171E+03  8.1828E-05  1.8175E-13  3.4668E-13  5.5105E-06
 9.1691E+25  2.5037E-04  9.9975E-01  7.0171E+03  8.1828E-05  1.8104E-13  3.4668E-13  5.4896E-06
 9.1783E+25  2.5106E-04  9.9975E-01  7.0170E+03  8.1828E-05  1.8056E-13  3.4669E-13  5.4685E-06
 9.1876E+25  2.5173E-04  9.9975E-01  7.0170E+03  8.1828E-05  1.8009E-13  3.4669E-13  5.4474E-06
 9.1969E+25  2.5244E-04  9.9975E-01  7.0169E+03  8.1828E-05  1.7963E-13  3.4669E-13  5.4263E-06
 9.2061E+25  2.5317E-04  9.9975E-01  7.0169E+03  8.1828E-05  1.7918E-13  3.4669E-13  5.4053E-06
 9.2154E+25  2.5414E-04  9.9975E-01  7.0168E+03  8.1828E-05  1.7873E-13  3.4669E-13  5.3842E-06
 9.2246E+25  2.5540E-04  9.9974E-01  7.0168E+03  8.1828E-05  1.7756E-13  3.4670E-13  5.3631E-06
 9.2339E+25  2.5607E-04  9.9974E-01  7.0167E+03  8.1828E-05  1.7704E-13  3.4670E-13  5.3420E-06
 9.2431E+25  2.5674E-04  9.9974E-01  7.0167E+03  8.1828E-05  1.7661E-13  3.4670E-13  5.3209E-06
 9.2524E+25  2.5743E-04  9.9974E-01  7.0166E+03  8.1828E-05  1.7616E-13  3.4670E-13  5.3005E-06
