 4.6285E+22  3.2783E-11  1.0000E+00  1.1638E+04  8.1828E-05  1.0464E-06  2.2819E-13  1.0000E+00
 1.3886E+23  2.2942E-10  1.0000E+00  1.1642E+04  8.1828E-05  1.4948E-07  2.2813E-13  1.0000E+00
 2.3143E+23  6.2225E-10  1.0000E+00  1.1654E+04  8.1828E-05  5.5072E-08  2.2792E-13  1.0000E+00
 3.2400E+23  1.2097E-09  1.0000E+00  1.1681E+04  8.1828E-05  2.8280E-08  2.2747E-13  1.0000E+00
 4.1657E+23  1.9884E-09  1.0000E+00  1.1730E+04  8.1828E-05  1.7154E-08  2.2667E-13  1.0000E+00
 5.0914E+23  2.9521E-09  1.0000E+00  1.1809E+04  8.1828E-05  1.1498E-08  2.2539E-13  1.0000E+00
 6.0171E+23  4.0887E-09  1.0000E+00  1.1931E+04  8.1828E-05  8.2405E-09  2.2344E-13  1.0000E+00
 6.9428E+23  5.3851E-09  1.0000E+00  1.2107E+04  8.1828E-05  6.1908E-09  2.2068E-13  1.0000E+00
 7.8685E+23  6.8070E-09  1.0000E+00  1.2365E+04  8.1828E-05  4.8234E-09  2.1677E-13  1.0000E+00
 8.7942E+23  8.3279E-09  1.0000E+00  1.2724E+04  8.1828E-05  3.8616E-09  2.1156E-13  1.0000E+00
 9.7199E+23  9.9266E-09  1.0000E+00  1.3159E+04  8.1828E-05  3.1616E-09  2.0558E-13  1.0000E+00
 1.0646E+24  1.1626E-08  1.0000E+00  1.3596E+04  8.1828E-05  2.6359E-09  1.9990E-13  1.0000E+00
 1.1571E+24  1.3503E-08  1.0000E+00  1.3914E+04  8.1828E-05  2.2315E-09  1.9598E-13  1.0000E+00
 1.2497E+24  1.5614E-08  1.0000E+00  1.4085E+04  8.1828E-05  1.9127E-09  1.9393E-13  1.0000E+00
 1.3423E+24  1.7916E-08  1.0000E+00  1.4180E+04  8.1828E-05  1.6587E-09  1.9282E-13  1.0000E+00
 1.4348E+24  2.0375E-08  1.0000E+00  1.4280E+04  8.1828E-05  1.4511E-09  1.9165E-13  9.9999E-01
 1.5274E+24  2.2957E-08  1.0000E+00  1.4381E+04  8.1828E-05  1.2813E-09  1.9050E-13  9.9999E-01
 1.6200E+24  2.5709E-08  1.0000E+00  1.4474E+04  8.1828E-05  1.1387E-09  1.8944E-13  9.9999E-01
 1.7126E+24  2.8600E-08  1.0000E+00  1.4565E+04  8.1828E-05  1.0189E-09  1.8842E-13  9.9999E-01
 1.8051E+24  3.1636E-08  1.0000E+00  1.4647E+04  8.1828E-05  9.1734E-10  1.8750E-13  9.9999E-01
 1.8977E+24  3.4824E-08  1.0000E+00  1.4726E+04  8.1828E-05  8.3005E-10  1.8663E-13  9.9999E-01
 1.9903E+24  3.8168E-08  1.0000E+00  1.4803E+04  8.1828E-05  7.5445E-10  1.8580E-13  9.9999E-01
 2.0828E+24  4.1650E-08  1.0000E+00  1.4878E+04  8.1828E-05  6.8883E-10  1.8499E-13  9.9999E-01
 2.1754E+24  4.5244E-08  1.0000E+00  1.4950E+04  8.1828E-05  6.3187E-10  1.8422E-13  9.9999E-01
 2.2680E+24  4.9025E-08  1.0000E+00  1.5020E+04  8.1828E-05  5.8113E-10  1.8347E-13  9.9999E-01
 2.3605E+24  5.2939E-08  1.0000E+00  1.5089E+04  8.1828E-05  5.3636E-10  1.8275E-13  9.9999E-01
 2.4531E+24  5.6983E-08  1.0000E+00  1.5152E+04  8.1828E-05  4.9677E-10  1.8209E-13  9.9999E-01
 2.5457E+24  6.1161E-08  1.0000E+00  1.5217E+04  8.1828E-05  4.6138E-10  1.8142E-13  9.9998E-01
 2.6383E+24  6.5512E-08  1.0000E+00  1.5281E+04  8.1828E-05  4.2942E-10  1.8077E-13  9.9998E-01
 2.7308E+24  6.9997E-08  1.0000E+00  1.5340E+04  8.1828E-05  4.0077E-10  1.8017E-13  9.9998E-01
 2.8234E+24  7.4565E-08  1.0000E+00  1.5400E+04  8.1828E-05  3.7513E-10  1.7955E-13  9.9998E-01
 2.9160E+24  7.9334E-08  1.0000E+00  1.5456E+04  8.1828E-05  3.5164E-10  1.7898E-13  9.9998E-01
 3.0085E+24  8.4280E-08  1.0000E+00  1.5512E+04  8.1828E-05  3.3013E-10  1.7843E-13  9.9998E-01
 3.1011E+24  8.9290E-08  1.0000E+00  1.5568E+04  8.1828E-05  3.1077E-10  1.7787E-13  9.9998E-01
 3.1937E+24  9.4415E-08  1.0000E+00  1.5621E+04  8.1828E-05  2.9317E-10  1.7735E-13  9.9998E-01
 3.2862E+24  9.9753E-08  1.0000E+00  1.5673E+04  8.1828E-05  2.7681E-10  1.7684E-13  9.9997E-01
 3.3788E+24  1.0518E-07  1.0000E+00  1.5724E+04  8.1828E-05  2.6190E-10  1.7634E-13  9.9997E-01
 3.4714E+24  1.1070E-07  1.0000E+00  1.5774E+04  8.1828E-05  2.4827E-10  1.7586E-13  9.9997E-01
 3.5640E+24  1.1645E-07  1.0000E+00  1.5822E+04  8.1828E-05  2.3548E-10  1.7539E-13  9.9997E-01
 3.6565E+24  1.2242E-07  1.0000E+00  1.5869E+04  8.1828E-05  2.2351E-10  1.7494E-13  9.9997E-01
 3.7491E+24  1.2830E-07  1.0000E+00  1.5916E+04  8.1828E-05  2.1280E-10  1.7449E-13  9.9997E-01
 3.8417E+24  1.3444E-07  1.0000E+00  1.5962E+04  8.1828E-05  2.0264E-10  1.7406E-13  9.9997E-01
 3.9342E+24  1.4075E-07  1.0000E+00  1.6005E+04  8.1828E-05  1.9316E-10  1.7364E-13  9.9996E-01
 4.0268E+24  1.4714E-07  1.0000E+00  1.6050E+04  8.1828E-05  1.8440E-10  1.7322E-13  9.9996E-01
 4.1194E+24  1.5359E-07  1.0000E+00  1.6092E+04  8.1828E-05  1.7632E-10  1.7283E-13  9.9996E-01
 4.2120E+24  1.6047E-07  1.0000E+00  1.6134E+04  8.1828E-05  1.6843E-10  1.7244E-13  9.9996E-01
 4.3045E+24  1.6713E-07  1.0000E+00  1.6175E+04  8.1828E-05  1.6142E-10  1.7206E-13  9.9996E-01
 4.3971E+24  1.7398E-07  1.0000E+00  1.6215E+04  8.1828E-05  1.5478E-10  1.7169E-13  9.9996E-01
 4.4897E+24  1.8114E-07  1.0000E+00  1.6255E+04  8.1828E-05  1.4839E-10  1.7132E-13  9.9995E-01
 4.5822E+24  1.8840E-07  1.0000E+00  1.6293E+04  8.1828E-05  1.4242E-10  1.7097E-13  9.9995E-01
 4.6748E+24  1.9576E-07  1.0000E+00  1.6332E+04  8.1828E-05  1.3683E-10  1.7061E-13  9.9995E-01
 4.7674E+24  2.0324E-07  1.0000E+00  1.6369E+04  8.1828E-05  1.3158E-10  1.7028E-13  9.9995E-01
 4.8599E+24  2.1082E-07  1.0000E+00  1.6406E+04  8.1828E-05  1.2663E-10  1.6994E-13  9.9995E-01
 4.9525E+24  2.1853E-07  1.0000E+00  1.6442E+04  8.1828E-05  1.2196E-10  1.6962E-13  9.9994E-01
 5.0451E+24  2.2639E-07  1.0000E+00  1.6477E+04  8.1828E-05  1.1755E-10  1.6931E-13  9.9994E-01
 5.1377E+24  2.3440E-07  1.0000E+00  1.6512E+04  8.1828E-05  1.1335E-10  1.6900E-13  9.9994E-01
 5.2302E+24  2.4258E-07  1.0000E+00  1.6546E+04  8.1828E-05  1.0936E-10  1.6869E-13  9.9994E-01
 5.3228E+24  2.5094E-07  1.0000E+00  1.6580E+04  8.1828E-05  1.0556E-10  1.6839E-13  9.9993E-01
 5.4154E+24  2.5951E-07  1.0000E+00  1.6613E+04  8.1828E-05  1.0192E-10  1.6810E-13  9.9993E-01
 5.5079E+24  2.6785E-07  1.0000E+00  1.6646E+04  8.1828E-05  9.8605E-11  1.6781E-13  9.9991E-01
 5.6005E+24  2.7623E-07  1.0000E+00  1.6677E+04  8.1828E-05  9.5478E-11  1.6753E-13  9.9988E-01
 5.6931E+24  2.8533E-07  1.0000E+00  1.6709E+04  8.1828E-05  9.2302E-11  1.6725E-13  9.9983E-01
 5.7856E+24  2.9472E-07  1.0000E+00  1.6739E+04  8.1828E-05  8.9242E-11  1.6699E-13  9.9971E-01
 5.8782E+24  3.0291E-07  1.0000E+00  1.6769E+04  8.1828E-05  8.6712E-11  1.6673E-13  9.9946E-01
 5.9708E+24  3.1255E-07  1.0000E+00  1.6797E+04  8.1828E-05  8.3931E-11  1.6649E-13  9.9896E-01
 6.0634E+24  3.2239E-07  1.0000E+00  1.6822E+04  8.1828E-05  8.1277E-11  1.6628E-13  9.9800E-01
 6.1559E+24  3.3099E-07  1.0000E+00  1.6843E+04  8.1828E-05  7.9083E-11  1.6611E-13  9.9616E-01
 6.2485E+24  3.4177E-07  1.0000E+00  1.6856E+04  8.1828E-05  7.6526E-11  1.6601E-13  9.9273E-01
 6.3411E+24  3.5078E-07  1.0000E+00  1.6857E+04  8.1828E-05  7.4518E-11  1.6599E-13  9.8653E-01
 6.4336E+24  3.6190E-07  1.0000E+00  1.6838E+04  8.1828E-05  7.2225E-11  1.6617E-13  9.7561E-01
 6.5262E+24  3.7204E-07  1.0000E+00  1.6786E+04  8.1828E-05  7.0317E-11  1.6665E-13  9.5702E-01
 6.6188E+24  3.8426E-07  1.0000E+00  1.6681E+04  8.1828E-05  6.8240E-11  1.6761E-13  9.2671E-01
 6.7113E+24  3.9615E-07  1.0000E+00  1.6498E+04  8.1828E-05  6.6494E-11  1.6929E-13  8.8003E-01
 6.8039E+24  4.1142E-07  1.0000E+00  1.6211E+04  8.1828E-05  6.4532E-11  1.7200E-13  8.1336E-01
 6.8965E+24  4.2662E-07  1.0000E+00  1.5803E+04  8.1828E-05  6.2992E-11  1.7597E-13  7.2682E-01
 6.9891E+24  4.4739E-07  1.0000E+00  1.5276E+04  8.1828E-05  6.1103E-11  1.8133E-13  6.2650E-01
 7.0816E+24  4.6768E-07  1.0000E+00  1.4661E+04  8.1828E-05  5.9752E-11  1.8797E-13  5.2320E-01
 7.1742E+24  4.9461E-07  1.0000E+00  1.4005E+04  8.1828E-05  5.7973E-11  1.9557E-13  4.2784E-01
 7.2668E+24  5.1973E-07  1.0000E+00  1.3355E+04  8.1828E-05  5.6733E-11  2.0370E-13  3.4705E-01
 7.3593E+24  5.5052E-07  1.0000E+00  1.2747E+04  8.1828E-05  5.5102E-11  2.1195E-13  2.8237E-01
 7.4519E+24  5.7832E-07  1.0000E+00  1.2196E+04  8.1828E-05  5.3923E-11  2.2002E-13  2.3205E-01
 7.5445E+24  6.1003E-07  1.0000E+00  1.1707E+04  8.1828E-05  5.2471E-11  2.2772E-13  1.9324E-01
 7.6371E+24  6.3947E-07  1.0000E+00  1.1277E+04  8.1828E-05  5.1284E-11  2.3498E-13  1.6312E-01
 7.7296E+24  6.7011E-07  1.0000E+00  1.0900E+04  8.1828E-05  5.0039E-11  2.4174E-13  1.3947E-01
 7.8222E+24  7.0100E-07  1.0000E+00  1.0569E+04  8.1828E-05  4.8818E-11  2.4803E-13  1.2061E-01
 7.9148E+24  7.2967E-07  1.0000E+00  1.0277E+04  8.1828E-05  4.7776E-11  2.5385E-13  1.0535E-01
 8.0073E+24  7.6189E-07  1.0000E+00  1.0020E+04  8.1828E-05  4.6536E-11  2.5924E-13  9.2817E-02
 8.0999E+24  7.8872E-07  1.0000E+00  9.7914E+03  8.1828E-05  4.5654E-11  2.6423E-13  8.2393E-02
 8.1925E+24  8.2074E-07  1.0000E+00  9.5876E+03  8.1828E-05  4.4494E-11  2.6885E-13  7.3624E-02
 8.2850E+24  8.4855E-07  1.0000E+00  9.4052E+03  8.1828E-05  4.3598E-11  2.7314E-13  6.6170E-02
 8.3776E+24  8.7925E-07  1.0000E+00  9.2412E+03  8.1828E-05  4.2575E-11  2.7712E-13  5.9776E-02
 8.4702E+24  9.0769E-07  1.0000E+00  9.0933E+03  8.1828E-05  4.1695E-11  2.8082E-13  5.4249E-02
 8.5628E+24  9.3776E-07  1.0000E+00  8.9593E+03  8.1828E-05  4.0762E-11  2.8426E-13  4.9435E-02
 8.6553E+24  9.6620E-07  1.0000E+00  8.8376E+03  8.1828E-05  3.9933E-11  2.8746E-13  4.5217E-02
 8.7479E+24  9.9668E-07  1.0000E+00  8.7266E+03  8.1828E-05  3.9042E-11  2.9045E-13  4.1498E-02
 8.8405E+24  1.0242E-06  1.0000E+00  8.6251E+03  8.1828E-05  3.8300E-11  2.9324E-13  3.8202E-02
 8.9330E+24  1.0564E-06  1.0000E+00  8.5321E+03  8.1828E-05  3.7400E-11  2.9585E-13  3.5267E-02
 9.0256E+24  1.0817E-06  1.0000E+00  8.4466E+03  8.1828E-05  3.6782E-11  2.9830E-13  3.2643E-02
 9.1182E+24  1.1144E-06  1.0000E+00  8.3679E+03  8.1828E-05  3.5930E-11  3.0059E-13  3.0286E-02
 9.2107E+24  1.1421E-06  1.0000E+00  8.2952E+03  8.1828E-05  3.5262E-11  3.0273E-13  2.8164E-02
 9.3033E+24  1.1714E-06  1.0000E+00  8.2278E+03  8.1828E-05  3.4576E-11  3.0475E-13  2.6242E-02
 9.3959E+24  1.2039E-06  1.0000E+00  8.1655E+03  8.1828E-05  3.3817E-11  3.0664E-13  2.4501E-02
 9.4885E+24  1.2299E-06  1.0000E+00  8.1075E+03  8.1828E-05  3.3260E-11  3.0843E-13  2.2915E-02
 9.5810E+24  1.2607E-06  1.0000E+00  8.0536E+03  8.1828E-05  3.2598E-11  3.1011E-13  2.1470E-02
 9.6736E+24  1.2931E-06  1.0000E+00  8.0033E+03  8.1828E-05  3.1918E-11  3.1169E-13  2.0147E-02
 9.7662E+24  1.3210E-06  1.0000E+00  7.9564E+03  8.1828E-05  3.1365E-11  3.1318E-13  1.8934E-02
 9.8587E+24  1.3501E-06  1.0000E+00  7.9126E+03  8.1828E-05  3.0810E-11  3.1459E-13  1.7821E-02
 9.9513E+24  1.3824E-06  1.0000E+00  7.8714E+03  8.1828E-05  3.0197E-11  3.1593E-13  1.6793E-02
 1.0044E+25  1.4145E-06  1.0000E+00  7.8330E+03  8.1828E-05  2.9610E-11  3.1718E-13  1.5847E-02
 1.0136E+25  1.4427E-06  1.0000E+00  7.7968E+03  8.1828E-05  2.9117E-11  3.1838E-13  1.4971E-02
 1.0229E+25  1.4722E-06  1.0000E+00  7.7628E+03  8.1828E-05  2.8623E-11  3.1951E-13  1.4161E-02
 1.0322E+25  1.5045E-06  1.0000E+00  7.7308E+03  8.1828E-05  2.8088E-11  3.2058E-13  1.3409E-02
 1.0414E+25  1.5368E-06  1.0000E+00  7.7007E+03  8.1828E-05  2.7572E-11  3.2160E-13  1.2710E-02
 1.0507E+25  1.5690E-06  1.0000E+00  7.6723E+03  8.1828E-05  2.7073E-11  3.2256E-13  1.2060E-02
 1.0599E+25  1.6011E-06  1.0000E+00  7.6455E+03  8.1828E-05  2.6589E-11  3.2348E-13  1.1454E-02
 1.0692E+25  1.6288E-06  1.0000E+00  7.6201E+03  8.1828E-05  2.6201E-11  3.2435E-13  1.0888E-02
 1.0784E+25  1.6612E-06  1.0000E+00  7.5962E+03  8.1828E-05  2.5745E-11  3.2518E-13  1.0360E-02
 1.0877E+25  1.6939E-06  1.0000E+00  7.5734E+03  8.1828E-05  2.5300E-11  3.2597E-13  9.8650E-03
 1.0970E+25  1.7267E-06  1.0000E+00  7.5519E+03  8.1828E-05  2.4868E-11  3.2672E-13  9.4017E-03
 1.1062E+25  1.7594E-06  1.0000E+00  7.5316E+03  8.1828E-05  2.4450E-11  3.2743E-13  8.9674E-03
 1.1155E+25  1.7924E-06  1.0000E+00  7.5122E+03  8.1828E-05  2.4043E-11  3.2812E-13  8.5591E-03
 1.1247E+25  1.8254E-06  1.0000E+00  7.4938E+03  8.1828E-05  2.3648E-11  3.2877E-13  8.1755E-03
 1.1340E+25  1.8586E-06  1.0000E+00  7.4763E+03  8.1828E-05  2.3263E-11  3.2939E-13  7.8148E-03
 1.1432E+25  1.8918E-06  1.0000E+00  7.4597E+03  8.1828E-05  2.2888E-11  3.2998E-13  7.4747E-03
 1.1525E+25  1.9253E-06  1.0000E+00  7.4438E+03  8.1828E-05  2.2523E-11  3.3055E-13  7.1545E-03
 1.1618E+25  1.9589E-06  1.0000E+00  7.4288E+03  8.1828E-05  2.2168E-11  3.3109E-13  6.8521E-03
 1.1710E+25  1.9927E-06  1.0000E+00  7.4144E+03  8.1828E-05  2.1820E-11  3.3161E-13  6.5662E-03
 1.1803E+25  2.0267E-06  1.0000E+00  7.4007E+03  8.1828E-05  2.1481E-11  3.3211E-13  6.2963E-03
 1.1895E+25  2.0609E-06  1.0000E+00  7.3876E+03  8.1828E-05  2.1150E-11  3.3259E-13  6.0410E-03
 1.1988E+25  2.0954E-06  1.0000E+00  7.3751E+03  8.1828E-05  2.0826E-11  3.3304E-13  5.7989E-03
 1.2080E+25  2.1301E-06  1.0000E+00  7.3631E+03  8.1828E-05  2.0509E-11  3.3348E-13  5.5698E-03
 1.2173E+25  2.1651E-06  1.0000E+00  7.3517E+03  8.1828E-05  2.0199E-11  3.3390E-13  5.3527E-03
 1.2266E+25  2.2005E-06  1.0000E+00  7.3407E+03  8.1828E-05  1.9895E-11  3.3430E-13  5.1462E-03
 1.2358E+25  2.2361E-06  1.0000E+00  7.3303E+03  8.1828E-05  1.9597E-11  3.3468E-13  4.9504E-03
 1.2451E+25  2.2722E-06  1.0000E+00  7.3203E+03  8.1828E-05  1.9304E-11  3.3505E-13  4.7645E-03
 1.2543E+25  2.3086E-06  1.0000E+00  7.3107E+03  8.1828E-05  1.9016E-11  3.3541E-13  4.5872E-03
 1.2636E+25  2.3454E-06  1.0000E+00  7.3015E+03  8.1828E-05  1.8734E-11  3.3575E-13  4.4188E-03
 1.2728E+25  2.3827E-06  1.0000E+00  7.2926E+03  8.1828E-05  1.8456E-11  3.3608E-13  4.2587E-03
 1.2821E+25  2.4205E-06  1.0000E+00  7.2841E+03  8.1828E-05  1.8182E-11  3.3640E-13  4.1056E-03
 1.2914E+25  2.4538E-06  1.0000E+00  7.2760E+03  8.1828E-05  1.7956E-11  3.3670E-13  3.9601E-03
 1.3006E+25  2.4880E-06  1.0000E+00  7.2682E+03  8.1828E-05  1.7715E-11  3.3699E-13  3.8213E-03
 1.3099E+25  2.5263E-06  1.0000E+00  7.2607E+03  8.1828E-05  1.7459E-11  3.3727E-13  3.6886E-03
 1.3191E+25  2.5651E-06  1.0000E+00  7.2535E+03  8.1828E-05  1.7206E-11  3.3754E-13  3.5620E-03
 1.3284E+25  2.6046E-06  1.0000E+00  7.2465E+03  8.1828E-05  1.6956E-11  3.3781E-13  3.4410E-03
 1.3376E+25  2.6447E-06  1.0000E+00  7.2399E+03  8.1828E-05  1.6710E-11  3.3806E-13  3.3257E-03
 1.3469E+25  2.6855E-06  1.0000E+00  7.2334E+03  8.1828E-05  1.6466E-11  3.3830E-13  3.2148E-03
 1.3562E+25  2.7167E-06  1.0000E+00  7.2272E+03  8.1828E-05  1.6294E-11  3.3853E-13  3.1092E-03
 1.3654E+25  2.7533E-06  1.0000E+00  7.2213E+03  8.1828E-05  1.6079E-11  3.3876E-13  3.0078E-03
 1.3747E+25  2.7950E-06  1.0000E+00  7.2155E+03  8.1828E-05  1.5848E-11  3.3898E-13  2.9110E-03
 1.3839E+25  2.8375E-06  1.0000E+00  7.2100E+03  8.1828E-05  1.5618E-11  3.3919E-13  2.8178E-03
 1.3932E+25  2.8808E-06  1.0000E+00  7.2047E+03  8.1828E-05  1.5391E-11  3.3939E-13  2.7288E-03
 1.4024E+25  2.9165E-06  1.0000E+00  7.1995E+03  8.1828E-05  1.5217E-11  3.3958E-13  2.6433E-03
 1.4117E+25  2.9491E-06  1.0000E+00  7.1946E+03  8.1828E-05  1.5049E-11  3.3977E-13  2.5615E-03
 1.4210E+25  2.9936E-06  1.0000E+00  7.1897E+03  8.1828E-05  1.4833E-11  3.3996E-13  2.4825E-03
 1.4302E+25  3.0390E-06  1.0000E+00  7.1851E+03  8.1828E-05  1.4617E-11  3.4013E-13  2.4073E-03
 1.4395E+25  3.0855E-06  1.0000E+00  7.1806E+03  8.1828E-05  1.4403E-11  3.4030E-13  2.3345E-03
 1.4487E+25  3.1100E-06  1.0000E+00  7.1763E+03  8.1828E-05  1.4303E-11  3.4047E-13  2.2650E-03
 1.4580E+25  3.1548E-06  1.0000E+00  7.1721E+03  8.1828E-05  1.4098E-11  3.4063E-13  2.1975E-03
 1.4672E+25  3.2027E-06  1.0000E+00  7.1681E+03  8.1828E-05  1.3892E-11  3.4078E-13  2.1334E-03
 1.4765E+25  3.2518E-06  1.0000E+00  7.1642E+03  8.1828E-05  1.3687E-11  3.4093E-13  2.0712E-03
 1.4858E+25  3.2760E-06  1.0000E+00  7.1604E+03  8.1828E-05  1.3598E-11  3.4108E-13  2.0116E-03
 1.4950E+25  3.3220E-06  1.0000E+00  7.1568E+03  8.1828E-05  1.3408E-11  3.4122E-13  1.9539E-03
 1.5043E+25  3.3730E-06  1.0000E+00  7.1532E+03  8.1828E-05  1.3209E-11  3.4136E-13  1.8986E-03
 1.5135E+25  3.4193E-06  1.0000E+00  7.1498E+03  8.1828E-05  1.3041E-11  3.4149E-13  1.8454E-03
 1.5228E+25  3.4438E-06  1.0000E+00  7.1465E+03  8.1828E-05  1.2946E-11  3.4162E-13  1.7938E-03
 1.5320E+25  3.4967E-06  1.0000E+00  7.1433E+03  8.1828E-05  1.2754E-11  3.4174E-13  1.7444E-03
 1.5413E+25  3.5511E-06  1.0000E+00  7.1402E+03  8.1828E-05  1.2562E-11  3.4186E-13  1.6965E-03
 1.5506E+25  3.5792E-06  1.0000E+00  7.1372E+03  8.1828E-05  1.2474E-11  3.4198E-13  1.6505E-03
 1.5598E+25  3.6233E-06  1.0000E+00  7.1342E+03  8.1828E-05  1.2319E-11  3.4209E-13  1.6061E-03
 1.5691E+25  3.6800E-06  1.0000E+00  7.1314E+03  8.1828E-05  1.2132E-11  3.4220E-13  1.5629E-03
 1.5783E+25  3.7195E-06  1.0000E+00  7.1286E+03  8.1828E-05  1.2014E-11  3.4231E-13  1.5216E-03
 1.5876E+25  3.7530E-06  1.0000E+00  7.1260E+03  8.1828E-05  1.1903E-11  3.4241E-13  1.4815E-03
 1.5968E+25  3.8125E-06  1.0000E+00  7.1234E+03  8.1828E-05  1.1720E-11  3.4251E-13  1.4429E-03
 1.6061E+25  3.8584E-06  1.0000E+00  7.1209E+03  8.1828E-05  1.1590E-11  3.4261E-13  1.4055E-03
 1.6154E+25  3.8863E-06  1.0000E+00  7.1184E+03  8.1828E-05  1.1502E-11  3.4270E-13  1.3691E-03
 1.6246E+25  3.9490E-06  1.0000E+00  7.1161E+03  8.1828E-05  1.1323E-11  3.4279E-13  1.3345E-03
 1.6339E+25  3.9956E-06  1.0000E+00  7.1138E+03  8.1828E-05  1.1200E-11  3.4288E-13  1.3006E-03
 1.6431E+25  4.0240E-06  1.0000E+00  7.1115E+03  8.1828E-05  1.1116E-11  3.4297E-13  1.2678E-03
 1.6524E+25  4.0898E-06  1.0000E+00  7.1094E+03  8.1828E-05  1.0939E-11  3.4305E-13  1.2364E-03
 1.6616E+25  4.1309E-06  1.0000E+00  7.1072E+03  8.1828E-05  1.0840E-11  3.4314E-13  1.2056E-03
 1.6709E+25  4.1663E-06  1.0000E+00  7.1052E+03  8.1828E-05  1.0743E-11  3.4322E-13  1.1760E-03
 1.6802E+25  4.2356E-06  1.0000E+00  7.1032E+03  8.1828E-05  1.0569E-11  3.4329E-13  1.1474E-03
 1.6894E+25  4.2641E-06  1.0000E+00  7.1013E+03  8.1828E-05  1.0507E-11  3.4337E-13  1.1194E-03
 1.6987E+25  4.3140E-06  1.0000E+00  7.0994E+03  8.1828E-05  1.0381E-11  3.4344E-13  1.0925E-03
 1.7079E+25  4.3865E-06  1.0000E+00  7.0975E+03  8.1828E-05  1.0212E-11  3.4351E-13  1.0666E-03
 1.7172E+25  4.3955E-06  1.0000E+00  7.0958E+03  8.1828E-05  1.0197E-11  3.4358E-13  1.0411E-03
 1.7264E+25  4.4675E-06  1.0000E+00  7.0940E+03  8.1828E-05  1.0029E-11  3.4365E-13  1.0167E-03
 1.7357E+25  4.5190E-06  1.0000E+00  7.0923E+03  8.1828E-05  9.9229E-12  3.4372E-13  9.9294E-04
 1.7450E+25  4.5487E-06  1.0000E+00  7.0907E+03  8.1828E-05  9.8532E-12  3.4378E-13  9.6967E-04
 1.7542E+25  4.6275E-06  1.0000E+00  7.0891E+03  8.1828E-05  9.6868E-12  3.4384E-13  9.4742E-04
 1.7635E+25  4.6468E-06  1.0000E+00  7.0875E+03  8.1828E-05  9.6545E-12  3.4391E-13  9.2581E-04
 1.7727E+25  4.7110E-06  1.0000E+00  7.0860E+03  8.1828E-05  9.5179E-12  3.4397E-13  9.0457E-04
 1.7820E+25  4.7705E-06  1.0000E+00  7.0845E+03  8.1828E-05  9.4068E-12  3.4402E-13  8.8413E-04
 1.7912E+25  4.7957E-06  1.0000E+00  7.0831E+03  8.1828E-05  9.3525E-12  3.4408E-13  8.6436E-04
 1.8005E+25  4.8810E-06  1.0000E+00  7.0817E+03  8.1828E-05  9.1901E-12  3.4413E-13  8.4496E-04
 1.8097E+25  4.8944E-06  1.0000E+00  7.0803E+03  8.1828E-05  9.1723E-12  3.4419E-13  8.2625E-04
 1.8190E+25  4.9683E-06  1.0000E+00  7.0790E+03  8.1828E-05  9.0310E-12  3.4424E-13  8.0816E-04
 1.8283E+25  5.0175E-06  9.9999E-01  7.0777E+03  8.1828E-05  8.9496E-12  3.4429E-13  7.9034E-04
 1.8375E+25  5.0569E-06  9.9999E-01  7.0764E+03  8.1828E-05  8.8749E-12  3.4434E-13  7.7307E-04
 1.8468E+25  5.1404E-06  9.9999E-01  7.0752E+03  8.1828E-05  8.7374E-12  3.4439E-13  7.5656E-04
 1.8560E+25  5.1467E-06  9.9999E-01  7.0739E+03  8.1828E-05  8.7225E-12  3.4444E-13  7.4027E-04
 1.8653E+25  5.2417E-06  9.9999E-01  7.0728E+03  8.1828E-05  8.5650E-12  3.4448E-13  7.2436E-04
 1.8745E+25  5.2593E-06  9.9999E-01  7.0716E+03  8.1828E-05  8.5432E-12  3.4453E-13  7.0906E-04
 1.8838E+25  5.3349E-06  9.9999E-01  7.0705E+03  8.1828E-05  8.4172E-12  3.4457E-13  6.9414E-04
 1.8931E+25  5.3814E-06  9.9999E-01  7.0694E+03  8.1828E-05  8.3512E-12  3.4462E-13  6.7953E-04
 1.9023E+25  5.4295E-06  9.9999E-01  7.0683E+03  8.1828E-05  8.2721E-12  3.4466E-13  6.6536E-04
 1.9116E+25  5.5033E-06  9.9999E-01  7.0673E+03  8.1828E-05  8.1678E-12  3.4470E-13  6.5173E-04
 1.9208E+25  5.5255E-06  9.9999E-01  7.0663E+03  8.1828E-05  8.1299E-12  3.4474E-13  6.3824E-04
 1.9301E+25  5.6249E-06  9.9999E-01  7.0653E+03  8.1828E-05  7.9921E-12  3.4478E-13  6.2507E-04
 1.9393E+25  5.6234E-06  9.9999E-01  7.0643E+03  8.1828E-05  7.9907E-12  3.4482E-13  6.1246E-04
 1.9486E+25  5.7330E-06  9.9999E-01  7.0633E+03  8.1828E-05  7.8379E-12  3.4485E-13  6.0015E-04
 1.9579E+25  5.7362E-06  9.9999E-01  7.0624E+03  8.1828E-05  7.8399E-12  3.4489E-13  5.8801E-04
 1.9671E+25  5.8353E-06  9.9999E-01  7.0615E+03  8.1828E-05  7.7018E-12  3.4493E-13  5.7620E-04
 1.9764E+25  5.8564E-06  9.9999E-01  7.0606E+03  8.1828E-05  7.6802E-12  3.4496E-13  5.6486E-04
 1.9856E+25  5.9394E-06  9.9999E-01  7.0598E+03  8.1828E-05  7.5680E-12  3.4500E-13  5.5370E-04
 1.9949E+25  5.9764E-06  9.9999E-01  7.0589E+03  8.1828E-05  7.5272E-12  3.4503E-13  5.4273E-04
 2.0041E+25  6.0455E-06  9.9999E-01  7.0581E+03  8.1828E-05  7.4364E-12  3.4506E-13  5.3216E-04
 2.0134E+25  6.0962E-06  9.9999E-01  7.0573E+03  8.1828E-05  7.3806E-12  3.4509E-13  5.2193E-04
 2.0227E+25  6.1536E-06  9.9999E-01  7.0565E+03  8.1828E-05  7.3069E-12  3.4512E-13  5.1182E-04
 2.0319E+25  6.2157E-06  9.9999E-01  7.0557E+03  8.1828E-05  7.2398E-12  3.4516E-13  5.0188E-04
 2.0412E+25  6.2638E-06  9.9999E-01  7.0549E+03  8.1828E-05  7.1793E-12  3.4519E-13  4.9232E-04
 2.0504E+25  6.3348E-06  9.9999E-01  7.0542E+03  8.1828E-05  7.1047E-12  3.4521E-13  4.8307E-04
 2.0597E+25  6.3763E-06  9.9999E-01  7.0535E+03  8.1828E-05  7.0535E-12  3.4524E-13  4.7393E-04
 2.0689E+25  6.4536E-06  9.9999E-01  7.0528E+03  8.1828E-05  6.9749E-12  3.4527E-13  4.6493E-04
 2.0782E+25  6.4912E-06  9.9999E-01  7.0521E+03  8.1828E-05  6.9295E-12  3.4530E-13  4.5627E-04
 2.0875E+25  6.5719E-06  9.9999E-01  7.0514E+03  8.1828E-05  6.8503E-12  3.4532E-13  4.4787E-04
 2.0967E+25  6.6088E-06  9.9999E-01  7.0507E+03  8.1828E-05  6.8071E-12  3.4535E-13  4.3956E-04
 2.1060E+25  6.6897E-06  9.9999E-01  7.0501E+03  8.1828E-05  6.7305E-12  3.4538E-13  4.3141E-04
 2.1152E+25  6.7290E-06  9.9999E-01  7.0494E+03  8.1828E-05  6.6863E-12  3.4540E-13  4.2354E-04
 2.1245E+25  6.8069E-06  9.9999E-01  7.0488E+03  8.1828E-05  6.6154E-12  3.4543E-13  4.1593E-04
 2.1337E+25  6.8522E-06  9.9999E-01  7.0482E+03  8.1828E-05  6.5669E-12  3.4545E-13  4.0837E-04
 2.1430E+25  6.9235E-06  9.9999E-01  7.0476E+03  8.1828E-05  6.5048E-12  3.4547E-13  4.0093E-04
 2.1523E+25  6.9783E-06  9.9999E-01  7.0470E+03  8.1828E-05  6.4489E-12  3.4550E-13  3.9374E-04
 2.1615E+25  7.0395E-06  9.9999E-01  7.0465E+03  8.1828E-05  6.3983E-12  3.4552E-13  3.8684E-04
 2.1708E+25  7.1076E-06  9.9999E-01  7.0459E+03  8.1828E-05  6.3322E-12  3.4554E-13  3.7998E-04
 2.1800E+25  7.1548E-06  9.9999E-01  7.0453E+03  8.1828E-05  6.2958E-12  3.4556E-13  3.7320E-04
 2.1893E+25  7.2403E-06  9.9999E-01  7.0448E+03  8.1828E-05  6.2168E-12  3.4559E-13  3.6661E-04
 2.1985E+25  7.2694E-06  9.9999E-01  7.0443E+03  8.1828E-05  6.1972E-12  3.4561E-13  3.6029E-04
 2.2078E+25  7.3765E-06  9.9999E-01  7.0437E+03  8.1828E-05  6.1026E-12  3.4563E-13  3.5404E-04
 2.2171E+25  7.3834E-06  9.9999E-01  7.0432E+03  8.1828E-05  6.1021E-12  3.4565E-13  3.4790E-04
 2.2263E+25  7.5162E-06  9.9999E-01  7.0427E+03  8.1828E-05  5.9898E-12  3.4567E-13  3.4186E-04
 2.2356E+25  7.4965E-06  9.9999E-01  7.0422E+03  8.1828E-05  6.0106E-12  3.4569E-13  3.3603E-04
 2.2448E+25  7.6466E-06  9.9999E-01  7.0418E+03  8.1828E-05  5.8926E-12  3.4571E-13  3.3037E-04
 2.2541E+25  7.6220E-06  9.9999E-01  7.0413E+03  8.1828E-05  5.9077E-12  3.4572E-13  3.2476E-04
 2.2633E+25  7.7599E-06  9.9999E-01  7.0408E+03  8.1828E-05  5.8075E-12  3.4574E-13  3.1920E-04
 2.2726E+25  7.7678E-06  9.9999E-01  7.0404E+03  8.1828E-05  5.7969E-12  3.4576E-13  3.1384E-04
 2.2819E+25  7.8719E-06  9.9999E-01  7.0399E+03  8.1828E-05  5.7253E-12  3.4578E-13  3.0867E-04
 2.2911E+25  7.9181E-06  9.9999E-01  7.0395E+03  8.1828E-05  5.6873E-12  3.4579E-13  3.0356E-04
 2.3004E+25  7.9830E-06  9.9999E-01  7.0391E+03  8.1828E-05  5.6461E-12  3.4581E-13  2.9851E-04
 2.3096E+25  8.0727E-06  9.9999E-01  7.0387E+03  8.1828E-05  5.5789E-12  3.4583E-13  2.9352E-04
 2.3189E+25  8.0933E-06  9.9999E-01  7.0382E+03  8.1828E-05  5.5695E-12  3.4584E-13  2.8871E-04
 2.3281E+25  8.2319E-06  9.9999E-01  7.0378E+03  8.1828E-05  5.4714E-12  3.4586E-13  2.8408E-04
 2.3374E+25  8.2028E-06  9.9999E-01  7.0375E+03  8.1828E-05  5.4956E-12  3.4588E-13  2.7947E-04
 2.3467E+25  8.3597E-06  9.9999E-01  7.0371E+03  8.1828E-05  5.3927E-12  3.4589E-13  2.7492E-04
 2.3559E+25  8.3472E-06  9.9999E-01  7.0367E+03  8.1828E-05  5.3963E-12  3.4591E-13  2.7044E-04
 2.3652E+25  8.4683E-06  9.9999E-01  7.0363E+03  8.1828E-05  5.3240E-12  3.4592E-13  2.6613E-04
 2.3744E+25  8.5149E-06  9.9999E-01  7.0359E+03  8.1828E-05  5.2904E-12  3.4594E-13  2.6195E-04
 2.3837E+25  8.5760E-06  9.9999E-01  7.0356E+03  8.1828E-05  5.2575E-12  3.4595E-13  2.5779E-04
 2.3929E+25  8.6873E-06  9.9999E-01  7.0352E+03  8.1828E-05  5.1857E-12  3.4596E-13  2.5366E-04
 2.4022E+25  8.6829E-06  9.9999E-01  7.0349E+03  8.1828E-05  5.1930E-12  3.4598E-13  2.4964E-04
 2.4115E+25  8.8443E-06  9.9999E-01  7.0345E+03  8.1828E-05  5.0984E-12  3.4599E-13  2.4577E-04
 2.4207E+25  8.8096E-06  9.9999E-01  7.0342E+03  8.1828E-05  5.1144E-12  3.4600E-13  2.4198E-04
 2.4300E+25  8.9501E-06  9.9999E-01  7.0339E+03  8.1828E-05  5.0385E-12  3.4602E-13  2.3823E-04
 2.4392E+25  8.9920E-06  9.9999E-01  7.0335E+03  8.1828E-05  5.0108E-12  3.4603E-13  2.3450E-04
 2.4485E+25  9.0548E-06  9.9999E-01  7.0332E+03  8.1828E-05  4.9806E-12  3.4604E-13  2.3085E-04
 2.4577E+25  9.1797E-06  9.9999E-01  7.0329E+03  8.1828E-05  4.9086E-12  3.4606E-13  2.2734E-04
 2.4670E+25  9.1588E-06  9.9999E-01  7.0326E+03  8.1828E-05  4.9243E-12  3.4607E-13  2.2392E-04
 2.4763E+25  9.3243E-06  9.9999E-01  7.0323E+03  8.1828E-05  4.8371E-12  3.4608E-13  2.2054E-04
 2.4855E+25  9.3109E-06  9.9999E-01  7.0320E+03  8.1828E-05  4.8398E-12  3.4609E-13  2.1717E-04
 2.4948E+25  9.4267E-06  9.9999E-01  7.0317E+03  8.1828E-05  4.7848E-12  3.4610E-13  2.1385E-04
 2.5040E+25  9.5099E-06  9.9999E-01  7.0314E+03  8.1828E-05  4.7388E-12  3.4611E-13  2.1065E-04
 2.5133E+25  9.5283E-06  9.9999E-01  7.0312E+03  8.1828E-05  4.7340E-12  3.4613E-13  2.0756E-04
 2.5225E+25  9.6971E-06  9.9999E-01  7.0309E+03  8.1828E-05  4.6515E-12  3.4614E-13  2.0449E-04
 2.5318E+25  9.6470E-06  9.9999E-01  7.0306E+03  8.1828E-05  4.6720E-12  3.4615E-13  2.0144E-04
 2.5411E+25  9.7976E-06  9.9999E-01  7.0303E+03  8.1828E-05  4.6043E-12  3.4616E-13  1.9844E-04
 2.5503E+25  9.8579E-06  9.9999E-01  7.0301E+03  8.1828E-05  4.5721E-12  3.4617E-13  1.9551E-04
 2.5596E+25  9.8967E-06  9.9999E-01  7.0298E+03  8.1828E-05  4.5584E-12  3.4618E-13  1.9269E-04
 2.5688E+25  1.0067E-05  9.9999E-01  7.0296E+03  8.1828E-05  4.4803E-12  3.4619E-13  1.8992E-04
 2.5781E+25  1.0003E-05  9.9999E-01  7.0293E+03  8.1828E-05  4.5069E-12  3.4620E-13  1.8716E-04
 2.5873E+25  1.0167E-05  9.9999E-01  7.0291E+03  8.1828E-05  4.4376E-12  3.4621E-13  1.8442E-04
 2.5966E+25  1.0226E-05  9.9999E-01  7.0288E+03  8.1828E-05  4.4081E-12  3.4622E-13  1.8174E-04
 2.6059E+25  1.0263E-05  9.9999E-01  7.0286E+03  8.1828E-05  4.3960E-12  3.4623E-13  1.7916E-04
 2.6151E+25  1.0438E-05  9.9999E-01  7.0284E+03  8.1828E-05  4.3221E-12  3.4624E-13  1.7664E-04
 2.6244E+25  1.0378E-05  9.9999E-01  7.0281E+03  8.1828E-05  4.3441E-12  3.4625E-13  1.7415E-04
 2.6336E+25  1.0534E-05  9.9999E-01  7.0279E+03  8.1828E-05  4.2834E-12  3.4625E-13  1.7166E-04
 2.6429E+25  1.0615E-05  9.9999E-01  7.0277E+03  8.1828E-05  4.2468E-12  3.4626E-13  1.6921E-04
 2.6521E+25  1.0628E-05  9.9999E-01  7.0275E+03  8.1828E-05  4.2455E-12  3.4627E-13  1.6682E-04
 2.6614E+25  1.0806E-05  9.9999E-01  7.0272E+03  8.1828E-05  4.1758E-12  3.4628E-13  1.6450E-04
 2.6707E+25  1.0776E-05  9.9999E-01  7.0270E+03  8.1828E-05  4.1835E-12  3.4629E-13  1.6227E-04
 2.6799E+25  1.0898E-05  9.9999E-01  7.0268E+03  8.1828E-05  4.1406E-12  3.4630E-13  1.6001E-04
 2.6892E+25  1.1029E-05  9.9999E-01  7.0266E+03  8.1828E-05  4.0879E-12  3.4631E-13  1.5779E-04
 2.6984E+25  1.0990E-05  9.9999E-01  7.0264E+03  8.1828E-05  4.1061E-12  3.4631E-13  1.5558E-04
 2.7077E+25  1.1170E-05  9.9999E-01  7.0262E+03  8.1828E-05  4.0401E-12  3.4632E-13  1.5344E-04
 2.7169E+25  1.1201E-05  9.9999E-01  7.0260E+03  8.1828E-05  4.0253E-12  3.4633E-13  1.5137E-04
 2.7262E+25  1.1260E-05  9.9999E-01  7.0258E+03  8.1828E-05  4.0080E-12  3.4634E-13  1.4934E-04
 2.7355E+25  1.1443E-05  9.9999E-01  7.0256E+03  8.1828E-05  3.9438E-12  3.4634E-13  1.4732E-04
 2.7447E+25  1.1376E-05  9.9999E-01  7.0255E+03  8.1828E-05  3.9636E-12  3.4635E-13  1.4532E-04
 2.7540E+25  1.1531E-05  9.9999E-01  7.0253E+03  8.1828E-05  3.9139E-12  3.4636E-13  1.4333E-04
 2.7632E+25  1.1653E-05  9.9999E-01  7.0251E+03  8.1828E-05  3.8695E-12  3.4637E-13  1.4141E-04
 2.7725E+25  1.1619E-05  9.9999E-01  7.0249E+03  8.1828E-05  3.8846E-12  3.4637E-13  1.3954E-04
 2.7817E+25  1.1803E-05  9.9999E-01  7.0247E+03  8.1828E-05  3.8239E-12  3.4638E-13  1.3771E-04
 2.7910E+25  1.1841E-05  9.9999E-01  7.0246E+03  8.1828E-05  3.8082E-12  3.4639E-13  1.3590E-04
 2.8003E+25  1.1888E-05  9.9999E-01  7.0244E+03  8.1828E-05  3.7966E-12  3.4639E-13  1.3408E-04
 2.8095E+25  1.2076E-05  9.9999E-01  7.0242E+03  8.1828E-05  3.7377E-12  3.4640E-13  1.3229E-04
 2.8188E+25  1.2033E-05  9.9999E-01  7.0241E+03  8.1828E-05  3.7475E-12  3.4641E-13  1.3055E-04
 2.8280E+25  1.2159E-05  9.9999E-01  7.0239E+03  8.1828E-05  3.7123E-12  3.4641E-13  1.2886E-04
 2.8373E+25  1.2337E-05  9.9999E-01  7.0237E+03  8.1828E-05  3.6553E-12  3.4642E-13  1.2722E-04
 2.8465E+25  1.2243E-05  9.9999E-01  7.0236E+03  8.1828E-05  3.6870E-12  3.4643E-13  1.2558E-04
 2.8558E+25  1.2431E-05  9.9999E-01  7.0234E+03  8.1828E-05  3.6312E-12  3.4643E-13  1.2395E-04
 2.8651E+25  1.2544E-05  9.9999E-01  7.0233E+03  8.1828E-05  3.5952E-12  3.4644E-13  1.2233E-04
 2.8743E+25  1.2512E-05  9.9999E-01  7.0231E+03  8.1828E-05  3.6077E-12  3.4645E-13  1.2074E-04
 2.8836E+25  1.2703E-05  9.9999E-01  7.0230E+03  8.1828E-05  3.5535E-12  3.4645E-13  1.1921E-04
 2.8928E+25  1.2756E-05  9.9999E-01  7.0228E+03  8.1828E-05  3.5354E-12  3.4646E-13  1.1772E-04
 2.9021E+25  1.2782E-05  9.9999E-01  7.0227E+03  8.1828E-05  3.5316E-12  3.4646E-13  1.1625E-04
 2.9113E+25  1.2976E-05  9.9999E-01  7.0225E+03  8.1828E-05  3.4790E-12  3.4647E-13  1.1478E-04
 2.9206E+25  1.2975E-05  9.9999E-01  7.0224E+03  8.1828E-05  3.4759E-12  3.4647E-13  1.1332E-04
 2.9299E+25  1.3053E-05  9.9999E-01  7.0223E+03  8.1828E-05  3.4586E-12  3.4648E-13  1.1187E-04
 2.9391E+25  1.3249E-05  9.9999E-01  7.0221E+03  8.1828E-05  3.4075E-12  3.4648E-13  1.1047E-04
 2.9484E+25  1.3200E-05  9.9999E-01  7.0220E+03  8.1828E-05  3.4167E-12  3.4649E-13  1.0910E-04
 2.9576E+25  1.3323E-05  9.9999E-01  7.0219E+03  8.1828E-05  3.3885E-12  3.4650E-13  1.0778E-04
 2.9669E+25  1.3522E-05  9.9999E-01  7.0217E+03  8.1828E-05  3.3387E-12  3.4650E-13  1.0646E-04
 2.9761E+25  1.3433E-05  9.9999E-01  7.0216E+03  8.1828E-05  3.3578E-12  3.4651E-13  1.0514E-04
 2.9854E+25  1.3594E-05  9.9999E-01  7.0215E+03  8.1828E-05  3.3211E-12  3.4651E-13  1.0383E-04
 2.9947E+25  1.3791E-05  9.9999E-01  7.0213E+03  8.1828E-05  3.2727E-12  3.4652E-13  1.0254E-04
 3.0039E+25  1.3676E-05  9.9999E-01  7.0212E+03  8.1828E-05  3.2991E-12  3.4652E-13  1.0129E-04
 3.0132E+25  1.3866E-05  9.9999E-01  7.0211E+03  8.1828E-05  3.2563E-12  3.4653E-13  1.0008E-04
 3.0224E+25  1.4050E-05  9.9999E-01  7.0210E+03  8.1828E-05  3.2103E-12  3.4653E-13  9.8890E-05
 3.0317E+25  1.3937E-05  9.9999E-01  7.0209E+03  8.1828E-05  3.2395E-12  3.4653E-13  9.7694E-05
 3.0409E+25  1.4137E-05  9.9999E-01  7.0207E+03  8.1828E-05  3.1939E-12  3.4654E-13  9.6514E-05
 3.0502E+25  1.4310E-05  9.9999E-01  7.0206E+03  8.1828E-05  3.1522E-12  3.4654E-13  9.5336E-05
 3.0594E+25  1.4206E-05  9.9999E-01  7.0205E+03  8.1828E-05  3.1783E-12  3.4655E-13  9.4185E-05
 3.0687E+25  1.4408E-05  9.9999E-01  7.0204E+03  8.1828E-05  3.1339E-12  3.4655E-13  9.3068E-05
 3.0780E+25  1.4577E-05  9.9999E-01  7.0203E+03  8.1828E-05  3.0944E-12  3.4656E-13  9.1980E-05
 3.0872E+25  1.4475E-05  9.9999E-01  7.0202E+03  8.1828E-05  3.1193E-12  3.4656E-13  9.0914E-05
 3.0965E+25  1.4679E-05  9.9999E-01  7.0201E+03  8.1828E-05  3.0762E-12  3.4657E-13  8.9846E-05
 3.1057E+25  1.4854E-05  9.9999E-01  7.0200E+03  8.1828E-05  3.0368E-12  3.4657E-13  8.8776E-05
 3.1150E+25  1.4744E-05  9.9999E-01  7.0199E+03  8.1828E-05  3.0625E-12  3.4657E-13  8.7720E-05
 3.1242E+25  1.4949E-05  9.9999E-01  7.0198E+03  8.1828E-05  3.0206E-12  3.4658E-13  8.6682E-05
 3.1335E+25  1.5141E-05  9.9998E-01  7.0197E+03  8.1828E-05  2.9794E-12  3.4658E-13  8.5677E-05
 3.1428E+25  1.5013E-05  9.9998E-01  7.0196E+03  8.1828E-05  3.0078E-12  3.4659E-13  8.4700E-05
 3.1520E+25  1.5219E-05  9.9998E-01  7.0195E+03  8.1828E-05  2.9670E-12  3.4659E-13  8.3744E-05
 3.1613E+25  1.5427E-05  9.9998E-01  7.0194E+03  8.1828E-05  2.9263E-12  3.4659E-13  8.2779E-05
 3.1705E+25  1.5292E-05  9.9998E-01  7.0193E+03  8.1828E-05  2.9510E-12  3.4660E-13  8.1825E-05
 3.1798E+25  1.5490E-05  9.9998E-01  7.0192E+03  8.1828E-05  2.9154E-12  3.4660E-13  8.0877E-05
 3.1890E+25  1.5702E-05  9.9998E-01  7.0191E+03  8.1828E-05  2.8758E-12  3.4661E-13  7.9932E-05
 3.1983E+25  1.5591E-05  9.9998E-01  7.0190E+03  8.1828E-05  2.8936E-12  3.4661E-13  7.9023E-05
 3.2076E+25  1.5759E-05  9.9998E-01  7.0189E+03  8.1828E-05  2.8655E-12  3.4661E-13  7.8133E-05
 3.2168E+25  1.5974E-05  9.9998E-01  7.0188E+03  8.1828E-05  2.8271E-12  3.4662E-13  7.7276E-05
 3.2261E+25  1.5904E-05  9.9998E-01  7.0187E+03  8.1828E-05  2.8365E-12  3.4662E-13  7.6415E-05
 3.2353E+25  1.6029E-05  9.9998E-01  7.0186E+03  8.1828E-05  2.8175E-12  3.4662E-13  7.5556E-05
 3.2446E+25  1.6245E-05  9.9998E-01  7.0185E+03  8.1828E-05  2.7800E-12  3.4663E-13  7.4697E-05
 3.2538E+25  1.6230E-05  9.9998E-01  7.0184E+03  8.1828E-05  2.7797E-12  3.4663E-13  7.3848E-05
 3.2631E+25  1.6297E-05  9.9998E-01  7.0184E+03  8.1828E-05  2.7711E-12  3.4663E-13  7.3023E-05
 3.2724E+25  1.6515E-05  9.9998E-01  7.0183E+03  8.1828E-05  2.7347E-12  3.4664E-13  7.2210E-05
 3.2816E+25  1.6567E-05  9.9998E-01  7.0182E+03  8.1828E-05  2.7232E-12  3.4664E-13  7.1429E-05
 3.2909E+25  1.6566E-05  9.9998E-01  7.0181E+03  8.1828E-05  2.7262E-12  3.4664E-13  7.0657E-05
 3.3001E+25  1.6783E-05  9.9998E-01  7.0180E+03  8.1828E-05  2.6910E-12  3.4665E-13  6.9886E-05
 3.3094E+25  1.6917E-05  9.9998E-01  7.0179E+03  8.1828E-05  2.6669E-12  3.4665E-13  6.9116E-05
 3.3186E+25  1.6834E-05  9.9998E-01  7.0179E+03  8.1828E-05  2.6829E-12  3.4665E-13  6.8352E-05
 3.3279E+25  1.7052E-05  9.9998E-01  7.0178E+03  8.1828E-05  2.6486E-12  3.4666E-13  6.7590E-05
 3.3372E+25  1.7270E-05  9.9998E-01  7.0177E+03  8.1828E-05  2.6143E-12  3.4666E-13  6.6856E-05
 3.3464E+25  1.7110E-05  9.9998E-01  7.0176E+03  8.1828E-05  2.6378E-12  3.4666E-13  6.6138E-05
 3.3557E+25  1.7320E-05  9.9998E-01  7.0176E+03  8.1828E-05  2.6076E-12  3.4667E-13  6.5440E-05
 3.3649E+25  1.7545E-05  9.9998E-01  7.0175E+03  8.1828E-05  2.5742E-12  3.4667E-13  6.4750E-05
 3.3742E+25  1.7477E-05  9.9998E-01  7.0174E+03  8.1828E-05  2.5816E-12  3.4667E-13  6.4053E-05
 3.3834E+25  1.7588E-05  9.9998E-01  7.0173E+03  8.1828E-05  2.5679E-12  3.4667E-13  6.3364E-05
 3.3927E+25  1.7813E-05  9.9998E-01  7.0173E+03  8.1828E-05  2.5356E-12  3.4668E-13  6.2678E-05
 3.4020E+25  1.7864E-05  9.9998E-01  7.0172E+03  8.1828E-05  2.5257E-12  3.4668E-13  6.2002E-05
 3.4112E+25  1.7856E-05  9.9998E-01  7.0171E+03  8.1828E-05  2.5295E-12  3.4668E-13  6.1345E-05
 3.4205E+25  1.8081E-05  9.9998E-01  7.0171E+03  8.1828E-05  2.4981E-12  3.4669E-13  6.0696E-05
 3.4297E+25  1.8266E-05  9.9998E-01  7.0170E+03  8.1828E-05  2.4702E-12  3.4669E-13  6.0077E-05
 3.4390E+25  1.8121E-05  9.9998E-01  7.0169E+03  8.1828E-05  2.4926E-12  3.4669E-13  5.9458E-05
 3.4482E+25  1.8348E-05  9.9998E-01  7.0169E+03  8.1828E-05  2.4617E-12  3.4669E-13  5.8834E-05
 3.4575E+25  1.8579E-05  9.9998E-01  7.0168E+03  8.1828E-05  2.4311E-12  3.4670E-13  5.8218E-05
 3.4668E+25  1.8489E-05  9.9998E-01  7.0167E+03  8.1828E-05  2.4404E-12  3.4670E-13  5.7598E-05
 3.4760E+25  1.8615E-05  9.9998E-01  7.0167E+03  8.1828E-05  2.4264E-12  3.4670E-13  5.6991E-05
 3.4853E+25  1.8845E-05  9.9998E-01  7.0166E+03  8.1828E-05  2.3968E-12  3.4670E-13  5.6399E-05
 3.4945E+25  1.8918E-05  9.9998E-01  7.0165E+03  8.1828E-05  2.3851E-12  3.4671E-13  5.5819E-05
 3.5038E+25  1.8881E-05  9.9998E-01  7.0165E+03  8.1828E-05  2.3924E-12  3.4671E-13  5.5260E-05
 3.5130E+25  1.9112E-05  9.9998E-01  7.0164E+03  8.1828E-05  2.3634E-12  3.4671E-13  5.4704E-05
 3.5223E+25  1.9344E-05  9.9998E-01  7.0163E+03  8.1828E-05  2.3345E-12  3.4671E-13  5.4149E-05
 3.5316E+25  1.9164E-05  9.9998E-01  7.0163E+03  8.1828E-05  2.3551E-12  3.4672E-13  5.3594E-05
 3.5408E+25  1.9378E-05  9.9998E-01  7.0162E+03  8.1828E-05  2.3310E-12  3.4672E-13  5.3040E-05
 3.5501E+25  1.9614E-05  9.9998E-01  7.0162E+03  8.1828E-05  2.3030E-12  3.4672E-13  5.2493E-05
 3.5593E+25  1.9619E-05  9.9998E-01  7.0161E+03  8.1828E-05  2.3000E-12  3.4672E-13  5.1953E-05
 3.5686E+25  1.9643E-05  9.9998E-01  7.0160E+03  8.1828E-05  2.2996E-12  3.4673E-13  5.1430E-05
 3.5778E+25  1.9879E-05  9.9998E-01  7.0160E+03  8.1828E-05  2.2723E-12  3.4673E-13  5.0921E-05
 3.5871E+25  2.0097E-05  9.9998E-01  7.0159E+03  8.1828E-05  2.2452E-12  3.4673E-13  5.0427E-05
 3.5964E+25  1.9905E-05  9.9998E-01  7.0159E+03  8.1828E-05  2.2694E-12  3.4673E-13  4.9929E-05
 3.6056E+25  2.0145E-05  9.9998E-01  7.0158E+03  8.1828E-05  2.2423E-12  3.4674E-13  4.9429E-05
 3.6149E+25  2.0385E-05  9.9998E-01  7.0158E+03  8.1828E-05  2.2160E-12  3.4674E-13  4.8935E-05
 3.6241E+25  2.0373E-05  9.9998E-01  7.0157E+03  8.1828E-05  2.2149E-12  3.4674E-13  4.8442E-05
 3.6334E+25  2.0409E-05  9.9998E-01  7.0157E+03  8.1828E-05  2.2134E-12  3.4674E-13  4.7951E-05
 3.6426E+25  2.0650E-05  9.9998E-01  7.0156E+03  8.1828E-05  2.1876E-12  3.4674E-13  4.7479E-05
 3.6519E+25  2.0882E-05  9.9998E-01  7.0156E+03  8.1828E-05  2.1619E-12  3.4675E-13  4.7009E-05
 3.6612E+25  2.0672E-05  9.9998E-01  7.0155E+03  8.1828E-05  2.1843E-12  3.4675E-13  4.6561E-05
 3.6704E+25  2.0915E-05  9.9998E-01  7.0155E+03  8.1828E-05  2.1599E-12  3.4675E-13  4.6117E-05
 3.6797E+25  2.1159E-05  9.9998E-01  7.0154E+03  8.1828E-05  2.1350E-12  3.4675E-13  4.5672E-05
 3.6889E+25  2.1186E-05  9.9998E-01  7.0154E+03  8.1828E-05  2.1299E-12  3.4675E-13  4.5227E-05
 3.6982E+25  2.1176E-05  9.9998E-01  7.0153E+03  8.1828E-05  2.1333E-12  3.4676E-13  4.4782E-05
 3.7074E+25  2.1423E-05  9.9998E-01  7.0153E+03  8.1828E-05  2.1087E-12  3.4676E-13  4.4341E-05
 3.7167E+25  2.1670E-05  9.9998E-01  7.0152E+03  8.1828E-05  2.0845E-12  3.4676E-13  4.3908E-05
 3.7260E+25  2.1499E-05  9.9998E-01  7.0152E+03  8.1828E-05  2.0990E-12  3.4676E-13  4.3482E-05
 3.7352E+25  2.1686E-05  9.9998E-01  7.0151E+03  8.1828E-05  2.0831E-12  3.4676E-13  4.3065E-05
 3.7445E+25  2.1934E-05  9.9998E-01  7.0151E+03  8.1828E-05  2.0596E-12  3.4677E-13  4.2667E-05
 3.7537E+25  2.2065E-05  9.9998E-01  7.0150E+03  8.1828E-05  2.0451E-12  3.4677E-13  4.2268E-05
 3.7630E+25  2.1944E-05  9.9998E-01  7.0150E+03  8.1828E-05  2.0587E-12  3.4677E-13  4.1868E-05
 3.7722E+25  2.2198E-05  9.9998E-01  7.0149E+03  8.1828E-05  2.0351E-12  3.4677E-13  4.1469E-05
 3.7815E+25  2.2450E-05  9.9998E-01  7.0149E+03  8.1828E-05  2.0123E-12  3.4677E-13  4.1074E-05
 3.7908E+25  2.2406E-05  9.9998E-01  7.0148E+03  8.1828E-05  2.0140E-12  3.4677E-13  4.0680E-05
 3.8000E+25  2.2458E-05  9.9998E-01  7.0148E+03  8.1828E-05  2.0116E-12  3.4678E-13  4.0287E-05
 3.8093E+25  2.2713E-05  9.9998E-01  7.0148E+03  8.1828E-05  1.9890E-12  3.4678E-13  3.9908E-05
 3.8185E+25  2.2966E-05  9.9998E-01  7.0147E+03  8.1828E-05  1.9669E-12  3.4678E-13  3.9534E-05
 3.8278E+25  2.2762E-05  9.9998E-01  7.0147E+03  8.1828E-05  1.9827E-12  3.4678E-13  3.9175E-05
 3.8370E+25  2.2974E-05  9.9998E-01  7.0146E+03  8.1828E-05  1.9665E-12  3.4678E-13  3.8821E-05
 3.8463E+25  2.3230E-05  9.9998E-01  7.0146E+03  8.1828E-05  1.9448E-12  3.4678E-13  3.8463E-05
 3.8556E+25  2.3387E-05  9.9998E-01  7.0145E+03  8.1828E-05  1.9296E-12  3.4679E-13  3.8105E-05
 3.8648E+25  2.3230E-05  9.9998E-01  7.0145E+03  8.1828E-05  1.9448E-12  3.4679E-13  3.7750E-05
 3.8741E+25  2.3492E-05  9.9998E-01  7.0145E+03  8.1828E-05  1.9231E-12  3.4679E-13  3.7396E-05
 3.8833E+25  2.3750E-05  9.9998E-01  7.0144E+03  8.1828E-05  1.9022E-12  3.4679E-13  3.7045E-05
 3.8926E+25  2.3775E-05  9.9998E-01  7.0144E+03  8.1828E-05  1.8981E-12  3.4679E-13  3.6704E-05
 3.9018E+25  2.3747E-05  9.9998E-01  7.0143E+03  8.1828E-05  1.9025E-12  3.4679E-13  3.6363E-05
 3.9111E+25  2.4013E-05  9.9998E-01  7.0143E+03  8.1828E-05  1.8814E-12  3.4680E-13  3.6038E-05
 3.9204E+25  2.4274E-05  9.9998E-01  7.0143E+03  8.1828E-05  1.8612E-12  3.4680E-13  3.5722E-05
 3.9296E+25  2.4179E-05  9.9998E-01  7.0142E+03  8.1828E-05  1.8664E-12  3.4680E-13  3.5403E-05
 3.9389E+25  2.4268E-05  9.9998E-01  7.0142E+03  8.1828E-05  1.8617E-12  3.4680E-13  3.5084E-05
 3.9481E+25  2.4536E-05  9.9998E-01  7.0141E+03  8.1828E-05  1.8413E-12  3.4680E-13  3.4765E-05
 3.9574E+25  2.4799E-05  9.9998E-01  7.0141E+03  8.1828E-05  1.8217E-12  3.4680E-13  3.4448E-05
 3.9666E+25  2.4599E-05  9.9998E-01  7.0141E+03  8.1828E-05  1.8346E-12  3.4681E-13  3.4130E-05
 3.9759E+25  2.4791E-05  9.9998E-01  7.0140E+03  8.1828E-05  1.8224E-12  3.4681E-13  3.3820E-05
 3.9852E+25  2.5061E-05  9.9997E-01  7.0140E+03  8.1828E-05  1.8027E-12  3.4681E-13  3.3515E-05
 3.9944E+25  2.5311E-05  9.9997E-01  7.0140E+03  8.1828E-05  1.7837E-12  3.4681E-13  3.3216E-05
 4.0037E+25  2.5051E-05  9.9997E-01  7.0139E+03  8.1828E-05  1.8027E-12  3.4681E-13  3.2929E-05
 4.0129E+25  2.5317E-05  9.9997E-01  7.0139E+03  8.1828E-05  1.7846E-12  3.4681E-13  3.2644E-05
 4.0222E+25  2.5590E-05  9.9997E-01  7.0139E+03  8.1828E-05  1.7655E-12  3.4681E-13  3.2361E-05
 4.0314E+25  2.5775E-05  9.9997E-01  7.0138E+03  8.1828E-05  1.7509E-12  3.4682E-13  3.2075E-05
 4.0407E+25  2.5573E-05  9.9997E-01  7.0138E+03  8.1828E-05  1.7667E-12  3.4682E-13  3.1791E-05
 4.0500E+25  2.5846E-05  9.9997E-01  7.0138E+03  8.1828E-05  1.7481E-12  3.4682E-13  3.1508E-05
 4.0592E+25  2.6121E-05  9.9997E-01  7.0137E+03  8.1828E-05  1.7297E-12  3.4682E-13  3.1225E-05
 4.0685E+25  2.6253E-05  9.9997E-01  7.0137E+03  8.1828E-05  1.7190E-12  3.4682E-13  3.0948E-05
 4.0777E+25  2.6100E-05  9.9997E-01  7.0137E+03  8.1828E-05  1.7310E-12  3.4682E-13  3.0674E-05
 4.0870E+25  2.6376E-05  9.9997E-01  7.0136E+03  8.1828E-05  1.7130E-12  3.4682E-13  3.0406E-05
 4.0962E+25  2.6655E-05  9.9997E-01  7.0136E+03  8.1828E-05  1.6950E-12  3.4682E-13  3.0153E-05
 4.1055E+25  2.6750E-05  9.9997E-01  7.0136E+03  8.1828E-05  1.6871E-12  3.4683E-13  2.9900E-05
 4.1148E+25  2.6631E-05  9.9997E-01  7.0135E+03  8.1828E-05  1.6966E-12  3.4683E-13  2.9643E-05
 4.1240E+25  2.6909E-05  9.9997E-01  7.0135E+03  8.1828E-05  1.6791E-12  3.4683E-13  2.9389E-05
 4.1333E+25  2.7191E-05  9.9997E-01  7.0135E+03  8.1828E-05  1.6616E-12  3.4683E-13  2.9136E-05
 4.1425E+25  2.7268E-05  9.9997E-01  7.0134E+03  8.1828E-05  1.6551E-12  3.4683E-13  2.8882E-05
 4.1518E+25  2.7164E-05  9.9997E-01  7.0134E+03  8.1828E-05  1.6633E-12  3.4683E-13  2.8629E-05
 4.1610E+25  2.7444E-05  9.9997E-01  7.0134E+03  8.1828E-05  1.6464E-12  3.4683E-13  2.8381E-05
 4.1703E+25  2.7730E-05  9.9997E-01  7.0133E+03  8.1828E-05  1.6294E-12  3.4683E-13  2.8137E-05
 4.1796E+25  2.7806E-05  9.9997E-01  7.0133E+03  8.1828E-05  1.6230E-12  3.4684E-13  2.7894E-05
 4.1888E+25  2.7699E-05  9.9997E-01  7.0133E+03  8.1828E-05  1.6312E-12  3.4684E-13  2.7666E-05
 4.1981E+25  2.7981E-05  9.9997E-01  7.0133E+03  8.1828E-05  1.6148E-12  3.4684E-13  2.7439E-05
 4.2073E+25  2.8271E-05  9.9997E-01  7.0132E+03  8.1828E-05  1.5982E-12  3.4684E-13  2.7213E-05
 4.2166E+25  2.8367E-05  9.9997E-01  7.0132E+03  8.1828E-05  1.5909E-12  3.4684E-13  2.6987E-05
 4.2258E+25  2.8237E-05  9.9997E-01  7.0132E+03  8.1828E-05  1.6001E-12  3.4684E-13  2.6756E-05
 4.2351E+25  2.8522E-05  9.9997E-01  7.0131E+03  8.1828E-05  1.5842E-12  3.4684E-13  2.6531E-05
 4.2443E+25  2.8814E-05  9.9997E-01  7.0131E+03  8.1828E-05  1.5681E-12  3.4684E-13  2.6305E-05
 4.2536E+25  2.8950E-05  9.9997E-01  7.0131E+03  8.1828E-05  1.5589E-12  3.4684E-13  2.6081E-05
 4.2629E+25  2.8777E-05  9.9997E-01  7.0131E+03  8.1828E-05  1.5701E-12  3.4685E-13  2.5862E-05
 4.2721E+25  2.9064E-05  9.9997E-01  7.0130E+03  8.1828E-05  1.5546E-12  3.4685E-13  2.5644E-05
 4.2814E+25  2.9359E-05  9.9997E-01  7.0130E+03  8.1828E-05  1.5390E-12  3.4685E-13  2.5435E-05
 4.2906E+25  2.9558E-05  9.9997E-01  7.0130E+03  8.1828E-05  1.5268E-12  3.4685E-13  2.5232E-05
 4.2999E+25  2.9321E-05  9.9997E-01  7.0129E+03  8.1828E-05  1.5410E-12  3.4685E-13  2.5030E-05
 4.3091E+25  2.9610E-05  9.9997E-01  7.0129E+03  8.1828E-05  1.5260E-12  3.4685E-13  2.4826E-05
 4.3184E+25  2.9906E-05  9.9997E-01  7.0129E+03  8.1828E-05  1.5109E-12  3.4685E-13  2.4623E-05
 4.3277E+25  3.0184E-05  9.9997E-01  7.0129E+03  8.1828E-05  1.4960E-12  3.4685E-13  2.4421E-05
 4.3369E+25  2.9874E-05  9.9997E-01  7.0128E+03  8.1828E-05  1.5117E-12  3.4685E-13  2.4218E-05
 4.3462E+25  3.0159E-05  9.9997E-01  7.0128E+03  8.1828E-05  1.4982E-12  3.4686E-13  2.4016E-05
 4.3554E+25  3.0455E-05  9.9997E-01  7.0128E+03  8.1828E-05  1.4837E-12  3.4686E-13  2.3818E-05
 4.3647E+25  3.0756E-05  9.9997E-01  7.0128E+03  8.1828E-05  1.4691E-12  3.4686E-13  2.3622E-05
 4.3739E+25  3.0507E-05  9.9997E-01  7.0127E+03  8.1828E-05  1.4794E-12  3.4686E-13  2.3428E-05
 4.3832E+25  3.0710E-05  9.9997E-01  7.0127E+03  8.1828E-05  1.4714E-12  3.4686E-13  2.3244E-05
 4.3925E+25  3.1007E-05  9.9997E-01  7.0127E+03  8.1828E-05  1.4573E-12  3.4686E-13  2.3063E-05
 4.4017E+25  3.1313E-05  9.9997E-01  7.0127E+03  8.1828E-05  1.4430E-12  3.4686E-13  2.2884E-05
 4.4110E+25  3.1185E-05  9.9997E-01  7.0126E+03  8.1828E-05  1.4472E-12  3.4686E-13  2.2701E-05
 4.4202E+25  3.1263E-05  9.9997E-01  7.0126E+03  8.1828E-05  1.4453E-12  3.4686E-13  2.2520E-05
 4.4295E+25  3.1562E-05  9.9997E-01  7.0126E+03  8.1828E-05  1.4317E-12  3.4686E-13  2.2339E-05
 4.4387E+25  3.1870E-05  9.9997E-01  7.0126E+03  8.1828E-05  1.4179E-12  3.4687E-13  2.2158E-05
 4.4480E+25  3.1893E-05  9.9997E-01  7.0125E+03  8.1828E-05  1.4151E-12  3.4687E-13  2.1979E-05
 4.4573E+25  3.1820E-05  9.9997E-01  7.0125E+03  8.1828E-05  1.4201E-12  3.4687E-13  2.1800E-05
 4.4665E+25  3.2122E-05  9.9997E-01  7.0125E+03  8.1828E-05  1.4067E-12  3.4687E-13  2.1626E-05
 4.4758E+25  3.2428E-05  9.9997E-01  7.0125E+03  8.1828E-05  1.3935E-12  3.4687E-13  2.1452E-05
 4.4850E+25  3.2628E-05  9.9997E-01  7.0124E+03  8.1828E-05  1.3832E-12  3.4687E-13  2.1287E-05
 4.4943E+25  3.2378E-05  9.9997E-01  7.0124E+03  8.1828E-05  1.3956E-12  3.4687E-13  2.1127E-05
 4.5035E+25  3.2683E-05  9.9997E-01  7.0124E+03  8.1828E-05  1.3826E-12  3.4687E-13  2.0966E-05
 4.5128E+25  3.2990E-05  9.9997E-01  7.0124E+03  8.1828E-05  1.3697E-12  3.4687E-13  2.0804E-05
 4.5221E+25  3.3303E-05  9.9997E-01  7.0124E+03  8.1828E-05  1.3568E-12  3.4687E-13  2.0642E-05
 4.5313E+25  3.3028E-05  9.9997E-01  7.0123E+03  8.1828E-05  1.3666E-12  3.4687E-13  2.0480E-05
 4.5406E+25  3.3249E-05  9.9997E-01  7.0123E+03  8.1828E-05  1.3591E-12  3.4688E-13  2.0318E-05
 4.5498E+25  3.3557E-05  9.9997E-01  7.0123E+03  8.1828E-05  1.3466E-12  3.4688E-13  2.0158E-05
 4.5591E+25  3.3872E-05  9.9997E-01  7.0123E+03  8.1828E-05  1.3341E-12  3.4688E-13  1.9999E-05
 4.5683E+25  3.3817E-05  9.9997E-01  7.0122E+03  8.1828E-05  1.3346E-12  3.4688E-13  1.9842E-05
 4.5776E+25  3.3814E-05  9.9997E-01  7.0122E+03  8.1828E-05  1.3364E-12  3.4688E-13  1.9685E-05
 4.5869E+25  3.4128E-05  9.9997E-01  7.0122E+03  8.1828E-05  1.3241E-12  3.4688E-13  1.9534E-05
 4.5961E+25  3.4441E-05  9.9997E-01  7.0122E+03  8.1828E-05  1.3121E-12  3.4688E-13  1.9391E-05
 4.6054E+25  3.4635E-05  9.9997E-01  7.0122E+03  8.1828E-05  1.3031E-12  3.4688E-13  1.9247E-05
 4.6146E+25  3.4387E-05  9.9997E-01  7.0121E+03  8.1828E-05  1.3142E-12  3.4688E-13  1.9104E-05
 4.6239E+25  3.4701E-05  9.9997E-01  7.0121E+03  8.1828E-05  1.3023E-12  3.4688E-13  1.8959E-05
 4.6331E+25  3.5016E-05  9.9996E-01  7.0121E+03  8.1828E-05  1.2905E-12  3.4688E-13  1.8815E-05
 4.6424E+25  3.5336E-05  9.9996E-01  7.0121E+03  8.1828E-05  1.2788E-12  3.4688E-13  1.8672E-05
 4.6517E+25  3.5109E-05  9.9996E-01  7.0121E+03  8.1828E-05  1.2856E-12  3.4689E-13  1.8527E-05
 4.6609E+25  3.5275E-05  9.9996E-01  7.0120E+03  8.1828E-05  1.2811E-12  3.4689E-13  1.8383E-05
 4.6702E+25  3.5596E-05  9.9996E-01  7.0120E+03  8.1828E-05  1.2696E-12  3.4689E-13  1.8242E-05
 4.6794E+25  3.5916E-05  9.9996E-01  7.0120E+03  8.1828E-05  1.2583E-12  3.4689E-13  1.8103E-05
 4.6887E+25  3.5985E-05  9.9996E-01  7.0120E+03  8.1828E-05  1.2542E-12  3.4689E-13  1.7963E-05
 4.6979E+25  3.5858E-05  9.9996E-01  7.0120E+03  8.1828E-05  1.2603E-12  3.4689E-13  1.7832E-05
 4.7072E+25  3.6178E-05  9.9996E-01  7.0119E+03  8.1828E-05  1.2492E-12  3.4689E-13  1.7704E-05
 4.7165E+25  3.6501E-05  9.9996E-01  7.0119E+03  8.1828E-05  1.2381E-12  3.4689E-13  1.7576E-05
 4.7257E+25  3.6820E-05  9.9996E-01  7.0119E+03  8.1828E-05  1.2272E-12  3.4689E-13  1.7448E-05
 4.7350E+25  3.6515E-05  9.9996E-01  7.0119E+03  8.1828E-05  1.2363E-12  3.4689E-13  1.7319E-05
 4.7442E+25  3.6762E-05  9.9996E-01  7.0119E+03  8.1828E-05  1.2294E-12  3.4689E-13  1.7191E-05
 4.7535E+25  3.7090E-05  9.9996E-01  7.0118E+03  8.1828E-05  1.2185E-12  3.4689E-13  1.7062E-05
 4.7627E+25  3.7415E-05  9.9996E-01  7.0118E+03  8.1828E-05  1.2079E-12  3.4689E-13  1.6934E-05
 4.7720E+25  3.7448E-05  9.9996E-01  7.0118E+03  8.1828E-05  1.2052E-12  3.4690E-13  1.6806E-05
 4.7813E+25  3.7356E-05  9.9996E-01  7.0118E+03  8.1828E-05  1.2099E-12  3.4690E-13  1.6680E-05
 4.7905E+25  3.7679E-05  9.9996E-01  7.0118E+03  8.1828E-05  1.1995E-12  3.4690E-13  1.6554E-05
 4.7998E+25  3.8012E-05  9.9996E-01  7.0118E+03  8.1828E-05  1.1890E-12  3.4690E-13  1.6430E-05
 4.8090E+25  3.8334E-05  9.9996E-01  7.0117E+03  8.1828E-05  1.1788E-12  3.4690E-13  1.6313E-05
 4.8183E+25  3.8035E-05  9.9996E-01  7.0117E+03  8.1828E-05  1.1869E-12  3.4690E-13  1.6199E-05
 4.8275E+25  3.8278E-05  9.9996E-01  7.0117E+03  8.1828E-05  1.1808E-12  3.4690E-13  1.6085E-05
 4.8368E+25  3.8609E-05  9.9996E-01  7.0117E+03  8.1828E-05  1.1707E-12  3.4690E-13  1.5971E-05
 4.8461E+25  3.8943E-05  9.9996E-01  7.0117E+03  8.1828E-05  1.1606E-12  3.4690E-13  1.5856E-05
 4.8553E+25  3.9032E-05  9.9996E-01  7.0116E+03  8.1828E-05  1.1563E-12  3.4690E-13  1.5741E-05
 4.8646E+25  3.8879E-05  9.9996E-01  7.0116E+03  8.1828E-05  1.1626E-12  3.4690E-13  1.5627E-05
 4.8738E+25  3.9211E-05  9.9996E-01  7.0116E+03  8.1828E-05  1.1528E-12  3.4690E-13  1.5513E-05
 4.8831E+25  3.9550E-05  9.9996E-01  7.0116E+03  8.1828E-05  1.1429E-12  3.4690E-13  1.5398E-05
 4.8923E+25  3.9881E-05  9.9996E-01  7.0116E+03  8.1828E-05  1.1332E-12  3.4690E-13  1.5286E-05
 4.9016E+25  3.9674E-05  9.9996E-01  7.0116E+03  8.1828E-05  1.1378E-12  3.4691E-13  1.5173E-05
 4.9109E+25  3.9822E-05  9.9996E-01  7.0115E+03  8.1828E-05  1.1352E-12  3.4691E-13  1.5062E-05
 4.9201E+25  4.0156E-05  9.9996E-01  7.0115E+03  8.1828E-05  1.1257E-12  3.4691E-13  1.4954E-05
 4.9294E+25  4.0500E-05  9.9996E-01  7.0115E+03  8.1828E-05  1.1162E-12  3.4691E-13  1.4852E-05
 4.9386E+25  4.0747E-05  9.9996E-01  7.0115E+03  8.1828E-05  1.1076E-12  3.4691E-13  1.4750E-05
 4.9479E+25  4.0430E-05  9.9996E-01  7.0115E+03  8.1828E-05  1.1183E-12  3.4691E-13  1.4650E-05
 4.9571E+25  4.0775E-05  9.9996E-01  7.0115E+03  8.1828E-05  1.1088E-12  3.4691E-13  1.4547E-05
 4.9664E+25  4.1114E-05  9.9996E-01  7.0114E+03  8.1828E-05  1.0996E-12  3.4691E-13  1.4445E-05
 4.9757E+25  4.1459E-05  9.9996E-01  7.0114E+03  8.1828E-05  1.0903E-12  3.4691E-13  1.4343E-05
 4.9849E+25  4.1448E-05  9.9996E-01  7.0114E+03  8.1828E-05  1.0890E-12  3.4691E-13  1.4240E-05
 4.9942E+25  4.1392E-05  9.9996E-01  7.0114E+03  8.1828E-05  1.0924E-12  3.4691E-13  1.4139E-05
 5.0034E+25  4.1740E-05  9.9996E-01  7.0114E+03  8.1828E-05  1.0832E-12  3.4691E-13  1.4037E-05
 5.0127E+25  4.2084E-05  9.9996E-01  7.0114E+03  8.1828E-05  1.0744E-12  3.4691E-13  1.3937E-05
 5.0219E+25  4.2425E-05  9.9996E-01  7.0113E+03  8.1828E-05  1.0654E-12  3.4691E-13  1.3837E-05
 5.0312E+25  4.2188E-05  9.9996E-01  7.0113E+03  8.1828E-05  1.0702E-12  3.4691E-13  1.3738E-05
 5.0405E+25  4.2366E-05  9.9996E-01  7.0113E+03  8.1828E-05  1.0674E-12  3.4691E-13  1.3645E-05
 5.0497E+25  4.2717E-05  9.9996E-01  7.0113E+03  8.1828E-05  1.0586E-12  3.4692E-13  1.3553E-05
 5.0590E+25  4.3065E-05  9.9996E-01  7.0113E+03  8.1828E-05  1.0500E-12  3.4692E-13  1.3463E-05
 5.0682E+25  4.3363E-05  9.9996E-01  7.0113E+03  8.1828E-05  1.0413E-12  3.4692E-13  1.3372E-05
 5.0775E+25  4.2999E-05  9.9996E-01  7.0113E+03  8.1828E-05  1.0513E-12  3.4692E-13  1.3281E-05
 5.0867E+25  4.3353E-05  9.9996E-01  7.0112E+03  8.1828E-05  1.0433E-12  3.4692E-13  1.3191E-05
 5.0960E+25  4.3707E-05  9.9996E-01  7.0112E+03  8.1828E-05  1.0347E-12  3.4692E-13  1.3099E-05
 5.1053E+25  4.4057E-05  9.9996E-01  7.0112E+03  8.1828E-05  1.0265E-12  3.4692E-13  1.3009E-05
 5.1145E+25  4.4173E-05  9.9996E-01  7.0112E+03  8.1828E-05  1.0218E-12  3.4692E-13  1.2918E-05
 5.1238E+25  4.3988E-05  9.9996E-01  7.0112E+03  8.1828E-05  1.0284E-12  3.4692E-13  1.2827E-05
 5.1330E+25  4.4352E-05  9.9996E-01  7.0112E+03  8.1828E-05  1.0200E-12  3.4692E-13  1.2738E-05
 5.1423E+25  4.4710E-05  9.9996E-01  7.0111E+03  8.1828E-05  1.0117E-12  3.4692E-13  1.2649E-05
 5.1515E+25  4.5060E-05  9.9995E-01  7.0111E+03  8.1828E-05  1.0037E-12  3.4692E-13  1.2560E-05
 5.1608E+25  4.5013E-05  9.9995E-01  7.0111E+03  8.1828E-05  1.0029E-12  3.4692E-13  1.2476E-05
 5.1701E+25  4.4997E-05  9.9996E-01  7.0111E+03  8.1828E-05  1.0056E-12  3.4692E-13  1.2396E-05
 5.1793E+25  4.5366E-05  9.9995E-01  7.0111E+03  8.1828E-05  9.9738E-13  3.4692E-13  1.2315E-05
 5.1886E+25  4.5727E-05  9.9995E-01  7.0111E+03  8.1828E-05  9.8936E-13  3.4692E-13  1.2234E-05
 5.1978E+25  4.6072E-05  9.9995E-01  7.0111E+03  8.1828E-05  9.8160E-13  3.4693E-13  1.2153E-05
 5.2071E+25  4.5894E-05  9.9995E-01  7.0110E+03  8.1828E-05  9.8400E-13  3.4693E-13  1.2072E-05
 5.2163E+25  4.6020E-05  9.9995E-01  7.0110E+03  8.1828E-05  9.8346E-13  3.4693E-13  1.1991E-05
 5.2256E+25  4.6393E-05  9.9995E-01  7.0110E+03  8.1828E-05  9.7553E-13  3.4693E-13  1.1910E-05
 5.2349E+25  4.6758E-05  9.9995E-01  7.0110E+03  8.1828E-05  9.6774E-13  3.4693E-13  1.1829E-05
 5.2441E+25  4.7090E-05  9.9995E-01  7.0110E+03  8.1828E-05  9.6026E-13  3.4693E-13  1.1748E-05
 5.2534E+25  4.6820E-05  9.9995E-01  7.0110E+03  8.1828E-05  9.6504E-13  3.4693E-13  1.1669E-05
 5.2626E+25  4.7059E-05  9.9995E-01  7.0110E+03  8.1828E-05  9.6203E-13  3.4693E-13  1.1588E-05
 5.2719E+25  4.7436E-05  9.9995E-01  7.0109E+03  8.1828E-05  9.5436E-13  3.4693E-13  1.1509E-05
 5.2811E+25  4.7803E-05  9.9995E-01  7.0109E+03  8.1828E-05  9.4680E-13  3.4693E-13  1.1432E-05
 5.2904E+25  4.8113E-05  9.9995E-01  7.0109E+03  8.1828E-05  9.3957E-13  3.4693E-13  1.1360E-05
 5.2997E+25  4.7797E-05  9.9995E-01  7.0109E+03  8.1828E-05  9.4607E-13  3.4693E-13  1.1288E-05
 5.3089E+25  4.8114E-05  9.9995E-01  7.0109E+03  8.1828E-05  9.4124E-13  3.4693E-13  1.1217E-05
 5.3182E+25  4.8494E-05  9.9995E-01  7.0109E+03  8.1828E-05  9.3386E-13  3.4693E-13  1.1145E-05
 5.3274E+25  4.8864E-05  9.9995E-01  7.0109E+03  8.1828E-05  9.2650E-13  3.4693E-13  1.1072E-05
 5.3367E+25  4.9141E-05  9.9995E-01  7.0109E+03  8.1828E-05  9.1949E-13  3.4693E-13  1.1000E-05
 5.3459E+25  4.8824E-05  9.9995E-01  7.0108E+03  8.1828E-05  9.2711E-13  3.4693E-13  1.0928E-05
 5.3552E+25  4.9186E-05  9.9995E-01  7.0108E+03  8.1828E-05  9.2105E-13  3.4693E-13  1.0856E-05
 5.3645E+25  4.9568E-05  9.9995E-01  7.0108E+03  8.1828E-05  9.1399E-13  3.4694E-13  1.0784E-05
 5.3737E+25  4.9941E-05  9.9995E-01  7.0108E+03  8.1828E-05  9.0682E-13  3.4694E-13  1.0712E-05
 5.3830E+25  5.0182E-05  9.9995E-01  7.0108E+03  8.1828E-05  8.9999E-13  3.4694E-13  1.0641E-05
 5.3922E+25  4.9898E-05  9.9995E-01  7.0108E+03  8.1828E-05  9.0819E-13  3.4694E-13  1.0570E-05
 5.4015E+25  5.0277E-05  9.9995E-01  7.0108E+03  8.1828E-05  9.0148E-13  3.4694E-13  1.0498E-05
 5.4107E+25  5.0660E-05  9.9995E-01  7.0107E+03  8.1828E-05  8.9469E-13  3.4694E-13  1.0431E-05
 5.4200E+25  5.1035E-05  9.9995E-01  7.0107E+03  8.1828E-05  8.8773E-13  3.4694E-13  1.0367E-05
 5.4292E+25  5.1254E-05  9.9995E-01  7.0107E+03  8.1828E-05  8.8119E-13  3.4694E-13  1.0303E-05
 5.4385E+25  5.1001E-05  9.9995E-01  7.0107E+03  8.1828E-05  8.8919E-13  3.4694E-13  1.0240E-05
 5.4478E+25  5.1387E-05  9.9995E-01  7.0107E+03  8.1828E-05  8.8245E-13  3.4694E-13  1.0176E-05
 5.4570E+25  5.1770E-05  9.9995E-01  7.0107E+03  8.1828E-05  8.7594E-13  3.4694E-13  1.0111E-05
 5.4663E+25  5.2149E-05  9.9995E-01  7.0107E+03  8.1828E-05  8.6918E-13  3.4694E-13  1.0047E-05
 5.4755E+25  5.2368E-05  9.9995E-01  7.0106E+03  8.1828E-05  8.6266E-13  3.4694E-13  9.9826E-06
 5.4848E+25  5.2124E-05  9.9995E-01  7.0106E+03  8.1828E-05  8.7058E-13  3.4694E-13  9.9183E-06
 5.4940E+25  5.2517E-05  9.9995E-01  7.0106E+03  8.1828E-05  8.6399E-13  3.4694E-13  9.8543E-06
 5.5033E+25  5.2902E-05  9.9995E-01  7.0106E+03  8.1828E-05  8.5766E-13  3.4694E-13  9.7901E-06
 5.5126E+25  5.3283E-05  9.9995E-01  7.0106E+03  8.1828E-05  8.5117E-13  3.4694E-13  9.7269E-06
 5.5218E+25  5.3520E-05  9.9995E-01  7.0106E+03  8.1828E-05  8.4474E-13  3.4694E-13  9.6631E-06
 5.5311E+25  5.3272E-05  9.9995E-01  7.0106E+03  8.1828E-05  8.5201E-13  3.4694E-13  9.5999E-06
 5.5403E+25  5.3669E-05  9.9995E-01  7.0106E+03  8.1828E-05  8.4606E-13  3.4695E-13  9.5394E-06
 5.5496E+25  5.4058E-05  9.9995E-01  7.0105E+03  8.1828E-05  8.3985E-13  3.4695E-13  9.4813E-06
 5.5588E+25  5.4438E-05  9.9995E-01  7.0105E+03  8.1828E-05  8.3370E-13  3.4695E-13  9.4248E-06
 5.5681E+25  5.4702E-05  9.9995E-01  7.0105E+03  8.1828E-05  8.2740E-13  3.4695E-13  9.3682E-06
 5.5774E+25  5.4457E-05  9.9995E-01  7.0105E+03  8.1828E-05  8.3343E-13  3.4695E-13  9.3113E-06
 5.5866E+25  5.4842E-05  9.9995E-01  7.0105E+03  8.1828E-05  8.2863E-13  3.4695E-13  9.2543E-06
 5.5959E+25  5.5238E-05  9.9994E-01  7.0105E+03  8.1828E-05  8.2255E-13  3.4695E-13  9.1971E-06
 5.6051E+25  5.5617E-05  9.9994E-01  7.0105E+03  8.1828E-05  8.1665E-13  3.4695E-13  9.1399E-06
 5.6144E+25  5.5907E-05  9.9994E-01  7.0105E+03  8.1828E-05  8.1054E-13  3.4695E-13  9.0831E-06
 5.6236E+25  5.5687E-05  9.9994E-01  7.0104E+03  8.1828E-05  8.1501E-13  3.4695E-13  9.0257E-06
 5.6329E+25  5.6040E-05  9.9994E-01  7.0104E+03  8.1828E-05  8.1170E-13  3.4695E-13  8.9680E-06
 5.6422E+25  5.6442E-05  9.9994E-01  7.0104E+03  8.1828E-05  8.0572E-13  3.4695E-13  8.9114E-06
 5.6514E+25  5.6824E-05  9.9994E-01  7.0104E+03  8.1828E-05  7.9997E-13  3.4695E-13  8.8548E-06
 5.6607E+25  5.7136E-05  9.9994E-01  7.0104E+03  8.1828E-05  7.9414E-13  3.4695E-13  8.7985E-06
 5.6699E+25  5.6963E-05  9.9994E-01  7.0104E+03  8.1828E-05  7.9683E-13  3.4695E-13  8.7422E-06
 5.6792E+25  5.7262E-05  9.9994E-01  7.0104E+03  8.1828E-05  7.9516E-13  3.4695E-13  8.6900E-06
 5.6884E+25  5.7673E-05  9.9994E-01  7.0104E+03  8.1828E-05  7.8935E-13  3.4695E-13  8.6390E-06
 5.6977E+25  5.8061E-05  9.9994E-01  7.0103E+03  8.1828E-05  7.8370E-13  3.4695E-13  8.5882E-06
 5.7070E+25  5.8388E-05  9.9994E-01  7.0103E+03  8.1828E-05  7.7818E-13  3.4695E-13  8.5381E-06
 5.7162E+25  5.8285E-05  9.9994E-01  7.0103E+03  8.1828E-05  7.7892E-13  3.4695E-13  8.4876E-06
 5.7255E+25  5.8517E-05  9.9994E-01  7.0103E+03  8.1828E-05  7.7894E-13  3.4696E-13  8.4365E-06
 5.7347E+25  5.8930E-05  9.9994E-01  7.0103E+03  8.1828E-05  7.7344E-13  3.4696E-13  8.3858E-06
 5.7440E+25  5.9327E-05  9.9994E-01  7.0103E+03  8.1828E-05  7.6787E-13  3.4696E-13  8.3350E-06
 5.7532E+25  5.9670E-05  9.9994E-01  7.0103E+03  8.1828E-05  7.6252E-13  3.4696E-13  8.2842E-06
 5.7625E+25  5.9653E-05  9.9994E-01  7.0103E+03  8.1828E-05  7.6125E-13  3.4696E-13  8.2336E-06
 5.7718E+25  5.9803E-05  9.9994E-01  7.0103E+03  8.1828E-05  7.6315E-13  3.4696E-13  8.1826E-06
 5.7810E+25  6.0217E-05  9.9994E-01  7.0102E+03  8.1828E-05  7.5792E-13  3.4696E-13  8.1316E-06
 5.7903E+25  6.0625E-05  9.9994E-01  7.0102E+03  8.1828E-05  7.5247E-13  3.4696E-13  8.0812E-06
 5.7995E+25  6.0982E-05  9.9994E-01  7.0102E+03  8.1828E-05  7.4719E-13  3.4696E-13  8.0309E-06
 5.8088E+25  6.1069E-05  9.9994E-01  7.0102E+03  8.1828E-05  7.4386E-13  3.4696E-13  7.9808E-06
 5.8180E+25  6.1119E-05  9.9994E-01  7.0102E+03  8.1828E-05  7.4784E-13  3.4696E-13  7.9346E-06
 5.8273E+25  6.1540E-05  9.9994E-01  7.0102E+03  8.1828E-05  7.4263E-13  3.4696E-13  7.8886E-06
 5.8366E+25  6.1953E-05  9.9994E-01  7.0102E+03  8.1828E-05  7.3748E-13  3.4696E-13  7.8439E-06
 5.8458E+25  6.2329E-05  9.9994E-01  7.0101E+03  8.1828E-05  7.3227E-13  3.4696E-13  7.7996E-06
 5.8551E+25  6.2530E-05  9.9994E-01  7.0101E+03  8.1828E-05  7.2727E-13  3.4696E-13  7.7540E-06
 5.8643E+25  6.2472E-05  9.9994E-01  7.0101E+03  8.1828E-05  7.3227E-13  3.4696E-13  7.7091E-06
 5.8736E+25  6.2900E-05  9.9994E-01  7.0101E+03  8.1828E-05  7.2773E-13  3.4696E-13  7.6638E-06
 5.8828E+25  6.3316E-05  9.9994E-01  7.0101E+03  8.1828E-05  7.2283E-13  3.4696E-13  7.6187E-06
 5.8921E+25  6.3709E-05  9.9994E-01  7.0101E+03  8.1828E-05  7.1774E-13  3.4696E-13  7.5736E-06
 5.9014E+25  6.3986E-05  9.9994E-01  7.0101E+03  8.1828E-05  7.1279E-13  3.4696E-13  7.5284E-06
 5.9106E+25  6.3921E-05  9.9994E-01  7.0101E+03  8.1828E-05  7.1517E-13  3.4696E-13  7.4829E-06
 5.9199E+25  6.4295E-05  9.9994E-01  7.0101E+03  8.1828E-05  7.1328E-13  3.4697E-13  7.4379E-06
 5.9291E+25  6.4720E-05  9.9994E-01  7.0100E+03  8.1828E-05  7.0837E-13  3.4697E-13  7.3931E-06
 5.9384E+25  6.5122E-05  9.9993E-01  7.0100E+03  8.1828E-05  7.0359E-13  3.4697E-13  7.3478E-06
 5.9476E+25  6.5450E-05  9.9993E-01  7.0100E+03  8.1828E-05  6.9870E-13  3.4697E-13  7.3027E-06
 5.9569E+25  6.5454E-05  9.9993E-01  7.0100E+03  8.1828E-05  6.9824E-13  3.4697E-13  7.2603E-06
 5.9662E+25  6.5726E-05  9.9993E-01  7.0100E+03  8.1828E-05  6.9918E-13  3.4697E-13  7.2196E-06
 5.9754E+25  6.6165E-05  9.9993E-01  7.0100E+03  8.1828E-05  6.9432E-13  3.4697E-13  7.1793E-06
 5.9847E+25  6.6576E-05  9.9993E-01  7.0100E+03  8.1828E-05  6.8968E-13  3.4697E-13  7.1395E-06
 5.9939E+25  6.6939E-05  9.9993E-01  7.0100E+03  8.1828E-05  6.8495E-13  3.4697E-13  7.0998E-06
 6.0032E+25  6.7057E-05  9.9993E-01  7.0099E+03  8.1828E-05  6.8167E-13  3.4697E-13  7.0598E-06
 6.0124E+25  6.7201E-05  9.9993E-01  7.0099E+03  8.1828E-05  6.8531E-13  3.4697E-13  7.0192E-06
 6.0217E+25  6.7650E-05  9.9993E-01  7.0099E+03  8.1828E-05  6.8064E-13  3.4697E-13  6.9792E-06
 6.0310E+25  6.8077E-05  9.9993E-01  7.0099E+03  8.1828E-05  6.7596E-13  3.4697E-13  6.9392E-06
 6.0402E+25  6.8458E-05  9.9993E-01  7.0099E+03  8.1828E-05  6.7158E-13  3.4697E-13  6.8988E-06
 6.0495E+25  6.8704E-05  9.9993E-01  7.0099E+03  8.1828E-05  6.6696E-13  3.4697E-13  6.8587E-06
 6.0587E+25  6.8741E-05  9.9993E-01  7.0099E+03  8.1828E-05  6.7016E-13  3.4697E-13  6.8183E-06
 6.0680E+25  6.9178E-05  9.9993E-01  7.0099E+03  8.1828E-05  6.6725E-13  3.4697E-13  6.7782E-06
 6.0772E+25  6.9620E-05  9.9993E-01  7.0099E+03  8.1828E-05  6.6271E-13  3.4697E-13  6.7383E-06
 6.0865E+25  7.0022E-05  9.9993E-01  7.0098E+03  8.1828E-05  6.5828E-13  3.4697E-13  6.6983E-06
 6.0958E+25  7.0339E-05  9.9993E-01  7.0098E+03  8.1828E-05  6.5396E-13  3.4697E-13  6.6583E-06
 6.1050E+25  7.0400E-05  9.9993E-01  7.0098E+03  8.1828E-05  6.5407E-13  3.4697E-13  6.6206E-06
 6.1143E+25  7.0757E-05  9.9993E-01  7.0098E+03  8.1828E-05  6.5400E-13  3.4698E-13  6.5845E-06
 6.1235E+25  7.1209E-05  9.9993E-01  7.0098E+03  8.1828E-05  6.4974E-13  3.4698E-13  6.5486E-06
 6.1328E+25  7.1635E-05  9.9993E-01  7.0098E+03  8.1828E-05  6.4534E-13  3.4698E-13  6.5135E-06
 6.1420E+25  7.1991E-05  9.9993E-01  7.0098E+03  8.1828E-05  6.4115E-13  3.4698E-13  6.4782E-06
 6.1513E+25  7.2146E-05  9.9993E-01  7.0098E+03  8.1828E-05  6.3838E-13  3.4698E-13  6.4422E-06
 6.1606E+25  7.2388E-05  9.9993E-01  7.0097E+03  8.1828E-05  6.4108E-13  3.4698E-13  6.4068E-06
 6.1698E+25  7.2850E-05  9.9993E-01  7.0097E+03  8.1828E-05  6.3691E-13  3.4698E-13  6.3711E-06
 6.1791E+25  7.3293E-05  9.9993E-01  7.0097E+03  8.1828E-05  6.3274E-13  3.4698E-13  6.3350E-06
 6.1883E+25  7.3686E-05  9.9993E-01  7.0097E+03  8.1828E-05  6.2851E-13  3.4698E-13  6.2997E-06
 6.1976E+25  7.3951E-05  9.9993E-01  7.0097E+03  8.1828E-05  6.2453E-13  3.4698E-13  6.2637E-06
 6.2068E+25  7.4089E-05  9.9993E-01  7.0097E+03  8.1828E-05  6.2700E-13  3.4698E-13  6.2278E-06
 6.2161E+25  7.4547E-05  9.9993E-01  7.0097E+03  8.1828E-05  6.2433E-13  3.4698E-13  6.1921E-06
 6.2254E+25  7.5002E-05  9.9992E-01  7.0097E+03  8.1828E-05  6.2033E-13  3.4698E-13  6.1565E-06
 6.2346E+25  7.5425E-05  9.9992E-01  7.0096E+03  8.1828E-05  6.1627E-13  3.4698E-13  6.1208E-06
 6.2439E+25  7.5761E-05  9.9992E-01  7.0096E+03  8.1828E-05  6.1222E-13  3.4698E-13  6.0851E-06
 6.2531E+25  7.5911E-05  9.9992E-01  7.0096E+03  8.1828E-05  6.1190E-13  3.4698E-13  6.0512E-06
 6.2624E+25  7.6301E-05  9.9992E-01  7.0096E+03  8.1828E-05  6.1202E-13  3.4698E-13  6.0190E-06
 6.2716E+25  7.6773E-05  9.9992E-01  7.0096E+03  8.1828E-05  6.0807E-13  3.4698E-13  5.9864E-06
 6.2809E+25  7.7212E-05  9.9992E-01  7.0096E+03  8.1828E-05  6.0423E-13  3.4698E-13  5.9552E-06
 6.2902E+25  7.7601E-05  9.9992E-01  7.0096E+03  8.1828E-05  6.0029E-13  3.4698E-13  5.9241E-06
 6.2994E+25  7.7831E-05  9.9992E-01  7.0096E+03  8.1828E-05  5.9703E-13  3.4699E-13  5.8922E-06
 6.3087E+25  7.8115E-05  9.9992E-01  7.0095E+03  8.1828E-05  6.0000E-13  3.4699E-13  5.8606E-06
 6.3179E+25  7.8599E-05  9.9992E-01  7.0095E+03  8.1828E-05  5.9610E-13  3.4699E-13  5.8287E-06
 6.3272E+25  7.9063E-05  9.9992E-01  7.0095E+03  8.1828E-05  5.9230E-13  3.4699E-13  5.7971E-06
 6.3364E+25  7.9481E-05  9.9992E-01  7.0095E+03  8.1828E-05  5.8859E-13  3.4699E-13  5.7656E-06
 6.3457E+25  7.9810E-05  9.9992E-01  7.0095E+03  8.1828E-05  5.8478E-13  3.4699E-13  5.7334E-06
 6.3550E+25  8.0019E-05  9.9992E-01  7.0095E+03  8.1828E-05  5.8598E-13  3.4699E-13  5.7017E-06
 6.3642E+25  8.0493E-05  9.9992E-01  7.0095E+03  8.1828E-05  5.8438E-13  3.4699E-13  5.6698E-06
 6.3735E+25  8.0973E-05  9.9992E-01  7.0095E+03  8.1828E-05  5.8065E-13  3.4699E-13  5.6379E-06
 6.3827E+25  8.1421E-05  9.9992E-01  7.0094E+03  8.1828E-05  5.7697E-13  3.4699E-13  5.6062E-06
 6.3920E+25  8.1802E-05  9.9992E-01  7.0094E+03  8.1828E-05  5.7339E-13  3.4699E-13  5.5745E-06
 6.4012E+25  8.2051E-05  9.9992E-01  7.0094E+03  8.1828E-05  5.7174E-13  3.4699E-13  5.5427E-06
 6.4105E+25  8.2447E-05  9.9992E-01  7.0094E+03  8.1828E-05  5.7286E-13  3.4699E-13  5.5133E-06
 6.4198E+25  8.2950E-05  9.9992E-01  7.0094E+03  8.1828E-05  5.6921E-13  3.4699E-13  5.4846E-06
 6.4290E+25  8.3421E-05  9.9992E-01  7.0094E+03  8.1828E-05  5.6564E-13  3.4699E-13  5.4561E-06
 6.4383E+25  8.3845E-05  9.9992E-01  7.0094E+03  8.1828E-05  5.6208E-13  3.4699E-13  5.4284E-06
 6.4475E+25  8.4174E-05  9.9992E-01  7.0094E+03  8.1828E-05  5.5862E-13  3.4699E-13  5.4004E-06
 6.4568E+25  8.4481E-05  9.9992E-01  7.0093E+03  8.1828E-05  5.6081E-13  3.4699E-13  5.3723E-06
 6.4660E+25  8.4990E-05  9.9992E-01  7.0093E+03  8.1828E-05  5.5801E-13  3.4699E-13  5.3441E-06
 6.4753E+25  8.5489E-05  9.9991E-01  7.0093E+03  8.1828E-05  5.5447E-13  3.4699E-13  5.3159E-06
 6.4846E+25  8.5947E-05  9.9991E-01  7.0093E+03  8.1828E-05  5.5103E-13  3.4700E-13  5.2877E-06
 6.4938E+25  8.6336E-05  9.9991E-01  7.0093E+03  8.1828E-05  5.4760E-13  3.4700E-13  5.2595E-06
 6.5031E+25  8.6629E-05  9.9991E-01  7.0093E+03  8.1828E-05  5.4728E-13  3.4700E-13  5.2314E-06
 6.5123E+25  8.7110E-05  9.9991E-01  7.0093E+03  8.1828E-05  5.4687E-13  3.4700E-13  5.2030E-06
 6.5216E+25  8.7622E-05  9.9991E-01  7.0093E+03  8.1828E-05  5.4357E-13  3.4700E-13  5.1743E-06
 6.5308E+25  8.8113E-05  9.9991E-01  7.0092E+03  8.1828E-05  5.4014E-13  3.4700E-13  5.1463E-06
 6.5401E+25  8.8549E-05  9.9991E-01  7.0092E+03  8.1828E-05  5.3682E-13  3.4700E-13  5.1179E-06
 6.5494E+25  8.8894E-05  9.9991E-01  7.0092E+03  8.1828E-05  5.3404E-13  3.4700E-13  5.0896E-06
 6.5586E+25  8.9300E-05  9.9991E-01  7.0092E+03  8.1828E-05  5.3603E-13  3.4700E-13  5.0613E-06
 6.5679E+25  8.9835E-05  9.9991E-01  7.0092E+03  8.1828E-05  5.3269E-13  3.4700E-13  5.0347E-06
 6.5771E+25  9.0347E-05  9.9991E-01  7.0092E+03  8.1828E-05  5.2951E-13  3.4700E-13  5.0091E-06
 6.5864E+25  9.0825E-05  9.9991E-01  7.0092E+03  8.1828E-05  5.2619E-13  3.4700E-13  4.9835E-06
 6.5956E+25  9.1231E-05  9.9991E-01  7.0092E+03  8.1828E-05  5.2300E-13  3.4700E-13  4.9589E-06
 6.6049E+25  9.1592E-05  9.9991E-01  7.0091E+03  8.1828E-05  5.2354E-13  3.4700E-13  4.9345E-06
 6.6142E+25  9.2124E-05  9.9991E-01  7.0091E+03  8.1828E-05  5.2212E-13  3.4700E-13  4.9095E-06
 6.6234E+25  9.2658E-05  9.9991E-01  7.0091E+03  8.1828E-05  5.1890E-13  3.4700E-13  4.8841E-06
 6.6327E+25  9.3163E-05  9.9991E-01  7.0091E+03  8.1828E-05  5.1582E-13  3.4700E-13  4.8592E-06
 6.6419E+25  9.3625E-05  9.9991E-01  7.0091E+03  8.1828E-05  5.1262E-13  3.4700E-13  4.8343E-06
 6.6512E+25  9.4005E-05  9.9991E-01  7.0091E+03  8.1828E-05  5.1096E-13  3.4700E-13  4.8091E-06
 6.6604E+25  9.4493E-05  9.9991E-01  7.0091E+03  8.1828E-05  5.1162E-13  3.4701E-13  4.7841E-06
 6.6697E+25  9.5048E-05  9.9990E-01  7.0090E+03  8.1828E-05  5.0857E-13  3.4701E-13  4.7588E-06
 6.6789E+25  9.5583E-05  9.9990E-01  7.0090E+03  8.1828E-05  5.0547E-13  3.4701E-13  4.7337E-06
 6.6882E+25  9.6080E-05  9.9990E-01  7.0090E+03  8.1828E-05  5.0249E-13  3.4701E-13  4.7086E-06
 6.6975E+25  9.6517E-05  9.9990E-01  7.0090E+03  8.1828E-05  4.9940E-13  3.4701E-13  4.6831E-06
 6.7067E+25  9.6952E-05  9.9990E-01  7.0090E+03  8.1828E-05  5.0068E-13  3.4701E-13  4.6582E-06
 6.7160E+25  9.7522E-05  9.9990E-01  7.0090E+03  8.1828E-05  4.9832E-13  3.4701E-13  4.6329E-06
 6.7252E+25  9.8077E-05  9.9990E-01  7.0090E+03  8.1828E-05  4.9537E-13  3.4701E-13  4.6079E-06
 6.7345E+25  9.8610E-05  9.9990E-01  7.0089E+03  8.1828E-05  4.9239E-13  3.4701E-13  4.5848E-06
 6.7437E+25  9.9097E-05  9.9990E-01  7.0089E+03  8.1828E-05  4.8950E-13  3.4701E-13  4.5620E-06
 6.7530E+25  9.9529E-05  9.9990E-01  7.0089E+03  8.1828E-05  4.8867E-13  3.4701E-13  4.5393E-06
 6.7623E+25  1.0008E-04  9.9990E-01  7.0089E+03  8.1828E-05  4.8827E-13  3.4701E-13  4.5176E-06
 6.7715E+25  1.0066E-04  9.9990E-01  7.0089E+03  8.1828E-05  4.8536E-13  3.4701E-13  4.4959E-06
 6.7808E+25  1.0122E-04  9.9990E-01  7.0089E+03  8.1828E-05  4.8252E-13  3.4701E-13  4.4737E-06
 6.7900E+25  1.0174E-04  9.9990E-01  7.0089E+03  8.1828E-05  4.7965E-13  3.4701E-13  4.4514E-06
 6.7993E+25  1.0222E-04  9.9990E-01  7.0089E+03  8.1828E-05  4.7713E-13  3.4701E-13  4.4292E-06
 6.8085E+25  1.0273E-04  9.9990E-01  7.0088E+03  8.1828E-05  4.7834E-13  3.4701E-13  4.4069E-06
 6.8178E+25  1.0333E-04  9.9990E-01  7.0088E+03  8.1828E-05  4.7554E-13  3.4701E-13  4.3846E-06
 6.8271E+25  1.0391E-04  9.9990E-01  7.0088E+03  8.1828E-05  4.7273E-13  3.4702E-13  4.3625E-06
 6.8363E+25  1.0447E-04  9.9990E-01  7.0088E+03  8.1828E-05  4.7000E-13  3.4702E-13  4.3400E-06
 6.8456E+25  1.0498E-04  9.9990E-01  7.0088E+03  8.1828E-05  4.6724E-13  3.4702E-13  4.3175E-06
 6.8548E+25  1.0548E-04  9.9989E-01  7.0088E+03  8.1828E-05  4.6727E-13  3.4702E-13  4.2951E-06
 6.8641E+25  1.0609E-04  9.9989E-01  7.0088E+03  8.1828E-05  4.6585E-13  3.4702E-13  4.2729E-06
 6.8733E+25  1.0669E-04  9.9989E-01  7.0087E+03  8.1828E-05  4.6314E-13  3.4702E-13  4.2504E-06
 6.8826E+25  1.0728E-04  9.9989E-01  7.0087E+03  8.1828E-05  4.6042E-13  3.4702E-13  4.2278E-06
 6.8919E+25  1.0783E-04  9.9989E-01  7.0087E+03  8.1828E-05  4.5779E-13  3.4702E-13  4.2056E-06
 6.9011E+25  1.0834E-04  9.9989E-01  7.0087E+03  8.1828E-05  4.5621E-13  3.4702E-13  4.1847E-06
 6.9104E+25  1.0893E-04  9.9989E-01  7.0087E+03  8.1828E-05  4.5637E-13  3.4702E-13  4.1644E-06
 6.9196E+25  1.0957E-04  9.9989E-01  7.0087E+03  8.1828E-05  4.5367E-13  3.4702E-13  4.1441E-06
 6.9289E+25  1.1018E-04  9.9989E-01  7.0086E+03  8.1828E-05  4.5106E-13  3.4702E-13  4.1247E-06
 6.9381E+25  1.1076E-04  9.9989E-01  7.0086E+03  8.1828E-05  4.4843E-13  3.4702E-13  4.1055E-06
 6.9474E+25  1.1131E-04  9.9989E-01  7.0086E+03  8.1828E-05  4.4589E-13  3.4702E-13  4.0858E-06
 6.9567E+25  1.1187E-04  9.9989E-01  7.0086E+03  8.1828E-05  4.4656E-13  3.4702E-13  4.0662E-06
 6.9659E+25  1.1252E-04  9.9989E-01  7.0086E+03  8.1828E-05  4.4440E-13  3.4702E-13  4.0465E-06
 6.9752E+25  1.1316E-04  9.9989E-01  7.0086E+03  8.1828E-05  4.4181E-13  3.4702E-13  4.0268E-06
 6.9844E+25  1.1378E-04  9.9989E-01  7.0086E+03  8.1828E-05  4.3928E-13  3.4703E-13  4.0071E-06
 6.9937E+25  1.1437E-04  9.9989E-01  7.0085E+03  8.1828E-05  4.3675E-13  3.4703E-13  3.9872E-06
 7.0029E+25  1.1493E-04  9.9989E-01  7.0085E+03  8.1828E-05  4.3605E-13  3.4703E-13  3.9674E-06
 7.0122E+25  1.1557E-04  9.9988E-01  7.0085E+03  8.1828E-05  4.3520E-13  3.4703E-13  3.9475E-06
 7.0215E+25  1.1623E-04  9.9988E-01  7.0085E+03  8.1828E-05  4.3274E-13  3.4703E-13  3.9275E-06
 7.0307E+25  1.1687E-04  9.9988E-01  7.0085E+03  8.1828E-05  4.3025E-13  3.4703E-13  3.9076E-06
 7.0400E+25  1.1749E-04  9.9988E-01  7.0085E+03  8.1828E-05  4.2780E-13  3.4703E-13  3.8876E-06
 7.0492E+25  1.1808E-04  9.9988E-01  7.0084E+03  8.1828E-05  4.2582E-13  3.4703E-13  3.8678E-06
 7.0585E+25  1.1872E-04  9.9988E-01  7.0084E+03  8.1828E-05  4.2614E-13  3.4703E-13  3.8479E-06
 7.0677E+25  1.1940E-04  9.9988E-01  7.0084E+03  8.1828E-05  4.2375E-13  3.4703E-13  3.8280E-06
 7.0770E+25  1.2007E-04  9.9988E-01  7.0084E+03  8.1828E-05  4.2138E-13  3.4703E-13  3.8100E-06
 7.0863E+25  1.2071E-04  9.9988E-01  7.0084E+03  8.1828E-05  4.1898E-13  3.4703E-13  3.7918E-06
 7.0955E+25  1.2134E-04  9.9988E-01  7.0084E+03  8.1828E-05  4.1661E-13  3.4703E-13  3.7739E-06
 7.1048E+25  1.2196E-04  9.9988E-01  7.0084E+03  8.1828E-05  4.1656E-13  3.4703E-13  3.7568E-06
 7.1140E+25  1.2265E-04  9.9988E-01  7.0083E+03  8.1828E-05  4.1489E-13  3.4703E-13  3.7398E-06
 7.1233E+25  1.2334E-04  9.9988E-01  7.0083E+03  8.1828E-05  4.1259E-13  3.4703E-13  3.7222E-06
 7.1325E+25  1.2402E-04  9.9988E-01  7.0083E+03  8.1828E-05  4.1031E-13  3.4704E-13  3.7047E-06
 7.1418E+25  1.2468E-04  9.9988E-01  7.0083E+03  8.1828E-05  4.0800E-13  3.4704E-13  3.6873E-06
 7.1511E+25  1.2531E-04  9.9987E-01  7.0083E+03  8.1828E-05  4.0688E-13  3.4704E-13  3.6698E-06
 7.1603E+25  1.2601E-04  9.9987E-01  7.0083E+03  8.1828E-05  4.0615E-13  3.4704E-13  3.6523E-06
 7.1696E+25  1.2671E-04  9.9987E-01  7.0082E+03  8.1828E-05  4.0393E-13  3.4704E-13  3.6349E-06
 7.1788E+25  1.2741E-04  9.9987E-01  7.0082E+03  8.1828E-05  4.0172E-13  3.4704E-13  3.6172E-06
 7.1881E+25  1.2809E-04  9.9987E-01  7.0082E+03  8.1828E-05  3.9952E-13  3.4704E-13  3.5994E-06
 7.1973E+25  1.2876E-04  9.9987E-01  7.0082E+03  8.1828E-05  3.9750E-13  3.4704E-13  3.5818E-06
 7.2066E+25  1.2944E-04  9.9987E-01  7.0082E+03  8.1828E-05  3.9759E-13  3.4704E-13  3.5641E-06
 7.2159E+25  1.3018E-04  9.9987E-01  7.0082E+03  8.1828E-05  3.9539E-13  3.4704E-13  3.5463E-06
 7.2251E+25  1.3089E-04  9.9987E-01  7.0081E+03  8.1828E-05  3.9325E-13  3.4704E-13  3.5285E-06
 7.2344E+25  1.3160E-04  9.9987E-01  7.0081E+03  8.1828E-05  3.9113E-13  3.4704E-13  3.5107E-06
 7.2436E+25  1.3229E-04  9.9987E-01  7.0081E+03  8.1828E-05  3.8902E-13  3.4704E-13  3.4932E-06
 7.2529E+25  1.3298E-04  9.9987E-01  7.0081E+03  8.1828E-05  3.8859E-13  3.4704E-13  3.4769E-06
 7.2621E+25  1.3372E-04  9.9987E-01  7.0081E+03  8.1828E-05  3.8704E-13  3.4704E-13  3.4605E-06
 7.2714E+25  1.3445E-04  9.9987E-01  7.0081E+03  8.1828E-05  3.8492E-13  3.4705E-13  3.4446E-06
 7.2807E+25  1.3519E-04  9.9986E-01  7.0080E+03  8.1828E-05  3.8285E-13  3.4705E-13  3.4293E-06
 7.2899E+25  1.3590E-04  9.9986E-01  7.0080E+03  8.1828E-05  3.8082E-13  3.4705E-13  3.4142E-06
 7.2992E+25  1.3661E-04  9.9986E-01  7.0080E+03  8.1828E-05  3.7964E-13  3.4705E-13  3.3987E-06
 7.3084E+25  1.3735E-04  9.9986E-01  7.0080E+03  8.1828E-05  3.7884E-13  3.4705E-13  3.3833E-06
 7.3177E+25  1.3811E-04  9.9986E-01  7.0080E+03  8.1828E-05  3.7677E-13  3.4705E-13  3.3678E-06
 7.3269E+25  1.3886E-04  9.9986E-01  7.0080E+03  8.1828E-05  3.7472E-13  3.4705E-13  3.3522E-06
 7.3362E+25  1.3960E-04  9.9986E-01  7.0079E+03  8.1828E-05  3.7273E-13  3.4705E-13  3.3368E-06
 7.3455E+25  1.4032E-04  9.9986E-01  7.0079E+03  8.1828E-05  3.7092E-13  3.4705E-13  3.3212E-06
 7.3547E+25  1.4107E-04  9.9986E-01  7.0079E+03  8.1828E-05  3.7075E-13  3.4705E-13  3.3057E-06
 7.3640E+25  1.4184E-04  9.9986E-01  7.0079E+03  8.1828E-05  3.6876E-13  3.4705E-13  3.2901E-06
 7.3732E+25  1.4261E-04  9.9986E-01  7.0079E+03  8.1828E-05  3.6677E-13  3.4705E-13  3.2743E-06
 7.3825E+25  1.4338E-04  9.9986E-01  7.0079E+03  8.1828E-05  3.6479E-13  3.4705E-13  3.2585E-06
 7.3917E+25  1.4412E-04  9.9986E-01  7.0078E+03  8.1828E-05  3.6288E-13  3.4705E-13  3.2427E-06
 7.4010E+25  1.4487E-04  9.9986E-01  7.0078E+03  8.1828E-05  3.6231E-13  3.4705E-13  3.2270E-06
 7.4103E+25  1.4566E-04  9.9985E-01  7.0078E+03  8.1828E-05  3.6086E-13  3.4706E-13  3.2112E-06
 7.4195E+25  1.4644E-04  9.9985E-01  7.0078E+03  8.1828E-05  3.5896E-13  3.4706E-13  3.1954E-06
 7.4288E+25  1.4722E-04  9.9985E-01  7.0078E+03  8.1828E-05  3.5705E-13  3.4706E-13  3.1798E-06
 7.4380E+25  1.4799E-04  9.9985E-01  7.0077E+03  8.1828E-05  3.5513E-13  3.4706E-13  3.1655E-06
 7.4473E+25  1.4875E-04  9.9985E-01  7.0077E+03  8.1828E-05  3.5398E-13  3.4706E-13  3.1512E-06
 7.4565E+25  1.4954E-04  9.9985E-01  7.0077E+03  8.1828E-05  3.5306E-13  3.4706E-13  3.1368E-06
 7.4658E+25  1.5034E-04  9.9985E-01  7.0077E+03  8.1828E-05  3.5124E-13  3.4706E-13  3.1234E-06
 7.4751E+25  1.5115E-04  9.9985E-01  7.0077E+03  8.1828E-05  3.4942E-13  3.4706E-13  3.1101E-06
 7.4843E+25  1.5194E-04  9.9985E-01  7.0077E+03  8.1828E-05  3.4759E-13  3.4706E-13  3.0963E-06
 7.4936E+25  1.5271E-04  9.9985E-01  7.0076E+03  8.1828E-05  3.4590E-13  3.4706E-13  3.0825E-06
 7.5028E+25  1.5351E-04  9.9985E-01  7.0076E+03  8.1828E-05  3.4539E-13  3.4706E-13  3.0689E-06
 7.5121E+25  1.5432E-04  9.9985E-01  7.0076E+03  8.1828E-05  3.4364E-13  3.4706E-13  3.0550E-06
 7.5213E+25  1.5513E-04  9.9984E-01  7.0076E+03  8.1828E-05  3.4189E-13  3.4706E-13  3.0413E-06
 7.5306E+25  1.5594E-04  9.9984E-01  7.0076E+03  8.1828E-05  3.4015E-13  3.4706E-13  3.0275E-06
 7.5399E+25  1.5674E-04  9.9984E-01  7.0075E+03  8.1828E-05  3.3839E-13  3.4707E-13  3.0137E-06
 7.5491E+25  1.5754E-04  9.9984E-01  7.0075E+03  8.1828E-05  3.3761E-13  3.4707E-13  2.9999E-06
 7.5584E+25  1.5837E-04  9.9984E-01  7.0075E+03  8.1828E-05  3.3615E-13  3.4707E-13  2.9859E-06
 7.5676E+25  1.5919E-04  9.9984E-01  7.0075E+03  8.1828E-05  3.3448E-13  3.4707E-13  2.9719E-06
 7.5769E+25  1.6001E-04  9.9984E-01  7.0075E+03  8.1828E-05  3.3281E-13  3.4707E-13  2.9580E-06
 7.5861E+25  1.6083E-04  9.9984E-01  7.0075E+03  8.1828E-05  3.3113E-13  3.4707E-13  2.9439E-06
 7.5954E+25  1.6164E-04  9.9984E-01  7.0074E+03  8.1828E-05  3.2997E-13  3.4707E-13  2.9299E-06
 7.6047E+25  1.6247E-04  9.9984E-01  7.0074E+03  8.1828E-05  3.2885E-13  3.4707E-13  2.9159E-06
 7.6139E+25  1.6331E-04  9.9984E-01  7.0074E+03  8.1828E-05  3.2719E-13  3.4707E-13  2.9019E-06
 7.6232E+25  1.6414E-04  9.9984E-01  7.0074E+03  8.1828E-05  3.2559E-13  3.4707E-13  2.8889E-06
 7.6324E+25  1.6497E-04  9.9984E-01  7.0074E+03  8.1828E-05  3.2399E-13  3.4707E-13  2.8760E-06
 7.6417E+25  1.6580E-04  9.9983E-01  7.0073E+03  8.1828E-05  3.2251E-13  3.4707E-13  2.8633E-06
 7.6509E+25  1.6663E-04  9.9983E-01  7.0073E+03  8.1828E-05  3.2173E-13  3.4707E-13  2.8513E-06
 7.6602E+25  1.6748E-04  9.9983E-01  7.0073E+03  8.1828E-05  3.2009E-13  3.4708E-13  2.8393E-06
 7.6695E+25  1.6833E-04  9.9983E-01  7.0073E+03  8.1828E-05  3.1850E-13  3.4708E-13  2.8272E-06
 7.6787E+25  1.6918E-04  9.9983E-01  7.0073E+03  8.1828E-05  3.1695E-13  3.4708E-13  2.8151E-06
 7.6880E+25  1.7001E-04  9.9983E-01  7.0072E+03  8.1828E-05  3.1542E-13  3.4708E-13  2.8029E-06
 7.6972E+25  1.7085E-04  9.9983E-01  7.0072E+03  8.1828E-05  3.1454E-13  3.4708E-13  2.7906E-06
 7.7065E+25  1.7171E-04  9.9983E-01  7.0072E+03  8.1828E-05  3.1317E-13  3.4708E-13  2.7785E-06
 7.7157E+25  1.7256E-04  9.9983E-01  7.0072E+03  8.1828E-05  3.1159E-13  3.4708E-13  2.7662E-06
 7.7250E+25  1.7341E-04  9.9983E-01  7.0072E+03  8.1828E-05  3.1006E-13  3.4708E-13  2.7541E-06
 7.7343E+25  1.7427E-04  9.9983E-01  7.0072E+03  8.1828E-05  3.0857E-13  3.4708E-13  2.7418E-06
 7.7435E+25  1.7511E-04  9.9982E-01  7.0071E+03  8.1828E-05  3.0743E-13  3.4708E-13  2.7294E-06
 7.7528E+25  1.7597E-04  9.9982E-01  7.0071E+03  8.1828E-05  3.0631E-13  3.4708E-13  2.7170E-06
 7.7620E+25  1.7684E-04  9.9982E-01  7.0071E+03  8.1828E-05  3.0485E-13  3.4708E-13  2.7046E-06
 7.7713E+25  1.7770E-04  9.9982E-01  7.0071E+03  8.1828E-05  3.0335E-13  3.4708E-13  2.6922E-06
 7.7805E+25  1.7856E-04  9.9982E-01  7.0071E+03  8.1828E-05  3.0187E-13  3.4709E-13  2.6798E-06
 7.7898E+25  1.7942E-04  9.9982E-01  7.0070E+03  8.1828E-05  3.0052E-13  3.4709E-13  2.6673E-06
 7.7991E+25  1.8028E-04  9.9982E-01  7.0070E+03  8.1828E-05  2.9959E-13  3.4709E-13  2.6547E-06
 7.8083E+25  1.8115E-04  9.9982E-01  7.0070E+03  8.1828E-05  2.9819E-13  3.4709E-13  2.6425E-06
 7.8176E+25  1.8202E-04  9.9982E-01  7.0070E+03  8.1828E-05  2.9679E-13  3.4709E-13  2.6310E-06
 7.8268E+25  1.8289E-04  9.9982E-01  7.0070E+03  8.1828E-05  2.9536E-13  3.4709E-13  2.6196E-06
 7.8361E+25  1.8375E-04  9.9982E-01  7.0069E+03  8.1828E-05  2.9394E-13  3.4709E-13  2.6081E-06
 7.8453E+25  1.8462E-04  9.9982E-01  7.0069E+03  8.1828E-05  2.9291E-13  3.4709E-13  2.5973E-06
 7.8546E+25  1.8550E-04  9.9981E-01  7.0069E+03  8.1828E-05  2.9165E-13  3.4709E-13  2.5870E-06
 7.8638E+25  1.8637E-04  9.9981E-01  7.0069E+03  8.1828E-05  2.9032E-13  3.4709E-13  2.5763E-06
 7.8731E+25  1.8724E-04  9.9981E-01  7.0069E+03  8.1828E-05  2.8898E-13  3.4709E-13  2.5654E-06
 7.8824E+25  1.8812E-04  9.9981E-01  7.0068E+03  8.1828E-05  2.8763E-13  3.4709E-13  2.5546E-06
 7.8916E+25  1.8900E-04  9.9981E-01  7.0068E+03  8.1828E-05  2.8639E-13  3.4710E-13  2.5438E-06
 7.9009E+25  1.8987E-04  9.9981E-01  7.0068E+03  8.1828E-05  2.8525E-13  3.4710E-13  2.5330E-06
 7.9101E+25  1.9074E-04  9.9981E-01  7.0068E+03  8.1828E-05  2.8396E-13  3.4710E-13  2.5221E-06
 7.9194E+25  1.9163E-04  9.9981E-01  7.0068E+03  8.1828E-05  2.8268E-13  3.4710E-13  2.5114E-06
 7.9286E+25  1.9250E-04  9.9981E-01  7.0067E+03  8.1828E-05  2.8142E-13  3.4710E-13  2.5004E-06
 7.9379E+25  1.9337E-04  9.9981E-01  7.0067E+03  8.1828E-05  2.8014E-13  3.4710E-13  2.4895E-06
 7.9472E+25  1.9425E-04  9.9981E-01  7.0067E+03  8.1828E-05  2.7903E-13  3.4710E-13  2.4785E-06
 7.9564E+25  1.9514E-04  9.9980E-01  7.0067E+03  8.1828E-05  2.7775E-13  3.4710E-13  2.4675E-06
 7.9657E+25  1.9601E-04  9.9980E-01  7.0067E+03  8.1828E-05  2.7653E-13  3.4710E-13  2.4565E-06
 7.9749E+25  1.9689E-04  9.9980E-01  7.0066E+03  8.1828E-05  2.7529E-13  3.4710E-13  2.4454E-06
 7.9842E+25  1.9777E-04  9.9980E-01  7.0066E+03  8.1828E-05  2.7409E-13  3.4710E-13  2.4344E-06
 7.9934E+25  1.9866E-04  9.9980E-01  7.0066E+03  8.1828E-05  2.7295E-13  3.4710E-13  2.4233E-06
 8.0027E+25  1.9954E-04  9.9980E-01  7.0066E+03  8.1828E-05  2.7173E-13  3.4710E-13  2.4122E-06
 8.0120E+25  2.0042E-04  9.9980E-01  7.0066E+03  8.1828E-05  2.7050E-13  3.4711E-13  2.4017E-06
 8.0212E+25  2.0130E-04  9.9980E-01  7.0065E+03  8.1828E-05  2.6934E-13  3.4711E-13  2.3915E-06
 8.0305E+25  2.0218E-04  9.9980E-01  7.0065E+03  8.1828E-05  2.6815E-13  3.4711E-13  2.3814E-06
 8.0397E+25  2.0306E-04  9.9980E-01  7.0065E+03  8.1828E-05  2.6700E-13  3.4711E-13  2.3715E-06
 8.0490E+25  2.0394E-04  9.9980E-01  7.0065E+03  8.1828E-05  2.6587E-13  3.4711E-13  2.3621E-06
 8.0582E+25  2.0482E-04  9.9980E-01  7.0065E+03  8.1828E-05  2.6468E-13  3.4711E-13  2.3527E-06
 8.0675E+25  2.0571E-04  9.9979E-01  7.0064E+03  8.1828E-05  2.6350E-13  3.4711E-13  2.3432E-06
 8.0768E+25  2.0658E-04  9.9979E-01  7.0064E+03  8.1828E-05  2.6237E-13  3.4711E-13  2.3338E-06
 8.0860E+25  2.0746E-04  9.9979E-01  7.0064E+03  8.1828E-05  2.6126E-13  3.4711E-13  2.3241E-06
 8.0953E+25  2.0834E-04  9.9979E-01  7.0064E+03  8.1828E-05  2.6007E-13  3.4711E-13  2.3145E-06
 8.1045E+25  2.0922E-04  9.9979E-01  7.0063E+03  8.1828E-05  2.5898E-13  3.4711E-13  2.3049E-06
 8.1138E+25  2.1010E-04  9.9979E-01  7.0063E+03  8.1828E-05  2.5787E-13  3.4711E-13  2.2954E-06
 8.1230E+25  2.1098E-04  9.9979E-01  7.0063E+03  8.1828E-05  2.5674E-13  3.4712E-13  2.2857E-06
 8.1323E+25  2.1185E-04  9.9979E-01  7.0063E+03  8.1828E-05  2.5564E-13  3.4712E-13  2.2761E-06
 8.1416E+25  2.1274E-04  9.9979E-01  7.0063E+03  8.1828E-05  2.5454E-13  3.4712E-13  2.2663E-06
 8.1508E+25  2.1360E-04  9.9979E-01  7.0062E+03  8.1828E-05  2.5335E-13  3.4712E-13  2.2566E-06
 8.1601E+25  2.1448E-04  9.9979E-01  7.0062E+03  8.1828E-05  2.5232E-13  3.4712E-13  2.2468E-06
 8.1693E+25  2.1535E-04  9.9978E-01  7.0062E+03  8.1828E-05  2.5129E-13  3.4712E-13  2.2370E-06
 8.1786E+25  2.1624E-04  9.9978E-01  7.0062E+03  8.1828E-05  2.5022E-13  3.4712E-13  2.2271E-06
 8.1878E+25  2.1711E-04  9.9978E-01  7.0062E+03  8.1828E-05  2.4915E-13  3.4712E-13  2.2173E-06
 8.1971E+25  2.1798E-04  9.9978E-01  7.0061E+03  8.1828E-05  2.4795E-13  3.4712E-13  2.2075E-06
 8.2064E+25  2.1885E-04  9.9978E-01  7.0061E+03  8.1828E-05  2.4688E-13  3.4712E-13  2.1976E-06
 8.2156E+25  2.1972E-04  9.9978E-01  7.0061E+03  8.1828E-05  2.4589E-13  3.4712E-13  2.1883E-06
 8.2249E+25  2.2060E-04  9.9978E-01  7.0061E+03  8.1828E-05  2.4493E-13  3.4712E-13  2.1793E-06
 8.2341E+25  2.2146E-04  9.9978E-01  7.0061E+03  8.1828E-05  2.4392E-13  3.4713E-13  2.1701E-06
 8.2434E+25  2.2233E-04  9.9978E-01  7.0060E+03  8.1828E-05  2.4280E-13  3.4713E-13  2.1612E-06
 8.2526E+25  2.2320E-04  9.9978E-01  7.0060E+03  8.1828E-05  2.4160E-13  3.4713E-13  2.1530E-06
 8.2619E+25  2.2407E-04  9.9978E-01  7.0060E+03  8.1828E-05  2.4066E-13  3.4713E-13  2.1448E-06
 8.2712E+25  2.2492E-04  9.9978E-01  7.0060E+03  8.1828E-05  2.3969E-13  3.4713E-13  2.1363E-06
 8.2804E+25  2.2578E-04  9.9977E-01  7.0060E+03  8.1828E-05  2.3876E-13  3.4713E-13  2.1278E-06
 8.2897E+25  2.2665E-04  9.9977E-01  7.0059E+03  8.1828E-05  2.3785E-13  3.4713E-13  2.1194E-06
 8.2989E+25  2.2751E-04  9.9977E-01  7.0059E+03  8.1828E-05  2.3658E-13  3.4713E-13  2.1109E-06
 8.3082E+25  2.2837E-04  9.9977E-01  7.0059E+03  8.1828E-05  2.3553E-13  3.4713E-13  2.1024E-06
 8.3174E+25  2.2921E-04  9.9977E-01  7.0059E+03  8.1828E-05  2.3465E-13  3.4713E-13  2.0938E-06
 8.3267E+25  2.3007E-04  9.9977E-01  7.0059E+03  8.1828E-05  2.3372E-13  3.4713E-13  2.0854E-06
 8.3360E+25  2.3093E-04  9.9977E-01  7.0058E+03  8.1828E-05  2.3283E-13  3.4713E-13  2.0769E-06
 8.3452E+25  2.3179E-04  9.9977E-01  7.0058E+03  8.1828E-05  2.3189E-13  3.4714E-13  2.0682E-06
 8.3545E+25  2.3264E-04  9.9977E-01  7.0058E+03  8.1828E-05  2.3061E-13  3.4714E-13  2.0596E-06
 8.3637E+25  2.3348E-04  9.9977E-01  7.0058E+03  8.1828E-05  2.2970E-13  3.4714E-13  2.0508E-06
 8.3730E+25  2.3433E-04  9.9977E-01  7.0057E+03  8.1828E-05  2.2883E-13  3.4714E-13  2.0422E-06
 8.3822E+25  2.3517E-04  9.9976E-01  7.0057E+03  8.1828E-05  2.2798E-13  3.4714E-13  2.0335E-06
 8.3915E+25  2.3603E-04  9.9976E-01  7.0057E+03  8.1828E-05  2.2712E-13  3.4714E-13  2.0248E-06
 8.4008E+25  2.3687E-04  9.9976E-01  7.0057E+03  8.1828E-05  2.2601E-13  3.4714E-13  2.0160E-06
 8.4100E+25  2.3770E-04  9.9976E-01  7.0057E+03  8.1828E-05  2.2495E-13  3.4714E-13  2.0072E-06
 8.4193E+25  2.3854E-04  9.9976E-01  7.0056E+03  8.1828E-05  2.2409E-13  3.4714E-13  1.9986E-06
 8.4285E+25  2.3937E-04  9.9976E-01  7.0056E+03  8.1828E-05  2.2323E-13  3.4714E-13  1.9905E-06
 8.4378E+25  2.4021E-04  9.9976E-01  7.0056E+03  8.1828E-05  2.2244E-13  3.4714E-13  1.9824E-06
 8.4470E+25  2.4104E-04  9.9976E-01  7.0056E+03  8.1828E-05  2.2162E-13  3.4714E-13  1.9743E-06
 8.4563E+25  2.4187E-04  9.9976E-01  7.0056E+03  8.1828E-05  2.2034E-13  3.4715E-13  1.9666E-06
 8.4656E+25  2.4270E-04  9.9976E-01  7.0055E+03  8.1828E-05  2.1946E-13  3.4715E-13  1.9593E-06
 8.4748E+25  2.4352E-04  9.9976E-01  7.0055E+03  8.1828E-05  2.1869E-13  3.4715E-13  1.9520E-06
 8.4841E+25  2.4434E-04  9.9976E-01  7.0055E+03  8.1828E-05  2.1788E-13  3.4715E-13  1.9445E-06
 8.4933E+25  2.4516E-04  9.9975E-01  7.0055E+03  8.1828E-05  2.1708E-13  3.4715E-13  1.9370E-06
 8.5026E+25  2.4599E-04  9.9975E-01  7.0055E+03  8.1828E-05  2.1626E-13  3.4715E-13  1.9294E-06
 8.5118E+25  2.4682E-04  9.9975E-01  7.0054E+03  8.1828E-05  2.1494E-13  3.4715E-13  1.9219E-06
 8.5211E+25  2.4762E-04  9.9975E-01  7.0054E+03  8.1828E-05  2.1420E-13  3.4715E-13  1.9144E-06
 8.5304E+25  2.4843E-04  9.9975E-01  7.0054E+03  8.1828E-05  2.1346E-13  3.4715E-13  1.9069E-06
 8.5396E+25  2.4923E-04  9.9975E-01  7.0054E+03  8.1828E-05  2.1272E-13  3.4715E-13  1.8993E-06
 8.5489E+25  2.5004E-04  9.9975E-01  7.0054E+03  8.1828E-05  2.1196E-13  3.4715E-13  1.8918E-06
 8.5581E+25  2.5086E-04  9.9975E-01  7.0053E+03  8.1828E-05  2.1100E-13  3.4715E-13  1.8841E-06
 8.5674E+25  2.5166E-04  9.9975E-01  7.0053E+03  8.1828E-05  2.0985E-13  3.4715E-13  1.8765E-06
 8.5766E+25  2.5245E-04  9.9975E-01  7.0053E+03  8.1828E-05  2.0913E-13  3.4716E-13  1.8687E-06
 8.5859E+25  2.5325E-04  9.9975E-01  7.0053E+03  8.1828E-05  2.0843E-13  3.4716E-13  1.8611E-06
 8.5952E+25  2.5404E-04  9.9975E-01  7.0053E+03  8.1828E-05  2.0774E-13  3.4716E-13  1.8533E-06
 8.6044E+25  2.5483E-04  9.9975E-01  7.0052E+03  8.1828E-05  2.0704E-13  3.4716E-13  1.8456E-06
 8.6137E+25  2.5563E-04  9.9974E-01  7.0052E+03  8.1828E-05  2.0595E-13  3.4716E-13  1.8378E-06
 8.6229E+25  2.5642E-04  9.9974E-01  7.0052E+03  8.1828E-05  2.0495E-13  3.4716E-13  1.8300E-06
 8.6322E+25  2.5720E-04  9.9974E-01  7.0052E+03  8.1828E-05  2.0426E-13  3.4716E-13  1.8223E-06
 8.6414E+25  2.5797E-04  9.9974E-01  7.0052E+03  8.1828E-05  2.0360E-13  3.4716E-13  1.8149E-06
 8.6507E+25  2.5874E-04  9.9974E-01  7.0051E+03  8.1828E-05  2.0293E-13  3.4716E-13  1.8077E-06
 8.6600E+25  2.5954E-04  9.9974E-01  7.0051E+03  8.1828E-05  2.0228E-13  3.4716E-13  1.8005E-06
 8.6692E+25  2.6032E-04  9.9974E-01  7.0051E+03  8.1828E-05  2.0115E-13  3.4716E-13  1.7934E-06
 8.6785E+25  2.6109E-04  9.9974E-01  7.0051E+03  8.1828E-05  2.0022E-13  3.4716E-13  1.7869E-06
 8.6877E+25  2.6184E-04  9.9974E-01  7.0051E+03  8.1828E-05  1.9960E-13  3.4717E-13  1.7805E-06
 8.6970E+25  2.6260E-04  9.9974E-01  7.0050E+03  8.1828E-05  1.9895E-13  3.4717E-13  1.7739E-06
 8.7062E+25  2.6337E-04  9.9974E-01  7.0050E+03  8.1828E-05  1.9833E-13  3.4717E-13  1.7673E-06
 8.7155E+25  2.6414E-04  9.9974E-01  7.0050E+03  8.1828E-05  1.9769E-13  3.4717E-13  1.7607E-06
 8.7248E+25  2.6490E-04  9.9974E-01  7.0050E+03  8.1828E-05  1.9656E-13  3.4717E-13  1.7540E-06
 8.7340E+25  2.6564E-04  9.9973E-01  7.0050E+03  8.1828E-05  1.9571E-13  3.4717E-13  1.7473E-06
 8.7433E+25  2.6639E-04  9.9973E-01  7.0049E+03  8.1828E-05  1.9509E-13  3.4717E-13  1.7406E-06
 8.7525E+25  2.6712E-04  9.9973E-01  7.0049E+03  8.1828E-05  1.9450E-13  3.4717E-13  1.7340E-06
 8.7618E+25  2.6788E-04  9.9973E-01  7.0049E+03  8.1828E-05  1.9389E-13  3.4717E-13  1.7273E-06
 8.7710E+25  2.6863E-04  9.9973E-01  7.0049E+03  8.1828E-05  1.9331E-13  3.4717E-13  1.7206E-06
 8.7803E+25  2.6938E-04  9.9973E-01  7.0049E+03  8.1828E-05  1.9217E-13  3.4717E-13  1.7138E-06
 8.7896E+25  2.7010E-04  9.9973E-01  7.0048E+03  8.1828E-05  1.9136E-13  3.4717E-13  1.7069E-06
 8.7988E+25  2.7083E-04  9.9973E-01  7.0048E+03  8.1828E-05  1.9078E-13  3.4717E-13  1.7002E-06
 8.8081E+25  2.7155E-04  9.9973E-01  7.0048E+03  8.1828E-05  1.9020E-13  3.4718E-13  1.6932E-06
 8.8173E+25  2.7229E-04  9.9973E-01  7.0048E+03  8.1828E-05  1.8965E-13  3.4718E-13  1.6864E-06
 8.8266E+25  2.7302E-04  9.9973E-01  7.0048E+03  8.1828E-05  1.8908E-13  3.4718E-13  1.6795E-06
 8.8358E+25  2.7375E-04  9.9973E-01  7.0047E+03  8.1828E-05  1.8803E-13  3.4718E-13  1.6726E-06
 8.8451E+25  2.7445E-04  9.9973E-01  7.0047E+03  8.1828E-05  1.8717E-13  3.4718E-13  1.6657E-06
 8.8544E+25  2.7516E-04  9.9972E-01  7.0047E+03  8.1828E-05  1.8664E-13  3.4718E-13  1.6588E-06
 8.8636E+25  2.7586E-04  9.9972E-01  7.0047E+03  8.1828E-05  1.8610E-13  3.4718E-13  1.6523E-06
 8.8729E+25  2.7658E-04  9.9972E-01  7.0047E+03  8.1828E-05  1.8556E-13  3.4718E-13  1.6459E-06
 8.8821E+25  2.7729E-04  9.9972E-01  7.0046E+03  8.1828E-05  1.8504E-13  3.4718E-13  1.6395E-06
 8.8914E+25  2.7800E-04  9.9972E-01  7.0046E+03  8.1828E-05  1.8411E-13  3.4718E-13  1.6332E-06
 8.9006E+25  2.7869E-04  9.9972E-01  7.0046E+03  8.1828E-05  1.8316E-13  3.4718E-13  1.6274E-06
 8.9099E+25  2.7938E-04  9.9972E-01  7.0046E+03  8.1828E-05  1.8265E-13  3.4718E-13  1.6217E-06
 8.9192E+25  2.8006E-04  9.9972E-01  7.0046E+03  8.1828E-05  1.8215E-13  3.4718E-13  1.6159E-06
 8.9284E+25  2.8076E-04  9.9972E-01  7.0046E+03  8.1828E-05  1.8164E-13  3.4719E-13  1.6101E-06
 8.9377E+25  2.8145E-04  9.9972E-01  7.0045E+03  8.1828E-05  1.8114E-13  3.4719E-13  1.6041E-06
 8.9469E+25  2.8214E-04  9.9972E-01  7.0045E+03  8.1828E-05  1.8043E-13  3.4719E-13  1.5983E-06
 8.9562E+25  2.8282E-04  9.9972E-01  7.0045E+03  8.1828E-05  1.7931E-13  3.4719E-13  1.5924E-06
 8.9654E+25  2.8349E-04  9.9972E-01  7.0045E+03  8.1828E-05  1.7883E-13  3.4719E-13  1.5865E-06
 8.9747E+25  2.8414E-04  9.9972E-01  7.0045E+03  8.1828E-05  1.7835E-13  3.4719E-13  1.5805E-06
 8.9840E+25  2.8482E-04  9.9972E-01  7.0044E+03  8.1828E-05  1.7787E-13  3.4719E-13  1.5746E-06
 8.9932E+25  2.8549E-04  9.9971E-01  7.0044E+03  8.1828E-05  1.7740E-13  3.4719E-13  1.5687E-06
 9.0025E+25  2.8616E-04  9.9971E-01  7.0044E+03  8.1828E-05  1.7693E-13  3.4719E-13  1.5628E-06
 9.0117E+25  2.8682E-04  9.9971E-01  7.0044E+03  8.1828E-05  1.7567E-13  3.4719E-13  1.5567E-06
 9.0210E+25  2.8747E-04  9.9971E-01  7.0044E+03  8.1828E-05  1.7517E-13  3.4719E-13  1.5506E-06
 9.0302E+25  2.8812E-04  9.9971E-01  7.0043E+03  8.1828E-05  1.7471E-13  3.4719E-13  1.5445E-06
 9.0395E+25  2.8876E-04  9.9971E-01  7.0043E+03  8.1828E-05  1.7426E-13  3.4719E-13  1.5385E-06
 9.0487E+25  2.8941E-04  9.9971E-01  7.0043E+03  8.1828E-05  1.7381E-13  3.4720E-13  1.5323E-06
 9.0580E+25  2.9007E-04  9.9971E-01  7.0043E+03  8.1828E-05  1.7338E-13  3.4720E-13  1.5263E-06
 9.0673E+25  2.9071E-04  9.9971E-01  7.0043E+03  8.1828E-05  1.7245E-13  3.4720E-13  1.5201E-06
 9.0765E+25  2.9134E-04  9.9971E-01  7.0043E+03  8.1828E-05  1.7165E-13  3.4720E-13  1.5140E-06
 9.0858E+25  2.9197E-04  9.9971E-01  7.0042E+03  8.1828E-05  1.7123E-13  3.4720E-13  1.5079E-06
 9.0950E+25  2.9259E-04  9.9971E-01  7.0042E+03  8.1828E-05  1.7080E-13  3.4720E-13  1.5023E-06
 9.1043E+25  2.9322E-04  9.9971E-01  7.0042E+03  8.1828E-05  1.7037E-13  3.4720E-13  1.4965E-06
 9.1135E+25  2.9386E-04  9.9971E-01  7.0042E+03  8.1828E-05  1.6996E-13  3.4720E-13  1.4908E-06
 9.1228E+25  2.9449E-04  9.9971E-01  7.0042E+03  8.1828E-05  1.6946E-13  3.4720E-13  1.4853E-06
 9.1321E+25  2.9510E-04  9.9970E-01  7.0041E+03  8.1828E-05  1.6829E-13  3.4720E-13  1.4802E-06
 9.1413E+25  2.9571E-04  9.9970E-01  7.0041E+03  8.1828E-05  1.6788E-13  3.4720E-13  1.4752E-06
 9.1506E+25  2.9630E-04  9.9970E-01  7.0041E+03  8.1828E-05  1.6748E-13  3.4720E-13  1.4700E-06
 9.1598E+25  2.9691E-04  9.9970E-01  7.0041E+03  8.1828E-05  1.6708E-13  3.4720E-13  1.4649E-06
 9.1691E+25  2.9752E-04  9.9970E-01  7.0041E+03  8.1828E-05  1.6668E-13  3.4720E-13  1.4597E-06
 9.1783E+25  2.9813E-04  9.9970E-01  7.0041E+03  8.1828E-05  1.6629E-13  3.4721E-13  1.4545E-06
 9.1876E+25  2.9874E-04  9.9970E-01  7.0040E+03  8.1828E-05  1.6544E-13  3.4721E-13  1.4492E-06
 9.1969E+25  2.9931E-04  9.9970E-01  7.0040E+03  8.1828E-05  1.6468E-13  3.4721E-13  1.4440E-06
 9.2061E+25  2.9990E-04  9.9970E-01  7.0040E+03  8.1828E-05  1.6430E-13  3.4721E-13  1.4388E-06
 9.2154E+25  3.0048E-04  9.9970E-01  7.0040E+03  8.1828E-05  1.6392E-13  3.4721E-13  1.4336E-06
 9.2246E+25  3.0107E-04  9.9970E-01  7.0040E+03  8.1828E-05  1.6355E-13  3.4721E-13  1.4282E-06
 9.2339E+25  3.0165E-04  9.9970E-01  7.0040E+03  8.1828E-05  1.6318E-13  3.4721E-13  1.4229E-06
 9.2431E+25  3.0224E-04  9.9970E-01  7.0039E+03  8.1828E-05  1.6281E-13  3.4721E-13  1.4176E-06
 9.2524E+25  3.0283E-04  9.9970E-01  7.0039E+03  8.1828E-05  1.6169E-13  3.4721E-13  1.4123E-06
