 4.6285E+22  3.2752E-11  1.0000E+00  1.1653E+04  8.1828E-05  1.0464E-06  2.2794E-13  1.0000E+00
 1.3886E+23  2.2921E-10  1.0000E+00  1.1657E+04  8.1828E-05  1.4948E-07  2.2788E-13  1.0000E+00
 2.3143E+23  6.2167E-10  1.0000E+00  1.1669E+04  8.1828E-05  5.5072E-08  2.2767E-13  1.0000E+00
 3.2400E+23  1.2086E-09  1.0000E+00  1.1697E+04  8.1828E-05  2.8280E-08  2.2723E-13  1.0000E+00
 4.1657E+23  1.9866E-09  1.0000E+00  1.1745E+04  8.1828E-05  1.7154E-08  2.2643E-13  1.0000E+00
 5.0914E+23  2.9495E-09  1.0000E+00  1.1824E+04  8.1828E-05  1.1498E-08  2.2515E-13  1.0000E+00
 6.0171E+23  4.0849E-09  1.0000E+00  1.1946E+04  8.1828E-05  8.2407E-09  2.2320E-13  1.0000E+00
 6.9428E+23  5.3802E-09  1.0000E+00  1.2122E+04  8.1828E-05  6.1910E-09  2.2046E-13  1.0000E+00
 7.8685E+23  6.8015E-09  1.0000E+00  1.2379E+04  8.1828E-05  4.8233E-09  2.1656E-13  1.0000E+00
 8.7942E+23  8.3213E-09  1.0000E+00  1.2738E+04  8.1828E-05  3.8616E-09  2.1136E-13  1.0000E+00
 9.7199E+23  9.9192E-09  1.0000E+00  1.3172E+04  8.1828E-05  3.1615E-09  2.0540E-13  1.0000E+00
 1.0646E+24  1.1617E-08  1.0000E+00  1.3610E+04  8.1828E-05  2.6359E-09  1.9973E-13  1.0000E+00
 1.1571E+24  1.3494E-08  1.0000E+00  1.3927E+04  8.1828E-05  2.2315E-09  1.9582E-13  1.0000E+00
 1.2497E+24  1.5604E-08  1.0000E+00  1.4098E+04  8.1828E-05  1.9126E-09  1.9378E-13  1.0000E+00
 1.3423E+24  1.7904E-08  1.0000E+00  1.4193E+04  8.1828E-05  1.6587E-09  1.9266E-13  1.0000E+00
 1.4348E+24  2.0360E-08  1.0000E+00  1.4293E+04  8.1828E-05  1.4512E-09  1.9150E-13  9.9999E-01
 1.5274E+24  2.2944E-08  1.0000E+00  1.4393E+04  8.1828E-05  1.2812E-09  1.9035E-13  9.9999E-01
 1.6200E+24  2.5693E-08  1.0000E+00  1.4487E+04  8.1828E-05  1.1387E-09  1.8930E-13  9.9999E-01
 1.7126E+24  2.8580E-08  1.0000E+00  1.4578E+04  8.1828E-05  1.0190E-09  1.8828E-13  9.9999E-01
 1.8051E+24  3.1618E-08  1.0000E+00  1.4660E+04  8.1828E-05  9.1726E-10  1.8737E-13  9.9999E-01
 1.8977E+24  3.4802E-08  1.0000E+00  1.4739E+04  8.1828E-05  8.3006E-10  1.8650E-13  9.9999E-01
 1.9903E+24  3.8145E-08  1.0000E+00  1.4816E+04  8.1828E-05  7.5444E-10  1.8566E-13  9.9999E-01
 2.0828E+24  4.1621E-08  1.0000E+00  1.4890E+04  8.1828E-05  6.8890E-10  1.8486E-13  9.9999E-01
 2.1754E+24  4.5220E-08  1.0000E+00  1.4962E+04  8.1828E-05  6.3182E-10  1.8409E-13  9.9999E-01
 2.2680E+24  4.8993E-08  1.0000E+00  1.5033E+04  8.1828E-05  5.8115E-10  1.8334E-13  9.9999E-01
 2.3605E+24  5.2907E-08  1.0000E+00  1.5101E+04  8.1828E-05  5.3637E-10  1.8263E-13  9.9999E-01
 2.4531E+24  5.6949E-08  1.0000E+00  1.5164E+04  8.1828E-05  4.9677E-10  1.8196E-13  9.9999E-01
 2.5457E+24  6.1127E-08  1.0000E+00  1.5229E+04  8.1828E-05  4.6137E-10  1.8129E-13  9.9998E-01
 2.6383E+24  6.5477E-08  1.0000E+00  1.5293E+04  8.1828E-05  4.2940E-10  1.8064E-13  9.9998E-01
 2.7308E+24  6.9949E-08  1.0000E+00  1.5352E+04  8.1828E-05  4.0081E-10  1.8004E-13  9.9998E-01
 2.8234E+24  7.4529E-08  1.0000E+00  1.5412E+04  8.1828E-05  3.7510E-10  1.7943E-13  9.9998E-01
 2.9160E+24  7.9284E-08  1.0000E+00  1.5468E+04  8.1828E-05  3.5166E-10  1.7886E-13  9.9998E-01
 3.0085E+24  8.4228E-08  1.0000E+00  1.5524E+04  8.1828E-05  3.3014E-10  1.7831E-13  9.9998E-01
 3.1011E+24  8.9254E-08  1.0000E+00  1.5580E+04  8.1828E-05  3.1073E-10  1.7775E-13  9.9998E-01
 3.1937E+24  9.4362E-08  1.0000E+00  1.5633E+04  8.1828E-05  2.9317E-10  1.7723E-13  9.9998E-01
 3.2862E+24  9.9698E-08  1.0000E+00  1.5685E+04  8.1828E-05  2.7681E-10  1.7672E-13  9.9997E-01
 3.3788E+24  1.0511E-07  1.0000E+00  1.5735E+04  8.1828E-05  2.6194E-10  1.7623E-13  9.9997E-01
 3.4714E+24  1.1064E-07  1.0000E+00  1.5785E+04  8.1828E-05  2.4826E-10  1.7574E-13  9.9997E-01
 3.5640E+24  1.1639E-07  1.0000E+00  1.5834E+04  8.1828E-05  2.3546E-10  1.7527E-13  9.9997E-01
 3.6565E+24  1.2236E-07  1.0000E+00  1.5880E+04  8.1828E-05  2.2349E-10  1.7483E-13  9.9997E-01
 3.7491E+24  1.2821E-07  1.0000E+00  1.5927E+04  8.1828E-05  2.1283E-10  1.7438E-13  9.9997E-01
 3.8417E+24  1.3438E-07  1.0000E+00  1.5973E+04  8.1828E-05  2.0262E-10  1.7395E-13  9.9997E-01
 3.9342E+24  1.4066E-07  1.0000E+00  1.6017E+04  8.1828E-05  1.9318E-10  1.7353E-13  9.9996E-01
 4.0268E+24  1.4708E-07  1.0000E+00  1.6061E+04  8.1828E-05  1.8437E-10  1.7311E-13  9.9996E-01
 4.1194E+24  1.5349E-07  1.0000E+00  1.6104E+04  8.1828E-05  1.7633E-10  1.7272E-13  9.9996E-01
 4.2120E+24  1.6037E-07  1.0000E+00  1.6145E+04  8.1828E-05  1.6845E-10  1.7233E-13  9.9996E-01
 4.3045E+24  1.6707E-07  1.0000E+00  1.6186E+04  8.1828E-05  1.6139E-10  1.7195E-13  9.9996E-01
 4.3971E+24  1.7388E-07  1.0000E+00  1.6227E+04  8.1828E-05  1.5479E-10  1.7158E-13  9.9996E-01
 4.4897E+24  1.8104E-07  1.0000E+00  1.6266E+04  8.1828E-05  1.4840E-10  1.7122E-13  9.9995E-01
 4.5822E+24  1.8830E-07  1.0000E+00  1.6305E+04  8.1828E-05  1.4242E-10  1.7086E-13  9.9995E-01
 4.6748E+24  1.9566E-07  1.0000E+00  1.6343E+04  8.1828E-05  1.3683E-10  1.7051E-13  9.9995E-01
 4.7674E+24  2.0313E-07  1.0000E+00  1.6380E+04  8.1828E-05  1.3158E-10  1.7018E-13  9.9995E-01
 4.8599E+24  2.1071E-07  1.0000E+00  1.6417E+04  8.1828E-05  1.2663E-10  1.6984E-13  9.9995E-01
 4.9525E+24  2.1842E-07  1.0000E+00  1.6453E+04  8.1828E-05  1.2196E-10  1.6952E-13  9.9994E-01
 5.0451E+24  2.2628E-07  1.0000E+00  1.6488E+04  8.1828E-05  1.1754E-10  1.6920E-13  9.9994E-01
 5.1377E+24  2.3429E-07  1.0000E+00  1.6523E+04  8.1828E-05  1.1335E-10  1.6889E-13  9.9994E-01
 5.2302E+24  2.4246E-07  1.0000E+00  1.6557E+04  8.1828E-05  1.0936E-10  1.6859E-13  9.9994E-01
 5.3228E+24  2.5082E-07  1.0000E+00  1.6591E+04  8.1828E-05  1.0555E-10  1.6829E-13  9.9994E-01
 5.4154E+24  2.5939E-07  1.0000E+00  1.6624E+04  8.1828E-05  1.0192E-10  1.6800E-13  9.9993E-01
 5.5079E+24  2.6765E-07  1.0000E+00  1.6657E+04  8.1828E-05  9.8627E-11  1.6771E-13  9.9993E-01
 5.6005E+24  2.7611E-07  1.0000E+00  1.6689E+04  8.1828E-05  9.5471E-11  1.6743E-13  9.9993E-01
 5.6931E+24  2.8521E-07  1.0000E+00  1.6721E+04  8.1828E-05  9.2294E-11  1.6715E-13  9.9993E-01
 5.7856E+24  2.9459E-07  1.0000E+00  1.6752E+04  8.1828E-05  8.9234E-11  1.6688E-13  9.9992E-01
 5.8782E+24  3.0269E-07  1.0000E+00  1.6782E+04  8.1828E-05  8.6729E-11  1.6661E-13  9.9992E-01
 5.9708E+24  3.1240E-07  1.0000E+00  1.6812E+04  8.1828E-05  8.3922E-11  1.6635E-13  9.9992E-01
 6.0634E+24  3.2208E-07  1.0000E+00  1.6842E+04  8.1828E-05  8.1294E-11  1.6610E-13  9.9992E-01
 6.1559E+24  3.3070E-07  1.0000E+00  1.6871E+04  8.1828E-05  7.9073E-11  1.6585E-13  9.9991E-01
 6.2485E+24  3.4133E-07  1.0000E+00  1.6899E+04  8.1828E-05  7.6515E-11  1.6560E-13  9.9991E-01
 6.3411E+24  3.4996E-07  1.0000E+00  1.6928E+04  8.1828E-05  7.4535E-11  1.6536E-13  9.9991E-01
 6.4336E+24  3.6079E-07  1.0000E+00  1.6956E+04  8.1828E-05  7.2209E-11  1.6512E-13  9.9991E-01
 6.5262E+24  3.6990E-07  1.0000E+00  1.6983E+04  8.1828E-05  7.0345E-11  1.6489E-13  9.9990E-01
 6.6188E+24  3.8100E-07  1.0000E+00  1.7010E+04  8.1828E-05  6.8215E-11  1.6466E-13  9.9990E-01
 6.7113E+24  3.9012E-07  1.0000E+00  1.7037E+04  8.1828E-05  6.6544E-11  1.6443E-13  9.9990E-01
 6.8039E+24  4.0194E-07  1.0000E+00  1.7064E+04  8.1828E-05  6.4513E-11  1.6421E-13  9.9990E-01
 6.8965E+24  4.1077E-07  1.0000E+00  1.7090E+04  8.1828E-05  6.3054E-11  1.6399E-13  9.9989E-01
 6.9891E+24  4.2252E-07  1.0000E+00  1.7116E+04  8.1828E-05  6.1232E-11  1.6377E-13  9.9989E-01
 7.0816E+24  4.3313E-07  1.0000E+00  1.7141E+04  8.1828E-05  5.9666E-11  1.6356E-13  9.9989E-01
 7.1742E+24  4.4341E-07  1.0000E+00  1.7166E+04  8.1828E-05  5.8219E-11  1.6335E-13  9.9988E-01
 7.2668E+24  4.5554E-07  1.0000E+00  1.7191E+04  8.1828E-05  5.6608E-11  1.6314E-13  9.9988E-01
 7.3593E+24  4.6588E-07  1.0000E+00  1.7216E+04  8.1828E-05  5.5293E-11  1.6294E-13  9.9988E-01
 7.4519E+24  4.7691E-07  1.0000E+00  1.7240E+04  8.1828E-05  5.3958E-11  1.6274E-13  9.9987E-01
 7.5445E+24  4.8922E-07  1.0000E+00  1.7264E+04  8.1828E-05  5.2546E-11  1.6254E-13  9.9986E-01
 7.6371E+24  5.0079E-07  1.0000E+00  1.7288E+04  8.1828E-05  5.1280E-11  1.6234E-13  9.9984E-01
 7.7296E+24  5.1118E-07  1.0000E+00  1.7311E+04  8.1828E-05  5.0187E-11  1.6215E-13  9.9981E-01
 7.8222E+24  5.2368E-07  1.0000E+00  1.7334E+04  8.1828E-05  4.8941E-11  1.6197E-13  9.9976E-01
 7.9148E+24  5.3627E-07  1.0000E+00  1.7356E+04  8.1828E-05  4.7745E-11  1.6178E-13  9.9964E-01
 8.0073E+24  5.4844E-07  1.0000E+00  1.7378E+04  8.1828E-05  4.6642E-11  1.6161E-13  9.9943E-01
 8.0999E+24  5.5913E-07  1.0000E+00  1.7399E+04  8.1828E-05  4.5709E-11  1.6144E-13  9.9904E-01
 8.1925E+24  5.7196E-07  1.0000E+00  1.7418E+04  8.1828E-05  4.4645E-11  1.6129E-13  9.9830E-01
 8.2850E+24  5.8493E-07  1.0000E+00  1.7434E+04  8.1828E-05  4.3620E-11  1.6116E-13  9.9696E-01
 8.3776E+24  5.9806E-07  1.0000E+00  1.7445E+04  8.1828E-05  4.2635E-11  1.6107E-13  9.9456E-01
 8.4702E+24  6.1137E-07  1.0000E+00  1.7449E+04  8.1828E-05  4.1686E-11  1.6104E-13  9.9034E-01
 8.5628E+24  6.2383E-07  1.0000E+00  1.7439E+04  8.1828E-05  4.0846E-11  1.6112E-13  9.8305E-01
 8.6553E+24  6.3697E-07  1.0000E+00  1.7408E+04  8.1828E-05  4.0018E-11  1.6139E-13  9.7076E-01
 8.7479E+24  6.5175E-07  1.0000E+00  1.7342E+04  8.1828E-05  3.9159E-11  1.6194E-13  9.5064E-01
 8.8405E+24  6.6759E-07  1.0000E+00  1.7224E+04  8.1828E-05  3.8329E-11  1.6293E-13  9.1897E-01
 8.9330E+24  6.8510E-07  1.0000E+00  1.7031E+04  8.1828E-05  3.7524E-11  1.6459E-13  8.7171E-01
 9.0256E+24  7.0489E-07  1.0000E+00  1.6740E+04  8.1828E-05  3.6748E-11  1.6713E-13  8.0603E-01
 9.1182E+24  7.2804E-07  1.0000E+00  1.6336E+04  8.1828E-05  3.5989E-11  1.7078E-13  7.2262E-01
 9.2107E+24  7.5512E-07  1.0000E+00  1.5825E+04  8.1828E-05  3.5253E-11  1.7563E-13  6.2727E-01
 9.3033E+24  7.8653E-07  1.0000E+00  1.5232E+04  8.1828E-05  3.4536E-11  1.8159E-13  5.2958E-01
 9.3959E+24  8.1949E-07  1.0000E+00  1.4600E+04  8.1828E-05  3.3942E-11  1.8839E-13  4.3908E-01
 9.4885E+24  8.5793E-07  1.0000E+00  1.3970E+04  8.1828E-05  3.3269E-11  1.9567E-13  3.6166E-01
 9.5810E+24  8.9872E-07  1.0000E+00  1.3375E+04  8.1828E-05  3.2611E-11  2.0311E-13  2.9883E-01
 9.6736E+24  9.4098E-07  1.0000E+00  1.2829E+04  8.1828E-05  3.1967E-11  2.1044E-13  2.4924E-01
 9.7662E+24  9.8406E-07  1.0000E+00  1.2339E+04  8.1828E-05  3.1336E-11  2.1751E-13  2.1042E-01
 9.8587E+24  1.0261E-06  1.0000E+00  1.1903E+04  8.1828E-05  3.0758E-11  2.2422E-13  1.7991E-01
 9.9513E+24  1.0659E-06  1.0000E+00  1.1517E+04  8.1828E-05  3.0260E-11  2.3054E-13  1.5566E-01
 1.0044E+25  1.1088E-06  1.0000E+00  1.1174E+04  8.1828E-05  2.9677E-11  2.3647E-13  1.3611E-01
 1.0136E+25  1.1515E-06  1.0000E+00  1.0869E+04  8.1828E-05  2.9107E-11  2.4201E-13  1.2013E-01
 1.0229E+25  1.1940E-06  1.0000E+00  1.0597E+04  8.1828E-05  2.8550E-11  2.4718E-13  1.0688E-01
 1.0322E+25  1.2314E-06  1.0000E+00  1.0354E+04  8.1828E-05  2.8115E-11  2.5202E-13  9.5771E-02
 1.0414E+25  1.2719E-06  1.0000E+00  1.0135E+04  8.1828E-05  2.7618E-11  2.5654E-13  8.6344E-02
 1.0507E+25  1.3133E-06  1.0000E+00  9.9370E+03  8.1828E-05  2.7106E-11  2.6077E-13  7.8267E-02
 1.0599E+25  1.3544E-06  1.0000E+00  9.7580E+03  8.1828E-05  2.6608E-11  2.6474E-13  7.1287E-02
 1.0692E+25  1.3936E-06  1.0000E+00  9.5952E+03  8.1828E-05  2.6154E-11  2.6845E-13  6.5207E-02
 1.0784E+25  1.4296E-06  1.0000E+00  9.4467E+03  8.1828E-05  2.5769E-11  2.7194E-13  5.9875E-02
 1.0877E+25  1.4699E-06  1.0000E+00  9.3107E+03  8.1828E-05  2.5311E-11  2.7521E-13  5.5170E-02
 1.0970E+25  1.5100E-06  1.0000E+00  9.1859E+03  8.1828E-05  2.4867E-11  2.7829E-13  5.0994E-02
 1.1062E+25  1.5499E-06  1.0000E+00  9.0711E+03  8.1828E-05  2.4435E-11  2.8120E-13  4.7269E-02
 1.1155E+25  1.5894E-06  1.0000E+00  8.9650E+03  8.1828E-05  2.4016E-11  2.8393E-13  4.3931E-02
 1.1247E+25  1.6235E-06  1.0000E+00  8.8670E+03  8.1828E-05  2.3691E-11  2.8651E-13  4.0927E-02
 1.1340E+25  1.6627E-06  1.0000E+00  8.7761E+03  8.1828E-05  2.3296E-11  2.8895E-13  3.8214E-02
 1.1432E+25  1.7019E-06  1.0000E+00  8.6916E+03  8.1828E-05  2.2910E-11  2.9125E-13  3.5752E-02
 1.1525E+25  1.7410E-06  1.0000E+00  8.6130E+03  8.1828E-05  2.2535E-11  2.9343E-13  3.3515E-02
 1.1618E+25  1.7801E-06  1.0000E+00  8.5396E+03  8.1828E-05  2.2169E-11  2.9550E-13  3.1473E-02
 1.1710E+25  1.8190E-06  1.0000E+00  8.4711E+03  8.1828E-05  2.1815E-11  2.9746E-13  2.9605E-02
 1.1803E+25  1.8579E-06  1.0000E+00  8.4070E+03  8.1828E-05  2.1469E-11  2.9931E-13  2.7891E-02
 1.1895E+25  1.8962E-06  1.0000E+00  8.3469E+03  8.1828E-05  2.1135E-11  3.0108E-13  2.6315E-02
 1.1988E+25  1.9319E-06  1.0000E+00  8.2905E+03  8.1828E-05  2.0845E-11  3.0275E-13  2.4862E-02
 1.2080E+25  1.9707E-06  1.0000E+00  8.2374E+03  8.1828E-05  2.0525E-11  3.0434E-13  2.3521E-02
 1.2173E+25  2.0096E-06  1.0000E+00  8.1875E+03  8.1828E-05  2.0212E-11  3.0586E-13  2.2279E-02
 1.2266E+25  2.0485E-06  1.0000E+00  8.1405E+03  8.1828E-05  1.9905E-11  3.0730E-13  2.1127E-02
 1.2358E+25  2.0876E-06  1.0000E+00  8.0961E+03  8.1828E-05  1.9606E-11  3.0868E-13  2.0057E-02
 1.2451E+25  2.1266E-06  1.0000E+00  8.0542E+03  8.1828E-05  1.9315E-11  3.0999E-13  1.9061E-02
 1.2543E+25  2.1657E-06  1.0000E+00  8.0145E+03  8.1828E-05  1.9031E-11  3.1124E-13  1.8132E-02
 1.2636E+25  2.2050E-06  1.0000E+00  7.9770E+03  8.1828E-05  1.8751E-11  3.1243E-13  1.7266E-02
 1.2728E+25  2.2443E-06  1.0000E+00  7.9415E+03  8.1828E-05  1.8479E-11  3.1357E-13  1.6455E-02
 1.2821E+25  2.2838E-06  1.0000E+00  7.9077E+03  8.1828E-05  1.8213E-11  3.1466E-13  1.5697E-02
 1.2914E+25  2.3234E-06  1.0000E+00  7.8757E+03  8.1828E-05  1.7953E-11  3.1570E-13  1.4985E-02
 1.3006E+25  2.3633E-06  1.0000E+00  7.8453E+03  8.1828E-05  1.7696E-11  3.1670E-13  1.4318E-02
 1.3099E+25  2.4034E-06  1.0000E+00  7.8164E+03  8.1828E-05  1.7445E-11  3.1765E-13  1.3691E-02
 1.3191E+25  2.4437E-06  1.0000E+00  7.7889E+03  8.1828E-05  1.7198E-11  3.1857E-13  1.3100E-02
 1.3284E+25  2.4843E-06  1.0000E+00  7.7626E+03  8.1828E-05  1.6957E-11  3.1944E-13  1.2545E-02
 1.3376E+25  2.5252E-06  1.0000E+00  7.7377E+03  8.1828E-05  1.6719E-11  3.2028E-13  1.2021E-02
 1.3469E+25  2.5626E-06  1.0000E+00  7.7138E+03  8.1828E-05  1.6515E-11  3.2109E-13  1.1526E-02
 1.3562E+25  2.6015E-06  1.0000E+00  7.6911E+03  8.1828E-05  1.6297E-11  3.2186E-13  1.1058E-02
 1.3654E+25  2.6424E-06  1.0000E+00  7.6693E+03  8.1828E-05  1.6074E-11  3.2260E-13  1.0617E-02
 1.3747E+25  2.6839E-06  1.0000E+00  7.6486E+03  8.1828E-05  1.5855E-11  3.2331E-13  1.0198E-02
 1.3839E+25  2.7258E-06  1.0000E+00  7.6287E+03  8.1828E-05  1.5639E-11  3.2400E-13  9.8020E-03
 1.3932E+25  2.7682E-06  1.0000E+00  7.6097E+03  8.1828E-05  1.5426E-11  3.2465E-13  9.4263E-03
 1.4024E+25  2.8111E-06  1.0000E+00  7.5915E+03  8.1828E-05  1.5216E-11  3.2528E-13  9.0703E-03
 1.4117E+25  2.8546E-06  1.0000E+00  7.5740E+03  8.1828E-05  1.5008E-11  3.2589E-13  8.7316E-03
 1.4210E+25  2.8981E-06  1.0000E+00  7.5573E+03  8.1828E-05  1.4806E-11  3.2648E-13  8.4097E-03
 1.4302E+25  2.9304E-06  1.0000E+00  7.5413E+03  8.1828E-05  1.4667E-11  3.2704E-13  8.1041E-03
 1.4395E+25  2.9735E-06  1.0000E+00  7.5259E+03  8.1828E-05  1.4470E-11  3.2758E-13  7.8132E-03
 1.4487E+25  3.0183E-06  1.0000E+00  7.5111E+03  8.1828E-05  1.4275E-11  3.2811E-13  7.5357E-03
 1.4580E+25  3.0638E-06  1.0000E+00  7.4969E+03  8.1828E-05  1.4081E-11  3.2861E-13  7.2715E-03
 1.4672E+25  3.1100E-06  1.0000E+00  7.4833E+03  8.1828E-05  1.3889E-11  3.2910E-13  7.0199E-03
 1.4765E+25  3.1536E-06  1.0000E+00  7.4702E+03  8.1828E-05  1.3719E-11  3.2957E-13  6.7794E-03
 1.4858E+25  3.1847E-06  1.0000E+00  7.4576E+03  8.1828E-05  1.3596E-11  3.3002E-13  6.5502E-03
 1.4950E+25  3.2318E-06  1.0000E+00  7.4455E+03  8.1828E-05  1.3412E-11  3.3045E-13  6.3308E-03
 1.5043E+25  3.2799E-06  1.0000E+00  7.4338E+03  8.1828E-05  1.3230E-11  3.3087E-13  6.1213E-03
 1.5135E+25  3.3290E-06  1.0000E+00  7.4225E+03  8.1828E-05  1.3048E-11  3.3128E-13  5.9212E-03
 1.5228E+25  3.3694E-06  1.0000E+00  7.4117E+03  8.1828E-05  1.2910E-11  3.3167E-13  5.7293E-03
 1.5320E+25  3.4038E-06  1.0000E+00  7.4013E+03  8.1828E-05  1.2787E-11  3.3205E-13  5.5460E-03
 1.5413E+25  3.4544E-06  1.0000E+00  7.3912E+03  8.1828E-05  1.2611E-11  3.3242E-13  5.3701E-03
 1.5506E+25  3.5059E-06  1.0000E+00  7.3815E+03  8.1828E-05  1.2437E-11  3.3277E-13  5.2018E-03
 1.5598E+25  3.5530E-06  1.0000E+00  7.3721E+03  8.1828E-05  1.2288E-11  3.3312E-13  5.0404E-03
 1.5691E+25  3.5811E-06  1.0000E+00  7.3630E+03  8.1828E-05  1.2197E-11  3.3345E-13  4.8854E-03
 1.5783E+25  3.6344E-06  1.0000E+00  7.3543E+03  8.1828E-05  1.2028E-11  3.3377E-13  4.7369E-03
 1.5876E+25  3.6890E-06  1.0000E+00  7.3458E+03  8.1828E-05  1.1859E-11  3.3408E-13  4.5941E-03
 1.5968E+25  3.7317E-06  1.0000E+00  7.3377E+03  8.1828E-05  1.1738E-11  3.3438E-13  4.4573E-03
 1.6061E+25  3.7648E-06  1.0000E+00  7.3298E+03  8.1828E-05  1.1637E-11  3.3467E-13  4.3253E-03
 1.6154E+25  3.8217E-06  1.0000E+00  7.3222E+03  8.1828E-05  1.1472E-11  3.3496E-13  4.1990E-03
 1.6246E+25  3.8798E-06  1.0000E+00  7.3148E+03  8.1828E-05  1.1308E-11  3.3523E-13  4.0771E-03
 1.6339E+25  3.9046E-06  1.0000E+00  7.3077E+03  8.1828E-05  1.1250E-11  3.3549E-13  3.9603E-03
 1.6431E+25  3.9568E-06  1.0000E+00  7.3008E+03  8.1828E-05  1.1103E-11  3.3575E-13  3.8473E-03
 1.6524E+25  4.0176E-06  1.0000E+00  7.2941E+03  8.1828E-05  1.0941E-11  3.3600E-13  3.7390E-03
 1.6616E+25  4.0558E-06  1.0000E+00  7.2876E+03  8.1828E-05  1.0851E-11  3.3624E-13  3.6343E-03
 1.6709E+25  4.0953E-06  1.0000E+00  7.2813E+03  8.1828E-05  1.0747E-11  3.3648E-13  3.5339E-03
 1.6802E+25  4.1586E-06  1.0000E+00  7.2753E+03  8.1828E-05  1.0589E-11  3.3670E-13  3.4368E-03
 1.6894E+25  4.2051E-06  1.0000E+00  7.2694E+03  8.1828E-05  1.0484E-11  3.3692E-13  3.3432E-03
 1.6987E+25  4.2373E-06  1.0000E+00  7.2637E+03  8.1828E-05  1.0404E-11  3.3714E-13  3.2530E-03
 1.7079E+25  4.3040E-06  1.0000E+00  7.2581E+03  8.1828E-05  1.0248E-11  3.3735E-13  3.1658E-03
 1.7172E+25  4.3517E-06  1.0000E+00  7.2528E+03  8.1828E-05  1.0146E-11  3.3755E-13  3.0821E-03
 1.7264E+25  4.3838E-06  1.0000E+00  7.2475E+03  8.1828E-05  1.0071E-11  3.3775E-13  3.0007E-03
 1.7357E+25  4.4536E-06  1.0000E+00  7.2425E+03  8.1828E-05  9.9182E-12  3.3794E-13  2.9227E-03
 1.7450E+25  4.4961E-06  1.0000E+00  7.2376E+03  8.1828E-05  9.8348E-12  3.3812E-13  2.8468E-03
 1.7542E+25  4.5350E-06  1.0000E+00  7.2328E+03  8.1828E-05  9.7491E-12  3.3830E-13  2.7738E-03
 1.7635E+25  4.6084E-06  1.0000E+00  7.2282E+03  8.1828E-05  9.5980E-12  3.3848E-13  2.7032E-03
 1.7727E+25  4.6378E-06  1.0000E+00  7.2237E+03  8.1828E-05  9.5469E-12  3.3865E-13  2.6347E-03
 1.7820E+25  4.6916E-06  1.0000E+00  7.2193E+03  8.1828E-05  9.4356E-12  3.3881E-13  2.5689E-03
 1.7912E+25  4.7685E-06  1.0000E+00  7.2151E+03  8.1828E-05  9.2884E-12  3.3897E-13  2.5047E-03
 1.8005E+25  4.7769E-06  1.0000E+00  7.2110E+03  8.1828E-05  9.2789E-12  3.3913E-13  2.4430E-03
 1.8097E+25  4.8544E-06  1.0000E+00  7.2069E+03  8.1828E-05  9.1299E-12  3.3928E-13  2.3832E-03
 1.8190E+25  4.9085E-06  1.0000E+00  7.2030E+03  8.1828E-05  9.0381E-12  3.3943E-13  2.3251E-03
 1.8283E+25  4.9396E-06  1.0000E+00  7.1993E+03  8.1828E-05  8.9790E-12  3.3958E-13  2.2692E-03
 1.8375E+25  5.0240E-06  9.9999E-01  7.1956E+03  8.1828E-05  8.8312E-12  3.3972E-13  2.2146E-03
 1.8468E+25  5.0430E-06  9.9999E-01  7.1920E+03  8.1828E-05  8.8063E-12  3.3986E-13  2.1620E-03
 1.8560E+25  5.1118E-06  9.9999E-01  7.1885E+03  8.1828E-05  8.6853E-12  3.3999E-13  2.1112E-03
 1.8653E+25  5.1742E-06  9.9999E-01  7.1851E+03  8.1828E-05  8.5887E-12  3.4012E-13  2.0614E-03
 1.8745E+25  5.2008E-06  9.9999E-01  7.1818E+03  8.1828E-05  8.5421E-12  3.4025E-13  2.0136E-03
 1.8838E+25  5.2922E-06  9.9999E-01  7.1785E+03  8.1828E-05  8.3970E-12  3.4037E-13  1.9671E-03
 1.8931E+25  5.3037E-06  9.9999E-01  7.1754E+03  8.1828E-05  8.3867E-12  3.4049E-13  1.9218E-03
 1.9023E+25  5.3841E-06  9.9999E-01  7.1724E+03  8.1828E-05  8.2587E-12  3.4061E-13  1.8783E-03
 1.9116E+25  5.4337E-06  9.9999E-01  7.1694E+03  8.1828E-05  8.1908E-12  3.4072E-13  1.8357E-03
 1.9208E+25  5.4773E-06  9.9999E-01  7.1665E+03  8.1828E-05  8.1227E-12  3.4083E-13  1.7942E-03
 1.9301E+25  5.5633E-06  9.9999E-01  7.1636E+03  8.1828E-05  8.0041E-12  3.4094E-13  1.7544E-03
 1.9393E+25  5.5714E-06  9.9999E-01  7.1609E+03  8.1828E-05  7.9898E-12  3.4105E-13  1.7154E-03
 1.9486E+25  5.6736E-06  9.9999E-01  7.1582E+03  8.1828E-05  7.8478E-12  3.4115E-13  1.6776E-03
 1.9579E+25  5.6864E-06  9.9999E-01  7.1556E+03  8.1828E-05  7.8372E-12  3.4125E-13  1.6411E-03
 1.9671E+25  5.7718E-06  9.9999E-01  7.1530E+03  8.1828E-05  7.7179E-12  3.4135E-13  1.6053E-03
 1.9764E+25  5.8143E-06  9.9999E-01  7.1505E+03  8.1828E-05  7.6684E-12  3.4145E-13  1.5706E-03
 1.9856E+25  5.8715E-06  9.9999E-01  7.1481E+03  8.1828E-05  7.5904E-12  3.4154E-13  1.5371E-03
 1.9949E+25  5.9420E-06  9.9999E-01  7.1457E+03  8.1828E-05  7.5071E-12  3.4163E-13  1.5042E-03
 2.0041E+25  5.9725E-06  9.9999E-01  7.1434E+03  8.1828E-05  7.4654E-12  3.4172E-13  1.4723E-03
 2.0134E+25  6.0698E-06  9.9999E-01  7.1411E+03  8.1828E-05  7.3523E-12  3.4181E-13  1.4415E-03
 2.0227E+25  6.0752E-06  9.9999E-01  7.1389E+03  8.1828E-05  7.3424E-12  3.4190E-13  1.4113E-03
 2.0319E+25  6.1936E-06  9.9999E-01  7.1368E+03  8.1828E-05  7.2039E-12  3.4198E-13  1.3818E-03
 2.0412E+25  6.1832E-06  9.9999E-01  7.1347E+03  8.1828E-05  7.2215E-12  3.4206E-13  1.3535E-03
 2.0504E+25  6.3018E-06  9.9999E-01  7.1326E+03  8.1828E-05  7.0826E-12  3.4214E-13  1.3257E-03
 2.0597E+25  6.3082E-06  9.9999E-01  7.1306E+03  8.1828E-05  7.0816E-12  3.4222E-13  1.2985E-03
 2.0689E+25  6.4119E-06  9.9999E-01  7.1286E+03  8.1828E-05  6.9635E-12  3.4229E-13  1.2723E-03
 2.0782E+25  6.4329E-06  9.9999E-01  7.1267E+03  8.1828E-05  6.9469E-12  3.4237E-13  1.2468E-03
 2.0875E+25  6.5239E-06  9.9999E-01  7.1248E+03  8.1828E-05  6.8464E-12  3.4244E-13  1.2216E-03
 2.0967E+25  6.5574E-06  9.9999E-01  7.1230E+03  8.1828E-05  6.8175E-12  3.4251E-13  1.1973E-03
 2.1060E+25  6.6383E-06  9.9999E-01  7.1212E+03  8.1828E-05  6.7308E-12  3.4258E-13  1.1738E-03
 2.1152E+25  6.6813E-06  9.9999E-01  7.1195E+03  8.1828E-05  6.6933E-12  3.4265E-13  1.1507E-03
 2.1245E+25  6.7550E-06  9.9999E-01  7.1178E+03  8.1828E-05  6.6166E-12  3.4272E-13  1.1280E-03
 2.1337E+25  6.8047E-06  9.9999E-01  7.1161E+03  8.1828E-05  6.5741E-12  3.4278E-13  1.1062E-03
 2.1430E+25  6.8742E-06  9.9999E-01  7.1145E+03  8.1828E-05  6.5039E-12  3.4285E-13  1.0849E-03
 2.1523E+25  6.9275E-06  9.9999E-01  7.1128E+03  8.1828E-05  6.4596E-12  3.4291E-13  1.0639E-03
 2.1615E+25  6.9961E-06  9.9999E-01  7.1113E+03  8.1828E-05  6.3925E-12  3.4297E-13  1.0435E-03
 2.1708E+25  7.0497E-06  9.9999E-01  7.1098E+03  8.1828E-05  6.3496E-12  3.4303E-13  1.0239E-03
 2.1800E+25  7.1209E-06  9.9999E-01  7.1083E+03  8.1828E-05  6.2823E-12  3.4309E-13  1.0045E-03
 2.1893E+25  7.1710E-06  9.9999E-01  7.1068E+03  8.1828E-05  6.2439E-12  3.4314E-13  9.8545E-04
 2.1985E+25  7.2487E-06  9.9999E-01  7.1054E+03  8.1828E-05  6.1732E-12  3.4320E-13  9.6713E-04
 2.2078E+25  7.2916E-06  9.9999E-01  7.1040E+03  8.1828E-05  6.1423E-12  3.4326E-13  9.4924E-04
 2.2171E+25  7.3798E-06  9.9999E-01  7.1026E+03  8.1828E-05  6.0652E-12  3.4331E-13  9.3163E-04
 2.2263E+25  7.4114E-06  9.9999E-01  7.1012E+03  8.1828E-05  6.0446E-12  3.4336E-13  9.1440E-04
 2.2356E+25  7.5142E-06  9.9999E-01  7.0999E+03  8.1828E-05  5.9582E-12  3.4341E-13  8.9782E-04
 2.2448E+25  7.5303E-06  9.9999E-01  7.0986E+03  8.1828E-05  5.9507E-12  3.4346E-13  8.8154E-04
 2.2541E+25  7.6522E-06  9.9999E-01  7.0974E+03  8.1828E-05  5.8521E-12  3.4351E-13  8.6548E-04
 2.2633E+25  7.6483E-06  9.9999E-01  7.0961E+03  8.1828E-05  5.8603E-12  3.4356E-13  8.4983E-04
 2.2726E+25  7.7939E-06  9.9999E-01  7.0949E+03  8.1828E-05  5.7470E-12  3.4361E-13  8.3479E-04
 2.2819E+25  7.7653E-06  9.9999E-01  7.0937E+03  8.1828E-05  5.7733E-12  3.4365E-13  8.1996E-04
 2.2911E+25  7.9222E-06  9.9999E-01  7.0926E+03  8.1828E-05  5.6594E-12  3.4370E-13  8.0531E-04
 2.3004E+25  7.8989E-06  9.9999E-01  7.0914E+03  8.1828E-05  5.6728E-12  3.4375E-13  7.9108E-04
 2.3096E+25  8.0394E-06  9.9999E-01  7.0903E+03  8.1828E-05  5.5783E-12  3.4379E-13  7.7735E-04
 2.3189E+25  8.0465E-06  9.9999E-01  7.0892E+03  8.1828E-05  5.5696E-12  3.4383E-13  7.6381E-04
 2.3281E+25  8.1554E-06  9.9999E-01  7.0881E+03  8.1828E-05  5.5002E-12  3.4387E-13  7.5046E-04
 2.3374E+25  8.1988E-06  9.9999E-01  7.0871E+03  8.1828E-05  5.4672E-12  3.4392E-13  7.3745E-04
 2.3467E+25  8.2701E-06  9.9999E-01  7.0861E+03  8.1828E-05  5.4250E-12  3.4396E-13  7.2492E-04
 2.3559E+25  8.3555E-06  9.9999E-01  7.0851E+03  8.1828E-05  5.3657E-12  3.4400E-13  7.1258E-04
 2.3652E+25  8.3838E-06  9.9999E-01  7.0841E+03  8.1828E-05  5.3524E-12  3.4403E-13  7.0037E-04
 2.3744E+25  8.5171E-06  9.9999E-01  7.0831E+03  8.1828E-05  5.2649E-12  3.4407E-13  6.8844E-04
 2.3837E+25  8.4961E-06  9.9999E-01  7.0821E+03  8.1828E-05  5.2826E-12  3.4411E-13  6.7695E-04
 2.3929E+25  8.6590E-06  9.9999E-01  7.0812E+03  8.1828E-05  5.1836E-12  3.4415E-13  6.6568E-04
 2.4022E+25  8.6321E-06  9.9999E-01  7.0803E+03  8.1828E-05  5.1963E-12  3.4418E-13  6.5453E-04
 2.4115E+25  8.7715E-06  9.9999E-01  7.0794E+03  8.1828E-05  5.1181E-12  3.4422E-13  6.4358E-04
 2.4207E+25  8.8016E-06  9.9999E-01  7.0785E+03  8.1828E-05  5.0970E-12  3.4425E-13  6.3299E-04
 2.4300E+25  8.8825E-06  9.9999E-01  7.0776E+03  8.1828E-05  5.0550E-12  3.4429E-13  6.2271E-04
 2.4392E+25  8.9767E-06  9.9999E-01  7.0768E+03  8.1828E-05  4.9984E-12  3.4432E-13  6.1249E-04
 2.4485E+25  8.9919E-06  9.9999E-01  7.0759E+03  8.1828E-05  4.9943E-12  3.4435E-13  6.0243E-04
 2.4577E+25  9.1549E-06  9.9999E-01  7.0751E+03  8.1828E-05  4.9038E-12  3.4439E-13  5.9265E-04
 2.4670E+25  9.1026E-06  9.9999E-01  7.0743E+03  8.1828E-05  4.9324E-12  3.4442E-13  5.8321E-04
 2.4763E+25  9.2678E-06  9.9999E-01  7.0735E+03  8.1828E-05  4.8467E-12  3.4445E-13  5.7390E-04
 2.4855E+25  9.2833E-06  9.9999E-01  7.0728E+03  8.1828E-05  4.8351E-12  3.4448E-13  5.6466E-04
 2.4948E+25  9.3759E-06  9.9999E-01  7.0720E+03  8.1828E-05  4.7916E-12  3.4451E-13  5.5560E-04
 2.5040E+25  9.4741E-06  9.9999E-01  7.0712E+03  8.1828E-05  4.7384E-12  3.4454E-13  5.4685E-04
 2.5133E+25  9.4819E-06  9.9999E-01  7.0705E+03  8.1828E-05  4.7388E-12  3.4457E-13  5.3834E-04
 2.5225E+25  9.6519E-06  9.9999E-01  7.0698E+03  8.1828E-05  4.6553E-12  3.4459E-13  5.2989E-04
 2.5318E+25  9.6057E-06  9.9999E-01  7.0691E+03  8.1828E-05  4.6747E-12  3.4462E-13  5.2153E-04
 2.5411E+25  9.7581E-06  9.9999E-01  7.0684E+03  8.1828E-05  4.6055E-12  3.4465E-13  5.1340E-04
 2.5503E+25  9.8068E-06  9.9999E-01  7.0677E+03  8.1828E-05  4.5791E-12  3.4468E-13  5.0553E-04
 2.5596E+25  9.8625E-06  9.9999E-01  7.0670E+03  8.1828E-05  4.5574E-12  3.4470E-13  4.9781E-04
 2.5688E+25  1.0015E-05  9.9999E-01  7.0664E+03  8.1828E-05  4.4843E-12  3.4473E-13  4.9015E-04
 2.5781E+25  9.9647E-06  9.9999E-01  7.0657E+03  8.1828E-05  4.5112E-12  3.4476E-13  4.8258E-04
 2.5873E+25  1.0139E-05  9.9999E-01  7.0651E+03  8.1828E-05  4.4340E-12  3.4478E-13  4.7524E-04
 2.5966E+25  1.0158E-05  9.9999E-01  7.0645E+03  8.1828E-05  4.4222E-12  3.4480E-13  4.6813E-04
 2.6059E+25  1.0241E-05  9.9999E-01  7.0639E+03  8.1828E-05  4.3903E-12  3.4483E-13  4.6114E-04
 2.6151E+25  1.0379E-05  9.9999E-01  7.0632E+03  8.1828E-05  4.3284E-12  3.4485E-13  4.5418E-04
 2.6244E+25  1.0341E-05  9.9999E-01  7.0627E+03  8.1828E-05  4.3485E-12  3.4488E-13  4.4732E-04
 2.6336E+25  1.0518E-05  9.9999E-01  7.0621E+03  8.1828E-05  4.2755E-12  3.4490E-13  4.4066E-04
 2.6429E+25  1.0529E-05  9.9999E-01  7.0615E+03  8.1828E-05  4.2675E-12  3.4492E-13  4.3422E-04
 2.6521E+25  1.0617E-05  9.9999E-01  7.0609E+03  8.1828E-05  4.2359E-12  3.4494E-13  4.2786E-04
 2.6614E+25  1.0764E-05  9.9999E-01  7.0604E+03  8.1828E-05  4.1746E-12  3.4497E-13  4.2154E-04
 2.6707E+25  1.0714E-05  9.9999E-01  7.0598E+03  8.1828E-05  4.1981E-12  3.4499E-13  4.1532E-04
 2.6799E+25  1.0894E-05  9.9999E-01  7.0593E+03  8.1828E-05  4.1290E-12  3.4501E-13  4.0926E-04
 2.6892E+25  1.0923E-05  9.9999E-01  7.0588E+03  8.1828E-05  4.1146E-12  3.4503E-13  4.0341E-04
 2.6984E+25  1.0991E-05  9.9999E-01  7.0583E+03  8.1828E-05  4.0930E-12  3.4505E-13  3.9763E-04
 2.7077E+25  1.1169E-05  9.9999E-01  7.0577E+03  8.1828E-05  4.0267E-12  3.4507E-13  3.9189E-04
 2.7169E+25  1.1089E-05  9.9999E-01  7.0572E+03  8.1828E-05  4.0549E-12  3.4509E-13  3.8621E-04
 2.7262E+25  1.1267E-05  9.9999E-01  7.0567E+03  8.1828E-05  3.9932E-12  3.4511E-13  3.8068E-04
 2.7355E+25  1.1342E-05  9.9999E-01  7.0563E+03  8.1828E-05  3.9635E-12  3.4513E-13  3.7533E-04
 2.7447E+25  1.1361E-05  9.9999E-01  7.0558E+03  8.1828E-05  3.9606E-12  3.4515E-13  3.7009E-04
 2.7540E+25  1.1545E-05  9.9999E-01  7.0553E+03  8.1828E-05  3.8976E-12  3.4517E-13  3.6487E-04
 2.7632E+25  1.1515E-05  9.9999E-01  7.0549E+03  8.1828E-05  3.9046E-12  3.4518E-13  3.5971E-04
 2.7725E+25  1.1637E-05  9.9999E-01  7.0544E+03  8.1828E-05  3.8670E-12  3.4520E-13  3.5463E-04
 2.7817E+25  1.1789E-05  9.9999E-01  7.0539E+03  8.1828E-05  3.8141E-12  3.4522E-13  3.4971E-04
 2.7910E+25  1.1727E-05  9.9999E-01  7.0535E+03  8.1828E-05  3.8379E-12  3.4524E-13  3.4495E-04
 2.8003E+25  1.1914E-05  9.9999E-01  7.0531E+03  8.1828E-05  3.7777E-12  3.4525E-13  3.4019E-04
 2.8095E+25  1.1973E-05  9.9999E-01  7.0527E+03  8.1828E-05  3.7559E-12  3.4527E-13  3.3550E-04
 2.8188E+25  1.2003E-05  9.9999E-01  7.0522E+03  8.1828E-05  3.7499E-12  3.4529E-13  3.3084E-04
 2.8280E+25  1.2192E-05  9.9999E-01  7.0518E+03  8.1828E-05  3.6921E-12  3.4530E-13  3.2633E-04
 2.8373E+25  1.2162E-05  9.9999E-01  7.0514E+03  8.1828E-05  3.6979E-12  3.4532E-13  3.2193E-04
 2.8465E+25  1.2279E-05  9.9999E-01  7.0510E+03  8.1828E-05  3.6660E-12  3.4534E-13  3.1764E-04
 2.8558E+25  1.2462E-05  9.9999E-01  7.0506E+03  8.1828E-05  3.6099E-12  3.4535E-13  3.1334E-04
 2.8651E+25  1.2365E-05  9.9999E-01  7.0502E+03  8.1828E-05  3.6403E-12  3.4537E-13  3.0910E-04
 2.8743E+25  1.2556E-05  9.9999E-01  7.0498E+03  8.1828E-05  3.5857E-12  3.4538E-13  3.0491E-04
 2.8836E+25  1.2666E-05  9.9999E-01  7.0495E+03  8.1828E-05  3.5514E-12  3.4540E-13  3.0086E-04
 2.8928E+25  1.2640E-05  9.9999E-01  7.0491E+03  8.1828E-05  3.5622E-12  3.4541E-13  2.9692E-04
 2.9021E+25  1.2833E-05  9.9999E-01  7.0487E+03  8.1828E-05  3.5086E-12  3.4543E-13  2.9304E-04
 2.9113E+25  1.2875E-05  9.9999E-01  7.0484E+03  8.1828E-05  3.4943E-12  3.4544E-13  2.8916E-04
 2.9206E+25  1.2916E-05  9.9999E-01  7.0480E+03  8.1828E-05  3.4865E-12  3.4545E-13  2.8532E-04
 2.9299E+25  1.3111E-05  9.9999E-01  7.0477E+03  8.1828E-05  3.4347E-12  3.4547E-13  2.8155E-04
 2.9391E+25  1.3089E-05  9.9999E-01  7.0473E+03  8.1828E-05  3.4373E-12  3.4548E-13  2.7791E-04
 2.9484E+25  1.3191E-05  9.9999E-01  7.0470E+03  8.1828E-05  3.4139E-12  3.4550E-13  2.7435E-04
 2.9576E+25  1.3389E-05  9.9999E-01  7.0467E+03  8.1828E-05  3.3637E-12  3.4551E-13  2.7083E-04
 2.9669E+25  1.3311E-05  9.9999E-01  7.0463E+03  8.1828E-05  3.3804E-12  3.4552E-13  2.6733E-04
 2.9761E+25  1.3467E-05  9.9999E-01  7.0460E+03  8.1828E-05  3.3444E-12  3.4553E-13  2.6386E-04
 2.9854E+25  1.3660E-05  9.9999E-01  7.0457E+03  8.1828E-05  3.2955E-12  3.4555E-13  2.6045E-04
 2.9947E+25  1.3545E-05  9.9999E-01  7.0454E+03  8.1828E-05  3.3239E-12  3.4556E-13  2.5715E-04
 3.0039E+25  1.3743E-05  9.9999E-01  7.0451E+03  8.1828E-05  3.2776E-12  3.4557E-13  2.5393E-04
 3.0132E+25  1.3902E-05  9.9999E-01  7.0447E+03  8.1828E-05  3.2371E-12  3.4558E-13  2.5075E-04
 3.0224E+25  1.3817E-05  9.9999E-01  7.0444E+03  8.1828E-05  3.2602E-12  3.4560E-13  2.4758E-04
 3.0317E+25  1.4019E-05  9.9999E-01  7.0441E+03  8.1828E-05  3.2133E-12  3.4561E-13  2.4443E-04
 3.0409E+25  1.4148E-05  9.9999E-01  7.0438E+03  8.1828E-05  3.1809E-12  3.4562E-13  2.4134E-04
 3.0502E+25  1.4091E-05  9.9999E-01  7.0436E+03  8.1828E-05  3.1970E-12  3.4563E-13  2.3834E-04
 3.0594E+25  1.4295E-05  9.9999E-01  7.0433E+03  8.1828E-05  3.1515E-12  3.4564E-13  2.3542E-04
 3.0687E+25  1.4403E-05  9.9999E-01  7.0430E+03  8.1828E-05  3.1250E-12  3.4565E-13  2.3254E-04
 3.0780E+25  1.4365E-05  9.9999E-01  7.0427E+03  8.1828E-05  3.1362E-12  3.4566E-13  2.2967E-04
 3.0872E+25  1.4571E-05  9.9999E-01  7.0425E+03  8.1828E-05  3.0921E-12  3.4568E-13  2.2682E-04
 3.0965E+25  1.4666E-05  9.9999E-01  7.0422E+03  8.1828E-05  3.0691E-12  3.4569E-13  2.2400E-04
 3.1057E+25  1.4639E-05  9.9999E-01  7.0419E+03  8.1828E-05  3.0778E-12  3.4570E-13  2.2126E-04
 3.1150E+25  1.4846E-05  9.9999E-01  7.0417E+03  8.1828E-05  3.0349E-12  3.4571E-13  2.1859E-04
 3.1242E+25  1.4938E-05  9.9999E-01  7.0414E+03  8.1828E-05  3.0135E-12  3.4572E-13  2.1599E-04
 3.1335E+25  1.4913E-05  9.9999E-01  7.0411E+03  8.1828E-05  3.0215E-12  3.4573E-13  2.1339E-04
 3.1428E+25  1.5122E-05  9.9998E-01  7.0409E+03  8.1828E-05  2.9799E-12  3.4574E-13  2.1081E-04
 3.1520E+25  1.5220E-05  9.9998E-01  7.0406E+03  8.1828E-05  2.9579E-12  3.4575E-13  2.0824E-04
 3.1613E+25  1.5186E-05  9.9998E-01  7.0404E+03  8.1828E-05  2.9674E-12  3.4576E-13  2.0573E-04
 3.1705E+25  1.5397E-05  9.9998E-01  7.0402E+03  8.1828E-05  2.9268E-12  3.4577E-13  2.0329E-04
 3.1798E+25  1.5511E-05  9.9998E-01  7.0399E+03  8.1828E-05  2.9025E-12  3.4578E-13  2.0092E-04
 3.1890E+25  1.5459E-05  9.9998E-01  7.0397E+03  8.1828E-05  2.9153E-12  3.4578E-13  1.9856E-04
 3.1983E+25  1.5671E-05  9.9998E-01  7.0395E+03  8.1828E-05  2.8758E-12  3.4579E-13  1.9622E-04
 3.2076E+25  1.5813E-05  9.9998E-01  7.0392E+03  8.1828E-05  2.8472E-12  3.4580E-13  1.9389E-04
 3.2168E+25  1.5731E-05  9.9998E-01  7.0390E+03  8.1828E-05  2.8650E-12  3.4581E-13  1.9158E-04
 3.2261E+25  1.5945E-05  9.9998E-01  7.0388E+03  8.1828E-05  2.8265E-12  3.4582E-13  1.8934E-04
 3.2353E+25  1.6126E-05  9.9998E-01  7.0386E+03  8.1828E-05  2.7922E-12  3.4583E-13  1.8715E-04
 3.2446E+25  1.6002E-05  9.9998E-01  7.0383E+03  8.1828E-05  2.8166E-12  3.4584E-13  1.8502E-04
 3.2538E+25  1.6219E-05  9.9998E-01  7.0381E+03  8.1828E-05  2.7789E-12  3.4585E-13  1.8290E-04
 3.2631E+25  1.6435E-05  9.9998E-01  7.0379E+03  8.1828E-05  2.7421E-12  3.4586E-13  1.8079E-04
 3.2724E+25  1.6289E-05  9.9998E-01  7.0377E+03  8.1828E-05  2.7651E-12  3.4586E-13  1.7868E-04
 3.2816E+25  1.6493E-05  9.9998E-01  7.0375E+03  8.1828E-05  2.7330E-12  3.4587E-13  1.7661E-04
 3.2909E+25  1.6712E-05  9.9998E-01  7.0373E+03  8.1828E-05  2.6973E-12  3.4588E-13  1.7459E-04
 3.3001E+25  1.6617E-05  9.9998E-01  7.0371E+03  8.1828E-05  2.7100E-12  3.4589E-13  1.7262E-04
 3.3094E+25  1.6765E-05  9.9998E-01  7.0369E+03  8.1828E-05  2.6888E-12  3.4589E-13  1.7070E-04
 3.3186E+25  1.6986E-05  9.9998E-01  7.0367E+03  8.1828E-05  2.6539E-12  3.4590E-13  1.6879E-04
 3.3279E+25  1.6962E-05  9.9998E-01  7.0365E+03  8.1828E-05  2.6551E-12  3.4591E-13  1.6688E-04
 3.3372E+25  1.7037E-05  9.9998E-01  7.0363E+03  8.1828E-05  2.6461E-12  3.4592E-13  1.6498E-04
 3.3464E+25  1.7259E-05  9.9998E-01  7.0361E+03  8.1828E-05  2.6121E-12  3.4593E-13  1.6311E-04
 3.3557E+25  1.7319E-05  9.9998E-01  7.0360E+03  8.1828E-05  2.6004E-12  3.4593E-13  1.6128E-04
 3.3649E+25  1.7307E-05  9.9998E-01  7.0358E+03  8.1828E-05  2.6050E-12  3.4594E-13  1.5950E-04
 3.3742E+25  1.7531E-05  9.9998E-01  7.0356E+03  8.1828E-05  2.5716E-12  3.4595E-13  1.5776E-04
 3.3834E+25  1.7691E-05  9.9998E-01  7.0354E+03  8.1828E-05  2.5459E-12  3.4595E-13  1.5604E-04
 3.3927E+25  1.7575E-05  9.9998E-01  7.0352E+03  8.1828E-05  2.5652E-12  3.4596E-13  1.5432E-04
 3.4020E+25  1.7803E-05  9.9998E-01  7.0351E+03  8.1828E-05  2.5324E-12  3.4597E-13  1.5261E-04
 3.4112E+25  1.8030E-05  9.9998E-01  7.0349E+03  8.1828E-05  2.5005E-12  3.4598E-13  1.5091E-04
 3.4205E+25  1.7889E-05  9.9998E-01  7.0347E+03  8.1828E-05  2.5179E-12  3.4598E-13  1.4925E-04
 3.4297E+25  1.8074E-05  9.9998E-01  7.0346E+03  8.1828E-05  2.4946E-12  3.4599E-13  1.4763E-04
 3.4390E+25  1.8303E-05  9.9998E-01  7.0344E+03  8.1828E-05  2.4635E-12  3.4599E-13  1.4606E-04
 3.4482E+25  1.8285E-05  9.9998E-01  7.0342E+03  8.1828E-05  2.4635E-12  3.4600E-13  1.4450E-04
 3.4575E+25  1.8343E-05  9.9998E-01  7.0341E+03  8.1828E-05  2.4581E-12  3.4601E-13  1.4295E-04
 3.4668E+25  1.8574E-05  9.9998E-01  7.0339E+03  8.1828E-05  2.4276E-12  3.4601E-13  1.4140E-04
 3.4760E+25  1.8697E-05  9.9998E-01  7.0337E+03  8.1828E-05  2.4093E-12  3.4602E-13  1.3987E-04
 3.4853E+25  1.8610E-05  9.9998E-01  7.0336E+03  8.1828E-05  2.4230E-12  3.4603E-13  1.3835E-04
 3.4945E+25  1.8845E-05  9.9998E-01  7.0334E+03  8.1828E-05  2.3928E-12  3.4603E-13  1.3688E-04
 3.5038E+25  1.9078E-05  9.9998E-01  7.0333E+03  8.1828E-05  2.3635E-12  3.4604E-13  1.3544E-04
 3.5130E+25  1.8923E-05  9.9998E-01  7.0331E+03  8.1828E-05  2.3807E-12  3.4604E-13  1.3403E-04
 3.5223E+25  1.9114E-05  9.9998E-01  7.0330E+03  8.1828E-05  2.3592E-12  3.4605E-13  1.3263E-04
 3.5316E+25  1.9349E-05  9.9998E-01  7.0328E+03  8.1828E-05  2.3306E-12  3.4606E-13  1.3124E-04
 3.5408E+25  1.9363E-05  9.9998E-01  7.0327E+03  8.1828E-05  2.3266E-12  3.4606E-13  1.2984E-04
 3.5501E+25  1.9380E-05  9.9998E-01  7.0326E+03  8.1828E-05  2.3270E-12  3.4607E-13  1.2847E-04
 3.5593E+25  1.9619E-05  9.9998E-01  7.0324E+03  8.1828E-05  2.2987E-12  3.4607E-13  1.2711E-04
 3.5686E+25  1.9820E-05  9.9998E-01  7.0323E+03  8.1828E-05  2.2730E-12  3.4608E-13  1.2579E-04
 3.5778E+25  1.9646E-05  9.9998E-01  7.0321E+03  8.1828E-05  2.2956E-12  3.4608E-13  1.2450E-04
 3.5871E+25  1.9888E-05  9.9998E-01  7.0320E+03  8.1828E-05  2.2677E-12  3.4609E-13  1.2324E-04
 3.5964E+25  2.0127E-05  9.9998E-01  7.0319E+03  8.1828E-05  2.2407E-12  3.4610E-13  1.2198E-04
 3.6056E+25  2.0079E-05  9.9998E-01  7.0317E+03  8.1828E-05  2.2438E-12  3.4610E-13  1.2072E-04
 3.6149E+25  2.0153E-05  9.9998E-01  7.0316E+03  8.1828E-05  2.2379E-12  3.4611E-13  1.1947E-04
 3.6241E+25  2.0396E-05  9.9998E-01  7.0315E+03  8.1828E-05  2.2113E-12  3.4611E-13  1.1823E-04
 3.6334E+25  2.0569E-05  9.9998E-01  7.0313E+03  8.1828E-05  2.1904E-12  3.4612E-13  1.1702E-04
 3.6426E+25  2.0417E-05  9.9998E-01  7.0312E+03  8.1828E-05  2.2091E-12  3.4612E-13  1.1583E-04
 3.6519E+25  2.0664E-05  9.9998E-01  7.0311E+03  8.1828E-05  2.1827E-12  3.4613E-13  1.1467E-04
 3.6612E+25  2.0908E-05  9.9998E-01  7.0310E+03  8.1828E-05  2.1573E-12  3.4613E-13  1.1354E-04
 3.6704E+25  2.0853E-05  9.9998E-01  7.0308E+03  8.1828E-05  2.1607E-12  3.4614E-13  1.1240E-04
 3.6797E+25  2.0927E-05  9.9998E-01  7.0307E+03  8.1828E-05  2.1553E-12  3.4614E-13  1.1127E-04
 3.6889E+25  2.1176E-05  9.9998E-01  7.0306E+03  8.1828E-05  2.1300E-12  3.4615E-13  1.1015E-04
 3.6982E+25  2.1377E-05  9.9998E-01  7.0305E+03  8.1828E-05  2.1078E-12  3.4615E-13  1.0903E-04
 3.7074E+25  2.1190E-05  9.9998E-01  7.0304E+03  8.1828E-05  2.1286E-12  3.4616E-13  1.0793E-04
 3.7167E+25  2.1442E-05  9.9998E-01  7.0303E+03  8.1828E-05  2.1037E-12  3.4616E-13  1.0686E-04
 3.7260E+25  2.1691E-05  9.9998E-01  7.0301E+03  8.1828E-05  2.0796E-12  3.4616E-13  1.0581E-04
 3.7352E+25  2.1687E-05  9.9998E-01  7.0300E+03  8.1828E-05  2.0778E-12  3.4617E-13  1.0479E-04
 3.7445E+25  2.1703E-05  9.9998E-01  7.0299E+03  8.1828E-05  2.0784E-12  3.4617E-13  1.0377E-04
 3.7537E+25  2.1958E-05  9.9998E-01  7.0298E+03  8.1828E-05  2.0543E-12  3.4618E-13  1.0275E-04
 3.7630E+25  2.2207E-05  9.9998E-01  7.0297E+03  8.1828E-05  2.0311E-12  3.4618E-13  1.0174E-04
 3.7722E+25  2.2008E-05  9.9998E-01  7.0296E+03  8.1828E-05  2.0477E-12  3.4619E-13  1.0073E-04
 3.7815E+25  2.2220E-05  9.9998E-01  7.0295E+03  8.1828E-05  2.0302E-12  3.4619E-13  9.9733E-05
 3.7908E+25  2.2476E-05  9.9998E-01  7.0294E+03  8.1828E-05  2.0071E-12  3.4619E-13  9.8765E-05
 3.8000E+25  2.2588E-05  9.9998E-01  7.0293E+03  8.1828E-05  1.9950E-12  3.4620E-13  9.7806E-05
 3.8093E+25  2.2481E-05  9.9998E-01  7.0292E+03  8.1828E-05  2.0067E-12  3.4620E-13  9.6885E-05
 3.8185E+25  2.2740E-05  9.9998E-01  7.0291E+03  8.1828E-05  1.9838E-12  3.4621E-13  9.5970E-05
 3.8278E+25  2.2996E-05  9.9998E-01  7.0290E+03  8.1828E-05  1.9617E-12  3.4621E-13  9.5049E-05
 3.8370E+25  2.2939E-05  9.9998E-01  7.0288E+03  8.1828E-05  1.9646E-12  3.4622E-13  9.4136E-05
 3.8463E+25  2.2999E-05  9.9998E-01  7.0288E+03  8.1828E-05  1.9615E-12  3.4622E-13  9.3226E-05
 3.8556E+25  2.3262E-05  9.9998E-01  7.0287E+03  8.1828E-05  1.9394E-12  3.4622E-13  9.2320E-05
 3.8648E+25  2.3518E-05  9.9998E-01  7.0286E+03  8.1828E-05  1.9181E-12  3.4623E-13  9.1437E-05
 3.8741E+25  2.3306E-05  9.9998E-01  7.0285E+03  8.1828E-05  1.9339E-12  3.4623E-13  9.0567E-05
 3.8833E+25  2.3521E-05  9.9998E-01  7.0284E+03  8.1828E-05  1.9181E-12  3.4623E-13  8.9720E-05
 3.8926E+25  2.3786E-05  9.9998E-01  7.0283E+03  8.1828E-05  1.8967E-12  3.4624E-13  8.8898E-05
 3.9018E+25  2.3948E-05  9.9998E-01  7.0282E+03  8.1828E-05  1.8819E-12  3.4624E-13  8.8071E-05
 3.9111E+25  2.3781E-05  9.9998E-01  7.0281E+03  8.1828E-05  1.8971E-12  3.4625E-13  8.7246E-05
 3.9204E+25  2.4045E-05  9.9998E-01  7.0280E+03  8.1828E-05  1.8763E-12  3.4625E-13  8.6426E-05
 3.9296E+25  2.4312E-05  9.9998E-01  7.0279E+03  8.1828E-05  1.8557E-12  3.4625E-13  8.5609E-05
 3.9389E+25  2.4348E-05  9.9998E-01  7.0278E+03  8.1828E-05  1.8510E-12  3.4626E-13  8.4798E-05
 3.9481E+25  2.4304E-05  9.9998E-01  7.0277E+03  8.1828E-05  1.8564E-12  3.4626E-13  8.4008E-05
 3.9574E+25  2.4573E-05  9.9998E-01  7.0276E+03  8.1828E-05  1.8361E-12  3.4626E-13  8.3225E-05
 3.9666E+25  2.4841E-05  9.9998E-01  7.0275E+03  8.1828E-05  1.8163E-12  3.4627E-13  8.2468E-05
 3.9759E+25  2.4763E-05  9.9998E-01  7.0275E+03  8.1828E-05  1.8200E-12  3.4627E-13  8.1729E-05
 3.9852E+25  2.4830E-05  9.9998E-01  7.0274E+03  8.1828E-05  1.8171E-12  3.4627E-13  8.0987E-05
 3.9944E+25  2.5102E-05  9.9997E-01  7.0273E+03  8.1828E-05  1.7974E-12  3.4628E-13  8.0248E-05
 4.0037E+25  2.5372E-05  9.9997E-01  7.0272E+03  8.1828E-05  1.7783E-12  3.4628E-13  7.9509E-05
 4.0129E+25  2.5196E-05  9.9997E-01  7.0271E+03  8.1828E-05  1.7889E-12  3.4628E-13  7.8774E-05
 4.0222E+25  2.5359E-05  9.9997E-01  7.0270E+03  8.1828E-05  1.7793E-12  3.4629E-13  7.8047E-05
 4.0314E+25  2.5634E-05  9.9997E-01  7.0270E+03  8.1828E-05  1.7602E-12  3.4629E-13  7.7335E-05
 4.0407E+25  2.5903E-05  9.9997E-01  7.0269E+03  8.1828E-05  1.7416E-12  3.4629E-13  7.6631E-05
 4.0500E+25  2.5650E-05  9.9997E-01  7.0268E+03  8.1828E-05  1.7575E-12  3.4630E-13  7.5948E-05
 4.0592E+25  2.5890E-05  9.9997E-01  7.0267E+03  8.1828E-05  1.7429E-12  3.4630E-13  7.5283E-05
 4.0685E+25  2.6169E-05  9.9997E-01  7.0267E+03  8.1828E-05  1.7243E-12  3.4630E-13  7.4618E-05
 4.0777E+25  2.6408E-05  9.9997E-01  7.0266E+03  8.1828E-05  1.7068E-12  3.4631E-13  7.3951E-05
 4.0870E+25  2.6149E-05  9.9997E-01  7.0265E+03  8.1828E-05  1.7256E-12  3.4631E-13  7.3288E-05
 4.0962E+25  2.6423E-05  9.9997E-01  7.0264E+03  8.1828E-05  1.7077E-12  3.4631E-13  7.2629E-05
 4.1055E+25  2.6705E-05  9.9997E-01  7.0263E+03  8.1828E-05  1.6897E-12  3.4631E-13  7.1973E-05
 4.1148E+25  2.6901E-05  9.9997E-01  7.0263E+03  8.1828E-05  1.6755E-12  3.4632E-13  7.1326E-05
 4.1240E+25  2.6683E-05  9.9997E-01  7.0262E+03  8.1828E-05  1.6911E-12  3.4632E-13  7.0693E-05
 4.1333E+25  2.6959E-05  9.9997E-01  7.0261E+03  8.1828E-05  1.6738E-12  3.4632E-13  7.0070E-05
 4.1425E+25  2.7244E-05  9.9997E-01  7.0261E+03  8.1828E-05  1.6563E-12  3.4633E-13  6.9471E-05
 4.1518E+25  2.7415E-05  9.9997E-01  7.0260E+03  8.1828E-05  1.6442E-12  3.4633E-13  6.8875E-05
 4.1610E+25  2.7219E-05  9.9997E-01  7.0259E+03  8.1828E-05  1.6579E-12  3.4633E-13  6.8277E-05
 4.1703E+25  2.7498E-05  9.9997E-01  7.0258E+03  8.1828E-05  1.6411E-12  3.4633E-13  6.7680E-05
 4.1796E+25  2.7785E-05  9.9997E-01  7.0258E+03  8.1828E-05  1.6241E-12  3.4634E-13  6.7085E-05
 4.1888E+25  2.7950E-05  9.9997E-01  7.0257E+03  8.1828E-05  1.6128E-12  3.4634E-13  6.6494E-05
 4.1981E+25  2.7757E-05  9.9997E-01  7.0256E+03  8.1828E-05  1.6258E-12  3.4634E-13  6.5907E-05
 4.2073E+25  2.8039E-05  9.9997E-01  7.0256E+03  8.1828E-05  1.6094E-12  3.4635E-13  6.5335E-05
 4.2166E+25  2.8328E-05  9.9997E-01  7.0255E+03  8.1828E-05  1.5930E-12  3.4635E-13  6.4767E-05
 4.2258E+25  2.8507E-05  9.9997E-01  7.0254E+03  8.1828E-05  1.5813E-12  3.4635E-13  6.4214E-05
 4.2351E+25  2.8298E-05  9.9997E-01  7.0254E+03  8.1828E-05  1.5947E-12  3.4635E-13  6.3680E-05
 4.2443E+25  2.8582E-05  9.9997E-01  7.0253E+03  8.1828E-05  1.5789E-12  3.4636E-13  6.3146E-05
 4.2536E+25  2.8874E-05  9.9997E-01  7.0252E+03  8.1828E-05  1.5630E-12  3.4636E-13  6.2609E-05
 4.2629E+25  2.9087E-05  9.9997E-01  7.0252E+03  8.1828E-05  1.5498E-12  3.4636E-13  6.2074E-05
 4.2721E+25  2.8841E-05  9.9997E-01  7.0251E+03  8.1828E-05  1.5648E-12  3.4636E-13  6.1542E-05
 4.2814E+25  2.9129E-05  9.9997E-01  7.0251E+03  8.1828E-05  1.5493E-12  3.4637E-13  6.1012E-05
 4.2906E+25  2.9421E-05  9.9997E-01  7.0250E+03  8.1828E-05  1.5340E-12  3.4637E-13  6.0487E-05
 4.2999E+25  2.9690E-05  9.9997E-01  7.0249E+03  8.1828E-05  1.5185E-12  3.4637E-13  5.9972E-05
 4.3091E+25  2.9386E-05  9.9997E-01  7.0249E+03  8.1828E-05  1.5355E-12  3.4637E-13  5.9461E-05
 4.3184E+25  2.9678E-05  9.9997E-01  7.0248E+03  8.1828E-05  1.5207E-12  3.4638E-13  5.8971E-05
 4.3277E+25  2.9971E-05  9.9997E-01  7.0248E+03  8.1828E-05  1.5058E-12  3.4638E-13  5.8492E-05
 4.3369E+25  3.0269E-05  9.9997E-01  7.0247E+03  8.1828E-05  1.4908E-12  3.4638E-13  5.8011E-05
 4.3462E+25  2.9983E-05  9.9997E-01  7.0246E+03  8.1828E-05  1.5037E-12  3.4638E-13  5.7530E-05
 4.3554E+25  3.0228E-05  9.9997E-01  7.0246E+03  8.1828E-05  1.4930E-12  3.4639E-13  5.7051E-05
 4.3647E+25  3.0524E-05  9.9997E-01  7.0245E+03  8.1828E-05  1.4786E-12  3.4639E-13  5.6573E-05
 4.3739E+25  3.0828E-05  9.9997E-01  7.0244E+03  8.1828E-05  1.4640E-12  3.4639E-13  5.6098E-05
 4.3832E+25  3.0628E-05  9.9997E-01  7.0244E+03  8.1828E-05  1.4719E-12  3.4639E-13  5.5626E-05
 4.3925E+25  3.0783E-05  9.9997E-01  7.0243E+03  8.1828E-05  1.4661E-12  3.4639E-13  5.5164E-05
 4.4017E+25  3.1079E-05  9.9997E-01  7.0243E+03  8.1828E-05  1.4522E-12  3.4640E-13  5.4705E-05
 4.4110E+25  3.1385E-05  9.9997E-01  7.0242E+03  8.1828E-05  1.4381E-12  3.4640E-13  5.4259E-05
 4.4202E+25  3.1304E-05  9.9997E-01  7.0242E+03  8.1828E-05  1.4401E-12  3.4640E-13  5.3829E-05
 4.4295E+25  3.1338E-05  9.9997E-01  7.0241E+03  8.1828E-05  1.4402E-12  3.4640E-13  5.3399E-05
 4.4387E+25  3.1639E-05  9.9997E-01  7.0241E+03  8.1828E-05  1.4265E-12  3.4641E-13  5.2968E-05
 4.4480E+25  3.1943E-05  9.9997E-01  7.0240E+03  8.1828E-05  1.4130E-12  3.4641E-13  5.2538E-05
 4.4573E+25  3.2006E-05  9.9997E-01  7.0240E+03  8.1828E-05  1.4086E-12  3.4641E-13  5.2108E-05
 4.4665E+25  3.1896E-05  9.9997E-01  7.0239E+03  8.1828E-05  1.4150E-12  3.4641E-13  5.1682E-05
 4.4758E+25  3.2200E-05  9.9997E-01  7.0239E+03  8.1828E-05  1.4017E-12  3.4641E-13  5.1257E-05
 4.4850E+25  3.2505E-05  9.9997E-01  7.0238E+03  8.1828E-05  1.3885E-12  3.4642E-13  5.0839E-05
 4.4943E+25  3.2734E-05  9.9997E-01  7.0237E+03  8.1828E-05  1.3773E-12  3.4642E-13  5.0426E-05
 4.5035E+25  3.2459E-05  9.9997E-01  7.0237E+03  8.1828E-05  1.3905E-12  3.4642E-13  5.0018E-05
 4.5128E+25  3.2765E-05  9.9997E-01  7.0237E+03  8.1828E-05  1.3775E-12  3.4642E-13  4.9630E-05
 4.5221E+25  3.3071E-05  9.9997E-01  7.0236E+03  8.1828E-05  1.3648E-12  3.4642E-13  4.9245E-05
 4.5313E+25  3.3385E-05  9.9997E-01  7.0236E+03  8.1828E-05  1.3520E-12  3.4643E-13  4.8858E-05
 4.5406E+25  3.3131E-05  9.9997E-01  7.0235E+03  8.1828E-05  1.3608E-12  3.4643E-13  4.8471E-05
 4.5498E+25  3.3330E-05  9.9997E-01  7.0235E+03  8.1828E-05  1.3542E-12  3.4643E-13  4.8086E-05
 4.5591E+25  3.3642E-05  9.9997E-01  7.0234E+03  8.1828E-05  1.3417E-12  3.4643E-13  4.7703E-05
 4.5683E+25  3.3954E-05  9.9997E-01  7.0234E+03  8.1828E-05  1.3293E-12  3.4643E-13  4.7321E-05
 4.5776E+25  3.3914E-05  9.9997E-01  7.0233E+03  8.1828E-05  1.3294E-12  3.4644E-13  4.6940E-05
 4.5869E+25  3.3900E-05  9.9997E-01  7.0233E+03  8.1828E-05  1.3314E-12  3.4644E-13  4.6568E-05
 4.5961E+25  3.4214E-05  9.9997E-01  7.0232E+03  8.1828E-05  1.3192E-12  3.4644E-13  4.6198E-05
 4.6054E+25  3.4528E-05  9.9997E-01  7.0232E+03  8.1828E-05  1.3073E-12  3.4644E-13  4.5836E-05
 4.6146E+25  3.4726E-05  9.9997E-01  7.0231E+03  8.1828E-05  1.2984E-12  3.4644E-13  4.5490E-05
 4.6239E+25  3.4476E-05  9.9997E-01  7.0231E+03  8.1828E-05  1.3092E-12  3.4645E-13  4.5145E-05
 4.6331E+25  3.4787E-05  9.9997E-01  7.0230E+03  8.1828E-05  1.2975E-12  3.4645E-13  4.4800E-05
 4.6424E+25  3.5107E-05  9.9996E-01  7.0230E+03  8.1828E-05  1.2857E-12  3.4645E-13  4.4454E-05
 4.6517E+25  3.5425E-05  9.9996E-01  7.0229E+03  8.1828E-05  1.2742E-12  3.4645E-13  4.4108E-05
 4.6609E+25  3.5195E-05  9.9996E-01  7.0229E+03  8.1828E-05  1.2811E-12  3.4645E-13  4.3764E-05
 4.6702E+25  3.5366E-05  9.9996E-01  7.0229E+03  8.1828E-05  1.2763E-12  3.4645E-13  4.3422E-05
 4.6794E+25  3.5687E-05  9.9996E-01  7.0228E+03  8.1828E-05  1.2648E-12  3.4646E-13  4.3082E-05
 4.6887E+25  3.6008E-05  9.9996E-01  7.0228E+03  8.1828E-05  1.2536E-12  3.4646E-13  4.2748E-05
 4.6979E+25  3.6066E-05  9.9996E-01  7.0227E+03  8.1828E-05  1.2502E-12  3.4646E-13  4.2415E-05
 4.7072E+25  3.5951E-05  9.9996E-01  7.0227E+03  8.1828E-05  1.2556E-12  3.4646E-13  4.2090E-05
 4.7165E+25  3.6268E-05  9.9996E-01  7.0226E+03  8.1828E-05  1.2446E-12  3.4646E-13  4.1780E-05
 4.7257E+25  3.6595E-05  9.9996E-01  7.0226E+03  8.1828E-05  1.2335E-12  3.4646E-13  4.1471E-05
 4.7350E+25  3.6916E-05  9.9996E-01  7.0226E+03  8.1828E-05  1.2226E-12  3.4647E-13  4.1162E-05
 4.7442E+25  3.6589E-05  9.9996E-01  7.0225E+03  8.1828E-05  1.2325E-12  3.4647E-13  4.0852E-05
 4.7535E+25  3.6858E-05  9.9996E-01  7.0225E+03  8.1828E-05  1.2247E-12  3.4647E-13  4.0542E-05
 4.7627E+25  3.7184E-05  9.9996E-01  7.0224E+03  8.1828E-05  1.2140E-12  3.4647E-13  4.0235E-05
 4.7720E+25  3.7513E-05  9.9996E-01  7.0224E+03  8.1828E-05  1.2033E-12  3.4647E-13  3.9928E-05
 4.7813E+25  3.7519E-05  9.9996E-01  7.0224E+03  8.1828E-05  1.2018E-12  3.4647E-13  3.9622E-05
 4.7905E+25  3.7450E-05  9.9996E-01  7.0223E+03  8.1828E-05  1.2054E-12  3.4648E-13  3.9321E-05
 4.7998E+25  3.7775E-05  9.9996E-01  7.0223E+03  8.1828E-05  1.1950E-12  3.4648E-13  3.9022E-05
 4.8090E+25  3.8109E-05  9.9996E-01  7.0222E+03  8.1828E-05  1.1845E-12  3.4648E-13  3.8727E-05
 4.8183E+25  3.8435E-05  9.9996E-01  7.0222E+03  8.1828E-05  1.1743E-12  3.4648E-13  3.8447E-05
 4.8275E+25  3.8097E-05  9.9996E-01  7.0222E+03  8.1828E-05  1.1837E-12  3.4648E-13  3.8169E-05
 4.8368E+25  3.8376E-05  9.9996E-01  7.0221E+03  8.1828E-05  1.1763E-12  3.4648E-13  3.7893E-05
 4.8461E+25  3.8704E-05  9.9996E-01  7.0221E+03  8.1828E-05  1.1663E-12  3.4648E-13  3.7616E-05
 4.8553E+25  3.9044E-05  9.9996E-01  7.0221E+03  8.1828E-05  1.1562E-12  3.4649E-13  3.7338E-05
 4.8646E+25  3.9096E-05  9.9996E-01  7.0220E+03  8.1828E-05  1.1533E-12  3.4649E-13  3.7062E-05
 4.8738E+25  3.8973E-05  9.9996E-01  7.0220E+03  8.1828E-05  1.1583E-12  3.4649E-13  3.6787E-05
 4.8831E+25  3.9310E-05  9.9996E-01  7.0219E+03  8.1828E-05  1.1483E-12  3.4649E-13  3.6512E-05
 4.8923E+25  3.9646E-05  9.9996E-01  7.0219E+03  8.1828E-05  1.1387E-12  3.4649E-13  3.6241E-05
 4.9016E+25  3.9988E-05  9.9996E-01  7.0219E+03  8.1828E-05  1.1289E-12  3.4649E-13  3.5972E-05
 4.9109E+25  3.9726E-05  9.9996E-01  7.0218E+03  8.1828E-05  1.1351E-12  3.4650E-13  3.5704E-05
 4.9201E+25  3.9916E-05  9.9996E-01  7.0218E+03  8.1828E-05  1.1310E-12  3.4650E-13  3.5442E-05
 4.9294E+25  4.0255E-05  9.9996E-01  7.0218E+03  8.1828E-05  1.1214E-12  3.4650E-13  3.5194E-05
 4.9386E+25  4.0598E-05  9.9996E-01  7.0217E+03  8.1828E-05  1.1120E-12  3.4650E-13  3.4946E-05
 4.9479E+25  4.0807E-05  9.9996E-01  7.0217E+03  8.1828E-05  1.1050E-12  3.4650E-13  3.4699E-05
 4.9571E+25  4.0520E-05  9.9996E-01  7.0216E+03  8.1828E-05  1.1141E-12  3.4650E-13  3.4450E-05
 4.9664E+25  4.0870E-05  9.9996E-01  7.0216E+03  8.1828E-05  1.1046E-12  3.4650E-13  3.4203E-05
 4.9757E+25  4.1211E-05  9.9996E-01  7.0216E+03  8.1828E-05  1.0954E-12  3.4650E-13  3.3956E-05
 4.9849E+25  4.1561E-05  9.9996E-01  7.0215E+03  8.1828E-05  1.0862E-12  3.4651E-13  3.3710E-05
 4.9942E+25  4.1500E-05  9.9996E-01  7.0215E+03  8.1828E-05  1.0865E-12  3.4651E-13  3.3464E-05
 5.0034E+25  4.1480E-05  9.9996E-01  7.0215E+03  8.1828E-05  1.0884E-12  3.4651E-13  3.3221E-05
 5.0127E+25  4.1834E-05  9.9996E-01  7.0214E+03  8.1828E-05  1.0791E-12  3.4651E-13  3.2980E-05
 5.0219E+25  4.2178E-05  9.9996E-01  7.0214E+03  8.1828E-05  1.0703E-12  3.4651E-13  3.2741E-05
 5.0312E+25  4.2533E-05  9.9996E-01  7.0214E+03  8.1828E-05  1.0614E-12  3.4651E-13  3.2506E-05
 5.0405E+25  4.2224E-05  9.9996E-01  7.0213E+03  8.1828E-05  1.0680E-12  3.4651E-13  3.2284E-05
 5.0497E+25  4.2452E-05  9.9996E-01  7.0213E+03  8.1828E-05  1.0635E-12  3.4652E-13  3.2062E-05
 5.0590E+25  4.2810E-05  9.9996E-01  7.0213E+03  8.1828E-05  1.0546E-12  3.4652E-13  3.1841E-05
 5.0682E+25  4.3157E-05  9.9996E-01  7.0213E+03  8.1828E-05  1.0461E-12  3.4652E-13  3.1619E-05
 5.0775E+25  4.3419E-05  9.9996E-01  7.0212E+03  8.1828E-05  1.0385E-12  3.4652E-13  3.1397E-05
 5.0867E+25  4.3077E-05  9.9996E-01  7.0212E+03  8.1828E-05  1.0480E-12  3.4652E-13  3.1176E-05
 5.0960E+25  4.3434E-05  9.9996E-01  7.0212E+03  8.1828E-05  1.0394E-12  3.4652E-13  3.0955E-05
 5.1053E+25  4.3796E-05  9.9996E-01  7.0211E+03  8.1828E-05  1.0308E-12  3.4652E-13  3.0736E-05
 5.1145E+25  4.4148E-05  9.9996E-01  7.0211E+03  8.1828E-05  1.0226E-12  3.4652E-13  3.0517E-05
 5.1238E+25  4.4213E-05  9.9996E-01  7.0211E+03  8.1828E-05  1.0199E-12  3.4653E-13  3.0301E-05
 5.1330E+25  4.4065E-05  9.9996E-01  7.0210E+03  8.1828E-05  1.0245E-12  3.4653E-13  3.0086E-05
 5.1423E+25  4.4428E-05  9.9996E-01  7.0210E+03  8.1828E-05  1.0162E-12  3.4653E-13  2.9873E-05
 5.1515E+25  4.4794E-05  9.9996E-01  7.0210E+03  8.1828E-05  1.0079E-12  3.4653E-13  2.9672E-05
 5.1608E+25  4.5151E-05  9.9995E-01  7.0209E+03  8.1828E-05  9.9991E-13  3.4653E-13  2.9473E-05
 5.1701E+25  4.5041E-05  9.9995E-01  7.0209E+03  8.1828E-05  1.0012E-12  3.4653E-13  2.9277E-05
 5.1793E+25  4.5066E-05  9.9995E-01  7.0209E+03  8.1828E-05  1.0018E-12  3.4653E-13  2.9078E-05
 5.1886E+25  4.5433E-05  9.9995E-01  7.0209E+03  8.1828E-05  9.9372E-13  3.4653E-13  2.8879E-05
 5.1978E+25  4.5805E-05  9.9995E-01  7.0208E+03  8.1828E-05  9.8565E-13  3.4654E-13  2.8681E-05
 5.2071E+25  4.6164E-05  9.9995E-01  7.0208E+03  8.1828E-05  9.7795E-13  3.4654E-13  2.8484E-05
 5.2163E+25  4.5905E-05  9.9995E-01  7.0208E+03  8.1828E-05  9.8237E-13  3.4654E-13  2.8287E-05
 5.2256E+25  4.6080E-05  9.9995E-01  7.0207E+03  8.1828E-05  9.7974E-13  3.4654E-13  2.8091E-05
 5.2349E+25  4.6450E-05  9.9995E-01  7.0207E+03  8.1828E-05  9.7199E-13  3.4654E-13  2.7896E-05
 5.2441E+25  4.6827E-05  9.9995E-01  7.0207E+03  8.1828E-05  9.6415E-13  3.4654E-13  2.7703E-05
 5.2534E+25  4.7185E-05  9.9995E-01  7.0206E+03  8.1828E-05  9.5669E-13  3.4654E-13  2.7511E-05
 5.2626E+25  4.6810E-05  9.9995E-01  7.0206E+03  8.1828E-05  9.6351E-13  3.4654E-13  2.7323E-05
 5.2719E+25  4.7107E-05  9.9995E-01  7.0206E+03  8.1828E-05  9.5840E-13  3.4654E-13  2.7145E-05
 5.2811E+25  4.7479E-05  9.9995E-01  7.0206E+03  8.1828E-05  9.5094E-13  3.4655E-13  2.6967E-05
 5.2904E+25  4.7861E-05  9.9995E-01  7.0205E+03  8.1828E-05  9.4333E-13  3.4655E-13  2.6791E-05
 5.2997E+25  4.8192E-05  9.9995E-01  7.0205E+03  8.1828E-05  9.3607E-13  3.4655E-13  2.6614E-05
 5.3089E+25  4.7779E-05  9.9995E-01  7.0205E+03  8.1828E-05  9.4461E-13  3.4655E-13  2.6437E-05
 5.3182E+25  4.8147E-05  9.9995E-01  7.0205E+03  8.1828E-05  9.3773E-13  3.4655E-13  2.6260E-05
 5.3274E+25  4.8520E-05  9.9995E-01  7.0204E+03  8.1828E-05  9.3054E-13  3.4655E-13  2.6083E-05
 5.3367E+25  4.8908E-05  9.9995E-01  7.0204E+03  8.1828E-05  9.2316E-13  3.4655E-13  2.5907E-05
 5.3459E+25  4.9177E-05  9.9995E-01  7.0204E+03  8.1828E-05  9.1699E-13  3.4655E-13  2.5731E-05
 5.3552E+25  4.8822E-05  9.9995E-01  7.0203E+03  8.1828E-05  9.2479E-13  3.4655E-13  2.5557E-05
 5.3645E+25  4.9200E-05  9.9995E-01  7.0203E+03  8.1828E-05  9.1766E-13  3.4656E-13  2.5385E-05
 5.3737E+25  4.9574E-05  9.9995E-01  7.0203E+03  8.1828E-05  9.1076E-13  3.4656E-13  2.5212E-05
 5.3830E+25  4.9967E-05  9.9995E-01  7.0203E+03  8.1828E-05  9.0360E-13  3.4656E-13  2.5044E-05
 5.3922E+25  5.0199E-05  9.9995E-01  7.0202E+03  8.1828E-05  8.9834E-13  3.4656E-13  2.4885E-05
 5.4015E+25  4.9881E-05  9.9995E-01  7.0202E+03  8.1828E-05  9.0516E-13  3.4656E-13  2.4726E-05
 5.4107E+25  5.0266E-05  9.9995E-01  7.0202E+03  8.1828E-05  8.9821E-13  3.4656E-13  2.4569E-05
 5.4200E+25  5.0643E-05  9.9995E-01  7.0202E+03  8.1828E-05  8.9153E-13  3.4656E-13  2.4411E-05
 5.4292E+25  5.1039E-05  9.9995E-01  7.0201E+03  8.1828E-05  8.8463E-13  3.4656E-13  2.4252E-05
 5.4385E+25  5.1262E-05  9.9995E-01  7.0201E+03  8.1828E-05  8.7973E-13  3.4656E-13  2.4094E-05
 5.4478E+25  5.0953E-05  9.9995E-01  7.0201E+03  8.1828E-05  8.8614E-13  3.4656E-13  2.3936E-05
 5.4570E+25  5.1345E-05  9.9995E-01  7.0201E+03  8.1828E-05  8.7935E-13  3.4657E-13  2.3779E-05
 5.4663E+25  5.1729E-05  9.9995E-01  7.0200E+03  8.1828E-05  8.7281E-13  3.4657E-13  2.3622E-05
 5.4755E+25  5.2124E-05  9.9995E-01  7.0200E+03  8.1828E-05  8.6625E-13  3.4657E-13  2.3465E-05
 5.4848E+25  5.2364E-05  9.9995E-01  7.0200E+03  8.1828E-05  8.6124E-13  3.4657E-13  2.3310E-05
 5.4940E+25  5.2041E-05  9.9995E-01  7.0200E+03  8.1828E-05  8.6758E-13  3.4657E-13  2.3156E-05
 5.5033E+25  5.2438E-05  9.9995E-01  7.0199E+03  8.1828E-05  8.6104E-13  3.4657E-13  2.3003E-05
 5.5126E+25  5.2830E-05  9.9995E-01  7.0199E+03  8.1828E-05  8.5464E-13  3.4657E-13  2.2859E-05
 5.5218E+25  5.3221E-05  9.9995E-01  7.0199E+03  8.1828E-05  8.4838E-13  3.4657E-13  2.2716E-05
 5.5311E+25  5.3507E-05  9.9995E-01  7.0199E+03  8.1828E-05  8.4286E-13  3.4657E-13  2.2575E-05
 5.5403E+25  5.3149E-05  9.9995E-01  7.0198E+03  8.1828E-05  8.4951E-13  3.4657E-13  2.2435E-05
 5.5496E+25  5.3545E-05  9.9995E-01  7.0198E+03  8.1828E-05  8.4326E-13  3.4658E-13  2.2293E-05
 5.5588E+25  5.3944E-05  9.9995E-01  7.0198E+03  8.1828E-05  8.3700E-13  3.4658E-13  2.2152E-05
 5.5681E+25  5.4337E-05  9.9995E-01  7.0198E+03  8.1828E-05  8.3097E-13  3.4658E-13  2.2011E-05
 5.5774E+25  5.4692E-05  9.9995E-01  7.0197E+03  8.1828E-05  8.2473E-13  3.4658E-13  2.1870E-05
 5.5866E+25  5.4274E-05  9.9995E-01  7.0197E+03  8.1828E-05  8.3180E-13  3.4658E-13  2.1730E-05
 5.5959E+25  5.4663E-05  9.9995E-01  7.0197E+03  8.1828E-05  8.2603E-13  3.4658E-13  2.1589E-05
 5.6051E+25  5.5073E-05  9.9994E-01  7.0197E+03  8.1828E-05  8.1987E-13  3.4658E-13  2.1450E-05
 5.6144E+25  5.5473E-05  9.9994E-01  7.0197E+03  8.1828E-05  8.1394E-13  3.4658E-13  2.1312E-05
 5.6236E+25  5.5866E-05  9.9994E-01  7.0196E+03  8.1828E-05  8.0806E-13  3.4658E-13  2.1174E-05
 5.6329E+25  5.5461E-05  9.9994E-01  7.0196E+03  8.1828E-05  8.1338E-13  3.4658E-13  2.1037E-05
 5.6422E+25  5.5804E-05  9.9994E-01  7.0196E+03  8.1828E-05  8.0912E-13  3.4658E-13  2.0909E-05
 5.6514E+25  5.6215E-05  9.9994E-01  7.0196E+03  8.1828E-05  8.0322E-13  3.4659E-13  2.0782E-05
 5.6607E+25  5.6624E-05  9.9994E-01  7.0195E+03  8.1828E-05  7.9742E-13  3.4659E-13  2.0657E-05
 5.6699E+25  5.7025E-05  9.9994E-01  7.0195E+03  8.1828E-05  7.9178E-13  3.4659E-13  2.0531E-05
 5.6792E+25  5.6723E-05  9.9994E-01  7.0195E+03  8.1828E-05  7.9513E-13  3.4659E-13  2.0405E-05
 5.6884E+25  5.6965E-05  9.9994E-01  7.0195E+03  8.1828E-05  7.9263E-13  3.4659E-13  2.0279E-05
 5.6977E+25  5.7370E-05  9.9994E-01  7.0194E+03  8.1828E-05  7.8708E-13  3.4659E-13  2.0153E-05
 5.7070E+25  5.7789E-05  9.9994E-01  7.0194E+03  8.1828E-05  7.8135E-13  3.4659E-13  2.0027E-05
 5.7162E+25  5.8199E-05  9.9994E-01  7.0194E+03  8.1828E-05  7.7583E-13  3.4659E-13  1.9902E-05
 5.7255E+25  5.8039E-05  9.9994E-01  7.0194E+03  8.1828E-05  7.7710E-13  3.4659E-13  1.9776E-05
 5.7347E+25  5.8139E-05  9.9994E-01  7.0194E+03  8.1828E-05  7.7666E-13  3.4659E-13  1.9652E-05
 5.7440E+25  5.8545E-05  9.9994E-01  7.0193E+03  8.1828E-05  7.7125E-13  3.4659E-13  1.9528E-05
 5.7532E+25  5.8969E-05  9.9994E-01  7.0193E+03  8.1828E-05  7.6573E-13  3.4660E-13  1.9404E-05
 5.7625E+25  5.9389E-05  9.9994E-01  7.0193E+03  8.1828E-05  7.6032E-13  3.4660E-13  1.9282E-05
 5.7718E+25  5.9405E-05  9.9994E-01  7.0193E+03  8.1828E-05  7.5922E-13  3.4660E-13  1.9167E-05
 5.7810E+25  5.9325E-05  9.9994E-01  7.0192E+03  8.1828E-05  7.6115E-13  3.4660E-13  1.9053E-05
 5.7903E+25  5.9746E-05  9.9994E-01  7.0192E+03  8.1828E-05  7.5575E-13  3.4660E-13  1.8941E-05
 5.7995E+25  6.0161E-05  9.9994E-01  7.0192E+03  8.1828E-05  7.5058E-13  3.4660E-13  1.8829E-05
 5.8088E+25  6.0592E-05  9.9994E-01  7.0192E+03  8.1828E-05  7.4522E-13  3.4660E-13  1.8716E-05
 5.8180E+25  6.0828E-05  9.9994E-01  7.0192E+03  8.1828E-05  7.4145E-13  3.4660E-13  1.8603E-05
 5.8273E+25  6.0526E-05  9.9994E-01  7.0191E+03  8.1828E-05  7.4606E-13  3.4660E-13  1.8491E-05
 5.8366E+25  6.0959E-05  9.9994E-01  7.0191E+03  8.1828E-05  7.4075E-13  3.4660E-13  1.8379E-05
 5.8458E+25  6.1378E-05  9.9994E-01  7.0191E+03  8.1828E-05  7.3567E-13  3.4660E-13  1.8267E-05
 5.8551E+25  6.1811E-05  9.9994E-01  7.0191E+03  8.1828E-05  7.3055E-13  3.4660E-13  1.8154E-05
 5.8643E+25  6.2230E-05  9.9994E-01  7.0191E+03  8.1828E-05  7.2546E-13  3.4661E-13  1.8043E-05
 5.8736E+25  6.1819E-05  9.9994E-01  7.0190E+03  8.1828E-05  7.2974E-13  3.4661E-13  1.7932E-05
 5.8828E+25  6.2184E-05  9.9994E-01  7.0190E+03  8.1828E-05  7.2617E-13  3.4661E-13  1.7822E-05
 5.8921E+25  6.2622E-05  9.9994E-01  7.0190E+03  8.1828E-05  7.2107E-13  3.4661E-13  1.7711E-05
 5.9014E+25  6.3042E-05  9.9994E-01  7.0190E+03  8.1828E-05  7.1629E-13  3.4661E-13  1.7604E-05
 5.9106E+25  6.3486E-05  9.9994E-01  7.0189E+03  8.1828E-05  7.1127E-13  3.4661E-13  1.7503E-05
 5.9199E+25  6.3330E-05  9.9994E-01  7.0189E+03  8.1828E-05  7.1220E-13  3.4661E-13  1.7402E-05
 5.9291E+25  6.3428E-05  9.9994E-01  7.0189E+03  8.1828E-05  7.1192E-13  3.4661E-13  1.7302E-05
 5.9384E+25  6.3872E-05  9.9994E-01  7.0189E+03  8.1828E-05  7.0699E-13  3.4661E-13  1.7202E-05
 5.9476E+25  6.4309E-05  9.9994E-01  7.0189E+03  8.1828E-05  7.0216E-13  3.4661E-13  1.7101E-05
 5.9569E+25  6.4744E-05  9.9994E-01  7.0188E+03  8.1828E-05  6.9748E-13  3.4661E-13  1.7000E-05
 5.9662E+25  6.4897E-05  9.9994E-01  7.0188E+03  8.1828E-05  6.9501E-13  3.4661E-13  1.6900E-05
 5.9754E+25  6.4704E-05  9.9994E-01  7.0188E+03  8.1828E-05  6.9787E-13  3.4662E-13  1.6800E-05
 5.9847E+25  6.5139E-05  9.9993E-01  7.0188E+03  8.1828E-05  6.9326E-13  3.4662E-13  1.6700E-05
 5.9939E+25  6.5590E-05  9.9993E-01  7.0188E+03  8.1828E-05  6.8848E-13  3.4662E-13  1.6600E-05
 6.0032E+25  6.6027E-05  9.9993E-01  7.0187E+03  8.1828E-05  6.8391E-13  3.4662E-13  1.6501E-05
 6.0124E+25  6.6458E-05  9.9993E-01  7.0187E+03  8.1828E-05  6.7930E-13  3.4662E-13  1.6401E-05
 6.0217E+25  6.6050E-05  9.9993E-01  7.0187E+03  8.1828E-05  6.8308E-13  3.4662E-13  1.6303E-05
 6.0310E+25  6.6436E-05  9.9993E-01  7.0187E+03  8.1828E-05  6.7970E-13  3.4662E-13  1.6204E-05
 6.0402E+25  6.6883E-05  9.9993E-01  7.0187E+03  8.1828E-05  6.7518E-13  3.4662E-13  1.6109E-05
 6.0495E+25  6.7340E-05  9.9993E-01  7.0186E+03  8.1828E-05  6.7060E-13  3.4662E-13  1.6018E-05
 6.0587E+25  6.7777E-05  9.9993E-01  7.0186E+03  8.1828E-05  6.6625E-13  3.4662E-13  1.5928E-05
 6.0680E+25  6.7701E-05  9.9993E-01  7.0186E+03  8.1828E-05  6.6626E-13  3.4662E-13  1.5839E-05
 6.0772E+25  6.7758E-05  9.9993E-01  7.0186E+03  8.1828E-05  6.6646E-13  3.4662E-13  1.5750E-05
 6.0865E+25  6.8202E-05  9.9993E-01  7.0186E+03  8.1828E-05  6.6212E-13  3.4662E-13  1.5660E-05
 6.0958E+25  6.8658E-05  9.9993E-01  7.0185E+03  8.1828E-05  6.5773E-13  3.4663E-13  1.5570E-05
 6.1050E+25  6.9120E-05  9.9993E-01  7.0185E+03  8.1828E-05  6.5332E-13  3.4663E-13  1.5480E-05
 6.1143E+25  6.9410E-05  9.9993E-01  7.0185E+03  8.1828E-05  6.4986E-13  3.4663E-13  1.5391E-05
 6.1235E+25  6.9099E-05  9.9993E-01  7.0185E+03  8.1828E-05  6.5353E-13  3.4663E-13  1.5302E-05
 6.1328E+25  6.9553E-05  9.9993E-01  7.0185E+03  8.1828E-05  6.4927E-13  3.4663E-13  1.5213E-05
 6.1420E+25  7.0002E-05  9.9993E-01  7.0185E+03  8.1828E-05  6.4510E-13  3.4663E-13  1.5124E-05
 6.1513E+25  7.0467E-05  9.9993E-01  7.0184E+03  8.1828E-05  6.4086E-13  3.4663E-13  1.5035E-05
 6.1606E+25  7.0930E-05  9.9993E-01  7.0184E+03  8.1828E-05  6.3663E-13  3.4663E-13  1.4947E-05
 6.1698E+25  7.0714E-05  9.9993E-01  7.0184E+03  8.1828E-05  6.3791E-13  3.4663E-13  1.4859E-05
 6.1791E+25  7.0921E-05  9.9993E-01  7.0184E+03  8.1828E-05  6.3675E-13  3.4663E-13  1.4771E-05
 6.1883E+25  7.1382E-05  9.9993E-01  7.0184E+03  8.1828E-05  6.3265E-13  3.4663E-13  1.4690E-05
 6.1976E+25  7.1837E-05  9.9993E-01  7.0183E+03  8.1828E-05  6.2863E-13  3.4663E-13  1.4609E-05
 6.2068E+25  7.2310E-05  9.9993E-01  7.0183E+03  8.1828E-05  6.2454E-13  3.4664E-13  1.4529E-05
 6.2161E+25  7.2544E-05  9.9993E-01  7.0183E+03  8.1828E-05  6.2178E-13  3.4664E-13  1.4450E-05
 6.2254E+25  7.2307E-05  9.9993E-01  7.0183E+03  8.1828E-05  6.2457E-13  3.4664E-13  1.4370E-05
 6.2346E+25  7.2779E-05  9.9993E-01  7.0183E+03  8.1828E-05  6.2051E-13  3.4664E-13  1.4290E-05
 6.2439E+25  7.3246E-05  9.9993E-01  7.0182E+03  8.1828E-05  6.1655E-13  3.4664E-13  1.4210E-05
 6.2531E+25  7.3708E-05  9.9993E-01  7.0182E+03  8.1828E-05  6.1269E-13  3.4664E-13  1.4130E-05
 6.2624E+25  7.4185E-05  9.9993E-01  7.0182E+03  8.1828E-05  6.0874E-13  3.4664E-13  1.4051E-05
 6.2716E+25  7.3962E-05  9.9993E-01  7.0182E+03  8.1828E-05  6.0990E-13  3.4664E-13  1.3971E-05
 6.2809E+25  7.4195E-05  9.9993E-01  7.0182E+03  8.1828E-05  6.0869E-13  3.4664E-13  1.3891E-05
 6.2902E+25  7.4673E-05  9.9993E-01  7.0181E+03  8.1828E-05  6.0478E-13  3.4664E-13  1.3812E-05
 6.2994E+25  7.5147E-05  9.9992E-01  7.0181E+03  8.1828E-05  6.0097E-13  3.4664E-13  1.3733E-05
 6.3087E+25  7.5616E-05  9.9992E-01  7.0181E+03  8.1828E-05  5.9724E-13  3.4664E-13  1.3654E-05
 6.3179E+25  7.5894E-05  9.9992E-01  7.0181E+03  8.1828E-05  5.9438E-13  3.4664E-13  1.3575E-05
 6.3272E+25  7.5645E-05  9.9992E-01  7.0181E+03  8.1828E-05  5.9701E-13  3.4664E-13  1.3498E-05
 6.3364E+25  7.6121E-05  9.9992E-01  7.0181E+03  8.1828E-05  5.9331E-13  3.4665E-13  1.3426E-05
 6.3457E+25  7.6604E-05  9.9992E-01  7.0180E+03  8.1828E-05  5.8954E-13  3.4665E-13  1.3353E-05
 6.3550E+25  7.7086E-05  9.9992E-01  7.0180E+03  8.1828E-05  5.8587E-13  3.4665E-13  1.3282E-05
 6.3642E+25  7.7559E-05  9.9992E-01  7.0180E+03  8.1828E-05  5.8227E-13  3.4665E-13  1.3212E-05
 6.3735E+25  7.7433E-05  9.9992E-01  7.0180E+03  8.1828E-05  5.8260E-13  3.4665E-13  1.3141E-05
 6.3827E+25  7.7601E-05  9.9992E-01  7.0180E+03  8.1828E-05  5.8197E-13  3.4665E-13  1.3069E-05
 6.3920E+25  7.8084E-05  9.9992E-01  7.0179E+03  8.1828E-05  5.7840E-13  3.4665E-13  1.2998E-05
 6.4012E+25  7.8575E-05  9.9992E-01  7.0179E+03  8.1828E-05  5.7477E-13  3.4665E-13  1.2927E-05
 6.4105E+25  7.9064E-05  9.9992E-01  7.0179E+03  8.1828E-05  5.7123E-13  3.4665E-13  1.2856E-05
 6.4198E+25  7.9465E-05  9.9992E-01  7.0179E+03  8.1828E-05  5.6776E-13  3.4665E-13  1.2785E-05
 6.4290E+25  7.9113E-05  9.9992E-01  7.0179E+03  8.1828E-05  5.7081E-13  3.4665E-13  1.2714E-05
 6.4383E+25  7.9599E-05  9.9992E-01  7.0179E+03  8.1828E-05  5.6738E-13  3.4665E-13  1.2643E-05
 6.4475E+25  8.0087E-05  9.9992E-01  7.0178E+03  8.1828E-05  5.6395E-13  3.4665E-13  1.2573E-05
 6.4568E+25  8.0586E-05  9.9992E-01  7.0178E+03  8.1828E-05  5.6044E-13  3.4666E-13  1.2502E-05
 6.4660E+25  8.1079E-05  9.9992E-01  7.0178E+03  8.1828E-05  5.5703E-13  3.4666E-13  1.2432E-05
 6.4753E+25  8.1130E-05  9.9992E-01  7.0178E+03  8.1828E-05  5.5605E-13  3.4666E-13  1.2362E-05
 6.4846E+25  8.1142E-05  9.9992E-01  7.0178E+03  8.1828E-05  5.5662E-13  3.4666E-13  1.2297E-05
 6.4938E+25  8.1639E-05  9.9992E-01  7.0177E+03  8.1828E-05  5.5322E-13  3.4666E-13  1.2232E-05
 6.5031E+25  8.2130E-05  9.9992E-01  7.0177E+03  8.1828E-05  5.4994E-13  3.4666E-13  1.2168E-05
 6.5123E+25  8.2638E-05  9.9992E-01  7.0177E+03  8.1828E-05  5.4654E-13  3.4666E-13  1.2106E-05
 6.5216E+25  8.3127E-05  9.9992E-01  7.0177E+03  8.1828E-05  5.4327E-13  3.4666E-13  1.2042E-05
 6.5308E+25  8.2873E-05  9.9992E-01  7.0177E+03  8.1828E-05  5.4444E-13  3.4666E-13  1.1979E-05
 6.5401E+25  8.3215E-05  9.9992E-01  7.0177E+03  8.1828E-05  5.4278E-13  3.4666E-13  1.1915E-05
 6.5494E+25  8.3721E-05  9.9992E-01  7.0176E+03  8.1828E-05  5.3949E-13  3.4666E-13  1.1852E-05
 6.5586E+25  8.4216E-05  9.9992E-01  7.0176E+03  8.1828E-05  5.3634E-13  3.4666E-13  1.1789E-05
 6.5679E+25  8.4731E-05  9.9992E-01  7.0176E+03  8.1828E-05  5.3306E-13  3.4666E-13  1.1726E-05
 6.5771E+25  8.5071E-05  9.9991E-01  7.0176E+03  8.1828E-05  5.3032E-13  3.4666E-13  1.1662E-05
 6.5864E+25  8.4831E-05  9.9992E-01  7.0176E+03  8.1828E-05  5.3244E-13  3.4667E-13  1.1599E-05
 6.5956E+25  8.5332E-05  9.9991E-01  7.0175E+03  8.1828E-05  5.2934E-13  3.4667E-13  1.1536E-05
 6.6049E+25  8.5846E-05  9.9991E-01  7.0175E+03  8.1828E-05  5.2616E-13  3.4667E-13  1.1473E-05
 6.6142E+25  8.6345E-05  9.9991E-01  7.0175E+03  8.1828E-05  5.2313E-13  3.4667E-13  1.1410E-05
 6.6234E+25  8.6866E-05  9.9991E-01  7.0175E+03  8.1828E-05  5.1997E-13  3.4667E-13  1.1347E-05
 6.6327E+25  8.6933E-05  9.9991E-01  7.0175E+03  8.1828E-05  5.1900E-13  3.4667E-13  1.1286E-05
 6.6419E+25  8.6990E-05  9.9991E-01  7.0175E+03  8.1828E-05  5.1926E-13  3.4667E-13  1.1228E-05
 6.6512E+25  8.7495E-05  9.9991E-01  7.0174E+03  8.1828E-05  5.1627E-13  3.4667E-13  1.1170E-05
 6.6604E+25  8.8014E-05  9.9991E-01  7.0174E+03  8.1828E-05  5.1323E-13  3.4667E-13  1.1114E-05
 6.6697E+25  8.8522E-05  9.9991E-01  7.0174E+03  8.1828E-05  5.1028E-13  3.4667E-13  1.1058E-05
 6.6789E+25  8.9038E-05  9.9991E-01  7.0174E+03  8.1828E-05  5.0727E-13  3.4667E-13  1.1002E-05
 6.6882E+25  8.8875E-05  9.9991E-01  7.0174E+03  8.1828E-05  5.0773E-13  3.4667E-13  1.0945E-05
 6.6975E+25  8.9195E-05  9.9991E-01  7.0173E+03  8.1828E-05  5.0645E-13  3.4667E-13  1.0888E-05
 6.7067E+25  8.9706E-05  9.9991E-01  7.0173E+03  8.1828E-05  5.0358E-13  3.4667E-13  1.0832E-05
 6.7160E+25  9.0229E-05  9.9991E-01  7.0173E+03  8.1828E-05  5.0067E-13  3.4668E-13  1.0776E-05
 6.7252E+25  9.0746E-05  9.9991E-01  7.0173E+03  8.1828E-05  4.9779E-13  3.4668E-13  1.0719E-05
 6.7345E+25  9.1214E-05  9.9991E-01  7.0173E+03  8.1828E-05  4.9493E-13  3.4668E-13  1.0663E-05
 6.7437E+25  9.0936E-05  9.9991E-01  7.0173E+03  8.1828E-05  4.9653E-13  3.4668E-13  1.0607E-05
 6.7530E+25  9.1444E-05  9.9991E-01  7.0172E+03  8.1828E-05  4.9405E-13  3.4668E-13  1.0550E-05
 6.7623E+25  9.1968E-05  9.9991E-01  7.0172E+03  8.1828E-05  4.9122E-13  3.4668E-13  1.0494E-05
 6.7715E+25  9.2492E-05  9.9991E-01  7.0172E+03  8.1828E-05  4.8845E-13  3.4668E-13  1.0438E-05
 6.7808E+25  9.3019E-05  9.9991E-01  7.0172E+03  8.1828E-05  4.8565E-13  3.4668E-13  1.0382E-05
 6.7900E+25  9.3295E-05  9.9991E-01  7.0171E+03  8.1828E-05  4.8368E-13  3.4668E-13  1.0327E-05
 6.7993E+25  9.3214E-05  9.9991E-01  7.0171E+03  8.1828E-05  4.8469E-13  3.4668E-13  1.0275E-05
 6.8085E+25  9.3742E-05  9.9991E-01  7.0171E+03  8.1828E-05  4.8197E-13  3.4668E-13  1.0223E-05
 6.8178E+25  9.4280E-05  9.9991E-01  7.0171E+03  8.1828E-05  4.7921E-13  3.4668E-13  1.0172E-05
 6.8271E+25  9.4806E-05  9.9991E-01  7.0171E+03  8.1828E-05  4.7656E-13  3.4668E-13  1.0123E-05
 6.8363E+25  9.5338E-05  9.9990E-01  7.0171E+03  8.1828E-05  4.7387E-13  3.4669E-13  1.0073E-05
 6.8456E+25  9.5439E-05  9.9990E-01  7.0170E+03  8.1828E-05  4.7286E-13  3.4669E-13  1.0022E-05
 6.8548E+25  9.5558E-05  9.9990E-01  7.0170E+03  8.1828E-05  4.7286E-13  3.4669E-13  9.9720E-06
 6.8641E+25  9.6096E-05  9.9990E-01  7.0170E+03  8.1828E-05  4.7021E-13  3.4669E-13  9.9219E-06
 6.8733E+25  9.6642E-05  9.9990E-01  7.0170E+03  8.1828E-05  4.6755E-13  3.4669E-13  9.8715E-06
 6.8826E+25  9.7175E-05  9.9990E-01  7.0170E+03  8.1828E-05  4.6498E-13  3.4669E-13  9.8212E-06
 6.8919E+25  9.7701E-05  9.9990E-01  7.0169E+03  8.1828E-05  4.6241E-13  3.4669E-13  9.7712E-06
 6.9011E+25  9.7669E-05  9.9990E-01  7.0169E+03  8.1828E-05  4.6214E-13  3.4669E-13  9.7208E-06
 6.9104E+25  9.7953E-05  9.9990E-01  7.0169E+03  8.1828E-05  4.6136E-13  3.4669E-13  9.6704E-06
 6.9196E+25  9.8504E-05  9.9990E-01  7.0169E+03  8.1828E-05  4.5876E-13  3.4669E-13  9.6203E-06
 6.9289E+25  9.9052E-05  9.9990E-01  7.0169E+03  8.1828E-05  4.5624E-13  3.4669E-13  9.5703E-06
 6.9381E+25  9.9599E-05  9.9990E-01  7.0168E+03  8.1828E-05  4.5371E-13  3.4669E-13  9.5203E-06
 6.9474E+25  1.0011E-04  9.9990E-01  7.0168E+03  8.1828E-05  4.5126E-13  3.4669E-13  9.4702E-06
 6.9567E+25  9.9989E-05  9.9990E-01  7.0168E+03  8.1828E-05  4.5155E-13  3.4669E-13  9.4221E-06
 6.9659E+25  1.0040E-04  9.9990E-01  7.0168E+03  8.1828E-05  4.5015E-13  3.4670E-13  9.3761E-06
 6.9752E+25  1.0097E-04  9.9990E-01  7.0168E+03  8.1828E-05  4.4765E-13  3.4670E-13  9.3301E-06
 6.9844E+25  1.0152E-04  9.9990E-01  7.0168E+03  8.1828E-05  4.4521E-13  3.4670E-13  9.2854E-06
 6.9937E+25  1.0208E-04  9.9990E-01  7.0167E+03  8.1828E-05  4.4275E-13  3.4670E-13  9.2411E-06
 7.0029E+25  1.0256E-04  9.9990E-01  7.0167E+03  8.1828E-05  4.4039E-13  3.4670E-13  9.1964E-06
 7.0122E+25  1.0240E-04  9.9990E-01  7.0167E+03  8.1828E-05  4.4112E-13  3.4670E-13  9.1516E-06
 7.0215E+25  1.0292E-04  9.9990E-01  7.0167E+03  8.1828E-05  4.3922E-13  3.4670E-13  9.1067E-06
 7.0307E+25  1.0348E-04  9.9990E-01  7.0167E+03  8.1828E-05  4.3684E-13  3.4670E-13  9.0620E-06
 7.0400E+25  1.0405E-04  9.9990E-01  7.0166E+03  8.1828E-05  4.3446E-13  3.4670E-13  9.0172E-06
 7.0492E+25  1.0460E-04  9.9990E-01  7.0166E+03  8.1828E-05  4.3213E-13  3.4670E-13  8.9726E-06
 7.0585E+25  1.0504E-04  9.9989E-01  7.0166E+03  8.1828E-05  4.2979E-13  3.4670E-13  8.9280E-06
 7.0677E+25  1.0493E-04  9.9990E-01  7.0166E+03  8.1828E-05  4.3082E-13  3.4670E-13  8.8829E-06
 7.0770E+25  1.0549E-04  9.9989E-01  7.0166E+03  8.1828E-05  4.2857E-13  3.4670E-13  8.8382E-06
 7.0863E+25  1.0606E-04  9.9989E-01  7.0165E+03  8.1828E-05  4.2632E-13  3.4671E-13  8.7935E-06
 7.0955E+25  1.0663E-04  9.9989E-01  7.0165E+03  8.1828E-05  4.2401E-13  3.4671E-13  8.7488E-06
 7.1048E+25  1.0719E-04  9.9989E-01  7.0165E+03  8.1828E-05  4.2176E-13  3.4671E-13  8.7042E-06
 7.1140E+25  1.0757E-04  9.9989E-01  7.0165E+03  8.1828E-05  4.1978E-13  3.4671E-13  8.6597E-06
 7.1233E+25  1.0756E-04  9.9989E-01  7.0165E+03  8.1828E-05  4.2040E-13  3.4671E-13  8.6161E-06
 7.1325E+25  1.0813E-04  9.9989E-01  7.0165E+03  8.1828E-05  4.1822E-13  3.4671E-13  8.5750E-06
 7.1418E+25  1.0870E-04  9.9989E-01  7.0164E+03  8.1828E-05  4.1604E-13  3.4671E-13  8.5339E-06
 7.1511E+25  1.0927E-04  9.9989E-01  7.0164E+03  8.1828E-05  4.1385E-13  3.4671E-13  8.4936E-06
 7.1603E+25  1.0984E-04  9.9989E-01  7.0164E+03  8.1828E-05  4.1166E-13  3.4671E-13  8.4545E-06
 7.1696E+25  1.1016E-04  9.9989E-01  7.0164E+03  8.1828E-05  4.0998E-13  3.4671E-13  8.4149E-06
 7.1788E+25  1.1026E-04  9.9989E-01  7.0164E+03  8.1828E-05  4.1022E-13  3.4671E-13  8.3750E-06
 7.1881E+25  1.1083E-04  9.9989E-01  7.0163E+03  8.1828E-05  4.0812E-13  3.4671E-13  8.3350E-06
 7.1973E+25  1.1140E-04  9.9989E-01  7.0163E+03  8.1828E-05  4.0602E-13  3.4672E-13  8.2952E-06
 7.2066E+25  1.1198E-04  9.9989E-01  7.0163E+03  8.1828E-05  4.0395E-13  3.4672E-13  8.2554E-06
 7.2159E+25  1.1255E-04  9.9989E-01  7.0163E+03  8.1828E-05  4.0183E-13  3.4672E-13  8.2156E-06
 7.2251E+25  1.1285E-04  9.9989E-01  7.0163E+03  8.1828E-05  4.0034E-13  3.4672E-13  8.1758E-06
 7.2344E+25  1.1302E-04  9.9989E-01  7.0162E+03  8.1828E-05  4.0032E-13  3.4672E-13  8.1359E-06
 7.2436E+25  1.1360E-04  9.9989E-01  7.0162E+03  8.1828E-05  3.9828E-13  3.4672E-13  8.0960E-06
 7.2529E+25  1.1418E-04  9.9989E-01  7.0162E+03  8.1828E-05  3.9627E-13  3.4672E-13  8.0561E-06
 7.2621E+25  1.1476E-04  9.9989E-01  7.0162E+03  8.1828E-05  3.9427E-13  3.4672E-13  8.0161E-06
 7.2714E+25  1.1533E-04  9.9988E-01  7.0161E+03  8.1828E-05  3.9226E-13  3.4672E-13  7.9765E-06
 7.2807E+25  1.1561E-04  9.9988E-01  7.0161E+03  8.1828E-05  3.9090E-13  3.4672E-13  7.9366E-06
 7.2899E+25  1.1585E-04  9.9988E-01  7.0161E+03  8.1828E-05  3.9068E-13  3.4672E-13  7.8969E-06
 7.2992E+25  1.1644E-04  9.9988E-01  7.0161E+03  8.1828E-05  3.8870E-13  3.4672E-13  7.8590E-06
 7.3084E+25  1.1703E-04  9.9988E-01  7.0161E+03  8.1828E-05  3.8676E-13  3.4672E-13  7.8224E-06
 7.3177E+25  1.1761E-04  9.9988E-01  7.0160E+03  8.1828E-05  3.8484E-13  3.4673E-13  7.7858E-06
 7.3269E+25  1.1818E-04  9.9988E-01  7.0160E+03  8.1828E-05  3.8292E-13  3.4673E-13  7.7503E-06
 7.3362E+25  1.1847E-04  9.9988E-01  7.0160E+03  8.1828E-05  3.8162E-13  3.4673E-13  7.7155E-06
 7.3455E+25  1.1874E-04  9.9988E-01  7.0160E+03  8.1828E-05  3.8132E-13  3.4673E-13  7.6801E-06
 7.3547E+25  1.1935E-04  9.9988E-01  7.0160E+03  8.1828E-05  3.7938E-13  3.4673E-13  7.6447E-06
 7.3640E+25  1.1995E-04  9.9988E-01  7.0159E+03  8.1828E-05  3.7748E-13  3.4673E-13  7.6093E-06
 7.3732E+25  1.2053E-04  9.9988E-01  7.0159E+03  8.1828E-05  3.7564E-13  3.4673E-13  7.5738E-06
 7.3825E+25  1.2110E-04  9.9988E-01  7.0159E+03  8.1828E-05  3.7380E-13  3.4673E-13  7.5383E-06
 7.3917E+25  1.2140E-04  9.9988E-01  7.0159E+03  8.1828E-05  3.7255E-13  3.4673E-13  7.5029E-06
 7.4010E+25  1.2171E-04  9.9988E-01  7.0159E+03  8.1828E-05  3.7217E-13  3.4673E-13  7.4676E-06
 7.4103E+25  1.2232E-04  9.9988E-01  7.0158E+03  8.1828E-05  3.7031E-13  3.4673E-13  7.4320E-06
 7.4195E+25  1.2294E-04  9.9988E-01  7.0158E+03  8.1828E-05  3.6846E-13  3.4673E-13  7.3964E-06
 7.4288E+25  1.2353E-04  9.9988E-01  7.0158E+03  8.1828E-05  3.6667E-13  3.4674E-13  7.3607E-06
 7.4380E+25  1.2411E-04  9.9988E-01  7.0158E+03  8.1828E-05  3.6491E-13  3.4674E-13  7.3254E-06
 7.4473E+25  1.2443E-04  9.9988E-01  7.0158E+03  8.1828E-05  3.6365E-13  3.4674E-13  7.2900E-06
 7.4565E+25  1.2475E-04  9.9988E-01  7.0157E+03  8.1828E-05  3.6325E-13  3.4674E-13  7.2543E-06
 7.4658E+25  1.2537E-04  9.9987E-01  7.0157E+03  8.1828E-05  3.6148E-13  3.4674E-13  7.2189E-06
 7.4751E+25  1.2600E-04  9.9987E-01  7.0157E+03  8.1828E-05  3.5969E-13  3.4674E-13  7.1848E-06
 7.4843E+25  1.2661E-04  9.9987E-01  7.0157E+03  8.1828E-05  3.5793E-13  3.4674E-13  7.1521E-06
 7.4936E+25  1.2719E-04  9.9987E-01  7.0156E+03  8.1828E-05  3.5622E-13  3.4674E-13  7.1193E-06
 7.5028E+25  1.2754E-04  9.9987E-01  7.0156E+03  8.1828E-05  3.5494E-13  3.4674E-13  7.0873E-06
 7.5121E+25  1.2788E-04  9.9987E-01  7.0156E+03  8.1828E-05  3.5455E-13  3.4674E-13  7.0563E-06
 7.5213E+25  1.2851E-04  9.9987E-01  7.0156E+03  8.1828E-05  3.5285E-13  3.4674E-13  7.0251E-06
 7.5306E+25  1.2913E-04  9.9987E-01  7.0156E+03  8.1828E-05  3.5116E-13  3.4675E-13  6.9935E-06
 7.5399E+25  1.2976E-04  9.9987E-01  7.0155E+03  8.1828E-05  3.4944E-13  3.4675E-13  6.9620E-06
 7.5491E+25  1.3036E-04  9.9987E-01  7.0155E+03  8.1828E-05  3.4777E-13  3.4675E-13  6.9305E-06
 7.5584E+25  1.3075E-04  9.9987E-01  7.0155E+03  8.1828E-05  3.4642E-13  3.4675E-13  6.8990E-06
 7.5676E+25  1.3109E-04  9.9987E-01  7.0155E+03  8.1828E-05  3.4606E-13  3.4675E-13  6.8675E-06
 7.5769E+25  1.3172E-04  9.9987E-01  7.0155E+03  8.1828E-05  3.4444E-13  3.4675E-13  6.8361E-06
 7.5861E+25  1.3235E-04  9.9987E-01  7.0154E+03  8.1828E-05  3.4281E-13  3.4675E-13  6.8045E-06
 7.5954E+25  1.3299E-04  9.9987E-01  7.0154E+03  8.1828E-05  3.4118E-13  3.4675E-13  6.7728E-06
 7.6047E+25  1.3360E-04  9.9987E-01  7.0154E+03  8.1828E-05  3.3955E-13  3.4675E-13  6.7411E-06
 7.6139E+25  1.3404E-04  9.9987E-01  7.0154E+03  8.1828E-05  3.3811E-13  3.4675E-13  6.7095E-06
 7.6232E+25  1.3439E-04  9.9987E-01  7.0153E+03  8.1828E-05  3.3777E-13  3.4675E-13  6.6778E-06
 7.6324E+25  1.3503E-04  9.9986E-01  7.0153E+03  8.1828E-05  3.3623E-13  3.4675E-13  6.6461E-06
 7.6417E+25  1.3566E-04  9.9986E-01  7.0153E+03  8.1828E-05  3.3467E-13  3.4676E-13  6.6146E-06
 7.6509E+25  1.3630E-04  9.9986E-01  7.0153E+03  8.1828E-05  3.3312E-13  3.4676E-13  6.5832E-06
 7.6602E+25  1.3693E-04  9.9986E-01  7.0152E+03  8.1828E-05  3.3155E-13  3.4676E-13  6.5532E-06
 7.6695E+25  1.3743E-04  9.9986E-01  7.0152E+03  8.1828E-05  3.3003E-13  3.4676E-13  6.5239E-06
 7.6787E+25  1.3778E-04  9.9986E-01  7.0152E+03  8.1828E-05  3.2969E-13  3.4676E-13  6.4948E-06
 7.6880E+25  1.3842E-04  9.9986E-01  7.0152E+03  8.1828E-05  3.2821E-13  3.4676E-13  6.4666E-06
 7.6972E+25  1.3906E-04  9.9986E-01  7.0152E+03  8.1828E-05  3.2673E-13  3.4676E-13  6.4391E-06
 7.7065E+25  1.3970E-04  9.9986E-01  7.0151E+03  8.1828E-05  3.2524E-13  3.4676E-13  6.4113E-06
 7.7157E+25  1.4033E-04  9.9986E-01  7.0151E+03  8.1828E-05  3.2376E-13  3.4676E-13  6.3831E-06
 7.7250E+25  1.4088E-04  9.9986E-01  7.0151E+03  8.1828E-05  3.2225E-13  3.4676E-13  6.3552E-06
 7.7343E+25  1.4127E-04  9.9986E-01  7.0151E+03  8.1828E-05  3.2175E-13  3.4676E-13  6.3271E-06
 7.7435E+25  1.4191E-04  9.9986E-01  7.0150E+03  8.1828E-05  3.2039E-13  3.4677E-13  6.2991E-06
 7.7528E+25  1.4255E-04  9.9986E-01  7.0150E+03  8.1828E-05  3.1897E-13  3.4677E-13  6.2711E-06
 7.7620E+25  1.4320E-04  9.9986E-01  7.0150E+03  8.1828E-05  3.1756E-13  3.4677E-13  6.2431E-06
 7.7713E+25  1.4384E-04  9.9986E-01  7.0150E+03  8.1828E-05  3.1613E-13  3.4677E-13  6.2152E-06
 7.7805E+25  1.4442E-04  9.9986E-01  7.0149E+03  8.1828E-05  3.1472E-13  3.4677E-13  6.1870E-06
 7.7898E+25  1.4484E-04  9.9986E-01  7.0149E+03  8.1828E-05  3.1402E-13  3.4677E-13  6.1588E-06
 7.7991E+25  1.4549E-04  9.9985E-01  7.0149E+03  8.1828E-05  3.1278E-13  3.4677E-13  6.1305E-06
 7.8083E+25  1.4614E-04  9.9985E-01  7.0149E+03  8.1828E-05  3.1140E-13  3.4677E-13  6.1024E-06
 7.8176E+25  1.4679E-04  9.9985E-01  7.0148E+03  8.1828E-05  3.1005E-13  3.4677E-13  6.0743E-06
 7.8268E+25  1.4743E-04  9.9985E-01  7.0148E+03  8.1828E-05  3.0870E-13  3.4677E-13  6.0461E-06
 7.8361E+25  1.4804E-04  9.9985E-01  7.0148E+03  8.1828E-05  3.0733E-13  3.4678E-13  6.0178E-06
 7.8453E+25  1.4850E-04  9.9985E-01  7.0148E+03  8.1828E-05  3.0653E-13  3.4678E-13  5.9907E-06
 7.8546E+25  1.4915E-04  9.9985E-01  7.0147E+03  8.1828E-05  3.0538E-13  3.4678E-13  5.9647E-06
 7.8638E+25  1.4982E-04  9.9985E-01  7.0147E+03  8.1828E-05  3.0404E-13  3.4678E-13  5.9387E-06
 7.8731E+25  1.5048E-04  9.9985E-01  7.0147E+03  8.1828E-05  3.0272E-13  3.4678E-13  5.9129E-06
 7.8824E+25  1.5113E-04  9.9985E-01  7.0147E+03  8.1828E-05  3.0143E-13  3.4678E-13  5.8885E-06
 7.8916E+25  1.5176E-04  9.9985E-01  7.0146E+03  8.1828E-05  3.0014E-13  3.4678E-13  5.8639E-06
 7.9009E+25  1.5226E-04  9.9985E-01  7.0146E+03  8.1828E-05  2.9920E-13  3.4678E-13  5.8390E-06
 7.9101E+25  1.5290E-04  9.9985E-01  7.0146E+03  8.1828E-05  2.9820E-13  3.4678E-13  5.8140E-06
 7.9194E+25  1.5359E-04  9.9985E-01  7.0146E+03  8.1828E-05  2.9687E-13  3.4678E-13  5.7892E-06
 7.9286E+25  1.5427E-04  9.9985E-01  7.0145E+03  8.1828E-05  2.9560E-13  3.4679E-13  5.7642E-06
 7.9379E+25  1.5493E-04  9.9985E-01  7.0145E+03  8.1828E-05  2.9434E-13  3.4679E-13  5.7394E-06
 7.9472E+25  1.5557E-04  9.9984E-01  7.0145E+03  8.1828E-05  2.9311E-13  3.4679E-13  5.7145E-06
 7.9564E+25  1.5612E-04  9.9984E-01  7.0145E+03  8.1828E-05  2.9209E-13  3.4679E-13  5.6896E-06
 7.9657E+25  1.5675E-04  9.9984E-01  7.0144E+03  8.1828E-05  2.9117E-13  3.4679E-13  5.6647E-06
 7.9749E+25  1.5745E-04  9.9984E-01  7.0144E+03  8.1828E-05  2.8993E-13  3.4679E-13  5.6395E-06
 7.9842E+25  1.5814E-04  9.9984E-01  7.0144E+03  8.1828E-05  2.8866E-13  3.4679E-13  5.6145E-06
 7.9934E+25  1.5882E-04  9.9984E-01  7.0144E+03  8.1828E-05  2.8745E-13  3.4679E-13  5.5894E-06
 8.0027E+25  1.5948E-04  9.9984E-01  7.0143E+03  8.1828E-05  2.8624E-13  3.4679E-13  5.5644E-06
 8.0120E+25  1.6008E-04  9.9984E-01  7.0143E+03  8.1828E-05  2.8517E-13  3.4679E-13  5.5392E-06
 8.0212E+25  1.6070E-04  9.9984E-01  7.0143E+03  8.1828E-05  2.8431E-13  3.4680E-13  5.5141E-06
 8.0305E+25  1.6140E-04  9.9984E-01  7.0143E+03  8.1828E-05  2.8313E-13  3.4680E-13  5.4891E-06
 8.0397E+25  1.6211E-04  9.9984E-01  7.0142E+03  8.1828E-05  2.8195E-13  3.4680E-13  5.4652E-06
 8.0490E+25  1.6281E-04  9.9984E-01  7.0142E+03  8.1828E-05  2.8074E-13  3.4680E-13  5.4418E-06
 8.0582E+25  1.6349E-04  9.9984E-01  7.0142E+03  8.1828E-05  2.7958E-13  3.4680E-13  5.4185E-06
 8.0675E+25  1.6413E-04  9.9984E-01  7.0142E+03  8.1828E-05  2.7845E-13  3.4680E-13  5.3958E-06
 8.0768E+25  1.6476E-04  9.9984E-01  7.0141E+03  8.1828E-05  2.7761E-13  3.4680E-13  5.3742E-06
 8.0860E+25  1.6546E-04  9.9983E-01  7.0141E+03  8.1828E-05  2.7650E-13  3.4680E-13  5.3523E-06
 8.0953E+25  1.6616E-04  9.9983E-01  7.0141E+03  8.1828E-05  2.7537E-13  3.4680E-13  5.3301E-06
 8.1045E+25  1.6688E-04  9.9983E-01  7.0140E+03  8.1828E-05  2.7424E-13  3.4681E-13  5.3080E-06
 8.1138E+25  1.6759E-04  9.9983E-01  7.0140E+03  8.1828E-05  2.7309E-13  3.4681E-13  5.2859E-06
 8.1230E+25  1.6826E-04  9.9983E-01  7.0140E+03  8.1828E-05  2.7198E-13  3.4681E-13  5.2637E-06
 8.1323E+25  1.6892E-04  9.9983E-01  7.0140E+03  8.1828E-05  2.7106E-13  3.4681E-13  5.2417E-06
 8.1416E+25  1.6962E-04  9.9983E-01  7.0139E+03  8.1828E-05  2.7001E-13  3.4681E-13  5.2195E-06
 8.1508E+25  1.7033E-04  9.9983E-01  7.0139E+03  8.1828E-05  2.6895E-13  3.4681E-13  5.1974E-06
 8.1601E+25  1.7104E-04  9.9983E-01  7.0139E+03  8.1828E-05  2.6788E-13  3.4681E-13  5.1752E-06
 8.1693E+25  1.7177E-04  9.9983E-01  7.0138E+03  8.1828E-05  2.6681E-13  3.4681E-13  5.1529E-06
 8.1786E+25  1.7248E-04  9.9983E-01  7.0138E+03  8.1828E-05  2.6571E-13  3.4681E-13  5.1306E-06
 8.1878E+25  1.7317E-04  9.9983E-01  7.0138E+03  8.1828E-05  2.6471E-13  3.4682E-13  5.1082E-06
 8.1971E+25  1.7388E-04  9.9983E-01  7.0138E+03  8.1828E-05  2.6371E-13  3.4682E-13  5.0860E-06
 8.2064E+25  1.7460E-04  9.9983E-01  7.0137E+03  8.1828E-05  2.6268E-13  3.4682E-13  5.0637E-06
 8.2156E+25  1.7532E-04  9.9982E-01  7.0137E+03  8.1828E-05  2.6167E-13  3.4682E-13  5.0413E-06
 8.2249E+25  1.7604E-04  9.9982E-01  7.0137E+03  8.1828E-05  2.6065E-13  3.4682E-13  5.0190E-06
 8.2341E+25  1.7678E-04  9.9982E-01  7.0136E+03  8.1828E-05  2.5963E-13  3.4682E-13  4.9970E-06
 8.2434E+25  1.7752E-04  9.9982E-01  7.0136E+03  8.1828E-05  2.5859E-13  3.4682E-13  4.9762E-06
 8.2526E+25  1.7824E-04  9.9982E-01  7.0136E+03  8.1828E-05  2.5757E-13  3.4682E-13  4.9555E-06
 8.2619E+25  1.7897E-04  9.9982E-01  7.0136E+03  8.1828E-05  2.5659E-13  3.4682E-13  4.9348E-06
 8.2712E+25  1.7969E-04  9.9982E-01  7.0135E+03  8.1828E-05  2.5561E-13  3.4683E-13  4.9151E-06
 8.2804E+25  1.8042E-04  9.9982E-01  7.0135E+03  8.1828E-05  2.5464E-13  3.4683E-13  4.8958E-06
 8.2897E+25  1.8116E-04  9.9982E-01  7.0135E+03  8.1828E-05  2.5369E-13  3.4683E-13  4.8764E-06
 8.2989E+25  1.8193E-04  9.9982E-01  7.0134E+03  8.1828E-05  2.5270E-13  3.4683E-13  4.8567E-06
 8.3082E+25  1.8269E-04  9.9982E-01  7.0134E+03  8.1828E-05  2.5164E-13  3.4683E-13  4.8370E-06
 8.3174E+25  1.8343E-04  9.9982E-01  7.0134E+03  8.1828E-05  2.5066E-13  3.4683E-13  4.8173E-06
 8.3267E+25  1.8416E-04  9.9982E-01  7.0134E+03  8.1828E-05  2.4973E-13  3.4683E-13  4.7977E-06
 8.3360E+25  1.8490E-04  9.9982E-01  7.0133E+03  8.1828E-05  2.4880E-13  3.4683E-13  4.7781E-06
 8.3452E+25  1.8565E-04  9.9981E-01  7.0133E+03  8.1828E-05  2.4787E-13  3.4684E-13  4.7583E-06
 8.3545E+25  1.8642E-04  9.9981E-01  7.0133E+03  8.1828E-05  2.4696E-13  3.4684E-13  4.7387E-06
 8.3637E+25  1.8721E-04  9.9981E-01  7.0132E+03  8.1828E-05  2.4588E-13  3.4684E-13  4.7189E-06
 8.3730E+25  1.8797E-04  9.9981E-01  7.0132E+03  8.1828E-05  2.4493E-13  3.4684E-13  4.6991E-06
 8.3822E+25  1.8872E-04  9.9981E-01  7.0132E+03  8.1828E-05  2.4400E-13  3.4684E-13  4.6792E-06
 8.3915E+25  1.8947E-04  9.9981E-01  7.0131E+03  8.1828E-05  2.4311E-13  3.4684E-13  4.6594E-06
 8.4008E+25  1.9023E-04  9.9981E-01  7.0131E+03  8.1828E-05  2.4222E-13  3.4684E-13  4.6395E-06
 8.4100E+25  1.9101E-04  9.9981E-01  7.0131E+03  8.1828E-05  2.4134E-13  3.4684E-13  4.6197E-06
 8.4193E+25  1.9182E-04  9.9981E-01  7.0131E+03  8.1828E-05  2.4031E-13  3.4684E-13  4.5998E-06
 8.4285E+25  1.9258E-04  9.9981E-01  7.0130E+03  8.1828E-05  2.3937E-13  3.4685E-13  4.5799E-06
 8.4378E+25  1.9335E-04  9.9981E-01  7.0130E+03  8.1828E-05  2.3847E-13  3.4685E-13  4.5604E-06
 8.4470E+25  1.9412E-04  9.9981E-01  7.0130E+03  8.1828E-05  2.3758E-13  3.4685E-13  4.5418E-06
 8.4563E+25  1.9488E-04  9.9981E-01  7.0129E+03  8.1828E-05  2.3673E-13  3.4685E-13  4.5233E-06
 8.4656E+25  1.9568E-04  9.9980E-01  7.0129E+03  8.1828E-05  2.3589E-13  3.4685E-13  4.5047E-06
 8.4748E+25  1.9652E-04  9.9980E-01  7.0129E+03  8.1828E-05  2.3491E-13  3.4685E-13  4.4872E-06
 8.4841E+25  1.9729E-04  9.9980E-01  7.0128E+03  8.1828E-05  2.3391E-13  3.4685E-13  4.4702E-06
 8.4933E+25  1.9806E-04  9.9980E-01  7.0128E+03  8.1828E-05  2.3310E-13  3.4685E-13  4.4529E-06
 8.5026E+25  1.9884E-04  9.9980E-01  7.0128E+03  8.1828E-05  2.3225E-13  3.4686E-13  4.4353E-06
 8.5118E+25  1.9963E-04  9.9980E-01  7.0127E+03  8.1828E-05  2.3140E-13  3.4686E-13  4.4178E-06
 8.5211E+25  2.0042E-04  9.9980E-01  7.0127E+03  8.1828E-05  2.3058E-13  3.4686E-13  4.4004E-06
 8.5304E+25  2.0127E-04  9.9980E-01  7.0127E+03  8.1828E-05  2.2974E-13  3.4686E-13  4.3830E-06
 8.5396E+25  2.0209E-04  9.9980E-01  7.0127E+03  8.1828E-05  2.2860E-13  3.4686E-13  4.3655E-06
 8.5489E+25  2.0285E-04  9.9980E-01  7.0126E+03  8.1828E-05  2.2782E-13  3.4686E-13  4.3480E-06
 8.5581E+25  2.0363E-04  9.9980E-01  7.0126E+03  8.1828E-05  2.2706E-13  3.4686E-13  4.3306E-06
 8.5674E+25  2.0443E-04  9.9980E-01  7.0126E+03  8.1828E-05  2.2626E-13  3.4686E-13  4.3131E-06
 8.5766E+25  2.0524E-04  9.9979E-01  7.0125E+03  8.1828E-05  2.2545E-13  3.4687E-13  4.2954E-06
 8.5859E+25  2.0609E-04  9.9979E-01  7.0125E+03  8.1828E-05  2.2466E-13  3.4687E-13  4.2778E-06
 8.5952E+25  2.0695E-04  9.9979E-01  7.0125E+03  8.1828E-05  2.2355E-13  3.4687E-13  4.2601E-06
 8.6044E+25  2.0773E-04  9.9979E-01  7.0124E+03  8.1828E-05  2.2271E-13  3.4687E-13  4.2425E-06
 8.6137E+25  2.0850E-04  9.9979E-01  7.0124E+03  8.1828E-05  2.2196E-13  3.4687E-13  4.2248E-06
 8.6229E+25  2.0929E-04  9.9979E-01  7.0124E+03  8.1828E-05  2.2124E-13  3.4687E-13  4.2071E-06
 8.6322E+25  2.1011E-04  9.9979E-01  7.0123E+03  8.1828E-05  2.2049E-13  3.4687E-13  4.1894E-06
 8.6414E+25  2.1097E-04  9.9979E-01  7.0123E+03  8.1828E-05  2.1972E-13  3.4688E-13  4.1717E-06
 8.6507E+25  2.1187E-04  9.9979E-01  7.0123E+03  8.1828E-05  2.1871E-13  3.4688E-13  4.1547E-06
 8.6600E+25  2.1266E-04  9.9979E-01  7.0122E+03  8.1828E-05  2.1777E-13  3.4688E-13  4.1382E-06
 8.6692E+25  2.1345E-04  9.9979E-01  7.0122E+03  8.1828E-05  2.1704E-13  3.4688E-13  4.1217E-06
 8.6785E+25  2.1423E-04  9.9979E-01  7.0122E+03  8.1828E-05  2.1633E-13  3.4688E-13  4.1053E-06
 8.6877E+25  2.1504E-04  9.9978E-01  7.0121E+03  8.1828E-05  2.1563E-13  3.4688E-13  4.0899E-06
 8.6970E+25  2.1589E-04  9.9978E-01  7.0121E+03  8.1828E-05  2.1494E-13  3.4688E-13  4.0747E-06
 8.7062E+25  2.1681E-04  9.9978E-01  7.0121E+03  8.1828E-05  2.1412E-13  3.4688E-13  4.0593E-06
 8.7155E+25  2.1766E-04  9.9978E-01  7.0120E+03  8.1828E-05  2.1295E-13  3.4689E-13  4.0438E-06
 8.7248E+25  2.1844E-04  9.9978E-01  7.0120E+03  8.1828E-05  2.1227E-13  3.4689E-13  4.0284E-06
 8.7340E+25  2.1923E-04  9.9978E-01  7.0120E+03  8.1828E-05  2.1159E-13  3.4689E-13  4.0128E-06
 8.7433E+25  2.2004E-04  9.9978E-01  7.0119E+03  8.1828E-05  2.1090E-13  3.4689E-13  3.9972E-06
 8.7525E+25  2.2088E-04  9.9978E-01  7.0119E+03  8.1828E-05  2.1024E-13  3.4689E-13  3.9818E-06
 8.7618E+25  2.2177E-04  9.9978E-01  7.0119E+03  8.1828E-05  2.0959E-13  3.4689E-13  3.9663E-06
 8.7710E+25  2.2270E-04  9.9978E-01  7.0118E+03  8.1828E-05  2.0844E-13  3.4689E-13  3.9508E-06
 8.7803E+25  2.2349E-04  9.9978E-01  7.0118E+03  8.1828E-05  2.0765E-13  3.4689E-13  3.9352E-06
 8.7896E+25  2.2428E-04  9.9978E-01  7.0118E+03  8.1828E-05  2.0698E-13  3.4690E-13  3.9195E-06
 8.7988E+25  2.2509E-04  9.9977E-01  7.0117E+03  8.1828E-05  2.0636E-13  3.4690E-13  3.9039E-06
 8.8081E+25  2.2592E-04  9.9977E-01  7.0117E+03  8.1828E-05  2.0570E-13  3.4690E-13  3.8881E-06
 8.8173E+25  2.2680E-04  9.9977E-01  7.0117E+03  8.1828E-05  2.0507E-13  3.4690E-13  3.8725E-06
 8.8266E+25  2.2774E-04  9.9977E-01  7.0116E+03  8.1828E-05  2.0417E-13  3.4690E-13  3.8567E-06
 8.8358E+25  2.2857E-04  9.9977E-01  7.0116E+03  8.1828E-05  2.0320E-13  3.4690E-13  3.8410E-06
 8.8451E+25  2.2937E-04  9.9977E-01  7.0116E+03  8.1828E-05  2.0255E-13  3.4690E-13  3.8252E-06
 8.8544E+25  2.3017E-04  9.9977E-01  7.0115E+03  8.1828E-05  2.0191E-13  3.4691E-13  3.8095E-06
 8.8636E+25  2.3099E-04  9.9977E-01  7.0115E+03  8.1828E-05  2.0132E-13  3.4691E-13  3.7941E-06
 8.8729E+25  2.3186E-04  9.9977E-01  7.0115E+03  8.1828E-05  2.0070E-13  3.4691E-13  3.7793E-06
 8.8821E+25  2.3279E-04  9.9977E-01  7.0114E+03  8.1828E-05  2.0008E-13  3.4691E-13  3.7646E-06
 8.8914E+25  2.3369E-04  9.9977E-01  7.0114E+03  8.1828E-05  1.9884E-13  3.4691E-13  3.7499E-06
 8.9006E+25  2.3447E-04  9.9977E-01  7.0114E+03  8.1828E-05  1.9826E-13  3.4691E-13  3.7358E-06
 8.9099E+25  2.3528E-04  9.9976E-01  7.0113E+03  8.1828E-05  1.9766E-13  3.4691E-13  3.7224E-06
 8.9192E+25  2.3611E-04  9.9976E-01  7.0113E+03  8.1828E-05  1.9705E-13  3.4692E-13  3.7089E-06
 8.9284E+25  2.3695E-04  9.9976E-01  7.0113E+03  8.1828E-05  1.9647E-13  3.4692E-13  3.6951E-06
 8.9377E+25  2.3786E-04  9.9976E-01  7.0112E+03  8.1828E-05  1.9590E-13  3.4692E-13  3.6813E-06
 8.9469E+25  2.3881E-04  9.9976E-01  7.0112E+03  8.1828E-05  1.9491E-13  3.4692E-13  3.6676E-06
 8.9562E+25  2.3962E-04  9.9976E-01  7.0112E+03  8.1828E-05  1.9407E-13  3.4692E-13  3.6539E-06
 8.9654E+25  2.4041E-04  9.9976E-01  7.0111E+03  8.1828E-05  1.9351E-13  3.4692E-13  3.6401E-06
 8.9747E+25  2.4122E-04  9.9976E-01  7.0111E+03  8.1828E-05  1.9297E-13  3.4692E-13  3.6263E-06
 8.9840E+25  2.4207E-04  9.9976E-01  7.0111E+03  8.1828E-05  1.9239E-13  3.4692E-13  3.6125E-06
 8.9932E+25  2.4295E-04  9.9976E-01  7.0110E+03  8.1828E-05  1.9182E-13  3.4693E-13  3.5987E-06
 9.0025E+25  2.4390E-04  9.9976E-01  7.0110E+03  8.1828E-05  1.9121E-13  3.4693E-13  3.5850E-06
 9.0117E+25  2.4478E-04  9.9976E-01  7.0110E+03  8.1828E-05  1.9002E-13  3.4693E-13  3.5710E-06
 9.0210E+25  2.4556E-04  9.9975E-01  7.0109E+03  8.1828E-05  1.8949E-13  3.4693E-13  3.5570E-06
 9.0302E+25  2.4636E-04  9.9975E-01  7.0109E+03  8.1828E-05  1.8896E-13  3.4693E-13  3.5430E-06
 9.0395E+25  2.4718E-04  9.9975E-01  7.0109E+03  8.1828E-05  1.8845E-13  3.4693E-13  3.5291E-06
 9.0487E+25  2.4805E-04  9.9975E-01  7.0108E+03  8.1828E-05  1.8792E-13  3.4693E-13  3.5151E-06
 9.0580E+25  2.4897E-04  9.9975E-01  7.0108E+03  8.1828E-05  1.8738E-13  3.4694E-13  3.5011E-06
 9.0673E+25  2.4992E-04  9.9975E-01  7.0107E+03  8.1828E-05  1.8641E-13  3.4694E-13  3.4871E-06
 9.0765E+25  2.5072E-04  9.9975E-01  7.0107E+03  8.1828E-05  1.8562E-13  3.4694E-13  3.4731E-06
 9.0858E+25  2.5151E-04  9.9975E-01  7.0107E+03  8.1828E-05  1.8510E-13  3.4694E-13  3.4594E-06
 9.0950E+25  2.5232E-04  9.9975E-01  7.0106E+03  8.1828E-05  1.8461E-13  3.4694E-13  3.4463E-06
 9.1043E+25  2.5315E-04  9.9975E-01  7.0106E+03  8.1828E-05  1.8411E-13  3.4694E-13  3.4331E-06
 9.1135E+25  2.5403E-04  9.9975E-01  7.0106E+03  8.1828E-05  1.8363E-13  3.4694E-13  3.4200E-06
 9.1228E+25  2.5500E-04  9.9975E-01  7.0105E+03  8.1828E-05  1.8305E-13  3.4695E-13  3.4075E-06
 9.1321E+25  2.5588E-04  9.9974E-01  7.0105E+03  8.1828E-05  1.8186E-13  3.4695E-13  3.3955E-06
 9.1413E+25  2.5665E-04  9.9974E-01  7.0105E+03  8.1828E-05  1.8140E-13  3.4695E-13  3.3836E-06
 9.1506E+25  2.5744E-04  9.9974E-01  7.0104E+03  8.1828E-05  1.8090E-13  3.4695E-13  3.3714E-06
 9.1598E+25  2.5826E-04  9.9974E-01  7.0104E+03  8.1828E-05  1.8044E-13  3.4695E-13  3.3592E-06
 9.1691E+25  2.5911E-04  9.9974E-01  7.0104E+03  8.1828E-05  1.7996E-13  3.4695E-13  3.3470E-06
 9.1783E+25  2.6001E-04  9.9974E-01  7.0103E+03  8.1828E-05  1.7950E-13  3.4695E-13  3.3348E-06
 9.1876E+25  2.6098E-04  9.9974E-01  7.0103E+03  8.1828E-05  1.7864E-13  3.4696E-13  3.3225E-06
 9.1969E+25  2.6178E-04  9.9974E-01  7.0103E+03  8.1828E-05  1.7780E-13  3.4696E-13  3.3103E-06
 9.2061E+25  2.6255E-04  9.9974E-01  7.0102E+03  8.1828E-05  1.7734E-13  3.4696E-13  3.2981E-06
 9.2154E+25  2.6335E-04  9.9974E-01  7.0102E+03  8.1828E-05  1.7689E-13  3.4696E-13  3.2859E-06
 9.2246E+25  2.6417E-04  9.9974E-01  7.0101E+03  8.1828E-05  1.7643E-13  3.4696E-13  3.2736E-06
 9.2339E+25  2.6504E-04  9.9973E-01  7.0101E+03  8.1828E-05  1.7600E-13  3.4696E-13  3.2612E-06
 9.2431E+25  2.6597E-04  9.9973E-01  7.0101E+03  8.1828E-05  1.7555E-13  3.4696E-13  3.2489E-06
 9.2524E+25  2.6688E-04  9.9973E-01  7.0100E+03  8.1828E-05  1.7441E-13  3.4697E-13  3.2365E-06
