 4.6285E+22  3.2662E-11  1.0000E+00  1.1698E+04  8.1828E-05  1.0464E-06  2.2721E-13  1.0000E+00
 1.3886E+23  2.2858E-10  1.0000E+00  1.1701E+04  8.1828E-05  1.4948E-07  2.2715E-13  1.0000E+00
 2.3143E+23  6.1997E-10  1.0000E+00  1.1714E+04  8.1828E-05  5.5072E-08  2.2694E-13  1.0000E+00
 3.2400E+23  1.2053E-09  1.0000E+00  1.1741E+04  8.1828E-05  2.8280E-08  2.2650E-13  1.0000E+00
 4.1657E+23  1.9812E-09  1.0000E+00  1.1789E+04  8.1828E-05  1.7154E-08  2.2571E-13  1.0000E+00
 5.0914E+23  2.9416E-09  1.0000E+00  1.1868E+04  8.1828E-05  1.1498E-08  2.2445E-13  1.0000E+00
 6.0171E+23  4.0740E-09  1.0000E+00  1.1989E+04  8.1828E-05  8.2410E-09  2.2252E-13  1.0000E+00
 6.9428E+23  5.3661E-09  1.0000E+00  1.2165E+04  8.1828E-05  6.1914E-09  2.1980E-13  1.0000E+00
 7.8685E+23  6.7853E-09  1.0000E+00  1.2422E+04  8.1828E-05  4.8228E-09  2.1593E-13  1.0000E+00
 8.7942E+23  8.3017E-09  1.0000E+00  1.2779E+04  8.1828E-05  3.8616E-09  2.1077E-13  1.0000E+00
 9.7199E+23  9.8976E-09  1.0000E+00  1.3212E+04  8.1828E-05  3.1614E-09  2.0486E-13  1.0000E+00
 1.0646E+24  1.1593E-08  1.0000E+00  1.3649E+04  8.1828E-05  2.6358E-09  1.9924E-13  1.0000E+00
 1.1571E+24  1.3466E-08  1.0000E+00  1.3966E+04  8.1828E-05  2.2316E-09  1.9536E-13  1.0000E+00
 1.2497E+24  1.5575E-08  1.0000E+00  1.4136E+04  8.1828E-05  1.9123E-09  1.9333E-13  1.0000E+00
 1.3423E+24  1.7869E-08  1.0000E+00  1.4231E+04  8.1828E-05  1.6587E-09  1.9222E-13  1.0000E+00
 1.4348E+24  2.0316E-08  1.0000E+00  1.4331E+04  8.1828E-05  1.4515E-09  1.9107E-13  9.9999E-01
 1.5274E+24  2.2905E-08  1.0000E+00  1.4431E+04  8.1828E-05  1.2809E-09  1.8993E-13  9.9999E-01
 1.6200E+24  2.5645E-08  1.0000E+00  1.4524E+04  8.1828E-05  1.1387E-09  1.8888E-13  9.9999E-01
 1.7126E+24  2.8520E-08  1.0000E+00  1.4615E+04  8.1828E-05  1.0192E-09  1.8787E-13  9.9999E-01
 1.8051E+24  3.1567E-08  1.0000E+00  1.4697E+04  8.1828E-05  9.1705E-10  1.8696E-13  9.9999E-01
 1.8977E+24  3.4738E-08  1.0000E+00  1.4776E+04  8.1828E-05  8.3009E-10  1.8610E-13  9.9999E-01
 1.9903E+24  3.8079E-08  1.0000E+00  1.4852E+04  8.1828E-05  7.5439E-10  1.8527E-13  9.9999E-01
 2.0828E+24  4.1535E-08  1.0000E+00  1.4926E+04  8.1828E-05  6.8908E-10  1.8447E-13  9.9999E-01
 2.1754E+24  4.5149E-08  1.0000E+00  1.4999E+04  8.1828E-05  6.3168E-10  1.8370E-13  9.9999E-01
 2.2680E+24  4.8901E-08  1.0000E+00  1.5069E+04  8.1828E-05  5.8122E-10  1.8296E-13  9.9999E-01
 2.3605E+24  5.2811E-08  1.0000E+00  1.5137E+04  8.1828E-05  5.3641E-10  1.8225E-13  9.9999E-01
 2.4531E+24  5.6851E-08  1.0000E+00  1.5200E+04  8.1828E-05  4.9676E-10  1.8159E-13  9.9999E-01
 2.5457E+24  6.1027E-08  1.0000E+00  1.5265E+04  8.1828E-05  4.6133E-10  1.8093E-13  9.9998E-01
 2.6383E+24  6.5375E-08  1.0000E+00  1.5328E+04  8.1828E-05  4.2934E-10  1.8028E-13  9.9998E-01
 2.7308E+24  6.9811E-08  1.0000E+00  1.5387E+04  8.1828E-05  4.0093E-10  1.7968E-13  9.9998E-01
 2.8234E+24  7.4424E-08  1.0000E+00  1.5447E+04  8.1828E-05  3.7499E-10  1.7907E-13  9.9998E-01
 2.9160E+24  7.9137E-08  1.0000E+00  1.5504E+04  8.1828E-05  3.5172E-10  1.7851E-13  9.9998E-01
 3.0085E+24  8.4076E-08  1.0000E+00  1.5559E+04  8.1828E-05  3.3019E-10  1.7796E-13  9.9998E-01
 3.1011E+24  8.9104E-08  1.0000E+00  1.5615E+04  8.1828E-05  3.1073E-10  1.7741E-13  9.9998E-01
 3.1937E+24  9.4247E-08  1.0000E+00  1.5668E+04  8.1828E-05  2.9305E-10  1.7689E-13  9.9998E-01
 3.2862E+24  9.9511E-08  1.0000E+00  1.5719E+04  8.1828E-05  2.7687E-10  1.7638E-13  9.9997E-01
 3.3788E+24  1.0491E-07  1.0000E+00  1.5770E+04  8.1828E-05  2.6200E-10  1.7589E-13  9.9997E-01
 3.4714E+24  1.1047E-07  1.0000E+00  1.5820E+04  8.1828E-05  2.4824E-10  1.7541E-13  9.9997E-01
 3.5640E+24  1.1622E-07  1.0000E+00  1.5868E+04  8.1828E-05  2.3543E-10  1.7494E-13  9.9997E-01
 3.6565E+24  1.2219E-07  1.0000E+00  1.5915E+04  8.1828E-05  2.2344E-10  1.7450E-13  9.9997E-01
 3.7491E+24  1.2796E-07  1.0000E+00  1.5962E+04  8.1828E-05  2.1290E-10  1.7405E-13  9.9997E-01
 3.8417E+24  1.3421E-07  1.0000E+00  1.6008E+04  8.1828E-05  2.0256E-10  1.7362E-13  9.9997E-01
 3.9342E+24  1.4040E-07  1.0000E+00  1.6051E+04  8.1828E-05  1.9324E-10  1.7321E-13  9.9996E-01
 4.0268E+24  1.4691E-07  1.0000E+00  1.6096E+04  8.1828E-05  1.8430E-10  1.7279E-13  9.9996E-01
 4.1194E+24  1.5322E-07  1.0000E+00  1.6138E+04  8.1828E-05  1.7637E-10  1.7240E-13  9.9996E-01
 4.2120E+24  1.6008E-07  1.0000E+00  1.6179E+04  8.1828E-05  1.6848E-10  1.7201E-13  9.9996E-01
 4.3045E+24  1.6690E-07  1.0000E+00  1.6220E+04  8.1828E-05  1.6131E-10  1.7164E-13  9.9996E-01
 4.3971E+24  1.7359E-07  1.0000E+00  1.6260E+04  8.1828E-05  1.5481E-10  1.7127E-13  9.9996E-01
 4.4897E+24  1.8074E-07  1.0000E+00  1.6300E+04  8.1828E-05  1.4841E-10  1.7091E-13  9.9995E-01
 4.5822E+24  1.8799E-07  1.0000E+00  1.6339E+04  8.1828E-05  1.4244E-10  1.7055E-13  9.9995E-01
 4.6748E+24  1.9534E-07  1.0000E+00  1.6377E+04  8.1828E-05  1.3684E-10  1.7021E-13  9.9995E-01
 4.7674E+24  2.0281E-07  1.0000E+00  1.6414E+04  8.1828E-05  1.3158E-10  1.6987E-13  9.9995E-01
 4.8599E+24  2.1039E-07  1.0000E+00  1.6451E+04  8.1828E-05  1.2663E-10  1.6954E-13  9.9995E-01
 4.9525E+24  2.1810E-07  1.0000E+00  1.6486E+04  8.1828E-05  1.2196E-10  1.6922E-13  9.9994E-01
 5.0451E+24  2.2595E-07  1.0000E+00  1.6522E+04  8.1828E-05  1.1754E-10  1.6891E-13  9.9994E-01
 5.1377E+24  2.3395E-07  1.0000E+00  1.6556E+04  8.1828E-05  1.1334E-10  1.6860E-13  9.9994E-01
 5.2302E+24  2.4213E-07  1.0000E+00  1.6590E+04  8.1828E-05  1.0935E-10  1.6829E-13  9.9994E-01
 5.3228E+24  2.5049E-07  1.0000E+00  1.6624E+04  8.1828E-05  1.0554E-10  1.6800E-13  9.9994E-01
 5.4154E+24  2.5905E-07  1.0000E+00  1.6657E+04  8.1828E-05  1.0190E-10  1.6770E-13  9.9993E-01
 5.5079E+24  2.6709E-07  1.0000E+00  1.6690E+04  8.1828E-05  9.8691E-11  1.6742E-13  9.9993E-01
 5.6005E+24  2.7577E-07  1.0000E+00  1.6722E+04  8.1828E-05  9.5450E-11  1.6714E-13  9.9993E-01
 5.6931E+24  2.8487E-07  1.0000E+00  1.6754E+04  8.1828E-05  9.2271E-11  1.6686E-13  9.9993E-01
 5.7856E+24  2.9404E-07  1.0000E+00  1.6785E+04  8.1828E-05  8.9269E-11  1.6659E-13  9.9992E-01
 5.8782E+24  3.0227E-07  1.0000E+00  1.6815E+04  8.1828E-05  8.6722E-11  1.6633E-13  9.9992E-01
 5.9708E+24  3.1205E-07  1.0000E+00  1.6845E+04  8.1828E-05  8.3893E-11  1.6607E-13  9.9992E-01
 6.0634E+24  3.2143E-07  1.0000E+00  1.6874E+04  8.1828E-05  8.1341E-11  1.6582E-13  9.9992E-01
 6.1559E+24  3.3036E-07  1.0000E+00  1.6903E+04  8.1828E-05  7.9043E-11  1.6557E-13  9.9991E-01
 6.2485E+24  3.4098E-07  1.0000E+00  1.6932E+04  8.1828E-05  7.6484E-11  1.6532E-13  9.9991E-01
 6.3411E+24  3.4929E-07  1.0000E+00  1.6960E+04  8.1828E-05  7.4571E-11  1.6508E-13  9.9991E-01
 6.4336E+24  3.6044E-07  1.0000E+00  1.6988E+04  8.1828E-05  7.2177E-11  1.6485E-13  9.9991E-01
 6.5262E+24  3.6921E-07  1.0000E+00  1.7016E+04  8.1828E-05  7.0377E-11  1.6461E-13  9.9990E-01
 6.6188E+24  3.8065E-07  1.0000E+00  1.7043E+04  8.1828E-05  6.8181E-11  1.6438E-13  9.9990E-01
 6.7113E+24  3.8940E-07  1.0000E+00  1.7070E+04  8.1828E-05  6.6572E-11  1.6416E-13  9.9990E-01
 6.8039E+24  4.0119E-07  1.0000E+00  1.7096E+04  8.1828E-05  6.4542E-11  1.6394E-13  9.9990E-01
 6.8965E+24  4.1044E-07  1.0000E+00  1.7122E+04  8.1828E-05  6.3016E-11  1.6372E-13  9.9989E-01
 6.9891E+24  4.2175E-07  1.0000E+00  1.7148E+04  8.1828E-05  6.1258E-11  1.6350E-13  9.9989E-01
 7.0816E+24  4.3281E-07  1.0000E+00  1.7173E+04  8.1828E-05  5.9627E-11  1.6329E-13  9.9989E-01
 7.1742E+24  4.4263E-07  1.0000E+00  1.7199E+04  8.1828E-05  5.8240E-11  1.6308E-13  9.9989E-01
 7.2668E+24  4.5473E-07  1.0000E+00  1.7223E+04  8.1828E-05  5.6630E-11  1.6287E-13  9.9988E-01
 7.3593E+24  4.6558E-07  1.0000E+00  1.7248E+04  8.1828E-05  5.5252E-11  1.6267E-13  9.9988E-01
 7.4519E+24  4.7609E-07  1.0000E+00  1.7272E+04  8.1828E-05  5.3976E-11  1.6247E-13  9.9988E-01
 7.5445E+24  4.8838E-07  1.0000E+00  1.7296E+04  8.1828E-05  5.2564E-11  1.6227E-13  9.9987E-01
 7.6371E+24  5.0049E-07  1.0000E+00  1.7320E+04  8.1828E-05  5.1240E-11  1.6208E-13  9.9987E-01
 7.7296E+24  5.1034E-07  1.0000E+00  1.7343E+04  8.1828E-05  5.0200E-11  1.6189E-13  9.9987E-01
 7.8222E+24  5.2281E-07  1.0000E+00  1.7366E+04  8.1828E-05  4.8955E-11  1.6170E-13  9.9986E-01
 7.9148E+24  5.3537E-07  1.0000E+00  1.7389E+04  8.1828E-05  4.7759E-11  1.6151E-13  9.9986E-01
 8.0073E+24  5.4802E-07  1.0000E+00  1.7412E+04  8.1828E-05  4.6612E-11  1.6133E-13  9.9986E-01
 8.0999E+24  5.5833E-07  1.0000E+00  1.7434E+04  8.1828E-05  4.5707E-11  1.6115E-13  9.9986E-01
 8.1925E+24  5.7096E-07  1.0000E+00  1.7456E+04  8.1828E-05  4.4655E-11  1.6097E-13  9.9985E-01
 8.2850E+24  5.8382E-07  1.0000E+00  1.7478E+04  8.1828E-05  4.3630E-11  1.6079E-13  9.9985E-01
 8.3776E+24  5.9677E-07  1.0000E+00  1.7500E+04  8.1828E-05  4.2644E-11  1.6062E-13  9.9985E-01
 8.4702E+24  6.0979E-07  1.0000E+00  1.7521E+04  8.1828E-05  4.1695E-11  1.6044E-13  9.9984E-01
 8.5628E+24  6.2256E-07  1.0000E+00  1.7543E+04  8.1828E-05  4.0803E-11  1.6028E-13  9.9984E-01
 8.6553E+24  6.3413E-07  1.0000E+00  1.7563E+04  8.1828E-05  4.0023E-11  1.6011E-13  9.9984E-01
 8.7479E+24  6.4741E-07  1.0000E+00  1.7584E+04  8.1828E-05  3.9168E-11  1.5994E-13  9.9983E-01
 8.8405E+24  6.6080E-07  1.0000E+00  1.7605E+04  8.1828E-05  3.8341E-11  1.5978E-13  9.9983E-01
 8.9330E+24  6.7428E-07  1.0000E+00  1.7625E+04  8.1828E-05  3.7542E-11  1.5962E-13  9.9982E-01
 9.0256E+24  6.8785E-07  1.0000E+00  1.7645E+04  8.1828E-05  3.6770E-11  1.5946E-13  9.9982E-01
 9.1182E+24  7.0151E-07  1.0000E+00  1.7665E+04  8.1828E-05  3.6024E-11  1.5930E-13  9.9982E-01
 9.2107E+24  7.1527E-07  1.0000E+00  1.7685E+04  8.1828E-05  3.5302E-11  1.5914E-13  9.9981E-01
 9.3033E+24  7.2912E-07  1.0000E+00  1.7705E+04  8.1828E-05  3.4603E-11  1.5899E-13  9.9981E-01
 9.3959E+24  7.4307E-07  1.0000E+00  1.7724E+04  8.1828E-05  3.3925E-11  1.5883E-13  9.9981E-01
 9.4885E+24  7.5712E-07  1.0000E+00  1.7743E+04  8.1828E-05  3.3269E-11  1.5868E-13  9.9980E-01
 9.5810E+24  7.7128E-07  1.0000E+00  1.7762E+04  8.1828E-05  3.2632E-11  1.5853E-13  9.9980E-01
 9.6736E+24  7.8555E-07  1.0000E+00  1.7781E+04  8.1828E-05  3.2014E-11  1.5839E-13  9.9980E-01
 9.7662E+24  7.9994E-07  1.0000E+00  1.7800E+04  8.1828E-05  3.1414E-11  1.5824E-13  9.9979E-01
 9.8587E+24  8.1445E-07  1.0000E+00  1.7818E+04  8.1828E-05  3.0830E-11  1.5810E-13  9.9979E-01
 9.9513E+24  8.2909E-07  1.0000E+00  1.7837E+04  8.1828E-05  3.0263E-11  1.5795E-13  9.9978E-01
 1.0044E+25  8.4386E-07  1.0000E+00  1.7855E+04  8.1828E-05  2.9710E-11  1.5781E-13  9.9978E-01
 1.0136E+25  8.5877E-07  1.0000E+00  1.7873E+04  8.1828E-05  2.9173E-11  1.5767E-13  9.9978E-01
 1.0229E+25  8.7383E-07  1.0000E+00  1.7891E+04  8.1828E-05  2.8648E-11  1.5753E-13  9.9977E-01
 1.0322E+25  8.8905E-07  1.0000E+00  1.7908E+04  8.1828E-05  2.8137E-11  1.5740E-13  9.9977E-01
 1.0414E+25  9.0443E-07  1.0000E+00  1.7926E+04  8.1828E-05  2.7639E-11  1.5726E-13  9.9976E-01
 1.0507E+25  9.1998E-07  1.0000E+00  1.7943E+04  8.1828E-05  2.7152E-11  1.5713E-13  9.9976E-01
 1.0599E+25  9.3570E-07  1.0000E+00  1.7961E+04  8.1828E-05  2.6677E-11  1.5699E-13  9.9976E-01
 1.0692E+25  9.5162E-07  1.0000E+00  1.7978E+04  8.1828E-05  2.6212E-11  1.5686E-13  9.9975E-01
 1.0784E+25  9.6774E-07  1.0000E+00  1.7995E+04  8.1828E-05  2.5757E-11  1.5673E-13  9.9975E-01
 1.0877E+25  9.8407E-07  1.0000E+00  1.8012E+04  8.1828E-05  2.5312E-11  1.5660E-13  9.9974E-01
 1.0970E+25  1.0005E-06  1.0000E+00  1.8028E+04  8.1828E-05  2.4878E-11  1.5648E-13  9.9973E-01
 1.1062E+25  1.0143E-06  1.0000E+00  1.8045E+04  8.1828E-05  2.4523E-11  1.5635E-13  9.9972E-01
 1.1155E+25  1.0304E-06  1.0000E+00  1.8061E+04  8.1828E-05  2.4125E-11  1.5623E-13  9.9970E-01
 1.1247E+25  1.0473E-06  1.0000E+00  1.8077E+04  8.1828E-05  2.3720E-11  1.5610E-13  9.9966E-01
 1.1340E+25  1.0644E-06  1.0000E+00  1.8093E+04  8.1828E-05  2.3323E-11  1.5598E-13  9.9960E-01
 1.1432E+25  1.0817E-06  1.0000E+00  1.8109E+04  8.1828E-05  2.2934E-11  1.5586E-13  9.9949E-01
 1.1525E+25  1.0994E-06  1.0000E+00  1.8124E+04  8.1828E-05  2.2551E-11  1.5575E-13  9.9930E-01
 1.1618E+25  1.1173E-06  1.0000E+00  1.8139E+04  8.1828E-05  2.2176E-11  1.5564E-13  9.9895E-01
 1.1710E+25  1.1313E-06  1.0000E+00  1.8152E+04  8.1828E-05  2.1889E-11  1.5554E-13  9.9835E-01
 1.1803E+25  1.1478E-06  1.0000E+00  1.8163E+04  8.1828E-05  2.1562E-11  1.5546E-13  9.9730E-01
 1.1895E+25  1.1664E-06  1.0000E+00  1.8171E+04  8.1828E-05  2.1209E-11  1.5540E-13  9.9550E-01
 1.1988E+25  1.1854E-06  1.0000E+00  1.8173E+04  8.1828E-05  2.0861E-11  1.5538E-13  9.9242E-01
 1.2080E+25  1.2050E-06  1.0000E+00  1.8167E+04  8.1828E-05  2.0518E-11  1.5543E-13  9.8724E-01
 1.2173E+25  1.2235E-06  1.0000E+00  1.8146E+04  8.1828E-05  2.0212E-11  1.5559E-13  9.7866E-01
 1.2266E+25  1.2385E-06  1.0000E+00  1.8102E+04  8.1828E-05  1.9982E-11  1.5593E-13  9.6476E-01
 1.2358E+25  1.2608E-06  1.0000E+00  1.8022E+04  8.1828E-05  1.9659E-11  1.5655E-13  9.4280E-01
 1.2451E+25  1.2853E-06  1.0000E+00  1.7890E+04  8.1828E-05  1.9340E-11  1.5757E-13  9.0941E-01
 1.2543E+25  1.3127E-06  1.0000E+00  1.7684E+04  8.1828E-05  1.9027E-11  1.5920E-13  8.6117E-01
 1.2636E+25  1.3405E-06  1.0000E+00  1.7387E+04  8.1828E-05  1.8770E-11  1.6161E-13  7.9609E-01
 1.2728E+25  1.3715E-06  1.0000E+00  1.6985E+04  8.1828E-05  1.8546E-11  1.6497E-13  7.1545E-01
 1.2821E+25  1.4144E-06  1.0000E+00  1.6486E+04  8.1828E-05  1.8251E-11  1.6934E-13  6.2489E-01
 1.2914E+25  1.4638E-06  1.0000E+00  1.5915E+04  8.1828E-05  1.7966E-11  1.7465E-13  5.3296E-01
 1.3006E+25  1.5191E-06  1.0000E+00  1.5307E+04  8.1828E-05  1.7691E-11  1.8066E-13  4.4783E-01
 1.3099E+25  1.5774E-06  1.0000E+00  1.4700E+04  8.1828E-05  1.7445E-11  1.8710E-13  3.7449E-01
 1.3191E+25  1.6341E-06  1.0000E+00  1.4121E+04  8.1828E-05  1.7253E-11  1.9368E-13  3.1429E-01
 1.3284E+25  1.6988E-06  1.0000E+00  1.3586E+04  8.1828E-05  1.7001E-11  2.0021E-13  2.6612E-01
 1.3376E+25  1.7642E-06  1.0000E+00  1.3100E+04  8.1828E-05  1.6755E-11  2.0653E-13  2.2789E-01
 1.3469E+25  1.8293E-06  1.0000E+00  1.2663E+04  8.1828E-05  1.6518E-11  2.1259E-13  1.9744E-01
 1.3562E+25  1.8938E-06  1.0000E+00  1.2271E+04  8.1828E-05  1.6287E-11  2.1833E-13  1.7293E-01
 1.3654E+25  1.9576E-06  1.0000E+00  1.1920E+04  8.1828E-05  1.6062E-11  2.2376E-13  1.5296E-01
 1.3747E+25  2.0204E-06  1.0000E+00  1.1605E+04  8.1828E-05  1.5843E-11  2.2888E-13  1.3646E-01
 1.3839E+25  2.0823E-06  1.0000E+00  1.1321E+04  8.1828E-05  1.5630E-11  2.3370E-13  1.2266E-01
 1.3932E+25  2.1382E-06  1.0000E+00  1.1065E+04  8.1828E-05  1.5458E-11  2.3824E-13  1.1098E-01
 1.4024E+25  2.1982E-06  1.0000E+00  1.0832E+04  8.1828E-05  1.5252E-11  2.4252E-13  1.0098E-01
 1.4117E+25  2.2577E-06  1.0000E+00  1.0621E+04  8.1828E-05  1.5049E-11  2.4656E-13  9.2351E-02
 1.4210E+25  2.3165E-06  1.0000E+00  1.0428E+04  8.1828E-05  1.4851E-11  2.5037E-13  8.4834E-02
 1.4302E+25  2.3747E-06  1.0000E+00  1.0251E+04  8.1828E-05  1.4656E-11  2.5397E-13  7.8239E-02
 1.4395E+25  2.4324E-06  1.0000E+00  1.0088E+04  8.1828E-05  1.4466E-11  2.5738E-13  7.2414E-02
 1.4487E+25  2.4895E-06  1.0000E+00  9.9384E+03  8.1828E-05  1.4278E-11  2.6061E-13  6.7237E-02
 1.4580E+25  2.5464E-06  1.0000E+00  9.7999E+03  8.1828E-05  1.4094E-11  2.6367E-13  6.2613E-02
 1.4672E+25  2.6029E-06  1.0000E+00  9.6715E+03  8.1828E-05  1.3913E-11  2.6657E-13  5.8460E-02
 1.4765E+25  2.6592E-06  1.0000E+00  9.5522E+03  8.1828E-05  1.3734E-11  2.6933E-13  5.4716E-02
 1.4858E+25  2.7128E-06  1.0000E+00  9.4412E+03  8.1828E-05  1.3574E-11  2.7195E-13  5.1325E-02
 1.4950E+25  2.7624E-06  1.0000E+00  9.3376E+03  8.1828E-05  1.3428E-11  2.7445E-13  4.8242E-02
 1.5043E+25  2.8174E-06  1.0000E+00  9.2407E+03  8.1828E-05  1.3260E-11  2.7683E-13  4.5431E-02
 1.5135E+25  2.8725E-06  1.0000E+00  9.1500E+03  8.1828E-05  1.3095E-11  2.7909E-13  4.2859E-02
 1.5228E+25  2.9276E-06  1.0000E+00  9.0648E+03  8.1828E-05  1.2930E-11  2.8126E-13  4.0498E-02
 1.5320E+25  2.9827E-06  1.0000E+00  8.9848E+03  8.1828E-05  1.2769E-11  2.8332E-13  3.8326E-02
 1.5413E+25  3.0380E-06  1.0000E+00  8.9095E+03  8.1828E-05  1.2609E-11  2.8529E-13  3.6323E-02
 1.5506E+25  3.0933E-06  1.0000E+00  8.8386E+03  8.1828E-05  1.2452E-11  2.8718E-13  3.4470E-02
 1.5598E+25  3.1449E-06  1.0000E+00  8.7716E+03  8.1828E-05  1.2316E-11  2.8899E-13  3.2753E-02
 1.5691E+25  3.1904E-06  1.0000E+00  8.7082E+03  8.1828E-05  1.2197E-11  2.9071E-13  3.1158E-02
 1.5783E+25  3.2454E-06  1.0000E+00  8.6483E+03  8.1828E-05  1.2047E-11  2.9237E-13  2.9674E-02
 1.5876E+25  3.3009E-06  1.0000E+00  8.5915E+03  8.1828E-05  1.1898E-11  2.9396E-13  2.8291E-02
 1.5968E+25  3.3567E-06  1.0000E+00  8.5377E+03  8.1828E-05  1.1751E-11  2.9548E-13  2.6999E-02
 1.6061E+25  3.4130E-06  1.0000E+00  8.4865E+03  8.1828E-05  1.1605E-11  2.9694E-13  2.5791E-02
 1.6154E+25  3.4657E-06  1.0000E+00  8.4379E+03  8.1828E-05  1.1477E-11  2.9835E-13  2.4660E-02
 1.6246E+25  3.5067E-06  1.0000E+00  8.3917E+03  8.1828E-05  1.1382E-11  2.9969E-13  2.3598E-02
 1.6339E+25  3.5633E-06  1.0000E+00  8.3476E+03  8.1828E-05  1.1242E-11  3.0099E-13  2.2600E-02
 1.6431E+25  3.6206E-06  1.0000E+00  8.3057E+03  8.1828E-05  1.1103E-11  3.0224E-13  2.1662E-02
 1.6524E+25  3.6786E-06  1.0000E+00  8.2656E+03  8.1828E-05  1.0964E-11  3.0343E-13  2.0778E-02
 1.6616E+25  3.7334E-06  1.0000E+00  8.2274E+03  8.1828E-05  1.0841E-11  3.0459E-13  1.9945E-02
 1.6709E+25  3.7702E-06  1.0000E+00  8.1909E+03  8.1828E-05  1.0765E-11  3.0570E-13  1.9158E-02
 1.6802E+25  3.8289E-06  1.0000E+00  8.1560E+03  8.1828E-05  1.0630E-11  3.0677E-13  1.8415E-02
 1.6894E+25  3.8886E-06  1.0000E+00  8.1226E+03  8.1828E-05  1.0497E-11  3.0780E-13  1.7711E-02
 1.6987E+25  3.9493E-06  1.0000E+00  8.0906E+03  8.1828E-05  1.0363E-11  3.0880E-13  1.7045E-02
 1.7079E+25  3.9876E-06  1.0000E+00  8.0600E+03  8.1828E-05  1.0295E-11  3.0975E-13  1.6413E-02
 1.7172E+25  4.0398E-06  1.0000E+00  8.0306E+03  8.1828E-05  1.0183E-11  3.1068E-13  1.5814E-02
 1.7264E+25  4.1019E-06  1.0000E+00  8.0024E+03  8.1828E-05  1.0053E-11  3.1157E-13  1.5245E-02
 1.7357E+25  4.1652E-06  1.0000E+00  7.9754E+03  8.1828E-05  9.9237E-12  3.1244E-13  1.4704E-02
 1.7450E+25  4.2017E-06  1.0000E+00  7.9494E+03  8.1828E-05  9.8637E-12  3.1327E-13  1.4190E-02
 1.7542E+25  4.2551E-06  1.0000E+00  7.9245E+03  8.1828E-05  9.7569E-12  3.1408E-13  1.3700E-02
 1.7635E+25  4.3201E-06  1.0000E+00  7.9005E+03  8.1828E-05  9.6301E-12  3.1485E-13  1.3233E-02
 1.7727E+25  4.3841E-06  1.0000E+00  7.8774E+03  8.1828E-05  9.5118E-12  3.1561E-13  1.2788E-02
 1.7820E+25  4.4100E-06  1.0000E+00  7.8552E+03  8.1828E-05  9.4722E-12  3.1634E-13  1.2364E-02
 1.7912E+25  4.4765E-06  1.0000E+00  7.8338E+03  8.1828E-05  9.3479E-12  3.1704E-13  1.1959E-02
 1.8005E+25  4.5453E-06  1.0000E+00  7.8131E+03  8.1828E-05  9.2229E-12  3.1772E-13  1.1572E-02
 1.8097E+25  4.5853E-06  1.0000E+00  7.7933E+03  8.1828E-05  9.1629E-12  3.1838E-13  1.1202E-02
 1.8190E+25  4.6355E-06  1.0000E+00  7.7741E+03  8.1828E-05  9.0748E-12  3.1902E-13  1.0848E-02
 1.8283E+25  4.7068E-06  1.0000E+00  7.7557E+03  8.1828E-05  8.9519E-12  3.1964E-13  1.0509E-02
 1.8375E+25  4.7596E-06  1.0000E+00  7.7378E+03  8.1828E-05  8.8709E-12  3.2024E-13  1.0185E-02
 1.8468E+25  4.7967E-06  1.0000E+00  7.7206E+03  8.1828E-05  8.8115E-12  3.2082E-13  9.8739E-03
 1.8560E+25  4.8713E-06  1.0000E+00  7.7040E+03  8.1828E-05  8.6894E-12  3.2139E-13  9.5756E-03
 1.8653E+25  4.9309E-06  1.0000E+00  7.6879E+03  8.1828E-05  8.6011E-12  3.2193E-13  9.2902E-03
 1.8745E+25  4.9621E-06  1.0000E+00  7.6724E+03  8.1828E-05  8.5545E-12  3.2246E-13  9.0155E-03
 1.8838E+25  5.0396E-06  9.9999E-01  7.6574E+03  8.1828E-05  8.4343E-12  3.2298E-13  8.7522E-03
 1.8931E+25  5.0978E-06  9.9999E-01  7.6429E+03  8.1828E-05  8.3531E-12  3.2348E-13  8.4993E-03
 1.9023E+25  5.1314E-06  9.9999E-01  7.6288E+03  8.1828E-05  8.3046E-12  3.2396E-13  8.2559E-03
 1.9116E+25  5.2132E-06  9.9999E-01  7.6152E+03  8.1828E-05  8.1848E-12  3.2445E-13  8.0224E-03
 1.9208E+25  5.2615E-06  9.9999E-01  7.6021E+03  8.1828E-05  8.1235E-12  3.2491E-13  7.7970E-03
 1.9301E+25  5.3057E-06  9.9999E-01  7.5893E+03  8.1828E-05  8.0609E-12  3.2535E-13  7.5810E-03
 1.9393E+25  5.3917E-06  9.9999E-01  7.5770E+03  8.1828E-05  7.9412E-12  3.2578E-13  7.3722E-03
 1.9486E+25  5.4209E-06  9.9999E-01  7.5650E+03  8.1828E-05  7.9112E-12  3.2620E-13  7.1718E-03
 1.9579E+25  5.4861E-06  9.9999E-01  7.5534E+03  8.1828E-05  7.8214E-12  3.2661E-13  6.9782E-03
 1.9671E+25  5.5707E-06  9.9999E-01  7.5421E+03  8.1828E-05  7.7140E-12  3.2700E-13  6.7920E-03
 1.9764E+25  5.5814E-06  9.9999E-01  7.5312E+03  8.1828E-05  7.7038E-12  3.2739E-13  6.6120E-03
 1.9856E+25  5.6733E-06  9.9999E-01  7.5206E+03  8.1828E-05  7.5859E-12  3.2776E-13  6.4388E-03
 1.9949E+25  5.7239E-06  9.9999E-01  7.5103E+03  8.1828E-05  7.5299E-12  3.2813E-13  6.2712E-03
 2.0041E+25  5.7704E-06  9.9999E-01  7.5004E+03  8.1828E-05  7.4719E-12  3.2848E-13  6.1099E-03
 2.0134E+25  5.8680E-06  9.9999E-01  7.4907E+03  8.1828E-05  7.3542E-12  3.2883E-13  5.9536E-03
 2.0227E+25  5.8722E-06  9.9999E-01  7.4813E+03  8.1828E-05  7.3593E-12  3.2916E-13  5.8033E-03
 2.0319E+25  5.9679E-06  9.9999E-01  7.4721E+03  8.1828E-05  7.2433E-12  3.2949E-13  5.6573E-03
 2.0412E+25  6.0190E-06  9.9999E-01  7.4632E+03  8.1828E-05  7.1918E-12  3.2981E-13  5.5169E-03
 2.0504E+25  6.0682E-06  9.9999E-01  7.4546E+03  8.1828E-05  7.1351E-12  3.3012E-13  5.3804E-03
 2.0597E+25  6.1651E-06  9.9999E-01  7.4462E+03  8.1828E-05  7.0322E-12  3.3042E-13  5.2492E-03
 2.0689E+25  6.1698E-06  9.9999E-01  7.4380E+03  8.1828E-05  7.0286E-12  3.3071E-13  5.1215E-03
 2.0782E+25  6.2786E-06  9.9999E-01  7.4301E+03  8.1828E-05  6.9116E-12  3.3100E-13  4.9985E-03
 2.0875E+25  6.3043E-06  9.9999E-01  7.4223E+03  8.1828E-05  6.8923E-12  3.3128E-13  4.8790E-03
 2.0967E+25  6.3839E-06  9.9999E-01  7.4148E+03  8.1828E-05  6.8072E-12  3.3155E-13  4.7634E-03
 2.1060E+25  6.4476E-06  9.9999E-01  7.4075E+03  8.1828E-05  6.7485E-12  3.3182E-13  4.6517E-03
 2.1152E+25  6.4903E-06  9.9999E-01  7.4004E+03  8.1828E-05  6.7045E-12  3.3208E-13  4.5429E-03
 2.1245E+25  6.5908E-06  9.9999E-01  7.3934E+03  8.1828E-05  6.6104E-12  3.3233E-13  4.4382E-03
 2.1337E+25  6.5978E-06  9.9999E-01  7.3867E+03  8.1828E-05  6.6037E-12  3.3258E-13  4.3360E-03
 2.1430E+25  6.7205E-06  9.9999E-01  7.3801E+03  8.1828E-05  6.4871E-12  3.3282E-13  4.2374E-03
 2.1523E+25  6.7196E-06  9.9999E-01  7.3737E+03  8.1828E-05  6.4957E-12  3.3305E-13  4.1416E-03
 2.1615E+25  6.8332E-06  9.9999E-01  7.3674E+03  8.1828E-05  6.3876E-12  3.3328E-13  4.0484E-03
 2.1708E+25  6.8596E-06  9.9999E-01  7.3613E+03  8.1828E-05  6.3705E-12  3.3350E-13  3.9586E-03
 2.1800E+25  6.9475E-06  9.9999E-01  7.3554E+03  8.1828E-05  6.2894E-12  3.3372E-13  3.8707E-03
 2.1893E+25  6.9988E-06  9.9999E-01  7.3496E+03  8.1828E-05  6.2506E-12  3.3394E-13  3.7858E-03
 2.1985E+25  7.0635E-06  9.9999E-01  7.3440E+03  8.1828E-05  6.1928E-12  3.3414E-13  3.7034E-03
 2.2078E+25  7.1374E-06  9.9999E-01  7.3384E+03  8.1828E-05  6.1357E-12  3.3435E-13  3.6229E-03
 2.2171E+25  7.1820E-06  9.9999E-01  7.3331E+03  8.1828E-05  6.0968E-12  3.3455E-13  3.5454E-03
 2.2263E+25  7.2751E-06  9.9999E-01  7.3278E+03  8.1828E-05  6.0256E-12  3.3474E-13  3.4696E-03
 2.2356E+25  7.3024E-06  9.9999E-01  7.3227E+03  8.1828E-05  6.0021E-12  3.3493E-13  3.3958E-03
 2.2448E+25  7.4119E-06  9.9999E-01  7.3177E+03  8.1828E-05  5.9199E-12  3.3511E-13  3.3247E-03
 2.2541E+25  7.4251E-06  9.9999E-01  7.3128E+03  8.1828E-05  5.9083E-12  3.3530E-13  3.2549E-03
 2.2633E+25  7.5478E-06  9.9999E-01  7.3081E+03  8.1828E-05  5.8187E-12  3.3547E-13  3.1873E-03
 2.2726E+25  7.5505E-06  9.9999E-01  7.3034E+03  8.1828E-05  5.8153E-12  3.3565E-13  3.1217E-03
 2.2819E+25  7.6829E-06  9.9999E-01  7.2989E+03  8.1828E-05  5.7213E-12  3.3582E-13  3.0574E-03
 2.2911E+25  7.6786E-06  9.9999E-01  7.2944E+03  8.1828E-05  5.7231E-12  3.3598E-13  2.9953E-03
 2.3004E+25  7.8169E-06  9.9999E-01  7.2901E+03  8.1828E-05  5.6278E-12  3.3614E-13  2.9349E-03
 2.3096E+25  7.8097E-06  9.9999E-01  7.2859E+03  8.1828E-05  5.6316E-12  3.3630E-13  2.8755E-03
 2.3189E+25  7.9498E-06  9.9999E-01  7.2817E+03  8.1828E-05  5.5381E-12  3.3646E-13  2.8183E-03
 2.3281E+25  7.9439E-06  9.9999E-01  7.2777E+03  8.1828E-05  5.5407E-12  3.3661E-13  2.7625E-03
 2.3374E+25  8.0816E-06  9.9999E-01  7.2737E+03  8.1828E-05  5.4519E-12  3.3676E-13  2.7077E-03
 2.3467E+25  8.0814E-06  9.9999E-01  7.2699E+03  8.1828E-05  5.4505E-12  3.3690E-13  2.6548E-03
 2.3559E+25  8.2121E-06  9.9999E-01  7.2661E+03  8.1828E-05  5.3692E-12  3.3704E-13  2.6032E-03
 2.3652E+25  8.2224E-06  9.9999E-01  7.2624E+03  8.1828E-05  5.3607E-12  3.3718E-13  2.5525E-03
 2.3744E+25  8.3415E-06  9.9999E-01  7.2588E+03  8.1828E-05  5.2896E-12  3.3732E-13  2.5035E-03
 2.3837E+25  8.3671E-06  9.9999E-01  7.2552E+03  8.1828E-05  5.2715E-12  3.3745E-13  2.4558E-03
 2.3929E+25  8.4697E-06  9.9999E-01  7.2518E+03  8.1828E-05  5.2130E-12  3.3758E-13  2.4089E-03
 2.4022E+25  8.5157E-06  9.9999E-01  7.2484E+03  8.1828E-05  5.1829E-12  3.3771E-13  2.3634E-03
 2.4115E+25  8.5967E-06  9.9999E-01  7.2451E+03  8.1828E-05  5.1393E-12  3.3783E-13  2.3193E-03
 2.4207E+25  8.6685E-06  9.9999E-01  7.2418E+03  8.1828E-05  5.0947E-12  3.3796E-13  2.2758E-03
 2.4300E+25  8.7223E-06  9.9999E-01  7.2386E+03  8.1828E-05  5.0683E-12  3.3808E-13  2.2334E-03
 2.4392E+25  8.8256E-06  9.9999E-01  7.2355E+03  8.1828E-05  5.0070E-12  3.3819E-13  2.1924E-03
 2.4485E+25  8.8467E-06  9.9999E-01  7.2325E+03  8.1828E-05  5.0000E-12  3.3831E-13  2.1521E-03
 2.4577E+25  8.9872E-06  9.9999E-01  7.2295E+03  8.1828E-05  4.9198E-12  3.3842E-13  2.1126E-03
 2.4670E+25  8.9698E-06  9.9999E-01  7.2266E+03  8.1828E-05  4.9341E-12  3.3853E-13  2.0745E-03
 2.4763E+25  9.1426E-06  9.9999E-01  7.2237E+03  8.1828E-05  4.8418E-12  3.3864E-13  2.0372E-03
 2.4855E+25  9.1023E-06  9.9999E-01  7.2209E+03  8.1828E-05  4.8618E-12  3.3875E-13  2.0004E-03
 2.4948E+25  9.2654E-06  9.9999E-01  7.2182E+03  8.1828E-05  4.7805E-12  3.3885E-13  1.9647E-03
 2.5040E+25  9.2711E-06  9.9999E-01  7.2155E+03  8.1828E-05  4.7753E-12  3.3895E-13  1.9301E-03
 2.5133E+25  9.3861E-06  9.9999E-01  7.2129E+03  8.1828E-05  4.7215E-12  3.3905E-13  1.8959E-03
 2.5225E+25  9.4460E-06  9.9999E-01  7.2103E+03  8.1828E-05  4.6893E-12  3.3915E-13  1.8624E-03
 2.5318E+25  9.5053E-06  9.9999E-01  7.2078E+03  8.1828E-05  4.6645E-12  3.3925E-13  1.8301E-03
 2.5411E+25  9.6263E-06  9.9999E-01  7.2053E+03  8.1828E-05  4.6036E-12  3.3934E-13  1.7985E-03
 2.5503E+25  9.6231E-06  9.9999E-01  7.2028E+03  8.1828E-05  4.6095E-12  3.3944E-13  1.7672E-03
 2.5596E+25  9.8014E-06  9.9999E-01  7.2005E+03  8.1828E-05  4.5263E-12  3.3953E-13  1.7368E-03
 2.5688E+25  9.7505E-06  9.9999E-01  7.1981E+03  8.1828E-05  4.5485E-12  3.3962E-13  1.7073E-03
 2.5781E+25  9.9191E-06  9.9999E-01  7.1958E+03  8.1828E-05  4.4750E-12  3.3970E-13  1.6783E-03
 2.5873E+25  9.9399E-06  9.9999E-01  7.1936E+03  8.1828E-05  4.4633E-12  3.3979E-13  1.6497E-03
 2.5966E+25  1.0034E-05  9.9999E-01  7.1914E+03  8.1828E-05  4.4257E-12  3.3987E-13  1.6220E-03
 2.6059E+25  1.0136E-05  9.9999E-01  7.1892E+03  8.1828E-05  4.3786E-12  3.3996E-13  1.5951E-03
 2.6151E+25  1.0147E-05  9.9999E-01  7.1871E+03  8.1828E-05  4.3781E-12  3.4004E-13  1.5685E-03
 2.6244E+25  1.0329E-05  9.9999E-01  7.1850E+03  8.1828E-05  4.3014E-12  3.4012E-13  1.5423E-03
 2.6336E+25  1.0270E-05  9.9999E-01  7.1830E+03  8.1828E-05  4.3249E-12  3.4020E-13  1.5169E-03
 2.6429E+25  1.0443E-05  9.9999E-01  7.1810E+03  8.1828E-05  4.2568E-12  3.4027E-13  1.4922E-03
 2.6521E+25  1.0477E-05  9.9999E-01  7.1790E+03  8.1828E-05  4.2405E-12  3.4035E-13  1.4678E-03
 2.6614E+25  1.0553E-05  9.9999E-01  7.1771E+03  8.1828E-05  4.2136E-12  3.4042E-13  1.4438E-03
 2.6707E+25  1.0692E-05  9.9999E-01  7.1752E+03  8.1828E-05  4.1567E-12  3.4050E-13  1.4206E-03
 2.6799E+25  1.0662E-05  9.9999E-01  7.1733E+03  8.1828E-05  4.1723E-12  3.4057E-13  1.3979E-03
 2.6892E+25  1.0848E-05  9.9999E-01  7.1715E+03  8.1828E-05  4.1014E-12  3.4064E-13  1.3755E-03
 2.6984E+25  1.0835E-05  9.9999E-01  7.1697E+03  8.1828E-05  4.1038E-12  3.4071E-13  1.3534E-03
 2.7077E+25  1.0956E-05  9.9999E-01  7.1679E+03  8.1828E-05  4.0625E-12  3.4077E-13  1.3320E-03
 2.7169E+25  1.1064E-05  9.9999E-01  7.1662E+03  8.1828E-05  4.0203E-12  3.4084E-13  1.3112E-03
 2.7262E+25  1.1062E-05  9.9999E-01  7.1645E+03  8.1828E-05  4.0248E-12  3.4091E-13  1.2906E-03
 2.7355E+25  1.1250E-05  9.9999E-01  7.1628E+03  8.1828E-05  3.9582E-12  3.4097E-13  1.2703E-03
 2.7447E+25  1.1215E-05  9.9999E-01  7.1612E+03  8.1828E-05  3.9680E-12  3.4103E-13  1.2505E-03
 2.7540E+25  1.1354E-05  9.9999E-01  7.1596E+03  8.1828E-05  3.9229E-12  3.4109E-13  1.2313E-03
 2.7632E+25  1.1458E-05  9.9999E-01  7.1580E+03  8.1828E-05  3.8851E-12  3.4116E-13  1.2124E-03
 2.7725E+25  1.1458E-05  9.9999E-01  7.1564E+03  8.1828E-05  3.8888E-12  3.4122E-13  1.1937E-03
 2.7817E+25  1.1648E-05  9.9999E-01  7.1549E+03  8.1828E-05  3.8257E-12  3.4128E-13  1.1754E-03
 2.7910E+25  1.1619E-05  9.9999E-01  7.1534E+03  8.1828E-05  3.8330E-12  3.4133E-13  1.1577E-03
 2.8003E+25  1.1749E-05  9.9999E-01  7.1520E+03  8.1828E-05  3.7938E-12  3.4139E-13  1.1403E-03
 2.8095E+25  1.1877E-05  9.9999E-01  7.1505E+03  8.1828E-05  3.7507E-12  3.4145E-13  1.1230E-03
 2.8188E+25  1.1849E-05  9.9999E-01  7.1491E+03  8.1828E-05  3.7629E-12  3.4150E-13  1.1061E-03
 2.8280E+25  1.2042E-05  9.9999E-01  7.1477E+03  8.1828E-05  3.7031E-12  3.4155E-13  1.0896E-03
 2.8373E+25  1.2048E-05  9.9999E-01  7.1463E+03  8.1828E-05  3.6989E-12  3.4161E-13  1.0736E-03
 2.8465E+25  1.2140E-05  9.9999E-01  7.1449E+03  8.1828E-05  3.6743E-12  3.4166E-13  1.0577E-03
 2.8558E+25  1.2323E-05  9.9999E-01  7.1436E+03  8.1828E-05  3.6172E-12  3.4171E-13  1.0420E-03
 2.8651E+25  1.2236E-05  9.9999E-01  7.1423E+03  8.1828E-05  3.6462E-12  3.4176E-13  1.0267E-03
 2.8743E+25  1.2431E-05  9.9999E-01  7.1410E+03  8.1828E-05  3.5895E-12  3.4181E-13  1.0118E-03
 2.8836E+25  1.2506E-05  9.9999E-01  7.1398E+03  8.1828E-05  3.5656E-12  3.4186E-13  9.9724E-04
 2.8928E+25  1.2526E-05  9.9999E-01  7.1385E+03  8.1828E-05  3.5633E-12  3.4191E-13  9.8275E-04
 2.9021E+25  1.2724E-05  9.9999E-01  7.1373E+03  8.1828E-05  3.5082E-12  3.4196E-13  9.6848E-04
 2.9113E+25  1.2694E-05  9.9999E-01  7.1361E+03  8.1828E-05  3.5140E-12  3.4200E-13  9.5460E-04
 2.9206E+25  1.2816E-05  9.9999E-01  7.1349E+03  8.1828E-05  3.4839E-12  3.4205E-13  9.4112E-04
 2.9299E+25  1.2996E-05  9.9999E-01  7.1337E+03  8.1828E-05  3.4332E-12  3.4209E-13  9.2777E-04
 2.9391E+25  1.2907E-05  9.9999E-01  7.1326E+03  8.1828E-05  3.4601E-12  3.4214E-13  9.1456E-04
 2.9484E+25  1.3107E-05  9.9999E-01  7.1314E+03  8.1828E-05  3.4076E-12  3.4218E-13  9.0156E-04
 2.9576E+25  1.3197E-05  9.9999E-01  7.1303E+03  8.1828E-05  3.3819E-12  3.4223E-13  8.8895E-04
 2.9669E+25  1.3195E-05  9.9999E-01  7.1293E+03  8.1828E-05  3.3856E-12  3.4227E-13  8.7666E-04
 2.9761E+25  1.3397E-05  9.9999E-01  7.1282E+03  8.1828E-05  3.3347E-12  3.4231E-13  8.6447E-04
 2.9854E+25  1.3405E-05  9.9999E-01  7.1271E+03  8.1828E-05  3.3305E-12  3.4235E-13  8.5240E-04
 2.9947E+25  1.3483E-05  9.9999E-01  7.1261E+03  8.1828E-05  3.3141E-12  3.4239E-13  8.4054E-04
 3.0039E+25  1.3689E-05  9.9999E-01  7.1250E+03  8.1828E-05  3.2648E-12  3.4243E-13  8.2903E-04
 3.0132E+25  1.3617E-05  9.9999E-01  7.1240E+03  8.1828E-05  3.2796E-12  3.4247E-13  8.1781E-04
 3.0224E+25  1.3773E-05  9.9999E-01  7.1231E+03  8.1828E-05  3.2455E-12  3.4251E-13  8.0666E-04
 3.0317E+25  1.3961E-05  9.9999E-01  7.1221E+03  8.1828E-05  3.1995E-12  3.4255E-13  7.9562E-04
 3.0409E+25  1.3855E-05  9.9999E-01  7.1211E+03  8.1828E-05  3.2268E-12  3.4259E-13  7.8477E-04
 3.0502E+25  1.4062E-05  9.9999E-01  7.1202E+03  8.1828E-05  3.1797E-12  3.4262E-13  7.7423E-04
 3.0594E+25  1.4191E-05  9.9999E-01  7.1192E+03  8.1828E-05  3.1484E-12  3.4266E-13  7.6397E-04
 3.0687E+25  1.4142E-05  9.9999E-01  7.1183E+03  8.1828E-05  3.1622E-12  3.4269E-13  7.5378E-04
 3.0780E+25  1.4350E-05  9.9999E-01  7.1174E+03  8.1828E-05  3.1166E-12  3.4273E-13  7.4368E-04
 3.0872E+25  1.4429E-05  9.9999E-01  7.1165E+03  8.1828E-05  3.0973E-12  3.4276E-13  7.3372E-04
 3.0965E+25  1.4428E-05  9.9999E-01  7.1156E+03  8.1828E-05  3.1003E-12  3.4280E-13  7.2404E-04
 3.1057E+25  1.4639E-05  9.9999E-01  7.1148E+03  8.1828E-05  3.0559E-12  3.4283E-13  7.1461E-04
 3.1150E+25  1.4673E-05  9.9999E-01  7.1139E+03  8.1828E-05  3.0464E-12  3.4286E-13  7.0530E-04
 3.1242E+25  1.4714E-05  9.9999E-01  7.1131E+03  8.1828E-05  3.0407E-12  3.4290E-13  6.9605E-04
 3.1335E+25  1.4928E-05  9.9999E-01  7.1122E+03  8.1828E-05  2.9976E-12  3.4293E-13  6.8690E-04
 3.1428E+25  1.4926E-05  9.9999E-01  7.1114E+03  8.1828E-05  2.9956E-12  3.4296E-13  6.7798E-04
 3.1520E+25  1.5001E-05  9.9998E-01  7.1106E+03  8.1828E-05  2.9834E-12  3.4299E-13  6.6930E-04
 3.1613E+25  1.5216E-05  9.9998E-01  7.1099E+03  8.1828E-05  2.9414E-12  3.4302E-13  6.6078E-04
 3.1705E+25  1.5186E-05  9.9998E-01  7.1091E+03  8.1828E-05  2.9448E-12  3.4305E-13  6.5231E-04
 3.1798E+25  1.5286E-05  9.9998E-01  7.1083E+03  8.1828E-05  2.9283E-12  3.4308E-13  6.4392E-04
 3.1890E+25  1.5504E-05  9.9998E-01  7.1075E+03  8.1828E-05  2.8875E-12  3.4311E-13  6.3565E-04
 3.1983E+25  1.5457E-05  9.9998E-01  7.1068E+03  8.1828E-05  2.8939E-12  3.4314E-13  6.2762E-04
 3.2076E+25  1.5572E-05  9.9998E-01  7.1061E+03  8.1828E-05  2.8753E-12  3.4317E-13  6.1980E-04
 3.2168E+25  1.5791E-05  9.9998E-01  7.1053E+03  8.1828E-05  2.8356E-12  3.4320E-13  6.1205E-04
 3.2261E+25  1.5736E-05  9.9998E-01  7.1046E+03  8.1828E-05  2.8431E-12  3.4323E-13  6.0435E-04
 3.2353E+25  1.5856E-05  9.9998E-01  7.1039E+03  8.1828E-05  2.8243E-12  3.4326E-13  5.9673E-04
 3.2446E+25  1.6077E-05  9.9998E-01  7.1032E+03  8.1828E-05  2.7856E-12  3.4328E-13  5.8927E-04
 3.2538E+25  1.6026E-05  9.9998E-01  7.1025E+03  8.1828E-05  2.7922E-12  3.4331E-13  5.8201E-04
 3.2631E+25  1.6140E-05  9.9998E-01  7.1019E+03  8.1828E-05  2.7751E-12  3.4334E-13  5.7492E-04
 3.2724E+25  1.6363E-05  9.9998E-01  7.1012E+03  8.1828E-05  2.7375E-12  3.4336E-13  5.6787E-04
 3.2816E+25  1.6327E-05  9.9998E-01  7.1005E+03  8.1828E-05  2.7413E-12  3.4339E-13  5.6087E-04
 3.2909E+25  1.6423E-05  9.9998E-01  7.0999E+03  8.1828E-05  2.7278E-12  3.4341E-13  5.5394E-04
 3.3001E+25  1.6648E-05  9.9998E-01  7.0993E+03  8.1828E-05  2.6912E-12  3.4344E-13  5.4718E-04
 3.3094E+25  1.6639E-05  9.9998E-01  7.0986E+03  8.1828E-05  2.6904E-12  3.4346E-13  5.4059E-04
 3.3186E+25  1.6706E-05  9.9998E-01  7.0980E+03  8.1828E-05  2.6821E-12  3.4349E-13  5.3415E-04
 3.3279E+25  1.6932E-05  9.9998E-01  7.0974E+03  8.1828E-05  2.6465E-12  3.4351E-13  5.2772E-04
 3.3372E+25  1.6962E-05  9.9998E-01  7.0968E+03  8.1828E-05  2.6395E-12  3.4353E-13  5.2135E-04
 3.3464E+25  1.6988E-05  9.9998E-01  7.0962E+03  8.1828E-05  2.6381E-12  3.4356E-13  5.1505E-04
 3.3557E+25  1.7215E-05  9.9998E-01  7.0956E+03  8.1828E-05  2.6035E-12  3.4358E-13  5.0890E-04
 3.3649E+25  1.7298E-05  9.9998E-01  7.0950E+03  8.1828E-05  2.5887E-12  3.4360E-13  5.0290E-04
 3.3742E+25  1.7268E-05  9.9998E-01  7.0945E+03  8.1828E-05  2.5957E-12  3.4362E-13  4.9703E-04
 3.3834E+25  1.7497E-05  9.9998E-01  7.0939E+03  8.1828E-05  2.5619E-12  3.4365E-13  4.9118E-04
 3.3927E+25  1.7647E-05  9.9998E-01  7.0933E+03  8.1828E-05  2.5380E-12  3.4367E-13  4.8538E-04
 3.4020E+25  1.7548E-05  9.9998E-01  7.0928E+03  8.1828E-05  2.5546E-12  3.4369E-13  4.7963E-04
 3.4112E+25  1.7778E-05  9.9998E-01  7.0922E+03  8.1828E-05  2.5218E-12  3.4371E-13  4.7401E-04
 3.4205E+25  1.8005E-05  9.9998E-01  7.0917E+03  8.1828E-05  2.4889E-12  3.4373E-13  4.6852E-04
 3.4297E+25  1.7831E-05  9.9998E-01  7.0912E+03  8.1828E-05  2.5136E-12  3.4375E-13  4.6317E-04
 3.4390E+25  1.8058E-05  9.9998E-01  7.0907E+03  8.1828E-05  2.4830E-12  3.4377E-13  4.5785E-04
 3.4482E+25  1.8295E-05  9.9998E-01  7.0902E+03  8.1828E-05  2.4510E-12  3.4379E-13  4.5255E-04
 3.4575E+25  1.8193E-05  9.9998E-01  7.0896E+03  8.1828E-05  2.4626E-12  3.4381E-13  4.4731E-04
 3.4668E+25  1.8338E-05  9.9998E-01  7.0891E+03  8.1828E-05  2.4454E-12  3.4383E-13  4.4214E-04
 3.4760E+25  1.8575E-05  9.9998E-01  7.0886E+03  8.1828E-05  2.4145E-12  3.4385E-13  4.3712E-04
 3.4853E+25  1.8580E-05  9.9998E-01  7.0882E+03  8.1828E-05  2.4117E-12  3.4387E-13  4.3221E-04
 3.4945E+25  1.8617E-05  9.9998E-01  7.0877E+03  8.1828E-05  2.4092E-12  3.4389E-13  4.2737E-04
 3.5038E+25  1.8854E-05  9.9998E-01  7.0872E+03  8.1828E-05  2.3791E-12  3.4391E-13  4.2254E-04
 3.5130E+25  1.8982E-05  9.9998E-01  7.0867E+03  8.1828E-05  2.3609E-12  3.4393E-13  4.1775E-04
 3.5223E+25  1.8894E-05  9.9998E-01  7.0863E+03  8.1828E-05  2.3742E-12  3.4395E-13  4.1301E-04
 3.5316E+25  1.9131E-05  9.9998E-01  7.0858E+03  8.1828E-05  2.3449E-12  3.4396E-13  4.0839E-04
 3.5408E+25  1.9374E-05  9.9998E-01  7.0854E+03  8.1828E-05  2.3154E-12  3.4398E-13  4.0386E-04
 3.5501E+25  1.9195E-05  9.9998E-01  7.0849E+03  8.1828E-05  2.3353E-12  3.4400E-13  3.9945E-04
 3.5593E+25  1.9409E-05  9.9998E-01  7.0845E+03  8.1828E-05  2.3116E-12  3.4402E-13  3.9504E-04
 3.5686E+25  1.9653E-05  9.9998E-01  7.0840E+03  8.1828E-05  2.2831E-12  3.4403E-13  3.9067E-04
 3.5778E+25  1.9623E-05  9.9998E-01  7.0836E+03  8.1828E-05  2.2844E-12  3.4405E-13  3.8633E-04
 3.5871E+25  1.9686E-05  9.9998E-01  7.0832E+03  8.1828E-05  2.2794E-12  3.4407E-13  3.8205E-04
 3.5964E+25  1.9929E-05  9.9998E-01  7.0828E+03  8.1828E-05  2.2517E-12  3.4408E-13  3.7788E-04
 3.6056E+25  2.0071E-05  9.9998E-01  7.0824E+03  8.1828E-05  2.2337E-12  3.4410E-13  3.7380E-04
 3.6149E+25  1.9961E-05  9.9998E-01  7.0820E+03  8.1828E-05  2.2482E-12  3.4412E-13  3.6980E-04
 3.6241E+25  2.0204E-05  9.9998E-01  7.0816E+03  8.1828E-05  2.2213E-12  3.4413E-13  3.6581E-04
 3.6334E+25  2.0455E-05  9.9998E-01  7.0811E+03  8.1828E-05  2.1942E-12  3.4415E-13  3.6184E-04
 3.6426E+25  2.0315E-05  9.9998E-01  7.0808E+03  8.1828E-05  2.2073E-12  3.4416E-13  3.5791E-04
 3.6519E+25  2.0480E-05  9.9998E-01  7.0804E+03  8.1828E-05  2.1916E-12  3.4418E-13  3.5403E-04
 3.6612E+25  2.0728E-05  9.9998E-01  7.0800E+03  8.1828E-05  2.1654E-12  3.4419E-13  3.5025E-04
 3.6704E+25  2.0794E-05  9.9998E-01  7.0796E+03  8.1828E-05  2.1566E-12  3.4421E-13  3.4656E-04
 3.6797E+25  2.0754E-05  9.9998E-01  7.0792E+03  8.1828E-05  2.1629E-12  3.4422E-13  3.4293E-04
 3.6889E+25  2.1002E-05  9.9998E-01  7.0789E+03  8.1828E-05  2.1375E-12  3.4424E-13  3.3931E-04
 3.6982E+25  2.1256E-05  9.9998E-01  7.0785E+03  8.1828E-05  2.1118E-12  3.4425E-13  3.3571E-04
 3.7074E+25  2.1063E-05  9.9998E-01  7.0781E+03  8.1828E-05  2.1296E-12  3.4427E-13  3.3213E-04
 3.7167E+25  2.1276E-05  9.9998E-01  7.0778E+03  8.1828E-05  2.1101E-12  3.4428E-13  3.2861E-04
 3.7260E+25  2.1529E-05  9.9998E-01  7.0774E+03  8.1828E-05  2.0854E-12  3.4429E-13  3.2518E-04
 3.7352E+25  2.1576E-05  9.9998E-01  7.0771E+03  8.1828E-05  2.0790E-12  3.4431E-13  3.2182E-04
 3.7445E+25  2.1549E-05  9.9998E-01  7.0767E+03  8.1828E-05  2.0836E-12  3.4432E-13  3.1852E-04
 3.7537E+25  2.1801E-05  9.9998E-01  7.0764E+03  8.1828E-05  2.0596E-12  3.4433E-13  3.1523E-04
 3.7630E+25  2.2060E-05  9.9998E-01  7.0761E+03  8.1828E-05  2.0354E-12  3.4435E-13  3.1196E-04
 3.7722E+25  2.1869E-05  9.9998E-01  7.0757E+03  8.1828E-05  2.0514E-12  3.4436E-13  3.0871E-04
 3.7815E+25  2.2074E-05  9.9998E-01  7.0754E+03  8.1828E-05  2.0343E-12  3.4437E-13  3.0550E-04
 3.7908E+25  2.2331E-05  9.9998E-01  7.0751E+03  8.1828E-05  2.0110E-12  3.4439E-13  3.0237E-04
 3.8000E+25  2.2421E-05  9.9998E-01  7.0747E+03  8.1828E-05  2.0010E-12  3.4440E-13  2.9929E-04
 3.8093E+25  2.2345E-05  9.9998E-01  7.0744E+03  8.1828E-05  2.0099E-12  3.4441E-13  2.9630E-04
 3.8185E+25  2.2601E-05  9.9998E-01  7.0741E+03  8.1828E-05  1.9871E-12  3.4442E-13  2.9331E-04
 3.8278E+25  2.2864E-05  9.9998E-01  7.0738E+03  8.1828E-05  1.9643E-12  3.4444E-13  2.9034E-04
 3.8370E+25  2.2742E-05  9.9998E-01  7.0735E+03  8.1828E-05  1.9730E-12  3.4445E-13  2.8739E-04
 3.8463E+25  2.2872E-05  9.9998E-01  7.0732E+03  8.1828E-05  1.9637E-12  3.4446E-13  2.8445E-04
 3.8556E+25  2.3133E-05  9.9998E-01  7.0729E+03  8.1828E-05  1.9417E-12  3.4447E-13  2.8158E-04
 3.8648E+25  2.3335E-05  9.9998E-01  7.0726E+03  8.1828E-05  1.9230E-12  3.4448E-13  2.7876E-04
 3.8741E+25  2.3141E-05  9.9998E-01  7.0723E+03  8.1828E-05  1.9410E-12  3.4449E-13  2.7601E-04
 3.8833E+25  2.3403E-05  9.9998E-01  7.0720E+03  8.1828E-05  1.9194E-12  3.4451E-13  2.7331E-04
 3.8926E+25  2.3667E-05  9.9998E-01  7.0717E+03  8.1828E-05  1.8981E-12  3.4452E-13  2.7061E-04
 3.9018E+25  2.3690E-05  9.9998E-01  7.0714E+03  8.1828E-05  1.8944E-12  3.4453E-13  2.6792E-04
 3.9111E+25  2.3672E-05  9.9998E-01  7.0712E+03  8.1828E-05  1.8978E-12  3.4454E-13  2.6525E-04
 3.9204E+25  2.3935E-05  9.9998E-01  7.0709E+03  8.1828E-05  1.8769E-12  3.4455E-13  2.6261E-04
 3.9296E+25  2.4206E-05  9.9998E-01  7.0706E+03  8.1828E-05  1.8560E-12  3.4456E-13  2.6002E-04
 3.9389E+25  2.4057E-05  9.9998E-01  7.0703E+03  8.1828E-05  1.8657E-12  3.4457E-13  2.5748E-04
 3.9481E+25  2.4205E-05  9.9998E-01  7.0701E+03  8.1828E-05  1.8562E-12  3.4458E-13  2.5501E-04
 3.9574E+25  2.4471E-05  9.9998E-01  7.0698E+03  8.1828E-05  1.8360E-12  3.4459E-13  2.5256E-04
 3.9666E+25  2.4714E-05  9.9998E-01  7.0695E+03  8.1828E-05  1.8163E-12  3.4460E-13  2.5012E-04
 3.9759E+25  2.4472E-05  9.9998E-01  7.0693E+03  8.1828E-05  1.8360E-12  3.4461E-13  2.4769E-04
 3.9852E+25  2.4740E-05  9.9998E-01  7.0690E+03  8.1828E-05  1.8162E-12  3.4462E-13  2.4527E-04
 3.9944E+25  2.5011E-05  9.9997E-01  7.0688E+03  8.1828E-05  1.7966E-12  3.4463E-13  2.4288E-04
 4.0037E+25  2.5119E-05  9.9997E-01  7.0685E+03  8.1828E-05  1.7871E-12  3.4464E-13  2.4055E-04
 4.0129E+25  2.5006E-05  9.9997E-01  7.0683E+03  8.1828E-05  1.7970E-12  3.4465E-13  2.3825E-04
 4.0222E+25  2.5278E-05  9.9997E-01  7.0680E+03  8.1828E-05  1.7777E-12  3.4466E-13  2.3602E-04
 4.0314E+25  2.5552E-05  9.9997E-01  7.0678E+03  8.1828E-05  1.7587E-12  3.4467E-13  2.3380E-04
 4.0407E+25  2.5541E-05  9.9997E-01  7.0675E+03  8.1828E-05  1.7578E-12  3.4468E-13  2.3158E-04
 4.0500E+25  2.5544E-05  9.9997E-01  7.0673E+03  8.1828E-05  1.7594E-12  3.4469E-13  2.2938E-04
 4.0592E+25  2.5818E-05  9.9997E-01  7.0671E+03  8.1828E-05  1.7407E-12  3.4470E-13  2.2719E-04
 4.0685E+25  2.6097E-05  9.9997E-01  7.0668E+03  8.1828E-05  1.7222E-12  3.4471E-13  2.2503E-04
 4.0777E+25  2.5979E-05  9.9997E-01  7.0666E+03  8.1828E-05  1.7283E-12  3.4472E-13  2.2291E-04
 4.0870E+25  2.6084E-05  9.9997E-01  7.0664E+03  8.1828E-05  1.7231E-12  3.4473E-13  2.2082E-04
 4.0962E+25  2.6361E-05  9.9997E-01  7.0662E+03  8.1828E-05  1.7050E-12  3.4474E-13  2.1879E-04
 4.1055E+25  2.6643E-05  9.9997E-01  7.0659E+03  8.1828E-05  1.6870E-12  3.4475E-13  2.1679E-04
 4.1148E+25  2.6435E-05  9.9997E-01  7.0657E+03  8.1828E-05  1.6986E-12  3.4475E-13  2.1478E-04
 4.1240E+25  2.6627E-05  9.9997E-01  7.0655E+03  8.1828E-05  1.6881E-12  3.4476E-13  2.1279E-04
 4.1333E+25  2.6906E-05  9.9997E-01  7.0653E+03  8.1828E-05  1.6706E-12  3.4477E-13  2.1080E-04
 4.1425E+25  2.7187E-05  9.9997E-01  7.0651E+03  8.1828E-05  1.6531E-12  3.4478E-13  2.0883E-04
 4.1518E+25  2.6916E-05  9.9997E-01  7.0649E+03  8.1828E-05  1.6687E-12  3.4479E-13  2.0690E-04
 4.1610E+25  2.7172E-05  9.9997E-01  7.0646E+03  8.1828E-05  1.6544E-12  3.4480E-13  2.0500E-04
 4.1703E+25  2.7454E-05  9.9997E-01  7.0644E+03  8.1828E-05  1.6374E-12  3.4480E-13  2.0314E-04
 4.1796E+25  2.7712E-05  9.9997E-01  7.0642E+03  8.1828E-05  1.6206E-12  3.4481E-13  2.0133E-04
 4.1888E+25  2.7437E-05  9.9997E-01  7.0640E+03  8.1828E-05  1.6384E-12  3.4482E-13  1.9951E-04
 4.1981E+25  2.7719E-05  9.9997E-01  7.0638E+03  8.1828E-05  1.6218E-12  3.4483E-13  1.9770E-04
 4.2073E+25  2.8004E-05  9.9997E-01  7.0636E+03  8.1828E-05  1.6054E-12  3.4484E-13  1.9591E-04
 4.2166E+25  2.8234E-05  9.9997E-01  7.0634E+03  8.1828E-05  1.5907E-12  3.4484E-13  1.9412E-04
 4.2258E+25  2.7984E-05  9.9997E-01  7.0632E+03  8.1828E-05  1.6065E-12  3.4485E-13  1.9235E-04
 4.2351E+25  2.8269E-05  9.9997E-01  7.0630E+03  8.1828E-05  1.5904E-12  3.4486E-13  1.9062E-04
 4.2443E+25  2.8556E-05  9.9997E-01  7.0629E+03  8.1828E-05  1.5744E-12  3.4487E-13  1.8890E-04
 4.2536E+25  2.8778E-05  9.9997E-01  7.0627E+03  8.1828E-05  1.5608E-12  3.4487E-13  1.8725E-04
 4.2629E+25  2.8534E-05  9.9997E-01  7.0625E+03  8.1828E-05  1.5757E-12  3.4488E-13  1.8561E-04
 4.2721E+25  2.8820E-05  9.9997E-01  7.0623E+03  8.1828E-05  1.5601E-12  3.4489E-13  1.8397E-04
 4.2814E+25  2.9111E-05  9.9997E-01  7.0621E+03  8.1828E-05  1.5445E-12  3.4490E-13  1.8234E-04
 4.2906E+25  2.9344E-05  9.9997E-01  7.0619E+03  8.1828E-05  1.5308E-12  3.4490E-13  1.8071E-04
 4.2999E+25  2.9086E-05  9.9997E-01  7.0617E+03  8.1828E-05  1.5459E-12  3.4491E-13  1.7910E-04
 4.3091E+25  2.9374E-05  9.9997E-01  7.0616E+03  8.1828E-05  1.5308E-12  3.4492E-13  1.7750E-04
 4.3184E+25  2.9669E-05  9.9997E-01  7.0614E+03  8.1828E-05  1.5156E-12  3.4493E-13  1.7594E-04
 4.3277E+25  2.9933E-05  9.9997E-01  7.0612E+03  8.1828E-05  1.5007E-12  3.4493E-13  1.7440E-04
 4.3369E+25  2.9641E-05  9.9997E-01  7.0610E+03  8.1828E-05  1.5171E-12  3.4494E-13  1.7291E-04
 4.3462E+25  2.9930E-05  9.9997E-01  7.0609E+03  8.1828E-05  1.5024E-12  3.4495E-13  1.7143E-04
 4.3554E+25  3.0229E-05  9.9997E-01  7.0607E+03  8.1828E-05  1.4876E-12  3.4495E-13  1.6995E-04
 4.3647E+25  3.0521E-05  9.9997E-01  7.0605E+03  8.1828E-05  1.4731E-12  3.4496E-13  1.6847E-04
 4.3739E+25  3.0223E-05  9.9997E-01  7.0604E+03  8.1828E-05  1.4868E-12  3.4497E-13  1.6701E-04
 4.3832E+25  3.0490E-05  9.9997E-01  7.0602E+03  8.1828E-05  1.4750E-12  3.4497E-13  1.6555E-04
 4.3925E+25  3.0790E-05  9.9997E-01  7.0600E+03  8.1828E-05  1.4606E-12  3.4498E-13  1.6411E-04
 4.4017E+25  3.1090E-05  9.9997E-01  7.0599E+03  8.1828E-05  1.4465E-12  3.4499E-13  1.6269E-04
 4.4110E+25  3.0851E-05  9.9997E-01  7.0597E+03  8.1828E-05  1.4563E-12  3.4499E-13  1.6129E-04
 4.4202E+25  3.1052E-05  9.9997E-01  7.0596E+03  8.1828E-05  1.4483E-12  3.4500E-13  1.5994E-04
 4.4295E+25  3.1355E-05  9.9997E-01  7.0594E+03  8.1828E-05  1.4344E-12  3.4500E-13  1.5861E-04
 4.4387E+25  3.1657E-05  9.9997E-01  7.0592E+03  8.1828E-05  1.4207E-12  3.4501E-13  1.5727E-04
 4.4480E+25  3.1510E-05  9.9997E-01  7.0591E+03  8.1828E-05  1.4259E-12  3.4502E-13  1.5594E-04
 4.4573E+25  3.1618E-05  9.9997E-01  7.0589E+03  8.1828E-05  1.4225E-12  3.4502E-13  1.5461E-04
 4.4665E+25  3.1921E-05  9.9997E-01  7.0588E+03  8.1828E-05  1.4090E-12  3.4503E-13  1.5329E-04
 4.4758E+25  3.2227E-05  9.9997E-01  7.0586E+03  8.1828E-05  1.3957E-12  3.4503E-13  1.5198E-04
 4.4850E+25  3.2196E-05  9.9997E-01  7.0585E+03  8.1828E-05  1.3956E-12  3.4504E-13  1.5070E-04
 4.4943E+25  3.2186E-05  9.9997E-01  7.0583E+03  8.1828E-05  1.3975E-12  3.4505E-13  1.4943E-04
 4.5035E+25  3.2488E-05  9.9997E-01  7.0582E+03  8.1828E-05  1.3845E-12  3.4505E-13  1.4819E-04
 4.5128E+25  3.2800E-05  9.9997E-01  7.0580E+03  8.1828E-05  1.3714E-12  3.4506E-13  1.4699E-04
 4.5221E+25  3.2910E-05  9.9997E-01  7.0579E+03  8.1828E-05  1.3654E-12  3.4506E-13  1.4578E-04
 4.5313E+25  3.2755E-05  9.9997E-01  7.0578E+03  8.1828E-05  1.3733E-12  3.4507E-13  1.4457E-04
 4.5406E+25  3.3060E-05  9.9997E-01  7.0576E+03  8.1828E-05  1.3606E-12  3.4507E-13  1.4337E-04
 4.5498E+25  3.3374E-05  9.9997E-01  7.0575E+03  8.1828E-05  1.3478E-12  3.4508E-13  1.4218E-04
 4.5591E+25  3.3654E-05  9.9997E-01  7.0573E+03  8.1828E-05  1.3354E-12  3.4509E-13  1.4099E-04
 4.5683E+25  3.3326E-05  9.9997E-01  7.0572E+03  8.1828E-05  1.3497E-12  3.4509E-13  1.3982E-04
 4.5776E+25  3.3637E-05  9.9997E-01  7.0571E+03  8.1828E-05  1.3373E-12  3.4510E-13  1.3867E-04
 4.5869E+25  3.3950E-05  9.9997E-01  7.0569E+03  8.1828E-05  1.3251E-12  3.4510E-13  1.3753E-04
 4.5961E+25  3.4266E-05  9.9997E-01  7.0568E+03  8.1828E-05  1.3128E-12  3.4511E-13  1.3643E-04
 4.6054E+25  3.4062E-05  9.9997E-01  7.0567E+03  8.1828E-05  1.3194E-12  3.4511E-13  1.3534E-04
 4.6146E+25  3.4216E-05  9.9997E-01  7.0565E+03  8.1828E-05  1.3148E-12  3.4512E-13  1.3425E-04
 4.6239E+25  3.4528E-05  9.9997E-01  7.0564E+03  8.1828E-05  1.3029E-12  3.4512E-13  1.3317E-04
 4.6331E+25  3.4850E-05  9.9997E-01  7.0563E+03  8.1828E-05  1.2909E-12  3.4513E-13  1.3209E-04
 4.6424E+25  3.4861E-05  9.9997E-01  7.0561E+03  8.1828E-05  1.2892E-12  3.4513E-13  1.3101E-04
 4.6517E+25  3.4795E-05  9.9997E-01  7.0560E+03  8.1828E-05  1.2930E-12  3.4514E-13  1.2994E-04
 4.6609E+25  3.5112E-05  9.9996E-01  7.0559E+03  8.1828E-05  1.2813E-12  3.4514E-13  1.2889E-04
 4.6702E+25  3.5434E-05  9.9996E-01  7.0558E+03  8.1828E-05  1.2697E-12  3.4515E-13  1.2785E-04
 4.6794E+25  3.5696E-05  9.9996E-01  7.0556E+03  8.1828E-05  1.2591E-12  3.4515E-13  1.2682E-04
 4.6887E+25  3.5374E-05  9.9996E-01  7.0555E+03  8.1828E-05  1.2719E-12  3.4516E-13  1.2583E-04
 4.6979E+25  3.5701E-05  9.9996E-01  7.0554E+03  8.1828E-05  1.2603E-12  3.4516E-13  1.2485E-04
 4.7072E+25  3.6019E-05  9.9996E-01  7.0553E+03  8.1828E-05  1.2491E-12  3.4517E-13  1.2387E-04
 4.7165E+25  3.6348E-05  9.9996E-01  7.0552E+03  8.1828E-05  1.2378E-12  3.4517E-13  1.2289E-04
 4.7257E+25  3.6172E-05  9.9996E-01  7.0551E+03  8.1828E-05  1.2426E-12  3.4518E-13  1.2191E-04
 4.7350E+25  3.6287E-05  9.9996E-01  7.0549E+03  8.1828E-05  1.2400E-12  3.4518E-13  1.2095E-04
 4.7442E+25  3.6612E-05  9.9996E-01  7.0548E+03  8.1828E-05  1.2289E-12  3.4518E-13  1.1998E-04
 4.7535E+25  3.6941E-05  9.9996E-01  7.0547E+03  8.1828E-05  1.2181E-12  3.4519E-13  1.1903E-04
 4.7627E+25  3.7070E-05  9.9996E-01  7.0546E+03  8.1828E-05  1.2125E-12  3.4519E-13  1.1809E-04
 4.7720E+25  3.6874E-05  9.9996E-01  7.0545E+03  8.1828E-05  1.2203E-12  3.4520E-13  1.1716E-04
 4.7813E+25  3.7209E-05  9.9996E-01  7.0544E+03  8.1828E-05  1.2093E-12  3.4520E-13  1.1626E-04
 4.7905E+25  3.7534E-05  9.9996E-01  7.0542E+03  8.1828E-05  1.1988E-12  3.4521E-13  1.1538E-04
 4.7998E+25  3.7870E-05  9.9996E-01  7.0541E+03  8.1828E-05  1.1882E-12  3.4521E-13  1.1449E-04
 4.8090E+25  3.7599E-05  9.9996E-01  7.0540E+03  8.1828E-05  1.1956E-12  3.4522E-13  1.1361E-04
 4.8183E+25  3.7803E-05  9.9996E-01  7.0539E+03  8.1828E-05  1.1904E-12  3.4522E-13  1.1273E-04
 4.8275E+25  3.8138E-05  9.9996E-01  7.0538E+03  8.1828E-05  1.1799E-12  3.4522E-13  1.1186E-04
 4.8368E+25  3.8470E-05  9.9996E-01  7.0537E+03  8.1828E-05  1.1698E-12  3.4523E-13  1.1098E-04
 4.8461E+25  3.8564E-05  9.9996E-01  7.0536E+03  8.1828E-05  1.1657E-12  3.4523E-13  1.1012E-04
 4.8553E+25  3.8398E-05  9.9996E-01  7.0535E+03  8.1828E-05  1.1720E-12  3.4524E-13  1.0927E-04
 4.8646E+25  3.8741E-05  9.9996E-01  7.0534E+03  8.1828E-05  1.1616E-12  3.4524E-13  1.0843E-04
 4.8738E+25  3.9075E-05  9.9996E-01  7.0533E+03  8.1828E-05  1.1516E-12  3.4525E-13  1.0760E-04
 4.8831E+25  3.9417E-05  9.9996E-01  7.0532E+03  8.1828E-05  1.1417E-12  3.4525E-13  1.0680E-04
 4.8923E+25  3.9149E-05  9.9996E-01  7.0531E+03  8.1828E-05  1.1483E-12  3.4525E-13  1.0601E-04
 4.9016E+25  3.9342E-05  9.9996E-01  7.0530E+03  8.1828E-05  1.1439E-12  3.4526E-13  1.0521E-04
 4.9109E+25  3.9688E-05  9.9996E-01  7.0529E+03  8.1828E-05  1.1339E-12  3.4526E-13  1.0442E-04
 4.9201E+25  4.0025E-05  9.9996E-01  7.0528E+03  8.1828E-05  1.1244E-12  3.4527E-13  1.0363E-04
 4.9294E+25  4.0184E-05  9.9996E-01  7.0527E+03  8.1828E-05  1.1188E-12  3.4527E-13  1.0284E-04
 4.9386E+25  3.9950E-05  9.9996E-01  7.0526E+03  8.1828E-05  1.1265E-12  3.4527E-13  1.0205E-04
 4.9479E+25  4.0297E-05  9.9996E-01  7.0525E+03  8.1828E-05  1.1168E-12  3.4528E-13  1.0128E-04
 4.9571E+25  4.0645E-05  9.9996E-01  7.0524E+03  8.1828E-05  1.1073E-12  3.4528E-13  1.0052E-04
 4.9664E+25  4.0986E-05  9.9996E-01  7.0523E+03  8.1828E-05  1.0981E-12  3.4528E-13  9.9756E-05
 4.9757E+25  4.0832E-05  9.9996E-01  7.0522E+03  8.1828E-05  1.1011E-12  3.4529E-13  9.9023E-05
 4.9849E+25  4.0907E-05  9.9996E-01  7.0521E+03  8.1828E-05  1.1002E-12  3.4529E-13  9.8304E-05
 4.9942E+25  4.1261E-05  9.9996E-01  7.0520E+03  8.1828E-05  1.0908E-12  3.4530E-13  9.7589E-05
 5.0034E+25  4.1611E-05  9.9996E-01  7.0519E+03  8.1828E-05  1.0816E-12  3.4530E-13  9.6872E-05
 5.0127E+25  4.1931E-05  9.9996E-01  7.0518E+03  8.1828E-05  1.0726E-12  3.4530E-13  9.6156E-05
 5.0219E+25  4.1538E-05  9.9996E-01  7.0517E+03  8.1828E-05  1.0831E-12  3.4531E-13  9.5445E-05
 5.0312E+25  4.1877E-05  9.9996E-01  7.0517E+03  8.1828E-05  1.0748E-12  3.4531E-13  9.4737E-05
 5.0405E+25  4.2237E-05  9.9996E-01  7.0516E+03  8.1828E-05  1.0657E-12  3.4531E-13  9.4031E-05
 5.0497E+25  4.2588E-05  9.9996E-01  7.0515E+03  8.1828E-05  1.0569E-12  3.4532E-13  9.3333E-05
 5.0590E+25  4.2651E-05  9.9996E-01  7.0514E+03  8.1828E-05  1.0542E-12  3.4532E-13  9.2644E-05
 5.0682E+25  4.2508E-05  9.9996E-01  7.0513E+03  8.1828E-05  1.0588E-12  3.4532E-13  9.1959E-05
 5.0775E+25  4.2859E-05  9.9996E-01  7.0512E+03  8.1828E-05  1.0502E-12  3.4533E-13  9.1297E-05
 5.0867E+25  4.3223E-05  9.9996E-01  7.0511E+03  8.1828E-05  1.0414E-12  3.4533E-13  9.0651E-05
 5.0960E+25  4.3576E-05  9.9996E-01  7.0510E+03  8.1828E-05  1.0329E-12  3.4533E-13  9.0006E-05
 5.1053E+25  4.3397E-05  9.9996E-01  7.0510E+03  8.1828E-05  1.0361E-12  3.4534E-13  8.9361E-05
 5.1145E+25  4.3495E-05  9.9996E-01  7.0509E+03  8.1828E-05  1.0349E-12  3.4534E-13  8.8718E-05
 5.1238E+25  4.3852E-05  9.9996E-01  7.0508E+03  8.1828E-05  1.0265E-12  3.4534E-13  8.8076E-05
 5.1330E+25  4.4220E-05  9.9996E-01  7.0507E+03  8.1828E-05  1.0179E-12  3.4535E-13  8.7438E-05
 5.1423E+25  4.4568E-05  9.9996E-01  7.0506E+03  8.1828E-05  1.0098E-12  3.4535E-13  8.6802E-05
 5.1515E+25  4.4184E-05  9.9996E-01  7.0505E+03  8.1828E-05  1.0179E-12  3.4535E-13  8.6171E-05
 5.1608E+25  4.4494E-05  9.9996E-01  7.0505E+03  8.1828E-05  1.0117E-12  3.4536E-13  8.5549E-05
 5.1701E+25  4.4856E-05  9.9996E-01  7.0504E+03  8.1828E-05  1.0036E-12  3.4536E-13  8.4931E-05
 5.1793E+25  4.5228E-05  9.9995E-01  7.0503E+03  8.1828E-05  9.9529E-13  3.4536E-13  8.4325E-05
 5.1886E+25  4.5432E-05  9.9995E-01  7.0502E+03  8.1828E-05  9.8974E-13  3.4537E-13  8.3741E-05
 5.1978E+25  4.5144E-05  9.9995E-01  7.0501E+03  8.1828E-05  9.9716E-13  3.4537E-13  8.3160E-05
 5.2071E+25  4.5505E-05  9.9995E-01  7.0501E+03  8.1828E-05  9.8924E-13  3.4537E-13  8.2581E-05
 5.2163E+25  4.5871E-05  9.9995E-01  7.0500E+03  8.1828E-05  9.8139E-13  3.4538E-13  8.2001E-05
 5.2256E+25  4.6248E-05  9.9995E-01  7.0499E+03  8.1828E-05  9.7338E-13  3.4538E-13  8.1423E-05
 5.2349E+25  4.6285E-05  9.9995E-01  7.0498E+03  8.1828E-05  9.7153E-13  3.4538E-13  8.0847E-05
 5.2441E+25  4.6162E-05  9.9995E-01  7.0498E+03  8.1828E-05  9.7519E-13  3.4539E-13  8.0274E-05
 5.2534E+25  4.6528E-05  9.9995E-01  7.0497E+03  8.1828E-05  9.6753E-13  3.4539E-13  7.9703E-05
 5.2626E+25  4.6898E-05  9.9995E-01  7.0496E+03  8.1828E-05  9.5993E-13  3.4539E-13  7.9139E-05
 5.2719E+25  4.7280E-05  9.9995E-01  7.0495E+03  8.1828E-05  9.5217E-13  3.4539E-13  7.8580E-05
 5.2811E+25  4.7174E-05  9.9995E-01  7.0494E+03  8.1828E-05  9.5324E-13  3.4540E-13  7.8024E-05
 5.2904E+25  4.7193E-05  9.9995E-01  7.0494E+03  8.1828E-05  9.5393E-13  3.4540E-13  7.7488E-05
 5.2997E+25  4.7564E-05  9.9995E-01  7.0493E+03  8.1828E-05  9.4649E-13  3.4540E-13  7.6964E-05
 5.3089E+25  4.7937E-05  9.9995E-01  7.0492E+03  8.1828E-05  9.3916E-13  3.4541E-13  7.6443E-05
 5.3182E+25  4.8324E-05  9.9995E-01  7.0492E+03  8.1828E-05  9.3164E-13  3.4541E-13  7.5922E-05
 5.3274E+25  4.8102E-05  9.9995E-01  7.0491E+03  8.1828E-05  9.3489E-13  3.4541E-13  7.5400E-05
 5.3367E+25  4.8237E-05  9.9995E-01  7.0490E+03  8.1828E-05  9.3333E-13  3.4541E-13  7.4881E-05
 5.3459E+25  4.8613E-05  9.9995E-01  7.0490E+03  8.1828E-05  9.2610E-13  3.4542E-13  7.4364E-05
 5.3552E+25  4.8988E-05  9.9995E-01  7.0489E+03  8.1828E-05  9.1904E-13  3.4542E-13  7.3848E-05
 5.3645E+25  4.9379E-05  9.9995E-01  7.0488E+03  8.1828E-05  9.1174E-13  3.4542E-13  7.3335E-05
 5.3737E+25  4.9070E-05  9.9995E-01  7.0487E+03  8.1828E-05  9.1650E-13  3.4543E-13  7.2828E-05
 5.3830E+25  4.9293E-05  9.9995E-01  7.0487E+03  8.1828E-05  9.1337E-13  3.4543E-13  7.2325E-05
 5.3922E+25  4.9675E-05  9.9995E-01  7.0486E+03  8.1828E-05  9.0633E-13  3.4543E-13  7.1825E-05
 5.4015E+25  5.0052E-05  9.9995E-01  7.0485E+03  8.1828E-05  8.9952E-13  3.4543E-13  7.1342E-05
 5.4107E+25  5.0445E-05  9.9995E-01  7.0485E+03  8.1828E-05  8.9246E-13  3.4544E-13  7.0871E-05
 5.4200E+25  5.0080E-05  9.9995E-01  7.0484E+03  8.1828E-05  8.9810E-13  3.4544E-13  7.0403E-05
 5.4292E+25  5.0362E-05  9.9995E-01  7.0483E+03  8.1828E-05  8.9402E-13  3.4544E-13  6.9934E-05
 5.4385E+25  5.0750E-05  9.9995E-01  7.0483E+03  8.1828E-05  8.8715E-13  3.4544E-13  6.9466E-05
 5.4478E+25  5.1131E-05  9.9995E-01  7.0482E+03  8.1828E-05  8.8056E-13  3.4545E-13  6.8999E-05
 5.4570E+25  5.1523E-05  9.9995E-01  7.0481E+03  8.1828E-05  8.7375E-13  3.4545E-13  6.8534E-05
 5.4663E+25  5.1132E-05  9.9995E-01  7.0481E+03  8.1828E-05  8.7970E-13  3.4545E-13  6.8071E-05
 5.4755E+25  5.1443E-05  9.9995E-01  7.0480E+03  8.1828E-05  8.7526E-13  3.4545E-13  6.7608E-05
 5.4848E+25  5.1839E-05  9.9995E-01  7.0480E+03  8.1828E-05  8.6856E-13  3.4546E-13  6.7150E-05
 5.4940E+25  5.2226E-05  9.9995E-01  7.0479E+03  8.1828E-05  8.6211E-13  3.4546E-13  6.6697E-05
 5.5033E+25  5.2617E-05  9.9995E-01  7.0478E+03  8.1828E-05  8.5562E-13  3.4546E-13  6.6246E-05
 5.5126E+25  5.2223E-05  9.9995E-01  7.0478E+03  8.1828E-05  8.6139E-13  3.4546E-13  6.5805E-05
 5.5218E+25  5.2539E-05  9.9995E-01  7.0477E+03  8.1828E-05  8.5699E-13  3.4547E-13  6.5380E-05
 5.5311E+25  5.2941E-05  9.9995E-01  7.0476E+03  8.1828E-05  8.5051E-13  3.4547E-13  6.4958E-05
 5.5403E+25  5.3336E-05  9.9995E-01  7.0476E+03  8.1828E-05  8.4420E-13  3.4547E-13  6.4538E-05
 5.5496E+25  5.3726E-05  9.9995E-01  7.0475E+03  8.1828E-05  8.3801E-13  3.4547E-13  6.4116E-05
 5.5588E+25  5.3350E-05  9.9995E-01  7.0474E+03  8.1828E-05  8.4317E-13  3.4548E-13  6.3697E-05
 5.5681E+25  5.3655E-05  9.9995E-01  7.0474E+03  8.1828E-05  8.3918E-13  3.4548E-13  6.3278E-05
 5.5774E+25  5.4057E-05  9.9995E-01  7.0473E+03  8.1828E-05  8.3297E-13  3.4548E-13  6.2861E-05
 5.5866E+25  5.4459E-05  9.9995E-01  7.0473E+03  8.1828E-05  8.2682E-13  3.4548E-13  6.2445E-05
 5.5959E+25  5.4853E-05  9.9995E-01  7.0472E+03  8.1828E-05  8.2085E-13  3.4549E-13  6.2031E-05
 5.6051E+25  5.4521E-05  9.9995E-01  7.0471E+03  8.1828E-05  8.2505E-13  3.4549E-13  6.1622E-05
 5.6144E+25  5.4788E-05  9.9995E-01  7.0471E+03  8.1828E-05  8.2186E-13  3.4549E-13  6.1215E-05
 5.6236E+25  5.5186E-05  9.9994E-01  7.0470E+03  8.1828E-05  8.1598E-13  3.4549E-13  6.0809E-05
 5.6329E+25  5.5597E-05  9.9994E-01  7.0470E+03  8.1828E-05  8.0992E-13  3.4550E-13  6.0419E-05
 5.6422E+25  5.5998E-05  9.9994E-01  7.0469E+03  8.1828E-05  8.0410E-13  3.4550E-13  6.0038E-05
 5.6514E+25  5.5735E-05  9.9994E-01  7.0469E+03  8.1828E-05  8.0707E-13  3.4550E-13  5.9660E-05
 5.6607E+25  5.5934E-05  9.9994E-01  7.0468E+03  8.1828E-05  8.0506E-13  3.4550E-13  5.9283E-05
 5.6699E+25  5.6331E-05  9.9994E-01  7.0468E+03  8.1828E-05  7.9938E-13  3.4550E-13  5.8905E-05
 5.6792E+25  5.6749E-05  9.9994E-01  7.0467E+03  8.1828E-05  7.9352E-13  3.4551E-13  5.8528E-05
 5.6884E+25  5.7160E-05  9.9994E-01  7.0466E+03  8.1828E-05  7.8780E-13  3.4551E-13  5.8152E-05
 5.6977E+25  5.6996E-05  9.9994E-01  7.0466E+03  8.1828E-05  7.8922E-13  3.4551E-13  5.7778E-05
 5.7070E+25  5.7092E-05  9.9994E-01  7.0465E+03  8.1828E-05  7.8877E-13  3.4551E-13  5.7404E-05
 5.7162E+25  5.7500E-05  9.9994E-01  7.0465E+03  8.1828E-05  7.8314E-13  3.4552E-13  5.7032E-05
 5.7255E+25  5.7914E-05  9.9994E-01  7.0464E+03  8.1828E-05  7.7758E-13  3.4552E-13  5.6664E-05
 5.7347E+25  5.8335E-05  9.9994E-01  7.0464E+03  8.1828E-05  7.7196E-13  3.4552E-13  5.6299E-05
 5.7440E+25  5.8310E-05  9.9994E-01  7.0463E+03  8.1828E-05  7.7144E-13  3.4552E-13  5.5934E-05
 5.7532E+25  5.8264E-05  9.9994E-01  7.0462E+03  8.1828E-05  7.7292E-13  3.4552E-13  5.5583E-05
 5.7625E+25  5.8688E-05  9.9994E-01  7.0462E+03  8.1828E-05  7.6733E-13  3.4553E-13  5.5241E-05
 5.7718E+25  5.9094E-05  9.9994E-01  7.0461E+03  8.1828E-05  7.6207E-13  3.4553E-13  5.4902E-05
 5.7810E+25  5.9524E-05  9.9994E-01  7.0461E+03  8.1828E-05  7.5657E-13  3.4553E-13  5.4563E-05
 5.7903E+25  5.9676E-05  9.9994E-01  7.0460E+03  8.1828E-05  7.5380E-13  3.4553E-13  5.4223E-05
 5.7995E+25  5.9452E-05  9.9994E-01  7.0460E+03  8.1828E-05  7.5748E-13  3.4553E-13  5.3885E-05
 5.8088E+25  5.9882E-05  9.9994E-01  7.0459E+03  8.1828E-05  7.5205E-13  3.4554E-13  5.3547E-05
 5.8180E+25  6.0302E-05  9.9994E-01  7.0459E+03  8.1828E-05  7.4680E-13  3.4554E-13  5.3211E-05
 5.8273E+25  6.0727E-05  9.9994E-01  7.0458E+03  8.1828E-05  7.4161E-13  3.4554E-13  5.2875E-05
 5.8366E+25  6.1086E-05  9.9994E-01  7.0458E+03  8.1828E-05  7.3643E-13  3.4554E-13  5.2541E-05
 5.8458E+25  6.0666E-05  9.9994E-01  7.0457E+03  8.1828E-05  7.4233E-13  3.4554E-13  5.2210E-05
 5.8551E+25  6.1093E-05  9.9994E-01  7.0457E+03  8.1828E-05  7.3716E-13  3.4555E-13  5.1880E-05
 5.8643E+25  6.1529E-05  9.9994E-01  7.0456E+03  8.1828E-05  7.3195E-13  3.4555E-13  5.1552E-05
 5.8736E+25  6.1946E-05  9.9994E-01  7.0456E+03  8.1828E-05  7.2701E-13  3.4555E-13  5.1230E-05
 5.8828E+25  6.2385E-05  9.9994E-01  7.0455E+03  8.1828E-05  7.2188E-13  3.4555E-13  5.0921E-05
 5.8921E+25  6.2060E-05  9.9994E-01  7.0455E+03  8.1828E-05  7.2493E-13  3.4555E-13  5.0615E-05
 5.9014E+25  6.2324E-05  9.9994E-01  7.0454E+03  8.1828E-05  7.2262E-13  3.4556E-13  5.0312E-05
 5.9106E+25  6.2763E-05  9.9994E-01  7.0454E+03  8.1828E-05  7.1758E-13  3.4556E-13  5.0008E-05
 5.9199E+25  6.3198E-05  9.9994E-01  7.0453E+03  8.1828E-05  7.1262E-13  3.4556E-13  4.9703E-05
 5.9291E+25  6.3629E-05  9.9994E-01  7.0453E+03  8.1828E-05  7.0782E-13  3.4556E-13  4.9400E-05
 5.9384E+25  6.3565E-05  9.9994E-01  7.0452E+03  8.1828E-05  7.0775E-13  3.4556E-13  4.9098E-05
 5.9476E+25  6.3584E-05  9.9994E-01  7.0452E+03  8.1828E-05  7.0830E-13  3.4557E-13  4.8796E-05
 5.9569E+25  6.4015E-05  9.9994E-01  7.0451E+03  8.1828E-05  7.0357E-13  3.4557E-13  4.8495E-05
 5.9662E+25  6.4463E-05  9.9994E-01  7.0451E+03  8.1828E-05  6.9868E-13  3.4557E-13  4.8195E-05
 5.9754E+25  6.4895E-05  9.9994E-01  7.0450E+03  8.1828E-05  6.9400E-13  3.4557E-13  4.7899E-05
 5.9847E+25  6.5120E-05  9.9993E-01  7.0450E+03  8.1828E-05  6.9088E-13  3.4557E-13  4.7603E-05
 5.9939E+25  6.4860E-05  9.9994E-01  7.0449E+03  8.1828E-05  6.9439E-13  3.4558E-13  4.7308E-05
 6.0032E+25  6.5294E-05  9.9993E-01  7.0449E+03  8.1828E-05  6.8977E-13  3.4558E-13  4.7023E-05
 6.0124E+25  6.5739E-05  9.9993E-01  7.0448E+03  8.1828E-05  6.8513E-13  3.4558E-13  4.6746E-05
 6.0217E+25  6.6192E-05  9.9993E-01  7.0448E+03  8.1828E-05  6.8043E-13  3.4558E-13  4.6472E-05
 6.0310E+25  6.6619E-05  9.9993E-01  7.0448E+03  8.1828E-05  6.7600E-13  3.4558E-13  4.6201E-05
 6.0402E+25  6.6255E-05  9.9993E-01  7.0447E+03  8.1828E-05  6.7914E-13  3.4558E-13  4.5927E-05
 6.0495E+25  6.6599E-05  9.9993E-01  7.0447E+03  8.1828E-05  6.7628E-13  3.4559E-13  4.5655E-05
 6.0587E+25  6.7039E-05  9.9993E-01  7.0446E+03  8.1828E-05  6.7185E-13  3.4559E-13  4.5383E-05
 6.0680E+25  6.7494E-05  9.9993E-01  7.0446E+03  8.1828E-05  6.6734E-13  3.4559E-13  4.5112E-05
 6.0772E+25  6.7949E-05  9.9993E-01  7.0445E+03  8.1828E-05  6.6285E-13  3.4559E-13  4.4841E-05
 6.0865E+25  6.7900E-05  9.9993E-01  7.0445E+03  8.1828E-05  6.6264E-13  3.4559E-13  4.4572E-05
 6.0958E+25  6.7921E-05  9.9993E-01  7.0444E+03  8.1828E-05  6.6314E-13  3.4560E-13  4.4302E-05
 6.1050E+25  6.8371E-05  9.9993E-01  7.0444E+03  8.1828E-05  6.5877E-13  3.4560E-13  4.4035E-05
 6.1143E+25  6.8817E-05  9.9993E-01  7.0443E+03  8.1828E-05  6.5451E-13  3.4560E-13  4.3770E-05
 6.1235E+25  6.9281E-05  9.9993E-01  7.0443E+03  8.1828E-05  6.5014E-13  3.4560E-13  4.3505E-05
 6.1328E+25  6.9615E-05  9.9993E-01  7.0443E+03  8.1828E-05  6.4631E-13  3.4560E-13  4.3246E-05
 6.1420E+25  6.9260E-05  9.9993E-01  7.0442E+03  8.1828E-05  6.5034E-13  3.4560E-13  4.2998E-05
 6.1513E+25  6.9719E-05  9.9993E-01  7.0442E+03  8.1828E-05  6.4605E-13  3.4561E-13  4.2751E-05
 6.1606E+25  7.0176E-05  9.9993E-01  7.0441E+03  8.1828E-05  6.4184E-13  3.4561E-13  4.2508E-05
 6.1698E+25  7.0630E-05  9.9993E-01  7.0441E+03  8.1828E-05  6.3773E-13  3.4561E-13  4.2264E-05
 6.1791E+25  7.1101E-05  9.9993E-01  7.0440E+03  8.1828E-05  6.3351E-13  3.4561E-13  4.2019E-05
 6.1883E+25  7.0903E-05  9.9993E-01  7.0440E+03  8.1828E-05  6.3459E-13  3.4561E-13  4.1775E-05
 6.1976E+25  7.1089E-05  9.9993E-01  7.0440E+03  8.1828E-05  6.3363E-13  3.4561E-13  4.1531E-05
 6.2068E+25  7.1552E-05  9.9993E-01  7.0439E+03  8.1828E-05  6.2952E-13  3.4562E-13  4.1289E-05
 6.2161E+25  7.2015E-05  9.9993E-01  7.0439E+03  8.1828E-05  6.2546E-13  3.4562E-13  4.1047E-05
 6.2254E+25  7.2478E-05  9.9993E-01  7.0438E+03  8.1828E-05  6.2149E-13  3.4562E-13  4.0805E-05
 6.2346E+25  7.2729E-05  9.9993E-01  7.0438E+03  8.1828E-05  6.1869E-13  3.4562E-13  4.0565E-05
 6.2439E+25  7.2477E-05  9.9993E-01  7.0437E+03  8.1828E-05  6.2149E-13  3.4562E-13  4.0326E-05
 6.2531E+25  7.2952E-05  9.9993E-01  7.0437E+03  8.1828E-05  6.1746E-13  3.4563E-13  4.0088E-05
 6.2624E+25  7.3420E-05  9.9993E-01  7.0437E+03  8.1828E-05  6.1352E-13  3.4563E-13  3.9851E-05
 6.2716E+25  7.3890E-05  9.9993E-01  7.0436E+03  8.1828E-05  6.0961E-13  3.4563E-13  3.9624E-05
 6.2809E+25  7.4359E-05  9.9993E-01  7.0436E+03  8.1828E-05  6.0578E-13  3.4563E-13  3.9402E-05
 6.2902E+25  7.4139E-05  9.9993E-01  7.0435E+03  8.1828E-05  6.0696E-13  3.4563E-13  3.9182E-05
 6.2994E+25  7.4367E-05  9.9993E-01  7.0435E+03  8.1828E-05  6.0571E-13  3.4563E-13  3.8964E-05
 6.3087E+25  7.4850E-05  9.9993E-01  7.0434E+03  8.1828E-05  6.0181E-13  3.4564E-13  3.8745E-05
 6.3179E+25  7.5325E-05  9.9992E-01  7.0434E+03  8.1828E-05  5.9802E-13  3.4564E-13  3.8526E-05
 6.3272E+25  7.5802E-05  9.9992E-01  7.0434E+03  8.1828E-05  5.9425E-13  3.4564E-13  3.8307E-05
 6.3364E+25  7.6055E-05  9.9992E-01  7.0433E+03  8.1828E-05  5.9167E-13  3.4564E-13  3.8090E-05
 6.3457E+25  7.5830E-05  9.9992E-01  7.0433E+03  8.1828E-05  5.9404E-13  3.4564E-13  3.7872E-05
 6.3550E+25  7.6296E-05  9.9992E-01  7.0432E+03  8.1828E-05  5.9042E-13  3.4564E-13  3.7655E-05
 6.3642E+25  7.6786E-05  9.9992E-01  7.0432E+03  8.1828E-05  5.8666E-13  3.4565E-13  3.7438E-05
 6.3735E+25  7.7267E-05  9.9992E-01  7.0432E+03  8.1828E-05  5.8301E-13  3.4565E-13  3.7223E-05
 6.3827E+25  7.7750E-05  9.9992E-01  7.0431E+03  8.1828E-05  5.7937E-13  3.4565E-13  3.7009E-05
 6.3920E+25  7.7585E-05  9.9992E-01  7.0431E+03  8.1828E-05  5.8003E-13  3.4565E-13  3.6796E-05
 6.4012E+25  7.7790E-05  9.9992E-01  7.0430E+03  8.1828E-05  5.7909E-13  3.4565E-13  3.6583E-05
 6.4105E+25  7.8263E-05  9.9992E-01  7.0430E+03  8.1828E-05  5.7560E-13  3.4565E-13  3.6380E-05
 6.4198E+25  7.8760E-05  9.9992E-01  7.0429E+03  8.1828E-05  5.7197E-13  3.4565E-13  3.6181E-05
 6.4290E+25  7.9247E-05  9.9992E-01  7.0429E+03  8.1828E-05  5.6845E-13  3.4566E-13  3.5984E-05
 6.4383E+25  7.9624E-05  9.9992E-01  7.0429E+03  8.1828E-05  5.6517E-13  3.4566E-13  3.5789E-05
 6.4475E+25  7.9293E-05  9.9992E-01  7.0429E+03  8.1828E-05  5.6812E-13  3.4566E-13  3.5592E-05
 6.4568E+25  7.9789E-05  9.9992E-01  7.0428E+03  8.1828E-05  5.6460E-13  3.4566E-13  3.5396E-05
 6.4660E+25  8.0269E-05  9.9992E-01  7.0428E+03  8.1828E-05  5.6122E-13  3.4566E-13  3.5200E-05
 6.4753E+25  8.0773E-05  9.9992E-01  7.0427E+03  8.1828E-05  5.5773E-13  3.4566E-13  3.5005E-05
 6.4846E+25  8.1266E-05  9.9992E-01  7.0427E+03  8.1828E-05  5.5434E-13  3.4567E-13  3.4810E-05
 6.4938E+25  8.1280E-05  9.9992E-01  7.0427E+03  8.1828E-05  5.5368E-13  3.4567E-13  3.4616E-05
 6.5031E+25  8.1327E-05  9.9992E-01  7.0426E+03  8.1828E-05  5.5393E-13  3.4567E-13  3.4421E-05
 6.5123E+25  8.1829E-05  9.9992E-01  7.0426E+03  8.1828E-05  5.5054E-13  3.4567E-13  3.4228E-05
 6.5216E+25  8.2316E-05  9.9992E-01  7.0425E+03  8.1828E-05  5.4728E-13  3.4567E-13  3.4036E-05
 6.5308E+25  8.2826E-05  9.9992E-01  7.0425E+03  8.1828E-05  5.4392E-13  3.4567E-13  3.3844E-05
 6.5401E+25  8.3316E-05  9.9992E-01  7.0424E+03  8.1828E-05  5.4065E-13  3.4567E-13  3.3653E-05
 6.5494E+25  8.3014E-05  9.9992E-01  7.0424E+03  8.1828E-05  5.4220E-13  3.4568E-13  3.3467E-05
 6.5586E+25  8.3403E-05  9.9992E-01  7.0424E+03  8.1828E-05  5.4015E-13  3.4568E-13  3.3288E-05
 6.5679E+25  8.3910E-05  9.9992E-01  7.0423E+03  8.1828E-05  5.3690E-13  3.4568E-13  3.3110E-05
 6.5771E+25  8.4406E-05  9.9992E-01  7.0423E+03  8.1828E-05  5.3374E-13  3.4568E-13  3.2935E-05
 6.5864E+25  8.4921E-05  9.9992E-01  7.0422E+03  8.1828E-05  5.3052E-13  3.4568E-13  3.2760E-05
 6.5956E+25  8.5202E-05  9.9991E-01  7.0422E+03  8.1828E-05  5.2823E-13  3.4568E-13  3.2584E-05
 6.6049E+25  8.5024E-05  9.9991E-01  7.0422E+03  8.1828E-05  5.2986E-13  3.4568E-13  3.2409E-05
 6.6142E+25  8.5523E-05  9.9991E-01  7.0421E+03  8.1828E-05  5.2678E-13  3.4569E-13  3.2233E-05
 6.6234E+25  8.6034E-05  9.9991E-01  7.0421E+03  8.1828E-05  5.2366E-13  3.4569E-13  3.2058E-05
 6.6327E+25  8.6539E-05  9.9991E-01  7.0421E+03  8.1828E-05  5.2059E-13  3.4569E-13  3.1884E-05
 6.6419E+25  8.7056E-05  9.9991E-01  7.0420E+03  8.1828E-05  5.1752E-13  3.4569E-13  3.1710E-05
 6.6512E+25  8.7056E-05  9.9991E-01  7.0420E+03  8.1828E-05  5.1699E-13  3.4569E-13  3.1536E-05
 6.6604E+25  8.7180E-05  9.9991E-01  7.0420E+03  8.1828E-05  5.1678E-13  3.4569E-13  3.1363E-05
 6.6697E+25  8.7687E-05  9.9991E-01  7.0419E+03  8.1828E-05  5.1379E-13  3.4570E-13  3.1191E-05
 6.6789E+25  8.8201E-05  9.9991E-01  7.0419E+03  8.1828E-05  5.1080E-13  3.4570E-13  3.1019E-05
 6.6882E+25  8.8717E-05  9.9991E-01  7.0418E+03  8.1828E-05  5.0782E-13  3.4570E-13  3.0848E-05
 6.6975E+25  8.9228E-05  9.9991E-01  7.0418E+03  8.1828E-05  5.0489E-13  3.4570E-13  3.0683E-05
 6.7067E+25  8.8992E-05  9.9991E-01  7.0418E+03  8.1828E-05  5.0581E-13  3.4570E-13  3.0523E-05
 6.7160E+25  8.9378E-05  9.9991E-01  7.0417E+03  8.1828E-05  5.0409E-13  3.4570E-13  3.0364E-05
 6.7252E+25  8.9899E-05  9.9991E-01  7.0417E+03  8.1828E-05  5.0115E-13  3.4570E-13  3.0207E-05
 6.7345E+25  9.0415E-05  9.9991E-01  7.0416E+03  8.1828E-05  4.9830E-13  3.4571E-13  3.0051E-05
 6.7437E+25  9.0941E-05  9.9991E-01  7.0416E+03  8.1828E-05  4.9541E-13  3.4571E-13  2.9893E-05
 6.7530E+25  9.1340E-05  9.9991E-01  7.0416E+03  8.1828E-05  4.9279E-13  3.4571E-13  2.9736E-05
 6.7623E+25  9.1104E-05  9.9991E-01  7.0415E+03  8.1828E-05  4.9454E-13  3.4571E-13  2.9579E-05
 6.7715E+25  9.1625E-05  9.9991E-01  7.0415E+03  8.1828E-05  4.9173E-13  3.4571E-13  2.9423E-05
 6.7808E+25  9.2157E-05  9.9991E-01  7.0415E+03  8.1828E-05  4.8889E-13  3.4571E-13  2.9267E-05
 6.7900E+25  9.2678E-05  9.9991E-01  7.0414E+03  8.1828E-05  4.8615E-13  3.4572E-13  2.9111E-05
 6.7993E+25  9.3210E-05  9.9991E-01  7.0414E+03  8.1828E-05  4.8337E-13  3.4572E-13  2.8955E-05
 6.8085E+25  9.3398E-05  9.9991E-01  7.0414E+03  8.1828E-05  4.8194E-13  3.4572E-13  2.8800E-05
 6.8178E+25  9.3391E-05  9.9991E-01  7.0413E+03  8.1828E-05  4.8245E-13  3.4572E-13  2.8646E-05
 6.8271E+25  9.3922E-05  9.9991E-01  7.0413E+03  8.1828E-05  4.7971E-13  3.4572E-13  2.8492E-05
 6.8363E+25  9.4463E-05  9.9991E-01  7.0412E+03  8.1828E-05  4.7697E-13  3.4572E-13  2.8338E-05
 6.8456E+25  9.4990E-05  9.9991E-01  7.0412E+03  8.1828E-05  4.7432E-13  3.4572E-13  2.8188E-05
 6.8548E+25  9.5525E-05  9.9990E-01  7.0412E+03  8.1828E-05  4.7167E-13  3.4573E-13  2.8044E-05
 6.8641E+25  9.5535E-05  9.9990E-01  7.0411E+03  8.1828E-05  4.7118E-13  3.4573E-13  2.7901E-05
 6.8733E+25  9.5727E-05  9.9990E-01  7.0411E+03  8.1828E-05  4.7069E-13  3.4573E-13  2.7760E-05
 6.8826E+25  9.6271E-05  9.9990E-01  7.0410E+03  8.1828E-05  4.6802E-13  3.4573E-13  2.7621E-05
 6.8919E+25  9.6812E-05  9.9990E-01  7.0410E+03  8.1828E-05  4.6542E-13  3.4573E-13  2.7480E-05
 6.9011E+25  9.7355E-05  9.9990E-01  7.0410E+03  8.1828E-05  4.6281E-13  3.4573E-13  2.7339E-05
 6.9104E+25  9.7886E-05  9.9990E-01  7.0409E+03  8.1828E-05  4.6028E-13  3.4573E-13  2.7199E-05
 6.9196E+25  9.7753E-05  9.9990E-01  7.0409E+03  8.1828E-05  4.6053E-13  3.4574E-13  2.7059E-05
 6.9289E+25  9.8113E-05  9.9990E-01  7.0409E+03  8.1828E-05  4.5925E-13  3.4574E-13  2.6919E-05
 6.9381E+25  9.8668E-05  9.9990E-01  7.0408E+03  8.1828E-05  4.5666E-13  3.4574E-13  2.6779E-05
 6.9474E+25  9.9213E-05  9.9990E-01  7.0408E+03  8.1828E-05  4.5416E-13  3.4574E-13  2.6640E-05
 6.9567E+25  9.9769E-05  9.9990E-01  7.0407E+03  8.1828E-05  4.5162E-13  3.4574E-13  2.6501E-05
 6.9659E+25  1.0028E-04  9.9990E-01  7.0407E+03  8.1828E-05  4.4919E-13  3.4574E-13  2.6362E-05
 6.9752E+25  1.0006E-04  9.9990E-01  7.0407E+03  8.1828E-05  4.5001E-13  3.4574E-13  2.6224E-05
 6.9844E+25  1.0055E-04  9.9990E-01  7.0406E+03  8.1828E-05  4.4810E-13  3.4575E-13  2.6086E-05
 6.9937E+25  1.0111E-04  9.9990E-01  7.0406E+03  8.1828E-05  4.4563E-13  3.4575E-13  2.5948E-05
 7.0029E+25  1.0167E-04  9.9990E-01  7.0405E+03  8.1828E-05  4.4318E-13  3.4575E-13  2.5816E-05
 7.0122E+25  1.0223E-04  9.9990E-01  7.0405E+03  8.1828E-05  4.4077E-13  3.4575E-13  2.5688E-05
 7.0215E+25  1.0269E-04  9.9990E-01  7.0405E+03  8.1828E-05  4.3842E-13  3.4575E-13  2.5560E-05
 7.0307E+25  1.0250E-04  9.9990E-01  7.0405E+03  8.1828E-05  4.3959E-13  3.4575E-13  2.5434E-05
 7.0400E+25  1.0306E-04  9.9990E-01  7.0404E+03  8.1828E-05  4.3723E-13  3.4575E-13  2.5309E-05
 7.0492E+25  1.0361E-04  9.9990E-01  7.0404E+03  8.1828E-05  4.3489E-13  3.4576E-13  2.5183E-05
 7.0585E+25  1.0418E-04  9.9990E-01  7.0403E+03  8.1828E-05  4.3253E-13  3.4576E-13  2.5058E-05
 7.0677E+25  1.0474E-04  9.9990E-01  7.0403E+03  8.1828E-05  4.3020E-13  3.4576E-13  2.4932E-05
 7.0770E+25  1.0511E-04  9.9989E-01  7.0403E+03  8.1828E-05  4.2832E-13  3.4576E-13  2.4807E-05
 7.0863E+25  1.0505E-04  9.9989E-01  7.0403E+03  8.1828E-05  4.2893E-13  3.4576E-13  2.4682E-05
 7.0955E+25  1.0561E-04  9.9989E-01  7.0402E+03  8.1828E-05  4.2666E-13  3.4576E-13  2.4557E-05
 7.1048E+25  1.0617E-04  9.9989E-01  7.0401E+03  8.1828E-05  4.2443E-13  3.4577E-13  2.4432E-05
 7.1140E+25  1.0674E-04  9.9989E-01  7.0401E+03  8.1828E-05  4.2215E-13  3.4577E-13  2.4307E-05
 7.1233E+25  1.0732E-04  9.9989E-01  7.0401E+03  8.1828E-05  4.1990E-13  3.4577E-13  2.4183E-05
 7.1325E+25  1.0761E-04  9.9989E-01  7.0401E+03  8.1828E-05  4.1840E-13  3.4577E-13  2.4060E-05
 7.1418E+25  1.0766E-04  9.9989E-01  7.0400E+03  8.1828E-05  4.1854E-13  3.4577E-13  2.3936E-05
 7.1511E+25  1.0822E-04  9.9989E-01  7.0400E+03  8.1828E-05  4.1637E-13  3.4577E-13  2.3813E-05
 7.1603E+25  1.0879E-04  9.9989E-01  7.0399E+03  8.1828E-05  4.1422E-13  3.4577E-13  2.3693E-05
 7.1696E+25  1.0936E-04  9.9989E-01  7.0399E+03  8.1828E-05  4.1206E-13  3.4578E-13  2.3578E-05
 7.1788E+25  1.0994E-04  9.9989E-01  7.0398E+03  8.1828E-05  4.0988E-13  3.4578E-13  2.3463E-05
 7.1881E+25  1.1019E-04  9.9989E-01  7.0398E+03  8.1828E-05  4.0863E-13  3.4578E-13  2.3350E-05
 7.1973E+25  1.1033E-04  9.9989E-01  7.0398E+03  8.1828E-05  4.0844E-13  3.4578E-13  2.3239E-05
 7.2066E+25  1.1090E-04  9.9989E-01  7.0398E+03  8.1828E-05  4.0635E-13  3.4578E-13  2.3126E-05
 7.2159E+25  1.1147E-04  9.9989E-01  7.0397E+03  8.1828E-05  4.0427E-13  3.4578E-13  2.3014E-05
 7.2251E+25  1.1204E-04  9.9989E-01  7.0397E+03  8.1828E-05  4.0221E-13  3.4579E-13  2.2901E-05
 7.2344E+25  1.1263E-04  9.9989E-01  7.0396E+03  8.1828E-05  4.0012E-13  3.4579E-13  2.2789E-05
 7.2436E+25  1.1284E-04  9.9989E-01  7.0396E+03  8.1828E-05  3.9904E-13  3.4579E-13  2.2678E-05
 7.2529E+25  1.1305E-04  9.9989E-01  7.0396E+03  8.1828E-05  3.9862E-13  3.4579E-13  2.2566E-05
 7.2621E+25  1.1363E-04  9.9989E-01  7.0395E+03  8.1828E-05  3.9657E-13  3.4579E-13  2.2454E-05
 7.2714E+25  1.1421E-04  9.9989E-01  7.0395E+03  8.1828E-05  3.9458E-13  3.4579E-13  2.2343E-05
 7.2807E+25  1.1478E-04  9.9989E-01  7.0394E+03  8.1828E-05  3.9260E-13  3.4579E-13  2.2231E-05
 7.2899E+25  1.1537E-04  9.9988E-01  7.0394E+03  8.1828E-05  3.9062E-13  3.4580E-13  2.2120E-05
 7.2992E+25  1.1558E-04  9.9988E-01  7.0394E+03  8.1828E-05  3.8961E-13  3.4580E-13  2.2010E-05
 7.3084E+25  1.1583E-04  9.9988E-01  7.0393E+03  8.1828E-05  3.8906E-13  3.4580E-13  2.1899E-05
 7.3177E+25  1.1642E-04  9.9988E-01  7.0393E+03  8.1828E-05  3.8707E-13  3.4580E-13  2.1789E-05
 7.3269E+25  1.1701E-04  9.9988E-01  7.0392E+03  8.1828E-05  3.8514E-13  3.4580E-13  2.1684E-05
 7.3362E+25  1.1759E-04  9.9988E-01  7.0392E+03  8.1828E-05  3.8324E-13  3.4580E-13  2.1581E-05
 7.3455E+25  1.1818E-04  9.9988E-01  7.0392E+03  8.1828E-05  3.8133E-13  3.4580E-13  2.1478E-05
 7.3547E+25  1.1839E-04  9.9988E-01  7.0392E+03  8.1828E-05  3.8038E-13  3.4581E-13  2.1378E-05
 7.3640E+25  1.1867E-04  9.9988E-01  7.0391E+03  8.1828E-05  3.7976E-13  3.4581E-13  2.1279E-05
 7.3732E+25  1.1928E-04  9.9988E-01  7.0391E+03  8.1828E-05  3.7783E-13  3.4581E-13  2.1178E-05
 7.3825E+25  1.1987E-04  9.9988E-01  7.0390E+03  8.1828E-05  3.7594E-13  3.4581E-13  2.1077E-05
 7.3917E+25  1.2046E-04  9.9988E-01  7.0390E+03  8.1828E-05  3.7410E-13  3.4581E-13  2.0977E-05
 7.4010E+25  1.2105E-04  9.9988E-01  7.0389E+03  8.1828E-05  3.7228E-13  3.4581E-13  2.0877E-05
 7.4103E+25  1.2128E-04  9.9988E-01  7.0389E+03  8.1828E-05  3.7132E-13  3.4581E-13  2.0777E-05
 7.4195E+25  1.2158E-04  9.9988E-01  7.0389E+03  8.1828E-05  3.7068E-13  3.4582E-13  2.0677E-05
 7.4288E+25  1.2219E-04  9.9988E-01  7.0388E+03  8.1828E-05  3.6885E-13  3.4582E-13  2.0577E-05
 7.4380E+25  1.2280E-04  9.9988E-01  7.0388E+03  8.1828E-05  3.6700E-13  3.4582E-13  2.0477E-05
 7.4473E+25  1.2340E-04  9.9988E-01  7.0387E+03  8.1828E-05  3.6521E-13  3.4582E-13  2.0378E-05
 7.4565E+25  1.2400E-04  9.9988E-01  7.0387E+03  8.1828E-05  3.6345E-13  3.4582E-13  2.0278E-05
 7.4658E+25  1.2426E-04  9.9988E-01  7.0387E+03  8.1828E-05  3.6245E-13  3.4582E-13  2.0179E-05
 7.4751E+25  1.2456E-04  9.9988E-01  7.0386E+03  8.1828E-05  3.6183E-13  3.4583E-13  2.0081E-05
 7.4843E+25  1.2517E-04  9.9987E-01  7.0386E+03  8.1828E-05  3.6007E-13  3.4583E-13  1.9982E-05
 7.4936E+25  1.2578E-04  9.9987E-01  7.0385E+03  8.1828E-05  3.5831E-13  3.4583E-13  1.9887E-05
 7.5028E+25  1.2640E-04  9.9987E-01  7.0385E+03  8.1828E-05  3.5655E-13  3.4583E-13  1.9795E-05
 7.5121E+25  1.2701E-04  9.9987E-01  7.0385E+03  8.1828E-05  3.5485E-13  3.4583E-13  1.9703E-05
 7.5213E+25  1.2732E-04  9.9987E-01  7.0384E+03  8.1828E-05  3.5376E-13  3.4583E-13  1.9613E-05
 7.5306E+25  1.2760E-04  9.9987E-01  7.0384E+03  8.1828E-05  3.5320E-13  3.4584E-13  1.9524E-05
 7.5399E+25  1.2822E-04  9.9987E-01  7.0383E+03  8.1828E-05  3.5151E-13  3.4584E-13  1.9434E-05
 7.5491E+25  1.2883E-04  9.9987E-01  7.0383E+03  8.1828E-05  3.4984E-13  3.4584E-13  1.9344E-05
 7.5584E+25  1.2946E-04  9.9987E-01  7.0382E+03  8.1828E-05  3.4814E-13  3.4584E-13  1.9255E-05
 7.5676E+25  1.3009E-04  9.9987E-01  7.0382E+03  8.1828E-05  3.4646E-13  3.4584E-13  1.9165E-05
 7.5769E+25  1.3046E-04  9.9987E-01  7.0382E+03  8.1828E-05  3.4527E-13  3.4584E-13  1.9076E-05
 7.5861E+25  1.3072E-04  9.9987E-01  7.0382E+03  8.1828E-05  3.4478E-13  3.4584E-13  1.8986E-05
 7.5954E+25  1.3134E-04  9.9987E-01  7.0381E+03  8.1828E-05  3.4317E-13  3.4585E-13  1.8897E-05
 7.6047E+25  1.3196E-04  9.9987E-01  7.0380E+03  8.1828E-05  3.4156E-13  3.4585E-13  1.8808E-05
 7.6139E+25  1.3258E-04  9.9987E-01  7.0380E+03  8.1828E-05  3.3995E-13  3.4585E-13  1.8719E-05
 7.6232E+25  1.3322E-04  9.9987E-01  7.0380E+03  8.1828E-05  3.3833E-13  3.4585E-13  1.8630E-05
 7.6324E+25  1.3367E-04  9.9987E-01  7.0379E+03  8.1828E-05  3.3699E-13  3.4585E-13  1.8541E-05
 7.6417E+25  1.3392E-04  9.9987E-01  7.0379E+03  8.1828E-05  3.3655E-13  3.4585E-13  1.8453E-05
 7.6509E+25  1.3453E-04  9.9987E-01  7.0379E+03  8.1828E-05  3.3503E-13  3.4586E-13  1.8364E-05
 7.6602E+25  1.3515E-04  9.9986E-01  7.0378E+03  8.1828E-05  3.3349E-13  3.4586E-13  1.8277E-05
 7.6695E+25  1.3578E-04  9.9986E-01  7.0377E+03  8.1828E-05  3.3195E-13  3.4586E-13  1.8193E-05
 7.6787E+25  1.3642E-04  9.9986E-01  7.0377E+03  8.1828E-05  3.3041E-13  3.4586E-13  1.8110E-05
 7.6880E+25  1.3695E-04  9.9986E-01  7.0377E+03  8.1828E-05  3.2896E-13  3.4586E-13  1.8028E-05
 7.6972E+25  1.3719E-04  9.9986E-01  7.0377E+03  8.1828E-05  3.2854E-13  3.4587E-13  1.7948E-05
 7.7065E+25  1.3780E-04  9.9986E-01  7.0376E+03  8.1828E-05  3.2707E-13  3.4587E-13  1.7869E-05
 7.7157E+25  1.3842E-04  9.9986E-01  7.0375E+03  8.1828E-05  3.2561E-13  3.4587E-13  1.7789E-05
 7.7250E+25  1.3906E-04  9.9986E-01  7.0375E+03  8.1828E-05  3.2414E-13  3.4587E-13  1.7708E-05
 7.7343E+25  1.3969E-04  9.9986E-01  7.0374E+03  8.1828E-05  3.2268E-13  3.4587E-13  1.7628E-05
 7.7435E+25  1.4029E-04  9.9986E-01  7.0374E+03  8.1828E-05  3.2119E-13  3.4587E-13  1.7548E-05
 7.7528E+25  1.4052E-04  9.9986E-01  7.0374E+03  8.1828E-05  3.2072E-13  3.4588E-13  1.7469E-05
 7.7620E+25  1.4115E-04  9.9986E-01  7.0373E+03  8.1828E-05  3.1932E-13  3.4588E-13  1.7389E-05
 7.7713E+25  1.4178E-04  9.9986E-01  7.0373E+03  8.1828E-05  3.1792E-13  3.4588E-13  1.7309E-05
 7.7805E+25  1.4240E-04  9.9986E-01  7.0372E+03  8.1828E-05  3.1653E-13  3.4588E-13  1.7230E-05
 7.7898E+25  1.4304E-04  9.9986E-01  7.0372E+03  8.1828E-05  3.1512E-13  3.4588E-13  1.7150E-05
 7.7991E+25  1.4366E-04  9.9986E-01  7.0372E+03  8.1828E-05  3.1373E-13  3.4588E-13  1.7070E-05
 7.8083E+25  1.4395E-04  9.9986E-01  7.0371E+03  8.1828E-05  3.1304E-13  3.4589E-13  1.6991E-05
 7.8176E+25  1.4456E-04  9.9986E-01  7.0371E+03  8.1828E-05  3.1181E-13  3.4589E-13  1.6912E-05
 7.8268E+25  1.4521E-04  9.9985E-01  7.0370E+03  8.1828E-05  3.1042E-13  3.4589E-13  1.6833E-05
 7.8361E+25  1.4583E-04  9.9985E-01  7.0370E+03  8.1828E-05  3.0909E-13  3.4589E-13  1.6754E-05
 7.8453E+25  1.4647E-04  9.9985E-01  7.0369E+03  8.1828E-05  3.0775E-13  3.4589E-13  1.6679E-05
 7.8546E+25  1.4711E-04  9.9985E-01  7.0369E+03  8.1828E-05  3.0640E-13  3.4590E-13  1.6605E-05
 7.8638E+25  1.4746E-04  9.9985E-01  7.0369E+03  8.1828E-05  3.0558E-13  3.4590E-13  1.6531E-05
 7.8731E+25  1.4804E-04  9.9985E-01  7.0368E+03  8.1828E-05  3.0449E-13  3.4590E-13  1.6459E-05
 7.8824E+25  1.4870E-04  9.9985E-01  7.0367E+03  8.1828E-05  3.0315E-13  3.4590E-13  1.6388E-05
 7.8916E+25  1.4934E-04  9.9985E-01  7.0367E+03  8.1828E-05  3.0183E-13  3.4590E-13  1.6317E-05
 7.9009E+25  1.4998E-04  9.9985E-01  7.0366E+03  8.1828E-05  3.0056E-13  3.4591E-13  1.6245E-05
 7.9101E+25  1.5061E-04  9.9985E-01  7.0366E+03  8.1828E-05  2.9928E-13  3.4591E-13  1.6174E-05
 7.9194E+25  1.5107E-04  9.9985E-01  7.0366E+03  8.1828E-05  2.9829E-13  3.4591E-13  1.6102E-05
 7.9286E+25  1.5158E-04  9.9985E-01  7.0365E+03  8.1828E-05  2.9738E-13  3.4591E-13  1.6031E-05
 7.9379E+25  1.5225E-04  9.9985E-01  7.0365E+03  8.1828E-05  2.9608E-13  3.4591E-13  1.5960E-05
 7.9472E+25  1.5292E-04  9.9985E-01  7.0364E+03  8.1828E-05  2.9479E-13  3.4591E-13  1.5889E-05
 7.9564E+25  1.5357E-04  9.9985E-01  7.0364E+03  8.1828E-05  2.9354E-13  3.4592E-13  1.5817E-05
 7.9657E+25  1.5421E-04  9.9985E-01  7.0363E+03  8.1828E-05  2.9232E-13  3.4592E-13  1.5746E-05
 7.9749E+25  1.5474E-04  9.9985E-01  7.0363E+03  8.1828E-05  2.9124E-13  3.4592E-13  1.5675E-05
 7.9842E+25  1.5523E-04  9.9984E-01  7.0363E+03  8.1828E-05  2.9040E-13  3.4592E-13  1.5604E-05
 7.9934E+25  1.5588E-04  9.9984E-01  7.0362E+03  8.1828E-05  2.8920E-13  3.4592E-13  1.5533E-05
 8.0027E+25  1.5655E-04  9.9984E-01  7.0361E+03  8.1828E-05  2.8796E-13  3.4593E-13  1.5463E-05
 8.0120E+25  1.5722E-04  9.9984E-01  7.0361E+03  8.1828E-05  2.8673E-13  3.4593E-13  1.5392E-05
 8.0212E+25  1.5788E-04  9.9984E-01  7.0360E+03  8.1828E-05  2.8554E-13  3.4593E-13  1.5322E-05
 8.0305E+25  1.5848E-04  9.9984E-01  7.0360E+03  8.1828E-05  2.8438E-13  3.4593E-13  1.5255E-05
 8.0397E+25  1.5894E-04  9.9984E-01  7.0360E+03  8.1828E-05  2.8362E-13  3.4593E-13  1.5189E-05
 8.0490E+25  1.5960E-04  9.9984E-01  7.0359E+03  8.1828E-05  2.8245E-13  3.4593E-13  1.5123E-05
 8.0582E+25  1.6026E-04  9.9984E-01  7.0358E+03  8.1828E-05  2.8131E-13  3.4594E-13  1.5059E-05
 8.0675E+25  1.6094E-04  9.9984E-01  7.0358E+03  8.1828E-05  2.8012E-13  3.4594E-13  1.4996E-05
 8.0768E+25  1.6161E-04  9.9984E-01  7.0357E+03  8.1828E-05  2.7894E-13  3.4594E-13  1.4933E-05
 8.0860E+25  1.6226E-04  9.9984E-01  7.0357E+03  8.1828E-05  2.7781E-13  3.4594E-13  1.4869E-05
 8.0953E+25  1.6277E-04  9.9984E-01  7.0357E+03  8.1828E-05  2.7693E-13  3.4594E-13  1.4805E-05
 8.1045E+25  1.6340E-04  9.9984E-01  7.0356E+03  8.1828E-05  2.7589E-13  3.4595E-13  1.4741E-05
 8.1138E+25  1.6406E-04  9.9984E-01  7.0355E+03  8.1828E-05  2.7478E-13  3.4595E-13  1.4677E-05
 8.1230E+25  1.6472E-04  9.9984E-01  7.0355E+03  8.1828E-05  2.7369E-13  3.4595E-13  1.4614E-05
 8.1323E+25  1.6541E-04  9.9983E-01  7.0354E+03  8.1828E-05  2.7256E-13  3.4595E-13  1.4550E-05
 8.1416E+25  1.6609E-04  9.9983E-01  7.0354E+03  8.1828E-05  2.7144E-13  3.4596E-13  1.4487E-05
 8.1508E+25  1.6667E-04  9.9983E-01  7.0354E+03  8.1828E-05  2.7046E-13  3.4596E-13  1.4423E-05
 8.1601E+25  1.6729E-04  9.9983E-01  7.0353E+03  8.1828E-05  2.6949E-13  3.4596E-13  1.4360E-05
 8.1693E+25  1.6795E-04  9.9983E-01  7.0352E+03  8.1828E-05  2.6843E-13  3.4596E-13  1.4296E-05
 8.1786E+25  1.6861E-04  9.9983E-01  7.0352E+03  8.1828E-05  2.6739E-13  3.4596E-13  1.4233E-05
 8.1878E+25  1.6927E-04  9.9983E-01  7.0351E+03  8.1828E-05  2.6634E-13  3.4597E-13  1.4170E-05
 8.1971E+25  1.6996E-04  9.9983E-01  7.0351E+03  8.1828E-05  2.6527E-13  3.4597E-13  1.4106E-05
 8.2064E+25  1.7062E-04  9.9983E-01  7.0350E+03  8.1828E-05  2.6422E-13  3.4597E-13  1.4044E-05
 8.2156E+25  1.7125E-04  9.9983E-01  7.0350E+03  8.1828E-05  2.6326E-13  3.4597E-13  1.3983E-05
 8.2249E+25  1.7191E-04  9.9983E-01  7.0349E+03  8.1828E-05  2.6225E-13  3.4597E-13  1.3924E-05
 8.2341E+25  1.7258E-04  9.9983E-01  7.0349E+03  8.1828E-05  2.6123E-13  3.4598E-13  1.3865E-05
 8.2434E+25  1.7324E-04  9.9983E-01  7.0348E+03  8.1828E-05  2.6025E-13  3.4598E-13  1.3807E-05
 8.2526E+25  1.7390E-04  9.9983E-01  7.0347E+03  8.1828E-05  2.5925E-13  3.4598E-13  1.3751E-05
 8.2619E+25  1.7459E-04  9.9983E-01  7.0347E+03  8.1828E-05  2.5824E-13  3.4598E-13  1.3694E-05
 8.2712E+25  1.7529E-04  9.9982E-01  7.0347E+03  8.1828E-05  2.5722E-13  3.4598E-13  1.3637E-05
 8.2804E+25  1.7596E-04  9.9982E-01  7.0346E+03  8.1828E-05  2.5623E-13  3.4599E-13  1.3580E-05
 8.2897E+25  1.7662E-04  9.9982E-01  7.0345E+03  8.1828E-05  2.5527E-13  3.4599E-13  1.3523E-05
 8.2989E+25  1.7729E-04  9.9982E-01  7.0345E+03  8.1828E-05  2.5430E-13  3.4599E-13  1.3467E-05
 8.3082E+25  1.7795E-04  9.9982E-01  7.0344E+03  8.1828E-05  2.5336E-13  3.4599E-13  1.3410E-05
 8.3174E+25  1.7862E-04  9.9982E-01  7.0344E+03  8.1828E-05  2.5242E-13  3.4599E-13  1.3353E-05
 8.3267E+25  1.7935E-04  9.9982E-01  7.0344E+03  8.1828E-05  2.5140E-13  3.4600E-13  1.3296E-05
 8.3360E+25  1.8007E-04  9.9982E-01  7.0343E+03  8.1828E-05  2.5040E-13  3.4600E-13  1.3240E-05
 8.3452E+25  1.8075E-04  9.9982E-01  7.0342E+03  8.1828E-05  2.4944E-13  3.4600E-13  1.3183E-05
 8.3545E+25  1.8141E-04  9.9982E-01  7.0342E+03  8.1828E-05  2.4854E-13  3.4600E-13  1.3126E-05
 8.3637E+25  1.8209E-04  9.9982E-01  7.0341E+03  8.1828E-05  2.4762E-13  3.4601E-13  1.3069E-05
 8.3730E+25  1.8275E-04  9.9982E-01  7.0340E+03  8.1828E-05  2.4671E-13  3.4601E-13  1.3013E-05
 8.3822E+25  1.8347E-04  9.9982E-01  7.0340E+03  8.1828E-05  2.4578E-13  3.4601E-13  1.2956E-05
 8.3915E+25  1.8423E-04  9.9982E-01  7.0340E+03  8.1828E-05  2.4475E-13  3.4601E-13  1.2900E-05
 8.4008E+25  1.8493E-04  9.9982E-01  7.0339E+03  8.1828E-05  2.4383E-13  3.4602E-13  1.2844E-05
 8.4100E+25  1.8562E-04  9.9981E-01  7.0338E+03  8.1828E-05  2.4291E-13  3.4602E-13  1.2791E-05
 8.4193E+25  1.8628E-04  9.9981E-01  7.0337E+03  8.1828E-05  2.4205E-13  3.4602E-13  1.2738E-05
 8.4285E+25  1.8696E-04  9.9981E-01  7.0337E+03  8.1828E-05  2.4117E-13  3.4602E-13  1.2685E-05
 8.4378E+25  1.8765E-04  9.9981E-01  7.0337E+03  8.1828E-05  2.4031E-13  3.4602E-13  1.2633E-05
 8.4470E+25  1.8847E-04  9.9981E-01  7.0336E+03  8.1828E-05  2.3926E-13  3.4603E-13  1.2583E-05
 8.4563E+25  1.8916E-04  9.9981E-01  7.0335E+03  8.1828E-05  2.3838E-13  3.4603E-13  1.2533E-05
 8.4656E+25  1.8987E-04  9.9981E-01  7.0335E+03  8.1828E-05  2.3749E-13  3.4603E-13  1.2482E-05
 8.4748E+25  1.9056E-04  9.9981E-01  7.0334E+03  8.1828E-05  2.3662E-13  3.4603E-13  1.2431E-05
 8.4841E+25  1.9123E-04  9.9981E-01  7.0333E+03  8.1828E-05  2.3579E-13  3.4604E-13  1.2380E-05
 8.4933E+25  1.9191E-04  9.9981E-01  7.0333E+03  8.1828E-05  2.3497E-13  3.4604E-13  1.2330E-05
 8.5026E+25  1.9275E-04  9.9981E-01  7.0333E+03  8.1828E-05  2.3399E-13  3.4604E-13  1.2279E-05
 8.5118E+25  1.9350E-04  9.9981E-01  7.0332E+03  8.1828E-05  2.3302E-13  3.4604E-13  1.2228E-05
 8.5211E+25  1.9417E-04  9.9981E-01  7.0331E+03  8.1828E-05  2.3223E-13  3.4605E-13  1.2178E-05
 8.5304E+25  1.9488E-04  9.9981E-01  7.0330E+03  8.1828E-05  2.3139E-13  3.4605E-13  1.2127E-05
 8.5396E+25  1.9558E-04  9.9980E-01  7.0330E+03  8.1828E-05  2.3057E-13  3.4605E-13  1.2076E-05
 8.5489E+25  1.9626E-04  9.9980E-01  7.0329E+03  8.1828E-05  2.2976E-13  3.4605E-13  1.2026E-05
 8.5581E+25  1.9701E-04  9.9980E-01  7.0329E+03  8.1828E-05  2.2896E-13  3.4605E-13  1.1975E-05
 8.5674E+25  1.9793E-04  9.9980E-01  7.0328E+03  8.1828E-05  2.2782E-13  3.4606E-13  1.1925E-05
 8.5766E+25  1.9860E-04  9.9980E-01  7.0328E+03  8.1828E-05  2.2705E-13  3.4606E-13  1.1874E-05
 8.5859E+25  1.9926E-04  9.9980E-01  7.0327E+03  8.1828E-05  2.2630E-13  3.4606E-13  1.1824E-05
 8.5952E+25  1.9996E-04  9.9980E-01  7.0326E+03  8.1828E-05  2.2553E-13  3.4607E-13  1.1773E-05
 8.6044E+25  2.0066E-04  9.9980E-01  7.0325E+03  8.1828E-05  2.2473E-13  3.4607E-13  1.1725E-05
 8.6137E+25  2.0137E-04  9.9980E-01  7.0325E+03  8.1828E-05  2.2395E-13  3.4607E-13  1.1677E-05
 8.6229E+25  2.0233E-04  9.9980E-01  7.0325E+03  8.1828E-05  2.2296E-13  3.4607E-13  1.1630E-05
 8.6322E+25  2.0310E-04  9.9980E-01  7.0324E+03  8.1828E-05  2.2204E-13  3.4607E-13  1.1583E-05
 8.6414E+25  2.0377E-04  9.9980E-01  7.0323E+03  8.1828E-05  2.2131E-13  3.4608E-13  1.1538E-05
 8.6507E+25  2.0443E-04  9.9980E-01  7.0323E+03  8.1828E-05  2.2059E-13  3.4608E-13  1.1493E-05
 8.6600E+25  2.0511E-04  9.9979E-01  7.0322E+03  8.1828E-05  2.1987E-13  3.4608E-13  1.1448E-05
 8.6692E+25  2.0582E-04  9.9979E-01  7.0321E+03  8.1828E-05  2.1912E-13  3.4609E-13  1.1403E-05
 8.6785E+25  2.0668E-04  9.9979E-01  7.0321E+03  8.1828E-05  2.1830E-13  3.4609E-13  1.1358E-05
 8.6877E+25  2.0764E-04  9.9979E-01  7.0320E+03  8.1828E-05  2.1718E-13  3.4609E-13  1.1312E-05
 8.6970E+25  2.0832E-04  9.9979E-01  7.0319E+03  8.1828E-05  2.1649E-13  3.4609E-13  1.1267E-05
 8.7062E+25  2.0900E-04  9.9979E-01  7.0319E+03  8.1828E-05  2.1577E-13  3.4610E-13  1.1222E-05
 8.7155E+25  2.0967E-04  9.9979E-01  7.0318E+03  8.1828E-05  2.1509E-13  3.4610E-13  1.1177E-05
 8.7248E+25  2.1033E-04  9.9979E-01  7.0317E+03  8.1828E-05  2.1442E-13  3.4610E-13  1.1132E-05
 8.7340E+25  2.1105E-04  9.9979E-01  7.0317E+03  8.1828E-05  2.1372E-13  3.4610E-13  1.1087E-05
 8.7433E+25  2.1217E-04  9.9979E-01  7.0316E+03  8.1828E-05  2.1265E-13  3.4610E-13  1.1041E-05
 8.7525E+25  2.1294E-04  9.9979E-01  7.0315E+03  8.1828E-05  2.1178E-13  3.4611E-13  1.0996E-05
 8.7618E+25  2.1360E-04  9.9979E-01  7.0315E+03  8.1828E-05  2.1114E-13  3.4611E-13  1.0951E-05
 8.7710E+25  2.1429E-04  9.9979E-01  7.0314E+03  8.1828E-05  2.1046E-13  3.4611E-13  1.0906E-05
 8.7803E+25  2.1496E-04  9.9979E-01  7.0313E+03  8.1828E-05  2.0981E-13  3.4612E-13  1.0861E-05
 8.7896E+25  2.1562E-04  9.9978E-01  7.0313E+03  8.1828E-05  2.0916E-13  3.4612E-13  1.0816E-05
 8.7988E+25  2.1651E-04  9.9978E-01  7.0312E+03  8.1828E-05  2.0844E-13  3.4612E-13  1.0771E-05
 8.8081E+25  2.1760E-04  9.9978E-01  7.0312E+03  8.1828E-05  2.0727E-13  3.4612E-13  1.0727E-05
 8.8173E+25  2.1829E-04  9.9978E-01  7.0311E+03  8.1828E-05  2.0661E-13  3.4613E-13  1.0685E-05
 8.8266E+25  2.1895E-04  9.9978E-01  7.0310E+03  8.1828E-05  2.0598E-13  3.4613E-13  1.0642E-05
 8.8358E+25  2.1963E-04  9.9978E-01  7.0309E+03  8.1828E-05  2.0536E-13  3.4613E-13  1.0600E-05
 8.8451E+25  2.2031E-04  9.9978E-01  7.0309E+03  8.1828E-05  2.0472E-13  3.4614E-13  1.0560E-05
 8.8544E+25  2.2100E-04  9.9978E-01  7.0308E+03  8.1828E-05  2.0411E-13  3.4614E-13  1.0521E-05
 8.8636E+25  2.2215E-04  9.9978E-01  7.0308E+03  8.1828E-05  2.0314E-13  3.4614E-13  1.0480E-05
 8.8729E+25  2.2298E-04  9.9978E-01  7.0307E+03  8.1828E-05  2.0228E-13  3.4614E-13  1.0440E-05
 8.8821E+25  2.2368E-04  9.9978E-01  7.0306E+03  8.1828E-05  2.0164E-13  3.4615E-13  1.0400E-05
 8.8914E+25  2.2436E-04  9.9978E-01  7.0305E+03  8.1828E-05  2.0103E-13  3.4615E-13  1.0359E-05
 8.9006E+25  2.2501E-04  9.9977E-01  7.0304E+03  8.1828E-05  2.0045E-13  3.4615E-13  1.0319E-05
 8.9099E+25  2.2570E-04  9.9977E-01  7.0304E+03  8.1828E-05  1.9984E-13  3.4615E-13  1.0279E-05
 8.9192E+25  2.2654E-04  9.9977E-01  7.0303E+03  8.1828E-05  1.9925E-13  3.4616E-13  1.0239E-05
 8.9284E+25  2.2777E-04  9.9977E-01  7.0303E+03  8.1828E-05  1.9802E-13  3.4616E-13  1.0198E-05
 8.9377E+25  2.2842E-04  9.9977E-01  7.0302E+03  8.1828E-05  1.9747E-13  3.4616E-13  1.0158E-05
 8.9469E+25  2.2911E-04  9.9977E-01  7.0301E+03  8.1828E-05  1.9687E-13  3.4617E-13  1.0118E-05
 8.9562E+25  2.2980E-04  9.9977E-01  7.0300E+03  8.1828E-05  1.9628E-13  3.4617E-13  1.0078E-05
 8.9654E+25  2.3046E-04  9.9977E-01  7.0299E+03  8.1828E-05  1.9572E-13  3.4617E-13  1.0037E-05
 8.9747E+25  2.3114E-04  9.9977E-01  7.0299E+03  8.1828E-05  1.9516E-13  3.4617E-13  9.9969E-06
 8.9840E+25  2.3230E-04  9.9977E-01  7.0298E+03  8.1828E-05  1.9432E-13  3.4618E-13  9.9567E-06
 8.9932E+25  2.3327E-04  9.9977E-01  7.0298E+03  8.1828E-05  1.9336E-13  3.4618E-13  9.9165E-06
 9.0025E+25  2.3392E-04  9.9977E-01  7.0297E+03  8.1828E-05  1.9282E-13  3.4618E-13  9.8764E-06
 9.0117E+25  2.3458E-04  9.9977E-01  7.0296E+03  8.1828E-05  1.9229E-13  3.4619E-13  9.8364E-06
 9.0210E+25  2.3527E-04  9.9976E-01  7.0295E+03  8.1828E-05  1.9173E-13  3.4619E-13  9.7980E-06
 9.0302E+25  2.3595E-04  9.9976E-01  7.0294E+03  8.1828E-05  1.9117E-13  3.4619E-13  9.7601E-06
 9.0395E+25  2.3667E-04  9.9976E-01  7.0294E+03  8.1828E-05  1.9066E-13  3.4619E-13  9.7222E-06
 9.0487E+25  2.3807E-04  9.9976E-01  7.0293E+03  8.1828E-05  1.8958E-13  3.4620E-13  9.6850E-06
 9.0580E+25  2.3880E-04  9.9976E-01  7.0292E+03  8.1828E-05  1.8889E-13  3.4620E-13  9.6495E-06
 9.0673E+25  2.3946E-04  9.9976E-01  7.0292E+03  8.1828E-05  1.8837E-13  3.4620E-13  9.6140E-06
 9.0765E+25  2.4010E-04  9.9976E-01  7.0291E+03  8.1828E-05  1.8787E-13  3.4621E-13  9.5780E-06
 9.0858E+25  2.4077E-04  9.9976E-01  7.0290E+03  8.1828E-05  1.8736E-13  3.4621E-13  9.5420E-06
 9.0950E+25  2.4146E-04  9.9976E-01  7.0289E+03  8.1828E-05  1.8684E-13  3.4621E-13  9.5061E-06
 9.1043E+25  2.4241E-04  9.9976E-01  7.0289E+03  8.1828E-05  1.8627E-13  3.4621E-13  9.4702E-06
 9.1135E+25  2.4371E-04  9.9976E-01  7.0288E+03  8.1828E-05  1.8511E-13  3.4622E-13  9.4343E-06
 9.1228E+25  2.4437E-04  9.9976E-01  7.0287E+03  8.1828E-05  1.8460E-13  3.4622E-13  9.3985E-06
 9.1321E+25  2.4502E-04  9.9975E-01  7.0286E+03  8.1828E-05  1.8412E-13  3.4622E-13  9.3627E-06
 9.1413E+25  2.4567E-04  9.9975E-01  7.0286E+03  8.1828E-05  1.8363E-13  3.4623E-13  9.3270E-06
 9.1506E+25  2.4631E-04  9.9975E-01  7.0285E+03  8.1828E-05  1.8316E-13  3.4623E-13  9.2911E-06
 9.1598E+25  2.4699E-04  9.9975E-01  7.0284E+03  8.1828E-05  1.8267E-13  3.4623E-13  9.2551E-06
 9.1691E+25  2.4824E-04  9.9975E-01  7.0283E+03  8.1828E-05  1.8191E-13  3.4624E-13  9.2192E-06
 9.1783E+25  2.4929E-04  9.9975E-01  7.0283E+03  8.1828E-05  1.8096E-13  3.4624E-13  9.1832E-06
 9.1876E+25  2.4995E-04  9.9975E-01  7.0282E+03  8.1828E-05  1.8049E-13  3.4624E-13  9.1473E-06
 9.1969E+25  2.5059E-04  9.9975E-01  7.0281E+03  8.1828E-05  1.8002E-13  3.4624E-13  9.1114E-06
 9.2061E+25  2.5124E-04  9.9975E-01  7.0280E+03  8.1828E-05  1.7957E-13  3.4625E-13  9.0756E-06
 9.2154E+25  2.5188E-04  9.9975E-01  7.0279E+03  8.1828E-05  1.7911E-13  3.4625E-13  9.0397E-06
 9.2246E+25  2.5258E-04  9.9975E-01  7.0279E+03  8.1828E-05  1.7867E-13  3.4625E-13  9.0038E-06
 9.2339E+25  2.5404E-04  9.9975E-01  7.0278E+03  8.1828E-05  1.7775E-13  3.4626E-13  8.9692E-06
 9.2431E+25  2.5491E-04  9.9975E-01  7.0277E+03  8.1828E-05  1.7699E-13  3.4626E-13  8.9353E-06
 9.2524E+25  2.5553E-04  9.9974E-01  7.0276E+03  8.1828E-05  1.7656E-13  3.4626E-13  8.9014E-06
