 4.6285E+22  3.2782E-11  1.0000E+00  1.1638E+04  8.1828E-05  1.0464E-06  2.2819E-13  1.0000E+00
 1.3886E+23  2.2942E-10  1.0000E+00  1.1642E+04  8.1828E-05  1.4948E-07  2.2812E-13  1.0000E+00
 2.3143E+23  6.2224E-10  1.0000E+00  1.1655E+04  8.1828E-05  5.5072E-08  2.2792E-13  1.0000E+00
 3.2400E+23  1.2097E-09  1.0000E+00  1.1682E+04  8.1828E-05  2.8280E-08  2.2747E-13  1.0000E+00
 4.1657E+23  1.9884E-09  1.0000E+00  1.1730E+04  8.1828E-05  1.7154E-08  2.2667E-13  1.0000E+00
 5.0914E+23  2.9521E-09  1.0000E+00  1.1809E+04  8.1828E-05  1.1498E-08  2.2539E-13  1.0000E+00
 6.0171E+23  4.0886E-09  1.0000E+00  1.1931E+04  8.1828E-05  8.2405E-09  2.2343E-13  1.0000E+00
 6.9428E+23  5.3850E-09  1.0000E+00  1.2107E+04  8.1828E-05  6.1908E-09  2.2068E-13  1.0000E+00
 7.8685E+23  6.8070E-09  1.0000E+00  1.2365E+04  8.1828E-05  4.8234E-09  2.1677E-13  1.0000E+00
 8.7942E+23  8.3278E-09  1.0000E+00  1.2724E+04  8.1828E-05  3.8616E-09  2.1155E-13  1.0000E+00
 9.7199E+23  9.9265E-09  1.0000E+00  1.3159E+04  8.1828E-05  3.1616E-09  2.0558E-13  1.0000E+00
 1.0646E+24  1.1625E-08  1.0000E+00  1.3597E+04  8.1828E-05  2.6359E-09  1.9990E-13  1.0000E+00
 1.1571E+24  1.3503E-08  1.0000E+00  1.3914E+04  8.1828E-05  2.2315E-09  1.9598E-13  1.0000E+00
 1.2497E+24  1.5614E-08  1.0000E+00  1.4085E+04  8.1828E-05  1.9127E-09  1.9393E-13  1.0000E+00
 1.3423E+24  1.7916E-08  1.0000E+00  1.4180E+04  8.1828E-05  1.6587E-09  1.9281E-13  1.0000E+00
 1.4348E+24  2.0375E-08  1.0000E+00  1.4281E+04  8.1828E-05  1.4511E-09  1.9165E-13  9.9999E-01
 1.5274E+24  2.2957E-08  1.0000E+00  1.4381E+04  8.1828E-05  1.2813E-09  1.9050E-13  9.9999E-01
 1.6200E+24  2.5709E-08  1.0000E+00  1.4474E+04  8.1828E-05  1.1387E-09  1.8944E-13  9.9999E-01
 1.7126E+24  2.8600E-08  1.0000E+00  1.4565E+04  8.1828E-05  1.0189E-09  1.8842E-13  9.9999E-01
 1.8051E+24  3.1635E-08  1.0000E+00  1.4647E+04  8.1828E-05  9.1734E-10  1.8750E-13  9.9999E-01
 1.8977E+24  3.4824E-08  1.0000E+00  1.4727E+04  8.1828E-05  8.3006E-10  1.8663E-13  9.9999E-01
 1.9903E+24  3.8168E-08  1.0000E+00  1.4803E+04  8.1828E-05  7.5445E-10  1.8580E-13  9.9999E-01
 2.0828E+24  4.1650E-08  1.0000E+00  1.4878E+04  8.1828E-05  6.8883E-10  1.8499E-13  9.9999E-01
 2.1754E+24  4.5243E-08  1.0000E+00  1.4950E+04  8.1828E-05  6.3187E-10  1.8422E-13  9.9999E-01
 2.2680E+24  4.9024E-08  1.0000E+00  1.5021E+04  8.1828E-05  5.8113E-10  1.8347E-13  9.9999E-01
 2.3605E+24  5.2939E-08  1.0000E+00  1.5089E+04  8.1828E-05  5.3636E-10  1.8275E-13  9.9999E-01
 2.4531E+24  5.6982E-08  1.0000E+00  1.5152E+04  8.1828E-05  4.9677E-10  1.8209E-13  9.9999E-01
 2.5457E+24  6.1161E-08  1.0000E+00  1.5217E+04  8.1828E-05  4.6138E-10  1.8142E-13  9.9998E-01
 2.6383E+24  6.5512E-08  1.0000E+00  1.5281E+04  8.1828E-05  4.2942E-10  1.8077E-13  9.9998E-01
 2.7308E+24  6.9996E-08  1.0000E+00  1.5340E+04  8.1828E-05  4.0077E-10  1.8016E-13  9.9998E-01
 2.8234E+24  7.4564E-08  1.0000E+00  1.5400E+04  8.1828E-05  3.7513E-10  1.7955E-13  9.9998E-01
 2.9160E+24  7.9333E-08  1.0000E+00  1.5457E+04  8.1828E-05  3.5164E-10  1.7898E-13  9.9998E-01
 3.0085E+24  8.4279E-08  1.0000E+00  1.5512E+04  8.1828E-05  3.3013E-10  1.7843E-13  9.9998E-01
 3.1011E+24  8.9290E-08  1.0000E+00  1.5568E+04  8.1828E-05  3.1077E-10  1.7787E-13  9.9998E-01
 3.1937E+24  9.4414E-08  1.0000E+00  1.5621E+04  8.1828E-05  2.9317E-10  1.7735E-13  9.9998E-01
 3.2862E+24  9.9752E-08  1.0000E+00  1.5673E+04  8.1828E-05  2.7681E-10  1.7684E-13  9.9997E-01
 3.3788E+24  1.0518E-07  1.0000E+00  1.5724E+04  8.1828E-05  2.6190E-10  1.7634E-13  9.9997E-01
 3.4714E+24  1.1069E-07  1.0000E+00  1.5774E+04  8.1828E-05  2.4827E-10  1.7586E-13  9.9997E-01
 3.5640E+24  1.1644E-07  1.0000E+00  1.5822E+04  8.1828E-05  2.3548E-10  1.7539E-13  9.9997E-01
 3.6565E+24  1.2242E-07  1.0000E+00  1.5869E+04  8.1828E-05  2.2351E-10  1.7494E-13  9.9997E-01
 3.7491E+24  1.2830E-07  1.0000E+00  1.5916E+04  8.1828E-05  2.1280E-10  1.7449E-13  9.9997E-01
 3.8417E+24  1.3444E-07  1.0000E+00  1.5962E+04  8.1828E-05  2.0264E-10  1.7405E-13  9.9997E-01
 3.9342E+24  1.4075E-07  1.0000E+00  1.6006E+04  8.1828E-05  1.9316E-10  1.7364E-13  9.9996E-01
 4.0268E+24  1.4714E-07  1.0000E+00  1.6050E+04  8.1828E-05  1.8440E-10  1.7322E-13  9.9996E-01
 4.1194E+24  1.5359E-07  1.0000E+00  1.6092E+04  8.1828E-05  1.7632E-10  1.7282E-13  9.9996E-01
 4.2120E+24  1.6047E-07  1.0000E+00  1.6134E+04  8.1828E-05  1.6843E-10  1.7244E-13  9.9996E-01
 4.3045E+24  1.6713E-07  1.0000E+00  1.6175E+04  8.1828E-05  1.6142E-10  1.7206E-13  9.9996E-01
 4.3971E+24  1.7398E-07  1.0000E+00  1.6215E+04  8.1828E-05  1.5478E-10  1.7168E-13  9.9996E-01
 4.4897E+24  1.8114E-07  1.0000E+00  1.6255E+04  8.1828E-05  1.4839E-10  1.7132E-13  9.9995E-01
 4.5822E+24  1.8840E-07  1.0000E+00  1.6294E+04  8.1828E-05  1.4242E-10  1.7096E-13  9.9995E-01
 4.6748E+24  1.9576E-07  1.0000E+00  1.6332E+04  8.1828E-05  1.3683E-10  1.7061E-13  9.9995E-01
 4.7674E+24  2.0324E-07  1.0000E+00  1.6369E+04  8.1828E-05  1.3158E-10  1.7028E-13  9.9995E-01
 4.8599E+24  2.1082E-07  1.0000E+00  1.6406E+04  8.1828E-05  1.2663E-10  1.6994E-13  9.9995E-01
 4.9525E+24  2.1853E-07  1.0000E+00  1.6442E+04  8.1828E-05  1.2196E-10  1.6962E-13  9.9994E-01
 5.0451E+24  2.2639E-07  1.0000E+00  1.6477E+04  8.1828E-05  1.1755E-10  1.6930E-13  9.9994E-01
 5.1377E+24  2.3440E-07  1.0000E+00  1.6512E+04  8.1828E-05  1.1335E-10  1.6899E-13  9.9994E-01
 5.2302E+24  2.4257E-07  1.0000E+00  1.6546E+04  8.1828E-05  1.0936E-10  1.6869E-13  9.9994E-01
 5.3228E+24  2.5094E-07  1.0000E+00  1.6580E+04  8.1828E-05  1.0556E-10  1.6839E-13  9.9993E-01
 5.4154E+24  2.5951E-07  1.0000E+00  1.6613E+04  8.1828E-05  1.0192E-10  1.6809E-13  9.9993E-01
 5.5079E+24  2.6784E-07  1.0000E+00  1.6646E+04  8.1828E-05  9.8605E-11  1.6780E-13  9.9992E-01
 5.6005E+24  2.7623E-07  1.0000E+00  1.6678E+04  8.1828E-05  9.5478E-11  1.6753E-13  9.9990E-01
 5.6931E+24  2.8533E-07  1.0000E+00  1.6709E+04  8.1828E-05  9.2302E-11  1.6725E-13  9.9986E-01
 5.7856E+24  2.9471E-07  1.0000E+00  1.6740E+04  8.1828E-05  8.9242E-11  1.6698E-13  9.9977E-01
 5.8782E+24  3.0291E-07  1.0000E+00  1.6770E+04  8.1828E-05  8.6712E-11  1.6672E-13  9.9960E-01
 5.9708E+24  3.1254E-07  1.0000E+00  1.6798E+04  8.1828E-05  8.3931E-11  1.6648E-13  9.9925E-01
 6.0634E+24  3.2236E-07  1.0000E+00  1.6824E+04  8.1828E-05  8.1278E-11  1.6625E-13  9.9855E-01
 6.1559E+24  3.3094E-07  1.0000E+00  1.6848E+04  8.1828E-05  7.9083E-11  1.6606E-13  9.9721E-01
 6.2485E+24  3.4168E-07  1.0000E+00  1.6865E+04  8.1828E-05  7.6525E-11  1.6592E-13  9.9470E-01
 6.3411E+24  3.5065E-07  1.0000E+00  1.6873E+04  8.1828E-05  7.4519E-11  1.6587E-13  9.9009E-01
 6.4336E+24  3.6166E-07  1.0000E+00  1.6865E+04  8.1828E-05  7.2224E-11  1.6593E-13  9.8185E-01
 6.5262E+24  3.7157E-07  1.0000E+00  1.6832E+04  8.1828E-05  7.0322E-11  1.6623E-13  9.6760E-01
 6.6188E+24  3.8350E-07  1.0000E+00  1.6756E+04  8.1828E-05  6.8237E-11  1.6692E-13  9.4383E-01
 6.7113E+24  3.9481E-07  1.0000E+00  1.6616E+04  8.1828E-05  6.6502E-11  1.6820E-13  9.0609E-01
 6.8039E+24  4.0934E-07  1.0000E+00  1.6386E+04  8.1828E-05  6.4528E-11  1.7034E-13  8.4996E-01
 6.8965E+24  4.2335E-07  1.0000E+00  1.6041E+04  8.1828E-05  6.3008E-11  1.7364E-13  7.7331E-01
 6.9891E+24  4.4283E-07  1.0000E+00  1.5573E+04  8.1828E-05  6.1115E-11  1.7827E-13  6.7903E-01
 7.0816E+24  4.6188E-07  1.0000E+00  1.4998E+04  8.1828E-05  5.9749E-11  1.8426E-13  5.7592E-01
 7.1742E+24  4.8724E-07  1.0000E+00  1.4357E+04  8.1828E-05  5.8013E-11  1.9141E-13  4.7547E-01
 7.2668E+24  5.1214E-07  1.0000E+00  1.3700E+04  8.1828E-05  5.6701E-11  1.9930E-13  3.8682E-01
 7.3593E+24  5.4196E-07  1.0000E+00  1.3068E+04  8.1828E-05  5.5119E-11  2.0751E-13  3.1401E-01
 7.4519E+24  5.6982E-07  1.0000E+00  1.2487E+04  8.1828E-05  5.3917E-11  2.1568E-13  2.5668E-01
 7.5445E+24  6.0215E-07  1.0000E+00  1.1966E+04  8.1828E-05  5.2414E-11  2.2357E-13  2.1235E-01
 7.6371E+24  6.3024E-07  1.0000E+00  1.1506E+04  8.1828E-05  5.1357E-11  2.3105E-13  1.7807E-01
 7.7296E+24  6.6282E-07  1.0000E+00  1.1102E+04  8.1828E-05  4.9979E-11  2.3805E-13  1.5133E-01
 7.8222E+24  6.9204E-07  1.0000E+00  1.0748E+04  8.1828E-05  4.8901E-11  2.4457E-13  1.3017E-01
 7.9148E+24  7.2316E-07  1.0000E+00  1.0437E+04  8.1828E-05  4.7714E-11  2.5062E-13  1.1317E-01
 8.0073E+24  7.5353E-07  1.0000E+00  1.0162E+04  8.1828E-05  4.6612E-11  2.5623E-13  9.9307E-02
 8.0999E+24  7.8279E-07  1.0000E+00  9.9188E+03  8.1828E-05  4.5599E-11  2.6141E-13  8.7848E-02
 8.1925E+24  8.1436E-07  1.0000E+00  9.7024E+03  8.1828E-05  4.4486E-11  2.6622E-13  7.8261E-02
 8.2850E+24  8.4182E-07  1.0000E+00  9.5091E+03  8.1828E-05  4.3619E-11  2.7067E-13  7.0150E-02
 8.3776E+24  8.7441E-07  1.0000E+00  9.3355E+03  8.1828E-05  4.2518E-11  2.7481E-13  6.3225E-02
 8.4702E+24  9.0060E-07  1.0000E+00  9.1793E+03  8.1828E-05  4.1755E-11  2.7865E-13  5.7259E-02
 8.5628E+24  9.3373E-07  1.0000E+00  9.0380E+03  8.1828E-05  4.0696E-11  2.8222E-13  5.2082E-02
 8.6553E+24  9.5940E-07  1.0000E+00  8.9098E+03  8.1828E-05  3.9994E-11  2.8555E-13  4.7558E-02
 8.7479E+24  9.9246E-07  1.0000E+00  8.7931E+03  8.1828E-05  3.9009E-11  2.8865E-13  4.3581E-02
 8.8405E+24  1.0186E-06  1.0000E+00  8.6865E+03  8.1828E-05  3.8320E-11  2.9154E-13  4.0065E-02
 8.9330E+24  1.0506E-06  1.0000E+00  8.5889E+03  8.1828E-05  3.7443E-11  2.9425E-13  3.6942E-02
 9.0256E+24  1.0788E-06  1.0000E+00  8.4994E+03  8.1828E-05  3.6720E-11  2.9678E-13  3.4154E-02
 9.1182E+24  1.1082E-06  1.0000E+00  8.4169E+03  8.1828E-05  3.5986E-11  2.9915E-13  3.1655E-02
 9.2107E+24  1.1405E-06  1.0000E+00  8.3409E+03  8.1828E-05  3.5181E-11  3.0137E-13  2.9408E-02
 9.3033E+24  1.1657E-06  1.0000E+00  8.2706E+03  8.1828E-05  3.4622E-11  3.0346E-13  2.7377E-02
 9.3959E+24  1.1983E-06  1.0000E+00  8.2055E+03  8.1828E-05  3.3862E-11  3.0542E-13  2.5540E-02
 9.4885E+24  1.2290E-06  1.0000E+00  8.1450E+03  8.1828E-05  3.3178E-11  3.0727E-13  2.3869E-02
 9.5810E+24  1.2555E-06  1.0000E+00  8.0889E+03  8.1828E-05  3.2635E-11  3.0900E-13  2.2347E-02
 9.6736E+24  1.2880E-06  1.0000E+00  8.0365E+03  8.1828E-05  3.1954E-11  3.1064E-13  2.0956E-02
 9.7662E+24  1.3202E-06  1.0000E+00  7.9876E+03  8.1828E-05  3.1300E-11  3.1218E-13  1.9682E-02
 9.8587E+24  1.3461E-06  1.0000E+00  7.9420E+03  8.1828E-05  3.0820E-11  3.1364E-13  1.8514E-02
 9.9513E+24  1.3777E-06  1.0000E+00  7.8993E+03  8.1828E-05  3.0227E-11  3.1502E-13  1.7437E-02
 1.0044E+25  1.4101E-06  1.0000E+00  7.8593E+03  8.1828E-05  2.9634E-11  3.1632E-13  1.6446E-02
 1.0136E+25  1.4422E-06  1.0000E+00  7.8218E+03  8.1828E-05  2.9067E-11  3.1755E-13  1.5530E-02
 1.0229E+25  1.4695E-06  1.0000E+00  7.7865E+03  8.1828E-05  2.8613E-11  3.1872E-13  1.4682E-02
 1.0322E+25  1.5004E-06  1.0000E+00  7.7533E+03  8.1828E-05  2.8108E-11  3.1982E-13  1.3897E-02
 1.0414E+25  1.5329E-06  1.0000E+00  7.7221E+03  8.1828E-05  2.7589E-11  3.2087E-13  1.3166E-02
 1.0507E+25  1.5653E-06  1.0000E+00  7.6926E+03  8.1828E-05  2.7089E-11  3.2187E-13  1.2488E-02
 1.0599E+25  1.5977E-06  1.0000E+00  7.6648E+03  8.1828E-05  2.6605E-11  3.2281E-13  1.1856E-02
 1.0692E+25  1.6300E-06  1.0000E+00  7.6386E+03  8.1828E-05  2.6135E-11  3.2371E-13  1.1266E-02
 1.0784E+25  1.6587E-06  1.0000E+00  7.6138E+03  8.1828E-05  2.5742E-11  3.2457E-13  1.0716E-02
 1.0877E+25  1.6907E-06  1.0000E+00  7.5903E+03  8.1828E-05  2.5310E-11  3.2538E-13  1.0201E-02
 1.0970E+25  1.7236E-06  1.0000E+00  7.5680E+03  8.1828E-05  2.4876E-11  3.2615E-13  9.7189E-03
 1.1062E+25  1.7565E-06  1.0000E+00  7.5469E+03  8.1828E-05  2.4457E-11  3.2689E-13  9.2672E-03
 1.1155E+25  1.7895E-06  1.0000E+00  7.5269E+03  8.1828E-05  2.4049E-11  3.2760E-13  8.8427E-03
 1.1247E+25  1.8227E-06  1.0000E+00  7.5079E+03  8.1828E-05  2.3653E-11  3.2827E-13  8.4443E-03
 1.1340E+25  1.8559E-06  1.0000E+00  7.4898E+03  8.1828E-05  2.3267E-11  3.2891E-13  8.0698E-03
 1.1432E+25  1.8894E-06  1.0000E+00  7.4726E+03  8.1828E-05  2.2891E-11  3.2952E-13  7.7165E-03
 1.1525E+25  1.9229E-06  1.0000E+00  7.4563E+03  8.1828E-05  2.2526E-11  3.3010E-13  7.3839E-03
 1.1618E+25  1.9566E-06  1.0000E+00  7.4407E+03  8.1828E-05  2.2169E-11  3.3066E-13  7.0702E-03
 1.1710E+25  1.9905E-06  1.0000E+00  7.4258E+03  8.1828E-05  2.1821E-11  3.3120E-13  6.7740E-03
 1.1803E+25  2.0246E-06  1.0000E+00  7.4117E+03  8.1828E-05  2.1481E-11  3.3171E-13  6.4942E-03
 1.1895E+25  2.0590E-06  1.0000E+00  7.3982E+03  8.1828E-05  2.1149E-11  3.3220E-13  6.2293E-03
 1.1988E+25  2.0936E-06  1.0000E+00  7.3853E+03  8.1828E-05  2.0825E-11  3.3267E-13  5.9785E-03
 1.2080E+25  2.1284E-06  1.0000E+00  7.3730E+03  8.1828E-05  2.0507E-11  3.3312E-13  5.7416E-03
 1.2173E+25  2.1635E-06  1.0000E+00  7.3612E+03  8.1828E-05  2.0196E-11  3.3355E-13  5.5164E-03
 1.2266E+25  2.1990E-06  1.0000E+00  7.3499E+03  8.1828E-05  1.9892E-11  3.3396E-13  5.3025E-03
 1.2358E+25  2.2347E-06  1.0000E+00  7.3391E+03  8.1828E-05  1.9593E-11  3.3436E-13  5.1003E-03
 1.2451E+25  2.2709E-06  1.0000E+00  7.3288E+03  8.1828E-05  1.9300E-11  3.3474E-13  4.9076E-03
 1.2543E+25  2.3074E-06  1.0000E+00  7.3189E+03  8.1828E-05  1.9012E-11  3.3511E-13  4.7242E-03
 1.2636E+25  2.3443E-06  1.0000E+00  7.3094E+03  8.1828E-05  1.8729E-11  3.3546E-13  4.5504E-03
 1.2728E+25  2.3817E-06  1.0000E+00  7.3003E+03  8.1828E-05  1.8450E-11  3.3579E-13  4.3845E-03
 1.2821E+25  2.4161E-06  1.0000E+00  7.2916E+03  8.1828E-05  1.8209E-11  3.3612E-13  4.2265E-03
 1.2914E+25  2.4494E-06  1.0000E+00  7.2832E+03  8.1828E-05  1.7970E-11  3.3643E-13  4.0761E-03
 1.3006E+25  2.4872E-06  1.0000E+00  7.2752E+03  8.1828E-05  1.7709E-11  3.3673E-13  3.9325E-03
 1.3099E+25  2.5256E-06  1.0000E+00  7.2674E+03  8.1828E-05  1.7453E-11  3.3702E-13  3.7958E-03
 1.3191E+25  2.5645E-06  1.0000E+00  7.2600E+03  8.1828E-05  1.7200E-11  3.3730E-13  3.6646E-03
 1.3284E+25  2.6041E-06  1.0000E+00  7.2529E+03  8.1828E-05  1.6949E-11  3.3757E-13  3.5401E-03
 1.3376E+25  2.6443E-06  1.0000E+00  7.2460E+03  8.1828E-05  1.6702E-11  3.3782E-13  3.4207E-03
 1.3469E+25  2.6820E-06  1.0000E+00  7.2394E+03  8.1828E-05  1.6484E-11  3.3807E-13  3.3065E-03
 1.3562E+25  2.7123E-06  1.0000E+00  7.2330E+03  8.1828E-05  1.6305E-11  3.3831E-13  3.1972E-03
 1.3654E+25  2.7531E-06  1.0000E+00  7.2269E+03  8.1828E-05  1.6071E-11  3.3855E-13  3.0928E-03
 1.3747E+25  2.7950E-06  1.0000E+00  7.2210E+03  8.1828E-05  1.5840E-11  3.3877E-13  2.9928E-03
 1.3839E+25  2.8375E-06  1.0000E+00  7.2153E+03  8.1828E-05  1.5611E-11  3.3899E-13  2.8968E-03
 1.3932E+25  2.8808E-06  1.0000E+00  7.2098E+03  8.1828E-05  1.5384E-11  3.3919E-13  2.8050E-03
 1.4024E+25  2.9092E-06  1.0000E+00  7.2045E+03  8.1828E-05  1.5248E-11  3.3939E-13  2.7169E-03
 1.4117E+25  2.9493E-06  1.0000E+00  7.1994E+03  8.1828E-05  1.5041E-11  3.3959E-13  2.6325E-03
 1.4210E+25  2.9938E-06  1.0000E+00  7.1944E+03  8.1828E-05  1.4825E-11  3.3978E-13  2.5511E-03
 1.4302E+25  3.0394E-06  1.0000E+00  7.1897E+03  8.1828E-05  1.4609E-11  3.3996E-13  2.4734E-03
 1.4395E+25  3.0804E-06  1.0000E+00  7.1851E+03  8.1828E-05  1.4427E-11  3.4013E-13  2.3986E-03
 1.4487E+25  3.1084E-06  1.0000E+00  7.1806E+03  8.1828E-05  1.4297E-11  3.4030E-13  2.3267E-03
 1.4580E+25  3.1554E-06  1.0000E+00  7.1763E+03  8.1828E-05  1.4090E-11  3.4047E-13  2.2575E-03
 1.4672E+25  3.2033E-06  1.0000E+00  7.1722E+03  8.1828E-05  1.3884E-11  3.4063E-13  2.1912E-03
 1.4765E+25  3.2483E-06  1.0000E+00  7.1682E+03  8.1828E-05  1.3703E-11  3.4078E-13  2.1275E-03
 1.4858E+25  3.2733E-06  1.0000E+00  7.1643E+03  8.1828E-05  1.3598E-11  3.4093E-13  2.0657E-03
 1.4950E+25  3.3229E-06  1.0000E+00  7.1606E+03  8.1828E-05  1.3399E-11  3.4107E-13  2.0066E-03
 1.5043E+25  3.3739E-06  1.0000E+00  7.1569E+03  8.1828E-05  1.3201E-11  3.4121E-13  1.9494E-03
 1.5135E+25  3.4127E-06  1.0000E+00  7.1534E+03  8.1828E-05  1.3062E-11  3.4135E-13  1.8948E-03
 1.5228E+25  3.4448E-06  1.0000E+00  7.1500E+03  8.1828E-05  1.2938E-11  3.4148E-13  1.8417E-03
 1.5320E+25  3.4978E-06  1.0000E+00  7.1467E+03  8.1828E-05  1.2746E-11  3.4161E-13  1.7906E-03
 1.5413E+25  3.5522E-06  1.0000E+00  7.1435E+03  8.1828E-05  1.2555E-11  3.4173E-13  1.7416E-03
 1.5506E+25  3.5726E-06  1.0000E+00  7.1404E+03  8.1828E-05  1.2493E-11  3.4185E-13  1.6940E-03
 1.5598E+25  3.6245E-06  1.0000E+00  7.1374E+03  8.1828E-05  1.2311E-11  3.4197E-13  1.6485E-03
 1.5691E+25  3.6814E-06  1.0000E+00  7.1345E+03  8.1828E-05  1.2124E-11  3.4208E-13  1.6040E-03
 1.5783E+25  3.7128E-06  1.0000E+00  7.1317E+03  8.1828E-05  1.2032E-11  3.4219E-13  1.5614E-03
 1.5876E+25  3.7545E-06  1.0000E+00  7.1289E+03  8.1828E-05  1.1894E-11  3.4229E-13  1.5204E-03
 1.5968E+25  3.8140E-06  1.0000E+00  7.1263E+03  8.1828E-05  1.1712E-11  3.4240E-13  1.4804E-03
 1.6061E+25  3.8518E-06  1.0000E+00  7.1237E+03  8.1828E-05  1.1607E-11  3.4250E-13  1.4421E-03
 1.6154E+25  3.8881E-06  1.0000E+00  7.1212E+03  8.1828E-05  1.1494E-11  3.4259E-13  1.4048E-03
 1.6246E+25  3.9506E-06  1.0000E+00  7.1188E+03  8.1828E-05  1.1315E-11  3.4269E-13  1.3689E-03
 1.6339E+25  3.9891E-06  1.0000E+00  7.1164E+03  8.1828E-05  1.1215E-11  3.4278E-13  1.3343E-03
 1.6431E+25  4.0259E-06  1.0000E+00  7.1141E+03  8.1828E-05  1.1108E-11  3.4287E-13  1.3005E-03
 1.6524E+25  4.0916E-06  1.0000E+00  7.1119E+03  8.1828E-05  1.0932E-11  3.4296E-13  1.2681E-03
 1.6616E+25  4.1245E-06  1.0000E+00  7.1097E+03  8.1828E-05  1.0854E-11  3.4304E-13  1.2366E-03
 1.6709E+25  4.1684E-06  1.0000E+00  7.1076E+03  8.1828E-05  1.0735E-11  3.4312E-13  1.2061E-03
 1.6802E+25  4.2376E-06  1.0000E+00  7.1056E+03  8.1828E-05  1.0562E-11  3.4320E-13  1.1768E-03
 1.6894E+25  4.2578E-06  1.0000E+00  7.1036E+03  8.1828E-05  1.0520E-11  3.4328E-13  1.1481E-03
 1.6987E+25  4.3162E-06  1.0000E+00  7.1016E+03  8.1828E-05  1.0373E-11  3.4335E-13  1.1202E-03
 1.7079E+25  4.3822E-06  1.0000E+00  7.0998E+03  8.1828E-05  1.0225E-11  3.4343E-13  1.0937E-03
 1.7172E+25  4.3956E-06  1.0000E+00  7.0979E+03  8.1828E-05  1.0190E-11  3.4350E-13  1.0676E-03
 1.7264E+25  4.4698E-06  1.0000E+00  7.0961E+03  8.1828E-05  1.0022E-11  3.4357E-13  1.0423E-03
 1.7357E+25  4.5129E-06  1.0000E+00  7.0944E+03  8.1828E-05  9.9343E-12  3.4364E-13  1.0180E-03
 1.7450E+25  4.5510E-06  1.0000E+00  7.0927E+03  8.1828E-05  9.8463E-12  3.4370E-13  9.9421E-04
 1.7542E+25  4.6300E-06  1.0000E+00  7.0911E+03  8.1828E-05  9.6798E-12  3.4377E-13  9.7117E-04
 1.7635E+25  4.6407E-06  1.0000E+00  7.0895E+03  8.1828E-05  9.6654E-12  3.4383E-13  9.4908E-04
 1.7727E+25  4.7135E-06  1.0000E+00  7.0879E+03  8.1828E-05  9.5110E-12  3.4389E-13  9.2735E-04
 1.7820E+25  4.7645E-06  1.0000E+00  7.0864E+03  8.1828E-05  9.4170E-12  3.4395E-13  9.0618E-04
 1.7912E+25  4.7982E-06  1.0000E+00  7.0849E+03  8.1828E-05  9.3459E-12  3.4401E-13  8.8595E-04
 1.8005E+25  4.8837E-06  1.0000E+00  7.0835E+03  8.1828E-05  9.1835E-12  3.4406E-13  8.6612E-04
 1.8097E+25  4.8885E-06  1.0000E+00  7.0821E+03  8.1828E-05  9.1818E-12  3.4412E-13  8.4677E-04
 1.8190E+25  4.9710E-06  1.0000E+00  7.0807E+03  8.1828E-05  9.0245E-12  3.4417E-13  8.2821E-04
 1.8283E+25  5.0116E-06  9.9999E-01  7.0794E+03  8.1828E-05  8.9587E-12  3.4422E-13  8.1004E-04
 1.8375E+25  5.0596E-06  9.9999E-01  7.0781E+03  8.1828E-05  8.8687E-12  3.4428E-13  7.9223E-04
 1.8468E+25  5.1348E-06  9.9999E-01  7.0768E+03  8.1828E-05  8.7458E-12  3.4432E-13  7.7519E-04
 1.8560E+25  5.1493E-06  9.9999E-01  7.0756E+03  8.1828E-05  8.7163E-12  3.4437E-13  7.5860E-04
 1.8653E+25  5.2446E-06  9.9999E-01  7.0744E+03  8.1828E-05  8.5587E-12  3.4442E-13  7.4228E-04
 1.8745E+25  5.2535E-06  9.9999E-01  7.0732E+03  8.1828E-05  8.5513E-12  3.4447E-13  7.2643E-04
 1.8838E+25  5.3378E-06  9.9999E-01  7.0720E+03  8.1828E-05  8.4113E-12  3.4451E-13  7.1121E-04
 1.8931E+25  5.3757E-06  9.9999E-01  7.0709E+03  8.1828E-05  8.3588E-12  3.4456E-13  6.9628E-04
 1.9023E+25  5.4326E-06  9.9999E-01  7.0698E+03  8.1828E-05  8.2663E-12  3.4460E-13  6.8164E-04
 1.9116E+25  5.4977E-06  9.9999E-01  7.0687E+03  8.1828E-05  8.1750E-12  3.4464E-13  6.6763E-04
 1.9208E+25  5.5286E-06  9.9999E-01  7.0677E+03  8.1828E-05  8.1243E-12  3.4468E-13  6.5388E-04
 1.9301E+25  5.6197E-06  9.9999E-01  7.0667E+03  8.1828E-05  7.9990E-12  3.4472E-13  6.4037E-04
 1.9393E+25  5.6262E-06  9.9999E-01  7.0657E+03  8.1828E-05  7.9850E-12  3.4476E-13  6.2731E-04
 1.9486E+25  5.7362E-06  9.9999E-01  7.0647E+03  8.1828E-05  7.8323E-12  3.4480E-13  6.1475E-04
 1.9579E+25  5.7306E-06  9.9999E-01  7.0638E+03  8.1828E-05  7.8464E-12  3.4484E-13  6.0237E-04
 1.9671E+25  5.8385E-06  9.9999E-01  7.0628E+03  8.1828E-05  7.6966E-12  3.4487E-13  5.9019E-04
 1.9764E+25  5.8510E-06  9.9999E-01  7.0619E+03  8.1828E-05  7.6864E-12  3.4491E-13  5.7848E-04
 1.9856E+25  5.9427E-06  9.9999E-01  7.0610E+03  8.1828E-05  7.5628E-12  3.4495E-13  5.6712E-04
 1.9949E+25  5.9711E-06  9.9999E-01  7.0602E+03  8.1828E-05  7.5331E-12  3.4498E-13  5.5592E-04
 2.0041E+25  6.0489E-06  9.9999E-01  7.0593E+03  8.1828E-05  7.4313E-12  3.4501E-13  5.4497E-04
 2.0134E+25  6.0908E-06  9.9999E-01  7.0585E+03  8.1828E-05  7.3862E-12  3.4505E-13  5.3447E-04
 2.0227E+25  6.1570E-06  9.9999E-01  7.0577E+03  8.1828E-05  7.3019E-12  3.4508E-13  5.2417E-04
 2.0319E+25  6.2103E-06  9.9999E-01  7.0569E+03  8.1828E-05  7.2452E-12  3.4511E-13  5.1400E-04
 2.0412E+25  6.2674E-06  9.9999E-01  7.0561E+03  8.1828E-05  7.1744E-12  3.4514E-13  5.0411E-04
 2.0504E+25  6.3295E-06  9.9999E-01  7.0553E+03  8.1828E-05  7.1099E-12  3.4517E-13  4.9463E-04
 2.0597E+25  6.3800E-06  9.9999E-01  7.0546E+03  8.1828E-05  7.0487E-12  3.4520E-13  4.8532E-04
 2.0689E+25  6.4483E-06  9.9999E-01  7.0539E+03  8.1828E-05  6.9799E-12  3.4523E-13  4.7611E-04
 2.0782E+25  6.4950E-06  9.9999E-01  7.0532E+03  8.1828E-05  6.9248E-12  3.4526E-13  4.6714E-04
 2.0875E+25  6.5666E-06  9.9999E-01  7.0525E+03  8.1828E-05  6.8551E-12  3.4528E-13  4.5854E-04
 2.0967E+25  6.6126E-06  9.9999E-01  7.0518E+03  8.1828E-05  6.8025E-12  3.4531E-13  4.5008E-04
 2.1060E+25  6.6844E-06  9.9999E-01  7.0511E+03  8.1828E-05  6.7351E-12  3.4534E-13  4.4173E-04
 2.1152E+25  6.7329E-06  9.9999E-01  7.0505E+03  8.1828E-05  6.6818E-12  3.4536E-13  4.3359E-04
 2.1245E+25  6.8017E-06  9.9999E-01  7.0498E+03  8.1828E-05  6.6198E-12  3.4539E-13  4.2578E-04
 2.1337E+25  6.8561E-06  9.9999E-01  7.0492E+03  8.1828E-05  6.5625E-12  3.4541E-13  4.1809E-04
 2.1430E+25  6.9183E-06  9.9999E-01  7.0486E+03  8.1828E-05  6.5090E-12  3.4544E-13  4.1049E-04
 2.1523E+25  6.9823E-06  9.9999E-01  7.0480E+03  8.1828E-05  6.4446E-12  3.4546E-13  4.0305E-04
 2.1615E+25  7.0343E-06  9.9999E-01  7.0474E+03  8.1828E-05  6.4023E-12  3.4548E-13  3.9595E-04
 2.1708E+25  7.1117E-06  9.9999E-01  7.0468E+03  8.1828E-05  6.3280E-12  3.4551E-13  3.8897E-04
 2.1800E+25  7.1497E-06  9.9999E-01  7.0463E+03  8.1828E-05  6.2997E-12  3.4553E-13  3.8206E-04
 2.1893E+25  7.2444E-06  9.9999E-01  7.0457E+03  8.1828E-05  6.2127E-12  3.4555E-13  3.7526E-04
 2.1985E+25  7.2644E-06  9.9999E-01  7.0452E+03  8.1828E-05  6.2009E-12  3.4557E-13  3.6873E-04
 2.2078E+25  7.3806E-06  9.9999E-01  7.0446E+03  8.1828E-05  6.0987E-12  3.4559E-13  3.6238E-04
 2.2171E+25  7.3784E-06  9.9999E-01  7.0441E+03  8.1828E-05  6.1057E-12  3.4561E-13  3.5612E-04
 2.2263E+25  7.5203E-06  9.9999E-01  7.0436E+03  8.1828E-05  5.9860E-12  3.4563E-13  3.4992E-04
 2.2356E+25  7.4916E-06  9.9999E-01  7.0431E+03  8.1828E-05  6.0140E-12  3.4565E-13  3.4389E-04
 2.2448E+25  7.6418E-06  9.9999E-01  7.0426E+03  8.1828E-05  5.8961E-12  3.4567E-13  3.3809E-04
 2.2541E+25  7.6261E-06  9.9999E-01  7.0421E+03  8.1828E-05  5.9037E-12  3.4569E-13  3.3239E-04
 2.2633E+25  7.7548E-06  9.9999E-01  7.0417E+03  8.1828E-05  5.8108E-12  3.4571E-13  3.2671E-04
 2.2726E+25  7.7723E-06  9.9999E-01  7.0412E+03  8.1828E-05  5.7931E-12  3.4573E-13  3.2118E-04
 2.2819E+25  7.8669E-06  9.9999E-01  7.0407E+03  8.1828E-05  5.7285E-12  3.4575E-13  3.1584E-04
 2.2911E+25  7.9226E-06  9.9999E-01  7.0403E+03  8.1828E-05  5.6837E-12  3.4576E-13  3.1065E-04
 2.3004E+25  7.9781E-06  9.9999E-01  7.0399E+03  8.1828E-05  5.6491E-12  3.4578E-13  3.0550E-04
 2.3096E+25  8.0772E-06  9.9999E-01  7.0394E+03  8.1828E-05  5.5754E-12  3.4580E-13  3.0039E-04
 2.3189E+25  8.0885E-06  9.9999E-01  7.0390E+03  8.1828E-05  5.5724E-12  3.4581E-13  2.9542E-04
 2.3281E+25  8.2363E-06  9.9999E-01  7.0386E+03  8.1828E-05  5.4681E-12  3.4583E-13  2.9065E-04
 2.3374E+25  8.1980E-06  9.9999E-01  7.0382E+03  8.1828E-05  5.4984E-12  3.4585E-13  2.8597E-04
 2.3467E+25  8.3548E-06  9.9999E-01  7.0378E+03  8.1828E-05  5.3955E-12  3.4586E-13  2.8133E-04
 2.3559E+25  8.3520E-06  9.9999E-01  7.0374E+03  8.1828E-05  5.3928E-12  3.4588E-13  2.7674E-04
 2.3652E+25  8.4634E-06  9.9999E-01  7.0370E+03  8.1828E-05  5.3267E-12  3.4589E-13  2.7228E-04
 2.3744E+25  8.5196E-06  9.9999E-01  7.0366E+03  8.1828E-05  5.2872E-12  3.4591E-13  2.6799E-04
 2.3837E+25  8.5711E-06  9.9999E-01  7.0363E+03  8.1828E-05  5.2601E-12  3.4592E-13  2.6376E-04
 2.3929E+25  8.6921E-06  9.9999E-01  7.0359E+03  8.1828E-05  5.1826E-12  3.4594E-13  2.5956E-04
 2.4022E+25  8.6782E-06  9.9999E-01  7.0356E+03  8.1828E-05  5.1955E-12  3.4595E-13  2.5543E-04
 2.4115E+25  8.8395E-06  9.9999E-01  7.0352E+03  8.1828E-05  5.1009E-12  3.4597E-13  2.5142E-04
 2.4207E+25  8.8144E-06  9.9999E-01  7.0349E+03  8.1828E-05  5.1111E-12  3.4598E-13  2.4755E-04
 2.4300E+25  8.9453E-06  9.9999E-01  7.0345E+03  8.1828E-05  5.0409E-12  3.4599E-13  2.4373E-04
 2.4392E+25  8.9968E-06  9.9999E-01  7.0342E+03  8.1828E-05  5.0078E-12  3.4601E-13  2.3993E-04
 2.4485E+25  9.0501E-06  9.9999E-01  7.0339E+03  8.1828E-05  4.9829E-12  3.4602E-13  2.3618E-04
 2.4577E+25  9.1846E-06  9.9999E-01  7.0335E+03  8.1828E-05  4.9057E-12  3.4603E-13  2.3255E-04
 2.4670E+25  9.1542E-06  9.9999E-01  7.0332E+03  8.1828E-05  4.9264E-12  3.4604E-13  2.2905E-04
 2.4763E+25  9.3194E-06  9.9999E-01  7.0329E+03  8.1828E-05  4.8393E-12  3.4606E-13  2.2561E-04
 2.4855E+25  9.3160E-06  9.9999E-01  7.0326E+03  8.1828E-05  4.8368E-12  3.4607E-13  2.2218E-04
 2.4948E+25  9.4220E-06  9.9999E-01  7.0323E+03  8.1828E-05  4.7869E-12  3.4608E-13  2.1878E-04
 2.5040E+25  9.5148E-06  9.9999E-01  7.0320E+03  8.1828E-05  4.7361E-12  3.4609E-13  2.1547E-04
 2.5133E+25  9.5237E-06  9.9999E-01  7.0318E+03  8.1828E-05  4.7359E-12  3.4610E-13  2.1228E-04
 2.5225E+25  9.6927E-06  9.9999E-01  7.0315E+03  8.1828E-05  4.6535E-12  3.4611E-13  2.0917E-04
 2.5318E+25  9.6519E-06  9.9999E-01  7.0312E+03  8.1828E-05  4.6692E-12  3.4612E-13  2.0607E-04
 2.5411E+25  9.7929E-06  9.9999E-01  7.0309E+03  8.1828E-05  4.6062E-12  3.4614E-13  2.0300E-04
 2.5503E+25  9.8630E-06  9.9999E-01  7.0306E+03  8.1828E-05  4.5695E-12  3.4615E-13  1.9998E-04
 2.5596E+25  9.8922E-06  9.9999E-01  7.0304E+03  8.1828E-05  4.5602E-12  3.4616E-13  1.9707E-04
 2.5688E+25  1.0064E-05  9.9999E-01  7.0301E+03  8.1828E-05  4.4821E-12  3.4617E-13  1.9424E-04
 2.5781E+25  1.0007E-05  9.9999E-01  7.0299E+03  8.1828E-05  4.5042E-12  3.4618E-13  1.9143E-04
 2.5873E+25  1.0162E-05  9.9999E-01  7.0296E+03  8.1828E-05  4.4393E-12  3.4619E-13  1.8864E-04
 2.5966E+25  1.0231E-05  9.9999E-01  7.0294E+03  8.1828E-05  4.4057E-12  3.4620E-13  1.8589E-04
 2.6059E+25  1.0259E-05  9.9999E-01  7.0291E+03  8.1828E-05  4.3976E-12  3.4621E-13  1.8323E-04
 2.6151E+25  1.0434E-05  9.9999E-01  7.0289E+03  8.1828E-05  4.3238E-12  3.4622E-13  1.8063E-04
 2.6244E+25  1.0383E-05  9.9999E-01  7.0287E+03  8.1828E-05  4.3416E-12  3.4622E-13  1.7811E-04
 2.6336E+25  1.0529E-05  9.9999E-01  7.0284E+03  8.1828E-05  4.2850E-12  3.4623E-13  1.7558E-04
 2.6429E+25  1.0620E-05  9.9999E-01  7.0282E+03  8.1828E-05  4.2445E-12  3.4624E-13  1.7307E-04
 2.6521E+25  1.0624E-05  9.9999E-01  7.0280E+03  8.1828E-05  4.2471E-12  3.4625E-13  1.7060E-04
 2.6614E+25  1.0802E-05  9.9999E-01  7.0277E+03  8.1828E-05  4.1774E-12  3.4626E-13  1.6822E-04
 2.6707E+25  1.0782E-05  9.9999E-01  7.0275E+03  8.1828E-05  4.1811E-12  3.4627E-13  1.6593E-04
 2.6799E+25  1.0894E-05  9.9999E-01  7.0273E+03  8.1828E-05  4.1421E-12  3.4628E-13  1.6364E-04
 2.6892E+25  1.1034E-05  9.9999E-01  7.0271E+03  8.1828E-05  4.0857E-12  3.4629E-13  1.6137E-04
 2.6984E+25  1.0986E-05  9.9999E-01  7.0269E+03  8.1828E-05  4.1075E-12  3.4629E-13  1.5912E-04
 2.7077E+25  1.1166E-05  9.9999E-01  7.0267E+03  8.1828E-05  4.0415E-12  3.4630E-13  1.5690E-04
 2.7169E+25  1.1206E-05  9.9999E-01  7.0265E+03  8.1828E-05  4.0231E-12  3.4631E-13  1.5477E-04
 2.7262E+25  1.1256E-05  9.9999E-01  7.0263E+03  8.1828E-05  4.0094E-12  3.4632E-13  1.5270E-04
 2.7355E+25  1.1439E-05  9.9999E-01  7.0261E+03  8.1828E-05  3.9452E-12  3.4633E-13  1.5065E-04
 2.7447E+25  1.1381E-05  9.9999E-01  7.0259E+03  8.1828E-05  3.9614E-12  3.4633E-13  1.4861E-04
 2.7540E+25  1.1527E-05  9.9999E-01  7.0257E+03  8.1828E-05  3.9153E-12  3.4634E-13  1.4658E-04
 2.7632E+25  1.1658E-05  9.9999E-01  7.0255E+03  8.1828E-05  3.8675E-12  3.4635E-13  1.4459E-04
 2.7725E+25  1.1614E-05  9.9999E-01  7.0254E+03  8.1828E-05  3.8858E-12  3.4636E-13  1.4267E-04
 2.7817E+25  1.1799E-05  9.9999E-01  7.0252E+03  8.1828E-05  3.8252E-12  3.4636E-13  1.4080E-04
 2.7910E+25  1.1846E-05  9.9999E-01  7.0250E+03  8.1828E-05  3.8062E-12  3.4637E-13  1.3896E-04
 2.8003E+25  1.1884E-05  9.9999E-01  7.0248E+03  8.1828E-05  3.7978E-12  3.4638E-13  1.3710E-04
 2.8095E+25  1.2072E-05  9.9999E-01  7.0247E+03  8.1828E-05  3.7389E-12  3.4638E-13  1.3528E-04
 2.8188E+25  1.2039E-05  9.9999E-01  7.0245E+03  8.1828E-05  3.7455E-12  3.4639E-13  1.3348E-04
 2.8280E+25  1.2155E-05  9.9999E-01  7.0243E+03  8.1828E-05  3.7134E-12  3.4640E-13  1.3175E-04
 2.8373E+25  1.2340E-05  9.9999E-01  7.0242E+03  8.1828E-05  3.6560E-12  3.4640E-13  1.3006E-04
 2.8465E+25  1.2242E-05  9.9999E-01  7.0240E+03  8.1828E-05  3.6855E-12  3.4641E-13  1.2840E-04
 2.8558E+25  1.2427E-05  9.9999E-01  7.0238E+03  8.1828E-05  3.6323E-12  3.4642E-13  1.2673E-04
 2.8651E+25  1.2549E-05  9.9999E-01  7.0237E+03  8.1828E-05  3.5934E-12  3.4642E-13  1.2509E-04
 2.8743E+25  1.2508E-05  9.9999E-01  7.0235E+03  8.1828E-05  3.6088E-12  3.4643E-13  1.2345E-04
 2.8836E+25  1.2699E-05  9.9999E-01  7.0234E+03  8.1828E-05  3.5546E-12  3.4643E-13  1.2188E-04
 2.8928E+25  1.2762E-05  9.9999E-01  7.0232E+03  8.1828E-05  3.5336E-12  3.4644E-13  1.2034E-04
 2.9021E+25  1.2778E-05  9.9999E-01  7.0231E+03  8.1828E-05  3.5326E-12  3.4645E-13  1.1885E-04
 2.9113E+25  1.2972E-05  9.9999E-01  7.0229E+03  8.1828E-05  3.4800E-12  3.4645E-13  1.1735E-04
 2.9206E+25  1.2981E-05  9.9999E-01  7.0228E+03  8.1828E-05  3.4742E-12  3.4646E-13  1.1586E-04
 2.9299E+25  1.3049E-05  9.9999E-01  7.0227E+03  8.1828E-05  3.4596E-12  3.4646E-13  1.1438E-04
 2.9391E+25  1.3245E-05  9.9999E-01  7.0225E+03  8.1828E-05  3.4085E-12  3.4647E-13  1.1294E-04
 2.9484E+25  1.3206E-05  9.9999E-01  7.0224E+03  8.1828E-05  3.4150E-12  3.4647E-13  1.1153E-04
 2.9576E+25  1.3319E-05  9.9999E-01  7.0222E+03  8.1828E-05  3.3894E-12  3.4648E-13  1.1017E-04
 2.9669E+25  1.3518E-05  9.9999E-01  7.0221E+03  8.1828E-05  3.3397E-12  3.4649E-13  1.0883E-04
 2.9761E+25  1.3439E-05  9.9999E-01  7.0220E+03  8.1828E-05  3.3562E-12  3.4649E-13  1.0749E-04
 2.9854E+25  1.3590E-05  9.9999E-01  7.0218E+03  8.1828E-05  3.3220E-12  3.4650E-13  1.0615E-04
 2.9947E+25  1.3789E-05  9.9999E-01  7.0217E+03  8.1828E-05  3.2736E-12  3.4650E-13  1.0483E-04
 3.0039E+25  1.3680E-05  9.9999E-01  7.0216E+03  8.1828E-05  3.2975E-12  3.4651E-13  1.0354E-04
 3.0132E+25  1.3861E-05  9.9999E-01  7.0215E+03  8.1828E-05  3.2571E-12  3.4651E-13  1.0229E-04
 3.0224E+25  1.4055E-05  9.9999E-01  7.0213E+03  8.1828E-05  3.2101E-12  3.4652E-13  1.0108E-04
 3.0317E+25  1.3935E-05  9.9999E-01  7.0212E+03  8.1828E-05  3.2391E-12  3.4652E-13  9.9865E-05
 3.0409E+25  1.4133E-05  9.9999E-01  7.0211E+03  8.1828E-05  3.1948E-12  3.4653E-13  9.8663E-05
 3.0502E+25  1.4316E-05  9.9999E-01  7.0210E+03  8.1828E-05  3.1508E-12  3.4653E-13  9.7464E-05
 3.0594E+25  1.4202E-05  9.9999E-01  7.0209E+03  8.1828E-05  3.1790E-12  3.4653E-13  9.6278E-05
 3.0687E+25  1.4404E-05  9.9999E-01  7.0208E+03  8.1828E-05  3.1347E-12  3.4654E-13  9.5131E-05
 3.0780E+25  1.4584E-05  9.9999E-01  7.0206E+03  8.1828E-05  3.0930E-12  3.4654E-13  9.4004E-05
 3.0872E+25  1.4472E-05  9.9999E-01  7.0205E+03  8.1828E-05  3.1200E-12  3.4655E-13  9.2920E-05
 3.0965E+25  1.4674E-05  9.9999E-01  7.0204E+03  8.1828E-05  3.0770E-12  3.4655E-13  9.1837E-05
 3.1057E+25  1.4861E-05  9.9999E-01  7.0203E+03  8.1828E-05  3.0354E-12  3.4656E-13  9.0748E-05
 3.1150E+25  1.4741E-05  9.9999E-01  7.0202E+03  8.1828E-05  3.0632E-12  3.4656E-13  8.9672E-05
 3.1242E+25  1.4945E-05  9.9999E-01  7.0201E+03  8.1828E-05  3.0213E-12  3.4657E-13  8.8603E-05
 3.1335E+25  1.5145E-05  9.9998E-01  7.0200E+03  8.1828E-05  2.9794E-12  3.4657E-13  8.7572E-05
 3.1428E+25  1.5011E-05  9.9998E-01  7.0199E+03  8.1828E-05  3.0071E-12  3.4657E-13  8.6560E-05
 3.1520E+25  1.5215E-05  9.9998E-01  7.0198E+03  8.1828E-05  2.9677E-12  3.4658E-13  8.5585E-05
 3.1613E+25  1.5425E-05  9.9998E-01  7.0197E+03  8.1828E-05  2.9270E-12  3.4658E-13  8.4607E-05
 3.1705E+25  1.5296E-05  9.9998E-01  7.0196E+03  8.1828E-05  2.9496E-12  3.4659E-13  8.3635E-05
 3.1798E+25  1.5486E-05  9.9998E-01  7.0195E+03  8.1828E-05  2.9160E-12  3.4659E-13  8.2670E-05
 3.1890E+25  1.5699E-05  9.9998E-01  7.0194E+03  8.1828E-05  2.8765E-12  3.4659E-13  8.1702E-05
 3.1983E+25  1.5597E-05  9.9998E-01  7.0193E+03  8.1828E-05  2.8924E-12  3.4660E-13  8.0765E-05
 3.2076E+25  1.5755E-05  9.9998E-01  7.0192E+03  8.1828E-05  2.8662E-12  3.4660E-13  7.9849E-05
 3.2168E+25  1.5970E-05  9.9998E-01  7.0191E+03  8.1828E-05  2.8277E-12  3.4660E-13  7.8967E-05
 3.2261E+25  1.5911E-05  9.9998E-01  7.0190E+03  8.1828E-05  2.8353E-12  3.4661E-13  7.8095E-05
 3.2353E+25  1.6025E-05  9.9998E-01  7.0189E+03  8.1828E-05  2.8181E-12  3.4661E-13  7.7222E-05
 3.2446E+25  1.6241E-05  9.9998E-01  7.0188E+03  8.1828E-05  2.7806E-12  3.4662E-13  7.6347E-05
 3.2538E+25  1.6236E-05  9.9998E-01  7.0187E+03  8.1828E-05  2.7786E-12  3.4662E-13  7.5483E-05
 3.2631E+25  1.6293E-05  9.9998E-01  7.0187E+03  8.1828E-05  2.7716E-12  3.4662E-13  7.4629E-05
 3.2724E+25  1.6510E-05  9.9998E-01  7.0186E+03  8.1828E-05  2.7353E-12  3.4663E-13  7.3798E-05
 3.2816E+25  1.6574E-05  9.9998E-01  7.0185E+03  8.1828E-05  2.7220E-12  3.4663E-13  7.2987E-05
 3.2909E+25  1.6562E-05  9.9998E-01  7.0184E+03  8.1828E-05  2.7267E-12  3.4663E-13  7.2202E-05
 3.3001E+25  1.6779E-05  9.9998E-01  7.0183E+03  8.1828E-05  2.6915E-12  3.4664E-13  7.1421E-05
 3.3094E+25  1.6924E-05  9.9998E-01  7.0182E+03  8.1828E-05  2.6658E-12  3.4664E-13  7.0636E-05
 3.3186E+25  1.6830E-05  9.9998E-01  7.0182E+03  8.1828E-05  2.6835E-12  3.4664E-13  6.9859E-05
 3.3279E+25  1.7048E-05  9.9998E-01  7.0181E+03  8.1828E-05  2.6491E-12  3.4665E-13  6.9080E-05
 3.3372E+25  1.7268E-05  9.9998E-01  7.0180E+03  8.1828E-05  2.6149E-12  3.4665E-13  6.8321E-05
 3.3464E+25  1.7114E-05  9.9998E-01  7.0179E+03  8.1828E-05  2.6367E-12  3.4665E-13  6.7585E-05
 3.3557E+25  1.7316E-05  9.9998E-01  7.0178E+03  8.1828E-05  2.6081E-12  3.4665E-13  6.6862E-05
 3.3649E+25  1.7541E-05  9.9998E-01  7.0178E+03  8.1828E-05  2.5747E-12  3.4666E-13  6.6163E-05
 3.3742E+25  1.7484E-05  9.9998E-01  7.0177E+03  8.1828E-05  2.5805E-12  3.4666E-13  6.5457E-05
 3.3834E+25  1.7584E-05  9.9998E-01  7.0176E+03  8.1828E-05  2.5684E-12  3.4666E-13  6.4755E-05
 3.3927E+25  1.7809E-05  9.9998E-01  7.0176E+03  8.1828E-05  2.5361E-12  3.4667E-13  6.4057E-05
 3.4020E+25  1.7871E-05  9.9998E-01  7.0175E+03  8.1828E-05  2.5247E-12  3.4667E-13  6.3364E-05
 3.4112E+25  1.7852E-05  9.9998E-01  7.0174E+03  8.1828E-05  2.5300E-12  3.4667E-13  6.2686E-05
 3.4205E+25  1.8077E-05  9.9998E-01  7.0173E+03  8.1828E-05  2.4985E-12  3.4668E-13  6.2020E-05
 3.4297E+25  1.8272E-05  9.9998E-01  7.0173E+03  8.1828E-05  2.4692E-12  3.4668E-13  6.1380E-05
 3.4390E+25  1.8117E-05  9.9998E-01  7.0172E+03  8.1828E-05  2.4931E-12  3.4668E-13  6.0753E-05
 3.4482E+25  1.8344E-05  9.9998E-01  7.0171E+03  8.1828E-05  2.4622E-12  3.4668E-13  6.0120E-05
 3.4575E+25  1.8575E-05  9.9998E-01  7.0171E+03  8.1828E-05  2.4316E-12  3.4669E-13  5.9492E-05
 3.4668E+25  1.8495E-05  9.9998E-01  7.0170E+03  8.1828E-05  2.4395E-12  3.4669E-13  5.8861E-05
 3.4760E+25  1.8611E-05  9.9998E-01  7.0169E+03  8.1828E-05  2.4269E-12  3.4669E-13  5.8240E-05
 3.4853E+25  1.8841E-05  9.9998E-01  7.0169E+03  8.1828E-05  2.3973E-12  3.4669E-13  5.7629E-05
 3.4945E+25  1.8925E-05  9.9998E-01  7.0168E+03  8.1828E-05  2.3842E-12  3.4670E-13  5.7036E-05
 3.5038E+25  1.8877E-05  9.9998E-01  7.0167E+03  8.1828E-05  2.3928E-12  3.4670E-13  5.6454E-05
 3.5130E+25  1.9108E-05  9.9998E-01  7.0167E+03  8.1828E-05  2.3638E-12  3.4670E-13  5.5890E-05
 3.5223E+25  1.9342E-05  9.9998E-01  7.0166E+03  8.1828E-05  2.3350E-12  3.4670E-13  5.5328E-05
 3.5316E+25  1.9169E-05  9.9998E-01  7.0165E+03  8.1828E-05  2.3542E-12  3.4671E-13  5.4764E-05
 3.5408E+25  1.9375E-05  9.9998E-01  7.0165E+03  8.1828E-05  2.3314E-12  3.4671E-13  5.4199E-05
 3.5501E+25  1.9610E-05  9.9998E-01  7.0164E+03  8.1828E-05  2.3034E-12  3.4671E-13  5.3642E-05
 3.5593E+25  1.9625E-05  9.9998E-01  7.0164E+03  8.1828E-05  2.2991E-12  3.4671E-13  5.3084E-05
 3.5686E+25  1.9640E-05  9.9998E-01  7.0163E+03  8.1828E-05  2.3000E-12  3.4672E-13  5.2550E-05
 3.5778E+25  1.9876E-05  9.9998E-01  7.0162E+03  8.1828E-05  2.2726E-12  3.4672E-13  5.2020E-05
 3.5871E+25  2.0102E-05  9.9998E-01  7.0162E+03  8.1828E-05  2.2454E-12  3.4672E-13  5.1516E-05
 3.5964E+25  1.9903E-05  9.9998E-01  7.0161E+03  8.1828E-05  2.2688E-12  3.4672E-13  5.1012E-05
 3.6056E+25  2.0141E-05  9.9998E-01  7.0161E+03  8.1828E-05  2.2427E-12  3.4673E-13  5.0503E-05
 3.6149E+25  2.0381E-05  9.9998E-01  7.0160E+03  8.1828E-05  2.2163E-12  3.4673E-13  5.0001E-05
 3.6241E+25  2.0380E-05  9.9998E-01  7.0160E+03  8.1828E-05  2.2141E-12  3.4673E-13  4.9499E-05
 3.6334E+25  2.0405E-05  9.9998E-01  7.0159E+03  8.1828E-05  2.2138E-12  3.4673E-13  4.8996E-05
 3.6426E+25  2.0646E-05  9.9998E-01  7.0159E+03  8.1828E-05  2.1879E-12  3.4673E-13  4.8510E-05
 3.6519E+25  2.0883E-05  9.9998E-01  7.0158E+03  8.1828E-05  2.1622E-12  3.4674E-13  4.8029E-05
 3.6612E+25  2.0674E-05  9.9998E-01  7.0157E+03  8.1828E-05  2.1835E-12  3.4674E-13  4.7562E-05
 3.6704E+25  2.0911E-05  9.9998E-01  7.0157E+03  8.1828E-05  2.1602E-12  3.4674E-13  4.7112E-05
 3.6797E+25  2.1155E-05  9.9998E-01  7.0157E+03  8.1828E-05  2.1353E-12  3.4674E-13  4.6661E-05
 3.6889E+25  2.1193E-05  9.9998E-01  7.0156E+03  8.1828E-05  2.1291E-12  3.4674E-13  4.6208E-05
 3.6982E+25  2.1173E-05  9.9998E-01  7.0155E+03  8.1828E-05  2.1336E-12  3.4675E-13  4.5756E-05
 3.7074E+25  2.1419E-05  9.9998E-01  7.0155E+03  8.1828E-05  2.1090E-12  3.4675E-13  4.5306E-05
 3.7167E+25  2.1667E-05  9.9998E-01  7.0154E+03  8.1828E-05  2.0849E-12  3.4675E-13  4.4861E-05
 3.7260E+25  2.1506E-05  9.9998E-01  7.0154E+03  8.1828E-05  2.0983E-12  3.4675E-13  4.4425E-05
 3.7352E+25  2.1682E-05  9.9998E-01  7.0153E+03  8.1828E-05  2.0834E-12  3.4675E-13  4.3996E-05
 3.7445E+25  2.1931E-05  9.9998E-01  7.0153E+03  8.1828E-05  2.0599E-12  3.4676E-13  4.3582E-05
 3.7537E+25  2.2072E-05  9.9998E-01  7.0153E+03  8.1828E-05  2.0444E-12  3.4676E-13  4.3177E-05
 3.7630E+25  2.1941E-05  9.9998E-01  7.0152E+03  8.1828E-05  2.0590E-12  3.4676E-13  4.2773E-05
 3.7722E+25  2.2195E-05  9.9998E-01  7.0152E+03  8.1828E-05  2.0354E-12  3.4676E-13  4.2367E-05
 3.7815E+25  2.2446E-05  9.9998E-01  7.0151E+03  8.1828E-05  2.0126E-12  3.4676E-13  4.1964E-05
 3.7908E+25  2.2413E-05  9.9998E-01  7.0151E+03  8.1828E-05  2.0133E-12  3.4677E-13  4.1564E-05
 3.8000E+25  2.2454E-05  9.9998E-01  7.0150E+03  8.1828E-05  2.0119E-12  3.4677E-13  4.1160E-05
 3.8093E+25  2.2709E-05  9.9998E-01  7.0150E+03  8.1828E-05  1.9893E-12  3.4677E-13  4.0771E-05
 3.8185E+25  2.2963E-05  9.9998E-01  7.0149E+03  8.1828E-05  1.9672E-12  3.4677E-13  4.0388E-05
 3.8278E+25  2.2768E-05  9.9998E-01  7.0149E+03  8.1828E-05  1.9821E-12  3.4677E-13  4.0013E-05
 3.8370E+25  2.2970E-05  9.9998E-01  7.0148E+03  8.1828E-05  1.9668E-12  3.4677E-13  3.9654E-05
 3.8463E+25  2.3226E-05  9.9998E-01  7.0148E+03  8.1828E-05  1.9450E-12  3.4678E-13  3.9292E-05
 3.8556E+25  2.3394E-05  9.9998E-01  7.0148E+03  8.1828E-05  1.9289E-12  3.4678E-13  3.8927E-05
 3.8648E+25  2.3226E-05  9.9998E-01  7.0147E+03  8.1828E-05  1.9451E-12  3.4678E-13  3.8566E-05
 3.8741E+25  2.3488E-05  9.9998E-01  7.0147E+03  8.1828E-05  1.9234E-12  3.4678E-13  3.8206E-05
 3.8833E+25  2.3747E-05  9.9998E-01  7.0146E+03  8.1828E-05  1.9024E-12  3.4678E-13  3.7847E-05
 3.8926E+25  2.3783E-05  9.9998E-01  7.0146E+03  8.1828E-05  1.8974E-12  3.4678E-13  3.7496E-05
 3.9018E+25  2.3744E-05  9.9998E-01  7.0146E+03  8.1828E-05  1.9027E-12  3.4679E-13  3.7148E-05
 3.9111E+25  2.4009E-05  9.9998E-01  7.0145E+03  8.1828E-05  1.8817E-12  3.4679E-13  3.6809E-05
 3.9204E+25  2.4270E-05  9.9998E-01  7.0145E+03  8.1828E-05  1.8615E-12  3.4679E-13  3.6486E-05
 3.9296E+25  2.4186E-05  9.9998E-01  7.0144E+03  8.1828E-05  1.8658E-12  3.4679E-13  3.6162E-05
 3.9389E+25  2.4264E-05  9.9998E-01  7.0144E+03  8.1828E-05  1.8619E-12  3.4679E-13  3.5839E-05
 3.9481E+25  2.4532E-05  9.9998E-01  7.0144E+03  8.1828E-05  1.8416E-12  3.4679E-13  3.5514E-05
 3.9574E+25  2.4796E-05  9.9998E-01  7.0143E+03  8.1828E-05  1.8220E-12  3.4680E-13  3.5191E-05
 3.9666E+25  2.4606E-05  9.9998E-01  7.0143E+03  8.1828E-05  1.8340E-12  3.4680E-13  3.4868E-05
 3.9759E+25  2.4787E-05  9.9998E-01  7.0142E+03  8.1828E-05  1.8227E-12  3.4680E-13  3.4549E-05
 3.9852E+25  2.5058E-05  9.9997E-01  7.0142E+03  8.1828E-05  1.8030E-12  3.4680E-13  3.4237E-05
 3.9944E+25  2.5313E-05  9.9997E-01  7.0142E+03  8.1828E-05  1.7839E-12  3.4680E-13  3.3929E-05
 4.0037E+25  2.5053E-05  9.9997E-01  7.0141E+03  8.1828E-05  1.8021E-12  3.4680E-13  3.3631E-05
 4.0129E+25  2.5313E-05  9.9997E-01  7.0141E+03  8.1828E-05  1.7848E-12  3.4680E-13  3.3341E-05
 4.0222E+25  2.5586E-05  9.9997E-01  7.0141E+03  8.1828E-05  1.7658E-12  3.4681E-13  3.3055E-05
 4.0314E+25  2.5782E-05  9.9997E-01  7.0140E+03  8.1828E-05  1.7503E-12  3.4681E-13  3.2764E-05
 4.0407E+25  2.5569E-05  9.9997E-01  7.0140E+03  8.1828E-05  1.7669E-12  3.4681E-13  3.2474E-05
 4.0500E+25  2.5842E-05  9.9997E-01  7.0140E+03  8.1828E-05  1.7484E-12  3.4681E-13  3.2186E-05
 4.0592E+25  2.6117E-05  9.9997E-01  7.0139E+03  8.1828E-05  1.7299E-12  3.4681E-13  3.1898E-05
 4.0685E+25  2.6260E-05  9.9997E-01  7.0139E+03  8.1828E-05  1.7185E-12  3.4681E-13  3.1613E-05
 4.0777E+25  2.6097E-05  9.9997E-01  7.0139E+03  8.1828E-05  1.7312E-12  3.4681E-13  3.1334E-05
 4.0870E+25  2.6372E-05  9.9997E-01  7.0138E+03  8.1828E-05  1.7132E-12  3.4681E-13  3.1057E-05
 4.0962E+25  2.6651E-05  9.9997E-01  7.0138E+03  8.1828E-05  1.6952E-12  3.4682E-13  3.0794E-05
 4.1055E+25  2.6758E-05  9.9997E-01  7.0138E+03  8.1828E-05  1.6866E-12  3.4682E-13  3.0537E-05
 4.1148E+25  2.6627E-05  9.9997E-01  7.0137E+03  8.1828E-05  1.6968E-12  3.4682E-13  3.0277E-05
 4.1240E+25  2.6905E-05  9.9997E-01  7.0137E+03  8.1828E-05  1.6793E-12  3.4682E-13  3.0019E-05
 4.1333E+25  2.7187E-05  9.9997E-01  7.0137E+03  8.1828E-05  1.6618E-12  3.4682E-13  2.9761E-05
 4.1425E+25  2.7275E-05  9.9997E-01  7.0136E+03  8.1828E-05  1.6546E-12  3.4682E-13  2.9502E-05
 4.1518E+25  2.7160E-05  9.9997E-01  7.0136E+03  8.1828E-05  1.6635E-12  3.4682E-13  2.9245E-05
 4.1610E+25  2.7440E-05  9.9997E-01  7.0136E+03  8.1828E-05  1.6466E-12  3.4683E-13  2.8990E-05
 4.1703E+25  2.7726E-05  9.9997E-01  7.0135E+03  8.1828E-05  1.6295E-12  3.4683E-13  2.8741E-05
 4.1796E+25  2.7814E-05  9.9997E-01  7.0135E+03  8.1828E-05  1.6226E-12  3.4683E-13  2.8492E-05
 4.1888E+25  2.7696E-05  9.9997E-01  7.0135E+03  8.1828E-05  1.6314E-12  3.4683E-13  2.8253E-05
 4.1981E+25  2.7977E-05  9.9997E-01  7.0134E+03  8.1828E-05  1.6150E-12  3.4683E-13  2.8022E-05
 4.2073E+25  2.8267E-05  9.9997E-01  7.0134E+03  8.1828E-05  1.5984E-12  3.4683E-13  2.7793E-05
 4.2166E+25  2.8374E-05  9.9997E-01  7.0134E+03  8.1828E-05  1.5905E-12  3.4683E-13  2.7563E-05
 4.2258E+25  2.8233E-05  9.9997E-01  7.0134E+03  8.1828E-05  1.6003E-12  3.4683E-13  2.7329E-05
 4.2351E+25  2.8518E-05  9.9997E-01  7.0133E+03  8.1828E-05  1.5844E-12  3.4683E-13  2.7100E-05
 4.2443E+25  2.8810E-05  9.9997E-01  7.0133E+03  8.1828E-05  1.5683E-12  3.4684E-13  2.6870E-05
 4.2536E+25  2.8958E-05  9.9997E-01  7.0133E+03  8.1828E-05  1.5584E-12  3.4684E-13  2.6640E-05
 4.2629E+25  2.8774E-05  9.9997E-01  7.0132E+03  8.1828E-05  1.5703E-12  3.4684E-13  2.6416E-05
 4.2721E+25  2.9061E-05  9.9997E-01  7.0132E+03  8.1828E-05  1.5548E-12  3.4684E-13  2.6193E-05
 4.2814E+25  2.9355E-05  9.9997E-01  7.0132E+03  8.1828E-05  1.5392E-12  3.4684E-13  2.5974E-05
 4.2906E+25  2.9566E-05  9.9997E-01  7.0132E+03  8.1828E-05  1.5264E-12  3.4684E-13  2.5767E-05
 4.2999E+25  2.9317E-05  9.9997E-01  7.0131E+03  8.1828E-05  1.5412E-12  3.4684E-13  2.5561E-05
 4.3091E+25  2.9606E-05  9.9997E-01  7.0131E+03  8.1828E-05  1.5262E-12  3.4684E-13  2.5354E-05
 4.3184E+25  2.9902E-05  9.9997E-01  7.0131E+03  8.1828E-05  1.5111E-12  3.4684E-13  2.5149E-05
 4.3277E+25  3.0185E-05  9.9997E-01  7.0131E+03  8.1828E-05  1.4962E-12  3.4685E-13  2.4943E-05
 4.3369E+25  2.9876E-05  9.9997E-01  7.0130E+03  8.1828E-05  1.5113E-12  3.4685E-13  2.4736E-05
 4.3462E+25  3.0155E-05  9.9997E-01  7.0130E+03  8.1828E-05  1.4984E-12  3.4685E-13  2.4531E-05
 4.3554E+25  3.0451E-05  9.9997E-01  7.0130E+03  8.1828E-05  1.4839E-12  3.4685E-13  2.4327E-05
 4.3647E+25  3.0752E-05  9.9997E-01  7.0129E+03  8.1828E-05  1.4692E-12  3.4685E-13  2.4128E-05
 4.3739E+25  3.0515E-05  9.9997E-01  7.0129E+03  8.1828E-05  1.4790E-12  3.4685E-13  2.3929E-05
 4.3832E+25  3.0706E-05  9.9997E-01  7.0129E+03  8.1828E-05  1.4715E-12  3.4685E-13  2.3735E-05
 4.3925E+25  3.1003E-05  9.9997E-01  7.0129E+03  8.1828E-05  1.4574E-12  3.4685E-13  2.3551E-05
 4.4017E+25  3.1309E-05  9.9997E-01  7.0128E+03  8.1828E-05  1.4432E-12  3.4685E-13  2.3369E-05
 4.4110E+25  3.1193E-05  9.9997E-01  7.0128E+03  8.1828E-05  1.4468E-12  3.4685E-13  2.3183E-05
 4.4202E+25  3.1260E-05  9.9997E-01  7.0128E+03  8.1828E-05  1.4455E-12  3.4686E-13  2.2999E-05
 4.4295E+25  3.1558E-05  9.9997E-01  7.0128E+03  8.1828E-05  1.4318E-12  3.4686E-13  2.2815E-05
 4.4387E+25  3.1866E-05  9.9997E-01  7.0127E+03  8.1828E-05  1.4180E-12  3.4686E-13  2.2632E-05
 4.4480E+25  3.1901E-05  9.9997E-01  7.0127E+03  8.1828E-05  1.4147E-12  3.4686E-13  2.2449E-05
 4.4573E+25  3.1815E-05  9.9997E-01  7.0127E+03  8.1828E-05  1.4203E-12  3.4686E-13  2.2265E-05
 4.4665E+25  3.2118E-05  9.9997E-01  7.0127E+03  8.1828E-05  1.4069E-12  3.4686E-13  2.2088E-05
 4.4758E+25  3.2424E-05  9.9997E-01  7.0127E+03  8.1828E-05  1.3936E-12  3.4686E-13  2.1910E-05
 4.4850E+25  3.2636E-05  9.9997E-01  7.0126E+03  8.1828E-05  1.3828E-12  3.4686E-13  2.1736E-05
 4.4943E+25  3.2374E-05  9.9997E-01  7.0126E+03  8.1828E-05  1.3957E-12  3.4686E-13  2.1572E-05
 4.5035E+25  3.2679E-05  9.9997E-01  7.0126E+03  8.1828E-05  1.3827E-12  3.4686E-13  2.1409E-05
 4.5128E+25  3.2986E-05  9.9997E-01  7.0126E+03  8.1828E-05  1.3699E-12  3.4687E-13  2.1245E-05
 4.5221E+25  3.3300E-05  9.9997E-01  7.0125E+03  8.1828E-05  1.3569E-12  3.4687E-13  2.1081E-05
 4.5313E+25  3.3036E-05  9.9997E-01  7.0125E+03  8.1828E-05  1.3662E-12  3.4687E-13  2.0916E-05
 4.5406E+25  3.3244E-05  9.9997E-01  7.0125E+03  8.1828E-05  1.3593E-12  3.4687E-13  2.0751E-05
 4.5498E+25  3.3553E-05  9.9997E-01  7.0125E+03  8.1828E-05  1.3467E-12  3.4687E-13  2.0588E-05
 4.5591E+25  3.3867E-05  9.9997E-01  7.0124E+03  8.1828E-05  1.3343E-12  3.4687E-13  2.0425E-05
 4.5683E+25  3.3825E-05  9.9997E-01  7.0124E+03  8.1828E-05  1.3343E-12  3.4687E-13  2.0265E-05
 4.5776E+25  3.3810E-05  9.9997E-01  7.0124E+03  8.1828E-05  1.3365E-12  3.4687E-13  2.0104E-05
 4.5869E+25  3.4123E-05  9.9997E-01  7.0124E+03  8.1828E-05  1.3243E-12  3.4687E-13  1.9947E-05
 4.5961E+25  3.4437E-05  9.9997E-01  7.0124E+03  8.1828E-05  1.3122E-12  3.4687E-13  1.9799E-05
 4.6054E+25  3.4643E-05  9.9997E-01  7.0123E+03  8.1828E-05  1.3028E-12  3.4687E-13  1.9653E-05
 4.6146E+25  3.4382E-05  9.9997E-01  7.0123E+03  8.1828E-05  1.3143E-12  3.4687E-13  1.9508E-05
 4.6239E+25  3.4697E-05  9.9997E-01  7.0123E+03  8.1828E-05  1.3024E-12  3.4688E-13  1.9361E-05
 4.6331E+25  3.5012E-05  9.9996E-01  7.0123E+03  8.1828E-05  1.2906E-12  3.4688E-13  1.9214E-05
 4.6424E+25  3.5332E-05  9.9996E-01  7.0123E+03  8.1828E-05  1.2790E-12  3.4688E-13  1.9068E-05
 4.6517E+25  3.5117E-05  9.9996E-01  7.0122E+03  8.1828E-05  1.2852E-12  3.4688E-13  1.8922E-05
 4.6609E+25  3.5271E-05  9.9996E-01  7.0122E+03  8.1828E-05  1.2812E-12  3.4688E-13  1.8775E-05
 4.6702E+25  3.5592E-05  9.9996E-01  7.0122E+03  8.1828E-05  1.2697E-12  3.4688E-13  1.8630E-05
 4.6794E+25  3.5911E-05  9.9996E-01  7.0122E+03  8.1828E-05  1.2584E-12  3.4688E-13  1.8488E-05
 4.6887E+25  3.5993E-05  9.9996E-01  7.0122E+03  8.1828E-05  1.2539E-12  3.4688E-13  1.8346E-05
 4.6979E+25  3.5853E-05  9.9996E-01  7.0121E+03  8.1828E-05  1.2604E-12  3.4688E-13  1.8206E-05
 4.7072E+25  3.6173E-05  9.9996E-01  7.0121E+03  8.1828E-05  1.2493E-12  3.4688E-13  1.8076E-05
 4.7165E+25  3.6497E-05  9.9996E-01  7.0121E+03  8.1828E-05  1.2382E-12  3.4688E-13  1.7946E-05
 4.7257E+25  3.6817E-05  9.9996E-01  7.0121E+03  8.1828E-05  1.2273E-12  3.4688E-13  1.7816E-05
 4.7350E+25  3.6522E-05  9.9996E-01  7.0121E+03  8.1828E-05  1.2360E-12  3.4689E-13  1.7685E-05
 4.7442E+25  3.6757E-05  9.9996E-01  7.0120E+03  8.1828E-05  1.2295E-12  3.4689E-13  1.7555E-05
 4.7535E+25  3.7085E-05  9.9996E-01  7.0120E+03  8.1828E-05  1.2186E-12  3.4689E-13  1.7423E-05
 4.7627E+25  3.7410E-05  9.9996E-01  7.0120E+03  8.1828E-05  1.2080E-12  3.4689E-13  1.7294E-05
 4.7720E+25  3.7456E-05  9.9996E-01  7.0120E+03  8.1828E-05  1.2050E-12  3.4689E-13  1.7163E-05
 4.7813E+25  3.7350E-05  9.9996E-01  7.0120E+03  8.1828E-05  1.2100E-12  3.4689E-13  1.7034E-05
 4.7905E+25  3.7674E-05  9.9996E-01  7.0119E+03  8.1828E-05  1.1996E-12  3.4689E-13  1.6906E-05
 4.7998E+25  3.8007E-05  9.9996E-01  7.0119E+03  8.1828E-05  1.1891E-12  3.4689E-13  1.6779E-05
 4.8090E+25  3.8330E-05  9.9996E-01  7.0119E+03  8.1828E-05  1.1789E-12  3.4689E-13  1.6655E-05
 4.8183E+25  3.8041E-05  9.9996E-01  7.0119E+03  8.1828E-05  1.1867E-12  3.4689E-13  1.6539E-05
 4.8275E+25  3.8272E-05  9.9996E-01  7.0119E+03  8.1828E-05  1.1809E-12  3.4689E-13  1.6422E-05
 4.8368E+25  3.8603E-05  9.9996E-01  7.0119E+03  8.1828E-05  1.1708E-12  3.4689E-13  1.6307E-05
 4.8461E+25  3.8938E-05  9.9996E-01  7.0118E+03  8.1828E-05  1.1607E-12  3.4689E-13  1.6190E-05
 4.8553E+25  3.9040E-05  9.9996E-01  7.0118E+03  8.1828E-05  1.1561E-12  3.4690E-13  1.6073E-05
 4.8646E+25  3.8873E-05  9.9996E-01  7.0118E+03  8.1828E-05  1.1627E-12  3.4690E-13  1.5957E-05
 4.8738E+25  3.9205E-05  9.9996E-01  7.0118E+03  8.1828E-05  1.1529E-12  3.4690E-13  1.5841E-05
 4.8831E+25  3.9544E-05  9.9996E-01  7.0118E+03  8.1828E-05  1.1430E-12  3.4690E-13  1.5725E-05
 4.8923E+25  3.9877E-05  9.9996E-01  7.0117E+03  8.1828E-05  1.1333E-12  3.4690E-13  1.5610E-05
 4.9016E+25  3.9681E-05  9.9996E-01  7.0117E+03  8.1828E-05  1.1376E-12  3.4690E-13  1.5495E-05
 4.9109E+25  3.9815E-05  9.9996E-01  7.0117E+03  8.1828E-05  1.1353E-12  3.4690E-13  1.5382E-05
 4.9201E+25  4.0150E-05  9.9996E-01  7.0117E+03  8.1828E-05  1.1258E-12  3.4690E-13  1.5268E-05
 4.9294E+25  4.0493E-05  9.9996E-01  7.0117E+03  8.1828E-05  1.1162E-12  3.4690E-13  1.5163E-05
 4.9386E+25  4.0756E-05  9.9996E-01  7.0117E+03  8.1828E-05  1.1073E-12  3.4690E-13  1.5059E-05
 4.9479E+25  4.0422E-05  9.9996E-01  7.0116E+03  8.1828E-05  1.1184E-12  3.4690E-13  1.4957E-05
 4.9571E+25  4.0768E-05  9.9996E-01  7.0116E+03  8.1828E-05  1.1088E-12  3.4690E-13  1.4853E-05
 4.9664E+25  4.1106E-05  9.9996E-01  7.0116E+03  8.1828E-05  1.0997E-12  3.4690E-13  1.4749E-05
 4.9757E+25  4.1453E-05  9.9996E-01  7.0116E+03  8.1828E-05  1.0904E-12  3.4690E-13  1.4645E-05
 4.9849E+25  4.1456E-05  9.9996E-01  7.0116E+03  8.1828E-05  1.0887E-12  3.4690E-13  1.4541E-05
 4.9942E+25  4.1383E-05  9.9996E-01  7.0116E+03  8.1828E-05  1.0925E-12  3.4691E-13  1.4438E-05
 5.0034E+25  4.1732E-05  9.9996E-01  7.0115E+03  8.1828E-05  1.0833E-12  3.4691E-13  1.4335E-05
 5.0127E+25  4.2075E-05  9.9996E-01  7.0115E+03  8.1828E-05  1.0745E-12  3.4691E-13  1.4232E-05
 5.0219E+25  4.2419E-05  9.9996E-01  7.0115E+03  8.1828E-05  1.0655E-12  3.4691E-13  1.4130E-05
 5.0312E+25  4.2193E-05  9.9996E-01  7.0115E+03  8.1828E-05  1.0699E-12  3.4691E-13  1.4029E-05
 5.0405E+25  4.2356E-05  9.9996E-01  7.0115E+03  8.1828E-05  1.0675E-12  3.4691E-13  1.3930E-05
 5.0497E+25  4.2708E-05  9.9996E-01  7.0115E+03  8.1828E-05  1.0586E-12  3.4691E-13  1.3837E-05
 5.0590E+25  4.3056E-05  9.9996E-01  7.0114E+03  8.1828E-05  1.0501E-12  3.4691E-13  1.3744E-05
 5.0682E+25  4.3366E-05  9.9996E-01  7.0114E+03  8.1828E-05  1.0414E-12  3.4691E-13  1.3653E-05
 5.0775E+25  4.2995E-05  9.9996E-01  7.0114E+03  8.1828E-05  1.0510E-12  3.4691E-13  1.3560E-05
 5.0867E+25  4.3342E-05  9.9996E-01  7.0114E+03  8.1828E-05  1.0434E-12  3.4691E-13  1.3468E-05
 5.0960E+25  4.3697E-05  9.9996E-01  7.0114E+03  8.1828E-05  1.0348E-12  3.4691E-13  1.3375E-05
 5.1053E+25  4.4047E-05  9.9996E-01  7.0114E+03  8.1828E-05  1.0266E-12  3.4691E-13  1.3283E-05
 5.1145E+25  4.4181E-05  9.9996E-01  7.0114E+03  8.1828E-05  1.0216E-12  3.4691E-13  1.3191E-05
 5.1238E+25  4.3975E-05  9.9996E-01  7.0113E+03  8.1828E-05  1.0285E-12  3.4691E-13  1.3098E-05
 5.1330E+25  4.4340E-05  9.9996E-01  7.0113E+03  8.1828E-05  1.0200E-12  3.4691E-13  1.3007E-05
 5.1423E+25  4.4699E-05  9.9996E-01  7.0113E+03  8.1828E-05  1.0118E-12  3.4692E-13  1.2916E-05
 5.1515E+25  4.5050E-05  9.9995E-01  7.0113E+03  8.1828E-05  1.0038E-12  3.4692E-13  1.2826E-05
 5.1608E+25  4.5019E-05  9.9995E-01  7.0113E+03  8.1828E-05  1.0027E-12  3.4692E-13  1.2737E-05
 5.1701E+25  4.4982E-05  9.9996E-01  7.0113E+03  8.1828E-05  1.0057E-12  3.4692E-13  1.2655E-05
 5.1793E+25  4.5352E-05  9.9995E-01  7.0112E+03  8.1828E-05  9.9748E-13  3.4692E-13  1.2572E-05
 5.1886E+25  4.5714E-05  9.9995E-01  7.0112E+03  8.1828E-05  9.8944E-13  3.4692E-13  1.2490E-05
 5.1978E+25  4.6062E-05  9.9995E-01  7.0112E+03  8.1828E-05  9.8170E-13  3.4692E-13  1.2408E-05
 5.2071E+25  4.5898E-05  9.9995E-01  7.0112E+03  8.1828E-05  9.8376E-13  3.4692E-13  1.2325E-05
 5.2163E+25  4.6004E-05  9.9995E-01  7.0112E+03  8.1828E-05  9.8355E-13  3.4692E-13  1.2243E-05
 5.2256E+25  4.6377E-05  9.9995E-01  7.0112E+03  8.1828E-05  9.7562E-13  3.4692E-13  1.2161E-05
 5.2349E+25  4.6743E-05  9.9995E-01  7.0112E+03  8.1828E-05  9.6783E-13  3.4692E-13  1.2078E-05
 5.2441E+25  4.7081E-05  9.9995E-01  7.0111E+03  8.1828E-05  9.6035E-13  3.4692E-13  1.1996E-05
 5.2534E+25  4.6820E-05  9.9995E-01  7.0111E+03  8.1828E-05  9.6480E-13  3.4692E-13  1.1914E-05
 5.2626E+25  4.7040E-05  9.9995E-01  7.0111E+03  8.1828E-05  9.6211E-13  3.4692E-13  1.1833E-05
 5.2719E+25  4.7417E-05  9.9995E-01  7.0111E+03  8.1828E-05  9.5446E-13  3.4692E-13  1.1753E-05
 5.2811E+25  4.7786E-05  9.9995E-01  7.0111E+03  8.1828E-05  9.4689E-13  3.4692E-13  1.1672E-05
 5.2904E+25  4.8107E-05  9.9995E-01  7.0111E+03  8.1828E-05  9.3966E-13  3.4692E-13  1.1597E-05
 5.2997E+25  4.7790E-05  9.9995E-01  7.0111E+03  8.1828E-05  9.4583E-13  3.4693E-13  1.1523E-05
 5.3089E+25  4.8092E-05  9.9995E-01  7.0110E+03  8.1828E-05  9.4132E-13  3.4693E-13  1.1451E-05
 5.3182E+25  4.8472E-05  9.9995E-01  7.0110E+03  8.1828E-05  9.3397E-13  3.4693E-13  1.1378E-05
 5.3274E+25  4.8845E-05  9.9995E-01  7.0110E+03  8.1828E-05  9.2660E-13  3.4693E-13  1.1304E-05
 5.3367E+25  4.9139E-05  9.9995E-01  7.0110E+03  8.1828E-05  9.1957E-13  3.4693E-13  1.1230E-05
 5.3459E+25  4.8809E-05  9.9995E-01  7.0110E+03  8.1828E-05  9.2687E-13  3.4693E-13  1.1157E-05
 5.3552E+25  4.9162E-05  9.9995E-01  7.0110E+03  8.1828E-05  9.2114E-13  3.4693E-13  1.1084E-05
 5.3645E+25  4.9543E-05  9.9995E-01  7.0110E+03  8.1828E-05  9.1410E-13  3.4693E-13  1.1011E-05
 5.3737E+25  4.9919E-05  9.9995E-01  7.0109E+03  8.1828E-05  9.0692E-13  3.4693E-13  1.0937E-05
 5.3830E+25  5.0184E-05  9.9995E-01  7.0109E+03  8.1828E-05  9.0007E-13  3.4693E-13  1.0865E-05
 5.3922E+25  4.9873E-05  9.9995E-01  7.0109E+03  8.1828E-05  9.0794E-13  3.4693E-13  1.0793E-05
 5.4015E+25  5.0249E-05  9.9995E-01  7.0109E+03  8.1828E-05  9.0157E-13  3.4693E-13  1.0720E-05
 5.4107E+25  5.0631E-05  9.9995E-01  7.0109E+03  8.1828E-05  8.9480E-13  3.4693E-13  1.0649E-05
 5.4200E+25  5.1010E-05  9.9995E-01  7.0109E+03  8.1828E-05  8.8783E-13  3.4693E-13  1.0583E-05
 5.4292E+25  5.1257E-05  9.9995E-01  7.0109E+03  8.1828E-05  8.8112E-13  3.4693E-13  1.0517E-05
 5.4385E+25  5.0968E-05  9.9995E-01  7.0109E+03  8.1828E-05  8.8910E-13  3.4693E-13  1.0453E-05
 5.4478E+25  5.1354E-05  9.9995E-01  7.0108E+03  8.1828E-05  8.8255E-13  3.4693E-13  1.0388E-05
 5.4570E+25  5.1737E-05  9.9995E-01  7.0108E+03  8.1828E-05  8.7605E-13  3.4693E-13  1.0323E-05
 5.4663E+25  5.2119E-05  9.9995E-01  7.0108E+03  8.1828E-05  8.6930E-13  3.4694E-13  1.0258E-05
 5.4755E+25  5.2368E-05  9.9995E-01  7.0108E+03  8.1828E-05  8.6271E-13  3.4694E-13  1.0192E-05
 5.4848E+25  5.2088E-05  9.9995E-01  7.0108E+03  8.1828E-05  8.7037E-13  3.4694E-13  1.0126E-05
 5.4940E+25  5.2479E-05  9.9995E-01  7.0108E+03  8.1828E-05  8.6410E-13  3.4694E-13  1.0061E-05
 5.5033E+25  5.2864E-05  9.9995E-01  7.0108E+03  8.1828E-05  8.5776E-13  3.4694E-13  9.9960E-06
 5.5126E+25  5.3249E-05  9.9995E-01  7.0107E+03  8.1828E-05  8.5130E-13  3.4694E-13  9.9314E-06
 5.5218E+25  5.3513E-05  9.9995E-01  7.0107E+03  8.1828E-05  8.4485E-13  3.4694E-13  9.8664E-06
 5.5311E+25  5.3234E-05  9.9995E-01  7.0107E+03  8.1828E-05  8.5171E-13  3.4694E-13  9.8022E-06
 5.5403E+25  5.3624E-05  9.9995E-01  7.0107E+03  8.1828E-05  8.4617E-13  3.4694E-13  9.7386E-06
 5.5496E+25  5.4015E-05  9.9995E-01  7.0107E+03  8.1828E-05  8.3996E-13  3.4694E-13  9.6785E-06
 5.5588E+25  5.4398E-05  9.9995E-01  7.0107E+03  8.1828E-05  8.3383E-13  3.4694E-13  9.6207E-06
 5.5681E+25  5.4685E-05  9.9995E-01  7.0107E+03  8.1828E-05  8.2753E-13  3.4694E-13  9.5628E-06
 5.5774E+25  5.4420E-05  9.9995E-01  7.0107E+03  8.1828E-05  8.3311E-13  3.4694E-13  9.5054E-06
 5.5866E+25  5.4791E-05  9.9995E-01  7.0106E+03  8.1828E-05  8.2876E-13  3.4694E-13  9.4474E-06
 5.5959E+25  5.5188E-05  9.9994E-01  7.0106E+03  8.1828E-05  8.2266E-13  3.4694E-13  9.3892E-06
 5.6051E+25  5.5570E-05  9.9994E-01  7.0106E+03  8.1828E-05  8.1678E-13  3.4694E-13  9.3311E-06
 5.6144E+25  5.5880E-05  9.9994E-01  7.0106E+03  8.1828E-05  8.1067E-13  3.4694E-13  9.2732E-06
 5.6236E+25  5.5650E-05  9.9994E-01  7.0106E+03  8.1828E-05  8.1467E-13  3.4694E-13  9.2149E-06
 5.6329E+25  5.5980E-05  9.9994E-01  7.0106E+03  8.1828E-05  8.1184E-13  3.4694E-13  9.1563E-06
 5.6422E+25  5.6384E-05  9.9994E-01  7.0106E+03  8.1828E-05  8.0585E-13  3.4694E-13  9.0984E-06
 5.6514E+25  5.6770E-05  9.9994E-01  7.0106E+03  8.1828E-05  8.0009E-13  3.4695E-13  9.0408E-06
 5.6607E+25  5.7098E-05  9.9994E-01  7.0105E+03  8.1828E-05  7.9430E-13  3.4695E-13  8.9836E-06
 5.6699E+25  5.6925E-05  9.9994E-01  7.0105E+03  8.1828E-05  7.9649E-13  3.4695E-13  8.9259E-06
 5.6792E+25  5.7194E-05  9.9994E-01  7.0105E+03  8.1828E-05  7.9528E-13  3.4695E-13  8.8704E-06
 5.6884E+25  5.7606E-05  9.9994E-01  7.0105E+03  8.1828E-05  7.8950E-13  3.4695E-13  8.8185E-06
 5.6977E+25  5.7998E-05  9.9994E-01  7.0105E+03  8.1828E-05  7.8384E-13  3.4695E-13  8.7663E-06
 5.7070E+25  5.8338E-05  9.9994E-01  7.0105E+03  8.1828E-05  7.7833E-13  3.4695E-13  8.7154E-06
 5.7162E+25  5.8245E-05  9.9994E-01  7.0105E+03  8.1828E-05  7.7855E-13  3.4695E-13  8.6643E-06
 5.7255E+25  5.8439E-05  9.9994E-01  7.0105E+03  8.1828E-05  7.7907E-13  3.4695E-13  8.6123E-06
 5.7347E+25  5.8853E-05  9.9994E-01  7.0104E+03  8.1828E-05  7.7361E-13  3.4695E-13  8.5607E-06
 5.7440E+25  5.9254E-05  9.9994E-01  7.0104E+03  8.1828E-05  7.6803E-13  3.4695E-13  8.5091E-06
 5.7532E+25  5.9607E-05  9.9994E-01  7.0104E+03  8.1828E-05  7.6266E-13  3.4695E-13  8.4574E-06
 5.7625E+25  5.9612E-05  9.9994E-01  7.0104E+03  8.1828E-05  7.6087E-13  3.4695E-13  8.4060E-06
 5.7718E+25  5.9714E-05  9.9994E-01  7.0104E+03  8.1828E-05  7.6332E-13  3.4695E-13  8.3541E-06
 5.7810E+25  6.0128E-05  9.9994E-01  7.0104E+03  8.1828E-05  7.5806E-13  3.4695E-13  8.3019E-06
 5.7903E+25  6.0540E-05  9.9994E-01  7.0104E+03  8.1828E-05  7.5264E-13  3.4695E-13  8.2507E-06
 5.7995E+25  6.0908E-05  9.9994E-01  7.0104E+03  8.1828E-05  7.4735E-13  3.4695E-13  8.1996E-06
 5.8088E+25  6.1025E-05  9.9994E-01  7.0103E+03  8.1828E-05  7.4344E-13  3.4695E-13  8.1482E-06
 5.8180E+25  6.1018E-05  9.9994E-01  7.0103E+03  8.1828E-05  7.4802E-13  3.4695E-13  8.0991E-06
 5.8273E+25  6.1440E-05  9.9994E-01  7.0103E+03  8.1828E-05  7.4278E-13  3.4695E-13  8.0523E-06
 5.8366E+25  6.1855E-05  9.9994E-01  7.0103E+03  8.1828E-05  7.3768E-13  3.4696E-13  8.0063E-06
 5.8458E+25  6.2239E-05  9.9994E-01  7.0103E+03  8.1828E-05  7.3245E-13  3.4696E-13  7.9612E-06
 5.8551E+25  6.2472E-05  9.9994E-01  7.0103E+03  8.1828E-05  7.2743E-13  3.4696E-13  7.9152E-06
 5.8643E+25  6.2368E-05  9.9994E-01  7.0103E+03  8.1828E-05  7.3184E-13  3.4696E-13  7.8695E-06
 5.8736E+25  6.2785E-05  9.9994E-01  7.0103E+03  8.1828E-05  7.2793E-13  3.4696E-13  7.8234E-06
 5.8828E+25  6.3203E-05  9.9994E-01  7.0102E+03  8.1828E-05  7.2300E-13  3.4696E-13  7.7775E-06
 5.8921E+25  6.3603E-05  9.9994E-01  7.0102E+03  8.1828E-05  7.1794E-13  3.4696E-13  7.7316E-06
 5.9014E+25  6.3902E-05  9.9994E-01  7.0102E+03  8.1828E-05  7.1299E-13  3.4696E-13  7.6857E-06
 5.9106E+25  6.3823E-05  9.9994E-01  7.0102E+03  8.1828E-05  7.1468E-13  3.4696E-13  7.6395E-06
 5.9199E+25  6.4163E-05  9.9994E-01  7.0102E+03  8.1828E-05  7.1350E-13  3.4696E-13  7.5935E-06
 5.9291E+25  6.4592E-05  9.9994E-01  7.0102E+03  8.1828E-05  7.0855E-13  3.4696E-13  7.5480E-06
 5.9384E+25  6.4998E-05  9.9994E-01  7.0102E+03  8.1828E-05  7.0383E-13  3.4696E-13  7.5018E-06
 5.9476E+25  6.5343E-05  9.9993E-01  7.0102E+03  8.1828E-05  6.9892E-13  3.4696E-13  7.4560E-06
 5.9569E+25  6.5359E-05  9.9993E-01  7.0102E+03  8.1828E-05  6.9769E-13  3.4696E-13  7.4111E-06
 5.9662E+25  6.5577E-05  9.9993E-01  7.0101E+03  8.1828E-05  6.9943E-13  3.4696E-13  7.3692E-06
 5.9754E+25  6.6018E-05  9.9993E-01  7.0101E+03  8.1828E-05  6.9455E-13  3.4696E-13  7.3279E-06
 5.9847E+25  6.6434E-05  9.9993E-01  7.0101E+03  8.1828E-05  6.8988E-13  3.4696E-13  7.2870E-06
 5.9939E+25  6.6808E-05  9.9993E-01  7.0101E+03  8.1828E-05  6.8521E-13  3.4696E-13  7.2470E-06
 6.0032E+25  6.6960E-05  9.9993E-01  7.0101E+03  8.1828E-05  6.8110E-13  3.4696E-13  7.2064E-06
 6.0124E+25  6.7032E-05  9.9993E-01  7.0101E+03  8.1828E-05  6.8554E-13  3.4696E-13  7.1650E-06
 6.0217E+25  6.7483E-05  9.9993E-01  7.0101E+03  8.1828E-05  6.8090E-13  3.4696E-13  7.1243E-06
 6.0310E+25  6.7915E-05  9.9993E-01  7.0101E+03  8.1828E-05  6.7623E-13  3.4697E-13  7.0837E-06
 6.0402E+25  6.8304E-05  9.9993E-01  7.0100E+03  8.1828E-05  6.7181E-13  3.4697E-13  7.0426E-06
 6.0495E+25  6.8578E-05  9.9993E-01  7.0100E+03  8.1828E-05  6.6722E-13  3.4697E-13  7.0019E-06
 6.0587E+25  6.8577E-05  9.9993E-01  7.0100E+03  8.1828E-05  6.6956E-13  3.4697E-13  6.9608E-06
 6.0680E+25  6.8988E-05  9.9993E-01  7.0100E+03  8.1828E-05  6.6751E-13  3.4697E-13  6.9198E-06
 6.0772E+25  6.9435E-05  9.9993E-01  7.0100E+03  8.1828E-05  6.6300E-13  3.4697E-13  6.8792E-06
 6.0865E+25  6.9845E-05  9.9993E-01  7.0100E+03  8.1828E-05  6.5853E-13  3.4697E-13  6.8386E-06
 6.0958E+25  7.0180E-05  9.9993E-01  7.0100E+03  8.1828E-05  6.5426E-13  3.4697E-13  6.7978E-06
 6.1050E+25  7.0240E-05  9.9993E-01  7.0100E+03  8.1828E-05  6.5343E-13  3.4697E-13  6.7576E-06
 6.1143E+25  7.0545E-05  9.9993E-01  7.0099E+03  8.1828E-05  6.5428E-13  3.4697E-13  6.7208E-06
 6.1235E+25  7.0998E-05  9.9993E-01  7.0099E+03  8.1828E-05  6.5004E-13  3.4697E-13  6.6840E-06
 6.1328E+25  7.1431E-05  9.9993E-01  7.0099E+03  8.1828E-05  6.4566E-13  3.4697E-13  6.6479E-06
 6.1420E+25  7.1801E-05  9.9993E-01  7.0099E+03  8.1828E-05  6.4142E-13  3.4697E-13  6.6123E-06
 6.1513E+25  7.1985E-05  9.9993E-01  7.0099E+03  8.1828E-05  6.3772E-13  3.4697E-13  6.5758E-06
 6.1606E+25  7.2151E-05  9.9993E-01  7.0099E+03  8.1828E-05  6.4138E-13  3.4697E-13  6.5397E-06
 6.1698E+25  7.2613E-05  9.9993E-01  7.0099E+03  8.1828E-05  6.3721E-13  3.4697E-13  6.5034E-06
 6.1791E+25  7.3061E-05  9.9993E-01  7.0099E+03  8.1828E-05  6.3308E-13  3.4697E-13  6.4667E-06
 6.1883E+25  7.3465E-05  9.9993E-01  7.0098E+03  8.1828E-05  6.2885E-13  3.4697E-13  6.4307E-06
 6.1976E+25  7.3755E-05  9.9993E-01  7.0098E+03  8.1828E-05  6.2483E-13  3.4697E-13  6.3942E-06
 6.2068E+25  7.3852E-05  9.9993E-01  7.0098E+03  8.1828E-05  6.2629E-13  3.4697E-13  6.3578E-06
 6.2161E+25  7.4283E-05  9.9993E-01  7.0098E+03  8.1828E-05  6.2467E-13  3.4698E-13  6.3213E-06
 6.2254E+25  7.4740E-05  9.9993E-01  7.0098E+03  8.1828E-05  6.2065E-13  3.4698E-13  6.2851E-06
 6.2346E+25  7.5172E-05  9.9992E-01  7.0098E+03  8.1828E-05  6.1664E-13  3.4698E-13  6.2487E-06
 6.2439E+25  7.5527E-05  9.9992E-01  7.0098E+03  8.1828E-05  6.1256E-13  3.4698E-13  6.2125E-06
 6.2531E+25  7.5675E-05  9.9992E-01  7.0098E+03  8.1828E-05  6.1114E-13  3.4698E-13  6.1767E-06
 6.2624E+25  7.6006E-05  9.9992E-01  7.0097E+03  8.1828E-05  6.1239E-13  3.4698E-13  6.1434E-06
 6.2716E+25  7.6480E-05  9.9992E-01  7.0097E+03  8.1828E-05  6.0845E-13  3.4698E-13  6.1102E-06
 6.2809E+25  7.6926E-05  9.9992E-01  7.0097E+03  8.1828E-05  6.0459E-13  3.4698E-13  6.0778E-06
 6.2902E+25  7.7328E-05  9.9992E-01  7.0097E+03  8.1828E-05  6.0069E-13  3.4698E-13  6.0464E-06
 6.2994E+25  7.7588E-05  9.9992E-01  7.0097E+03  8.1828E-05  5.9678E-13  3.4698E-13  6.0141E-06
 6.3087E+25  7.7790E-05  9.9992E-01  7.0097E+03  8.1828E-05  5.9983E-13  3.4698E-13  5.9820E-06
 6.3179E+25  7.8274E-05  9.9992E-01  7.0097E+03  8.1828E-05  5.9650E-13  3.4698E-13  5.9495E-06
 6.3272E+25  7.8742E-05  9.9992E-01  7.0097E+03  8.1828E-05  5.9270E-13  3.4698E-13  5.9173E-06
 6.3364E+25  7.9169E-05  9.9992E-01  7.0096E+03  8.1828E-05  5.8898E-13  3.4698E-13  5.8853E-06
 6.3457E+25  7.9518E-05  9.9992E-01  7.0096E+03  8.1828E-05  5.8521E-13  3.4698E-13  5.8525E-06
 6.3550E+25  7.9699E-05  9.9992E-01  7.0096E+03  8.1828E-05  5.8510E-13  3.4698E-13  5.8204E-06
 6.3642E+25  8.0131E-05  9.9992E-01  7.0096E+03  8.1828E-05  5.8483E-13  3.4698E-13  5.7879E-06
 6.3735E+25  8.0615E-05  9.9992E-01  7.0096E+03  8.1828E-05  5.8107E-13  3.4698E-13  5.7554E-06
 6.3827E+25  8.1071E-05  9.9992E-01  7.0096E+03  8.1828E-05  5.7740E-13  3.4698E-13  5.7232E-06
 6.3920E+25  8.1466E-05  9.9992E-01  7.0096E+03  8.1828E-05  5.7383E-13  3.4698E-13  5.6910E-06
 6.4012E+25  8.1727E-05  9.9992E-01  7.0096E+03  8.1828E-05  5.7088E-13  3.4699E-13  5.6585E-06
 6.4105E+25  8.2048E-05  9.9992E-01  7.0095E+03  8.1828E-05  5.7327E-13  3.4699E-13  5.6272E-06
 6.4198E+25  8.2553E-05  9.9992E-01  7.0095E+03  8.1828E-05  5.6970E-13  3.4699E-13  5.5979E-06
 6.4290E+25  8.3029E-05  9.9992E-01  7.0095E+03  8.1828E-05  5.6609E-13  3.4699E-13  5.5686E-06
 6.4383E+25  8.3465E-05  9.9992E-01  7.0095E+03  8.1828E-05  5.6254E-13  3.4699E-13  5.5400E-06
 6.4475E+25  8.3814E-05  9.9992E-01  7.0095E+03  8.1828E-05  5.5909E-13  3.4699E-13  5.5118E-06
 6.4568E+25  8.4068E-05  9.9992E-01  7.0095E+03  8.1828E-05  5.5993E-13  3.4699E-13  5.4833E-06
 6.4660E+25  8.4552E-05  9.9992E-01  7.0095E+03  8.1828E-05  5.5847E-13  3.4699E-13  5.4546E-06
 6.4753E+25  8.5055E-05  9.9991E-01  7.0095E+03  8.1828E-05  5.5498E-13  3.4699E-13  5.4259E-06
 6.4846E+25  8.5521E-05  9.9991E-01  7.0094E+03  8.1828E-05  5.5152E-13  3.4699E-13  5.3972E-06
 6.4938E+25  8.5925E-05  9.9991E-01  7.0094E+03  8.1828E-05  5.4809E-13  3.4699E-13  5.3685E-06
 6.5031E+25  8.6210E-05  9.9991E-01  7.0094E+03  8.1828E-05  5.4634E-13  3.4699E-13  5.3399E-06
 6.5123E+25  8.6630E-05  9.9991E-01  7.0094E+03  8.1828E-05  5.4740E-13  3.4699E-13  5.3112E-06
 6.5216E+25  8.7144E-05  9.9991E-01  7.0094E+03  8.1828E-05  5.4407E-13  3.4699E-13  5.2820E-06
 6.5308E+25  8.7641E-05  9.9991E-01  7.0094E+03  8.1828E-05  5.4068E-13  3.4699E-13  5.2534E-06
 6.5401E+25  8.8088E-05  9.9991E-01  7.0094E+03  8.1828E-05  5.3735E-13  3.4699E-13  5.2245E-06
 6.5494E+25  8.8454E-05  9.9991E-01  7.0094E+03  8.1828E-05  5.3404E-13  3.4699E-13  5.1958E-06
 6.5586E+25  8.8783E-05  9.9991E-01  7.0093E+03  8.1828E-05  5.3560E-13  3.4699E-13  5.1670E-06
 6.5679E+25  8.9312E-05  9.9991E-01  7.0093E+03  8.1828E-05  5.3325E-13  3.4699E-13  5.1387E-06
 6.5771E+25  8.9826E-05  9.9991E-01  7.0093E+03  8.1828E-05  5.3005E-13  3.4699E-13  5.1124E-06
 6.5864E+25  9.0313E-05  9.9991E-01  7.0093E+03  8.1828E-05  5.2677E-13  3.4700E-13  5.0863E-06
 6.5956E+25  9.0734E-05  9.9991E-01  7.0093E+03  8.1828E-05  5.2356E-13  3.4700E-13  5.0608E-06
 6.6049E+25  9.1068E-05  9.9991E-01  7.0093E+03  8.1828E-05  5.2254E-13  3.4700E-13  5.0360E-06
 6.6142E+25  9.1552E-05  9.9991E-01  7.0093E+03  8.1828E-05  5.2269E-13  3.4700E-13  5.0107E-06
 6.6234E+25  9.2090E-05  9.9991E-01  7.0093E+03  8.1828E-05  5.1949E-13  3.4700E-13  4.9850E-06
 6.6327E+25  9.2600E-05  9.9991E-01  7.0092E+03  8.1828E-05  5.1640E-13  3.4700E-13  4.9596E-06
 6.6419E+25  9.3073E-05  9.9991E-01  7.0092E+03  8.1828E-05  5.1323E-13  3.4700E-13  4.9342E-06
 6.6512E+25  9.3464E-05  9.9991E-01  7.0092E+03  8.1828E-05  5.1014E-13  3.4700E-13  4.9086E-06
 6.6604E+25  9.3875E-05  9.9991E-01  7.0092E+03  8.1828E-05  5.1203E-13  3.4700E-13  4.8831E-06
 6.6697E+25  9.4429E-05  9.9991E-01  7.0092E+03  8.1828E-05  5.0918E-13  3.4700E-13  4.8576E-06
 6.6789E+25  9.4969E-05  9.9991E-01  7.0092E+03  8.1828E-05  5.0610E-13  3.4700E-13  4.8321E-06
 6.6882E+25  9.5472E-05  9.9990E-01  7.0092E+03  8.1828E-05  5.0311E-13  3.4700E-13  4.8064E-06
 6.6975E+25  9.5924E-05  9.9990E-01  7.0091E+03  8.1828E-05  5.0005E-13  3.4700E-13  4.7805E-06
 6.7067E+25  9.6314E-05  9.9990E-01  7.0091E+03  8.1828E-05  4.9967E-13  3.4700E-13  4.7552E-06
 6.7160E+25  9.6852E-05  9.9990E-01  7.0091E+03  8.1828E-05  4.9895E-13  3.4700E-13  4.7295E-06
 6.7252E+25  9.7409E-05  9.9990E-01  7.0091E+03  8.1828E-05  4.9602E-13  3.4700E-13  4.7037E-06
 6.7345E+25  9.7947E-05  9.9990E-01  7.0091E+03  8.1828E-05  4.9305E-13  3.4700E-13  4.6792E-06
 6.7437E+25  9.8443E-05  9.9990E-01  7.0091E+03  8.1828E-05  4.9017E-13  3.4700E-13  4.6560E-06
 6.7530E+25  9.8872E-05  9.9990E-01  7.0091E+03  8.1828E-05  4.8767E-13  3.4701E-13  4.6328E-06
 6.7623E+25  9.9359E-05  9.9990E-01  7.0090E+03  8.1828E-05  4.8895E-13  3.4701E-13  4.6103E-06
 6.7715E+25  9.9937E-05  9.9990E-01  7.0090E+03  8.1828E-05  4.8602E-13  3.4701E-13  4.5883E-06
 6.7808E+25  1.0050E-04  9.9990E-01  7.0090E+03  8.1828E-05  4.8320E-13  3.4701E-13  4.5658E-06
 6.7900E+25  1.0103E-04  9.9990E-01  7.0090E+03  8.1828E-05  4.8034E-13  3.4701E-13  4.5432E-06
 6.7993E+25  1.0152E-04  9.9990E-01  7.0090E+03  8.1828E-05  4.7756E-13  3.4701E-13  4.5206E-06
 6.8085E+25  1.0197E-04  9.9990E-01  7.0090E+03  8.1828E-05  4.7763E-13  3.4701E-13  4.4978E-06
 6.8178E+25  1.0255E-04  9.9990E-01  7.0090E+03  8.1828E-05  4.7626E-13  3.4701E-13  4.4753E-06
 6.8271E+25  1.0314E-04  9.9990E-01  7.0089E+03  8.1828E-05  4.7343E-13  3.4701E-13  4.4527E-06
 6.8363E+25  1.0370E-04  9.9990E-01  7.0089E+03  8.1828E-05  4.7071E-13  3.4701E-13  4.4300E-06
 6.8456E+25  1.0422E-04  9.9990E-01  7.0089E+03  8.1828E-05  4.6795E-13  3.4701E-13  4.4070E-06
 6.8548E+25  1.0470E-04  9.9990E-01  7.0089E+03  8.1828E-05  4.6628E-13  3.4701E-13  4.3843E-06
 6.8641E+25  1.0525E-04  9.9989E-01  7.0089E+03  8.1828E-05  4.6661E-13  3.4701E-13  4.3617E-06
 6.8733E+25  1.0586E-04  9.9989E-01  7.0089E+03  8.1828E-05  4.6389E-13  3.4701E-13  4.3388E-06
 6.8826E+25  1.0645E-04  9.9989E-01  7.0089E+03  8.1828E-05  4.6116E-13  3.4701E-13  4.3158E-06
 6.8919E+25  1.0701E-04  9.9989E-01  7.0088E+03  8.1828E-05  4.5853E-13  3.4701E-13  4.2931E-06
 6.9011E+25  1.0753E-04  9.9989E-01  7.0088E+03  8.1828E-05  4.5589E-13  3.4701E-13  4.2709E-06
 6.9104E+25  1.0805E-04  9.9989E-01  7.0088E+03  8.1828E-05  4.5647E-13  3.4701E-13  4.2502E-06
 6.9196E+25  1.0867E-04  9.9989E-01  7.0088E+03  8.1828E-05  4.5446E-13  3.4702E-13  4.2295E-06
 6.9289E+25  1.0929E-04  9.9989E-01  7.0088E+03  8.1828E-05  4.5184E-13  3.4702E-13  4.2092E-06
 6.9381E+25  1.0988E-04  9.9989E-01  7.0088E+03  8.1828E-05  4.4921E-13  3.4702E-13  4.1897E-06
 6.9474E+25  1.1043E-04  9.9989E-01  7.0088E+03  8.1828E-05  4.4667E-13  3.4702E-13  4.1698E-06
 6.9567E+25  1.1096E-04  9.9989E-01  7.0087E+03  8.1828E-05  4.4561E-13  3.4702E-13  4.1498E-06
 6.9659E+25  1.1157E-04  9.9989E-01  7.0087E+03  8.1828E-05  4.4521E-13  3.4702E-13  4.1299E-06
 6.9752E+25  1.1221E-04  9.9989E-01  7.0087E+03  8.1828E-05  4.4263E-13  3.4702E-13  4.1098E-06
 6.9844E+25  1.1283E-04  9.9989E-01  7.0087E+03  8.1828E-05  4.4009E-13  3.4702E-13  4.0898E-06
 6.9937E+25  1.1342E-04  9.9989E-01  7.0087E+03  8.1828E-05  4.3756E-13  3.4702E-13  4.0695E-06
 7.0029E+25  1.1398E-04  9.9989E-01  7.0087E+03  8.1828E-05  4.3511E-13  3.4702E-13  4.0494E-06
 7.0122E+25  1.1456E-04  9.9989E-01  7.0087E+03  8.1828E-05  4.3602E-13  3.4702E-13  4.0292E-06
 7.0215E+25  1.1522E-04  9.9988E-01  7.0086E+03  8.1828E-05  4.3357E-13  3.4702E-13  4.0089E-06
 7.0307E+25  1.1586E-04  9.9988E-01  7.0086E+03  8.1828E-05  4.3109E-13  3.4702E-13  3.9886E-06
 7.0400E+25  1.1649E-04  9.9988E-01  7.0086E+03  8.1828E-05  4.2864E-13  3.4702E-13  3.9683E-06
 7.0492E+25  1.1709E-04  9.9988E-01  7.0086E+03  8.1828E-05  4.2620E-13  3.4702E-13  3.9481E-06
 7.0585E+25  1.1767E-04  9.9988E-01  7.0086E+03  8.1828E-05  4.2572E-13  3.4702E-13  3.9279E-06
 7.0677E+25  1.1833E-04  9.9988E-01  7.0086E+03  8.1828E-05  4.2460E-13  3.4703E-13  3.9073E-06
 7.0770E+25  1.1900E-04  9.9988E-01  7.0085E+03  8.1828E-05  4.2224E-13  3.4703E-13  3.8883E-06
 7.0863E+25  1.1965E-04  9.9988E-01  7.0085E+03  8.1828E-05  4.1985E-13  3.4703E-13  3.8699E-06
 7.0955E+25  1.2028E-04  9.9988E-01  7.0085E+03  8.1828E-05  4.1748E-13  3.4703E-13  3.8514E-06
 7.1048E+25  1.2088E-04  9.9988E-01  7.0085E+03  8.1828E-05  4.1574E-13  3.4703E-13  3.8336E-06
 7.1140E+25  1.2153E-04  9.9988E-01  7.0085E+03  8.1828E-05  4.1574E-13  3.4703E-13  3.8164E-06
 7.1233E+25  1.2221E-04  9.9988E-01  7.0085E+03  8.1828E-05  4.1347E-13  3.4703E-13  3.7987E-06
 7.1325E+25  1.2289E-04  9.9988E-01  7.0084E+03  8.1828E-05  4.1118E-13  3.4703E-13  3.7809E-06
 7.1418E+25  1.2355E-04  9.9988E-01  7.0084E+03  8.1828E-05  4.0890E-13  3.4703E-13  3.7631E-06
 7.1511E+25  1.2419E-04  9.9988E-01  7.0084E+03  8.1828E-05  4.0661E-13  3.4703E-13  3.7453E-06
 7.1603E+25  1.2482E-04  9.9988E-01  7.0084E+03  8.1828E-05  4.0657E-13  3.4703E-13  3.7276E-06
 7.1696E+25  1.2552E-04  9.9987E-01  7.0084E+03  8.1828E-05  4.0480E-13  3.4703E-13  3.7098E-06
 7.1788E+25  1.2622E-04  9.9987E-01  7.0084E+03  8.1828E-05  4.0261E-13  3.4703E-13  3.6919E-06
 7.1881E+25  1.2690E-04  9.9987E-01  7.0084E+03  8.1828E-05  4.0042E-13  3.4703E-13  3.6738E-06
 7.1973E+25  1.2757E-04  9.9987E-01  7.0083E+03  8.1828E-05  3.9822E-13  3.4703E-13  3.6559E-06
 7.2066E+25  1.2822E-04  9.9987E-01  7.0083E+03  8.1828E-05  3.9712E-13  3.4703E-13  3.6379E-06
 7.2159E+25  1.2893E-04  9.9987E-01  7.0083E+03  8.1828E-05  3.9632E-13  3.4704E-13  3.6198E-06
 7.2251E+25  1.2965E-04  9.9987E-01  7.0083E+03  8.1828E-05  3.9415E-13  3.4704E-13  3.6017E-06
 7.2344E+25  1.3035E-04  9.9987E-01  7.0083E+03  8.1828E-05  3.9204E-13  3.4704E-13  3.5837E-06
 7.2436E+25  1.3104E-04  9.9987E-01  7.0083E+03  8.1828E-05  3.8993E-13  3.4704E-13  3.5657E-06
 7.2529E+25  1.3172E-04  9.9987E-01  7.0082E+03  8.1828E-05  3.8797E-13  3.4704E-13  3.5484E-06
 7.2621E+25  1.3241E-04  9.9987E-01  7.0082E+03  8.1828E-05  3.8800E-13  3.4704E-13  3.5317E-06
 7.2714E+25  1.3315E-04  9.9987E-01  7.0082E+03  8.1828E-05  3.8586E-13  3.4704E-13  3.5154E-06
 7.2807E+25  1.3388E-04  9.9987E-01  7.0082E+03  8.1828E-05  3.8377E-13  3.4704E-13  3.4994E-06
 7.2899E+25  1.3460E-04  9.9987E-01  7.0082E+03  8.1828E-05  3.8174E-13  3.4704E-13  3.4840E-06
 7.2992E+25  1.3530E-04  9.9986E-01  7.0082E+03  8.1828E-05  3.7971E-13  3.4704E-13  3.4684E-06
 7.3084E+25  1.3600E-04  9.9986E-01  7.0081E+03  8.1828E-05  3.7915E-13  3.4704E-13  3.4527E-06
 7.3177E+25  1.3675E-04  9.9986E-01  7.0081E+03  8.1828E-05  3.7775E-13  3.4704E-13  3.4369E-06
 7.3269E+25  1.3750E-04  9.9986E-01  7.0081E+03  8.1828E-05  3.7568E-13  3.4704E-13  3.4211E-06
 7.3362E+25  1.3823E-04  9.9986E-01  7.0081E+03  8.1828E-05  3.7367E-13  3.4704E-13  3.4054E-06
 7.3455E+25  1.3896E-04  9.9986E-01  7.0081E+03  8.1828E-05  3.7170E-13  3.4705E-13  3.3895E-06
 7.3547E+25  1.3967E-04  9.9986E-01  7.0080E+03  8.1828E-05  3.7041E-13  3.4705E-13  3.3738E-06
 7.3640E+25  1.4043E-04  9.9986E-01  7.0080E+03  8.1828E-05  3.6973E-13  3.4705E-13  3.3580E-06
 7.3732E+25  1.4120E-04  9.9986E-01  7.0080E+03  8.1828E-05  3.6776E-13  3.4705E-13  3.3419E-06
 7.3825E+25  1.4196E-04  9.9986E-01  7.0080E+03  8.1828E-05  3.6578E-13  3.4705E-13  3.3258E-06
 7.3917E+25  1.4271E-04  9.9986E-01  7.0080E+03  8.1828E-05  3.6383E-13  3.4705E-13  3.3098E-06
 7.4010E+25  1.4344E-04  9.9986E-01  7.0080E+03  8.1828E-05  3.6193E-13  3.4705E-13  3.2938E-06
 7.4103E+25  1.4419E-04  9.9986E-01  7.0079E+03  8.1828E-05  3.6178E-13  3.4705E-13  3.2778E-06
 7.4195E+25  1.4497E-04  9.9986E-01  7.0079E+03  8.1828E-05  3.5993E-13  3.4705E-13  3.2617E-06
 7.4288E+25  1.4575E-04  9.9985E-01  7.0079E+03  8.1828E-05  3.5804E-13  3.4705E-13  3.2455E-06
 7.4380E+25  1.4652E-04  9.9985E-01  7.0079E+03  8.1828E-05  3.5614E-13  3.4705E-13  3.2306E-06
 7.4473E+25  1.4728E-04  9.9985E-01  7.0079E+03  8.1828E-05  3.5425E-13  3.4705E-13  3.2160E-06
 7.4565E+25  1.4804E-04  9.9985E-01  7.0079E+03  8.1828E-05  3.5342E-13  3.4705E-13  3.2012E-06
 7.4658E+25  1.4883E-04  9.9985E-01  7.0078E+03  8.1828E-05  3.5221E-13  3.4705E-13  3.1872E-06
 7.4751E+25  1.4963E-04  9.9985E-01  7.0078E+03  8.1828E-05  3.5040E-13  3.4705E-13  3.1736E-06
 7.4843E+25  1.5042E-04  9.9985E-01  7.0078E+03  8.1828E-05  3.4859E-13  3.4706E-13  3.1598E-06
 7.4936E+25  1.5120E-04  9.9985E-01  7.0078E+03  8.1828E-05  3.4675E-13  3.4706E-13  3.1457E-06
 7.5028E+25  1.5197E-04  9.9985E-01  7.0078E+03  8.1828E-05  3.4532E-13  3.4706E-13  3.1318E-06
 7.5121E+25  1.5276E-04  9.9985E-01  7.0077E+03  8.1828E-05  3.4460E-13  3.4706E-13  3.1177E-06
 7.5213E+25  1.5357E-04  9.9985E-01  7.0077E+03  8.1828E-05  3.4286E-13  3.4706E-13  3.1038E-06
 7.5306E+25  1.5437E-04  9.9985E-01  7.0077E+03  8.1828E-05  3.4112E-13  3.4706E-13  3.0898E-06
 7.5399E+25  1.5517E-04  9.9984E-01  7.0077E+03  8.1828E-05  3.3939E-13  3.4706E-13  3.0757E-06
 7.5491E+25  1.5596E-04  9.9984E-01  7.0077E+03  8.1828E-05  3.3763E-13  3.4706E-13  3.0617E-06
 7.5584E+25  1.5676E-04  9.9984E-01  7.0077E+03  8.1828E-05  3.3704E-13  3.4706E-13  3.0475E-06
 7.5676E+25  1.5758E-04  9.9984E-01  7.0076E+03  8.1828E-05  3.3544E-13  3.4706E-13  3.0333E-06
 7.5769E+25  1.5840E-04  9.9984E-01  7.0076E+03  8.1828E-05  3.3378E-13  3.4706E-13  3.0191E-06
 7.5861E+25  1.5922E-04  9.9984E-01  7.0076E+03  8.1828E-05  3.3211E-13  3.4706E-13  3.0048E-06
 7.5954E+25  1.6003E-04  9.9984E-01  7.0076E+03  8.1828E-05  3.3045E-13  3.4706E-13  2.9905E-06
 7.6047E+25  1.6083E-04  9.9984E-01  7.0076E+03  8.1828E-05  3.2940E-13  3.4707E-13  2.9763E-06
 7.6139E+25  1.6167E-04  9.9984E-01  7.0075E+03  8.1828E-05  3.2818E-13  3.4707E-13  2.9619E-06
 7.6232E+25  1.6249E-04  9.9984E-01  7.0075E+03  8.1828E-05  3.2654E-13  3.4707E-13  2.9482E-06
 7.6324E+25  1.6332E-04  9.9984E-01  7.0075E+03  8.1828E-05  3.2495E-13  3.4707E-13  2.9350E-06
 7.6417E+25  1.6415E-04  9.9984E-01  7.0075E+03  8.1828E-05  3.2336E-13  3.4707E-13  2.9221E-06
 7.6509E+25  1.6496E-04  9.9984E-01  7.0075E+03  8.1828E-05  3.2196E-13  3.4707E-13  2.9094E-06
 7.6602E+25  1.6580E-04  9.9983E-01  7.0074E+03  8.1828E-05  3.2111E-13  3.4707E-13  2.8971E-06
 7.6695E+25  1.6665E-04  9.9983E-01  7.0074E+03  8.1828E-05  3.1948E-13  3.4707E-13  2.8850E-06
 7.6787E+25  1.6749E-04  9.9983E-01  7.0074E+03  8.1828E-05  3.1790E-13  3.4707E-13  2.8727E-06
 7.6880E+25  1.6832E-04  9.9983E-01  7.0074E+03  8.1828E-05  3.1638E-13  3.4707E-13  2.8603E-06
 7.6972E+25  1.6916E-04  9.9983E-01  7.0074E+03  8.1828E-05  3.1485E-13  3.4707E-13  2.8478E-06
 7.7065E+25  1.6999E-04  9.9983E-01  7.0073E+03  8.1828E-05  3.1401E-13  3.4707E-13  2.8355E-06
 7.7157E+25  1.7084E-04  9.9983E-01  7.0073E+03  8.1828E-05  3.1261E-13  3.4707E-13  2.8230E-06
 7.7250E+25  1.7170E-04  9.9983E-01  7.0073E+03  8.1828E-05  3.1104E-13  3.4708E-13  2.8106E-06
 7.7343E+25  1.7255E-04  9.9983E-01  7.0073E+03  8.1828E-05  3.0953E-13  3.4708E-13  2.7981E-06
 7.7435E+25  1.7339E-04  9.9983E-01  7.0073E+03  8.1828E-05  3.0805E-13  3.4708E-13  2.7856E-06
 7.7528E+25  1.7423E-04  9.9983E-01  7.0073E+03  8.1828E-05  3.0693E-13  3.4708E-13  2.7730E-06
 7.7620E+25  1.7510E-04  9.9982E-01  7.0072E+03  8.1828E-05  3.0580E-13  3.4708E-13  2.7604E-06
 7.7713E+25  1.7596E-04  9.9982E-01  7.0072E+03  8.1828E-05  3.0435E-13  3.4708E-13  2.7478E-06
 7.7805E+25  1.7682E-04  9.9982E-01  7.0072E+03  8.1828E-05  3.0285E-13  3.4708E-13  2.7351E-06
 7.7898E+25  1.7768E-04  9.9982E-01  7.0072E+03  8.1828E-05  3.0139E-13  3.4708E-13  2.7225E-06
 7.7991E+25  1.7852E-04  9.9982E-01  7.0072E+03  8.1828E-05  3.0004E-13  3.4708E-13  2.7096E-06
 7.8083E+25  1.7938E-04  9.9982E-01  7.0071E+03  8.1828E-05  2.9912E-13  3.4708E-13  2.6970E-06
 7.8176E+25  1.8025E-04  9.9982E-01  7.0071E+03  8.1828E-05  2.9774E-13  3.4708E-13  2.6850E-06
 7.8268E+25  1.8112E-04  9.9982E-01  7.0071E+03  8.1828E-05  2.9634E-13  3.4708E-13  2.6733E-06
 7.8361E+25  1.8198E-04  9.9982E-01  7.0071E+03  8.1828E-05  2.9492E-13  3.4708E-13  2.6616E-06
 7.8453E+25  1.8284E-04  9.9982E-01  7.0071E+03  8.1828E-05  2.9350E-13  3.4709E-13  2.6502E-06
 7.8546E+25  1.8371E-04  9.9982E-01  7.0070E+03  8.1828E-05  2.9247E-13  3.4709E-13  2.6397E-06
 7.8638E+25  1.8459E-04  9.9982E-01  7.0070E+03  8.1828E-05  2.9123E-13  3.4709E-13  2.6290E-06
 7.8731E+25  1.8545E-04  9.9981E-01  7.0070E+03  8.1828E-05  2.8991E-13  3.4709E-13  2.6178E-06
 7.8824E+25  1.8633E-04  9.9981E-01  7.0070E+03  8.1828E-05  2.8858E-13  3.4709E-13  2.6069E-06
 7.8916E+25  1.8721E-04  9.9981E-01  7.0070E+03  8.1828E-05  2.8723E-13  3.4709E-13  2.5959E-06
 7.9009E+25  1.8807E-04  9.9981E-01  7.0069E+03  8.1828E-05  2.8598E-13  3.4709E-13  2.5849E-06
 7.9101E+25  1.8894E-04  9.9981E-01  7.0069E+03  8.1828E-05  2.8487E-13  3.4709E-13  2.5738E-06
 7.9194E+25  1.8983E-04  9.9981E-01  7.0069E+03  8.1828E-05  2.8359E-13  3.4709E-13  2.5629E-06
 7.9286E+25  1.9070E-04  9.9981E-01  7.0069E+03  8.1828E-05  2.8231E-13  3.4709E-13  2.5518E-06
 7.9379E+25  1.9157E-04  9.9981E-01  7.0069E+03  8.1828E-05  2.8106E-13  3.4709E-13  2.5407E-06
 7.9472E+25  1.9245E-04  9.9981E-01  7.0068E+03  8.1828E-05  2.7978E-13  3.4709E-13  2.5296E-06
 7.9564E+25  1.9333E-04  9.9981E-01  7.0068E+03  8.1828E-05  2.7867E-13  3.4710E-13  2.5183E-06
 7.9657E+25  1.9420E-04  9.9981E-01  7.0068E+03  8.1828E-05  2.7741E-13  3.4710E-13  2.5071E-06
 7.9749E+25  1.9508E-04  9.9980E-01  7.0068E+03  8.1828E-05  2.7619E-13  3.4710E-13  2.4958E-06
 7.9842E+25  1.9596E-04  9.9980E-01  7.0068E+03  8.1828E-05  2.7497E-13  3.4710E-13  2.4846E-06
 7.9934E+25  1.9685E-04  9.9980E-01  7.0067E+03  8.1828E-05  2.7377E-13  3.4710E-13  2.4734E-06
 8.0027E+25  1.9772E-04  9.9980E-01  7.0067E+03  8.1828E-05  2.7262E-13  3.4710E-13  2.4621E-06
 8.0120E+25  1.9860E-04  9.9980E-01  7.0067E+03  8.1828E-05  2.7142E-13  3.4710E-13  2.4509E-06
 8.0212E+25  1.9948E-04  9.9980E-01  7.0067E+03  8.1828E-05  2.7020E-13  3.4710E-13  2.4405E-06
 8.0305E+25  2.0037E-04  9.9980E-01  7.0066E+03  8.1828E-05  2.6904E-13  3.4710E-13  2.4302E-06
 8.0397E+25  2.0125E-04  9.9980E-01  7.0066E+03  8.1828E-05  2.6786E-13  3.4710E-13  2.4199E-06
 8.0490E+25  2.0212E-04  9.9980E-01  7.0066E+03  8.1828E-05  2.6671E-13  3.4710E-13  2.4101E-06
 8.0582E+25  2.0300E-04  9.9980E-01  7.0066E+03  8.1828E-05  2.6559E-13  3.4710E-13  2.4006E-06
 8.0675E+25  2.0389E-04  9.9980E-01  7.0066E+03  8.1828E-05  2.6441E-13  3.4711E-13  2.3911E-06
 8.0768E+25  2.0477E-04  9.9980E-01  7.0065E+03  8.1828E-05  2.6323E-13  3.4711E-13  2.3814E-06
 8.0860E+25  2.0564E-04  9.9979E-01  7.0065E+03  8.1828E-05  2.6211E-13  3.4711E-13  2.3716E-06
 8.0953E+25  2.0653E-04  9.9979E-01  7.0065E+03  8.1828E-05  2.6100E-13  3.4711E-13  2.3618E-06
 8.1045E+25  2.0742E-04  9.9979E-01  7.0065E+03  8.1828E-05  2.5983E-13  3.4711E-13  2.3521E-06
 8.1138E+25  2.0829E-04  9.9979E-01  7.0065E+03  8.1828E-05  2.5873E-13  3.4711E-13  2.3424E-06
 8.1230E+25  2.0917E-04  9.9979E-01  7.0064E+03  8.1828E-05  2.5763E-13  3.4711E-13  2.3325E-06
 8.1323E+25  2.1005E-04  9.9979E-01  7.0064E+03  8.1828E-05  2.5650E-13  3.4711E-13  2.3228E-06
 8.1416E+25  2.1094E-04  9.9979E-01  7.0064E+03  8.1828E-05  2.5541E-13  3.4711E-13  2.3128E-06
 8.1508E+25  2.1180E-04  9.9979E-01  7.0064E+03  8.1828E-05  2.5434E-13  3.4711E-13  2.3030E-06
 8.1601E+25  2.1268E-04  9.9979E-01  7.0064E+03  8.1828E-05  2.5312E-13  3.4711E-13  2.2930E-06
 8.1693E+25  2.1356E-04  9.9979E-01  7.0063E+03  8.1828E-05  2.5209E-13  3.4711E-13  2.2830E-06
 8.1786E+25  2.1444E-04  9.9979E-01  7.0063E+03  8.1828E-05  2.5108E-13  3.4711E-13  2.2731E-06
 8.1878E+25  2.1531E-04  9.9978E-01  7.0063E+03  8.1828E-05  2.5000E-13  3.4712E-13  2.2630E-06
 8.1971E+25  2.1619E-04  9.9978E-01  7.0063E+03  8.1828E-05  2.4894E-13  3.4712E-13  2.2531E-06
 8.2064E+25  2.1706E-04  9.9978E-01  7.0063E+03  8.1828E-05  2.4779E-13  3.4712E-13  2.2430E-06
 8.2156E+25  2.1794E-04  9.9978E-01  7.0062E+03  8.1828E-05  2.4668E-13  3.4712E-13  2.2332E-06
 8.2249E+25  2.1882E-04  9.9978E-01  7.0062E+03  8.1828E-05  2.4569E-13  3.4712E-13  2.2239E-06
 8.2341E+25  2.1968E-04  9.9978E-01  7.0062E+03  8.1828E-05  2.4473E-13  3.4712E-13  2.2146E-06
 8.2434E+25  2.2055E-04  9.9978E-01  7.0062E+03  8.1828E-05  2.4374E-13  3.4712E-13  2.2054E-06
 8.2526E+25  2.2143E-04  9.9978E-01  7.0061E+03  8.1828E-05  2.4269E-13  3.4712E-13  2.1968E-06
 8.2619E+25  2.2231E-04  9.9978E-01  7.0061E+03  8.1828E-05  2.4141E-13  3.4712E-13  2.1884E-06
 8.2712E+25  2.2316E-04  9.9978E-01  7.0061E+03  8.1828E-05  2.4048E-13  3.4712E-13  2.1798E-06
 8.2804E+25  2.2403E-04  9.9978E-01  7.0061E+03  8.1828E-05  2.3951E-13  3.4712E-13  2.1712E-06
 8.2897E+25  2.2489E-04  9.9978E-01  7.0061E+03  8.1828E-05  2.3859E-13  3.4713E-13  2.1626E-06
 8.2989E+25  2.2576E-04  9.9977E-01  7.0060E+03  8.1828E-05  2.3768E-13  3.4713E-13  2.1540E-06
 8.3082E+25  2.2663E-04  9.9977E-01  7.0060E+03  8.1828E-05  2.3651E-13  3.4713E-13  2.1454E-06
 8.3174E+25  2.2748E-04  9.9977E-01  7.0060E+03  8.1828E-05  2.3537E-13  3.4713E-13  2.1366E-06
 8.3267E+25  2.2834E-04  9.9977E-01  7.0060E+03  8.1828E-05  2.3448E-13  3.4713E-13  2.1280E-06
 8.3360E+25  2.2920E-04  9.9977E-01  7.0060E+03  8.1828E-05  2.3357E-13  3.4713E-13  2.1194E-06
 8.3452E+25  2.3006E-04  9.9977E-01  7.0059E+03  8.1828E-05  2.3268E-13  3.4713E-13  2.1106E-06
 8.3545E+25  2.3092E-04  9.9977E-01  7.0059E+03  8.1828E-05  2.3181E-13  3.4713E-13  2.1019E-06
 8.3637E+25  2.3177E-04  9.9977E-01  7.0059E+03  8.1828E-05  2.3051E-13  3.4713E-13  2.0930E-06
 8.3730E+25  2.3263E-04  9.9977E-01  7.0059E+03  8.1828E-05  2.2956E-13  3.4713E-13  2.0842E-06
 8.3822E+25  2.3347E-04  9.9977E-01  7.0059E+03  8.1828E-05  2.2868E-13  3.4713E-13  2.0753E-06
 8.3915E+25  2.3433E-04  9.9977E-01  7.0058E+03  8.1828E-05  2.2785E-13  3.4713E-13  2.0665E-06
 8.4008E+25  2.3517E-04  9.9976E-01  7.0058E+03  8.1828E-05  2.2698E-13  3.4714E-13  2.0575E-06
 8.4100E+25  2.3602E-04  9.9976E-01  7.0058E+03  8.1828E-05  2.2601E-13  3.4714E-13  2.0486E-06
 8.4193E+25  2.3687E-04  9.9976E-01  7.0058E+03  8.1828E-05  2.2481E-13  3.4714E-13  2.0397E-06
 8.4285E+25  2.3770E-04  9.9976E-01  7.0058E+03  8.1828E-05  2.2397E-13  3.4714E-13  2.0312E-06
 8.4378E+25  2.3855E-04  9.9976E-01  7.0057E+03  8.1828E-05  2.2311E-13  3.4714E-13  2.0230E-06
 8.4470E+25  2.3938E-04  9.9976E-01  7.0057E+03  8.1828E-05  2.2231E-13  3.4714E-13  2.0148E-06
 8.4563E+25  2.4022E-04  9.9976E-01  7.0057E+03  8.1828E-05  2.2150E-13  3.4714E-13  2.0066E-06
 8.4656E+25  2.4106E-04  9.9976E-01  7.0057E+03  8.1828E-05  2.2037E-13  3.4714E-13  1.9990E-06
 8.4748E+25  2.4189E-04  9.9976E-01  7.0057E+03  8.1828E-05  2.1934E-13  3.4714E-13  1.9917E-06
 8.4841E+25  2.4272E-04  9.9976E-01  7.0056E+03  8.1828E-05  2.1858E-13  3.4714E-13  1.9841E-06
 8.4933E+25  2.4354E-04  9.9976E-01  7.0056E+03  8.1828E-05  2.1777E-13  3.4714E-13  1.9765E-06
 8.5026E+25  2.4437E-04  9.9976E-01  7.0056E+03  8.1828E-05  2.1697E-13  3.4714E-13  1.9687E-06
 8.5118E+25  2.4521E-04  9.9975E-01  7.0056E+03  8.1828E-05  2.1623E-13  3.4714E-13  1.9611E-06
 8.5211E+25  2.4603E-04  9.9975E-01  7.0055E+03  8.1828E-05  2.1494E-13  3.4715E-13  1.9535E-06
 8.5304E+25  2.4684E-04  9.9975E-01  7.0055E+03  8.1828E-05  2.1409E-13  3.4715E-13  1.9459E-06
 8.5396E+25  2.4765E-04  9.9975E-01  7.0055E+03  8.1828E-05  2.1335E-13  3.4715E-13  1.9381E-06
 8.5489E+25  2.4846E-04  9.9975E-01  7.0055E+03  8.1828E-05  2.1262E-13  3.4715E-13  1.9304E-06
 8.5581E+25  2.4929E-04  9.9975E-01  7.0055E+03  8.1828E-05  2.1186E-13  3.4715E-13  1.9227E-06
 8.5674E+25  2.5010E-04  9.9975E-01  7.0054E+03  8.1828E-05  2.1110E-13  3.4715E-13  1.9150E-06
 8.5766E+25  2.5091E-04  9.9975E-01  7.0054E+03  8.1828E-05  2.0976E-13  3.4715E-13  1.9071E-06
 8.5859E+25  2.5171E-04  9.9975E-01  7.0054E+03  8.1828E-05  2.0903E-13  3.4715E-13  1.8993E-06
 8.5952E+25  2.5250E-04  9.9975E-01  7.0054E+03  8.1828E-05  2.0834E-13  3.4715E-13  1.8914E-06
 8.6044E+25  2.5330E-04  9.9975E-01  7.0054E+03  8.1828E-05  2.0764E-13  3.4715E-13  1.8835E-06
 8.6137E+25  2.5411E-04  9.9975E-01  7.0053E+03  8.1828E-05  2.0695E-13  3.4715E-13  1.8756E-06
 8.6229E+25  2.5492E-04  9.9975E-01  7.0053E+03  8.1828E-05  2.0609E-13  3.4715E-13  1.8677E-06
 8.6322E+25  2.5571E-04  9.9974E-01  7.0053E+03  8.1828E-05  2.0486E-13  3.4716E-13  1.8598E-06
 8.6414E+25  2.5649E-04  9.9974E-01  7.0053E+03  8.1828E-05  2.0418E-13  3.4716E-13  1.8520E-06
 8.6507E+25  2.5726E-04  9.9974E-01  7.0053E+03  8.1828E-05  2.0351E-13  3.4716E-13  1.8447E-06
 8.6600E+25  2.5807E-04  9.9974E-01  7.0052E+03  8.1828E-05  2.0285E-13  3.4716E-13  1.8374E-06
 8.6692E+25  2.5885E-04  9.9974E-01  7.0052E+03  8.1828E-05  2.0220E-13  3.4716E-13  1.8301E-06
 8.6785E+25  2.5964E-04  9.9974E-01  7.0052E+03  8.1828E-05  2.0132E-13  3.4716E-13  1.8232E-06
 8.6877E+25  2.6041E-04  9.9974E-01  7.0052E+03  8.1828E-05  2.0014E-13  3.4716E-13  1.8166E-06
 8.6970E+25  2.6117E-04  9.9974E-01  7.0052E+03  8.1828E-05  1.9952E-13  3.4716E-13  1.8100E-06
 8.7062E+25  2.6194E-04  9.9974E-01  7.0051E+03  8.1828E-05  1.9887E-13  3.4716E-13  1.8032E-06
 8.7155E+25  2.6271E-04  9.9974E-01  7.0051E+03  8.1828E-05  1.9825E-13  3.4716E-13  1.7965E-06
 8.7248E+25  2.6348E-04  9.9974E-01  7.0051E+03  8.1828E-05  1.9762E-13  3.4716E-13  1.7898E-06
 8.7340E+25  2.6425E-04  9.9974E-01  7.0051E+03  8.1828E-05  1.9674E-13  3.4716E-13  1.7829E-06
 8.7433E+25  2.6502E-04  9.9973E-01  7.0051E+03  8.1828E-05  1.9564E-13  3.4717E-13  1.7761E-06
 8.7525E+25  2.6575E-04  9.9973E-01  7.0050E+03  8.1828E-05  1.9502E-13  3.4717E-13  1.7694E-06
 8.7618E+25  2.6651E-04  9.9973E-01  7.0050E+03  8.1828E-05  1.9443E-13  3.4717E-13  1.7626E-06
 8.7710E+25  2.6726E-04  9.9973E-01  7.0050E+03  8.1828E-05  1.9382E-13  3.4717E-13  1.7558E-06
 8.7803E+25  2.6802E-04  9.9973E-01  7.0050E+03  8.1828E-05  1.9324E-13  3.4717E-13  1.7488E-06
 8.7896E+25  2.6877E-04  9.9973E-01  7.0050E+03  8.1828E-05  1.9237E-13  3.4717E-13  1.7419E-06
 8.7988E+25  2.6952E-04  9.9973E-01  7.0049E+03  8.1828E-05  1.9129E-13  3.4717E-13  1.7350E-06
 8.8081E+25  2.7024E-04  9.9973E-01  7.0049E+03  8.1828E-05  1.9072E-13  3.4717E-13  1.7280E-06
 8.8173E+25  2.7098E-04  9.9973E-01  7.0049E+03  8.1828E-05  1.9014E-13  3.4717E-13  1.7211E-06
 8.8266E+25  2.7171E-04  9.9973E-01  7.0049E+03  8.1828E-05  1.8959E-13  3.4717E-13  1.7140E-06
 8.8358E+25  2.7245E-04  9.9973E-01  7.0049E+03  8.1828E-05  1.8902E-13  3.4717E-13  1.7070E-06
 8.8451E+25  2.7318E-04  9.9973E-01  7.0048E+03  8.1828E-05  1.8825E-13  3.4717E-13  1.7000E-06
 8.8544E+25  2.7391E-04  9.9973E-01  7.0048E+03  8.1828E-05  1.8711E-13  3.4717E-13  1.6930E-06
 8.8636E+25  2.7461E-04  9.9973E-01  7.0048E+03  8.1828E-05  1.8658E-13  3.4718E-13  1.6861E-06
 8.8729E+25  2.7533E-04  9.9972E-01  7.0048E+03  8.1828E-05  1.8604E-13  3.4718E-13  1.6796E-06
 8.8821E+25  2.7604E-04  9.9972E-01  7.0048E+03  8.1828E-05  1.8550E-13  3.4718E-13  1.6730E-06
 8.8914E+25  2.7676E-04  9.9972E-01  7.0047E+03  8.1828E-05  1.8498E-13  3.4718E-13  1.6665E-06
 8.9006E+25  2.7748E-04  9.9972E-01  7.0047E+03  8.1828E-05  1.8435E-13  3.4718E-13  1.6603E-06
 8.9099E+25  2.7819E-04  9.9972E-01  7.0047E+03  8.1828E-05  1.8311E-13  3.4718E-13  1.6546E-06
 8.9192E+25  2.7887E-04  9.9972E-01  7.0047E+03  8.1828E-05  1.8260E-13  3.4718E-13  1.6487E-06
 8.9284E+25  2.7958E-04  9.9972E-01  7.0047E+03  8.1828E-05  1.8209E-13  3.4718E-13  1.6428E-06
 8.9377E+25  2.8027E-04  9.9972E-01  7.0046E+03  8.1828E-05  1.8159E-13  3.4718E-13  1.6368E-06
 8.9469E+25  2.8097E-04  9.9972E-01  7.0046E+03  8.1828E-05  1.8108E-13  3.4718E-13  1.6308E-06
 8.9562E+25  2.8167E-04  9.9972E-01  7.0046E+03  8.1828E-05  1.8059E-13  3.4718E-13  1.6248E-06
 8.9654E+25  2.8237E-04  9.9972E-01  7.0046E+03  8.1828E-05  1.7935E-13  3.4718E-13  1.6188E-06
 8.9747E+25  2.8303E-04  9.9972E-01  7.0046E+03  8.1828E-05  1.7878E-13  3.4718E-13  1.6127E-06
 8.9840E+25  2.8371E-04  9.9972E-01  7.0045E+03  8.1828E-05  1.7830E-13  3.4719E-13  1.6067E-06
 8.9932E+25  2.8438E-04  9.9972E-01  7.0045E+03  8.1828E-05  1.7782E-13  3.4719E-13  1.6007E-06
 9.0025E+25  2.8506E-04  9.9971E-01  7.0045E+03  8.1828E-05  1.7736E-13  3.4719E-13  1.5947E-06
 9.0117E+25  2.8573E-04  9.9971E-01  7.0045E+03  8.1828E-05  1.7688E-13  3.4719E-13  1.5886E-06
 9.0210E+25  2.8641E-04  9.9971E-01  7.0045E+03  8.1828E-05  1.7592E-13  3.4719E-13  1.5823E-06
 9.0302E+25  2.8707E-04  9.9971E-01  7.0045E+03  8.1828E-05  1.7512E-13  3.4719E-13  1.5762E-06
 9.0395E+25  2.8772E-04  9.9971E-01  7.0044E+03  8.1828E-05  1.7466E-13  3.4719E-13  1.5701E-06
 9.0487E+25  2.8837E-04  9.9971E-01  7.0044E+03  8.1828E-05  1.7421E-13  3.4719E-13  1.5638E-06
 9.0580E+25  2.8903E-04  9.9971E-01  7.0044E+03  8.1828E-05  1.7376E-13  3.4719E-13  1.5576E-06
 9.0673E+25  2.8968E-04  9.9971E-01  7.0044E+03  8.1828E-05  1.7333E-13  3.4719E-13  1.5513E-06
 9.0765E+25  2.9034E-04  9.9971E-01  7.0044E+03  8.1828E-05  1.7272E-13  3.4719E-13  1.5451E-06
 9.0858E+25  2.9100E-04  9.9971E-01  7.0043E+03  8.1828E-05  1.7161E-13  3.4719E-13  1.5388E-06
 9.0950E+25  2.9161E-04  9.9971E-01  7.0043E+03  8.1828E-05  1.7118E-13  3.4719E-13  1.5330E-06
 9.1043E+25  2.9225E-04  9.9971E-01  7.0043E+03  8.1828E-05  1.7076E-13  3.4720E-13  1.5271E-06
 9.1135E+25  2.9289E-04  9.9971E-01  7.0043E+03  8.1828E-05  1.7033E-13  3.4720E-13  1.5213E-06
 9.1228E+25  2.9352E-04  9.9971E-01  7.0043E+03  8.1828E-05  1.6991E-13  3.4720E-13  1.5155E-06
 9.1321E+25  2.9415E-04  9.9971E-01  7.0042E+03  8.1828E-05  1.6950E-13  3.4720E-13  1.5102E-06
 9.1413E+25  2.9479E-04  9.9971E-01  7.0042E+03  8.1828E-05  1.6847E-13  3.4720E-13  1.5051E-06
 9.1506E+25  2.9540E-04  9.9970E-01  7.0042E+03  8.1828E-05  1.6784E-13  3.4720E-13  1.4999E-06
 9.1598E+25  2.9601E-04  9.9970E-01  7.0042E+03  8.1828E-05  1.6744E-13  3.4720E-13  1.4946E-06
 9.1691E+25  2.9662E-04  9.9970E-01  7.0042E+03  8.1828E-05  1.6704E-13  3.4720E-13  1.4893E-06
 9.1783E+25  2.9723E-04  9.9970E-01  7.0042E+03  8.1828E-05  1.6665E-13  3.4720E-13  1.4840E-06
 9.1876E+25  2.9785E-04  9.9970E-01  7.0041E+03  8.1828E-05  1.6625E-13  3.4720E-13  1.4787E-06
 9.1969E+25  2.9846E-04  9.9970E-01  7.0041E+03  8.1828E-05  1.6571E-13  3.4720E-13  1.4734E-06
 9.2061E+25  2.9907E-04  9.9970E-01  7.0041E+03  8.1828E-05  1.6463E-13  3.4720E-13  1.4681E-06
 9.2154E+25  2.9965E-04  9.9970E-01  7.0041E+03  8.1828E-05  1.6426E-13  3.4720E-13  1.4628E-06
 9.2246E+25  3.0024E-04  9.9970E-01  7.0041E+03  8.1828E-05  1.6388E-13  3.4720E-13  1.4573E-06
 9.2339E+25  3.0083E-04  9.9970E-01  7.0040E+03  8.1828E-05  1.6351E-13  3.4721E-13  1.4520E-06
 9.2431E+25  3.0142E-04  9.9970E-01  7.0040E+03  8.1828E-05  1.6314E-13  3.4721E-13  1.4466E-06
 9.2524E+25  3.0202E-04  9.9970E-01  7.0040E+03  8.1828E-05  1.6277E-13  3.4721E-13  1.4412E-06
