 4.6285E+22  3.2675E-11  1.0000E+00  1.1691E+04  8.1828E-05  1.0464E-06  2.2731E-13  1.0000E+00
 1.3886E+23  2.2867E-10  1.0000E+00  1.1695E+04  8.1828E-05  1.4948E-07  2.2725E-13  1.0000E+00
 2.3143E+23  6.2021E-10  1.0000E+00  1.1707E+04  8.1828E-05  5.5072E-08  2.2705E-13  1.0000E+00
 3.2400E+23  1.2058E-09  1.0000E+00  1.1734E+04  8.1828E-05  2.8280E-08  2.2661E-13  1.0000E+00
 4.1657E+23  1.9820E-09  1.0000E+00  1.1783E+04  8.1828E-05  1.7154E-08  2.2582E-13  1.0000E+00
 5.0914E+23  2.9428E-09  1.0000E+00  1.1862E+04  8.1828E-05  1.1498E-08  2.2455E-13  1.0000E+00
 6.0171E+23  4.0755E-09  1.0000E+00  1.1983E+04  8.1828E-05  8.2411E-09  2.2262E-13  1.0000E+00
 6.9428E+23  5.3681E-09  1.0000E+00  1.2158E+04  8.1828E-05  6.1913E-09  2.1989E-13  1.0000E+00
 7.8685E+23  6.7877E-09  1.0000E+00  1.2415E+04  8.1828E-05  4.8229E-09  2.1602E-13  1.0000E+00
 8.7942E+23  8.3045E-09  1.0000E+00  1.2773E+04  8.1828E-05  3.8616E-09  2.1086E-13  1.0000E+00
 9.7199E+23  9.9007E-09  1.0000E+00  1.3207E+04  8.1828E-05  3.1614E-09  2.0494E-13  1.0000E+00
 1.0646E+24  1.1597E-08  1.0000E+00  1.3643E+04  8.1828E-05  2.6358E-09  1.9931E-13  1.0000E+00
 1.1571E+24  1.3470E-08  1.0000E+00  1.3960E+04  8.1828E-05  2.2316E-09  1.9542E-13  1.0000E+00
 1.2497E+24  1.5579E-08  1.0000E+00  1.4131E+04  8.1828E-05  1.9124E-09  1.9339E-13  1.0000E+00
 1.3423E+24  1.7874E-08  1.0000E+00  1.4225E+04  8.1828E-05  1.6587E-09  1.9229E-13  1.0000E+00
 1.4348E+24  2.0323E-08  1.0000E+00  1.4325E+04  8.1828E-05  1.4514E-09  1.9113E-13  9.9999E-01
 1.5274E+24  2.2911E-08  1.0000E+00  1.4425E+04  8.1828E-05  1.2809E-09  1.8999E-13  9.9999E-01
 1.6200E+24  2.5652E-08  1.0000E+00  1.4518E+04  8.1828E-05  1.1387E-09  1.8894E-13  9.9999E-01
 1.7126E+24  2.8529E-08  1.0000E+00  1.4609E+04  8.1828E-05  1.0192E-09  1.8792E-13  9.9999E-01
 1.8051E+24  3.1575E-08  1.0000E+00  1.4691E+04  8.1828E-05  9.1708E-10  1.8702E-13  9.9999E-01
 1.8977E+24  3.4747E-08  1.0000E+00  1.4770E+04  8.1828E-05  8.3008E-10  1.8616E-13  9.9999E-01
 1.9903E+24  3.8088E-08  1.0000E+00  1.4847E+04  8.1828E-05  7.5440E-10  1.8533E-13  9.9999E-01
 2.0828E+24  4.1548E-08  1.0000E+00  1.4921E+04  8.1828E-05  6.8906E-10  1.8453E-13  9.9999E-01
 2.1754E+24  4.5159E-08  1.0000E+00  1.4993E+04  8.1828E-05  6.3170E-10  1.8376E-13  9.9999E-01
 2.2680E+24  4.8914E-08  1.0000E+00  1.5064E+04  8.1828E-05  5.8121E-10  1.8302E-13  9.9999E-01
 2.3605E+24  5.2825E-08  1.0000E+00  1.5132E+04  8.1828E-05  5.3640E-10  1.8230E-13  9.9999E-01
 2.4531E+24  5.6865E-08  1.0000E+00  1.5195E+04  8.1828E-05  4.9677E-10  1.8165E-13  9.9999E-01
 2.5457E+24  6.1041E-08  1.0000E+00  1.5260E+04  8.1828E-05  4.6134E-10  1.8098E-13  9.9998E-01
 2.6383E+24  6.5390E-08  1.0000E+00  1.5323E+04  8.1828E-05  4.2935E-10  1.8033E-13  9.9998E-01
 2.7308E+24  6.9831E-08  1.0000E+00  1.5382E+04  8.1828E-05  4.0091E-10  1.7973E-13  9.9998E-01
 2.8234E+24  7.4439E-08  1.0000E+00  1.5442E+04  8.1828E-05  3.7501E-10  1.7913E-13  9.9998E-01
 2.9160E+24  7.9158E-08  1.0000E+00  1.5499E+04  8.1828E-05  3.5171E-10  1.7856E-13  9.9998E-01
 3.0085E+24  8.4098E-08  1.0000E+00  1.5554E+04  8.1828E-05  3.3018E-10  1.7801E-13  9.9998E-01
 3.1011E+24  8.9126E-08  1.0000E+00  1.5610E+04  8.1828E-05  3.1073E-10  1.7746E-13  9.9998E-01
 3.1937E+24  9.4264E-08  1.0000E+00  1.5663E+04  8.1828E-05  2.9306E-10  1.7694E-13  9.9998E-01
 3.2862E+24  9.9540E-08  1.0000E+00  1.5714E+04  8.1828E-05  2.7686E-10  1.7643E-13  9.9997E-01
 3.3788E+24  1.0494E-07  1.0000E+00  1.5765E+04  8.1828E-05  2.6200E-10  1.7594E-13  9.9997E-01
 3.4714E+24  1.1050E-07  1.0000E+00  1.5815E+04  8.1828E-05  2.4824E-10  1.7546E-13  9.9997E-01
 3.5640E+24  1.1624E-07  1.0000E+00  1.5863E+04  8.1828E-05  2.3543E-10  1.7499E-13  9.9997E-01
 3.6565E+24  1.2221E-07  1.0000E+00  1.5910E+04  8.1828E-05  2.2345E-10  1.7455E-13  9.9997E-01
 3.7491E+24  1.2800E-07  1.0000E+00  1.5957E+04  8.1828E-05  2.1289E-10  1.7410E-13  9.9997E-01
 3.8417E+24  1.3424E-07  1.0000E+00  1.6003E+04  8.1828E-05  2.0256E-10  1.7367E-13  9.9997E-01
 3.9342E+24  1.4043E-07  1.0000E+00  1.6046E+04  8.1828E-05  1.9324E-10  1.7326E-13  9.9996E-01
 4.0268E+24  1.4693E-07  1.0000E+00  1.6091E+04  8.1828E-05  1.8431E-10  1.7284E-13  9.9996E-01
 4.1194E+24  1.5326E-07  1.0000E+00  1.6133E+04  8.1828E-05  1.7637E-10  1.7245E-13  9.9996E-01
 4.2120E+24  1.6013E-07  1.0000E+00  1.6175E+04  8.1828E-05  1.6848E-10  1.7206E-13  9.9996E-01
 4.3045E+24  1.6692E-07  1.0000E+00  1.6215E+04  8.1828E-05  1.6132E-10  1.7168E-13  9.9996E-01
 4.3971E+24  1.7363E-07  1.0000E+00  1.6255E+04  8.1828E-05  1.5480E-10  1.7131E-13  9.9996E-01
 4.4897E+24  1.8078E-07  1.0000E+00  1.6295E+04  8.1828E-05  1.4841E-10  1.7095E-13  9.9995E-01
 4.5822E+24  1.8804E-07  1.0000E+00  1.6334E+04  8.1828E-05  1.4244E-10  1.7060E-13  9.9995E-01
 4.6748E+24  1.9539E-07  1.0000E+00  1.6372E+04  8.1828E-05  1.3684E-10  1.7025E-13  9.9995E-01
 4.7674E+24  2.0286E-07  1.0000E+00  1.6409E+04  8.1828E-05  1.3158E-10  1.6992E-13  9.9995E-01
 4.8599E+24  2.1043E-07  1.0000E+00  1.6446E+04  8.1828E-05  1.2663E-10  1.6958E-13  9.9995E-01
 4.9525E+24  2.1815E-07  1.0000E+00  1.6482E+04  8.1828E-05  1.2196E-10  1.6926E-13  9.9994E-01
 5.0451E+24  2.2600E-07  1.0000E+00  1.6517E+04  8.1828E-05  1.1754E-10  1.6895E-13  9.9994E-01
 5.1377E+24  2.3400E-07  1.0000E+00  1.6551E+04  8.1828E-05  1.1334E-10  1.6864E-13  9.9994E-01
 5.2302E+24  2.4218E-07  1.0000E+00  1.6586E+04  8.1828E-05  1.0935E-10  1.6834E-13  9.9994E-01
 5.3228E+24  2.5054E-07  1.0000E+00  1.6619E+04  8.1828E-05  1.0554E-10  1.6804E-13  9.9994E-01
 5.4154E+24  2.5910E-07  1.0000E+00  1.6653E+04  8.1828E-05  1.0190E-10  1.6775E-13  9.9993E-01
 5.5079E+24  2.6717E-07  1.0000E+00  1.6685E+04  8.1828E-05  9.8682E-11  1.6746E-13  9.9993E-01
 5.6005E+24  2.7582E-07  1.0000E+00  1.6717E+04  8.1828E-05  9.5453E-11  1.6718E-13  9.9993E-01
 5.6931E+24  2.8492E-07  1.0000E+00  1.6749E+04  8.1828E-05  9.2274E-11  1.6690E-13  9.9993E-01
 5.7856E+24  2.9413E-07  1.0000E+00  1.6780E+04  8.1828E-05  8.9261E-11  1.6663E-13  9.9992E-01
 5.8782E+24  3.0232E-07  1.0000E+00  1.6810E+04  8.1828E-05  8.6726E-11  1.6637E-13  9.9992E-01
 5.9708E+24  3.1210E-07  1.0000E+00  1.6841E+04  8.1828E-05  8.3897E-11  1.6611E-13  9.9992E-01
 6.0634E+24  3.2153E-07  1.0000E+00  1.6870E+04  8.1828E-05  8.1334E-11  1.6586E-13  9.9992E-01
 6.1559E+24  3.3041E-07  1.0000E+00  1.6899E+04  8.1828E-05  7.9047E-11  1.6561E-13  9.9991E-01
 6.2485E+24  3.4103E-07  1.0000E+00  1.6927E+04  8.1828E-05  7.6489E-11  1.6536E-13  9.9991E-01
 6.3411E+24  3.4939E-07  1.0000E+00  1.6956E+04  8.1828E-05  7.4566E-11  1.6512E-13  9.9991E-01
 6.4336E+24  3.6049E-07  1.0000E+00  1.6984E+04  8.1828E-05  7.2181E-11  1.6489E-13  9.9991E-01
 6.5262E+24  3.6931E-07  1.0000E+00  1.7011E+04  8.1828E-05  7.0373E-11  1.6465E-13  9.9990E-01
 6.6188E+24  3.8070E-07  1.0000E+00  1.7038E+04  8.1828E-05  6.8186E-11  1.6442E-13  9.9990E-01
 6.7113E+24  3.8951E-07  1.0000E+00  1.7065E+04  8.1828E-05  6.6568E-11  1.6420E-13  9.9990E-01
 6.8039E+24  4.0130E-07  1.0000E+00  1.7091E+04  8.1828E-05  6.4538E-11  1.6398E-13  9.9990E-01
 6.8965E+24  4.1049E-07  1.0000E+00  1.7118E+04  8.1828E-05  6.3022E-11  1.6376E-13  9.9989E-01
 6.9891E+24  4.2186E-07  1.0000E+00  1.7143E+04  8.1828E-05  6.1254E-11  1.6354E-13  9.9989E-01
 7.0816E+24  4.3285E-07  1.0000E+00  1.7169E+04  8.1828E-05  5.9633E-11  1.6333E-13  9.9989E-01
 7.1742E+24  4.4274E-07  1.0000E+00  1.7194E+04  8.1828E-05  5.8237E-11  1.6312E-13  9.9989E-01
 7.2668E+24  4.5485E-07  1.0000E+00  1.7219E+04  8.1828E-05  5.6627E-11  1.6291E-13  9.9988E-01
 7.3593E+24  4.6562E-07  1.0000E+00  1.7243E+04  8.1828E-05  5.5258E-11  1.6271E-13  9.9988E-01
 7.4519E+24  4.7621E-07  1.0000E+00  1.7268E+04  8.1828E-05  5.3974E-11  1.6251E-13  9.9988E-01
 7.5445E+24  4.8850E-07  1.0000E+00  1.7291E+04  8.1828E-05  5.2561E-11  1.6231E-13  9.9987E-01
 7.6371E+24  5.0053E-07  1.0000E+00  1.7315E+04  8.1828E-05  5.1246E-11  1.6212E-13  9.9987E-01
 7.7296E+24  5.1046E-07  1.0000E+00  1.7339E+04  8.1828E-05  5.0198E-11  1.6193E-13  9.9987E-01
 7.8222E+24  5.2293E-07  1.0000E+00  1.7362E+04  8.1828E-05  4.8953E-11  1.6174E-13  9.9986E-01
 7.9148E+24  5.3550E-07  1.0000E+00  1.7385E+04  8.1828E-05  4.7757E-11  1.6155E-13  9.9986E-01
 8.0073E+24  5.4815E-07  1.0000E+00  1.7407E+04  8.1828E-05  4.6610E-11  1.6137E-13  9.9986E-01
 8.0999E+24  5.5837E-07  1.0000E+00  1.7430E+04  8.1828E-05  4.5713E-11  1.6119E-13  9.9986E-01
 8.1925E+24  5.7108E-07  1.0000E+00  1.7452E+04  8.1828E-05  4.4653E-11  1.6101E-13  9.9985E-01
 8.2850E+24  5.8396E-07  1.0000E+00  1.7474E+04  8.1828E-05  4.3628E-11  1.6083E-13  9.9985E-01
 8.3776E+24  5.9690E-07  1.0000E+00  1.7495E+04  8.1828E-05  4.2643E-11  1.6065E-13  9.9985E-01
 8.4702E+24  6.0993E-07  1.0000E+00  1.7517E+04  8.1828E-05  4.1694E-11  1.6048E-13  9.9984E-01
 8.5628E+24  6.2259E-07  1.0000E+00  1.7538E+04  8.1828E-05  4.0809E-11  1.6031E-13  9.9984E-01
 8.6553E+24  6.3427E-07  1.0000E+00  1.7559E+04  8.1828E-05  4.0023E-11  1.6014E-13  9.9984E-01
 8.7479E+24  6.4754E-07  1.0000E+00  1.7580E+04  8.1828E-05  3.9168E-11  1.5998E-13  9.9983E-01
 8.8405E+24  6.6094E-07  1.0000E+00  1.7600E+04  8.1828E-05  3.8340E-11  1.5981E-13  9.9983E-01
 8.9330E+24  6.7443E-07  1.0000E+00  1.7621E+04  8.1828E-05  3.7541E-11  1.5965E-13  9.9982E-01
 9.0256E+24  6.8799E-07  1.0000E+00  1.7641E+04  8.1828E-05  3.6770E-11  1.5949E-13  9.9982E-01
 9.1182E+24  7.0165E-07  1.0000E+00  1.7661E+04  8.1828E-05  3.6024E-11  1.5933E-13  9.9982E-01
 9.2107E+24  7.1541E-07  1.0000E+00  1.7681E+04  8.1828E-05  3.5301E-11  1.5918E-13  9.9981E-01
 9.3033E+24  7.2926E-07  1.0000E+00  1.7700E+04  8.1828E-05  3.4602E-11  1.5902E-13  9.9981E-01
 9.3959E+24  7.4322E-07  1.0000E+00  1.7719E+04  8.1828E-05  3.3925E-11  1.5887E-13  9.9981E-01
 9.4885E+24  7.5727E-07  1.0000E+00  1.7739E+04  8.1828E-05  3.3269E-11  1.5872E-13  9.9980E-01
 9.5810E+24  7.7143E-07  1.0000E+00  1.7758E+04  8.1828E-05  3.2632E-11  1.5857E-13  9.9980E-01
 9.6736E+24  7.8570E-07  1.0000E+00  1.7777E+04  8.1828E-05  3.2014E-11  1.5842E-13  9.9980E-01
 9.7662E+24  8.0009E-07  1.0000E+00  1.7795E+04  8.1828E-05  3.1414E-11  1.5828E-13  9.9979E-01
 9.8587E+24  8.1460E-07  1.0000E+00  1.7814E+04  8.1828E-05  3.0830E-11  1.5813E-13  9.9979E-01
 9.9513E+24  8.2924E-07  1.0000E+00  1.7832E+04  8.1828E-05  3.0263E-11  1.5799E-13  9.9978E-01
 1.0044E+25  8.4401E-07  1.0000E+00  1.7850E+04  8.1828E-05  2.9711E-11  1.5785E-13  9.9978E-01
 1.0136E+25  8.5893E-07  1.0000E+00  1.7868E+04  8.1828E-05  2.9173E-11  1.5771E-13  9.9978E-01
 1.0229E+25  8.7399E-07  1.0000E+00  1.7886E+04  8.1828E-05  2.8649E-11  1.5757E-13  9.9977E-01
 1.0322E+25  8.8920E-07  1.0000E+00  1.7904E+04  8.1828E-05  2.8138E-11  1.5743E-13  9.9977E-01
 1.0414E+25  9.0459E-07  1.0000E+00  1.7921E+04  8.1828E-05  2.7639E-11  1.5730E-13  9.9976E-01
 1.0507E+25  9.2014E-07  1.0000E+00  1.7939E+04  8.1828E-05  2.7152E-11  1.5716E-13  9.9975E-01
 1.0599E+25  9.3586E-07  1.0000E+00  1.7956E+04  8.1828E-05  2.6677E-11  1.5703E-13  9.9975E-01
 1.0692E+25  9.5178E-07  1.0000E+00  1.7973E+04  8.1828E-05  2.6212E-11  1.5690E-13  9.9973E-01
 1.0784E+25  9.6791E-07  1.0000E+00  1.7990E+04  8.1828E-05  2.5757E-11  1.5677E-13  9.9971E-01
 1.0877E+25  9.8423E-07  1.0000E+00  1.8007E+04  8.1828E-05  2.5313E-11  1.5664E-13  9.9967E-01
 1.0970E+25  1.0007E-06  1.0000E+00  1.8023E+04  8.1828E-05  2.4878E-11  1.5652E-13  9.9960E-01
 1.1062E+25  1.0147E-06  1.0000E+00  1.8039E+04  8.1828E-05  2.4519E-11  1.5639E-13  9.9947E-01
 1.1155E+25  1.0306E-06  1.0000E+00  1.8055E+04  8.1828E-05  2.4125E-11  1.5627E-13  9.9924E-01
 1.1247E+25  1.0475E-06  1.0000E+00  1.8069E+04  8.1828E-05  2.3721E-11  1.5616E-13  9.9884E-01
 1.1340E+25  1.0647E-06  1.0000E+00  1.8083E+04  8.1828E-05  2.3324E-11  1.5606E-13  9.9813E-01
 1.1432E+25  1.0822E-06  1.0000E+00  1.8093E+04  8.1828E-05  2.2934E-11  1.5598E-13  9.9689E-01
 1.1525E+25  1.1001E-06  1.0000E+00  1.8100E+04  8.1828E-05  2.2551E-11  1.5593E-13  9.9476E-01
 1.1618E+25  1.1183E-06  1.0000E+00  1.8101E+04  8.1828E-05  2.2176E-11  1.5593E-13  9.9113E-01
 1.1710E+25  1.1332E-06  1.0000E+00  1.8091E+04  8.1828E-05  2.1883E-11  1.5600E-13  9.8504E-01
 1.1803E+25  1.1505E-06  1.0000E+00  1.8064E+04  8.1828E-05  2.1562E-11  1.5621E-13  9.7498E-01
 1.1895E+25  1.1707E-06  1.0000E+00  1.8011E+04  8.1828E-05  2.1209E-11  1.5663E-13  9.5874E-01
 1.1988E+25  1.1925E-06  1.0000E+00  1.7916E+04  8.1828E-05  2.0861E-11  1.5737E-13  9.3334E-01
 1.2080E+25  1.2165E-06  1.0000E+00  1.7761E+04  8.1828E-05  2.0520E-11  1.5858E-13  8.9522E-01
 1.2173E+25  1.2434E-06  1.0000E+00  1.7526E+04  8.1828E-05  2.0190E-11  1.6047E-13  8.4119E-01
 1.2266E+25  1.2676E-06  1.0000E+00  1.7193E+04  8.1828E-05  1.9974E-11  1.6321E-13  7.7014E-01
 1.2358E+25  1.3043E-06  1.0000E+00  1.6755E+04  8.1828E-05  1.9652E-11  1.6696E-13  6.8485E-01
 1.2451E+25  1.3471E-06  1.0000E+00  1.6226E+04  8.1828E-05  1.9339E-11  1.7173E-13  5.9230E-01
 1.2543E+25  1.3961E-06  1.0000E+00  1.5635E+04  8.1828E-05  1.9037E-11  1.7738E-13  5.0144E-01
 1.2636E+25  1.4503E-06  1.0000E+00  1.5021E+04  8.1828E-05  1.8745E-11  1.8365E-13  4.1963E-01
 1.2728E+25  1.5086E-06  1.0000E+00  1.4420E+04  8.1828E-05  1.8462E-11  1.9024E-13  3.5059E-01
 1.2821E+25  1.5638E-06  1.0000E+00  1.3854E+04  8.1828E-05  1.8254E-11  1.9690E-13  2.9462E-01
 1.2914E+25  1.6256E-06  1.0000E+00  1.3334E+04  8.1828E-05  1.7986E-11  2.0344E-13  2.5009E-01
 1.3006E+25  1.6878E-06  1.0000E+00  1.2866E+04  8.1828E-05  1.7724E-11  2.0975E-13  2.1478E-01
 1.3099E+25  1.7500E-06  1.0000E+00  1.2445E+04  8.1828E-05  1.7469E-11  2.1575E-13  1.8661E-01
 1.3191E+25  1.8114E-06  1.0000E+00  1.2069E+04  8.1828E-05  1.7221E-11  2.2144E-13  1.6386E-01
 1.3284E+25  1.8720E-06  1.0000E+00  1.1731E+04  8.1828E-05  1.6979E-11  2.2681E-13  1.4525E-01
 1.3376E+25  1.9319E-06  1.0000E+00  1.1429E+04  8.1828E-05  1.6743E-11  2.3186E-13  1.2982E-01
 1.3469E+25  1.9909E-06  1.0000E+00  1.1156E+04  8.1828E-05  1.6511E-11  2.3661E-13  1.1687E-01
 1.3562E+25  2.0490E-06  1.0000E+00  1.0910E+04  8.1828E-05  1.6286E-11  2.4109E-13  1.0587E-01
 1.3654E+25  2.1067E-06  1.0000E+00  1.0686E+04  8.1828E-05  1.6063E-11  2.4531E-13  9.6432E-02
 1.3747E+25  2.1634E-06  1.0000E+00  1.0483E+04  8.1828E-05  1.5848E-11  2.4929E-13  8.8265E-02
 1.3839E+25  2.2198E-06  1.0000E+00  1.0297E+04  8.1828E-05  1.5634E-11  2.5304E-13  8.1138E-02
 1.3932E+25  2.2737E-06  1.0000E+00  1.0126E+04  8.1828E-05  1.5440E-11  2.5659E-13  7.4872E-02
 1.4024E+25  2.3267E-06  1.0000E+00  9.9696E+03  8.1828E-05  1.5248E-11  2.5994E-13  6.9330E-02
 1.4117E+25  2.3810E-06  1.0000E+00  9.8250E+03  8.1828E-05  1.5048E-11  2.6311E-13  6.4399E-02
 1.4210E+25  2.4353E-06  1.0000E+00  9.6914E+03  8.1828E-05  1.4851E-11  2.6612E-13  5.9987E-02
 1.4302E+25  2.4890E-06  1.0000E+00  9.5675E+03  8.1828E-05  1.4659E-11  2.6898E-13  5.6022E-02
 1.4395E+25  2.5426E-06  1.0000E+00  9.4524E+03  8.1828E-05  1.4469E-11  2.7169E-13  5.2443E-02
 1.4487E+25  2.5959E-06  1.0000E+00  9.3452E+03  8.1828E-05  1.4283E-11  2.7427E-13  4.9199E-02
 1.4580E+25  2.6492E-06  1.0000E+00  9.2452E+03  8.1828E-05  1.4099E-11  2.7672E-13  4.6249E-02
 1.4672E+25  2.7023E-06  1.0000E+00  9.1517E+03  8.1828E-05  1.3919E-11  2.7906E-13  4.3556E-02
 1.4765E+25  2.7553E-06  1.0000E+00  9.0641E+03  8.1828E-05  1.3741E-11  2.8128E-13  4.1091E-02
 1.4858E+25  2.8085E-06  1.0000E+00  8.9819E+03  8.1828E-05  1.3565E-11  2.8340E-13  3.8828E-02
 1.4950E+25  2.8616E-06  1.0000E+00  8.9046E+03  8.1828E-05  1.3392E-11  2.8543E-13  3.6744E-02
 1.5043E+25  2.9086E-06  1.0000E+00  8.8319E+03  8.1828E-05  1.3254E-11  2.8737E-13  3.4821E-02
 1.5135E+25  2.9575E-06  1.0000E+00  8.7633E+03  8.1828E-05  1.3101E-11  2.8921E-13  3.3043E-02
 1.5228E+25  3.0103E-06  1.0000E+00  8.6986E+03  8.1828E-05  1.2937E-11  2.9098E-13  3.1394E-02
 1.5320E+25  3.0631E-06  1.0000E+00  8.6374E+03  8.1828E-05  1.2776E-11  2.9268E-13  2.9863E-02
 1.5413E+25  3.1162E-06  1.0000E+00  8.5796E+03  8.1828E-05  1.2616E-11  2.9430E-13  2.8437E-02
 1.5506E+25  3.1696E-06  1.0000E+00  8.5248E+03  8.1828E-05  1.2458E-11  2.9585E-13  2.7109E-02
 1.5598E+25  3.2234E-06  1.0000E+00  8.4727E+03  8.1828E-05  1.2302E-11  2.9734E-13  2.5867E-02
 1.5691E+25  3.2726E-06  1.0000E+00  8.4234E+03  8.1828E-05  1.2170E-11  2.9877E-13  2.4706E-02
 1.5783E+25  3.3156E-06  1.0000E+00  8.3765E+03  8.1828E-05  1.2054E-11  3.0014E-13  2.3619E-02
 1.5876E+25  3.3694E-06  1.0000E+00  8.3318E+03  8.1828E-05  1.1905E-11  3.0146E-13  2.2598E-02
 1.5968E+25  3.4239E-06  1.0000E+00  8.2893E+03  8.1828E-05  1.1757E-11  3.0273E-13  2.1640E-02
 1.6061E+25  3.4790E-06  1.0000E+00  8.2488E+03  8.1828E-05  1.1609E-11  3.0394E-13  2.0738E-02
 1.6154E+25  3.5348E-06  1.0000E+00  8.2102E+03  8.1828E-05  1.1463E-11  3.0511E-13  1.9888E-02
 1.6246E+25  3.5758E-06  1.0000E+00  8.1734E+03  8.1828E-05  1.1371E-11  3.0624E-13  1.9087E-02
 1.6339E+25  3.6245E-06  1.0000E+00  8.1381E+03  8.1828E-05  1.1247E-11  3.0732E-13  1.8331E-02
 1.6431E+25  3.6810E-06  1.0000E+00  8.1045E+03  8.1828E-05  1.1106E-11  3.0837E-13  1.7616E-02
 1.6524E+25  3.7383E-06  1.0000E+00  8.0723E+03  8.1828E-05  1.0966E-11  3.0937E-13  1.6940E-02
 1.6616E+25  3.7965E-06  1.0000E+00  8.0414E+03  8.1828E-05  1.0826E-11  3.1034E-13  1.6300E-02
 1.6709E+25  3.8289E-06  1.0000E+00  8.0119E+03  8.1828E-05  1.0766E-11  3.1128E-13  1.5693E-02
 1.6802E+25  3.8850E-06  1.0000E+00  7.9836E+03  8.1828E-05  1.0632E-11  3.1218E-13  1.5117E-02
 1.6894E+25  3.9444E-06  1.0000E+00  7.9565E+03  8.1828E-05  1.0497E-11  3.1305E-13  1.4571E-02
 1.6987E+25  4.0049E-06  1.0000E+00  7.9304E+03  8.1828E-05  1.0361E-11  3.1389E-13  1.4051E-02
 1.7079E+25  4.0420E-06  1.0000E+00  7.9054E+03  8.1828E-05  1.0293E-11  3.1470E-13  1.3556E-02
 1.7172E+25  4.0930E-06  1.0000E+00  7.8813E+03  8.1828E-05  1.0182E-11  3.1548E-13  1.3086E-02
 1.7264E+25  4.1552E-06  1.0000E+00  7.8582E+03  8.1828E-05  1.0050E-11  3.1624E-13  1.2638E-02
 1.7357E+25  4.2187E-06  1.0000E+00  7.8360E+03  8.1828E-05  9.9175E-12  3.1697E-13  1.2211E-02
 1.7450E+25  4.2478E-06  1.0000E+00  7.8146E+03  8.1828E-05  9.8727E-12  3.1768E-13  1.1803E-02
 1.7542E+25  4.3066E-06  1.0000E+00  7.7940E+03  8.1828E-05  9.7512E-12  3.1836E-13  1.1414E-02
 1.7635E+25  4.3721E-06  1.0000E+00  7.7742E+03  8.1828E-05  9.6218E-12  3.1902E-13  1.1043E-02
 1.7727E+25  4.4246E-06  1.0000E+00  7.7551E+03  8.1828E-05  9.5283E-12  3.1966E-13  1.0687E-02
 1.7820E+25  4.4597E-06  1.0000E+00  7.7367E+03  8.1828E-05  9.4643E-12  3.2028E-13  1.0348E-02
 1.7912E+25  4.5278E-06  1.0000E+00  7.7189E+03  8.1828E-05  9.3365E-12  3.2088E-13  1.0023E-02
 1.8005E+25  4.5971E-06  1.0000E+00  7.7018E+03  8.1828E-05  9.2107E-12  3.2146E-13  9.7110E-03
 1.8097E+25  4.6174E-06  1.0000E+00  7.6852E+03  8.1828E-05  9.1864E-12  3.2203E-13  9.4132E-03
 1.8190E+25  4.6862E-06  1.0000E+00  7.6693E+03  8.1828E-05  9.0611E-12  3.2257E-13  9.1270E-03
 1.8283E+25  4.7586E-06  1.0000E+00  7.6538E+03  8.1828E-05  8.9356E-12  3.2310E-13  8.8528E-03
 1.8375E+25  4.7853E-06  1.0000E+00  7.6389E+03  8.1828E-05  8.9019E-12  3.2361E-13  8.5899E-03
 1.8468E+25  4.8483E-06  1.0000E+00  7.6245E+03  8.1828E-05  8.7934E-12  3.2411E-13  8.3371E-03
 1.8560E+25  4.9241E-06  1.0000E+00  7.6106E+03  8.1828E-05  8.6689E-12  3.2460E-13  8.0949E-03
 1.8653E+25  4.9502E-06  1.0000E+00  7.5971E+03  8.1828E-05  8.6381E-12  3.2506E-13  7.8615E-03
 1.8745E+25  5.0141E-06  9.9999E-01  7.5840E+03  8.1828E-05  8.5337E-12  3.2552E-13  7.6375E-03
 1.8838E+25  5.0938E-06  9.9999E-01  7.5714E+03  8.1828E-05  8.4097E-12  3.2596E-13  7.4219E-03
 1.8931E+25  5.1117E-06  9.9999E-01  7.5591E+03  8.1828E-05  8.3940E-12  3.2639E-13  7.2145E-03
 1.9023E+25  5.1851E-06  9.9999E-01  7.5473E+03  8.1828E-05  8.2798E-12  3.2681E-13  7.0150E-03
 1.9116E+25  5.2608E-06  9.9999E-01  7.5358E+03  8.1828E-05  8.1732E-12  3.2721E-13  6.8226E-03
 1.9208E+25  5.2769E-06  9.9999E-01  7.5247E+03  8.1828E-05  8.1528E-12  3.2760E-13  6.6375E-03
 1.9301E+25  5.3621E-06  9.9999E-01  7.5139E+03  8.1828E-05  8.0310E-12  3.2799E-13  6.4588E-03
 1.9393E+25  5.4167E-06  9.9999E-01  7.5034E+03  8.1828E-05  7.9619E-12  3.2836E-13  6.2869E-03
 1.9486E+25  5.4552E-06  9.9999E-01  7.4933E+03  8.1828E-05  7.9087E-12  3.2872E-13  6.1207E-03
 1.9579E+25  5.5455E-06  9.9999E-01  7.4834E+03  8.1828E-05  7.7870E-12  3.2907E-13  5.9608E-03
 1.9671E+25  5.5683E-06  9.9999E-01  7.4739E+03  8.1828E-05  7.7662E-12  3.2941E-13  5.8060E-03
 1.9764E+25  5.6408E-06  9.9999E-01  7.4646E+03  8.1828E-05  7.6686E-12  3.2975E-13  5.6569E-03
 1.9856E+25  5.7151E-06  9.9999E-01  7.4556E+03  8.1828E-05  7.5795E-12  3.3007E-13  5.5126E-03
 1.9949E+25  5.7366E-06  9.9999E-01  7.4468E+03  8.1828E-05  7.5529E-12  3.3038E-13  5.3734E-03
 2.0041E+25  5.8343E-06  9.9999E-01  7.4383E+03  8.1828E-05  7.4323E-12  3.3069E-13  5.2389E-03
 2.0134E+25  5.8604E-06  9.9999E-01  7.4300E+03  8.1828E-05  7.4093E-12  3.3100E-13  5.1086E-03
 2.0227E+25  5.9333E-06  9.9999E-01  7.4220E+03  8.1828E-05  7.3194E-12  3.3129E-13  4.9830E-03
 2.0319E+25  6.0045E-06  9.9999E-01  7.4142E+03  8.1828E-05  7.2421E-12  3.3158E-13  4.8609E-03
 2.0412E+25  6.0332E-06  9.9999E-01  7.4066E+03  8.1828E-05  7.2086E-12  3.3185E-13  4.7435E-03
 2.0504E+25  6.1393E-06  9.9999E-01  7.3992E+03  8.1828E-05  7.0888E-12  3.3212E-13  4.6291E-03
 2.0597E+25  6.1428E-06  9.9999E-01  7.3920E+03  8.1828E-05  7.0935E-12  3.3238E-13  4.5191E-03
 2.0689E+25  6.2429E-06  9.9999E-01  7.3850E+03  8.1828E-05  6.9804E-12  3.3264E-13  4.4119E-03
 2.0782E+25  6.2847E-06  9.9999E-01  7.3782E+03  8.1828E-05  6.9424E-12  3.3289E-13  4.3084E-03
 2.0875E+25  6.3473E-06  9.9999E-01  7.3716E+03  8.1828E-05  6.8741E-12  3.3313E-13  4.2082E-03
 2.0967E+25  6.4262E-06  9.9999E-01  7.3651E+03  8.1828E-05  6.7979E-12  3.3337E-13  4.1106E-03
 2.1060E+25  6.4527E-06  9.9999E-01  7.3588E+03  8.1828E-05  6.7698E-12  3.3360E-13  4.0167E-03
 2.1152E+25  6.5668E-06  9.9999E-01  7.3527E+03  8.1828E-05  6.6594E-12  3.3382E-13  3.9249E-03
 2.1245E+25  6.5605E-06  9.9999E-01  7.3467E+03  8.1828E-05  6.6667E-12  3.3404E-13  3.8363E-03
 2.1337E+25  6.6830E-06  9.9999E-01  7.3409E+03  8.1828E-05  6.5474E-12  3.3426E-13  3.7503E-03
 2.1430E+25  6.6933E-06  9.9999E-01  7.3352E+03  8.1828E-05  6.5449E-12  3.3447E-13  3.6665E-03
 2.1523E+25  6.7951E-06  9.9999E-01  7.3297E+03  8.1828E-05  6.4462E-12  3.3467E-13  3.5858E-03
 2.1615E+25  6.8313E-06  9.9999E-01  7.3243E+03  8.1828E-05  6.4192E-12  3.3487E-13  3.5069E-03
 2.1708E+25  6.9092E-06  9.9999E-01  7.3191E+03  8.1828E-05  6.3460E-12  3.3507E-13  3.4303E-03
 2.1800E+25  6.9686E-06  9.9999E-01  7.3139E+03  8.1828E-05  6.2989E-12  3.3526E-13  3.3564E-03
 2.1893E+25  7.0250E-06  9.9999E-01  7.3089E+03  8.1828E-05  6.2472E-12  3.3544E-13  3.2839E-03
 2.1985E+25  7.1049E-06  9.9999E-01  7.3041E+03  8.1828E-05  6.1838E-12  3.3562E-13  3.2140E-03
 2.2078E+25  7.1431E-06  9.9999E-01  7.2993E+03  8.1828E-05  6.1496E-12  3.3580E-13  3.1459E-03
 2.2171E+25  7.2408E-06  9.9999E-01  7.2946E+03  8.1828E-05  6.0732E-12  3.3598E-13  3.0793E-03
 2.2263E+25  7.2634E-06  9.9999E-01  7.2901E+03  8.1828E-05  6.0529E-12  3.3614E-13  3.0152E-03
 2.2356E+25  7.3759E-06  9.9999E-01  7.2857E+03  8.1828E-05  5.9670E-12  3.3631E-13  2.9525E-03
 2.2448E+25  7.3862E-06  9.9999E-01  7.2813E+03  8.1828E-05  5.9572E-12  3.3647E-13  2.8913E-03
 2.2541E+25  7.5099E-06  9.9999E-01  7.2771E+03  8.1828E-05  5.8652E-12  3.3663E-13  2.8324E-03
 2.2633E+25  7.5117E-06  9.9999E-01  7.2730E+03  8.1828E-05  5.8622E-12  3.3679E-13  2.7745E-03
 2.2726E+25  7.6428E-06  9.9999E-01  7.2689E+03  8.1828E-05  5.7677E-12  3.3694E-13  2.7182E-03
 2.2819E+25  7.6399E-06  9.9999E-01  7.2650E+03  8.1828E-05  5.7682E-12  3.3708E-13  2.6638E-03
 2.2911E+25  7.7748E-06  9.9999E-01  7.2612E+03  8.1828E-05  5.6739E-12  3.3723E-13  2.6105E-03
 2.3004E+25  7.7711E-06  9.9999E-01  7.2574E+03  8.1828E-05  5.6749E-12  3.3737E-13  2.5584E-03
 2.3096E+25  7.9058E-06  9.9999E-01  7.2537E+03  8.1828E-05  5.5838E-12  3.3751E-13  2.5083E-03
 2.3189E+25  7.9055E-06  9.9999E-01  7.2501E+03  8.1828E-05  5.5822E-12  3.3765E-13  2.4590E-03
 2.3281E+25  8.0358E-06  9.9999E-01  7.2466E+03  8.1828E-05  5.4972E-12  3.3778E-13  2.4108E-03
 2.3374E+25  8.0433E-06  9.9999E-01  7.2432E+03  8.1828E-05  5.4901E-12  3.3791E-13  2.3644E-03
 2.3467E+25  8.1646E-06  9.9999E-01  7.2398E+03  8.1828E-05  5.4140E-12  3.3803E-13  2.3188E-03
 2.3559E+25  8.1847E-06  9.9999E-01  7.2365E+03  8.1828E-05  5.3987E-12  3.3816E-13  2.2742E-03
 2.3652E+25  8.2923E-06  9.9999E-01  7.2333E+03  8.1828E-05  5.3339E-12  3.3828E-13  2.2311E-03
 2.3744E+25  8.3298E-06  9.9999E-01  7.2301E+03  8.1828E-05  5.3078E-12  3.3840E-13  2.1890E-03
 2.3837E+25  8.4188E-06  9.9999E-01  7.2270E+03  8.1828E-05  5.2569E-12  3.3852E-13  2.1476E-03
 2.3929E+25  8.4789E-06  9.9999E-01  7.2240E+03  8.1828E-05  5.2175E-12  3.3863E-13  2.1075E-03
 2.4022E+25  8.5440E-06  9.9999E-01  7.2211E+03  8.1828E-05  5.1828E-12  3.3874E-13  2.0686E-03
 2.4115E+25  8.6321E-06  9.9999E-01  7.2182E+03  8.1828E-05  5.1277E-12  3.3885E-13  2.0302E-03
 2.4207E+25  8.6680E-06  9.9999E-01  7.2153E+03  8.1828E-05  5.1114E-12  3.3896E-13  1.9928E-03
 2.4300E+25  8.7898E-06  9.9999E-01  7.2126E+03  8.1828E-05  5.0384E-12  3.3907E-13  1.9566E-03
 2.4392E+25  8.7908E-06  9.9999E-01  7.2099E+03  8.1828E-05  5.0427E-12  3.3917E-13  1.9210E-03
 2.4485E+25  8.9520E-06  9.9999E-01  7.2072E+03  8.1828E-05  4.9496E-12  3.3927E-13  1.8861E-03
 2.4577E+25  8.9122E-06  9.9999E-01  7.2046E+03  8.1828E-05  4.9765E-12  3.3937E-13  1.8524E-03
 2.4670E+25  9.0847E-06  9.9999E-01  7.2021E+03  8.1828E-05  4.8832E-12  3.3947E-13  1.8194E-03
 2.4763E+25  9.0667E-06  9.9999E-01  7.1995E+03  8.1828E-05  4.8905E-12  3.3956E-13  1.7869E-03
 2.4855E+25  9.2053E-06  9.9999E-01  7.1971E+03  8.1828E-05  4.8215E-12  3.3966E-13  1.7552E-03
 2.4948E+25  9.2369E-06  9.9999E-01  7.1947E+03  8.1828E-05  4.8026E-12  3.3975E-13  1.7246E-03
 2.5040E+25  9.3243E-06  9.9999E-01  7.1923E+03  8.1828E-05  4.7622E-12  3.3984E-13  1.6945E-03
 2.5133E+25  9.4126E-06  9.9999E-01  7.1900E+03  8.1828E-05  4.7150E-12  3.3993E-13  1.6648E-03
 2.5225E+25  9.4418E-06  9.9999E-01  7.1878E+03  8.1828E-05  4.7050E-12  3.4001E-13  1.6361E-03
 2.5318E+25  9.5938E-06  9.9999E-01  7.1856E+03  8.1828E-05  4.6279E-12  3.4010E-13  1.6081E-03
 2.5411E+25  9.5581E-06  9.9999E-01  7.1834E+03  8.1828E-05  4.6496E-12  3.4018E-13  1.5805E-03
 2.5503E+25  9.7355E-06  9.9999E-01  7.1812E+03  8.1828E-05  4.5659E-12  3.4026E-13  1.5534E-03
 2.5596E+25  9.7181E-06  9.9999E-01  7.1792E+03  8.1828E-05  4.5715E-12  3.4034E-13  1.5273E-03
 2.5688E+25  9.8508E-06  9.9999E-01  7.1771E+03  8.1828E-05  4.5142E-12  3.4042E-13  1.5017E-03
 2.5781E+25  9.9093E-06  9.9999E-01  7.1751E+03  8.1828E-05  4.4850E-12  3.4050E-13  1.4764E-03
 2.5873E+25  9.9648E-06  9.9999E-01  7.1731E+03  8.1828E-05  4.4642E-12  3.4058E-13  1.4516E-03
 2.5966E+25  1.0107E-05  9.9999E-01  7.1712E+03  8.1828E-05  4.3991E-12  3.4065E-13  1.4277E-03
 2.6059E+25  1.0077E-05  9.9999E-01  7.1693E+03  8.1828E-05  4.4164E-12  3.4072E-13  1.4042E-03
 2.6151E+25  1.0257E-05  9.9999E-01  7.1674E+03  8.1828E-05  4.3393E-12  3.4079E-13  1.3810E-03
 2.6244E+25  1.0240E-05  9.9999E-01  7.1656E+03  8.1828E-05  4.3439E-12  3.4086E-13  1.3583E-03
 2.6336E+25  1.0368E-05  9.9999E-01  7.1638E+03  8.1828E-05  4.2943E-12  3.4093E-13  1.3364E-03
 2.6429E+25  1.0449E-05  9.9999E-01  7.1620E+03  8.1828E-05  4.2585E-12  3.4100E-13  1.3149E-03
 2.6521E+25  1.0478E-05  9.9999E-01  7.1603E+03  8.1828E-05  4.2508E-12  3.4107E-13  1.2936E-03
 2.6614E+25  1.0659E-05  9.9999E-01  7.1586E+03  8.1828E-05  4.1784E-12  3.4113E-13  1.2727E-03
 2.6707E+25  1.0592E-05  9.9999E-01  7.1569E+03  8.1828E-05  4.2041E-12  3.4120E-13  1.2526E-03
 2.6799E+25  1.0769E-05  9.9999E-01  7.1553E+03  8.1828E-05  4.1378E-12  3.4126E-13  1.2328E-03
 2.6892E+25  1.0811E-05  9.9999E-01  7.1537E+03  8.1828E-05  4.1194E-12  3.4132E-13  1.2132E-03
 2.6984E+25  1.0876E-05  9.9999E-01  7.1521E+03  8.1828E-05  4.0985E-12  3.4138E-13  1.1940E-03
 2.7077E+25  1.1040E-05  9.9999E-01  7.1506E+03  8.1828E-05  4.0350E-12  3.4144E-13  1.1754E-03
 2.7169E+25  1.0981E-05  9.9999E-01  7.1491E+03  8.1828E-05  4.0603E-12  3.4150E-13  1.1573E-03
 2.7262E+25  1.1167E-05  9.9999E-01  7.1476E+03  8.1828E-05  3.9933E-12  3.4156E-13  1.1393E-03
 2.7355E+25  1.1194E-05  9.9999E-01  7.1461E+03  8.1828E-05  3.9813E-12  3.4162E-13  1.1215E-03
 2.7447E+25  1.1271E-05  9.9999E-01  7.1446E+03  8.1828E-05  3.9577E-12  3.4167E-13  1.1043E-03
 2.7540E+25  1.1437E-05  9.9999E-01  7.1432E+03  8.1828E-05  3.8976E-12  3.4173E-13  1.0876E-03
 2.7632E+25  1.1373E-05  9.9999E-01  7.1418E+03  8.1828E-05  3.9233E-12  3.4178E-13  1.0711E-03
 2.7725E+25  1.1562E-05  9.9999E-01  7.1405E+03  8.1828E-05  3.8597E-12  3.4183E-13  1.0547E-03
 2.7817E+25  1.1600E-05  9.9999E-01  7.1391E+03  8.1828E-05  3.8444E-12  3.4189E-13  1.0387E-03
 2.7910E+25  1.1662E-05  9.9999E-01  7.1378E+03  8.1828E-05  3.8276E-12  3.4194E-13  1.0233E-03
 2.8003E+25  1.1851E-05  9.9999E-01  7.1365E+03  8.1828E-05  3.7661E-12  3.4199E-13  1.0081E-03
 2.8095E+25  1.1768E-05  9.9999E-01  7.1352E+03  8.1828E-05  3.7916E-12  3.4204E-13  9.9302E-04
 2.8188E+25  1.1952E-05  9.9999E-01  7.1339E+03  8.1828E-05  3.7360E-12  3.4209E-13  9.7818E-04
 2.8280E+25  1.2033E-05  9.9999E-01  7.1327E+03  8.1828E-05  3.7084E-12  3.4213E-13  9.6379E-04
 2.8373E+25  1.2049E-05  9.9999E-01  7.1315E+03  8.1828E-05  3.7069E-12  3.4218E-13  9.4979E-04
 2.8465E+25  1.2243E-05  9.9999E-01  7.1303E+03  8.1828E-05  3.6485E-12  3.4223E-13  9.3592E-04
 2.8558E+25  1.2210E-05  9.9999E-01  7.1291E+03  8.1828E-05  3.6558E-12  3.4227E-13  9.2219E-04
 2.8651E+25  1.2338E-05  9.9999E-01  7.1280E+03  8.1828E-05  3.6214E-12  3.4232E-13  9.0875E-04
 2.8743E+25  1.2494E-05  9.9999E-01  7.1268E+03  8.1828E-05  3.5734E-12  3.4236E-13  8.9570E-04
 2.8836E+25  1.2431E-05  9.9999E-01  7.1257E+03  8.1828E-05  3.5949E-12  3.4241E-13  8.8296E-04
 2.8928E+25  1.2627E-05  9.9999E-01  7.1246E+03  8.1828E-05  3.5394E-12  3.4245E-13  8.7031E-04
 2.9021E+25  1.2685E-05  9.9999E-01  7.1235E+03  8.1828E-05  3.5209E-12  3.4249E-13  8.5780E-04
 2.9113E+25  1.2718E-05  9.9999E-01  7.1225E+03  8.1828E-05  3.5148E-12  3.4253E-13  8.4559E-04
 2.9206E+25  1.2918E-05  9.9999E-01  7.1214E+03  8.1828E-05  3.4610E-12  3.4257E-13  8.3374E-04
 2.9299E+25  1.2878E-05  9.9999E-01  7.1204E+03  8.1828E-05  3.4690E-12  3.4261E-13  8.2210E-04
 2.9391E+25  1.3007E-05  9.9999E-01  7.1194E+03  8.1828E-05  3.4379E-12  3.4265E-13  8.1056E-04
 2.9484E+25  1.3191E-05  9.9999E-01  7.1184E+03  8.1828E-05  3.3873E-12  3.4269E-13  7.9913E-04
 2.9576E+25  1.3094E-05  9.9999E-01  7.1174E+03  8.1828E-05  3.4155E-12  3.4273E-13  7.8800E-04
 2.9669E+25  1.3295E-05  9.9999E-01  7.1164E+03  8.1828E-05  3.3643E-12  3.4277E-13  7.7720E-04
 2.9761E+25  1.3401E-05  9.9999E-01  7.1155E+03  8.1828E-05  3.3352E-12  3.4280E-13  7.6658E-04
 2.9854E+25  1.3380E-05  9.9999E-01  7.1146E+03  8.1828E-05  3.3435E-12  3.4284E-13  7.5603E-04
 2.9947E+25  1.3584E-05  9.9999E-01  7.1136E+03  8.1828E-05  3.2938E-12  3.4288E-13  7.4559E-04
 3.0039E+25  1.3616E-05  9.9999E-01  7.1127E+03  8.1828E-05  3.2834E-12  3.4291E-13  7.3541E-04
 3.0132E+25  1.3667E-05  9.9999E-01  7.1118E+03  8.1828E-05  3.2743E-12  3.4295E-13  7.2552E-04
 3.0224E+25  1.3873E-05  9.9999E-01  7.1109E+03  8.1828E-05  3.2259E-12  3.4298E-13  7.1581E-04
 3.0317E+25  1.3836E-05  9.9999E-01  7.1101E+03  8.1828E-05  3.2319E-12  3.4302E-13  7.0616E-04
 3.0409E+25  1.3953E-05  9.9999E-01  7.1092E+03  8.1828E-05  3.2078E-12  3.4305E-13  6.9662E-04
 3.0502E+25  1.4162E-05  9.9999E-01  7.1084E+03  8.1828E-05  3.1608E-12  3.4308E-13  6.8727E-04
 3.0594E+25  1.4064E-05  9.9999E-01  7.1075E+03  8.1828E-05  3.1803E-12  3.4311E-13  6.7818E-04
 3.0687E+25  1.4239E-05  9.9999E-01  7.1068E+03  8.1828E-05  3.1441E-12  3.4314E-13  6.6932E-04
 3.0780E+25  1.4434E-05  9.9999E-01  7.1059E+03  8.1828E-05  3.0994E-12  3.4318E-13  6.6049E-04
 3.0872E+25  1.4317E-05  9.9999E-01  7.1051E+03  8.1828E-05  3.1275E-12  3.4321E-13  6.5175E-04
 3.0965E+25  1.4526E-05  9.9999E-01  7.1044E+03  8.1828E-05  3.0828E-12  3.4324E-13  6.4314E-04
 3.1057E+25  1.4681E-05  9.9999E-01  7.1036E+03  8.1828E-05  3.0478E-12  3.4327E-13  6.3477E-04
 3.1150E+25  1.4601E-05  9.9999E-01  7.1028E+03  8.1828E-05  3.0674E-12  3.4330E-13  6.2662E-04
 3.1242E+25  1.4812E-05  9.9999E-01  7.1021E+03  8.1828E-05  3.0240E-12  3.4333E-13  6.1856E-04
 3.1335E+25  1.4937E-05  9.9999E-01  7.1014E+03  8.1828E-05  2.9963E-12  3.4336E-13  6.1056E-04
 3.1428E+25  1.4885E-05  9.9999E-01  7.1006E+03  8.1828E-05  3.0096E-12  3.4338E-13  6.0264E-04
 3.1520E+25  1.5098E-05  9.9998E-01  7.0999E+03  8.1828E-05  2.9673E-12  3.4341E-13  5.9490E-04
 3.1613E+25  1.5200E-05  9.9998E-01  7.0992E+03  8.1828E-05  2.9449E-12  3.4344E-13  5.8737E-04
 3.1705E+25  1.5168E-05  9.9998E-01  7.0985E+03  8.1828E-05  2.9540E-12  3.4347E-13  5.8001E-04
 3.1798E+25  1.5383E-05  9.9998E-01  7.0979E+03  8.1828E-05  2.9128E-12  3.4349E-13  5.7268E-04
 3.1890E+25  1.5473E-05  9.9998E-01  7.0972E+03  8.1828E-05  2.8935E-12  3.4352E-13  5.6541E-04
 3.1983E+25  1.5451E-05  9.9998E-01  7.0965E+03  8.1828E-05  2.9004E-12  3.4354E-13  5.5823E-04
 3.2076E+25  1.5668E-05  9.9998E-01  7.0959E+03  8.1828E-05  2.8604E-12  3.4357E-13  5.5125E-04
 3.2168E+25  1.5756E-05  9.9998E-01  7.0952E+03  8.1828E-05  2.8421E-12  3.4360E-13  5.4445E-04
 3.2261E+25  1.5733E-05  9.9998E-01  7.0946E+03  8.1828E-05  2.8489E-12  3.4362E-13  5.3776E-04
 3.2353E+25  1.5952E-05  9.9998E-01  7.0940E+03  8.1828E-05  2.8100E-12  3.4364E-13  5.3109E-04
 3.2446E+25  1.6049E-05  9.9998E-01  7.0933E+03  8.1828E-05  2.7908E-12  3.4367E-13  5.2449E-04
 3.2538E+25  1.6015E-05  9.9998E-01  7.0927E+03  8.1828E-05  2.7993E-12  3.4369E-13  5.1798E-04
 3.2631E+25  1.6236E-05  9.9998E-01  7.0921E+03  8.1828E-05  2.7614E-12  3.4372E-13  5.1166E-04
 3.2724E+25  1.6352E-05  9.9998E-01  7.0915E+03  8.1828E-05  2.7394E-12  3.4374E-13  5.0549E-04
 3.2816E+25  1.6296E-05  9.9998E-01  7.0910E+03  8.1828E-05  2.7514E-12  3.4376E-13  4.9940E-04
 3.2909E+25  1.6519E-05  9.9998E-01  7.0904E+03  8.1828E-05  2.7146E-12  3.4378E-13  4.9333E-04
 3.3001E+25  1.6667E-05  9.9998E-01  7.0898E+03  8.1828E-05  2.6881E-12  3.4381E-13  4.8733E-04
 3.3094E+25  1.6577E-05  9.9998E-01  7.0893E+03  8.1828E-05  2.7053E-12  3.4383E-13  4.8141E-04
 3.3186E+25  1.6800E-05  9.9998E-01  7.0887E+03  8.1828E-05  2.6695E-12  3.4385E-13  4.7565E-04
 3.3279E+25  1.6994E-05  9.9998E-01  7.0882E+03  8.1828E-05  2.6369E-12  3.4387E-13  4.7004E-04
 3.3372E+25  1.6857E-05  9.9998E-01  7.0876E+03  8.1828E-05  2.6608E-12  3.4389E-13  4.6450E-04
 3.3464E+25  1.7081E-05  9.9998E-01  7.0871E+03  8.1828E-05  2.6260E-12  3.4391E-13  4.5899E-04
 3.3557E+25  1.7311E-05  9.9998E-01  7.0866E+03  8.1828E-05  2.5910E-12  3.4393E-13  4.5351E-04
 3.3649E+25  1.7157E-05  9.9998E-01  7.0861E+03  8.1828E-05  2.6126E-12  3.4395E-13  4.4811E-04
 3.3742E+25  1.7362E-05  9.9998E-01  7.0856E+03  8.1828E-05  2.5840E-12  3.4397E-13  4.4285E-04
 3.3834E+25  1.7594E-05  9.9998E-01  7.0850E+03  8.1828E-05  2.5499E-12  3.4399E-13  4.3772E-04
 3.3927E+25  1.7502E-05  9.9998E-01  7.0846E+03  8.1828E-05  2.5611E-12  3.4401E-13  4.3269E-04
 3.4020E+25  1.7641E-05  9.9998E-01  7.0841E+03  8.1828E-05  2.5433E-12  3.4403E-13  4.2766E-04
 3.4112E+25  1.7875E-05  9.9998E-01  7.0836E+03  8.1828E-05  2.5103E-12  3.4405E-13  4.2268E-04
 3.4205E+25  1.7863E-05  9.9998E-01  7.0831E+03  8.1828E-05  2.5097E-12  3.4407E-13  4.1774E-04
 3.4297E+25  1.7920E-05  9.9998E-01  7.0826E+03  8.1828E-05  2.5041E-12  3.4409E-13  4.1292E-04
 3.4390E+25  1.8154E-05  9.9998E-01  7.0822E+03  8.1828E-05  2.4721E-12  3.4411E-13  4.0821E-04
 3.4482E+25  1.8239E-05  9.9998E-01  7.0817E+03  8.1828E-05  2.4584E-12  3.4413E-13  4.0362E-04
 3.4575E+25  1.8198E-05  9.9998E-01  7.0813E+03  8.1828E-05  2.4662E-12  3.4414E-13  3.9905E-04
 3.4668E+25  1.8432E-05  9.9998E-01  7.0808E+03  8.1828E-05  2.4351E-12  3.4416E-13  3.9450E-04
 3.4760E+25  1.8628E-05  9.9998E-01  7.0804E+03  8.1828E-05  2.4072E-12  3.4418E-13  3.8999E-04
 3.4853E+25  1.8475E-05  9.9998E-01  7.0799E+03  8.1828E-05  2.4296E-12  3.4419E-13  3.8555E-04
 3.4945E+25  1.8709E-05  9.9998E-01  7.0795E+03  8.1828E-05  2.3993E-12  3.4421E-13  3.8123E-04
 3.5038E+25  1.8950E-05  9.9998E-01  7.0791E+03  8.1828E-05  2.3689E-12  3.4423E-13  3.7700E-04
 3.5130E+25  1.8833E-05  9.9998E-01  7.0787E+03  8.1828E-05  2.3815E-12  3.4424E-13  3.7284E-04
 3.5223E+25  1.8986E-05  9.9998E-01  7.0783E+03  8.1828E-05  2.3646E-12  3.4426E-13  3.6870E-04
 3.5316E+25  1.9227E-05  9.9998E-01  7.0779E+03  8.1828E-05  2.3351E-12  3.4428E-13  3.6458E-04
 3.5408E+25  1.9250E-05  9.9998E-01  7.0774E+03  8.1828E-05  2.3302E-12  3.4429E-13  3.6050E-04
 3.5501E+25  1.9262E-05  9.9998E-01  7.0771E+03  8.1828E-05  2.3310E-12  3.4431E-13  3.5651E-04
 3.5593E+25  1.9502E-05  9.9998E-01  7.0767E+03  8.1828E-05  2.3023E-12  3.4432E-13  3.5260E-04
 3.5686E+25  1.9683E-05  9.9998E-01  7.0763E+03  8.1828E-05  2.2791E-12  3.4434E-13  3.4879E-04
 3.5778E+25  1.9537E-05  9.9998E-01  7.0759E+03  8.1828E-05  2.2984E-12  3.4435E-13  3.4502E-04
 3.5871E+25  1.9777E-05  9.9998E-01  7.0755E+03  8.1828E-05  2.2706E-12  3.4437E-13  3.4126E-04
 3.5964E+25  2.0025E-05  9.9998E-01  7.0751E+03  8.1828E-05  2.2426E-12  3.4438E-13  3.3753E-04
 3.6056E+25  1.9918E-05  9.9998E-01  7.0748E+03  8.1828E-05  2.2526E-12  3.4440E-13  3.3383E-04
 3.6149E+25  2.0052E-05  9.9998E-01  7.0744E+03  8.1828E-05  2.2397E-12  3.4441E-13  3.3022E-04
 3.6241E+25  2.0298E-05  9.9998E-01  7.0740E+03  8.1828E-05  2.2126E-12  3.4443E-13  3.2669E-04
 3.6334E+25  2.0382E-05  9.9998E-01  7.0737E+03  8.1828E-05  2.2015E-12  3.4444E-13  3.2324E-04
 3.6426E+25  2.0326E-05  9.9998E-01  7.0733E+03  8.1828E-05  2.2098E-12  3.4445E-13  3.1982E-04
 3.6519E+25  2.0571E-05  9.9998E-01  7.0730E+03  8.1828E-05  2.1835E-12  3.4447E-13  3.1641E-04
 3.6612E+25  2.0823E-05  9.9998E-01  7.0726E+03  8.1828E-05  2.1571E-12  3.4448E-13  3.1302E-04
 3.6704E+25  2.0640E-05  9.9998E-01  7.0723E+03  8.1828E-05  2.1744E-12  3.4450E-13  3.0967E-04
 3.6797E+25  2.0844E-05  9.9998E-01  7.0720E+03  8.1828E-05  2.1551E-12  3.4451E-13  3.0639E-04
 3.6889E+25  2.1096E-05  9.9998E-01  7.0716E+03  8.1828E-05  2.1295E-12  3.4452E-13  3.0317E-04
 3.6982E+25  2.1137E-05  9.9998E-01  7.0713E+03  8.1828E-05  2.1233E-12  3.4453E-13  3.0004E-04
 3.7074E+25  2.1117E-05  9.9998E-01  7.0710E+03  8.1828E-05  2.1274E-12  3.4455E-13  2.9694E-04
 3.7167E+25  2.1367E-05  9.9998E-01  7.0707E+03  8.1828E-05  2.1026E-12  3.4456E-13  2.9384E-04
 3.7260E+25  2.1622E-05  9.9998E-01  7.0704E+03  8.1828E-05  2.0777E-12  3.4457E-13  2.9077E-04
 3.7352E+25  2.1420E-05  9.9998E-01  7.0700E+03  8.1828E-05  2.0957E-12  3.4458E-13  2.8772E-04
 3.7445E+25  2.1639E-05  9.9998E-01  7.0697E+03  8.1828E-05  2.0764E-12  3.4460E-13  2.8472E-04
 3.7537E+25  2.1894E-05  9.9998E-01  7.0694E+03  8.1828E-05  2.0522E-12  3.4461E-13  2.8179E-04
 3.7630E+25  2.1953E-05  9.9998E-01  7.0691E+03  8.1828E-05  2.0448E-12  3.4462E-13  2.7893E-04
 3.7722E+25  2.1910E-05  9.9998E-01  7.0688E+03  8.1828E-05  2.0509E-12  3.4463E-13  2.7612E-04
 3.7815E+25  2.2164E-05  9.9998E-01  7.0686E+03  8.1828E-05  2.0275E-12  3.4464E-13  2.7331E-04
 3.7908E+25  2.2425E-05  9.9998E-01  7.0683E+03  8.1828E-05  2.0039E-12  3.4465E-13  2.7052E-04
 3.8000E+25  2.2261E-05  9.9998E-01  7.0680E+03  8.1828E-05  2.0167E-12  3.4467E-13  2.6774E-04
 3.8093E+25  2.2435E-05  9.9998E-01  7.0677E+03  8.1828E-05  2.0031E-12  3.4468E-13  2.6500E-04
 3.8185E+25  2.2693E-05  9.9998E-01  7.0674E+03  8.1828E-05  1.9804E-12  3.4469E-13  2.6232E-04
 3.8278E+25  2.2835E-05  9.9998E-01  7.0671E+03  8.1828E-05  1.9662E-12  3.4470E-13  2.5969E-04
 3.8370E+25  2.2704E-05  9.9998E-01  7.0669E+03  8.1828E-05  1.9796E-12  3.4471E-13  2.5713E-04
 3.8463E+25  2.2961E-05  9.9998E-01  7.0666E+03  8.1828E-05  1.9574E-12  3.4472E-13  2.5458E-04
 3.8556E+25  2.3226E-05  9.9998E-01  7.0663E+03  8.1828E-05  1.9351E-12  3.4473E-13  2.5204E-04
 3.8648E+25  2.3174E-05  9.9998E-01  7.0660E+03  8.1828E-05  1.9376E-12  3.4474E-13  2.4952E-04
 3.8741E+25  2.3231E-05  9.9998E-01  7.0658E+03  8.1828E-05  1.9348E-12  3.4475E-13  2.4702E-04
 3.8833E+25  2.3492E-05  9.9998E-01  7.0655E+03  8.1828E-05  1.9134E-12  3.4476E-13  2.4455E-04
 3.8926E+25  2.3759E-05  9.9998E-01  7.0653E+03  8.1828E-05  1.8917E-12  3.4477E-13  2.4214E-04
 3.9018E+25  2.3529E-05  9.9998E-01  7.0650E+03  8.1828E-05  1.9088E-12  3.4478E-13  2.3977E-04
 3.9111E+25  2.3761E-05  9.9998E-01  7.0648E+03  8.1828E-05  1.8918E-12  3.4479E-13  2.3746E-04
 3.9204E+25  2.4027E-05  9.9998E-01  7.0645E+03  8.1828E-05  1.8710E-12  3.4480E-13  2.3516E-04
 3.9296E+25  2.4163E-05  9.9998E-01  7.0643E+03  8.1828E-05  1.8586E-12  3.4481E-13  2.3286E-04
 3.9389E+25  2.4028E-05  9.9998E-01  7.0640E+03  8.1828E-05  1.8710E-12  3.4482E-13  2.3058E-04
 3.9481E+25  2.4293E-05  9.9998E-01  7.0638E+03  8.1828E-05  1.8505E-12  3.4483E-13  2.2832E-04
 3.9574E+25  2.4564E-05  9.9998E-01  7.0636E+03  8.1828E-05  1.8302E-12  3.4484E-13  2.2609E-04
 3.9666E+25  2.4551E-05  9.9998E-01  7.0633E+03  8.1828E-05  1.8294E-12  3.4485E-13  2.2391E-04
 3.9759E+25  2.4561E-05  9.9998E-01  7.0631E+03  8.1828E-05  1.8305E-12  3.4486E-13  2.2177E-04
 3.9852E+25  2.4828E-05  9.9998E-01  7.0629E+03  8.1828E-05  1.8108E-12  3.4487E-13  2.1968E-04
 3.9944E+25  2.5104E-05  9.9997E-01  7.0626E+03  8.1828E-05  1.7910E-12  3.4488E-13  2.1760E-04
 4.0037E+25  2.4954E-05  9.9998E-01  7.0624E+03  8.1828E-05  1.8000E-12  3.4489E-13  2.1552E-04
 4.0129E+25  2.5096E-05  9.9997E-01  7.0622E+03  8.1828E-05  1.7917E-12  3.4489E-13  2.1346E-04
 4.0222E+25  2.5367E-05  9.9997E-01  7.0620E+03  8.1828E-05  1.7726E-12  3.4490E-13  2.1141E-04
 4.0314E+25  2.5640E-05  9.9997E-01  7.0617E+03  8.1828E-05  1.7533E-12  3.4491E-13  2.0939E-04
 4.0407E+25  2.5380E-05  9.9997E-01  7.0615E+03  8.1828E-05  1.7704E-12  3.4492E-13  2.0741E-04
 4.0500E+25  2.5633E-05  9.9997E-01  7.0613E+03  8.1828E-05  1.7542E-12  3.4493E-13  2.0547E-04
 4.0592E+25  2.5908E-05  9.9997E-01  7.0611E+03  8.1828E-05  1.7357E-12  3.4494E-13  2.0358E-04
 4.0685E+25  2.6103E-05  9.9997E-01  7.0609E+03  8.1828E-05  1.7210E-12  3.4494E-13  2.0169E-04
 4.0777E+25  2.5898E-05  9.9997E-01  7.0607E+03  8.1828E-05  1.7364E-12  3.4495E-13  1.9981E-04
 4.0870E+25  2.6173E-05  9.9997E-01  7.0605E+03  8.1828E-05  1.7182E-12  3.4496E-13  1.9794E-04
 4.0962E+25  2.6451E-05  9.9997E-01  7.0603E+03  8.1828E-05  1.7002E-12  3.4497E-13  1.9608E-04
 4.1055E+25  2.6565E-05  9.9997E-01  7.0601E+03  8.1828E-05  1.6912E-12  3.4498E-13  1.9424E-04
 4.1148E+25  2.6437E-05  9.9997E-01  7.0599E+03  8.1828E-05  1.7011E-12  3.4498E-13  1.9244E-04
 4.1240E+25  2.6716E-05  9.9997E-01  7.0597E+03  8.1828E-05  1.6834E-12  3.4499E-13  1.9067E-04
 4.1333E+25  2.6996E-05  9.9997E-01  7.0595E+03  8.1828E-05  1.6660E-12  3.4500E-13  1.8895E-04
 4.1425E+25  2.7046E-05  9.9997E-01  7.0593E+03  8.1828E-05  1.6613E-12  3.4501E-13  1.8725E-04
 4.1518E+25  2.6979E-05  9.9997E-01  7.0591E+03  8.1828E-05  1.6671E-12  3.4502E-13  1.8554E-04
 4.1610E+25  2.7261E-05  9.9997E-01  7.0589E+03  8.1828E-05  1.6499E-12  3.4502E-13  1.8385E-04
 4.1703E+25  2.7544E-05  9.9997E-01  7.0587E+03  8.1828E-05  1.6330E-12  3.4503E-13  1.8216E-04
 4.1796E+25  2.7547E-05  9.9997E-01  7.0586E+03  8.1828E-05  1.6312E-12  3.4504E-13  1.8049E-04
 4.1888E+25  2.7523E-05  9.9997E-01  7.0584E+03  8.1828E-05  1.6343E-12  3.4504E-13  1.7884E-04
 4.1981E+25  2.7808E-05  9.9997E-01  7.0582E+03  8.1828E-05  1.6176E-12  3.4505E-13  1.7722E-04
 4.2073E+25  2.8094E-05  9.9997E-01  7.0580E+03  8.1828E-05  1.6011E-12  3.4506E-13  1.7563E-04
 4.2166E+25  2.8069E-05  9.9997E-01  7.0578E+03  8.1828E-05  1.6010E-12  3.4507E-13  1.7409E-04
 4.2258E+25  2.8070E-05  9.9997E-01  7.0577E+03  8.1828E-05  1.6025E-12  3.4507E-13  1.7255E-04
 4.2351E+25  2.8357E-05  9.9997E-01  7.0575E+03  8.1828E-05  1.5863E-12  3.4508E-13  1.7102E-04
 4.2443E+25  2.8646E-05  9.9997E-01  7.0573E+03  8.1828E-05  1.5704E-12  3.4509E-13  1.6949E-04
 4.2536E+25  2.8612E-05  9.9997E-01  7.0571E+03  8.1828E-05  1.5707E-12  3.4509E-13  1.6797E-04
 4.2629E+25  2.8619E-05  9.9997E-01  7.0570E+03  8.1828E-05  1.5719E-12  3.4510E-13  1.6646E-04
 4.2721E+25  2.8909E-05  9.9997E-01  7.0568E+03  8.1828E-05  1.5561E-12  3.4511E-13  1.6498E-04
 4.2814E+25  2.9201E-05  9.9997E-01  7.0566E+03  8.1828E-05  1.5406E-12  3.4511E-13  1.6352E-04
 4.2906E+25  2.9178E-05  9.9997E-01  7.0565E+03  8.1828E-05  1.5403E-12  3.4512E-13  1.6209E-04
 4.2999E+25  2.9171E-05  9.9997E-01  7.0563E+03  8.1828E-05  1.5422E-12  3.4513E-13  1.6070E-04
 4.3091E+25  2.9464E-05  9.9997E-01  7.0562E+03  8.1828E-05  1.5269E-12  3.4513E-13  1.5931E-04
 4.3184E+25  2.9757E-05  9.9997E-01  7.0560E+03  8.1828E-05  1.5119E-12  3.4514E-13  1.5792E-04
 4.3277E+25  2.9767E-05  9.9997E-01  7.0558E+03  8.1828E-05  1.5099E-12  3.4514E-13  1.5654E-04
 4.3369E+25  2.9726E-05  9.9997E-01  7.0557E+03  8.1828E-05  1.5135E-12  3.4515E-13  1.5517E-04
 4.3462E+25  3.0021E-05  9.9997E-01  7.0555E+03  8.1828E-05  1.4987E-12  3.4516E-13  1.5381E-04
 4.3554E+25  3.0316E-05  9.9997E-01  7.0554E+03  8.1828E-05  1.4841E-12  3.4516E-13  1.5247E-04
 4.3647E+25  3.0380E-05  9.9997E-01  7.0552E+03  8.1828E-05  1.4795E-12  3.4517E-13  1.5115E-04
 4.3739E+25  3.0283E-05  9.9997E-01  7.0551E+03  8.1828E-05  1.4858E-12  3.4517E-13  1.4985E-04
 4.3832E+25  3.0580E-05  9.9997E-01  7.0549E+03  8.1828E-05  1.4714E-12  3.4518E-13  1.4860E-04
 4.3925E+25  3.0878E-05  9.9997E-01  7.0548E+03  8.1828E-05  1.4572E-12  3.4519E-13  1.4734E-04
 4.4017E+25  3.1018E-05  9.9997E-01  7.0546E+03  8.1828E-05  1.4492E-12  3.4519E-13  1.4609E-04
 4.4110E+25  3.0843E-05  9.9997E-01  7.0545E+03  8.1828E-05  1.4589E-12  3.4520E-13  1.4484E-04
 4.4202E+25  3.1140E-05  9.9997E-01  7.0544E+03  8.1828E-05  1.4450E-12  3.4520E-13  1.4360E-04
 4.4295E+25  3.1443E-05  9.9997E-01  7.0542E+03  8.1828E-05  1.4311E-12  3.4521E-13  1.4237E-04
 4.4387E+25  3.1681E-05  9.9997E-01  7.0541E+03  8.1828E-05  1.4189E-12  3.4521E-13  1.4115E-04
 4.4480E+25  3.1406E-05  9.9997E-01  7.0539E+03  8.1828E-05  1.4328E-12  3.4522E-13  1.3996E-04
 4.4573E+25  3.1704E-05  9.9997E-01  7.0538E+03  8.1828E-05  1.4194E-12  3.4523E-13  1.3877E-04
 4.4665E+25  3.2010E-05  9.9997E-01  7.0537E+03  8.1828E-05  1.4058E-12  3.4523E-13  1.3763E-04
 4.4758E+25  3.2314E-05  9.9997E-01  7.0535E+03  8.1828E-05  1.3925E-12  3.4524E-13  1.3650E-04
 4.4850E+25  3.2028E-05  9.9997E-01  7.0534E+03  8.1828E-05  1.4037E-12  3.4524E-13  1.3537E-04
 4.4943E+25  3.2271E-05  9.9997E-01  7.0533E+03  8.1828E-05  1.3945E-12  3.4525E-13  1.3424E-04
 4.5035E+25  3.2580E-05  9.9997E-01  7.0531E+03  8.1828E-05  1.3813E-12  3.4525E-13  1.3312E-04
 4.5128E+25  3.2887E-05  9.9997E-01  7.0530E+03  8.1828E-05  1.3684E-12  3.4526E-13  1.3201E-04
 4.5221E+25  3.2740E-05  9.9997E-01  7.0529E+03  8.1828E-05  1.3732E-12  3.4526E-13  1.3090E-04
 4.5313E+25  3.2843E-05  9.9997E-01  7.0527E+03  8.1828E-05  1.3703E-12  3.4527E-13  1.2981E-04
 4.5406E+25  3.3150E-05  9.9997E-01  7.0526E+03  8.1828E-05  1.3576E-12  3.4527E-13  1.2873E-04
 4.5498E+25  3.3463E-05  9.9997E-01  7.0525E+03  8.1828E-05  1.3449E-12  3.4528E-13  1.2768E-04
 4.5591E+25  3.3482E-05  9.9997E-01  7.0524E+03  8.1828E-05  1.3428E-12  3.4528E-13  1.2666E-04
 4.5683E+25  3.3416E-05  9.9997E-01  7.0522E+03  8.1828E-05  1.3469E-12  3.4529E-13  1.2564E-04
 4.5776E+25  3.3723E-05  9.9997E-01  7.0521E+03  8.1828E-05  1.3346E-12  3.4529E-13  1.2462E-04
 4.5869E+25  3.4040E-05  9.9997E-01  7.0520E+03  8.1828E-05  1.3222E-12  3.4530E-13  1.2360E-04
 4.5961E+25  3.4255E-05  9.9997E-01  7.0519E+03  8.1828E-05  1.3125E-12  3.4530E-13  1.2259E-04
 4.6054E+25  3.3989E-05  9.9997E-01  7.0518E+03  8.1828E-05  1.3242E-12  3.4531E-13  1.2159E-04
 4.6146E+25  3.4302E-05  9.9997E-01  7.0516E+03  8.1828E-05  1.3121E-12  3.4531E-13  1.2059E-04
 4.6239E+25  3.4620E-05  9.9997E-01  7.0515E+03  8.1828E-05  1.3001E-12  3.4532E-13  1.1961E-04
 4.6331E+25  3.4937E-05  9.9997E-01  7.0514E+03  8.1828E-05  1.2883E-12  3.4532E-13  1.1864E-04
 4.6424E+25  3.4688E-05  9.9997E-01  7.0513E+03  8.1828E-05  1.2963E-12  3.4532E-13  1.1770E-04
 4.6517E+25  3.4885E-05  9.9997E-01  7.0512E+03  8.1828E-05  1.2903E-12  3.4533E-13  1.1678E-04
 4.6609E+25  3.5199E-05  9.9996E-01  7.0511E+03  8.1828E-05  1.2788E-12  3.4533E-13  1.1586E-04
 4.6702E+25  3.5524E-05  9.9996E-01  7.0510E+03  8.1828E-05  1.2671E-12  3.4534E-13  1.1494E-04
 4.6794E+25  3.5518E-05  9.9996E-01  7.0508E+03  8.1828E-05  1.2660E-12  3.4534E-13  1.1402E-04
 4.6887E+25  3.5467E-05  9.9996E-01  7.0507E+03  8.1828E-05  1.2692E-12  3.4535E-13  1.1311E-04
 4.6979E+25  3.5787E-05  9.9996E-01  7.0506E+03  8.1828E-05  1.2578E-12  3.4535E-13  1.1221E-04
 4.7072E+25  3.6112E-05  9.9996E-01  7.0505E+03  8.1828E-05  1.2465E-12  3.4536E-13  1.1131E-04
 4.7165E+25  3.6385E-05  9.9996E-01  7.0504E+03  8.1828E-05  1.2358E-12  3.4536E-13  1.1042E-04
 4.7257E+25  3.6049E-05  9.9996E-01  7.0503E+03  8.1828E-05  1.2488E-12  3.4536E-13  1.0955E-04
 4.7350E+25  3.6378E-05  9.9996E-01  7.0502E+03  8.1828E-05  1.2374E-12  3.4537E-13  1.0869E-04
 4.7442E+25  3.6699E-05  9.9996E-01  7.0501E+03  8.1828E-05  1.2266E-12  3.4537E-13  1.0786E-04
 4.7535E+25  3.7032E-05  9.9996E-01  7.0500E+03  8.1828E-05  1.2156E-12  3.4538E-13  1.0703E-04
 4.7627E+25  3.6890E-05  9.9996E-01  7.0499E+03  8.1828E-05  1.2190E-12  3.4538E-13  1.0620E-04
 4.7720E+25  3.6967E-05  9.9996E-01  7.0498E+03  8.1828E-05  1.2178E-12  3.4538E-13  1.0538E-04
 4.7813E+25  3.7296E-05  9.9996E-01  7.0497E+03  8.1828E-05  1.2070E-12  3.4539E-13  1.0456E-04
 4.7905E+25  3.7626E-05  9.9996E-01  7.0496E+03  8.1828E-05  1.1965E-12  3.4539E-13  1.0374E-04
 4.7998E+25  3.7823E-05  9.9996E-01  7.0495E+03  8.1828E-05  1.1889E-12  3.4540E-13  1.0293E-04
 4.8090E+25  3.7557E-05  9.9996E-01  7.0494E+03  8.1828E-05  1.1987E-12  3.4540E-13  1.0212E-04
 4.8183E+25  3.7895E-05  9.9996E-01  7.0493E+03  8.1828E-05  1.1880E-12  3.4540E-13  1.0133E-04
 4.8275E+25  3.8224E-05  9.9996E-01  7.0492E+03  8.1828E-05  1.1778E-12  3.4541E-13  1.0055E-04
 4.8368E+25  3.8563E-05  9.9996E-01  7.0491E+03  8.1828E-05  1.1674E-12  3.4541E-13  9.9789E-05
 4.8461E+25  3.8382E-05  9.9996E-01  7.0490E+03  8.1828E-05  1.1717E-12  3.4542E-13  9.9045E-05
 4.8553E+25  3.8492E-05  9.9996E-01  7.0489E+03  8.1828E-05  1.1696E-12  3.4542E-13  9.8301E-05
 4.8646E+25  3.8832E-05  9.9996E-01  7.0488E+03  8.1828E-05  1.1594E-12  3.4542E-13  9.7556E-05
 4.8738E+25  3.9165E-05  9.9996E-01  7.0487E+03  8.1828E-05  1.1496E-12  3.4543E-13  9.6815E-05
 4.8831E+25  3.9384E-05  9.9996E-01  7.0486E+03  8.1828E-05  1.1419E-12  3.4543E-13  9.6077E-05
 4.8923E+25  3.9092E-05  9.9996E-01  7.0485E+03  8.1828E-05  1.1517E-12  3.4543E-13  9.5343E-05
 4.9016E+25  3.9436E-05  9.9996E-01  7.0484E+03  8.1828E-05  1.1417E-12  3.4544E-13  9.4611E-05
 4.9109E+25  3.9777E-05  9.9996E-01  7.0484E+03  8.1828E-05  1.1319E-12  3.4544E-13  9.3892E-05
 4.9201E+25  4.0118E-05  9.9996E-01  7.0483E+03  8.1828E-05  1.1223E-12  3.4544E-13  9.3179E-05
 4.9294E+25  4.0003E-05  9.9996E-01  7.0482E+03  8.1828E-05  1.1243E-12  3.4545E-13  9.2476E-05
 4.9386E+25  4.0040E-05  9.9996E-01  7.0481E+03  8.1828E-05  1.1245E-12  3.4545E-13  9.1800E-05
 4.9479E+25  4.0391E-05  9.9996E-01  7.0480E+03  8.1828E-05  1.1148E-12  3.4545E-13  9.1131E-05
 4.9571E+25  4.0732E-05  9.9996E-01  7.0479E+03  8.1828E-05  1.1054E-12  3.4546E-13  9.0461E-05
 4.9664E+25  4.1062E-05  9.9996E-01  7.0478E+03  8.1828E-05  1.0960E-12  3.4546E-13  8.9792E-05
 4.9757E+25  4.0669E-05  9.9996E-01  7.0477E+03  8.1828E-05  1.1065E-12  3.4547E-13  8.9125E-05
 4.9849E+25  4.1001E-05  9.9996E-01  7.0477E+03  8.1828E-05  1.0982E-12  3.4547E-13  8.8461E-05
 4.9942E+25  4.1355E-05  9.9996E-01  7.0476E+03  8.1828E-05  1.0888E-12  3.4547E-13  8.7800E-05
 5.0034E+25  4.1699E-05  9.9996E-01  7.0475E+03  8.1828E-05  1.0798E-12  3.4548E-13  8.7142E-05
 5.0127E+25  4.1758E-05  9.9996E-01  7.0474E+03  8.1828E-05  1.0771E-12  3.4548E-13  8.6495E-05
 5.0219E+25  4.1620E-05  9.9996E-01  7.0473E+03  8.1828E-05  1.0819E-12  3.4548E-13  8.5853E-05
 5.0312E+25  4.1973E-05  9.9996E-01  7.0472E+03  8.1828E-05  1.0728E-12  3.4548E-13  8.5218E-05
 5.0405E+25  4.2330E-05  9.9996E-01  7.0472E+03  8.1828E-05  1.0638E-12  3.4549E-13  8.4610E-05
 5.0497E+25  4.2677E-05  9.9996E-01  7.0471E+03  8.1828E-05  1.0551E-12  3.4549E-13  8.4007E-05
 5.0590E+25  4.2472E-05  9.9996E-01  7.0470E+03  8.1828E-05  1.0591E-12  3.4549E-13  8.3405E-05
 5.0682E+25  4.2596E-05  9.9996E-01  7.0469E+03  8.1828E-05  1.0571E-12  3.4550E-13  8.2803E-05
 5.0775E+25  4.2955E-05  9.9996E-01  7.0468E+03  8.1828E-05  1.0483E-12  3.4550E-13  8.2202E-05
 5.0867E+25  4.3315E-05  9.9996E-01  7.0468E+03  8.1828E-05  1.0396E-12  3.4550E-13  8.1605E-05
 5.0960E+25  4.3642E-05  9.9996E-01  7.0467E+03  8.1828E-05  1.0312E-12  3.4551E-13  8.1009E-05
 5.1053E+25  4.3243E-05  9.9996E-01  7.0466E+03  8.1828E-05  1.0408E-12  3.4551E-13  8.0416E-05
 5.1145E+25  4.3583E-05  9.9996E-01  7.0465E+03  8.1828E-05  1.0332E-12  3.4551E-13  7.9831E-05
 5.1238E+25  4.3949E-05  9.9996E-01  7.0465E+03  8.1828E-05  1.0247E-12  3.4552E-13  7.9251E-05
 5.1330E+25  4.4312E-05  9.9996E-01  7.0464E+03  8.1828E-05  1.0162E-12  3.4552E-13  7.8676E-05
 5.1423E+25  4.4436E-05  9.9996E-01  7.0463E+03  8.1828E-05  1.0123E-12  3.4552E-13  7.8121E-05
 5.1515E+25  4.4229E-05  9.9996E-01  7.0462E+03  8.1828E-05  1.0182E-12  3.4552E-13  7.7579E-05
 5.1608E+25  4.4582E-05  9.9996E-01  7.0462E+03  8.1828E-05  1.0101E-12  3.4553E-13  7.7038E-05
 5.1701E+25  4.4953E-05  9.9996E-01  7.0461E+03  8.1828E-05  1.0018E-12  3.4553E-13  7.6496E-05
 5.1793E+25  4.5320E-05  9.9995E-01  7.0460E+03  8.1828E-05  9.9367E-13  3.4553E-13  7.5955E-05
 5.1886E+25  4.5254E-05  9.9995E-01  7.0459E+03  8.1828E-05  9.9408E-13  3.4554E-13  7.5416E-05
 5.1978E+25  4.5236E-05  9.9995E-01  7.0459E+03  8.1828E-05  9.9554E-13  3.4554E-13  7.4880E-05
 5.2071E+25  4.5594E-05  9.9995E-01  7.0458E+03  8.1828E-05  9.8774E-13  3.4554E-13  7.4346E-05
 5.2163E+25  4.5969E-05  9.9995E-01  7.0457E+03  8.1828E-05  9.7970E-13  3.4554E-13  7.3814E-05
 5.2256E+25  4.6340E-05  9.9995E-01  7.0457E+03  8.1828E-05  9.7182E-13  3.4555E-13  7.3291E-05
 5.2349E+25  4.6107E-05  9.9995E-01  7.0456E+03  8.1828E-05  9.7573E-13  3.4555E-13  7.2769E-05
 5.2441E+25  4.6255E-05  9.9995E-01  7.0455E+03  8.1828E-05  9.7363E-13  3.4555E-13  7.2255E-05
 5.2534E+25  4.6617E-05  9.9995E-01  7.0455E+03  8.1828E-05  9.6609E-13  3.4556E-13  7.1763E-05
 5.2626E+25  4.6997E-05  9.9995E-01  7.0454E+03  8.1828E-05  9.5831E-13  3.4556E-13  7.1275E-05
 5.2719E+25  4.7369E-05  9.9995E-01  7.0453E+03  8.1828E-05  9.5067E-13  3.4556E-13  7.0790E-05
 5.2811E+25  4.6999E-05  9.9995E-01  7.0453E+03  8.1828E-05  9.5731E-13  3.4556E-13  7.0303E-05
 5.2904E+25  4.7287E-05  9.9995E-01  7.0452E+03  8.1828E-05  9.5243E-13  3.4557E-13  6.9817E-05
 5.2997E+25  4.7653E-05  9.9995E-01  7.0451E+03  8.1828E-05  9.4510E-13  3.4557E-13  6.9334E-05
 5.3089E+25  4.8036E-05  9.9995E-01  7.0450E+03  8.1828E-05  9.3760E-13  3.4557E-13  6.8852E-05
 5.3182E+25  4.8384E-05  9.9995E-01  7.0450E+03  8.1828E-05  9.3017E-13  3.4557E-13  6.8372E-05
 5.3274E+25  4.7955E-05  9.9995E-01  7.0449E+03  8.1828E-05  9.3884E-13  3.4558E-13  6.7894E-05
 5.3367E+25  4.8331E-05  9.9995E-01  7.0449E+03  8.1828E-05  9.3188E-13  3.4558E-13  6.7423E-05
 5.3459E+25  4.8703E-05  9.9995E-01  7.0448E+03  8.1828E-05  9.2476E-13  3.4558E-13  6.6955E-05
 5.3552E+25  4.9088E-05  9.9995E-01  7.0447E+03  8.1828E-05  9.1754E-13  3.4558E-13  6.6492E-05
 5.3645E+25  4.9360E-05  9.9995E-01  7.0447E+03  8.1828E-05  9.1148E-13  3.4559E-13  6.6050E-05
 5.3737E+25  4.9002E-05  9.9995E-01  7.0446E+03  8.1828E-05  9.1914E-13  3.4559E-13  6.5611E-05
 5.3830E+25  4.9388E-05  9.9995E-01  7.0445E+03  8.1828E-05  9.1197E-13  3.4559E-13  6.5175E-05
 5.3922E+25  4.9766E-05  9.9995E-01  7.0445E+03  8.1828E-05  9.0502E-13  3.4559E-13  6.4738E-05
 5.4015E+25  5.0152E-05  9.9995E-01  7.0444E+03  8.1828E-05  8.9812E-13  3.4560E-13  6.4301E-05
 5.4107E+25  5.0369E-05  9.9995E-01  7.0444E+03  8.1828E-05  8.9325E-13  3.4560E-13  6.3867E-05
 5.4200E+25  5.0070E-05  9.9995E-01  7.0443E+03  8.1828E-05  8.9956E-13  3.4560E-13  6.3434E-05
 5.4292E+25  5.0459E-05  9.9995E-01  7.0442E+03  8.1828E-05  8.9265E-13  3.4560E-13  6.3002E-05
 5.4385E+25  5.0843E-05  9.9995E-01  7.0442E+03  8.1828E-05  8.8589E-13  3.4561E-13  6.2572E-05
 5.4478E+25  5.1229E-05  9.9995E-01  7.0441E+03  8.1828E-05  8.7926E-13  3.4561E-13  6.2147E-05
 5.4570E+25  5.1418E-05  9.9995E-01  7.0440E+03  8.1828E-05  8.7505E-13  3.4561E-13  6.1726E-05
 5.4663E+25  5.1152E-05  9.9995E-01  7.0440E+03  8.1828E-05  8.8055E-13  3.4561E-13  6.1306E-05
 5.4755E+25  5.1542E-05  9.9995E-01  7.0439E+03  8.1828E-05  8.7391E-13  3.4562E-13  6.0903E-05
 5.4848E+25  5.1934E-05  9.9995E-01  7.0439E+03  8.1828E-05  8.6732E-13  3.4562E-13  6.0508E-05
 5.4940E+25  5.2320E-05  9.9995E-01  7.0438E+03  8.1828E-05  8.6093E-13  3.4562E-13  6.0117E-05
 5.5033E+25  5.2509E-05  9.9995E-01  7.0438E+03  8.1828E-05  8.5690E-13  3.4562E-13  5.9725E-05
 5.5126E+25  5.2250E-05  9.9995E-01  7.0437E+03  8.1828E-05  8.6208E-13  3.4562E-13  5.9332E-05
 5.5218E+25  5.2639E-05  9.9995E-01  7.0437E+03  8.1828E-05  8.5575E-13  3.4563E-13  5.8941E-05
 5.5311E+25  5.3038E-05  9.9995E-01  7.0436E+03  8.1828E-05  8.4929E-13  3.4563E-13  5.8551E-05
 5.5403E+25  5.3428E-05  9.9995E-01  7.0435E+03  8.1828E-05  8.4308E-13  3.4563E-13  5.8163E-05
 5.5496E+25  5.3641E-05  9.9995E-01  7.0435E+03  8.1828E-05  8.3884E-13  3.4563E-13  5.7775E-05
 5.5588E+25  5.3362E-05  9.9995E-01  7.0434E+03  8.1828E-05  8.4414E-13  3.4564E-13  5.7391E-05
 5.5681E+25  5.3748E-05  9.9995E-01  7.0434E+03  8.1828E-05  8.3809E-13  3.4564E-13  5.7011E-05
 5.5774E+25  5.4156E-05  9.9995E-01  7.0433E+03  8.1828E-05  8.3179E-13  3.4564E-13  5.6632E-05
 5.5866E+25  5.4555E-05  9.9995E-01  7.0433E+03  8.1828E-05  8.2569E-13  3.4564E-13  5.6258E-05
 5.5959E+25  5.4815E-05  9.9995E-01  7.0432E+03  8.1828E-05  8.2091E-13  3.4564E-13  5.5901E-05
 5.6051E+25  5.4485E-05  9.9995E-01  7.0432E+03  8.1828E-05  8.2677E-13  3.4565E-13  5.5547E-05
 5.6144E+25  5.4880E-05  9.9995E-01  7.0431E+03  8.1828E-05  8.2081E-13  3.4565E-13  5.5196E-05
 5.6236E+25  5.5288E-05  9.9994E-01  7.0431E+03  8.1828E-05  8.1478E-13  3.4565E-13  5.4844E-05
 5.6329E+25  5.5694E-05  9.9994E-01  7.0430E+03  8.1828E-05  8.0883E-13  3.4565E-13  5.4491E-05
 5.6422E+25  5.6035E-05  9.9994E-01  7.0429E+03  8.1828E-05  8.0306E-13  3.4566E-13  5.4141E-05
 5.6514E+25  5.5623E-05  9.9994E-01  7.0429E+03  8.1828E-05  8.0986E-13  3.4566E-13  5.3791E-05
 5.6607E+25  5.6029E-05  9.9994E-01  7.0428E+03  8.1828E-05  8.0400E-13  3.4566E-13  5.3443E-05
 5.6699E+25  5.6432E-05  9.9994E-01  7.0428E+03  8.1828E-05  7.9830E-13  3.4566E-13  5.3095E-05
 5.6792E+25  5.6848E-05  9.9994E-01  7.0427E+03  8.1828E-05  7.9243E-13  3.4566E-13  5.2750E-05
 5.6884E+25  5.7244E-05  9.9994E-01  7.0427E+03  8.1828E-05  7.8679E-13  3.4567E-13  5.2408E-05
 5.6977E+25  5.6837E-05  9.9994E-01  7.0426E+03  8.1828E-05  7.9190E-13  3.4567E-13  5.2067E-05
 5.7070E+25  5.7192E-05  9.9994E-01  7.0426E+03  8.1828E-05  7.8769E-13  3.4567E-13  5.1731E-05
 5.7162E+25  5.7594E-05  9.9994E-01  7.0425E+03  8.1828E-05  7.8218E-13  3.4567E-13  5.1410E-05
 5.7255E+25  5.8016E-05  9.9994E-01  7.0425E+03  8.1828E-05  7.7650E-13  3.4567E-13  5.1092E-05
 5.7347E+25  5.8432E-05  9.9994E-01  7.0424E+03  8.1828E-05  7.7096E-13  3.4568E-13  5.0777E-05
 5.7440E+25  5.8136E-05  9.9994E-01  7.0424E+03  8.1828E-05  7.7407E-13  3.4568E-13  5.0461E-05
 5.7532E+25  5.8366E-05  9.9994E-01  7.0423E+03  8.1828E-05  7.7186E-13  3.4568E-13  5.0145E-05
 5.7625E+25  5.8782E-05  9.9994E-01  7.0423E+03  8.1828E-05  7.6639E-13  3.4568E-13  4.9831E-05
 5.7718E+25  5.9198E-05  9.9994E-01  7.0422E+03  8.1828E-05  7.6103E-13  3.4568E-13  4.9517E-05
 5.7810E+25  5.9625E-05  9.9994E-01  7.0422E+03  8.1828E-05  7.5557E-13  3.4568E-13  4.9204E-05
 5.7903E+25  5.9499E-05  9.9994E-01  7.0422E+03  8.1828E-05  7.5632E-13  3.4569E-13  4.8891E-05
 5.7995E+25  5.9556E-05  9.9994E-01  7.0421E+03  8.1828E-05  7.5647E-13  3.4569E-13  4.8581E-05
 5.8088E+25  5.9985E-05  9.9994E-01  7.0421E+03  8.1828E-05  7.5106E-13  3.4569E-13  4.8273E-05
 5.8180E+25  6.0397E-05  9.9994E-01  7.0420E+03  8.1828E-05  7.4591E-13  3.4569E-13  4.7967E-05
 5.8273E+25  6.0831E-05  9.9994E-01  7.0420E+03  8.1828E-05  7.4061E-13  3.4569E-13  4.7661E-05
 5.8366E+25  6.0914E-05  9.9994E-01  7.0419E+03  8.1828E-05  7.3879E-13  3.4570E-13  4.7368E-05
 5.8458E+25  6.0764E-05  9.9994E-01  7.0419E+03  8.1828E-05  7.4143E-13  3.4570E-13  4.7083E-05
 5.8551E+25  6.1197E-05  9.9994E-01  7.0418E+03  8.1828E-05  7.3620E-13  3.4570E-13  4.6799E-05
 5.8643E+25  6.1626E-05  9.9994E-01  7.0418E+03  8.1828E-05  7.3105E-13  3.4570E-13  4.6517E-05
 5.8736E+25  6.2051E-05  9.9994E-01  7.0417E+03  8.1828E-05  7.2608E-13  3.4570E-13  4.6233E-05
 5.8828E+25  6.2374E-05  9.9994E-01  7.0417E+03  8.1828E-05  7.2152E-13  3.4571E-13  4.5950E-05
 5.8921E+25  6.2000E-05  9.9994E-01  7.0416E+03  8.1828E-05  7.2664E-13  3.4571E-13  4.5668E-05
 5.9014E+25  6.2426E-05  9.9994E-01  7.0416E+03  8.1828E-05  7.2173E-13  3.4571E-13  4.5387E-05
 5.9106E+25  6.2868E-05  9.9994E-01  7.0415E+03  8.1828E-05  7.1665E-13  3.4571E-13  4.5107E-05
 5.9199E+25  6.3294E-05  9.9994E-01  7.0415E+03  8.1828E-05  7.1181E-13  3.4571E-13  4.4827E-05
 5.9291E+25  6.3733E-05  9.9994E-01  7.0415E+03  8.1828E-05  7.0689E-13  3.4571E-13  4.4549E-05
 5.9384E+25  6.3399E-05  9.9994E-01  7.0414E+03  8.1828E-05  7.0991E-13  3.4572E-13  4.4273E-05
 5.9476E+25  6.3681E-05  9.9994E-01  7.0414E+03  8.1828E-05  7.0750E-13  3.4572E-13  4.3998E-05
 5.9569E+25  6.4121E-05  9.9994E-01  7.0413E+03  8.1828E-05  7.0266E-13  3.4572E-13  4.3725E-05
 5.9662E+25  6.4568E-05  9.9994E-01  7.0413E+03  8.1828E-05  6.9779E-13  3.4572E-13  4.3465E-05
 5.9754E+25  6.4996E-05  9.9994E-01  7.0412E+03  8.1828E-05  6.9321E-13  3.4572E-13  4.3209E-05
 5.9847E+25  6.4955E-05  9.9994E-01  7.0412E+03  8.1828E-05  6.9289E-13  3.4572E-13  4.2955E-05
 5.9939E+25  6.4962E-05  9.9994E-01  7.0412E+03  8.1828E-05  6.9356E-13  3.4573E-13  4.2702E-05
 6.0032E+25  6.5395E-05  9.9993E-01  7.0411E+03  8.1828E-05  6.8898E-13  3.4573E-13  4.2448E-05
 6.0124E+25  6.5846E-05  9.9993E-01  7.0411E+03  8.1828E-05  6.8428E-13  3.4573E-13  4.2194E-05
 6.0217E+25  6.6292E-05  9.9993E-01  7.0410E+03  8.1828E-05  6.7965E-13  3.4573E-13  4.1942E-05
 6.0310E+25  6.6558E-05  9.9993E-01  7.0410E+03  8.1828E-05  6.7623E-13  3.4573E-13  4.1690E-05
 6.0402E+25  6.6259E-05  9.9993E-01  7.0409E+03  8.1828E-05  6.8001E-13  3.4573E-13  4.1438E-05
 6.0495E+25  6.6702E-05  9.9993E-01  7.0409E+03  8.1828E-05  6.7548E-13  3.4574E-13  4.1187E-05
 6.0587E+25  6.7143E-05  9.9993E-01  7.0409E+03  8.1828E-05  6.7108E-13  3.4574E-13  4.0938E-05
 6.0680E+25  6.7602E-05  9.9993E-01  7.0408E+03  8.1828E-05  6.6652E-13  3.4574E-13  4.0690E-05
 6.0772E+25  6.8045E-05  9.9993E-01  7.0408E+03  8.1828E-05  6.6213E-13  3.4574E-13  4.0444E-05
 6.0865E+25  6.7745E-05  9.9993E-01  7.0407E+03  8.1828E-05  6.6442E-13  3.4574E-13  4.0198E-05
 6.0958E+25  6.8025E-05  9.9993E-01  7.0407E+03  8.1828E-05  6.6237E-13  3.4574E-13  3.9963E-05
 6.1050E+25  6.8473E-05  9.9993E-01  7.0407E+03  8.1828E-05  6.5803E-13  3.4575E-13  3.9732E-05
 6.1143E+25  6.8925E-05  9.9993E-01  7.0406E+03  8.1828E-05  6.5374E-13  3.4575E-13  3.9504E-05
 6.1235E+25  6.9391E-05  9.9993E-01  7.0406E+03  8.1828E-05  6.4935E-13  3.4575E-13  3.9278E-05
 6.1328E+25  6.9448E-05  9.9993E-01  7.0405E+03  8.1828E-05  6.4810E-13  3.4575E-13  3.9050E-05
 6.1420E+25  6.9369E-05  9.9993E-01  7.0405E+03  8.1828E-05  6.4956E-13  3.4575E-13  3.8823E-05
 6.1513E+25  6.9825E-05  9.9993E-01  7.0404E+03  8.1828E-05  6.4532E-13  3.4575E-13  3.8596E-05
 6.1606E+25  7.0278E-05  9.9993E-01  7.0404E+03  8.1828E-05  6.4115E-13  3.4576E-13  3.8370E-05
 6.1698E+25  7.0740E-05  9.9993E-01  7.0404E+03  8.1828E-05  6.3698E-13  3.4576E-13  3.8145E-05
 6.1791E+25  7.1187E-05  9.9993E-01  7.0403E+03  8.1828E-05  6.3276E-13  3.4576E-13  3.7919E-05
 6.1883E+25  7.0765E-05  9.9993E-01  7.0403E+03  8.1828E-05  6.3629E-13  3.4576E-13  3.7695E-05
 6.1976E+25  7.1197E-05  9.9993E-01  7.0402E+03  8.1828E-05  6.3289E-13  3.4576E-13  3.7472E-05
 6.2068E+25  7.1659E-05  9.9993E-01  7.0402E+03  8.1828E-05  6.2881E-13  3.4576E-13  3.7251E-05
 6.2161E+25  7.2118E-05  9.9993E-01  7.0402E+03  8.1828E-05  6.2480E-13  3.4577E-13  3.7029E-05
 6.2254E+25  7.2589E-05  9.9993E-01  7.0401E+03  8.1828E-05  6.2077E-13  3.4577E-13  3.6812E-05
 6.2346E+25  7.2573E-05  9.9993E-01  7.0401E+03  8.1828E-05  6.2022E-13  3.4577E-13  3.6604E-05
 6.2439E+25  7.2584E-05  9.9993E-01  7.0400E+03  8.1828E-05  6.2082E-13  3.4577E-13  3.6399E-05
 6.2531E+25  7.3060E-05  9.9993E-01  7.0400E+03  8.1828E-05  6.1676E-13  3.4577E-13  3.6195E-05
 6.2624E+25  7.3529E-05  9.9993E-01  7.0400E+03  8.1828E-05  6.1283E-13  3.4577E-13  3.5993E-05
 6.2716E+25  7.3995E-05  9.9993E-01  7.0399E+03  8.1828E-05  6.0898E-13  3.4577E-13  3.5788E-05
 6.2809E+25  7.4427E-05  9.9993E-01  7.0399E+03  8.1828E-05  6.0509E-13  3.4578E-13  3.5585E-05
 6.2902E+25  7.4026E-05  9.9993E-01  7.0399E+03  8.1828E-05  6.0843E-13  3.4578E-13  3.5382E-05
 6.2994E+25  7.4478E-05  9.9993E-01  7.0398E+03  8.1828E-05  6.0505E-13  3.4578E-13  3.5179E-05
 6.3087E+25  7.4960E-05  9.9993E-01  7.0398E+03  8.1828E-05  6.0115E-13  3.4578E-13  3.4978E-05
 6.3179E+25  7.5436E-05  9.9992E-01  7.0397E+03  8.1828E-05  5.9736E-13  3.4578E-13  3.4776E-05
 6.3272E+25  7.5907E-05  9.9992E-01  7.0397E+03  8.1828E-05  5.9364E-13  3.4578E-13  3.4575E-05
 6.3364E+25  7.5907E-05  9.9992E-01  7.0397E+03  8.1828E-05  5.9303E-13  3.4579E-13  3.4376E-05
 6.3457E+25  7.5936E-05  9.9992E-01  7.0396E+03  8.1828E-05  5.9341E-13  3.4579E-13  3.4176E-05
 6.3550E+25  7.6408E-05  9.9992E-01  7.0396E+03  8.1828E-05  5.8978E-13  3.4579E-13  3.3978E-05
 6.3642E+25  7.6897E-05  9.9992E-01  7.0395E+03  8.1828E-05  5.8602E-13  3.4579E-13  3.3783E-05
 6.3735E+25  7.7379E-05  9.9992E-01  7.0395E+03  8.1828E-05  5.8237E-13  3.4579E-13  3.3597E-05
 6.3827E+25  7.7835E-05  9.9992E-01  7.0395E+03  8.1828E-05  5.7879E-13  3.4579E-13  3.3413E-05
 6.3920E+25  7.7461E-05  9.9992E-01  7.0395E+03  8.1828E-05  5.8132E-13  3.4579E-13  3.3231E-05
 6.4012E+25  7.7897E-05  9.9992E-01  7.0394E+03  8.1828E-05  5.7849E-13  3.4580E-13  3.3049E-05
 6.4105E+25  7.8377E-05  9.9992E-01  7.0394E+03  8.1828E-05  5.7498E-13  3.4580E-13  3.2867E-05
 6.4198E+25  7.8872E-05  9.9992E-01  7.0393E+03  8.1828E-05  5.7136E-13  3.4580E-13  3.2685E-05
 6.4290E+25  7.9361E-05  9.9992E-01  7.0393E+03  8.1828E-05  5.6784E-13  3.4580E-13  3.2503E-05
 6.4383E+25  7.9475E-05  9.9992E-01  7.0393E+03  8.1828E-05  5.6643E-13  3.4580E-13  3.2322E-05
 6.4475E+25  7.9407E-05  9.9992E-01  7.0392E+03  8.1828E-05  5.6752E-13  3.4580E-13  3.2141E-05
 6.4568E+25  7.9899E-05  9.9992E-01  7.0392E+03  8.1828E-05  5.6401E-13  3.4580E-13  3.1960E-05
 6.4660E+25  8.0384E-05  9.9992E-01  7.0391E+03  8.1828E-05  5.6064E-13  3.4581E-13  3.1780E-05
 6.4753E+25  8.0887E-05  9.9992E-01  7.0391E+03  8.1828E-05  5.5714E-13  3.4581E-13  3.1600E-05
 6.4846E+25  8.1378E-05  9.9992E-01  7.0391E+03  8.1828E-05  5.5376E-13  3.4581E-13  3.1422E-05
 6.4938E+25  8.1138E-05  9.9992E-01  7.0391E+03  8.1828E-05  5.5486E-13  3.4581E-13  3.1244E-05
 6.5031E+25  8.1441E-05  9.9992E-01  7.0390E+03  8.1828E-05  5.5336E-13  3.4581E-13  3.1067E-05
 6.5123E+25  8.1941E-05  9.9992E-01  7.0390E+03  8.1828E-05  5.4997E-13  3.4581E-13  3.0898E-05
 6.5216E+25  8.2431E-05  9.9992E-01  7.0389E+03  8.1828E-05  5.4672E-13  3.4581E-13  3.0732E-05
 6.5308E+25  8.2942E-05  9.9992E-01  7.0389E+03  8.1828E-05  5.4335E-13  3.4582E-13  3.0568E-05
 6.5401E+25  8.3284E-05  9.9992E-01  7.0389E+03  8.1828E-05  5.4057E-13  3.4582E-13  3.0406E-05
 6.5494E+25  8.3021E-05  9.9992E-01  7.0388E+03  8.1828E-05  5.4282E-13  3.4582E-13  3.0243E-05
 6.5586E+25  8.3517E-05  9.9992E-01  7.0388E+03  8.1828E-05  5.3961E-13  3.4582E-13  3.0080E-05
 6.5679E+25  8.4025E-05  9.9992E-01  7.0387E+03  8.1828E-05  5.3634E-13  3.4582E-13  2.9917E-05
 6.5771E+25  8.4520E-05  9.9992E-01  7.0387E+03  8.1828E-05  5.3322E-13  3.4582E-13  2.9754E-05
 6.5864E+25  8.5039E-05  9.9991E-01  7.0387E+03  8.1828E-05  5.2997E-13  3.4582E-13  2.9592E-05
 6.5956E+25  8.5070E-05  9.9991E-01  7.0387E+03  8.1828E-05  5.2924E-13  3.4583E-13  2.9431E-05
 6.6049E+25  8.5137E-05  9.9991E-01  7.0386E+03  8.1828E-05  5.2935E-13  3.4583E-13  2.9269E-05
 6.6142E+25  8.5637E-05  9.9991E-01  7.0386E+03  8.1828E-05  5.2626E-13  3.4583E-13  2.9108E-05
 6.6234E+25  8.6151E-05  9.9991E-01  7.0385E+03  8.1828E-05  5.2313E-13  3.4583E-13  2.8947E-05
 6.6327E+25  8.6653E-05  9.9991E-01  7.0385E+03  8.1828E-05  5.2010E-13  3.4583E-13  2.8787E-05
 6.6419E+25  8.7171E-05  9.9991E-01  7.0385E+03  8.1828E-05  5.1698E-13  3.4583E-13  2.8628E-05
 6.6512E+25  8.6933E-05  9.9991E-01  7.0384E+03  8.1828E-05  5.1795E-13  3.4583E-13  2.8470E-05
 6.6604E+25  8.7296E-05  9.9991E-01  7.0384E+03  8.1828E-05  5.1627E-13  3.4584E-13  2.8320E-05
 6.6697E+25  8.7802E-05  9.9991E-01  7.0384E+03  8.1828E-05  5.1330E-13  3.4584E-13  2.8172E-05
 6.6789E+25  8.8321E-05  9.9991E-01  7.0383E+03  8.1828E-05  5.1029E-13  3.4584E-13  2.8025E-05
 6.6882E+25  8.8831E-05  9.9991E-01  7.0383E+03  8.1828E-05  5.0735E-13  3.4584E-13  2.7880E-05
 6.6975E+25  8.9240E-05  9.9991E-01  7.0383E+03  8.1828E-05  5.0455E-13  3.4584E-13  2.7734E-05
 6.7067E+25  8.8976E-05  9.9991E-01  7.0382E+03  8.1828E-05  5.0653E-13  3.4584E-13  2.7588E-05
 6.7160E+25  8.9501E-05  9.9991E-01  7.0382E+03  8.1828E-05  5.0357E-13  3.4584E-13  2.7442E-05
 6.7252E+25  9.0013E-05  9.9991E-01  7.0382E+03  8.1828E-05  5.0070E-13  3.4585E-13  2.7297E-05
 6.7345E+25  9.0535E-05  9.9991E-01  7.0381E+03  8.1828E-05  4.9782E-13  3.4585E-13  2.7152E-05
 6.7437E+25  9.1056E-05  9.9991E-01  7.0381E+03  8.1828E-05  4.9496E-13  3.4585E-13  2.7007E-05
 6.7530E+25  9.1226E-05  9.9991E-01  7.0381E+03  8.1828E-05  4.9358E-13  3.4585E-13  2.6862E-05
 6.7623E+25  9.1221E-05  9.9991E-01  7.0380E+03  8.1828E-05  4.9407E-13  3.4585E-13  2.6718E-05
 6.7715E+25  9.1747E-05  9.9991E-01  7.0380E+03  8.1828E-05  4.9126E-13  3.4585E-13  2.6574E-05
 6.7808E+25  9.2274E-05  9.9991E-01  7.0379E+03  8.1828E-05  4.8843E-13  3.4585E-13  2.6431E-05
 6.7900E+25  9.2797E-05  9.9991E-01  7.0379E+03  8.1828E-05  4.8570E-13  3.4586E-13  2.6288E-05
 6.7993E+25  9.3328E-05  9.9991E-01  7.0379E+03  8.1828E-05  4.8292E-13  3.4586E-13  2.6146E-05
 6.8085E+25  9.3287E-05  9.9991E-01  7.0379E+03  8.1828E-05  4.8270E-13  3.4586E-13  2.6010E-05
 6.8178E+25  9.3514E-05  9.9991E-01  7.0378E+03  8.1828E-05  4.8198E-13  3.4586E-13  2.5877E-05
 6.8271E+25  9.4042E-05  9.9991E-01  7.0378E+03  8.1828E-05  4.7927E-13  3.4586E-13  2.5745E-05
 6.8363E+25  9.4582E-05  9.9991E-01  7.0377E+03  8.1828E-05  4.7653E-13  3.4586E-13  2.5615E-05
 6.8456E+25  9.5110E-05  9.9990E-01  7.0377E+03  8.1828E-05  4.7389E-13  3.4586E-13  2.5485E-05
 6.8548E+25  9.5639E-05  9.9990E-01  7.0377E+03  8.1828E-05  4.7123E-13  3.4586E-13  2.5354E-05
 6.8641E+25  9.5433E-05  9.9990E-01  7.0377E+03  8.1828E-05  4.7189E-13  3.4587E-13  2.5224E-05
 6.8733E+25  9.5852E-05  9.9990E-01  7.0376E+03  8.1828E-05  4.7023E-13  3.4587E-13  2.5093E-05
 6.8826E+25  9.6391E-05  9.9990E-01  7.0376E+03  8.1828E-05  4.6760E-13  3.4587E-13  2.4963E-05
 6.8919E+25  9.6938E-05  9.9990E-01  7.0375E+03  8.1828E-05  4.6496E-13  3.4587E-13  2.4834E-05
 6.9011E+25  9.7474E-05  9.9990E-01  7.0375E+03  8.1828E-05  4.6240E-13  3.4587E-13  2.4705E-05
 6.9104E+25  9.7955E-05  9.9990E-01  7.0375E+03  8.1828E-05  4.5986E-13  3.4587E-13  2.4575E-05
 6.9196E+25  9.7701E-05  9.9990E-01  7.0374E+03  8.1828E-05  4.6119E-13  3.4587E-13  2.4446E-05
 6.9289E+25  9.8240E-05  9.9990E-01  7.0374E+03  8.1828E-05  4.5882E-13  3.4588E-13  2.4317E-05
 6.9381E+25  9.8792E-05  9.9990E-01  7.0374E+03  8.1828E-05  4.5625E-13  3.4588E-13  2.4189E-05
 6.9474E+25  9.9339E-05  9.9990E-01  7.0373E+03  8.1828E-05  4.5374E-13  3.4588E-13  2.4061E-05
 6.9567E+25  9.9891E-05  9.9990E-01  7.0373E+03  8.1828E-05  4.5123E-13  3.4588E-13  2.3935E-05
 6.9659E+25  1.0024E-04  9.9990E-01  7.0373E+03  8.1828E-05  4.4926E-13  3.4588E-13  2.3815E-05
 6.9752E+25  1.0014E-04  9.9990E-01  7.0372E+03  8.1828E-05  4.5012E-13  3.4588E-13  2.3696E-05
 6.9844E+25  1.0068E-04  9.9990E-01  7.0372E+03  8.1828E-05  4.4770E-13  3.4588E-13  2.3578E-05
 6.9937E+25  1.0124E-04  9.9990E-01  7.0371E+03  8.1828E-05  4.4522E-13  3.4589E-13  2.3462E-05
 7.0029E+25  1.0180E-04  9.9990E-01  7.0371E+03  8.1828E-05  4.4280E-13  3.4589E-13  2.3346E-05
 7.0122E+25  1.0236E-04  9.9990E-01  7.0371E+03  8.1828E-05  4.4036E-13  3.4589E-13  2.3229E-05
 7.0215E+25  1.0259E-04  9.9990E-01  7.0371E+03  8.1828E-05  4.3897E-13  3.4589E-13  2.3112E-05
 7.0307E+25  1.0263E-04  9.9990E-01  7.0370E+03  8.1828E-05  4.3920E-13  3.4589E-13  2.2996E-05
 7.0400E+25  1.0318E-04  9.9990E-01  7.0370E+03  8.1828E-05  4.3686E-13  3.4589E-13  2.2880E-05
 7.0492E+25  1.0374E-04  9.9990E-01  7.0369E+03  8.1828E-05  4.3450E-13  3.4589E-13  2.2764E-05
 7.0585E+25  1.0431E-04  9.9990E-01  7.0369E+03  8.1828E-05  4.3214E-13  3.4590E-13  2.2648E-05
 7.0677E+25  1.0487E-04  9.9990E-01  7.0369E+03  8.1828E-05  4.2982E-13  3.4590E-13  2.2532E-05
 7.0770E+25  1.0503E-04  9.9989E-01  7.0369E+03  8.1828E-05  4.2881E-13  3.4590E-13  2.2417E-05
 7.0863E+25  1.0518E-04  9.9989E-01  7.0368E+03  8.1828E-05  4.2856E-13  3.4590E-13  2.2302E-05
 7.0955E+25  1.0574E-04  9.9989E-01  7.0368E+03  8.1828E-05  4.2630E-13  3.4590E-13  2.2187E-05
 7.1048E+25  1.0630E-04  9.9989E-01  7.0367E+03  8.1828E-05  4.2406E-13  3.4590E-13  2.2072E-05
 7.1140E+25  1.0687E-04  9.9989E-01  7.0367E+03  8.1828E-05  4.2178E-13  3.4590E-13  2.1959E-05
 7.1233E+25  1.0744E-04  9.9989E-01  7.0367E+03  8.1828E-05  4.1953E-13  3.4590E-13  2.1850E-05
 7.1325E+25  1.0754E-04  9.9989E-01  7.0367E+03  8.1828E-05  4.1882E-13  3.4590E-13  2.1744E-05
 7.1418E+25  1.0779E-04  9.9989E-01  7.0366E+03  8.1828E-05  4.1819E-13  3.4591E-13  2.1638E-05
 7.1511E+25  1.0835E-04  9.9989E-01  7.0366E+03  8.1828E-05  4.1603E-13  3.4591E-13  2.1534E-05
 7.1603E+25  1.0892E-04  9.9989E-01  7.0365E+03  8.1828E-05  4.1387E-13  3.4591E-13  2.1430E-05
 7.1696E+25  1.0949E-04  9.9989E-01  7.0365E+03  8.1828E-05  4.1170E-13  3.4591E-13  2.1326E-05
 7.1788E+25  1.1007E-04  9.9989E-01  7.0365E+03  8.1828E-05  4.0953E-13  3.4591E-13  2.1222E-05
 7.1881E+25  1.1012E-04  9.9989E-01  7.0364E+03  8.1828E-05  4.0901E-13  3.4591E-13  2.1118E-05
 7.1973E+25  1.1046E-04  9.9989E-01  7.0364E+03  8.1828E-05  4.0810E-13  3.4591E-13  2.1014E-05
 7.2066E+25  1.1102E-04  9.9989E-01  7.0364E+03  8.1828E-05  4.0602E-13  3.4592E-13  2.0910E-05
 7.2159E+25  1.1160E-04  9.9989E-01  7.0363E+03  8.1828E-05  4.0394E-13  3.4592E-13  2.0807E-05
 7.2251E+25  1.1217E-04  9.9989E-01  7.0363E+03  8.1828E-05  4.0188E-13  3.4592E-13  2.0703E-05
 7.2344E+25  1.1276E-04  9.9989E-01  7.0362E+03  8.1828E-05  3.9978E-13  3.4592E-13  2.0599E-05
 7.2436E+25  1.1279E-04  9.9989E-01  7.0362E+03  8.1828E-05  3.9937E-13  3.4592E-13  2.0497E-05
 7.2529E+25  1.1318E-04  9.9989E-01  7.0362E+03  8.1828E-05  3.9828E-13  3.4592E-13  2.0394E-05
 7.2621E+25  1.1376E-04  9.9989E-01  7.0361E+03  8.1828E-05  3.9626E-13  3.4593E-13  2.0291E-05
 7.2714E+25  1.1434E-04  9.9989E-01  7.0361E+03  8.1828E-05  3.9427E-13  3.4593E-13  2.0189E-05
 7.2807E+25  1.1492E-04  9.9989E-01  7.0361E+03  8.1828E-05  3.9228E-13  3.4593E-13  2.0088E-05
 7.2899E+25  1.1550E-04  9.9988E-01  7.0360E+03  8.1828E-05  3.9029E-13  3.4593E-13  1.9992E-05
 7.2992E+25  1.1553E-04  9.9988E-01  7.0360E+03  8.1828E-05  3.8992E-13  3.4593E-13  1.9896E-05
 7.3084E+25  1.1597E-04  9.9988E-01  7.0360E+03  8.1828E-05  3.8873E-13  3.4593E-13  1.9802E-05
 7.3177E+25  1.1656E-04  9.9988E-01  7.0359E+03  8.1828E-05  3.8676E-13  3.4593E-13  1.9710E-05
 7.3269E+25  1.1714E-04  9.9988E-01  7.0359E+03  8.1828E-05  3.8483E-13  3.4594E-13  1.9617E-05
 7.3362E+25  1.1772E-04  9.9988E-01  7.0358E+03  8.1828E-05  3.8293E-13  3.4594E-13  1.9524E-05
 7.3455E+25  1.1831E-04  9.9988E-01  7.0358E+03  8.1828E-05  3.8103E-13  3.4594E-13  1.9431E-05
 7.3547E+25  1.1836E-04  9.9988E-01  7.0358E+03  8.1828E-05  3.8063E-13  3.4594E-13  1.9338E-05
 7.3640E+25  1.1881E-04  9.9988E-01  7.0358E+03  8.1828E-05  3.7945E-13  3.4594E-13  1.9245E-05
 7.3732E+25  1.1941E-04  9.9988E-01  7.0357E+03  8.1828E-05  3.7752E-13  3.4594E-13  1.9153E-05
 7.3825E+25  1.2001E-04  9.9988E-01  7.0357E+03  8.1828E-05  3.7565E-13  3.4594E-13  1.9060E-05
 7.3917E+25  1.2060E-04  9.9988E-01  7.0356E+03  8.1828E-05  3.7381E-13  3.4595E-13  1.8968E-05
 7.4010E+25  1.2118E-04  9.9988E-01  7.0356E+03  8.1828E-05  3.7200E-13  3.4595E-13  1.8875E-05
 7.4103E+25  1.2126E-04  9.9988E-01  7.0356E+03  8.1828E-05  3.7155E-13  3.4595E-13  1.8783E-05
 7.4195E+25  1.2172E-04  9.9988E-01  7.0355E+03  8.1828E-05  3.7038E-13  3.4595E-13  1.8691E-05
 7.4288E+25  1.2233E-04  9.9988E-01  7.0355E+03  8.1828E-05  3.6854E-13  3.4595E-13  1.8599E-05
 7.4380E+25  1.2294E-04  9.9988E-01  7.0354E+03  8.1828E-05  3.6670E-13  3.4595E-13  1.8507E-05
 7.4473E+25  1.2354E-04  9.9988E-01  7.0354E+03  8.1828E-05  3.6493E-13  3.4595E-13  1.8417E-05
 7.4565E+25  1.2413E-04  9.9988E-01  7.0354E+03  8.1828E-05  3.6318E-13  3.4596E-13  1.8331E-05
 7.4658E+25  1.2424E-04  9.9988E-01  7.0354E+03  8.1828E-05  3.6264E-13  3.4596E-13  1.8245E-05
 7.4751E+25  1.2470E-04  9.9988E-01  7.0353E+03  8.1828E-05  3.6155E-13  3.4596E-13  1.8160E-05
 7.4843E+25  1.2531E-04  9.9987E-01  7.0353E+03  8.1828E-05  3.5979E-13  3.4596E-13  1.8078E-05
 7.4936E+25  1.2593E-04  9.9987E-01  7.0352E+03  8.1828E-05  3.5802E-13  3.4596E-13  1.7995E-05
 7.5028E+25  1.2654E-04  9.9987E-01  7.0352E+03  8.1828E-05  3.5627E-13  3.4596E-13  1.7912E-05
 7.5121E+25  1.2714E-04  9.9987E-01  7.0352E+03  8.1828E-05  3.5458E-13  3.4596E-13  1.7829E-05
 7.5213E+25  1.2731E-04  9.9987E-01  7.0352E+03  8.1828E-05  3.5392E-13  3.4596E-13  1.7746E-05
 7.5306E+25  1.2774E-04  9.9987E-01  7.0351E+03  8.1828E-05  3.5293E-13  3.4597E-13  1.7663E-05
 7.5399E+25  1.2836E-04  9.9987E-01  7.0350E+03  8.1828E-05  3.5124E-13  3.4597E-13  1.7580E-05
 7.5491E+25  1.2898E-04  9.9987E-01  7.0350E+03  8.1828E-05  3.4956E-13  3.4597E-13  1.7497E-05
 7.5584E+25  1.2961E-04  9.9987E-01  7.0349E+03  8.1828E-05  3.4786E-13  3.4597E-13  1.7415E-05
 7.5676E+25  1.3022E-04  9.9987E-01  7.0349E+03  8.1828E-05  3.4620E-13  3.4597E-13  1.7332E-05
 7.5769E+25  1.3045E-04  9.9987E-01  7.0349E+03  8.1828E-05  3.4539E-13  3.4597E-13  1.7250E-05
 7.5861E+25  1.3086E-04  9.9987E-01  7.0349E+03  8.1828E-05  3.4452E-13  3.4598E-13  1.7167E-05
 7.5954E+25  1.3148E-04  9.9987E-01  7.0348E+03  8.1828E-05  3.4291E-13  3.4598E-13  1.7085E-05
 7.6047E+25  1.3210E-04  9.9987E-01  7.0348E+03  8.1828E-05  3.4130E-13  3.4598E-13  1.7003E-05
 7.6139E+25  1.3273E-04  9.9987E-01  7.0347E+03  8.1828E-05  3.3969E-13  3.4598E-13  1.6921E-05
 7.6232E+25  1.3337E-04  9.9987E-01  7.0347E+03  8.1828E-05  3.3807E-13  3.4598E-13  1.6841E-05
 7.6324E+25  1.3368E-04  9.9987E-01  7.0347E+03  8.1828E-05  3.3708E-13  3.4598E-13  1.6764E-05
 7.6417E+25  1.3406E-04  9.9987E-01  7.0346E+03  8.1828E-05  3.3631E-13  3.4598E-13  1.6688E-05
 7.6509E+25  1.3467E-04  9.9987E-01  7.0346E+03  8.1828E-05  3.3479E-13  3.4599E-13  1.6613E-05
 7.6602E+25  1.3530E-04  9.9986E-01  7.0345E+03  8.1828E-05  3.3324E-13  3.4599E-13  1.6539E-05
 7.6695E+25  1.3592E-04  9.9986E-01  7.0345E+03  8.1828E-05  3.3171E-13  3.4599E-13  1.6465E-05
 7.6787E+25  1.3657E-04  9.9986E-01  7.0345E+03  8.1828E-05  3.3015E-13  3.4599E-13  1.6391E-05
 7.6880E+25  1.3697E-04  9.9986E-01  7.0344E+03  8.1828E-05  3.2901E-13  3.4599E-13  1.6317E-05
 7.6972E+25  1.3733E-04  9.9986E-01  7.0344E+03  8.1828E-05  3.2831E-13  3.4599E-13  1.6243E-05
 7.7065E+25  1.3795E-04  9.9986E-01  7.0344E+03  8.1828E-05  3.2684E-13  3.4600E-13  1.6169E-05
 7.7157E+25  1.3857E-04  9.9986E-01  7.0343E+03  8.1828E-05  3.2538E-13  3.4600E-13  1.6095E-05
 7.7250E+25  1.3920E-04  9.9986E-01  7.0343E+03  8.1828E-05  3.2390E-13  3.4600E-13  1.6021E-05
 7.7343E+25  1.3983E-04  9.9986E-01  7.0342E+03  8.1828E-05  3.2244E-13  3.4600E-13  1.5947E-05
 7.7435E+25  1.4033E-04  9.9986E-01  7.0342E+03  8.1828E-05  3.2116E-13  3.4600E-13  1.5873E-05
 7.7528E+25  1.4067E-04  9.9986E-01  7.0342E+03  8.1828E-05  3.2054E-13  3.4600E-13  1.5800E-05
 7.7620E+25  1.4129E-04  9.9986E-01  7.0341E+03  8.1828E-05  3.1910E-13  3.4601E-13  1.5726E-05
 7.7713E+25  1.4192E-04  9.9986E-01  7.0341E+03  8.1828E-05  3.1770E-13  3.4601E-13  1.5653E-05
 7.7805E+25  1.4255E-04  9.9986E-01  7.0340E+03  8.1828E-05  3.1631E-13  3.4601E-13  1.5579E-05
 7.7898E+25  1.4319E-04  9.9986E-01  7.0340E+03  8.1828E-05  3.1489E-13  3.4601E-13  1.5506E-05
 7.7991E+25  1.4374E-04  9.9986E-01  7.0339E+03  8.1828E-05  3.1355E-13  3.4601E-13  1.5434E-05
 7.8083E+25  1.4407E-04  9.9986E-01  7.0339E+03  8.1828E-05  3.1298E-13  3.4601E-13  1.5365E-05
 7.8176E+25  1.4471E-04  9.9986E-01  7.0339E+03  8.1828E-05  3.1158E-13  3.4602E-13  1.5297E-05
 7.8268E+25  1.4535E-04  9.9985E-01  7.0338E+03  8.1828E-05  3.1021E-13  3.4602E-13  1.5229E-05
 7.8361E+25  1.4598E-04  9.9985E-01  7.0338E+03  8.1828E-05  3.0888E-13  3.4602E-13  1.5163E-05
 7.8453E+25  1.4661E-04  9.9985E-01  7.0337E+03  8.1828E-05  3.0754E-13  3.4602E-13  1.5098E-05
 7.8546E+25  1.4723E-04  9.9985E-01  7.0337E+03  8.1828E-05  3.0619E-13  3.4602E-13  1.5031E-05
 7.8638E+25  1.4754E-04  9.9985E-01  7.0337E+03  8.1828E-05  3.0556E-13  3.4602E-13  1.4965E-05
 7.8731E+25  1.4820E-04  9.9985E-01  7.0336E+03  8.1828E-05  3.0427E-13  3.4603E-13  1.4899E-05
 7.8824E+25  1.4885E-04  9.9985E-01  7.0336E+03  8.1828E-05  3.0293E-13  3.4603E-13  1.4833E-05
 7.8916E+25  1.4949E-04  9.9985E-01  7.0335E+03  8.1828E-05  3.0163E-13  3.4603E-13  1.4767E-05
 7.9009E+25  1.5013E-04  9.9985E-01  7.0335E+03  8.1828E-05  3.0036E-13  3.4603E-13  1.4701E-05
 7.9101E+25  1.5076E-04  9.9985E-01  7.0334E+03  8.1828E-05  2.9909E-13  3.4603E-13  1.4635E-05
 7.9194E+25  1.5114E-04  9.9985E-01  7.0334E+03  8.1828E-05  2.9825E-13  3.4603E-13  1.4569E-05
 7.9286E+25  1.5174E-04  9.9985E-01  7.0334E+03  8.1828E-05  2.9718E-13  3.4604E-13  1.4503E-05
 7.9379E+25  1.5241E-04  9.9985E-01  7.0333E+03  8.1828E-05  2.9586E-13  3.4604E-13  1.4437E-05
 7.9472E+25  1.5307E-04  9.9985E-01  7.0332E+03  8.1828E-05  2.9459E-13  3.4604E-13  1.4372E-05
 7.9564E+25  1.5372E-04  9.9985E-01  7.0332E+03  8.1828E-05  2.9334E-13  3.4604E-13  1.4306E-05
 7.9657E+25  1.5436E-04  9.9985E-01  7.0332E+03  8.1828E-05  2.9213E-13  3.4604E-13  1.4241E-05
 7.9749E+25  1.5482E-04  9.9985E-01  7.0332E+03  8.1828E-05  2.9118E-13  3.4604E-13  1.4175E-05
 7.9842E+25  1.5538E-04  9.9984E-01  7.0331E+03  8.1828E-05  2.9021E-13  3.4605E-13  1.4112E-05
 7.9934E+25  1.5603E-04  9.9984E-01  7.0330E+03  8.1828E-05  2.8900E-13  3.4605E-13  1.4050E-05
 8.0027E+25  1.5671E-04  9.9984E-01  7.0330E+03  8.1828E-05  2.8775E-13  3.4605E-13  1.3989E-05
 8.0120E+25  1.5738E-04  9.9984E-01  7.0329E+03  8.1828E-05  2.8653E-13  3.4605E-13  1.3929E-05
 8.0212E+25  1.5803E-04  9.9984E-01  7.0329E+03  8.1828E-05  2.8535E-13  3.4605E-13  1.3870E-05
 8.0305E+25  1.5858E-04  9.9984E-01  7.0329E+03  8.1828E-05  2.8430E-13  3.4605E-13  1.3812E-05
 8.0397E+25  1.5909E-04  9.9984E-01  7.0328E+03  8.1828E-05  2.8344E-13  3.4606E-13  1.3753E-05
 8.0490E+25  1.5975E-04  9.9984E-01  7.0328E+03  8.1828E-05  2.8227E-13  3.4606E-13  1.3693E-05
 8.0582E+25  1.6042E-04  9.9984E-01  7.0327E+03  8.1828E-05  2.8112E-13  3.4606E-13  1.3634E-05
 8.0675E+25  1.6110E-04  9.9984E-01  7.0327E+03  8.1828E-05  2.7993E-13  3.4606E-13  1.3576E-05
 8.0768E+25  1.6177E-04  9.9984E-01  7.0326E+03  8.1828E-05  2.7876E-13  3.4607E-13  1.3517E-05
 8.0860E+25  1.6239E-04  9.9984E-01  7.0326E+03  8.1828E-05  2.7764E-13  3.4607E-13  1.3458E-05
 8.0953E+25  1.6290E-04  9.9984E-01  7.0326E+03  8.1828E-05  2.7683E-13  3.4607E-13  1.3399E-05
 8.1045E+25  1.6355E-04  9.9984E-01  7.0325E+03  8.1828E-05  2.7572E-13  3.4607E-13  1.3340E-05
 8.1138E+25  1.6422E-04  9.9984E-01  7.0324E+03  8.1828E-05  2.7461E-13  3.4607E-13  1.3281E-05
 8.1230E+25  1.6488E-04  9.9984E-01  7.0324E+03  8.1828E-05  2.7351E-13  3.4607E-13  1.3223E-05
 8.1323E+25  1.6557E-04  9.9983E-01  7.0323E+03  8.1828E-05  2.7238E-13  3.4608E-13  1.3164E-05
 8.1416E+25  1.6624E-04  9.9983E-01  7.0323E+03  8.1828E-05  2.7126E-13  3.4608E-13  1.3105E-05
 8.1508E+25  1.6680E-04  9.9983E-01  7.0323E+03  8.1828E-05  2.7034E-13  3.4608E-13  1.3047E-05
 8.1601E+25  1.6744E-04  9.9983E-01  7.0322E+03  8.1828E-05  2.6932E-13  3.4608E-13  1.2988E-05
 8.1693E+25  1.6810E-04  9.9983E-01  7.0322E+03  8.1828E-05  2.6827E-13  3.4608E-13  1.2931E-05
 8.1786E+25  1.6877E-04  9.9983E-01  7.0321E+03  8.1828E-05  2.6722E-13  3.4609E-13  1.2876E-05
 8.1878E+25  1.6943E-04  9.9983E-01  7.0320E+03  8.1828E-05  2.6617E-13  3.4609E-13  1.2821E-05
 8.1971E+25  1.7012E-04  9.9983E-01  7.0320E+03  8.1828E-05  2.6509E-13  3.4609E-13  1.2766E-05
 8.2064E+25  1.7077E-04  9.9983E-01  7.0320E+03  8.1828E-05  2.6407E-13  3.4609E-13  1.2714E-05
 8.2156E+25  1.7141E-04  9.9983E-01  7.0319E+03  8.1828E-05  2.6310E-13  3.4609E-13  1.2662E-05
 8.2249E+25  1.7207E-04  9.9983E-01  7.0319E+03  8.1828E-05  2.6209E-13  3.4610E-13  1.2609E-05
 8.2341E+25  1.7274E-04  9.9983E-01  7.0318E+03  8.1828E-05  2.6108E-13  3.4610E-13  1.2557E-05
 8.2434E+25  1.7340E-04  9.9983E-01  7.0318E+03  8.1828E-05  2.6009E-13  3.4610E-13  1.2504E-05
 8.2526E+25  1.7407E-04  9.9983E-01  7.0317E+03  8.1828E-05  2.5910E-13  3.4610E-13  1.2451E-05
 8.2619E+25  1.7476E-04  9.9983E-01  7.0317E+03  8.1828E-05  2.5807E-13  3.4610E-13  1.2399E-05
 8.2712E+25  1.7545E-04  9.9982E-01  7.0316E+03  8.1828E-05  2.5705E-13  3.4610E-13  1.2346E-05
 8.2804E+25  1.7612E-04  9.9982E-01  7.0316E+03  8.1828E-05  2.5608E-13  3.4611E-13  1.2294E-05
 8.2897E+25  1.7678E-04  9.9982E-01  7.0315E+03  8.1828E-05  2.5511E-13  3.4611E-13  1.2242E-05
 8.2989E+25  1.7745E-04  9.9982E-01  7.0315E+03  8.1828E-05  2.5415E-13  3.4611E-13  1.2189E-05
 8.3082E+25  1.7811E-04  9.9982E-01  7.0314E+03  8.1828E-05  2.5321E-13  3.4611E-13  1.2136E-05
 8.3174E+25  1.7879E-04  9.9982E-01  7.0314E+03  8.1828E-05  2.5227E-13  3.4612E-13  1.2084E-05
 8.3267E+25  1.7954E-04  9.9982E-01  7.0313E+03  8.1828E-05  2.5122E-13  3.4612E-13  1.2031E-05
 8.3360E+25  1.8024E-04  9.9982E-01  7.0313E+03  8.1828E-05  2.5024E-13  3.4612E-13  1.1979E-05
 8.3452E+25  1.8091E-04  9.9982E-01  7.0312E+03  8.1828E-05  2.4930E-13  3.4612E-13  1.1927E-05
 8.3545E+25  1.8158E-04  9.9982E-01  7.0311E+03  8.1828E-05  2.4839E-13  3.4612E-13  1.1875E-05
 8.3637E+25  1.8225E-04  9.9982E-01  7.0311E+03  8.1828E-05  2.4747E-13  3.4613E-13  1.1824E-05
 8.3730E+25  1.8291E-04  9.9982E-01  7.0310E+03  8.1828E-05  2.4658E-13  3.4613E-13  1.1775E-05
 8.3822E+25  1.8366E-04  9.9982E-01  7.0310E+03  8.1828E-05  2.4560E-13  3.4613E-13  1.1726E-05
 8.3915E+25  1.8440E-04  9.9982E-01  7.0310E+03  8.1828E-05  2.4460E-13  3.4613E-13  1.1677E-05
 8.4008E+25  1.8510E-04  9.9981E-01  7.0309E+03  8.1828E-05  2.4367E-13  3.4613E-13  1.1630E-05
 8.4100E+25  1.8578E-04  9.9981E-01  7.0308E+03  8.1828E-05  2.4277E-13  3.4614E-13  1.1584E-05
 8.4193E+25  1.8645E-04  9.9981E-01  7.0308E+03  8.1828E-05  2.4191E-13  3.4614E-13  1.1537E-05
 8.4285E+25  1.8713E-04  9.9981E-01  7.0307E+03  8.1828E-05  2.4103E-13  3.4614E-13  1.1490E-05
 8.4378E+25  1.8785E-04  9.9981E-01  7.0307E+03  8.1828E-05  2.4014E-13  3.4614E-13  1.1443E-05
 8.4470E+25  1.8864E-04  9.9981E-01  7.0306E+03  8.1828E-05  2.3909E-13  3.4614E-13  1.1396E-05
 8.4563E+25  1.8934E-04  9.9981E-01  7.0306E+03  8.1828E-05  2.3823E-13  3.4615E-13  1.1349E-05
 8.4656E+25  1.9004E-04  9.9981E-01  7.0305E+03  8.1828E-05  2.3735E-13  3.4615E-13  1.1303E-05
 8.4748E+25  1.9073E-04  9.9981E-01  7.0304E+03  8.1828E-05  2.3648E-13  3.4615E-13  1.1256E-05
 8.4841E+25  1.9140E-04  9.9981E-01  7.0304E+03  8.1828E-05  2.3566E-13  3.4615E-13  1.1209E-05
 8.4933E+25  1.9209E-04  9.9981E-01  7.0303E+03  8.1828E-05  2.3483E-13  3.4616E-13  1.1162E-05
 8.5026E+25  1.9297E-04  9.9981E-01  7.0303E+03  8.1828E-05  2.3378E-13  3.4616E-13  1.1115E-05
 8.5118E+25  1.9367E-04  9.9981E-01  7.0303E+03  8.1828E-05  2.3290E-13  3.4616E-13  1.1068E-05
 8.5211E+25  1.9435E-04  9.9981E-01  7.0302E+03  8.1828E-05  2.3210E-13  3.4616E-13  1.1022E-05
 8.5304E+25  1.9505E-04  9.9980E-01  7.0301E+03  8.1828E-05  2.3126E-13  3.4617E-13  1.0975E-05
 8.5396E+25  1.9575E-04  9.9980E-01  7.0300E+03  8.1828E-05  2.3043E-13  3.4617E-13  1.0928E-05
 8.5489E+25  1.9642E-04  9.9980E-01  7.0300E+03  8.1828E-05  2.2964E-13  3.4617E-13  1.0882E-05
 8.5581E+25  1.9726E-04  9.9980E-01  7.0300E+03  8.1828E-05  2.2874E-13  3.4617E-13  1.0835E-05
 8.5674E+25  1.9810E-04  9.9980E-01  7.0299E+03  8.1828E-05  2.2770E-13  3.4617E-13  1.0791E-05
 8.5766E+25  1.9877E-04  9.9980E-01  7.0299E+03  8.1828E-05  2.2693E-13  3.4618E-13  1.0747E-05
 8.5859E+25  1.9943E-04  9.9980E-01  7.0298E+03  8.1828E-05  2.2618E-13  3.4618E-13  1.0703E-05
 8.5952E+25  2.0014E-04  9.9980E-01  7.0297E+03  8.1828E-05  2.2539E-13  3.4618E-13  1.0661E-05
 8.6044E+25  2.0084E-04  9.9980E-01  7.0296E+03  8.1828E-05  2.2460E-13  3.4618E-13  1.0620E-05
 8.6137E+25  2.0157E-04  9.9980E-01  7.0296E+03  8.1828E-05  2.2383E-13  3.4618E-13  1.0578E-05
 8.6229E+25  2.0257E-04  9.9980E-01  7.0296E+03  8.1828E-05  2.2273E-13  3.4619E-13  1.0536E-05
 8.6322E+25  2.0327E-04  9.9980E-01  7.0295E+03  8.1828E-05  2.2192E-13  3.4619E-13  1.0494E-05
 8.6414E+25  2.0394E-04  9.9980E-01  7.0294E+03  8.1828E-05  2.2119E-13  3.4619E-13  1.0452E-05
 8.6507E+25  2.0460E-04  9.9980E-01  7.0294E+03  8.1828E-05  2.2048E-13  3.4619E-13  1.0411E-05
 8.6600E+25  2.0529E-04  9.9979E-01  7.0293E+03  8.1828E-05  2.1975E-13  3.4620E-13  1.0369E-05
 8.6692E+25  2.0600E-04  9.9979E-01  7.0292E+03  8.1828E-05  2.1900E-13  3.4620E-13  1.0327E-05
 8.6785E+25  2.0697E-04  9.9979E-01  7.0292E+03  8.1828E-05  2.1806E-13  3.4620E-13  1.0286E-05
 8.6877E+25  2.0781E-04  9.9979E-01  7.0292E+03  8.1828E-05  2.1708E-13  3.4620E-13  1.0244E-05
 8.6970E+25  2.0850E-04  9.9979E-01  7.0291E+03  8.1828E-05  2.1637E-13  3.4621E-13  1.0202E-05
 8.7062E+25  2.0917E-04  9.9979E-01  7.0290E+03  8.1828E-05  2.1567E-13  3.4621E-13  1.0160E-05
 8.7155E+25  2.0984E-04  9.9979E-01  7.0290E+03  8.1828E-05  2.1498E-13  3.4621E-13  1.0119E-05
 8.7248E+25  2.1051E-04  9.9979E-01  7.0289E+03  8.1828E-05  2.1431E-13  3.4621E-13  1.0077E-05
 8.7340E+25  2.1129E-04  9.9979E-01  7.0288E+03  8.1828E-05  2.1360E-13  3.4622E-13  1.0035E-05
 8.7433E+25  2.1243E-04  9.9979E-01  7.0288E+03  8.1828E-05  2.1241E-13  3.4622E-13  9.9933E-06
 8.7525E+25  2.1311E-04  9.9979E-01  7.0287E+03  8.1828E-05  2.1168E-13  3.4622E-13  9.9518E-06
 8.7618E+25  2.1378E-04  9.9979E-01  7.0286E+03  8.1828E-05  2.1103E-13  3.4622E-13  9.9105E-06
 8.7710E+25  2.1447E-04  9.9979E-01  7.0286E+03  8.1828E-05  2.1035E-13  3.4623E-13  9.8709E-06
 8.7803E+25  2.1514E-04  9.9978E-01  7.0285E+03  8.1828E-05  2.0970E-13  3.4623E-13  9.8316E-06
 8.7896E+25  2.1580E-04  9.9978E-01  7.0285E+03  8.1828E-05  2.0906E-13  3.4623E-13  9.7924E-06
 8.7988E+25  2.1684E-04  9.9978E-01  7.0284E+03  8.1828E-05  2.0819E-13  3.4623E-13  9.7543E-06
 8.8081E+25  2.1778E-04  9.9978E-01  7.0284E+03  8.1828E-05  2.0716E-13  3.4624E-13  9.7175E-06
 8.8173E+25  2.1847E-04  9.9978E-01  7.0283E+03  8.1828E-05  2.0650E-13  3.4624E-13  9.6806E-06
 8.8266E+25  2.1913E-04  9.9978E-01  7.0282E+03  8.1828E-05  2.0589E-13  3.4624E-13  9.6432E-06
 8.8358E+25  2.1981E-04  9.9978E-01  7.0281E+03  8.1828E-05  2.0525E-13  3.4624E-13  9.6060E-06
 8.8451E+25  2.2049E-04  9.9978E-01  7.0281E+03  8.1828E-05  2.0462E-13  3.4625E-13  9.5687E-06
 8.8544E+25  2.2123E-04  9.9978E-01  7.0280E+03  8.1828E-05  2.0401E-13  3.4625E-13  9.5315E-06
 8.8636E+25  2.2245E-04  9.9978E-01  7.0280E+03  8.1828E-05  2.0289E-13  3.4625E-13  9.4943E-06
 8.8729E+25  2.2317E-04  9.9978E-01  7.0279E+03  8.1828E-05  2.0217E-13  3.4625E-13  9.4572E-06
 8.8821E+25  2.2387E-04  9.9978E-01  7.0278E+03  8.1828E-05  2.0154E-13  3.4626E-13  9.4201E-06
 8.8914E+25  2.2453E-04  9.9978E-01  7.0278E+03  8.1828E-05  2.0093E-13  3.4626E-13  9.3830E-06
 8.9006E+25  2.2520E-04  9.9977E-01  7.0277E+03  8.1828E-05  2.0035E-13  3.4626E-13  9.3457E-06
 8.9099E+25  2.2589E-04  9.9977E-01  7.0276E+03  8.1828E-05  1.9975E-13  3.4626E-13  9.3084E-06
 8.9192E+25  2.2691E-04  9.9977E-01  7.0276E+03  8.1828E-05  1.9899E-13  3.4627E-13  9.2711E-06
 8.9284E+25  2.2795E-04  9.9977E-01  7.0275E+03  8.1828E-05  1.9793E-13  3.4627E-13  9.2339E-06
 8.9377E+25  2.2861E-04  9.9977E-01  7.0275E+03  8.1828E-05  1.9737E-13  3.4627E-13  9.1966E-06
 8.9469E+25  2.2931E-04  9.9977E-01  7.0274E+03  8.1828E-05  1.9677E-13  3.4627E-13  9.1595E-06
 8.9562E+25  2.2999E-04  9.9977E-01  7.0273E+03  8.1828E-05  1.9618E-13  3.4628E-13  9.1223E-06
 8.9654E+25  2.3064E-04  9.9977E-01  7.0272E+03  8.1828E-05  1.9564E-13  3.4628E-13  9.0851E-06
 8.9747E+25  2.3137E-04  9.9977E-01  7.0272E+03  8.1828E-05  1.9506E-13  3.4628E-13  9.0487E-06
 8.9840E+25  2.3266E-04  9.9977E-01  7.0271E+03  8.1828E-05  1.9406E-13  3.4628E-13  9.0135E-06
 8.9932E+25  2.3346E-04  9.9977E-01  7.0271E+03  8.1828E-05  1.9327E-13  3.4629E-13  8.9785E-06
 9.0025E+25  2.3411E-04  9.9977E-01  7.0270E+03  8.1828E-05  1.9274E-13  3.4629E-13  8.9435E-06
 9.0117E+25  2.3478E-04  9.9977E-01  7.0269E+03  8.1828E-05  1.9220E-13  3.4629E-13  8.9101E-06
 9.0210E+25  2.3547E-04  9.9976E-01  7.0268E+03  8.1828E-05  1.9164E-13  3.4630E-13  8.8773E-06
 9.0302E+25  2.3614E-04  9.9976E-01  7.0268E+03  8.1828E-05  1.9109E-13  3.4630E-13  8.8443E-06
 9.0395E+25  2.3701E-04  9.9976E-01  7.0267E+03  8.1828E-05  1.9057E-13  3.4630E-13  8.8112E-06
 9.0487E+25  2.3834E-04  9.9976E-01  7.0267E+03  8.1828E-05  1.8932E-13  3.4630E-13  8.7779E-06
 9.0580E+25  2.3900E-04  9.9976E-01  7.0266E+03  8.1828E-05  1.8881E-13  3.4631E-13  8.7448E-06
 9.0673E+25  2.3965E-04  9.9976E-01  7.0265E+03  8.1828E-05  1.8829E-13  3.4631E-13  8.7116E-06
 9.0765E+25  2.4030E-04  9.9976E-01  7.0264E+03  8.1828E-05  1.8779E-13  3.4631E-13  8.6785E-06
 9.0858E+25  2.4098E-04  9.9976E-01  7.0264E+03  8.1828E-05  1.8727E-13  3.4631E-13  8.6454E-06
 9.0950E+25  2.4168E-04  9.9976E-01  7.0263E+03  8.1828E-05  1.8675E-13  3.4632E-13  8.6124E-06
 9.1043E+25  2.4283E-04  9.9976E-01  7.0262E+03  8.1828E-05  1.8601E-13  3.4632E-13  8.5793E-06
 9.1135E+25  2.4391E-04  9.9976E-01  7.0262E+03  8.1828E-05  1.8502E-13  3.4632E-13  8.5461E-06
 9.1228E+25  2.4456E-04  9.9976E-01  7.0261E+03  8.1828E-05  1.8452E-13  3.4632E-13  8.5128E-06
 9.1321E+25  2.4522E-04  9.9975E-01  7.0260E+03  8.1828E-05  1.8404E-13  3.4633E-13  8.4796E-06
 9.1413E+25  2.4586E-04  9.9975E-01  7.0260E+03  8.1828E-05  1.8355E-13  3.4633E-13  8.4464E-06
 9.1506E+25  2.4651E-04  9.9975E-01  7.0259E+03  8.1828E-05  1.8308E-13  3.4633E-13  8.4132E-06
 9.1598E+25  2.4724E-04  9.9975E-01  7.0258E+03  8.1828E-05  1.8259E-13  3.4634E-13  8.3800E-06
 9.1691E+25  2.4866E-04  9.9975E-01  7.0258E+03  8.1828E-05  1.8164E-13  3.4634E-13  8.3469E-06
 9.1783E+25  2.4949E-04  9.9975E-01  7.0257E+03  8.1828E-05  1.8089E-13  3.4634E-13  8.3137E-06
 9.1876E+25  2.5015E-04  9.9975E-01  7.0256E+03  8.1828E-05  1.8041E-13  3.4634E-13  8.2809E-06
 9.1969E+25  2.5079E-04  9.9975E-01  7.0255E+03  8.1828E-05  1.7995E-13  3.4635E-13  8.2493E-06
 9.2061E+25  2.5145E-04  9.9975E-01  7.0255E+03  8.1828E-05  1.7949E-13  3.4635E-13  8.2180E-06
 9.2154E+25  2.5209E-04  9.9975E-01  7.0254E+03  8.1828E-05  1.7904E-13  3.4635E-13  8.1867E-06
 9.2246E+25  2.5289E-04  9.9975E-01  7.0253E+03  8.1828E-05  1.7859E-13  3.4636E-13  8.1560E-06
 9.2339E+25  2.5442E-04  9.9975E-01  7.0253E+03  8.1828E-05  1.7748E-13  3.4636E-13  8.1269E-06
 9.2431E+25  2.5511E-04  9.9974E-01  7.0252E+03  8.1828E-05  1.7691E-13  3.4636E-13  8.0978E-06
 9.2524E+25  2.5574E-04  9.9974E-01  7.0251E+03  8.1828E-05  1.7648E-13  3.4636E-13  8.0682E-06
