 4.6285E+22  3.2783E-11  1.0000E+00  1.1638E+04  8.1828E-05  1.0464E-06  2.2819E-13  1.0000E+00
 1.3886E+23  2.2943E-10  1.0000E+00  1.1642E+04  8.1828E-05  1.4948E-07  2.2813E-13  1.0000E+00
 2.3143E+23  6.2226E-10  1.0000E+00  1.1654E+04  8.1828E-05  5.5072E-08  2.2793E-13  1.0000E+00
 3.2400E+23  1.2097E-09  1.0000E+00  1.1681E+04  8.1828E-05  2.8280E-08  2.2748E-13  1.0000E+00
 4.1657E+23  1.9884E-09  1.0000E+00  1.1730E+04  8.1828E-05  1.7154E-08  2.2668E-13  1.0000E+00
 5.0914E+23  2.9521E-09  1.0000E+00  1.1809E+04  8.1828E-05  1.1498E-08  2.2540E-13  1.0000E+00
 6.0171E+23  4.0888E-09  1.0000E+00  1.1931E+04  8.1828E-05  8.2405E-09  2.2344E-13  1.0000E+00
 6.9428E+23  5.3852E-09  1.0000E+00  1.2107E+04  8.1828E-05  6.1908E-09  2.2069E-13  1.0000E+00
 7.8685E+23  6.8072E-09  1.0000E+00  1.2365E+04  8.1828E-05  4.8234E-09  2.1677E-13  1.0000E+00
 8.7942E+23  8.3281E-09  1.0000E+00  1.2724E+04  8.1828E-05  3.8616E-09  2.1156E-13  1.0000E+00
 9.7199E+23  9.9267E-09  1.0000E+00  1.3158E+04  8.1828E-05  3.1616E-09  2.0558E-13  1.0000E+00
 1.0646E+24  1.1626E-08  1.0000E+00  1.3596E+04  8.1828E-05  2.6359E-09  1.9990E-13  1.0000E+00
 1.1571E+24  1.3503E-08  1.0000E+00  1.3914E+04  8.1828E-05  2.2315E-09  1.9598E-13  1.0000E+00
 1.2497E+24  1.5614E-08  1.0000E+00  1.4085E+04  8.1828E-05  1.9127E-09  1.9393E-13  1.0000E+00
 1.3423E+24  1.7916E-08  1.0000E+00  1.4180E+04  8.1828E-05  1.6587E-09  1.9282E-13  1.0000E+00
 1.4348E+24  2.0375E-08  1.0000E+00  1.4280E+04  8.1828E-05  1.4511E-09  1.9165E-13  9.9999E-01
 1.5274E+24  2.2957E-08  1.0000E+00  1.4380E+04  8.1828E-05  1.2813E-09  1.9050E-13  9.9999E-01
 1.6200E+24  2.5709E-08  1.0000E+00  1.4474E+04  8.1828E-05  1.1387E-09  1.8944E-13  9.9999E-01
 1.7126E+24  2.8601E-08  1.0000E+00  1.4565E+04  8.1828E-05  1.0189E-09  1.8842E-13  9.9999E-01
 1.8051E+24  3.1636E-08  1.0000E+00  1.4647E+04  8.1828E-05  9.1734E-10  1.8751E-13  9.9999E-01
 1.8977E+24  3.4825E-08  1.0000E+00  1.4726E+04  8.1828E-05  8.3005E-10  1.8664E-13  9.9999E-01
 1.9903E+24  3.8169E-08  1.0000E+00  1.4803E+04  8.1828E-05  7.5445E-10  1.8580E-13  9.9999E-01
 2.0828E+24  4.1651E-08  1.0000E+00  1.4877E+04  8.1828E-05  6.8883E-10  1.8500E-13  9.9999E-01
 2.1754E+24  4.5244E-08  1.0000E+00  1.4950E+04  8.1828E-05  6.3187E-10  1.8422E-13  9.9999E-01
 2.2680E+24  4.9026E-08  1.0000E+00  1.5020E+04  8.1828E-05  5.8113E-10  1.8348E-13  9.9999E-01
 2.3605E+24  5.2940E-08  1.0000E+00  1.5089E+04  8.1828E-05  5.3636E-10  1.8276E-13  9.9999E-01
 2.4531E+24  5.6984E-08  1.0000E+00  1.5152E+04  8.1828E-05  4.9677E-10  1.8209E-13  9.9999E-01
 2.5457E+24  6.1162E-08  1.0000E+00  1.5217E+04  8.1828E-05  4.6138E-10  1.8142E-13  9.9998E-01
 2.6383E+24  6.5513E-08  1.0000E+00  1.5280E+04  8.1828E-05  4.2942E-10  1.8077E-13  9.9998E-01
 2.7308E+24  6.9998E-08  1.0000E+00  1.5339E+04  8.1828E-05  4.0077E-10  1.8017E-13  9.9998E-01
 2.8234E+24  7.4565E-08  1.0000E+00  1.5400E+04  8.1828E-05  3.7513E-10  1.7955E-13  9.9998E-01
 2.9160E+24  7.9335E-08  1.0000E+00  1.5456E+04  8.1828E-05  3.5164E-10  1.7899E-13  9.9998E-01
 3.0085E+24  8.4281E-08  1.0000E+00  1.5511E+04  8.1828E-05  3.3013E-10  1.7843E-13  9.9998E-01
 3.1011E+24  8.9291E-08  1.0000E+00  1.5568E+04  8.1828E-05  3.1077E-10  1.7787E-13  9.9998E-01
 3.1937E+24  9.4416E-08  1.0000E+00  1.5621E+04  8.1828E-05  2.9317E-10  1.7735E-13  9.9998E-01
 3.2862E+24  9.9754E-08  1.0000E+00  1.5672E+04  8.1828E-05  2.7681E-10  1.7684E-13  9.9997E-01
 3.3788E+24  1.0518E-07  1.0000E+00  1.5723E+04  8.1828E-05  2.6190E-10  1.7634E-13  9.9997E-01
 3.4714E+24  1.1070E-07  1.0000E+00  1.5773E+04  8.1828E-05  2.4827E-10  1.7586E-13  9.9997E-01
 3.5640E+24  1.1645E-07  1.0000E+00  1.5822E+04  8.1828E-05  2.3548E-10  1.7539E-13  9.9997E-01
 3.6565E+24  1.2242E-07  1.0000E+00  1.5868E+04  8.1828E-05  2.2351E-10  1.7494E-13  9.9997E-01
 3.7491E+24  1.2830E-07  1.0000E+00  1.5915E+04  8.1828E-05  2.1280E-10  1.7450E-13  9.9997E-01
 3.8417E+24  1.3444E-07  1.0000E+00  1.5961E+04  8.1828E-05  2.0264E-10  1.7406E-13  9.9997E-01
 3.9342E+24  1.4075E-07  1.0000E+00  1.6005E+04  8.1828E-05  1.9316E-10  1.7364E-13  9.9996E-01
 4.0268E+24  1.4714E-07  1.0000E+00  1.6050E+04  8.1828E-05  1.8440E-10  1.7322E-13  9.9996E-01
 4.1194E+24  1.5359E-07  1.0000E+00  1.6092E+04  8.1828E-05  1.7632E-10  1.7283E-13  9.9996E-01
 4.2120E+24  1.6047E-07  1.0000E+00  1.6134E+04  8.1828E-05  1.6843E-10  1.7244E-13  9.9996E-01
 4.3045E+24  1.6713E-07  1.0000E+00  1.6174E+04  8.1828E-05  1.6142E-10  1.7206E-13  9.9996E-01
 4.3971E+24  1.7398E-07  1.0000E+00  1.6215E+04  8.1828E-05  1.5478E-10  1.7169E-13  9.9996E-01
 4.4897E+24  1.8115E-07  1.0000E+00  1.6254E+04  8.1828E-05  1.4839E-10  1.7132E-13  9.9995E-01
 4.5822E+24  1.8841E-07  1.0000E+00  1.6293E+04  8.1828E-05  1.4242E-10  1.7097E-13  9.9995E-01
 4.6748E+24  1.9576E-07  1.0000E+00  1.6332E+04  8.1828E-05  1.3683E-10  1.7062E-13  9.9995E-01
 4.7674E+24  2.0324E-07  1.0000E+00  1.6368E+04  8.1828E-05  1.3158E-10  1.7028E-13  9.9995E-01
 4.8599E+24  2.1082E-07  1.0000E+00  1.6406E+04  8.1828E-05  1.2663E-10  1.6995E-13  9.9995E-01
 4.9525E+24  2.1854E-07  1.0000E+00  1.6441E+04  8.1828E-05  1.2196E-10  1.6962E-13  9.9994E-01
 5.0451E+24  2.2639E-07  1.0000E+00  1.6477E+04  8.1828E-05  1.1755E-10  1.6931E-13  9.9994E-01
 5.1377E+24  2.3440E-07  1.0000E+00  1.6511E+04  8.1828E-05  1.1335E-10  1.6900E-13  9.9994E-01
 5.2302E+24  2.4258E-07  1.0000E+00  1.6546E+04  8.1828E-05  1.0936E-10  1.6869E-13  9.9994E-01
 5.3228E+24  2.5094E-07  1.0000E+00  1.6579E+04  8.1828E-05  1.0556E-10  1.6839E-13  9.9993E-01
 5.4154E+24  2.5951E-07  1.0000E+00  1.6613E+04  8.1828E-05  1.0192E-10  1.6810E-13  9.9992E-01
 5.5079E+24  2.6785E-07  1.0000E+00  1.6645E+04  8.1828E-05  9.8605E-11  1.6781E-13  9.9990E-01
 5.6005E+24  2.7623E-07  1.0000E+00  1.6677E+04  8.1828E-05  9.5478E-11  1.6753E-13  9.9985E-01
 5.6931E+24  2.8534E-07  1.0000E+00  1.6708E+04  8.1828E-05  9.2303E-11  1.6726E-13  9.9976E-01
 5.7856E+24  2.9473E-07  1.0000E+00  1.6738E+04  8.1828E-05  8.9242E-11  1.6700E-13  9.9956E-01
 5.8782E+24  3.0293E-07  1.0000E+00  1.6767E+04  8.1828E-05  8.6711E-11  1.6675E-13  9.9917E-01
 5.9708E+24  3.1258E-07  1.0000E+00  1.6794E+04  8.1828E-05  8.3931E-11  1.6652E-13  9.9839E-01
 6.0634E+24  3.2244E-07  1.0000E+00  1.6817E+04  8.1828E-05  8.1276E-11  1.6633E-13  9.9689E-01
 6.1559E+24  3.3108E-07  1.0000E+00  1.6833E+04  8.1828E-05  7.9083E-11  1.6620E-13  9.9407E-01
 6.2485E+24  3.4194E-07  1.0000E+00  1.6839E+04  8.1828E-05  7.6527E-11  1.6617E-13  9.8892E-01
 6.3411E+24  3.5106E-07  1.0000E+00  1.6828E+04  8.1828E-05  7.4515E-11  1.6626E-13  9.7975E-01
 6.4336E+24  3.6237E-07  1.0000E+00  1.6788E+04  8.1828E-05  7.2227E-11  1.6662E-13  9.6394E-01
 6.5262E+24  3.7292E-07  1.0000E+00  1.6702E+04  8.1828E-05  7.0309E-11  1.6741E-13  9.3775E-01
 6.6188E+24  3.8565E-07  1.0000E+00  1.6546E+04  8.1828E-05  6.8245E-11  1.6885E-13  8.9659E-01
 6.7113E+24  3.9855E-07  1.0000E+00  1.6294E+04  8.1828E-05  6.6481E-11  1.7121E-13  8.3622E-01
 6.8039E+24  4.1497E-07  1.0000E+00  1.5923E+04  8.1828E-05  6.4543E-11  1.7479E-13  7.5531E-01
 6.8965E+24  4.3206E-07  1.0000E+00  1.5430E+04  8.1828E-05  6.2964E-11  1.7973E-13  6.5804E-01
 6.9891E+24  4.5425E-07  1.0000E+00  1.4837E+04  8.1828E-05  6.1135E-11  1.8604E-13  5.5419E-01
 7.0816E+24  4.7682E-07  1.0000E+00  1.4187E+04  8.1828E-05  5.9707E-11  1.9342E-13  4.5526E-01
 7.1742E+24  5.0438E-07  1.0000E+00  1.3530E+04  8.1828E-05  5.8019E-11  2.0146E-13  3.6951E-01
 7.2668E+24  5.3130E-07  1.0000E+00  1.2906E+04  8.1828E-05  5.6671E-11  2.0974E-13  2.9990E-01
 7.3593E+24  5.6125E-07  1.0000E+00  1.2337E+04  8.1828E-05  5.5171E-11  2.1791E-13  2.4547E-01
 7.4519E+24  5.9078E-07  1.0000E+00  1.1829E+04  8.1828E-05  5.3831E-11  2.2577E-13  2.0344E-01
 7.5445E+24  6.2042E-07  1.0000E+00  1.1382E+04  8.1828E-05  5.2547E-11  2.3318E-13  1.7095E-01
 7.6371E+24  6.5182E-07  1.0000E+00  1.0989E+04  8.1828E-05  5.1173E-11  2.4011E-13  1.4555E-01
 7.7296E+24  6.7962E-07  1.0000E+00  1.0645E+04  8.1828E-05  5.0117E-11  2.4656E-13  1.2540E-01
 7.8222E+24  7.1133E-07  1.0000E+00  1.0343E+04  8.1828E-05  4.8804E-11  2.5252E-13  1.0918E-01
 7.9148E+24  7.3972E-07  1.0000E+00  1.0076E+04  8.1828E-05  4.7757E-11  2.5805E-13  9.5912E-02
 8.0073E+24  7.6972E-07  1.0000E+00  9.8399E+03  8.1828E-05  4.6627E-11  2.6316E-13  8.4926E-02
 8.0999E+24  7.9969E-07  1.0000E+00  9.6296E+03  8.1828E-05  4.5537E-11  2.6790E-13  7.5716E-02
 8.1925E+24  8.2756E-07  1.0000E+00  9.4416E+03  8.1828E-05  4.4588E-11  2.7229E-13  6.7914E-02
 8.2850E+24  8.5896E-07  1.0000E+00  9.2729E+03  8.1828E-05  4.3484E-11  2.7635E-13  6.1242E-02
 8.3776E+24  8.8511E-07  1.0000E+00  9.1207E+03  8.1828E-05  4.2672E-11  2.8013E-13  5.5487E-02
 8.4702E+24  9.1752E-07  1.0000E+00  8.9833E+03  8.1828E-05  4.1588E-11  2.8365E-13  5.0490E-02
 8.5628E+24  9.4274E-07  1.0000E+00  8.8584E+03  8.1828E-05  4.0863E-11  2.8692E-13  4.6118E-02
 8.6553E+24  9.7548E-07  1.0000E+00  8.7448E+03  8.1828E-05  3.9836E-11  2.8996E-13  4.2272E-02
 8.7479E+24  1.0008E-06  1.0000E+00  8.6410E+03  8.1828E-05  3.9147E-11  2.9281E-13  3.8869E-02
 8.8405E+24  1.0330E-06  1.0000E+00  8.5460E+03  8.1828E-05  3.8213E-11  2.9547E-13  3.5845E-02
 8.9330E+24  1.0596E-06  1.0000E+00  8.4588E+03  8.1828E-05  3.7508E-11  2.9795E-13  3.3144E-02
 9.0256E+24  1.0900E-06  1.0000E+00  8.3785E+03  8.1828E-05  3.6705E-11  3.0028E-13  3.0723E-02
 9.1182E+24  1.1199E-06  1.0000E+00  8.3044E+03  8.1828E-05  3.5935E-11  3.0246E-13  2.8543E-02
 9.2107E+24  1.1467E-06  1.0000E+00  8.2359E+03  8.1828E-05  3.5299E-11  3.0451E-13  2.6576E-02
 9.3033E+24  1.1790E-06  1.0000E+00  8.1724E+03  8.1828E-05  3.4511E-11  3.0644E-13  2.4791E-02
 9.3959E+24  1.2066E-06  1.0000E+00  8.1136E+03  8.1828E-05  3.3886E-11  3.0824E-13  2.3171E-02
 9.4885E+24  1.2355E-06  1.0000E+00  8.0588E+03  8.1828E-05  3.3249E-11  3.0995E-13  2.1693E-02
 9.5810E+24  1.2677E-06  1.0000E+00  8.0078E+03  8.1828E-05  3.2545E-11  3.1155E-13  2.0343E-02
 9.6736E+24  1.2963E-06  1.0000E+00  7.9602E+03  8.1828E-05  3.1951E-11  3.1307E-13  1.9107E-02
 9.7662E+24  1.3243E-06  1.0000E+00  7.9157E+03  8.1828E-05  3.1401E-11  3.1449E-13  1.7970E-02
 9.8587E+24  1.3564E-06  1.0000E+00  7.8741E+03  8.1828E-05  3.0768E-11  3.1584E-13  1.6927E-02
 9.9513E+24  1.3884E-06  1.0000E+00  7.8351E+03  8.1828E-05  3.0161E-11  3.1712E-13  1.5963E-02
 1.0044E+25  1.4161E-06  1.0000E+00  7.7986E+03  8.1828E-05  2.9659E-11  3.1832E-13  1.5074E-02
 1.0136E+25  1.4456E-06  1.0000E+00  7.7642E+03  8.1828E-05  2.9147E-11  3.1947E-13  1.4249E-02
 1.0229E+25  1.4778E-06  1.0000E+00  7.7319E+03  8.1828E-05  2.8594E-11  3.2055E-13  1.3486E-02
 1.0322E+25  1.5098E-06  1.0000E+00  7.7015E+03  8.1828E-05  2.8063E-11  3.2157E-13  1.2778E-02
 1.0414E+25  1.5419E-06  1.0000E+00  7.6728E+03  8.1828E-05  2.7549E-11  3.2255E-13  1.2118E-02
 1.0507E+25  1.5715E-06  1.0000E+00  7.6457E+03  8.1828E-05  2.7089E-11  3.2347E-13  1.1504E-02
 1.0599E+25  1.6008E-06  1.0000E+00  7.6201E+03  8.1828E-05  2.6659E-11  3.2435E-13  1.0932E-02
 1.0692E+25  1.6332E-06  1.0000E+00  7.5960E+03  8.1828E-05  2.6187E-11  3.2519E-13  1.0396E-02
 1.0784E+25  1.6657E-06  1.0000E+00  7.5731E+03  8.1828E-05  2.5730E-11  3.2598E-13  9.8965E-03
 1.0877E+25  1.6981E-06  1.0000E+00  7.5514E+03  8.1828E-05  2.5288E-11  3.2674E-13  9.4279E-03
 1.0970E+25  1.7307E-06  1.0000E+00  7.5309E+03  8.1828E-05  2.4858E-11  3.2746E-13  8.9888E-03
 1.1062E+25  1.7634E-06  1.0000E+00  7.5114E+03  8.1828E-05  2.4441E-11  3.2815E-13  8.5768E-03
 1.1155E+25  1.7961E-06  1.0000E+00  7.4929E+03  8.1828E-05  2.4035E-11  3.2880E-13  8.1893E-03
 1.1247E+25  1.8290E-06  1.0000E+00  7.4753E+03  8.1828E-05  2.3641E-11  3.2943E-13  7.8253E-03
 1.1340E+25  1.8620E-06  1.0000E+00  7.4586E+03  8.1828E-05  2.3258E-11  3.3003E-13  7.4828E-03
 1.1432E+25  1.8951E-06  1.0000E+00  7.4427E+03  8.1828E-05  2.2885E-11  3.3060E-13  7.1593E-03
 1.1525E+25  1.9284E-06  1.0000E+00  7.4275E+03  8.1828E-05  2.2521E-11  3.3114E-13  6.8546E-03
 1.1618E+25  1.9619E-06  1.0000E+00  7.4131E+03  8.1828E-05  2.2166E-11  3.3166E-13  6.5669E-03
 1.1710E+25  1.9955E-06  1.0000E+00  7.3993E+03  8.1828E-05  2.1820E-11  3.3216E-13  6.2951E-03
 1.1803E+25  2.0294E-06  1.0000E+00  7.3862E+03  8.1828E-05  2.1482E-11  3.3264E-13  6.0380E-03
 1.1895E+25  2.0635E-06  1.0000E+00  7.3736E+03  8.1828E-05  2.1152E-11  3.3310E-13  5.7944E-03
 1.1988E+25  2.0978E-06  1.0000E+00  7.3616E+03  8.1828E-05  2.0829E-11  3.3354E-13  5.5639E-03
 1.2080E+25  2.1324E-06  1.0000E+00  7.3502E+03  8.1828E-05  2.0513E-11  3.3396E-13  5.3457E-03
 1.2173E+25  2.1673E-06  1.0000E+00  7.3392E+03  8.1828E-05  2.0203E-11  3.3436E-13  5.1382E-03
 1.2266E+25  2.2025E-06  1.0000E+00  7.3287E+03  8.1828E-05  1.9899E-11  3.3475E-13  4.9412E-03
 1.2358E+25  2.2380E-06  1.0000E+00  7.3187E+03  8.1828E-05  1.9602E-11  3.3512E-13  4.7546E-03
 1.2451E+25  2.2739E-06  1.0000E+00  7.3090E+03  8.1828E-05  1.9310E-11  3.3547E-13  4.5766E-03
 1.2543E+25  2.3102E-06  1.0000E+00  7.2998E+03  8.1828E-05  1.9023E-11  3.3581E-13  4.4075E-03
 1.2636E+25  2.3469E-06  1.0000E+00  7.2910E+03  8.1828E-05  1.8741E-11  3.3614E-13  4.2467E-03
 1.2728E+25  2.3840E-06  1.0000E+00  7.2825E+03  8.1828E-05  1.8463E-11  3.3646E-13  4.0933E-03
 1.2821E+25  2.4217E-06  1.0000E+00  7.2744E+03  8.1828E-05  1.8190E-11  3.3676E-13  3.9474E-03
 1.2914E+25  2.4598E-06  1.0000E+00  7.2665E+03  8.1828E-05  1.7921E-11  3.3706E-13  3.8078E-03
 1.3006E+25  2.4933E-06  1.0000E+00  7.2590E+03  8.1828E-05  1.7699E-11  3.3734E-13  3.6752E-03
 1.3099E+25  2.5272E-06  1.0000E+00  7.2518E+03  8.1828E-05  1.7468E-11  3.3761E-13  3.5482E-03
 1.3191E+25  2.5659E-06  1.0000E+00  7.2449E+03  8.1828E-05  1.7215E-11  3.3787E-13  3.4269E-03
 1.3284E+25  2.6053E-06  1.0000E+00  7.2382E+03  8.1828E-05  1.6965E-11  3.3812E-13  3.3113E-03
 1.3376E+25  2.6452E-06  1.0000E+00  7.2318E+03  8.1828E-05  1.6719E-11  3.3836E-13  3.2005E-03
 1.3469E+25  2.6859E-06  1.0000E+00  7.2256E+03  8.1828E-05  1.6476E-11  3.3860E-13  3.0947E-03
 1.3562E+25  2.7261E-06  1.0000E+00  7.2196E+03  8.1828E-05  1.6245E-11  3.3882E-13  2.9930E-03
 1.3654E+25  2.7542E-06  1.0000E+00  7.2139E+03  8.1828E-05  1.6089E-11  3.3904E-13  2.8964E-03
 1.3747E+25  2.7950E-06  1.0000E+00  7.2084E+03  8.1828E-05  1.5858E-11  3.3925E-13  2.8031E-03
 1.3839E+25  2.8374E-06  1.0000E+00  7.2031E+03  8.1828E-05  1.5629E-11  3.3945E-13  2.7142E-03
 1.3932E+25  2.8807E-06  1.0000E+00  7.1979E+03  8.1828E-05  1.5402E-11  3.3965E-13  2.6284E-03
 1.4024E+25  2.9248E-06  1.0000E+00  7.1930E+03  8.1828E-05  1.5177E-11  3.3983E-13  2.5469E-03
 1.4117E+25  2.9503E-06  1.0000E+00  7.1882E+03  8.1828E-05  1.5059E-11  3.4002E-13  2.4679E-03
 1.4210E+25  2.9932E-06  1.0000E+00  7.1835E+03  8.1828E-05  1.4843E-11  3.4019E-13  2.3925E-03
 1.4302E+25  3.0385E-06  1.0000E+00  7.1791E+03  8.1828E-05  1.4628E-11  3.4036E-13  2.3199E-03
 1.4395E+25  3.0848E-06  1.0000E+00  7.1748E+03  8.1828E-05  1.4414E-11  3.4053E-13  2.2505E-03
 1.4487E+25  3.1195E-06  1.0000E+00  7.1706E+03  8.1828E-05  1.4267E-11  3.4069E-13  2.1833E-03
 1.4580E+25  3.1540E-06  1.0000E+00  7.1666E+03  8.1828E-05  1.4109E-11  3.4084E-13  2.1188E-03
 1.4672E+25  3.2019E-06  1.0000E+00  7.1627E+03  8.1828E-05  1.3903E-11  3.4099E-13  2.0570E-03
 1.4765E+25  3.2508E-06  1.0000E+00  7.1589E+03  8.1828E-05  1.3699E-11  3.4114E-13  1.9974E-03
 1.4858E+25  3.2852E-06  1.0000E+00  7.1553E+03  8.1828E-05  1.3567E-11  3.4128E-13  1.9401E-03
 1.4950E+25  3.3209E-06  1.0000E+00  7.1518E+03  8.1828E-05  1.3418E-11  3.4141E-13  1.8846E-03
 1.5043E+25  3.3718E-06  1.0000E+00  7.1484E+03  8.1828E-05  1.3220E-11  3.4154E-13  1.8317E-03
 1.5135E+25  3.4239E-06  1.0000E+00  7.1450E+03  8.1828E-05  1.3023E-11  3.4167E-13  1.7802E-03
 1.5228E+25  3.4470E-06  1.0000E+00  7.1419E+03  8.1828E-05  1.2947E-11  3.4179E-13  1.7310E-03
 1.5320E+25  3.4953E-06  1.0000E+00  7.1387E+03  8.1828E-05  1.2765E-11  3.4192E-13  1.6831E-03
 1.5413E+25  3.5496E-06  1.0000E+00  7.1358E+03  8.1828E-05  1.2573E-11  3.4203E-13  1.6372E-03
 1.5506E+25  3.5882E-06  1.0000E+00  7.1328E+03  8.1828E-05  1.2448E-11  3.4214E-13  1.5930E-03
 1.5598E+25  3.6214E-06  1.0000E+00  7.1300E+03  8.1828E-05  1.2330E-11  3.4225E-13  1.5500E-03
 1.5691E+25  3.6782E-06  1.0000E+00  7.1273E+03  8.1828E-05  1.2143E-11  3.4236E-13  1.5088E-03
 1.5783E+25  3.7283E-06  1.0000E+00  7.1246E+03  8.1828E-05  1.1989E-11  3.4246E-13  1.4689E-03
 1.5876E+25  3.7509E-06  1.0000E+00  7.1221E+03  8.1828E-05  1.1914E-11  3.4256E-13  1.4303E-03
 1.5968E+25  3.8105E-06  1.0000E+00  7.1196E+03  8.1828E-05  1.1730E-11  3.4266E-13  1.3933E-03
 1.6061E+25  3.8668E-06  1.0000E+00  7.1171E+03  8.1828E-05  1.1568E-11  3.4275E-13  1.3570E-03
 1.6154E+25  3.8845E-06  1.0000E+00  7.1148E+03  8.1828E-05  1.1513E-11  3.4284E-13  1.3223E-03
 1.6246E+25  3.9466E-06  1.0000E+00  7.1125E+03  8.1828E-05  1.1333E-11  3.4293E-13  1.2888E-03
 1.6339E+25  4.0040E-06  1.0000E+00  7.1103E+03  8.1828E-05  1.1179E-11  3.4302E-13  1.2561E-03
 1.6431E+25  4.0218E-06  1.0000E+00  7.1081E+03  8.1828E-05  1.1126E-11  3.4310E-13  1.2248E-03
 1.6524E+25  4.0873E-06  1.0000E+00  7.1060E+03  8.1828E-05  1.0950E-11  3.4318E-13  1.1942E-03
 1.6616E+25  4.1394E-06  1.0000E+00  7.1040E+03  8.1828E-05  1.0821E-11  3.4326E-13  1.1646E-03
 1.6709E+25  4.1638E-06  1.0000E+00  7.1020E+03  8.1828E-05  1.0753E-11  3.4334E-13  1.1363E-03
 1.6802E+25  4.2329E-06  1.0000E+00  7.1001E+03  8.1828E-05  1.0579E-11  3.4342E-13  1.1086E-03
 1.6894E+25  4.2725E-06  1.0000E+00  7.0982E+03  8.1828E-05  1.0489E-11  3.4349E-13  1.0817E-03
 1.6987E+25  4.3112E-06  1.0000E+00  7.0964E+03  8.1828E-05  1.0391E-11  3.4356E-13  1.0559E-03
 1.7079E+25  4.3841E-06  1.0000E+00  7.0946E+03  8.1828E-05  1.0219E-11  3.4363E-13  1.0306E-03
 1.7172E+25  4.4033E-06  1.0000E+00  7.0929E+03  8.1828E-05  1.0183E-11  3.4370E-13  1.0063E-03
 1.7264E+25  4.4644E-06  1.0000E+00  7.0912E+03  8.1828E-05  1.0039E-11  3.4376E-13  9.8277E-04
 1.7357E+25  4.5272E-06  1.0000E+00  7.0896E+03  8.1828E-05  9.9074E-12  3.4383E-13  9.5967E-04
 1.7450E+25  4.5457E-06  1.0000E+00  7.0880E+03  8.1828E-05  9.8624E-12  3.4389E-13  9.3738E-04
 1.7542E+25  4.6242E-06  1.0000E+00  7.0864E+03  8.1828E-05  9.6961E-12  3.4395E-13  9.1600E-04
 1.7635E+25  4.6548E-06  1.0000E+00  7.0849E+03  8.1828E-05  9.6403E-12  3.4401E-13  8.9496E-04
 1.7727E+25  4.7077E-06  1.0000E+00  7.0835E+03  8.1828E-05  9.5269E-12  3.4407E-13  8.7459E-04
 1.7820E+25  4.7784E-06  1.0000E+00  7.0820E+03  8.1828E-05  9.3933E-12  3.4412E-13  8.5498E-04
 1.7912E+25  4.7923E-06  1.0000E+00  7.0806E+03  8.1828E-05  9.3614E-12  3.4418E-13  8.3572E-04
 1.8005E+25  4.8774E-06  1.0000E+00  7.0793E+03  8.1828E-05  9.1989E-12  3.4423E-13  8.1705E-04
 1.8097E+25  4.9023E-06  1.0000E+00  7.0780E+03  8.1828E-05  9.1597E-12  3.4428E-13  7.9916E-04
 1.8190E+25  4.9647E-06  1.0000E+00  7.0767E+03  8.1828E-05  9.0396E-12  3.4433E-13  7.8155E-04
 1.8283E+25  5.0253E-06  9.9999E-01  7.0754E+03  8.1828E-05  8.9376E-12  3.4438E-13  7.6432E-04
 1.8375E+25  5.0532E-06  9.9999E-01  7.0742E+03  8.1828E-05  8.8834E-12  3.4443E-13  7.4785E-04
 1.8468E+25  5.1455E-06  9.9999E-01  7.0730E+03  8.1828E-05  8.7261E-12  3.4448E-13  7.3181E-04
 1.8560E+25  5.1455E-06  9.9999E-01  7.0718E+03  8.1828E-05  8.7308E-12  3.4452E-13  7.1599E-04
 1.8653E+25  5.2377E-06  9.9999E-01  7.0707E+03  8.1828E-05  8.5732E-12  3.4457E-13  7.0079E-04
 1.8745E+25  5.2670E-06  9.9999E-01  7.0695E+03  8.1828E-05  8.5325E-12  3.4461E-13  6.8603E-04
 1.8838E+25  5.3310E-06  9.9999E-01  7.0685E+03  8.1828E-05  8.4250E-12  3.4465E-13  6.7149E-04
 1.8931E+25  5.3889E-06  9.9999E-01  7.0674E+03  8.1828E-05  8.3411E-12  3.4470E-13  6.5742E-04
 1.9023E+25  5.4255E-06  9.9999E-01  7.0664E+03  8.1828E-05  8.2799E-12  3.4474E-13  6.4389E-04
 1.9116E+25  5.5109E-06  9.9999E-01  7.0654E+03  8.1828E-05  8.1581E-12  3.4478E-13  6.3061E-04
 1.9208E+25  5.5213E-06  9.9999E-01  7.0644E+03  8.1828E-05  8.1377E-12  3.4481E-13  6.1751E-04
 1.9301E+25  5.6283E-06  9.9999E-01  7.0634E+03  8.1828E-05  7.9837E-12  3.4485E-13  6.0492E-04
 1.9393E+25  5.6231E-06  9.9999E-01  7.0625E+03  8.1828E-05  7.9975E-12  3.4489E-13  5.9277E-04
 1.9486E+25  5.7287E-06  9.9999E-01  7.0615E+03  8.1828E-05  7.8452E-12  3.4493E-13  5.8076E-04
 1.9579E+25  5.7435E-06  9.9999E-01  7.0606E+03  8.1828E-05  7.8312E-12  3.4496E-13  5.6904E-04
 1.9671E+25  5.8309E-06  9.9999E-01  7.0598E+03  8.1828E-05  7.7089E-12  3.4500E-13  5.5778E-04
 1.9764E+25  5.8637E-06  9.9999E-01  7.0589E+03  8.1828E-05  7.6720E-12  3.4503E-13  5.4675E-04
 1.9856E+25  5.9349E-06  9.9999E-01  7.0581E+03  8.1828E-05  7.5750E-12  3.4506E-13  5.3588E-04
 1.9949E+25  5.9836E-06  9.9999E-01  7.0572E+03  8.1828E-05  7.5195E-12  3.4509E-13  5.2535E-04
 2.0041E+25  6.0409E-06  9.9999E-01  7.0564E+03  8.1828E-05  7.4432E-12  3.4513E-13  5.1524E-04
 2.0134E+25  6.1034E-06  9.9999E-01  7.0557E+03  8.1828E-05  7.3730E-12  3.4516E-13  5.0526E-04
 2.0227E+25  6.1488E-06  9.9999E-01  7.0549E+03  8.1828E-05  7.3136E-12  3.4519E-13  4.9542E-04
 2.0319E+25  6.2229E-06  9.9999E-01  7.0541E+03  8.1828E-05  7.2325E-12  3.4522E-13  4.8590E-04
 2.0412E+25  6.2589E-06  9.9999E-01  7.0534E+03  8.1828E-05  7.1859E-12  3.4525E-13  4.7674E-04
 2.0504E+25  6.3420E-06  9.9999E-01  7.0527E+03  8.1828E-05  7.0977E-12  3.4527E-13  4.6771E-04
 2.0597E+25  6.3713E-06  9.9999E-01  7.0520E+03  8.1828E-05  7.0601E-12  3.4530E-13  4.5882E-04
 2.0689E+25  6.4607E-06  9.9999E-01  7.0513E+03  8.1828E-05  6.9682E-12  3.4533E-13  4.5021E-04
 2.0782E+25  6.4862E-06  9.9999E-01  7.0506E+03  8.1828E-05  6.9359E-12  3.4536E-13  4.4190E-04
 2.0875E+25  6.5789E-06  9.9999E-01  7.0500E+03  8.1828E-05  6.8439E-12  3.4538E-13  4.3369E-04
 2.0967E+25  6.6037E-06  9.9999E-01  7.0493E+03  8.1828E-05  6.8133E-12  3.4541E-13  4.2560E-04
 2.1060E+25  6.6966E-06  9.9999E-01  7.0487E+03  8.1828E-05  6.7244E-12  3.4543E-13  4.1779E-04
 2.1152E+25  6.7239E-06  9.9999E-01  7.0481E+03  8.1828E-05  6.6923E-12  3.4546E-13  4.1026E-04
 2.1245E+25  6.8138E-06  9.9999E-01  7.0475E+03  8.1828E-05  6.6095E-12  3.4548E-13  4.0282E-04
 2.1337E+25  6.8469E-06  9.9999E-01  7.0469E+03  8.1828E-05  6.5728E-12  3.4550E-13  3.9546E-04
 2.1430E+25  6.9304E-06  9.9999E-01  7.0463E+03  8.1828E-05  6.4991E-12  3.4553E-13  3.8832E-04
 2.1523E+25  6.9730E-06  9.9999E-01  7.0457E+03  8.1828E-05  6.4546E-12  3.4555E-13  3.8144E-04
 2.1615E+25  7.0464E-06  9.9999E-01  7.0452E+03  8.1828E-05  6.3928E-12  3.4557E-13  3.7471E-04
 2.1708E+25  7.1022E-06  9.9999E-01  7.0446E+03  8.1828E-05  6.3378E-12  3.4559E-13  3.6802E-04
 2.1800E+25  7.1616E-06  9.9999E-01  7.0441E+03  8.1828E-05  6.2906E-12  3.4561E-13  3.6148E-04
 2.1893E+25  7.2348E-06  9.9999E-01  7.0436E+03  8.1828E-05  6.2223E-12  3.4563E-13  3.5519E-04
 2.1985E+25  7.2762E-06  9.9999E-01  7.0431E+03  8.1828E-05  6.1922E-12  3.4565E-13  3.4907E-04
 2.2078E+25  7.3709E-06  9.9999E-01  7.0426E+03  8.1828E-05  6.1079E-12  3.4567E-13  3.4296E-04
 2.2171E+25  7.3900E-06  9.9999E-01  7.0421E+03  8.1828E-05  6.0974E-12  3.4569E-13  3.3700E-04
 2.2263E+25  7.5106E-06  9.9999E-01  7.0416E+03  8.1828E-05  5.9948E-12  3.4571E-13  3.3122E-04
 2.2356E+25  7.5031E-06  9.9999E-01  7.0411E+03  8.1828E-05  6.0060E-12  3.4573E-13  3.2563E-04
 2.2448E+25  7.6512E-06  9.9999E-01  7.0407E+03  8.1828E-05  5.8879E-12  3.4575E-13  3.2009E-04
 2.2541E+25  7.6182E-06  9.9999E-01  7.0402E+03  8.1828E-05  5.9130E-12  3.4577E-13  3.1463E-04
 2.2633E+25  7.7667E-06  9.9999E-01  7.0397E+03  8.1828E-05  5.8030E-12  3.4579E-13  3.0926E-04
 2.2726E+25  7.7617E-06  9.9999E-01  7.0393E+03  8.1828E-05  5.8020E-12  3.4580E-13  3.0414E-04
 2.2819E+25  7.8786E-06  9.9999E-01  7.0389E+03  8.1828E-05  5.7211E-12  3.4582E-13  2.9913E-04
 2.2911E+25  7.9122E-06  9.9999E-01  7.0385E+03  8.1828E-05  5.6921E-12  3.4584E-13  2.9414E-04
 2.3004E+25  7.9896E-06  9.9999E-01  7.0380E+03  8.1828E-05  5.6420E-12  3.4585E-13  2.8922E-04
 2.3096E+25  8.0667E-06  9.9999E-01  7.0376E+03  8.1828E-05  5.5836E-12  3.4587E-13  2.8444E-04
 2.3189E+25  8.0998E-06  9.9999E-01  7.0372E+03  8.1828E-05  5.5657E-12  3.4588E-13  2.7985E-04
 2.3281E+25  8.2259E-06  9.9999E-01  7.0369E+03  8.1828E-05  5.4759E-12  3.4590E-13  2.7532E-04
 2.3374E+25  8.2092E-06  9.9999E-01  7.0365E+03  8.1828E-05  5.4919E-12  3.4592E-13  2.7083E-04
 2.3467E+25  8.3663E-06  9.9999E-01  7.0361E+03  8.1828E-05  5.3889E-12  3.4593E-13  2.6640E-04
 2.3559E+25  8.3409E-06  9.9999E-01  7.0357E+03  8.1828E-05  5.4010E-12  3.4594E-13  2.6213E-04
 2.3652E+25  8.4749E-06  9.9999E-01  7.0354E+03  8.1828E-05  5.3203E-12  3.4596E-13  2.5799E-04
 2.3744E+25  8.5087E-06  9.9999E-01  7.0350E+03  8.1828E-05  5.2948E-12  3.4597E-13  2.5390E-04
 2.3837E+25  8.5824E-06  9.9999E-01  7.0347E+03  8.1828E-05  5.2540E-12  3.4599E-13  2.4984E-04
 2.3929E+25  8.6810E-06  9.9999E-01  7.0343E+03  8.1828E-05  5.1900E-12  3.4600E-13  2.4584E-04
 2.4022E+25  8.6891E-06  9.9999E-01  7.0340E+03  8.1828E-05  5.1898E-12  3.4601E-13  2.4200E-04
 2.4115E+25  8.8498E-06  9.9999E-01  7.0336E+03  8.1828E-05  5.0950E-12  3.4603E-13  2.3828E-04
 2.4207E+25  8.8040E-06  9.9999E-01  7.0333E+03  8.1828E-05  5.1187E-12  3.4604E-13  2.3458E-04
 2.4300E+25  8.9566E-06  9.9999E-01  7.0330E+03  8.1828E-05  5.0354E-12  3.4605E-13  2.3092E-04
 2.4392E+25  8.9855E-06  9.9999E-01  7.0327E+03  8.1828E-05  5.0148E-12  3.4607E-13  2.2729E-04
 2.4485E+25  9.0611E-06  9.9999E-01  7.0324E+03  8.1828E-05  4.9775E-12  3.4608E-13  2.2381E-04
 2.4577E+25  9.1731E-06  9.9999E-01  7.0321E+03  8.1828E-05  4.9126E-12  3.4609E-13  2.2044E-04
 2.4670E+25  9.1650E-06  9.9999E-01  7.0318E+03  8.1828E-05  4.9213E-12  3.4610E-13  2.1710E-04
 2.4763E+25  9.3307E-06  9.9999E-01  7.0315E+03  8.1828E-05  4.8342E-12  3.4611E-13  2.1380E-04
 2.4855E+25  9.3040E-06  9.9999E-01  7.0312E+03  8.1828E-05  4.8438E-12  3.4612E-13  2.1052E-04
 2.4948E+25  9.4330E-06  9.9999E-01  7.0309E+03  8.1828E-05  4.7820E-12  3.4614E-13  2.0734E-04
 2.5040E+25  9.5033E-06  9.9999E-01  7.0306E+03  8.1828E-05  4.7425E-12  3.4615E-13  2.0428E-04
 2.5133E+25  9.5343E-06  9.9999E-01  7.0304E+03  8.1828E-05  4.7314E-12  3.4616E-13  2.0127E-04
 2.5225E+25  9.7017E-06  9.9999E-01  7.0301E+03  8.1828E-05  4.6487E-12  3.4617E-13  1.9827E-04
 2.5318E+25  9.6418E-06  9.9999E-01  7.0298E+03  8.1828E-05  4.6758E-12  3.4618E-13  1.9530E-04
 2.5411E+25  9.8038E-06  9.9999E-01  7.0296E+03  8.1828E-05  4.6017E-12  3.4619E-13  1.9240E-04
 2.5503E+25  9.8510E-06  9.9999E-01  7.0293E+03  8.1828E-05  4.5756E-12  3.4620E-13  1.8960E-04
 2.5596E+25  9.9028E-06  9.9999E-01  7.0291E+03  8.1828E-05  4.5559E-12  3.4621E-13  1.8688E-04
 2.5688E+25  1.0068E-05  9.9999E-01  7.0288E+03  8.1828E-05  4.4778E-12  3.4622E-13  1.8417E-04
 2.5781E+25  1.0002E-05  9.9999E-01  7.0286E+03  8.1828E-05  4.5104E-12  3.4623E-13  1.8147E-04
 2.5873E+25  1.0173E-05  9.9999E-01  7.0283E+03  8.1828E-05  4.4352E-12  3.4624E-13  1.7881E-04
 2.5966E+25  1.0218E-05  9.9999E-01  7.0281E+03  8.1828E-05  4.4115E-12  3.4625E-13  1.7625E-04
 2.6059E+25  1.0269E-05  9.9999E-01  7.0279E+03  8.1828E-05  4.3937E-12  3.4626E-13  1.7378E-04
 2.6151E+25  1.0443E-05  9.9999E-01  7.0277E+03  8.1828E-05  4.3198E-12  3.4626E-13  1.7132E-04
 2.6244E+25  1.0372E-05  9.9999E-01  7.0274E+03  8.1828E-05  4.3475E-12  3.4627E-13  1.6889E-04
 2.6336E+25  1.0540E-05  9.9999E-01  7.0272E+03  8.1828E-05  4.2812E-12  3.4628E-13  1.6646E-04
 2.6429E+25  1.0608E-05  9.9999E-01  7.0270E+03  8.1828E-05  4.2499E-12  3.4629E-13  1.6409E-04
 2.6521E+25  1.0634E-05  9.9999E-01  7.0268E+03  8.1828E-05  4.2435E-12  3.4630E-13  1.6180E-04
 2.6614E+25  1.0812E-05  9.9999E-01  7.0266E+03  8.1828E-05  4.1737E-12  3.4631E-13  1.5958E-04
 2.6707E+25  1.0769E-05  9.9999E-01  7.0264E+03  8.1828E-05  4.1867E-12  3.4632E-13  1.5739E-04
 2.6799E+25  1.0905E-05  9.9999E-01  7.0262E+03  8.1828E-05  4.1385E-12  3.4632E-13  1.5519E-04
 2.6892E+25  1.1022E-05  9.9999E-01  7.0260E+03  8.1828E-05  4.0908E-12  3.4633E-13  1.5302E-04
 2.6984E+25  1.0996E-05  9.9999E-01  7.0258E+03  8.1828E-05  4.1041E-12  3.4634E-13  1.5090E-04
 2.7077E+25  1.1176E-05  9.9999E-01  7.0256E+03  8.1828E-05  4.0382E-12  3.4635E-13  1.4884E-04
 2.7169E+25  1.1193E-05  9.9999E-01  7.0254E+03  8.1828E-05  4.0282E-12  3.4635E-13  1.4686E-04
 2.7262E+25  1.1266E-05  9.9999E-01  7.0252E+03  8.1828E-05  4.0062E-12  3.4636E-13  1.4486E-04
 2.7355E+25  1.1448E-05  9.9999E-01  7.0250E+03  8.1828E-05  3.9419E-12  3.4637E-13  1.4289E-04
 2.7447E+25  1.1369E-05  9.9999E-01  7.0248E+03  8.1828E-05  3.9666E-12  3.4638E-13  1.4094E-04
 2.7540E+25  1.1537E-05  9.9999E-01  7.0247E+03  8.1828E-05  3.9122E-12  3.4638E-13  1.3903E-04
 2.7632E+25  1.1645E-05  9.9999E-01  7.0245E+03  8.1828E-05  3.8722E-12  3.4639E-13  1.3719E-04
 2.7725E+25  1.1624E-05  9.9999E-01  7.0243E+03  8.1828E-05  3.8829E-12  3.4640E-13  1.3540E-04
 2.7817E+25  1.1809E-05  9.9999E-01  7.0241E+03  8.1828E-05  3.8223E-12  3.4640E-13  1.3360E-04
 2.7910E+25  1.1833E-05  9.9999E-01  7.0240E+03  8.1828E-05  3.8108E-12  3.4641E-13  1.3183E-04
 2.8003E+25  1.1894E-05  9.9999E-01  7.0238E+03  8.1828E-05  3.7950E-12  3.4642E-13  1.3005E-04
 2.8095E+25  1.2082E-05  9.9999E-01  7.0236E+03  8.1828E-05  3.7360E-12  3.4642E-13  1.2834E-04
 2.8188E+25  1.2025E-05  9.9999E-01  7.0235E+03  8.1828E-05  3.7502E-12  3.4643E-13  1.2666E-04
 2.8280E+25  1.2165E-05  9.9999E-01  7.0233E+03  8.1828E-05  3.7107E-12  3.4644E-13  1.2505E-04
 2.8373E+25  1.2329E-05  9.9999E-01  7.0232E+03  8.1828E-05  3.6578E-12  3.4644E-13  1.2344E-04
 2.8465E+25  1.2248E-05  9.9999E-01  7.0230E+03  8.1828E-05  3.6855E-12  3.4645E-13  1.2184E-04
 2.8558E+25  1.2437E-05  9.9999E-01  7.0229E+03  8.1828E-05  3.6297E-12  3.4645E-13  1.2024E-04
 2.8651E+25  1.2536E-05  9.9999E-01  7.0227E+03  8.1828E-05  3.5976E-12  3.4646E-13  1.1868E-04
 2.8743E+25  1.2518E-05  9.9999E-01  7.0226E+03  8.1828E-05  3.6063E-12  3.4647E-13  1.1715E-04
 2.8836E+25  1.2709E-05  9.9999E-01  7.0224E+03  8.1828E-05  3.5521E-12  3.4647E-13  1.1569E-04
 2.8928E+25  1.2749E-05  9.9999E-01  7.0223E+03  8.1828E-05  3.5377E-12  3.4648E-13  1.1424E-04
 2.9021E+25  1.2788E-05  9.9999E-01  7.0222E+03  8.1828E-05  3.5303E-12  3.4648E-13  1.1280E-04
 2.9113E+25  1.2982E-05  9.9999E-01  7.0220E+03  8.1828E-05  3.4777E-12  3.4649E-13  1.1136E-04
 2.9206E+25  1.2967E-05  9.9999E-01  7.0219E+03  8.1828E-05  3.4782E-12  3.4649E-13  1.0994E-04
 2.9299E+25  1.3058E-05  9.9999E-01  7.0217E+03  8.1828E-05  3.4574E-12  3.4650E-13  1.0855E-04
 2.9391E+25  1.3255E-05  9.9999E-01  7.0216E+03  8.1828E-05  3.4062E-12  3.4651E-13  1.0721E-04
 2.9484E+25  1.3192E-05  9.9999E-01  7.0215E+03  8.1828E-05  3.4190E-12  3.4651E-13  1.0589E-04
 2.9576E+25  1.3329E-05  9.9999E-01  7.0214E+03  8.1828E-05  3.3873E-12  3.4652E-13  1.0460E-04
 2.9669E+25  1.3527E-05  9.9999E-01  7.0212E+03  8.1828E-05  3.3374E-12  3.4652E-13  1.0330E-04
 2.9761E+25  1.3425E-05  9.9999E-01  7.0211E+03  8.1828E-05  3.3600E-12  3.4653E-13  1.0202E-04
 2.9854E+25  1.3600E-05  9.9999E-01  7.0210E+03  8.1828E-05  3.3199E-12  3.4653E-13  1.0074E-04
 2.9947E+25  1.3790E-05  9.9999E-01  7.0208E+03  8.1828E-05  3.2715E-12  3.4654E-13  9.9511E-05
 3.0039E+25  1.3674E-05  9.9999E-01  7.0207E+03  8.1828E-05  3.3013E-12  3.4654E-13  9.8307E-05
 3.0132E+25  1.3871E-05  9.9999E-01  7.0206E+03  8.1828E-05  3.2551E-12  3.4654E-13  9.7144E-05
 3.0224E+25  1.4042E-05  9.9999E-01  7.0205E+03  8.1828E-05  3.2123E-12  3.4655E-13  9.5974E-05
 3.0317E+25  1.3943E-05  9.9999E-01  7.0204E+03  8.1828E-05  3.2384E-12  3.4655E-13  9.4806E-05
 3.0409E+25  1.4143E-05  9.9999E-01  7.0203E+03  8.1828E-05  3.1928E-12  3.4656E-13  9.3655E-05
 3.0502E+25  1.4301E-05  9.9999E-01  7.0202E+03  8.1828E-05  3.1542E-12  3.4656E-13  9.2513E-05
 3.0594E+25  1.4212E-05  9.9999E-01  7.0200E+03  8.1828E-05  3.1772E-12  3.4657E-13  9.1412E-05
 3.0687E+25  1.4414E-05  9.9999E-01  7.0199E+03  8.1828E-05  3.1329E-12  3.4657E-13  9.0338E-05
 3.0780E+25  1.4569E-05  9.9999E-01  7.0198E+03  8.1828E-05  3.0963E-12  3.4658E-13  8.9289E-05
 3.0872E+25  1.4481E-05  9.9999E-01  7.0197E+03  8.1828E-05  3.1183E-12  3.4658E-13  8.8241E-05
 3.0965E+25  1.4684E-05  9.9999E-01  7.0196E+03  8.1828E-05  3.0752E-12  3.4658E-13  8.7198E-05
 3.1057E+25  1.4846E-05  9.9999E-01  7.0195E+03  8.1828E-05  3.0386E-12  3.4659E-13  8.6154E-05
 3.1150E+25  1.4750E-05  9.9999E-01  7.0194E+03  8.1828E-05  3.0615E-12  3.4659E-13  8.5128E-05
 3.1242E+25  1.4955E-05  9.9999E-01  7.0193E+03  8.1828E-05  3.0197E-12  3.4660E-13  8.4136E-05
 3.1335E+25  1.5133E-05  9.9998E-01  7.0192E+03  8.1828E-05  2.9811E-12  3.4660E-13  8.3169E-05
 3.1428E+25  1.5019E-05  9.9998E-01  7.0191E+03  8.1828E-05  3.0068E-12  3.4660E-13  8.2230E-05
 3.1520E+25  1.5225E-05  9.9998E-01  7.0190E+03  8.1828E-05  2.9661E-12  3.4661E-13  8.1291E-05
 3.1613E+25  1.5427E-05  9.9998E-01  7.0189E+03  8.1828E-05  2.9254E-12  3.4661E-13  8.0347E-05
 3.1705E+25  1.5289E-05  9.9998E-01  7.0188E+03  8.1828E-05  2.9527E-12  3.4662E-13  7.9416E-05
 3.1798E+25  1.5495E-05  9.9998E-01  7.0187E+03  8.1828E-05  2.9145E-12  3.4662E-13  7.8492E-05
 3.1890E+25  1.5707E-05  9.9998E-01  7.0186E+03  8.1828E-05  2.8749E-12  3.4662E-13  7.7589E-05
 3.1983E+25  1.5583E-05  9.9998E-01  7.0185E+03  8.1828E-05  2.8953E-12  3.4663E-13  7.6710E-05
 3.2076E+25  1.5765E-05  9.9998E-01  7.0185E+03  8.1828E-05  2.8647E-12  3.4663E-13  7.5862E-05
 3.2168E+25  1.5979E-05  9.9998E-01  7.0184E+03  8.1828E-05  2.8262E-12  3.4663E-13  7.5022E-05
 3.2261E+25  1.5896E-05  9.9998E-01  7.0183E+03  8.1828E-05  2.8382E-12  3.4664E-13  7.4178E-05
 3.2353E+25  1.6034E-05  9.9998E-01  7.0182E+03  8.1828E-05  2.8167E-12  3.4664E-13  7.3340E-05
 3.2446E+25  1.6250E-05  9.9998E-01  7.0181E+03  8.1828E-05  2.7792E-12  3.4664E-13  7.2502E-05
 3.2538E+25  1.6221E-05  9.9998E-01  7.0180E+03  8.1828E-05  2.7813E-12  3.4665E-13  7.1683E-05
 3.2631E+25  1.6303E-05  9.9998E-01  7.0179E+03  8.1828E-05  2.7703E-12  3.4665E-13  7.0889E-05
 3.2724E+25  1.6520E-05  9.9998E-01  7.0179E+03  8.1828E-05  2.7339E-12  3.4665E-13  7.0111E-05
 3.2816E+25  1.6559E-05  9.9998E-01  7.0178E+03  8.1828E-05  2.7247E-12  3.4666E-13  6.9357E-05
 3.2909E+25  1.6571E-05  9.9998E-01  7.0177E+03  8.1828E-05  2.7255E-12  3.4666E-13  6.8598E-05
 3.3001E+25  1.6789E-05  9.9998E-01  7.0176E+03  8.1828E-05  2.6902E-12  3.4666E-13  6.7845E-05
 3.3094E+25  1.6908E-05  9.9998E-01  7.0175E+03  8.1828E-05  2.6684E-12  3.4667E-13  6.7093E-05
 3.3186E+25  1.6839E-05  9.9998E-01  7.0175E+03  8.1828E-05  2.6822E-12  3.4667E-13  6.6348E-05
 3.3279E+25  1.7057E-05  9.9998E-01  7.0174E+03  8.1828E-05  2.6479E-12  3.4667E-13  6.5619E-05
 3.3372E+25  1.7269E-05  9.9998E-01  7.0173E+03  8.1828E-05  2.6136E-12  3.4668E-13  6.4907E-05
 3.3464E+25  1.7107E-05  9.9998E-01  7.0172E+03  8.1828E-05  2.6392E-12  3.4668E-13  6.4225E-05
 3.3557E+25  1.7326E-05  9.9998E-01  7.0172E+03  8.1828E-05  2.6069E-12  3.4668E-13  6.3544E-05
 3.3649E+25  1.7550E-05  9.9998E-01  7.0171E+03  8.1828E-05  2.5735E-12  3.4668E-13  6.2867E-05
 3.3742E+25  1.7468E-05  9.9998E-01  7.0170E+03  8.1828E-05  2.5830E-12  3.4669E-13  6.2186E-05
 3.3834E+25  1.7593E-05  9.9998E-01  7.0170E+03  8.1828E-05  2.5673E-12  3.4669E-13  6.1514E-05
 3.3927E+25  1.7819E-05  9.9998E-01  7.0169E+03  8.1828E-05  2.5349E-12  3.4669E-13  6.0845E-05
 3.4020E+25  1.7855E-05  9.9998E-01  7.0168E+03  8.1828E-05  2.5270E-12  3.4670E-13  6.0199E-05
 3.4112E+25  1.7861E-05  9.9998E-01  7.0168E+03  8.1828E-05  2.5289E-12  3.4670E-13  5.9561E-05
 3.4205E+25  1.8086E-05  9.9998E-01  7.0167E+03  8.1828E-05  2.4974E-12  3.4670E-13  5.8945E-05
 3.4297E+25  1.8257E-05  9.9998E-01  7.0166E+03  8.1828E-05  2.4715E-12  3.4670E-13  5.8342E-05
 3.4390E+25  1.8126E-05  9.9998E-01  7.0166E+03  8.1828E-05  2.4919E-12  3.4671E-13  5.7733E-05
 3.4482E+25  1.8353E-05  9.9998E-01  7.0165E+03  8.1828E-05  2.4611E-12  3.4671E-13  5.7124E-05
 3.4575E+25  1.8584E-05  9.9998E-01  7.0164E+03  8.1828E-05  2.4305E-12  3.4671E-13  5.6522E-05
 3.4668E+25  1.8480E-05  9.9998E-01  7.0164E+03  8.1828E-05  2.4417E-12  3.4671E-13  5.5917E-05
 3.4760E+25  1.8620E-05  9.9998E-01  7.0163E+03  8.1828E-05  2.4259E-12  3.4672E-13  5.5337E-05
 3.4853E+25  1.8851E-05  9.9998E-01  7.0162E+03  8.1828E-05  2.3963E-12  3.4672E-13  5.4762E-05
 3.4945E+25  1.8909E-05  9.9998E-01  7.0162E+03  8.1828E-05  2.3863E-12  3.4672E-13  5.4212E-05
 3.5038E+25  1.8886E-05  9.9998E-01  7.0161E+03  8.1828E-05  2.3918E-12  3.4672E-13  5.3669E-05
 3.5130E+25  1.9117E-05  9.9998E-01  7.0161E+03  8.1828E-05  2.3629E-12  3.4673E-13  5.3122E-05
 3.5223E+25  1.9346E-05  9.9998E-01  7.0160E+03  8.1828E-05  2.3340E-12  3.4673E-13  5.2580E-05
 3.5316E+25  1.9158E-05  9.9998E-01  7.0159E+03  8.1828E-05  2.3563E-12  3.4673E-13  5.2039E-05
 3.5408E+25  1.9383E-05  9.9998E-01  7.0159E+03  8.1828E-05  2.3304E-12  3.4673E-13  5.1497E-05
 3.5501E+25  1.9619E-05  9.9998E-01  7.0158E+03  8.1828E-05  2.3025E-12  3.4674E-13  5.0970E-05
 3.5593E+25  1.9609E-05  9.9998E-01  7.0158E+03  8.1828E-05  2.3011E-12  3.4674E-13  5.0449E-05
 3.5686E+25  1.9649E-05  9.9998E-01  7.0157E+03  8.1828E-05  2.2990E-12  3.4674E-13  4.9947E-05
 3.5778E+25  1.9884E-05  9.9998E-01  7.0157E+03  8.1828E-05  2.2718E-12  3.4674E-13  4.9460E-05
 3.5871E+25  2.0087E-05  9.9998E-01  7.0156E+03  8.1828E-05  2.2464E-12  3.4674E-13  4.8976E-05
 3.5964E+25  1.9910E-05  9.9998E-01  7.0155E+03  8.1828E-05  2.2689E-12  3.4675E-13  4.8487E-05
 3.6056E+25  2.0150E-05  9.9998E-01  7.0155E+03  8.1828E-05  2.2418E-12  3.4675E-13  4.7999E-05
 3.6149E+25  2.0390E-05  9.9998E-01  7.0154E+03  8.1828E-05  2.2155E-12  3.4675E-13  4.7517E-05
 3.6241E+25  2.0363E-05  9.9998E-01  7.0154E+03  8.1828E-05  2.2160E-12  3.4675E-13  4.7036E-05
 3.6334E+25  2.0414E-05  9.9998E-01  7.0153E+03  8.1828E-05  2.2129E-12  3.4675E-13  4.6567E-05
 3.6426E+25  2.0655E-05  9.9998E-01  7.0153E+03  8.1828E-05  2.1871E-12  3.4676E-13  4.6107E-05
 3.6519E+25  2.0876E-05  9.9998E-01  7.0152E+03  8.1828E-05  2.1616E-12  3.4676E-13  4.5662E-05
 3.6612E+25  2.0674E-05  9.9998E-01  7.0152E+03  8.1828E-05  2.1851E-12  3.4676E-13  4.5227E-05
 3.6704E+25  2.0920E-05  9.9998E-01  7.0151E+03  8.1828E-05  2.1594E-12  3.4676E-13  4.4791E-05
 3.6797E+25  2.1164E-05  9.9998E-01  7.0151E+03  8.1828E-05  2.1345E-12  3.4676E-13  4.4356E-05
 3.6889E+25  2.1176E-05  9.9998E-01  7.0150E+03  8.1828E-05  2.1309E-12  3.4677E-13  4.3921E-05
 3.6982E+25  2.1182E-05  9.9998E-01  7.0150E+03  8.1828E-05  2.1328E-12  3.4677E-13  4.3487E-05
 3.7074E+25  2.1428E-05  9.9998E-01  7.0149E+03  8.1828E-05  2.1083E-12  3.4677E-13  4.3058E-05
 3.7167E+25  2.1675E-05  9.9998E-01  7.0149E+03  8.1828E-05  2.0841E-12  3.4677E-13  4.2643E-05
 3.7260E+25  2.1490E-05  9.9998E-01  7.0148E+03  8.1828E-05  2.1000E-12  3.4677E-13  4.2229E-05
 3.7352E+25  2.1691E-05  9.9998E-01  7.0148E+03  8.1828E-05  2.0827E-12  3.4678E-13  4.1835E-05
 3.7445E+25  2.1939E-05  9.9998E-01  7.0148E+03  8.1828E-05  2.0591E-12  3.4678E-13  4.1447E-05
 3.7537E+25  2.2055E-05  9.9998E-01  7.0147E+03  8.1828E-05  2.0461E-12  3.4678E-13  4.1055E-05
 3.7630E+25  2.1950E-05  9.9998E-01  7.0147E+03  8.1828E-05  2.0582E-12  3.4678E-13  4.0664E-05
 3.7722E+25  2.2203E-05  9.9998E-01  7.0146E+03  8.1828E-05  2.0347E-12  3.4678E-13  4.0275E-05
 3.7815E+25  2.2455E-05  9.9998E-01  7.0146E+03  8.1828E-05  2.0119E-12  3.4678E-13  3.9889E-05
 3.7908E+25  2.2396E-05  9.9998E-01  7.0145E+03  8.1828E-05  2.0150E-12  3.4679E-13  3.9506E-05
 3.8000E+25  2.2463E-05  9.9998E-01  7.0145E+03  8.1828E-05  2.0112E-12  3.4679E-13  3.9129E-05
 3.8093E+25  2.2718E-05  9.9998E-01  7.0144E+03  8.1828E-05  1.9887E-12  3.4679E-13  3.8760E-05
 3.8185E+25  2.2970E-05  9.9998E-01  7.0144E+03  8.1828E-05  1.9666E-12  3.4679E-13  3.8407E-05
 3.8278E+25  2.2753E-05  9.9998E-01  7.0144E+03  8.1828E-05  1.9836E-12  3.4679E-13  3.8058E-05
 3.8370E+25  2.2979E-05  9.9998E-01  7.0143E+03  8.1828E-05  1.9661E-12  3.4680E-13  3.7710E-05
 3.8463E+25  2.3235E-05  9.9998E-01  7.0143E+03  8.1828E-05  1.9444E-12  3.4680E-13  3.7360E-05
 3.8556E+25  2.3377E-05  9.9998E-01  7.0142E+03  8.1828E-05  1.9304E-12  3.4680E-13  3.7010E-05
 3.8648E+25  2.3235E-05  9.9998E-01  7.0142E+03  8.1828E-05  1.9444E-12  3.4680E-13  3.6663E-05
 3.8741E+25  2.3497E-05  9.9998E-01  7.0142E+03  8.1828E-05  1.9228E-12  3.4680E-13  3.6318E-05
 3.8833E+25  2.3755E-05  9.9998E-01  7.0141E+03  8.1828E-05  1.9018E-12  3.4680E-13  3.5982E-05
 3.8926E+25  2.3766E-05  9.9998E-01  7.0141E+03  8.1828E-05  1.8989E-12  3.4680E-13  3.5650E-05
 3.9018E+25  2.3752E-05  9.9998E-01  7.0140E+03  8.1828E-05  1.9021E-12  3.4681E-13  3.5324E-05
 3.9111E+25  2.4018E-05  9.9998E-01  7.0140E+03  8.1828E-05  1.8811E-12  3.4681E-13  3.5014E-05
 3.9204E+25  2.4279E-05  9.9998E-01  7.0140E+03  8.1828E-05  1.8609E-12  3.4681E-13  3.4704E-05
 3.9296E+25  2.4169E-05  9.9998E-01  7.0139E+03  8.1828E-05  1.8672E-12  3.4681E-13  3.4391E-05
 3.9389E+25  2.4273E-05  9.9998E-01  7.0139E+03  8.1828E-05  1.8614E-12  3.4681E-13  3.4079E-05
 3.9481E+25  2.4541E-05  9.9998E-01  7.0139E+03  8.1828E-05  1.8410E-12  3.4681E-13  3.3768E-05
 3.9574E+25  2.4804E-05  9.9998E-01  7.0138E+03  8.1828E-05  1.8214E-12  3.4682E-13  3.3458E-05
 3.9666E+25  2.4589E-05  9.9998E-01  7.0138E+03  8.1828E-05  1.8354E-12  3.4682E-13  3.3150E-05
 3.9759E+25  2.4797E-05  9.9998E-01  7.0138E+03  8.1828E-05  1.8221E-12  3.4682E-13  3.2852E-05
 3.9852E+25  2.5066E-05  9.9997E-01  7.0137E+03  8.1828E-05  1.8024E-12  3.4682E-13  3.2554E-05
 3.9944E+25  2.5305E-05  9.9997E-01  7.0137E+03  8.1828E-05  1.7834E-12  3.4682E-13  3.2273E-05
 4.0037E+25  2.5052E-05  9.9997E-01  7.0136E+03  8.1828E-05  1.8034E-12  3.4682E-13  3.1995E-05
 4.0129E+25  2.5323E-05  9.9997E-01  7.0136E+03  8.1828E-05  1.7843E-12  3.4682E-13  3.1715E-05
 4.0222E+25  2.5595E-05  9.9997E-01  7.0136E+03  8.1828E-05  1.7652E-12  3.4682E-13  3.1438E-05
 4.0314E+25  2.5765E-05  9.9997E-01  7.0135E+03  8.1828E-05  1.7516E-12  3.4683E-13  3.1158E-05
 4.0407E+25  2.5577E-05  9.9997E-01  7.0135E+03  8.1828E-05  1.7665E-12  3.4683E-13  3.0881E-05
 4.0500E+25  2.5851E-05  9.9997E-01  7.0135E+03  8.1828E-05  1.7478E-12  3.4683E-13  3.0604E-05
 4.0592E+25  2.6126E-05  9.9997E-01  7.0134E+03  8.1828E-05  1.7294E-12  3.4683E-13  3.0331E-05
 4.0685E+25  2.6243E-05  9.9997E-01  7.0134E+03  8.1828E-05  1.7197E-12  3.4683E-13  3.0063E-05
 4.0777E+25  2.6105E-05  9.9997E-01  7.0134E+03  8.1828E-05  1.7308E-12  3.4683E-13  2.9797E-05
 4.0870E+25  2.6381E-05  9.9997E-01  7.0134E+03  8.1828E-05  1.7127E-12  3.4683E-13  2.9545E-05
 4.0962E+25  2.6660E-05  9.9997E-01  7.0133E+03  8.1828E-05  1.6948E-12  3.4684E-13  2.9299E-05
 4.1055E+25  2.6740E-05  9.9997E-01  7.0133E+03  8.1828E-05  1.6877E-12  3.4684E-13  2.9051E-05
 4.1148E+25  2.6635E-05  9.9997E-01  7.0133E+03  8.1828E-05  1.6963E-12  3.4684E-13  2.8799E-05
 4.1240E+25  2.6914E-05  9.9997E-01  7.0132E+03  8.1828E-05  1.6788E-12  3.4684E-13  2.8551E-05
 4.1333E+25  2.7196E-05  9.9997E-01  7.0132E+03  8.1828E-05  1.6614E-12  3.4684E-13  2.8304E-05
 4.1425E+25  2.7257E-05  9.9997E-01  7.0132E+03  8.1828E-05  1.6557E-12  3.4684E-13  2.8055E-05
 4.1518E+25  2.7169E-05  9.9997E-01  7.0131E+03  8.1828E-05  1.6630E-12  3.4684E-13  2.7811E-05
 4.1610E+25  2.7449E-05  9.9997E-01  7.0131E+03  8.1828E-05  1.6461E-12  3.4684E-13  2.7571E-05
 4.1703E+25  2.7735E-05  9.9997E-01  7.0131E+03  8.1828E-05  1.6291E-12  3.4684E-13  2.7333E-05
 4.1796E+25  2.7796E-05  9.9997E-01  7.0130E+03  8.1828E-05  1.6237E-12  3.4685E-13  2.7105E-05
 4.1888E+25  2.7704E-05  9.9997E-01  7.0130E+03  8.1828E-05  1.6309E-12  3.4685E-13  2.6884E-05
 4.1981E+25  2.7986E-05  9.9997E-01  7.0130E+03  8.1828E-05  1.6145E-12  3.4685E-13  2.6662E-05
 4.2073E+25  2.8276E-05  9.9997E-01  7.0130E+03  8.1828E-05  1.5980E-12  3.4685E-13  2.6440E-05
 4.2166E+25  2.8356E-05  9.9997E-01  7.0129E+03  8.1828E-05  1.5916E-12  3.4685E-13  2.6219E-05
 4.2258E+25  2.8242E-05  9.9997E-01  7.0129E+03  8.1828E-05  1.5999E-12  3.4685E-13  2.5994E-05
 4.2351E+25  2.8527E-05  9.9997E-01  7.0129E+03  8.1828E-05  1.5840E-12  3.4685E-13  2.5774E-05
 4.2443E+25  2.8819E-05  9.9997E-01  7.0128E+03  8.1828E-05  1.5679E-12  3.4685E-13  2.5554E-05
 4.2536E+25  2.8940E-05  9.9997E-01  7.0128E+03  8.1828E-05  1.5595E-12  3.4686E-13  2.5338E-05
 4.2629E+25  2.8782E-05  9.9997E-01  7.0128E+03  8.1828E-05  1.5699E-12  3.4686E-13  2.5125E-05
 4.2721E+25  2.9069E-05  9.9997E-01  7.0128E+03  8.1828E-05  1.5544E-12  3.4686E-13  2.4916E-05
 4.2814E+25  2.9365E-05  9.9997E-01  7.0127E+03  8.1828E-05  1.5388E-12  3.4686E-13  2.4718E-05
 4.2906E+25  2.9548E-05  9.9997E-01  7.0127E+03  8.1828E-05  1.5274E-12  3.4686E-13  2.4520E-05
 4.2999E+25  2.9326E-05  9.9997E-01  7.0127E+03  8.1828E-05  1.5408E-12  3.4686E-13  2.4321E-05
 4.3091E+25  2.9615E-05  9.9997E-01  7.0127E+03  8.1828E-05  1.5258E-12  3.4686E-13  2.4122E-05
 4.3184E+25  2.9912E-05  9.9997E-01  7.0126E+03  8.1828E-05  1.5107E-12  3.4686E-13  2.3924E-05
 4.3277E+25  3.0179E-05  9.9997E-01  7.0126E+03  8.1828E-05  1.4958E-12  3.4686E-13  2.3727E-05
 4.3369E+25  2.9873E-05  9.9997E-01  7.0126E+03  8.1828E-05  1.5122E-12  3.4686E-13  2.3528E-05
 4.3462E+25  3.0163E-05  9.9997E-01  7.0126E+03  8.1828E-05  1.4980E-12  3.4687E-13  2.3332E-05
 4.3554E+25  3.0461E-05  9.9997E-01  7.0125E+03  8.1828E-05  1.4835E-12  3.4687E-13  2.3141E-05
 4.3647E+25  3.0760E-05  9.9997E-01  7.0125E+03  8.1828E-05  1.4689E-12  3.4687E-13  2.2950E-05
 4.3739E+25  3.0498E-05  9.9997E-01  7.0125E+03  8.1828E-05  1.4800E-12  3.4687E-13  2.2767E-05
 4.3832E+25  3.0715E-05  9.9997E-01  7.0125E+03  8.1828E-05  1.4712E-12  3.4687E-13  2.2591E-05
 4.3925E+25  3.1012E-05  9.9997E-01  7.0124E+03  8.1828E-05  1.4571E-12  3.4687E-13  2.2414E-05
 4.4017E+25  3.1318E-05  9.9997E-01  7.0124E+03  8.1828E-05  1.4428E-12  3.4687E-13  2.2238E-05
 4.4110E+25  3.1175E-05  9.9997E-01  7.0124E+03  8.1828E-05  1.4477E-12  3.4687E-13  2.2058E-05
 4.4202E+25  3.1269E-05  9.9997E-01  7.0124E+03  8.1828E-05  1.4451E-12  3.4687E-13  2.1881E-05
 4.4295E+25  3.1568E-05  9.9997E-01  7.0123E+03  8.1828E-05  1.4315E-12  3.4687E-13  2.1705E-05
 4.4387E+25  3.1875E-05  9.9997E-01  7.0123E+03  8.1828E-05  1.4177E-12  3.4687E-13  2.1528E-05
 4.4480E+25  3.1882E-05  9.9997E-01  7.0123E+03  8.1828E-05  1.4156E-12  3.4688E-13  2.1355E-05
 4.4573E+25  3.1825E-05  9.9997E-01  7.0123E+03  8.1828E-05  1.4199E-12  3.4688E-13  2.1182E-05
 4.4665E+25  3.2127E-05  9.9997E-01  7.0123E+03  8.1828E-05  1.4065E-12  3.4688E-13  2.1011E-05
 4.4758E+25  3.2434E-05  9.9997E-01  7.0122E+03  8.1828E-05  1.3933E-12  3.4688E-13  2.0848E-05
 4.4850E+25  3.2617E-05  9.9997E-01  7.0122E+03  8.1828E-05  1.3837E-12  3.4688E-13  2.0690E-05
 4.4943E+25  3.2383E-05  9.9997E-01  7.0122E+03  8.1828E-05  1.3954E-12  3.4688E-13  2.0533E-05
 4.5035E+25  3.2689E-05  9.9997E-01  7.0122E+03  8.1828E-05  1.3824E-12  3.4688E-13  2.0375E-05
 4.5128E+25  3.2996E-05  9.9997E-01  7.0121E+03  8.1828E-05  1.3696E-12  3.4688E-13  2.0216E-05
 4.5221E+25  3.3307E-05  9.9997E-01  7.0121E+03  8.1828E-05  1.3566E-12  3.4688E-13  2.0059E-05
 4.5313E+25  3.3019E-05  9.9997E-01  7.0121E+03  8.1828E-05  1.3670E-12  3.4688E-13  1.9900E-05
 4.5406E+25  3.3254E-05  9.9997E-01  7.0121E+03  8.1828E-05  1.3589E-12  3.4688E-13  1.9742E-05
 4.5498E+25  3.3562E-05  9.9997E-01  7.0121E+03  8.1828E-05  1.3465E-12  3.4689E-13  1.9586E-05
 4.5591E+25  3.3878E-05  9.9997E-01  7.0120E+03  8.1828E-05  1.3340E-12  3.4689E-13  1.9432E-05
 4.5683E+25  3.3806E-05  9.9997E-01  7.0120E+03  8.1828E-05  1.3350E-12  3.4689E-13  1.9280E-05
 4.5776E+25  3.3820E-05  9.9997E-01  7.0120E+03  8.1828E-05  1.3362E-12  3.4689E-13  1.9128E-05
 4.5869E+25  3.4133E-05  9.9997E-01  7.0120E+03  8.1828E-05  1.3240E-12  3.4689E-13  1.8987E-05
 4.5961E+25  3.4447E-05  9.9997E-01  7.0120E+03  8.1828E-05  1.3119E-12  3.4689E-13  1.8847E-05
 4.6054E+25  3.4624E-05  9.9997E-01  7.0119E+03  8.1828E-05  1.3035E-12  3.4689E-13  1.8707E-05
 4.6146E+25  3.4392E-05  9.9997E-01  7.0119E+03  8.1828E-05  1.3140E-12  3.4689E-13  1.8566E-05
 4.6239E+25  3.4707E-05  9.9997E-01  7.0119E+03  8.1828E-05  1.3021E-12  3.4689E-13  1.8425E-05
 4.6331E+25  3.5022E-05  9.9996E-01  7.0119E+03  8.1828E-05  1.2904E-12  3.4689E-13  1.8284E-05
 4.6424E+25  3.5341E-05  9.9996E-01  7.0119E+03  8.1828E-05  1.2787E-12  3.4689E-13  1.8144E-05
 4.6517E+25  3.5099E-05  9.9996E-01  7.0118E+03  8.1828E-05  1.2860E-12  3.4689E-13  1.8003E-05
 4.6609E+25  3.5282E-05  9.9996E-01  7.0118E+03  8.1828E-05  1.2810E-12  3.4690E-13  1.7863E-05
 4.6702E+25  3.5602E-05  9.9996E-01  7.0118E+03  8.1828E-05  1.2694E-12  3.4690E-13  1.7726E-05
 4.6794E+25  3.5922E-05  9.9996E-01  7.0118E+03  8.1828E-05  1.2581E-12  3.4690E-13  1.7590E-05
 4.6887E+25  3.5974E-05  9.9996E-01  7.0118E+03  8.1828E-05  1.2546E-12  3.4690E-13  1.7459E-05
 4.6979E+25  3.5864E-05  9.9996E-01  7.0117E+03  8.1828E-05  1.2602E-12  3.4690E-13  1.7333E-05
 4.7072E+25  3.6185E-05  9.9996E-01  7.0117E+03  8.1828E-05  1.2491E-12  3.4690E-13  1.7208E-05
 4.7165E+25  3.6508E-05  9.9996E-01  7.0117E+03  8.1828E-05  1.2380E-12  3.4690E-13  1.7083E-05
 4.7257E+25  3.6823E-05  9.9996E-01  7.0117E+03  8.1828E-05  1.2270E-12  3.4690E-13  1.6957E-05
 4.7350E+25  3.6508E-05  9.9996E-01  7.0117E+03  8.1828E-05  1.2367E-12  3.4690E-13  1.6831E-05
 4.7442E+25  3.6769E-05  9.9996E-01  7.0116E+03  8.1828E-05  1.2292E-12  3.4690E-13  1.6706E-05
 4.7535E+25  3.7097E-05  9.9996E-01  7.0116E+03  8.1828E-05  1.2184E-12  3.4690E-13  1.6580E-05
 4.7627E+25  3.7422E-05  9.9996E-01  7.0116E+03  8.1828E-05  1.2078E-12  3.4690E-13  1.6455E-05
 4.7720E+25  3.7438E-05  9.9996E-01  7.0116E+03  8.1828E-05  1.2056E-12  3.4690E-13  1.6331E-05
 4.7813E+25  3.7363E-05  9.9996E-01  7.0116E+03  8.1828E-05  1.2098E-12  3.4691E-13  1.6209E-05
 4.7905E+25  3.7687E-05  9.9996E-01  7.0115E+03  8.1828E-05  1.1994E-12  3.4691E-13  1.6086E-05
 4.7998E+25  3.8019E-05  9.9996E-01  7.0115E+03  8.1828E-05  1.1889E-12  3.4691E-13  1.5969E-05
 4.8090E+25  3.8338E-05  9.9996E-01  7.0115E+03  8.1828E-05  1.1786E-12  3.4691E-13  1.5857E-05
 4.8183E+25  3.8028E-05  9.9996E-01  7.0115E+03  8.1828E-05  1.1873E-12  3.4691E-13  1.5747E-05
 4.8275E+25  3.8286E-05  9.9996E-01  7.0115E+03  8.1828E-05  1.1807E-12  3.4691E-13  1.5634E-05
 4.8368E+25  3.8618E-05  9.9996E-01  7.0115E+03  8.1828E-05  1.1706E-12  3.4691E-13  1.5522E-05
 4.8461E+25  3.8951E-05  9.9996E-01  7.0114E+03  8.1828E-05  1.1605E-12  3.4691E-13  1.5410E-05
 4.8553E+25  3.9021E-05  9.9996E-01  7.0114E+03  8.1828E-05  1.1567E-12  3.4691E-13  1.5298E-05
 4.8646E+25  3.8889E-05  9.9996E-01  7.0114E+03  8.1828E-05  1.1625E-12  3.4691E-13  1.5187E-05
 4.8738E+25  3.9220E-05  9.9996E-01  7.0114E+03  8.1828E-05  1.1527E-12  3.4691E-13  1.5075E-05
 4.8831E+25  3.9559E-05  9.9996E-01  7.0114E+03  8.1828E-05  1.1428E-12  3.4691E-13  1.4964E-05
 4.8923E+25  3.9888E-05  9.9996E-01  7.0114E+03  8.1828E-05  1.1331E-12  3.4691E-13  1.4855E-05
 4.9016E+25  3.9666E-05  9.9996E-01  7.0113E+03  8.1828E-05  1.1382E-12  3.4691E-13  1.4745E-05
 4.9109E+25  3.9832E-05  9.9996E-01  7.0113E+03  8.1828E-05  1.1351E-12  3.4691E-13  1.4638E-05
 4.9201E+25  4.0166E-05  9.9996E-01  7.0113E+03  8.1828E-05  1.1256E-12  3.4692E-13  1.4537E-05
 4.9294E+25  4.0509E-05  9.9996E-01  7.0113E+03  8.1828E-05  1.1160E-12  3.4692E-13  1.4438E-05
 4.9386E+25  4.0735E-05  9.9996E-01  7.0113E+03  8.1828E-05  1.1079E-12  3.4692E-13  1.4339E-05
 4.9479E+25  4.0442E-05  9.9996E-01  7.0113E+03  8.1828E-05  1.1181E-12  3.4692E-13  1.4239E-05
 4.9571E+25  4.0786E-05  9.9996E-01  7.0112E+03  8.1828E-05  1.1086E-12  3.4692E-13  1.4139E-05
 4.9664E+25  4.1125E-05  9.9996E-01  7.0112E+03  8.1828E-05  1.0995E-12  3.4692E-13  1.4039E-05
 4.9757E+25  4.1469E-05  9.9996E-01  7.0112E+03  8.1828E-05  1.0902E-12  3.4692E-13  1.3940E-05
 4.9849E+25  4.1439E-05  9.9996E-01  7.0112E+03  8.1828E-05  1.0893E-12  3.4692E-13  1.3840E-05
 4.9942E+25  4.1405E-05  9.9996E-01  7.0112E+03  8.1828E-05  1.0923E-12  3.4692E-13  1.3740E-05
 5.0034E+25  4.1752E-05  9.9996E-01  7.0112E+03  8.1828E-05  1.0831E-12  3.4692E-13  1.3642E-05
 5.0127E+25  4.2096E-05  9.9996E-01  7.0111E+03  8.1828E-05  1.0743E-12  3.4692E-13  1.3544E-05
 5.0219E+25  4.2432E-05  9.9996E-01  7.0111E+03  8.1828E-05  1.0653E-12  3.4692E-13  1.3447E-05
 5.0312E+25  4.2182E-05  9.9996E-01  7.0111E+03  8.1828E-05  1.0705E-12  3.4692E-13  1.3354E-05
 5.0405E+25  4.2381E-05  9.9996E-01  7.0111E+03  8.1828E-05  1.0673E-12  3.4692E-13  1.3265E-05
 5.0497E+25  4.2731E-05  9.9996E-01  7.0111E+03  8.1828E-05  1.0585E-12  3.4692E-13  1.3176E-05
 5.0590E+25  4.3079E-05  9.9996E-01  7.0111E+03  8.1828E-05  1.0499E-12  3.4692E-13  1.3087E-05
 5.0682E+25  4.3357E-05  9.9996E-01  7.0111E+03  8.1828E-05  1.0412E-12  3.4693E-13  1.2999E-05
 5.0775E+25  4.3011E-05  9.9996E-01  7.0110E+03  8.1828E-05  1.0516E-12  3.4693E-13  1.2910E-05
 5.0867E+25  4.3370E-05  9.9996E-01  7.0110E+03  8.1828E-05  1.0432E-12  3.4693E-13  1.2821E-05
 5.0960E+25  4.3723E-05  9.9996E-01  7.0110E+03  8.1828E-05  1.0346E-12  3.4693E-13  1.2732E-05
 5.1053E+25  4.4072E-05  9.9996E-01  7.0110E+03  8.1828E-05  1.0263E-12  3.4693E-13  1.2643E-05
 5.1145E+25  4.4162E-05  9.9996E-01  7.0110E+03  8.1828E-05  1.0221E-12  3.4693E-13  1.2555E-05
 5.1238E+25  4.4007E-05  9.9996E-01  7.0110E+03  8.1828E-05  1.0283E-12  3.4693E-13  1.2466E-05
 5.1330E+25  4.4372E-05  9.9996E-01  7.0110E+03  8.1828E-05  1.0198E-12  3.4693E-13  1.2380E-05
 5.1423E+25  4.4728E-05  9.9996E-01  7.0109E+03  8.1828E-05  1.0116E-12  3.4693E-13  1.2292E-05
 5.1515E+25  4.5075E-05  9.9995E-01  7.0109E+03  8.1828E-05  1.0035E-12  3.4693E-13  1.2209E-05
 5.1608E+25  4.5006E-05  9.9995E-01  7.0109E+03  8.1828E-05  1.0033E-12  3.4693E-13  1.2130E-05
 5.1701E+25  4.5019E-05  9.9995E-01  7.0109E+03  8.1828E-05  1.0055E-12  3.4693E-13  1.2051E-05
 5.1793E+25  4.5388E-05  9.9995E-01  7.0109E+03  8.1828E-05  9.9725E-13  3.4693E-13  1.1973E-05
 5.1886E+25  4.5747E-05  9.9995E-01  7.0109E+03  8.1828E-05  9.8925E-13  3.4693E-13  1.1893E-05
 5.1978E+25  4.6087E-05  9.9995E-01  7.0109E+03  8.1828E-05  9.8147E-13  3.4693E-13  1.1814E-05
 5.2071E+25  4.5891E-05  9.9995E-01  7.0108E+03  8.1828E-05  9.8434E-13  3.4693E-13  1.1734E-05
 5.2163E+25  4.6046E-05  9.9995E-01  7.0108E+03  8.1828E-05  9.8334E-13  3.4693E-13  1.1655E-05
 5.2256E+25  4.6419E-05  9.9995E-01  7.0108E+03  8.1828E-05  9.7539E-13  3.4694E-13  1.1577E-05
 5.2349E+25  4.6780E-05  9.9995E-01  7.0108E+03  8.1828E-05  9.6763E-13  3.4694E-13  1.1497E-05
 5.2441E+25  4.7104E-05  9.9995E-01  7.0108E+03  8.1828E-05  9.6011E-13  3.4694E-13  1.1419E-05
 5.2534E+25  4.6825E-05  9.9995E-01  7.0108E+03  8.1828E-05  9.6539E-13  3.4694E-13  1.1341E-05
 5.2626E+25  4.7089E-05  9.9995E-01  7.0108E+03  8.1828E-05  9.6191E-13  3.4694E-13  1.1263E-05
 5.2719E+25  4.7465E-05  9.9995E-01  7.0107E+03  8.1828E-05  9.5422E-13  3.4694E-13  1.1187E-05
 5.2811E+25  4.7829E-05  9.9995E-01  7.0107E+03  8.1828E-05  9.4667E-13  3.4694E-13  1.1115E-05
 5.2904E+25  4.8122E-05  9.9995E-01  7.0107E+03  8.1828E-05  9.3943E-13  3.4694E-13  1.1045E-05
 5.2997E+25  4.7812E-05  9.9995E-01  7.0107E+03  8.1828E-05  9.4642E-13  3.4694E-13  1.0975E-05
 5.3089E+25  4.8148E-05  9.9995E-01  7.0107E+03  8.1828E-05  9.4112E-13  3.4694E-13  1.0905E-05
 5.3182E+25  4.8528E-05  9.9995E-01  7.0107E+03  8.1828E-05  9.3370E-13  3.4694E-13  1.0834E-05
 5.3274E+25  4.8893E-05  9.9995E-01  7.0107E+03  8.1828E-05  9.2637E-13  3.4694E-13  1.0763E-05
 5.3367E+25  4.9144E-05  9.9995E-01  7.0106E+03  8.1828E-05  9.1936E-13  3.4694E-13  1.0693E-05
 5.3459E+25  4.8854E-05  9.9995E-01  7.0106E+03  8.1828E-05  9.2747E-13  3.4694E-13  1.0622E-05
 5.3552E+25  4.9225E-05  9.9995E-01  7.0106E+03  8.1828E-05  9.2094E-13  3.4694E-13  1.0552E-05
 5.3645E+25  4.9607E-05  9.9995E-01  7.0106E+03  8.1828E-05  9.1382E-13  3.4694E-13  1.0482E-05
 5.3737E+25  4.9975E-05  9.9995E-01  7.0106E+03  8.1828E-05  9.0667E-13  3.4694E-13  1.0412E-05
 5.3830E+25  5.0179E-05  9.9995E-01  7.0106E+03  8.1828E-05  9.0020E-13  3.4694E-13  1.0342E-05
 5.3922E+25  4.9942E-05  9.9995E-01  7.0106E+03  8.1828E-05  9.0822E-13  3.4694E-13  1.0273E-05
 5.4015E+25  5.0322E-05  9.9995E-01  7.0106E+03  8.1828E-05  9.0134E-13  3.4695E-13  1.0205E-05
 5.4107E+25  5.0705E-05  9.9995E-01  7.0105E+03  8.1828E-05  8.9453E-13  3.4695E-13  1.0142E-05
 5.4200E+25  5.1075E-05  9.9995E-01  7.0105E+03  8.1828E-05  8.8757E-13  3.4695E-13  1.0080E-05
 5.4292E+25  5.1253E-05  9.9995E-01  7.0105E+03  8.1828E-05  8.8160E-13  3.4695E-13  1.0018E-05
 5.4385E+25  5.1054E-05  9.9995E-01  7.0105E+03  8.1828E-05  8.8903E-13  3.4695E-13  9.9555E-06
 5.4478E+25  5.1439E-05  9.9995E-01  7.0105E+03  8.1828E-05  8.8232E-13  3.4695E-13  9.8924E-06
 5.4570E+25  5.1822E-05  9.9995E-01  7.0105E+03  8.1828E-05  8.7578E-13  3.4695E-13  9.8298E-06
 5.4663E+25  5.2194E-05  9.9995E-01  7.0105E+03  8.1828E-05  8.6902E-13  3.4695E-13  9.7674E-06
 5.4755E+25  5.2371E-05  9.9995E-01  7.0104E+03  8.1828E-05  8.6309E-13  3.4695E-13  9.7040E-06
 5.4848E+25  5.2186E-05  9.9995E-01  7.0104E+03  8.1828E-05  8.7040E-13  3.4695E-13  9.6411E-06
 5.4940E+25  5.2577E-05  9.9995E-01  7.0104E+03  8.1828E-05  8.6383E-13  3.4695E-13  9.5785E-06
 5.5033E+25  5.2961E-05  9.9995E-01  7.0104E+03  8.1828E-05  8.5752E-13  3.4695E-13  9.5163E-06
 5.5126E+25  5.3336E-05  9.9995E-01  7.0104E+03  8.1828E-05  8.5099E-13  3.4695E-13  9.4546E-06
 5.5218E+25  5.3530E-05  9.9995E-01  7.0104E+03  8.1828E-05  8.4470E-13  3.4695E-13  9.3922E-06
 5.5311E+25  5.3339E-05  9.9995E-01  7.0104E+03  8.1828E-05  8.5231E-13  3.4695E-13  9.3317E-06
 5.5403E+25  5.3738E-05  9.9995E-01  7.0104E+03  8.1828E-05  8.4589E-13  3.4695E-13  9.2754E-06
 5.5496E+25  5.4125E-05  9.9995E-01  7.0103E+03  8.1828E-05  8.3970E-13  3.4695E-13  9.2188E-06
 5.5588E+25  5.4500E-05  9.9995E-01  7.0103E+03  8.1828E-05  8.3350E-13  3.4695E-13  9.1643E-06
 5.5681E+25  5.4727E-05  9.9995E-01  7.0103E+03  8.1828E-05  8.2721E-13  3.4695E-13  9.1086E-06
 5.5774E+25  5.4524E-05  9.9995E-01  7.0103E+03  8.1828E-05  8.3392E-13  3.4696E-13  9.0528E-06
 5.5866E+25  5.4923E-05  9.9995E-01  7.0103E+03  8.1828E-05  8.2843E-13  3.4696E-13  8.9971E-06
 5.5959E+25  5.5316E-05  9.9994E-01  7.0103E+03  8.1828E-05  8.2237E-13  3.4696E-13  8.9412E-06
 5.6051E+25  5.5690E-05  9.9994E-01  7.0103E+03  8.1828E-05  8.1646E-13  3.4696E-13  8.8854E-06
 5.6144E+25  5.5949E-05  9.9994E-01  7.0103E+03  8.1828E-05  8.1034E-13  3.4696E-13  8.8299E-06
 5.6236E+25  5.5754E-05  9.9994E-01  7.0103E+03  8.1828E-05  8.1553E-13  3.4696E-13  8.7736E-06
 5.6329E+25  5.6133E-05  9.9994E-01  7.0102E+03  8.1828E-05  8.1147E-13  3.4696E-13  8.7174E-06
 5.6422E+25  5.6532E-05  9.9994E-01  7.0102E+03  8.1828E-05  8.0552E-13  3.4696E-13  8.6624E-06
 5.6514E+25  5.6908E-05  9.9994E-01  7.0102E+03  8.1828E-05  7.9980E-13  3.4696E-13  8.6071E-06
 5.6607E+25  5.7195E-05  9.9994E-01  7.0102E+03  8.1828E-05  7.9391E-13  3.4696E-13  8.5521E-06
 5.6699E+25  5.7031E-05  9.9994E-01  7.0102E+03  8.1828E-05  7.9735E-13  3.4696E-13  8.4997E-06
 5.6792E+25  5.7369E-05  9.9994E-01  7.0102E+03  8.1828E-05  7.9496E-13  3.4696E-13  8.4497E-06
 5.6884E+25  5.7777E-05  9.9994E-01  7.0102E+03  8.1828E-05  7.8913E-13  3.4696E-13  8.4003E-06
 5.6977E+25  5.8159E-05  9.9994E-01  7.0102E+03  8.1828E-05  7.8349E-13  3.4696E-13  8.3512E-06
 5.7070E+25  5.8466E-05  9.9994E-01  7.0101E+03  8.1828E-05  7.7795E-13  3.4696E-13  8.3016E-06
 5.7162E+25  5.8356E-05  9.9994E-01  7.0101E+03  8.1828E-05  7.7947E-13  3.4696E-13  8.2522E-06
 5.7255E+25  5.8638E-05  9.9994E-01  7.0101E+03  8.1828E-05  7.7874E-13  3.4696E-13  8.2024E-06
 5.7347E+25  5.9050E-05  9.9994E-01  7.0101E+03  8.1828E-05  7.7317E-13  3.4696E-13  8.1528E-06
 5.7440E+25  5.9441E-05  9.9994E-01  7.0101E+03  8.1828E-05  7.6764E-13  3.4696E-13  8.1033E-06
 5.7532E+25  5.9766E-05  9.9994E-01  7.0101E+03  8.1828E-05  7.6230E-13  3.4696E-13  8.0535E-06
 5.7625E+25  5.9728E-05  9.9994E-01  7.0101E+03  8.1828E-05  7.6184E-13  3.4696E-13  8.0040E-06
 5.7718E+25  5.9940E-05  9.9994E-01  7.0101E+03  8.1828E-05  7.6290E-13  3.4697E-13  7.9544E-06
 5.7810E+25  6.0355E-05  9.9994E-01  7.0100E+03  8.1828E-05  7.5767E-13  3.4697E-13  7.9046E-06
 5.7903E+25  6.0757E-05  9.9994E-01  7.0100E+03  8.1828E-05  7.5221E-13  3.4697E-13  7.8554E-06
 5.7995E+25  6.1098E-05  9.9994E-01  7.0100E+03  8.1828E-05  7.4694E-13  3.4697E-13  7.8063E-06
 5.8088E+25  6.1148E-05  9.9994E-01  7.0100E+03  8.1828E-05  7.4450E-13  3.4697E-13  7.7598E-06
 5.8180E+25  6.1278E-05  9.9994E-01  7.0100E+03  8.1828E-05  7.4755E-13  3.4697E-13  7.7155E-06
 5.8273E+25  6.1697E-05  9.9994E-01  7.0100E+03  8.1828E-05  7.4238E-13  3.4697E-13  7.6709E-06
 5.8366E+25  6.2106E-05  9.9994E-01  7.0100E+03  8.1828E-05  7.3717E-13  3.4697E-13  7.6278E-06
 5.8458E+25  6.2467E-05  9.9994E-01  7.0100E+03  8.1828E-05  7.3200E-13  3.4697E-13  7.5839E-06
 5.8551E+25  6.2619E-05  9.9994E-01  7.0099E+03  8.1828E-05  7.2736E-13  3.4697E-13  7.5394E-06
 5.8643E+25  6.2648E-05  9.9994E-01  7.0099E+03  8.1828E-05  7.3259E-13  3.4697E-13  7.4955E-06
 5.8736E+25  6.3077E-05  9.9994E-01  7.0099E+03  8.1828E-05  7.2742E-13  3.4697E-13  7.4513E-06
 5.8828E+25  6.3492E-05  9.9994E-01  7.0099E+03  8.1828E-05  7.2254E-13  3.4697E-13  7.4072E-06
 5.8921E+25  6.3872E-05  9.9994E-01  7.0099E+03  8.1828E-05  7.1743E-13  3.4697E-13  7.3631E-06
 5.9014E+25  6.4113E-05  9.9994E-01  7.0099E+03  8.1828E-05  7.1249E-13  3.4697E-13  7.3188E-06
 5.9106E+25  6.4087E-05  9.9994E-01  7.0099E+03  8.1828E-05  7.1593E-13  3.4697E-13  7.2745E-06
 5.9199E+25  6.4498E-05  9.9994E-01  7.0099E+03  8.1828E-05  7.1294E-13  3.4697E-13  7.2307E-06
 5.9291E+25  6.4918E-05  9.9994E-01  7.0098E+03  8.1828E-05  7.0807E-13  3.4697E-13  7.1869E-06
 5.9384E+25  6.5312E-05  9.9993E-01  7.0098E+03  8.1828E-05  7.0323E-13  3.4697E-13  7.1426E-06
 5.9476E+25  6.5613E-05  9.9993E-01  7.0098E+03  8.1828E-05  6.9836E-13  3.4697E-13  7.0997E-06
 5.9569E+25  6.5618E-05  9.9993E-01  7.0098E+03  8.1828E-05  6.9909E-13  3.4697E-13  7.0601E-06
 5.9662E+25  6.5956E-05  9.9993E-01  7.0098E+03  8.1828E-05  6.9879E-13  3.4698E-13  7.0204E-06
 5.9754E+25  6.6391E-05  9.9993E-01  7.0098E+03  8.1828E-05  6.9394E-13  3.4698E-13  6.9817E-06
 5.9847E+25  6.6794E-05  9.9993E-01  7.0098E+03  8.1828E-05  6.8935E-13  3.4698E-13  6.9428E-06
 5.9939E+25  6.7137E-05  9.9993E-01  7.0098E+03  8.1828E-05  6.8458E-13  3.4698E-13  6.9037E-06
 6.0032E+25  6.7222E-05  9.9993E-01  7.0098E+03  8.1828E-05  6.8255E-13  3.4698E-13  6.8646E-06
 6.0124E+25  6.7460E-05  9.9993E-01  7.0097E+03  8.1828E-05  6.8494E-13  3.4698E-13  6.8249E-06
 6.0217E+25  6.7906E-05  9.9993E-01  7.0097E+03  8.1828E-05  6.8023E-13  3.4698E-13  6.7858E-06
 6.0310E+25  6.8325E-05  9.9993E-01  7.0097E+03  8.1828E-05  6.7561E-13  3.4698E-13  6.7468E-06
 6.0402E+25  6.8693E-05  9.9993E-01  7.0097E+03  8.1828E-05  6.7115E-13  3.4698E-13  6.7072E-06
 6.0495E+25  6.8893E-05  9.9993E-01  7.0097E+03  8.1828E-05  6.6656E-13  3.4698E-13  6.6680E-06
 6.0587E+25  6.9013E-05  9.9993E-01  7.0097E+03  8.1828E-05  6.7109E-13  3.4698E-13  6.6287E-06
 6.0680E+25  6.9467E-05  9.9993E-01  7.0097E+03  8.1828E-05  6.6684E-13  3.4698E-13  6.5895E-06
 6.0772E+25  6.9903E-05  9.9993E-01  7.0097E+03  8.1828E-05  6.6227E-13  3.4698E-13  6.5505E-06
 6.0865E+25  7.0292E-05  9.9993E-01  7.0096E+03  8.1828E-05  6.5790E-13  3.4698E-13  6.5115E-06
 6.0958E+25  7.0580E-05  9.9993E-01  7.0096E+03  8.1828E-05  6.5349E-13  3.4698E-13  6.4740E-06
 6.1050E+25  7.0665E-05  9.9993E-01  7.0096E+03  8.1828E-05  6.5507E-13  3.4698E-13  6.4382E-06
 6.1143E+25  7.1080E-05  9.9993E-01  7.0096E+03  8.1828E-05  6.5359E-13  3.4698E-13  6.4030E-06
 6.1235E+25  7.1529E-05  9.9993E-01  7.0096E+03  8.1828E-05  6.4925E-13  3.4698E-13  6.3687E-06
 6.1328E+25  7.1943E-05  9.9993E-01  7.0096E+03  8.1828E-05  6.4486E-13  3.4698E-13  6.3342E-06
 6.1420E+25  7.2278E-05  9.9993E-01  7.0096E+03  8.1828E-05  6.4072E-13  3.4698E-13  6.2994E-06
 6.1513E+25  7.2415E-05  9.9993E-01  7.0096E+03  8.1828E-05  6.3942E-13  3.4698E-13  6.2644E-06
 6.1606E+25  7.2749E-05  9.9993E-01  7.0096E+03  8.1828E-05  6.4060E-13  3.4699E-13  6.2297E-06
 6.1698E+25  7.3208E-05  9.9993E-01  7.0095E+03  8.1828E-05  6.3645E-13  3.4699E-13  6.1949E-06
 6.1791E+25  7.3644E-05  9.9993E-01  7.0095E+03  8.1828E-05  6.3222E-13  3.4699E-13  6.1596E-06
 6.1883E+25  7.4018E-05  9.9993E-01  7.0095E+03  8.1828E-05  6.2802E-13  3.4699E-13  6.1250E-06
 6.1976E+25  7.4245E-05  9.9993E-01  7.0095E+03  8.1828E-05  6.2421E-13  3.4699E-13  6.0898E-06
 6.2068E+25  7.4475E-05  9.9993E-01  7.0095E+03  8.1828E-05  6.2790E-13  3.4699E-13  6.0548E-06
 6.2161E+25  7.4947E-05  9.9993E-01  7.0095E+03  8.1828E-05  6.2380E-13  3.4699E-13  6.0200E-06
 6.2254E+25  7.5396E-05  9.9992E-01  7.0095E+03  8.1828E-05  6.1981E-13  3.4699E-13  5.9852E-06
 6.2346E+25  7.5806E-05  9.9992E-01  7.0095E+03  8.1828E-05  6.1571E-13  3.4699E-13  5.9503E-06
 6.2439E+25  7.6113E-05  9.9992E-01  7.0094E+03  8.1828E-05  6.1172E-13  3.4699E-13  5.9162E-06
 6.2531E+25  7.6295E-05  9.9992E-01  7.0094E+03  8.1828E-05  6.1303E-13  3.4699E-13  5.8847E-06
 6.2624E+25  7.6745E-05  9.9992E-01  7.0094E+03  8.1828E-05  6.1146E-13  3.4699E-13  5.8533E-06
 6.2716E+25  7.7213E-05  9.9992E-01  7.0094E+03  8.1828E-05  6.0751E-13  3.4699E-13  5.8221E-06
 6.2809E+25  7.7643E-05  9.9992E-01  7.0094E+03  8.1828E-05  6.0365E-13  3.4699E-13  5.7917E-06
 6.2902E+25  7.8011E-05  9.9992E-01  7.0094E+03  8.1828E-05  5.9969E-13  3.4699E-13  5.7610E-06
 6.2994E+25  7.8221E-05  9.9992E-01  7.0094E+03  8.1828E-05  5.9831E-13  3.4699E-13  5.7298E-06
 6.3087E+25  7.8608E-05  9.9992E-01  7.0094E+03  8.1828E-05  5.9936E-13  3.4699E-13  5.6990E-06
 6.3179E+25  7.9088E-05  9.9992E-01  7.0093E+03  8.1828E-05  5.9550E-13  3.4699E-13  5.6678E-06
 6.3272E+25  7.9544E-05  9.9992E-01  7.0093E+03  8.1828E-05  5.9170E-13  3.4699E-13  5.6369E-06
 6.3364E+25  7.9948E-05  9.9992E-01  7.0093E+03  8.1828E-05  5.8795E-13  3.4699E-13  5.6061E-06
 6.3457E+25  8.0243E-05  9.9992E-01  7.0093E+03  8.1828E-05  5.8412E-13  3.4700E-13  5.5745E-06
 6.3550E+25  8.0533E-05  9.9992E-01  7.0093E+03  8.1828E-05  5.8730E-13  3.4700E-13  5.5435E-06
 6.3642E+25  8.1034E-05  9.9992E-01  7.0093E+03  8.1828E-05  5.8370E-13  3.4700E-13  5.5125E-06
 6.3735E+25  8.1508E-05  9.9992E-01  7.0093E+03  8.1828E-05  5.7999E-13  3.4700E-13  5.4813E-06
 6.3827E+25  8.1944E-05  9.9992E-01  7.0093E+03  8.1828E-05  5.7634E-13  3.4700E-13  5.4504E-06
 6.3920E+25  8.2304E-05  9.9992E-01  7.0092E+03  8.1828E-05  5.7270E-13  3.4700E-13  5.4194E-06
 6.4012E+25  8.2571E-05  9.9992E-01  7.0092E+03  8.1828E-05  5.7305E-13  3.4700E-13  5.3896E-06
 6.4105E+25  8.3044E-05  9.9992E-01  7.0092E+03  8.1828E-05  5.7219E-13  3.4700E-13  5.3617E-06
 6.4198E+25  8.3542E-05  9.9992E-01  7.0092E+03  8.1828E-05  5.6849E-13  3.4700E-13  5.3338E-06
 6.4290E+25  8.4003E-05  9.9992E-01  7.0092E+03  8.1828E-05  5.6492E-13  3.4700E-13  5.3066E-06
 6.4383E+25  8.4411E-05  9.9992E-01  7.0092E+03  8.1828E-05  5.6141E-13  3.4700E-13  5.2796E-06
 6.4475E+25  8.4715E-05  9.9992E-01  7.0092E+03  8.1828E-05  5.5936E-13  3.4700E-13  5.2519E-06
 6.4568E+25  8.5130E-05  9.9991E-01  7.0092E+03  8.1828E-05  5.6071E-13  3.4700E-13  5.2244E-06
 6.4660E+25  8.5642E-05  9.9991E-01  7.0091E+03  8.1828E-05  5.5727E-13  3.4700E-13  5.1969E-06
 6.4753E+25  8.6133E-05  9.9991E-01  7.0091E+03  8.1828E-05  5.5371E-13  3.4700E-13  5.1693E-06
 6.4846E+25  8.6578E-05  9.9991E-01  7.0091E+03  8.1828E-05  5.5026E-13  3.4700E-13  5.1418E-06
 6.4938E+25  8.6944E-05  9.9991E-01  7.0091E+03  8.1828E-05  5.4688E-13  3.4700E-13  5.1142E-06
 6.5031E+25  8.7295E-05  9.9991E-01  7.0091E+03  8.1828E-05  5.4867E-13  3.4700E-13  5.0866E-06
 6.5123E+25  8.7822E-05  9.9991E-01  7.0091E+03  8.1828E-05  5.4611E-13  3.4700E-13  5.0589E-06
 6.5216E+25  8.8332E-05  9.9991E-01  7.0091E+03  8.1828E-05  5.4275E-13  3.4700E-13  5.0310E-06
 6.5308E+25  8.8812E-05  9.9991E-01  7.0091E+03  8.1828E-05  5.3934E-13  3.4701E-13  5.0036E-06
 6.5401E+25  8.9230E-05  9.9991E-01  7.0090E+03  8.1828E-05  5.3600E-13  3.4701E-13  4.9758E-06
 6.5494E+25  8.9578E-05  9.9991E-01  7.0090E+03  8.1828E-05  5.3554E-13  3.4701E-13  4.9482E-06
 6.5586E+25  9.0077E-05  9.9991E-01  7.0090E+03  8.1828E-05  5.3518E-13  3.4701E-13  4.9214E-06
 6.5679E+25  9.0609E-05  9.9991E-01  7.0090E+03  8.1828E-05  5.3190E-13  3.4701E-13  4.8964E-06
 6.5771E+25  9.1115E-05  9.9991E-01  7.0090E+03  8.1828E-05  5.2862E-13  3.4701E-13  4.8714E-06
 6.5864E+25  9.1579E-05  9.9991E-01  7.0090E+03  8.1828E-05  5.2536E-13  3.4701E-13  4.8470E-06
 6.5956E+25  9.1962E-05  9.9991E-01  7.0090E+03  8.1828E-05  5.2272E-13  3.4701E-13  4.8232E-06
 6.6049E+25  9.2415E-05  9.9991E-01  7.0090E+03  8.1828E-05  5.2444E-13  3.4701E-13  4.7990E-06
 6.6142E+25  9.2967E-05  9.9991E-01  7.0089E+03  8.1828E-05  5.2121E-13  3.4701E-13  4.7746E-06
 6.6234E+25  9.3496E-05  9.9991E-01  7.0089E+03  8.1828E-05  5.1806E-13  3.4701E-13  4.7498E-06
 6.6327E+25  9.3992E-05  9.9991E-01  7.0089E+03  8.1828E-05  5.1487E-13  3.4701E-13  4.7255E-06
 6.6419E+25  9.4436E-05  9.9991E-01  7.0089E+03  8.1828E-05  5.1174E-13  3.4701E-13  4.7011E-06
 6.6512E+25  9.4850E-05  9.9991E-01  7.0089E+03  8.1828E-05  5.1243E-13  3.4701E-13  4.6765E-06
 6.6604E+25  9.5406E-05  9.9990E-01  7.0089E+03  8.1828E-05  5.1072E-13  3.4701E-13  4.6520E-06
 6.6697E+25  9.5958E-05  9.9990E-01  7.0089E+03  8.1828E-05  5.0761E-13  3.4701E-13  4.6273E-06
 6.6789E+25  9.6487E-05  9.9990E-01  7.0088E+03  8.1828E-05  5.0458E-13  3.4701E-13  4.6028E-06
 6.6882E+25  9.6971E-05  9.9990E-01  7.0088E+03  8.1828E-05  5.0150E-13  3.4701E-13  4.5783E-06
 6.6975E+25  9.7398E-05  9.9990E-01  7.0088E+03  8.1828E-05  5.0029E-13  3.4701E-13  4.5533E-06
 6.7067E+25  9.7933E-05  9.9990E-01  7.0088E+03  8.1828E-05  5.0033E-13  3.4702E-13  4.5290E-06
 6.7160E+25  9.8506E-05  9.9990E-01  7.0088E+03  8.1828E-05  4.9737E-13  3.4702E-13  4.5043E-06
 6.7252E+25  9.9056E-05  9.9990E-01  7.0088E+03  8.1828E-05  4.9437E-13  3.4702E-13  4.4811E-06
 6.7345E+25  9.9581E-05  9.9990E-01  7.0088E+03  8.1828E-05  4.9145E-13  3.4702E-13  4.4589E-06
 6.7437E+25  1.0005E-04  9.9990E-01  7.0087E+03  8.1828E-05  4.8848E-13  3.4702E-13  4.4367E-06
 6.7530E+25  1.0055E-04  9.9990E-01  7.0087E+03  8.1828E-05  4.9018E-13  3.4702E-13  4.4153E-06
 6.7623E+25  1.0114E-04  9.9990E-01  7.0087E+03  8.1828E-05  4.8722E-13  3.4702E-13  4.3941E-06
 6.7715E+25  1.0171E-04  9.9990E-01  7.0087E+03  8.1828E-05  4.8436E-13  3.4702E-13  4.3726E-06
 6.7808E+25  1.0227E-04  9.9990E-01  7.0087E+03  8.1828E-05  4.8147E-13  3.4702E-13  4.3509E-06
 6.7900E+25  1.0278E-04  9.9990E-01  7.0087E+03  8.1828E-05  4.7866E-13  3.4702E-13  4.3292E-06
 6.7993E+25  1.0327E-04  9.9990E-01  7.0087E+03  8.1828E-05  4.7858E-13  3.4702E-13  4.3075E-06
 6.8085E+25  1.0387E-04  9.9990E-01  7.0086E+03  8.1828E-05  4.7730E-13  3.4702E-13  4.2856E-06
 6.8178E+25  1.0447E-04  9.9990E-01  7.0086E+03  8.1828E-05  4.7445E-13  3.4702E-13  4.2639E-06
 6.8271E+25  1.0504E-04  9.9989E-01  7.0086E+03  8.1828E-05  4.7169E-13  3.4702E-13  4.2422E-06
 6.8363E+25  1.0559E-04  9.9989E-01  7.0086E+03  8.1828E-05  4.6890E-13  3.4702E-13  4.2202E-06
 6.8456E+25  1.0610E-04  9.9989E-01  7.0086E+03  8.1828E-05  4.6738E-13  3.4702E-13  4.1982E-06
 6.8548E+25  1.0668E-04  9.9989E-01  7.0086E+03  8.1828E-05  4.6750E-13  3.4702E-13  4.1764E-06
 6.8641E+25  1.0731E-04  9.9989E-01  7.0086E+03  8.1828E-05  4.6476E-13  3.4703E-13  4.1547E-06
 6.8733E+25  1.0791E-04  9.9989E-01  7.0085E+03  8.1828E-05  4.6200E-13  3.4703E-13  4.1327E-06
 6.8826E+25  1.0848E-04  9.9989E-01  7.0085E+03  8.1828E-05  4.5934E-13  3.4703E-13  4.1106E-06
 6.8919E+25  1.0903E-04  9.9989E-01  7.0085E+03  8.1828E-05  4.5666E-13  3.4703E-13  4.0899E-06
 6.9011E+25  1.0959E-04  9.9989E-01  7.0085E+03  8.1828E-05  4.5767E-13  3.4703E-13  4.0700E-06
 6.9104E+25  1.1023E-04  9.9989E-01  7.0085E+03  8.1828E-05  4.5518E-13  3.4703E-13  4.0501E-06
 6.9196E+25  1.1086E-04  9.9989E-01  7.0085E+03  8.1828E-05  4.5253E-13  3.4703E-13  4.0309E-06
 6.9289E+25  1.1147E-04  9.9989E-01  7.0085E+03  8.1828E-05  4.4987E-13  3.4703E-13  4.0122E-06
 6.9381E+25  1.1204E-04  9.9989E-01  7.0084E+03  8.1828E-05  4.4730E-13  3.4703E-13  3.9931E-06
 6.9474E+25  1.1260E-04  9.9989E-01  7.0084E+03  8.1828E-05  4.4690E-13  3.4703E-13  3.9738E-06
 6.9567E+25  1.1325E-04  9.9989E-01  7.0084E+03  8.1828E-05  4.4579E-13  3.4703E-13  3.9547E-06
 6.9659E+25  1.1390E-04  9.9989E-01  7.0084E+03  8.1828E-05  4.4317E-13  3.4703E-13  3.9355E-06
 6.9752E+25  1.1453E-04  9.9989E-01  7.0084E+03  8.1828E-05  4.4062E-13  3.4703E-13  3.9162E-06
 6.9844E+25  1.1514E-04  9.9988E-01  7.0084E+03  8.1828E-05  4.3805E-13  3.4703E-13  3.8970E-06
 6.9937E+25  1.1573E-04  9.9988E-01  7.0084E+03  8.1828E-05  4.3649E-13  3.4703E-13  3.8775E-06
 7.0029E+25  1.1636E-04  9.9988E-01  7.0083E+03  8.1828E-05  4.3646E-13  3.4703E-13  3.8581E-06
 7.0122E+25  1.1703E-04  9.9988E-01  7.0083E+03  8.1828E-05  4.3400E-13  3.4703E-13  3.8386E-06
 7.0215E+25  1.1769E-04  9.9988E-01  7.0083E+03  8.1828E-05  4.3148E-13  3.4704E-13  3.8191E-06
 7.0307E+25  1.1833E-04  9.9988E-01  7.0083E+03  8.1828E-05  4.2901E-13  3.4704E-13  3.7996E-06
 7.0400E+25  1.1894E-04  9.9988E-01  7.0083E+03  8.1828E-05  4.2654E-13  3.4704E-13  3.7801E-06
 7.0492E+25  1.1957E-04  9.9988E-01  7.0083E+03  8.1828E-05  4.2713E-13  3.4704E-13  3.7607E-06
 7.0585E+25  1.2026E-04  9.9988E-01  7.0082E+03  8.1828E-05  4.2489E-13  3.4704E-13  3.7414E-06
 7.0677E+25  1.2094E-04  9.9988E-01  7.0082E+03  8.1828E-05  4.2251E-13  3.4704E-13  3.7231E-06
 7.0770E+25  1.2161E-04  9.9988E-01  7.0082E+03  8.1828E-05  4.2008E-13  3.4704E-13  3.7056E-06
 7.0863E+25  1.2225E-04  9.9988E-01  7.0082E+03  8.1828E-05  4.1770E-13  3.4704E-13  3.6879E-06
 7.0955E+25  1.2288E-04  9.9988E-01  7.0082E+03  8.1828E-05  4.1716E-13  3.4704E-13  3.6711E-06
 7.1048E+25  1.2358E-04  9.9988E-01  7.0082E+03  8.1828E-05  4.1593E-13  3.4704E-13  3.6544E-06
 7.1140E+25  1.2428E-04  9.9988E-01  7.0082E+03  8.1828E-05  4.1361E-13  3.4704E-13  3.6375E-06
 7.1233E+25  1.2497E-04  9.9988E-01  7.0081E+03  8.1828E-05  4.1132E-13  3.4704E-13  3.6203E-06
 7.1325E+25  1.2564E-04  9.9987E-01  7.0081E+03  8.1828E-05  4.0898E-13  3.4704E-13  3.6033E-06
 7.1418E+25  1.2629E-04  9.9987E-01  7.0081E+03  8.1828E-05  4.0754E-13  3.4704E-13  3.5862E-06
 7.1511E+25  1.2699E-04  9.9987E-01  7.0081E+03  8.1828E-05  4.0710E-13  3.4704E-13  3.5691E-06
 7.1603E+25  1.2771E-04  9.9987E-01  7.0081E+03  8.1828E-05  4.0486E-13  3.4704E-13  3.5521E-06
 7.1696E+25  1.2842E-04  9.9987E-01  7.0081E+03  8.1828E-05  4.0263E-13  3.4705E-13  3.5350E-06
 7.1788E+25  1.2911E-04  9.9987E-01  7.0080E+03  8.1828E-05  4.0042E-13  3.4705E-13  3.5177E-06
 7.1881E+25  1.2979E-04  9.9987E-01  7.0080E+03  8.1828E-05  3.9821E-13  3.4705E-13  3.5002E-06
 7.1973E+25  1.3049E-04  9.9987E-01  7.0080E+03  8.1828E-05  3.9846E-13  3.4705E-13  3.4830E-06
 7.2066E+25  1.3123E-04  9.9987E-01  7.0080E+03  8.1828E-05  3.9623E-13  3.4705E-13  3.4658E-06
 7.2159E+25  1.3196E-04  9.9987E-01  7.0080E+03  8.1828E-05  3.9407E-13  3.4705E-13  3.4484E-06
 7.2251E+25  1.3268E-04  9.9987E-01  7.0080E+03  8.1828E-05  3.9193E-13  3.4705E-13  3.4310E-06
 7.2344E+25  1.3338E-04  9.9987E-01  7.0079E+03  8.1828E-05  3.8980E-13  3.4705E-13  3.4136E-06
 7.2436E+25  1.3408E-04  9.9987E-01  7.0079E+03  8.1828E-05  3.8931E-13  3.4705E-13  3.3974E-06
 7.2529E+25  1.3483E-04  9.9987E-01  7.0079E+03  8.1828E-05  3.8780E-13  3.4705E-13  3.3817E-06
 7.2621E+25  1.3558E-04  9.9986E-01  7.0079E+03  8.1828E-05  3.8565E-13  3.4705E-13  3.3657E-06
 7.2714E+25  1.3632E-04  9.9986E-01  7.0079E+03  8.1828E-05  3.8357E-13  3.4705E-13  3.3507E-06
 7.2807E+25  1.3705E-04  9.9986E-01  7.0079E+03  8.1828E-05  3.8152E-13  3.4705E-13  3.3360E-06
 7.2899E+25  1.3776E-04  9.9986E-01  7.0078E+03  8.1828E-05  3.8037E-13  3.4705E-13  3.3210E-06
 7.2992E+25  1.3853E-04  9.9986E-01  7.0078E+03  8.1828E-05  3.7950E-13  3.4705E-13  3.3058E-06
 7.3084E+25  1.3929E-04  9.9986E-01  7.0078E+03  8.1828E-05  3.7742E-13  3.4706E-13  3.2908E-06
 7.3177E+25  1.4005E-04  9.9986E-01  7.0078E+03  8.1828E-05  3.7536E-13  3.4706E-13  3.2756E-06
 7.3269E+25  1.4080E-04  9.9986E-01  7.0078E+03  8.1828E-05  3.7335E-13  3.4706E-13  3.2604E-06
 7.3362E+25  1.4153E-04  9.9986E-01  7.0078E+03  8.1828E-05  3.7165E-13  3.4706E-13  3.2453E-06
 7.3455E+25  1.4229E-04  9.9986E-01  7.0077E+03  8.1828E-05  3.7134E-13  3.4706E-13  3.2301E-06
 7.3547E+25  1.4308E-04  9.9986E-01  7.0077E+03  8.1828E-05  3.6933E-13  3.4706E-13  3.2149E-06
 7.3640E+25  1.4386E-04  9.9986E-01  7.0077E+03  8.1828E-05  3.6733E-13  3.4706E-13  3.1996E-06
 7.3732E+25  1.4463E-04  9.9986E-01  7.0077E+03  8.1828E-05  3.6534E-13  3.4706E-13  3.1842E-06
 7.3825E+25  1.4539E-04  9.9985E-01  7.0077E+03  8.1828E-05  3.6341E-13  3.4706E-13  3.1687E-06
 7.3917E+25  1.4615E-04  9.9985E-01  7.0076E+03  8.1828E-05  3.6303E-13  3.4706E-13  3.1533E-06
 7.4010E+25  1.4695E-04  9.9985E-01  7.0076E+03  8.1828E-05  3.6136E-13  3.4706E-13  3.1380E-06
 7.4103E+25  1.4774E-04  9.9985E-01  7.0076E+03  8.1828E-05  3.5944E-13  3.4706E-13  3.1225E-06
 7.4195E+25  1.4852E-04  9.9985E-01  7.0076E+03  8.1828E-05  3.5751E-13  3.4706E-13  3.1072E-06
 7.4288E+25  1.4931E-04  9.9985E-01  7.0076E+03  8.1828E-05  3.5559E-13  3.4706E-13  3.0928E-06
 7.4380E+25  1.5007E-04  9.9985E-01  7.0076E+03  8.1828E-05  3.5467E-13  3.4707E-13  3.0789E-06
 7.4473E+25  1.5088E-04  9.9985E-01  7.0075E+03  8.1828E-05  3.5350E-13  3.4707E-13  3.0650E-06
 7.4565E+25  1.5169E-04  9.9985E-01  7.0075E+03  8.1828E-05  3.5166E-13  3.4707E-13  3.0515E-06
 7.4658E+25  1.5249E-04  9.9985E-01  7.0075E+03  8.1828E-05  3.4983E-13  3.4707E-13  3.0385E-06
 7.4751E+25  1.5330E-04  9.9985E-01  7.0075E+03  8.1828E-05  3.4797E-13  3.4707E-13  3.0252E-06
 7.4843E+25  1.5409E-04  9.9985E-01  7.0075E+03  8.1828E-05  3.4656E-13  3.4707E-13  3.0118E-06
 7.4936E+25  1.5489E-04  9.9985E-01  7.0075E+03  8.1828E-05  3.4576E-13  3.4707E-13  2.9983E-06
 7.5028E+25  1.5572E-04  9.9984E-01  7.0074E+03  8.1828E-05  3.4400E-13  3.4707E-13  2.9850E-06
 7.5121E+25  1.5653E-04  9.9984E-01  7.0074E+03  8.1828E-05  3.4224E-13  3.4707E-13  2.9715E-06
 7.5213E+25  1.5734E-04  9.9984E-01  7.0074E+03  8.1828E-05  3.4048E-13  3.4707E-13  2.9581E-06
 7.5306E+25  1.5815E-04  9.9984E-01  7.0074E+03  8.1828E-05  3.3874E-13  3.4707E-13  2.9446E-06
 7.5399E+25  1.5897E-04  9.9984E-01  7.0074E+03  8.1828E-05  3.3819E-13  3.4707E-13  2.9311E-06
 7.5491E+25  1.5980E-04  9.9984E-01  7.0073E+03  8.1828E-05  3.3646E-13  3.4707E-13  2.9175E-06
 7.5584E+25  1.6063E-04  9.9984E-01  7.0073E+03  8.1828E-05  3.3477E-13  3.4707E-13  2.9038E-06
 7.5676E+25  1.6146E-04  9.9984E-01  7.0073E+03  8.1828E-05  3.3309E-13  3.4708E-13  2.8902E-06
 7.5769E+25  1.6228E-04  9.9984E-01  7.0073E+03  8.1828E-05  3.3140E-13  3.4708E-13  2.8766E-06
 7.5861E+25  1.6311E-04  9.9984E-01  7.0073E+03  8.1828E-05  3.3052E-13  3.4708E-13  2.8628E-06
 7.5954E+25  1.6395E-04  9.9984E-01  7.0072E+03  8.1828E-05  3.2909E-13  3.4708E-13  2.8490E-06
 7.6047E+25  1.6479E-04  9.9984E-01  7.0072E+03  8.1828E-05  3.2742E-13  3.4708E-13  2.8354E-06
 7.6139E+25  1.6563E-04  9.9983E-01  7.0072E+03  8.1828E-05  3.2582E-13  3.4708E-13  2.8225E-06
 7.6232E+25  1.6646E-04  9.9983E-01  7.0072E+03  8.1828E-05  3.2421E-13  3.4708E-13  2.8099E-06
 7.6324E+25  1.6729E-04  9.9983E-01  7.0072E+03  8.1828E-05  3.2303E-13  3.4708E-13  2.7973E-06
 7.6417E+25  1.6815E-04  9.9983E-01  7.0072E+03  8.1828E-05  3.2192E-13  3.4708E-13  2.7853E-06
 7.6509E+25  1.6900E-04  9.9983E-01  7.0071E+03  8.1828E-05  3.2027E-13  3.4708E-13  2.7739E-06
 7.6602E+25  1.6985E-04  9.9983E-01  7.0071E+03  8.1828E-05  3.1867E-13  3.4708E-13  2.7620E-06
 7.6695E+25  1.7070E-04  9.9983E-01  7.0071E+03  8.1828E-05  3.1712E-13  3.4708E-13  2.7501E-06
 7.6787E+25  1.7155E-04  9.9983E-01  7.0071E+03  8.1828E-05  3.1573E-13  3.4708E-13  2.7383E-06
 7.6880E+25  1.7239E-04  9.9983E-01  7.0071E+03  8.1828E-05  3.1484E-13  3.4709E-13  2.7264E-06
 7.6972E+25  1.7326E-04  9.9983E-01  7.0070E+03  8.1828E-05  3.1329E-13  3.4709E-13  2.7144E-06
 7.7065E+25  1.7412E-04  9.9983E-01  7.0070E+03  8.1828E-05  3.1171E-13  3.4709E-13  2.7026E-06
 7.7157E+25  1.7497E-04  9.9983E-01  7.0070E+03  8.1828E-05  3.1018E-13  3.4709E-13  2.6906E-06
 7.7250E+25  1.7582E-04  9.9982E-01  7.0070E+03  8.1828E-05  3.0869E-13  3.4709E-13  2.6787E-06
 7.7343E+25  1.7668E-04  9.9982E-01  7.0070E+03  8.1828E-05  3.0781E-13  3.4709E-13  2.6666E-06
 7.7435E+25  1.7755E-04  9.9982E-01  7.0069E+03  8.1828E-05  3.0641E-13  3.4709E-13  2.6545E-06
 7.7528E+25  1.7841E-04  9.9982E-01  7.0069E+03  8.1828E-05  3.0494E-13  3.4709E-13  2.6424E-06
 7.7620E+25  1.7929E-04  9.9982E-01  7.0069E+03  8.1828E-05  3.0341E-13  3.4709E-13  2.6303E-06
 7.7713E+25  1.8014E-04  9.9982E-01  7.0069E+03  8.1828E-05  3.0195E-13  3.4709E-13  2.6182E-06
 7.7805E+25  1.8101E-04  9.9982E-01  7.0069E+03  8.1828E-05  3.0083E-13  3.4709E-13  2.6060E-06
 7.7898E+25  1.8188E-04  9.9982E-01  7.0068E+03  8.1828E-05  2.9965E-13  3.4709E-13  2.5938E-06
 7.7991E+25  1.8275E-04  9.9982E-01  7.0068E+03  8.1828E-05  2.9824E-13  3.4709E-13  2.5815E-06
 7.8083E+25  1.8362E-04  9.9982E-01  7.0068E+03  8.1828E-05  2.9684E-13  3.4710E-13  2.5702E-06
 7.8176E+25  1.8449E-04  9.9982E-01  7.0068E+03  8.1828E-05  2.9539E-13  3.4710E-13  2.5591E-06
 7.8268E+25  1.8537E-04  9.9981E-01  7.0068E+03  8.1828E-05  2.9408E-13  3.4710E-13  2.5479E-06
 7.8361E+25  1.8623E-04  9.9981E-01  7.0067E+03  8.1828E-05  2.9303E-13  3.4710E-13  2.5372E-06
 7.8453E+25  1.8711E-04  9.9981E-01  7.0067E+03  8.1828E-05  2.9167E-13  3.4710E-13  2.5269E-06
 7.8546E+25  1.8799E-04  9.9981E-01  7.0067E+03  8.1828E-05  2.9033E-13  3.4710E-13  2.5167E-06
 7.8638E+25  1.8887E-04  9.9981E-01  7.0067E+03  8.1828E-05  2.8899E-13  3.4710E-13  2.5062E-06
 7.8731E+25  1.8974E-04  9.9981E-01  7.0067E+03  8.1828E-05  2.8761E-13  3.4710E-13  2.4955E-06
 7.8824E+25  1.9062E-04  9.9981E-01  7.0066E+03  8.1828E-05  2.8653E-13  3.4710E-13  2.4850E-06
 7.8916E+25  1.9150E-04  9.9981E-01  7.0066E+03  8.1828E-05  2.8525E-13  3.4710E-13  2.4745E-06
 7.9009E+25  1.9238E-04  9.9981E-01  7.0066E+03  8.1828E-05  2.8395E-13  3.4710E-13  2.4639E-06
 7.9101E+25  1.9325E-04  9.9981E-01  7.0066E+03  8.1828E-05  2.8267E-13  3.4710E-13  2.4533E-06
 7.9194E+25  1.9414E-04  9.9981E-01  7.0066E+03  8.1828E-05  2.8139E-13  3.4710E-13  2.4427E-06
 7.9286E+25  1.9501E-04  9.9980E-01  7.0066E+03  8.1828E-05  2.8020E-13  3.4711E-13  2.4320E-06
 7.9379E+25  1.9589E-04  9.9980E-01  7.0065E+03  8.1828E-05  2.7897E-13  3.4711E-13  2.4213E-06
 7.9472E+25  1.9677E-04  9.9980E-01  7.0065E+03  8.1828E-05  2.7772E-13  3.4711E-13  2.4106E-06
 7.9564E+25  1.9765E-04  9.9980E-01  7.0065E+03  8.1828E-05  2.7648E-13  3.4711E-13  2.3998E-06
 7.9657E+25  1.9853E-04  9.9980E-01  7.0065E+03  8.1828E-05  2.7525E-13  3.4711E-13  2.3890E-06
 7.9749E+25  1.9941E-04  9.9980E-01  7.0065E+03  8.1828E-05  2.7407E-13  3.4711E-13  2.3782E-06
 7.9842E+25  2.0029E-04  9.9980E-01  7.0064E+03  8.1828E-05  2.7291E-13  3.4711E-13  2.3674E-06
 7.9934E+25  2.0118E-04  9.9980E-01  7.0064E+03  8.1828E-05  2.7165E-13  3.4711E-13  2.3565E-06
 8.0027E+25  2.0206E-04  9.9980E-01  7.0064E+03  8.1828E-05  2.7044E-13  3.4711E-13  2.3461E-06
 8.0120E+25  2.0294E-04  9.9980E-01  7.0064E+03  8.1828E-05  2.6926E-13  3.4711E-13  2.3361E-06
 8.0212E+25  2.0382E-04  9.9980E-01  7.0063E+03  8.1828E-05  2.6808E-13  3.4711E-13  2.3262E-06
 8.0305E+25  2.0470E-04  9.9980E-01  7.0063E+03  8.1828E-05  2.6694E-13  3.4711E-13  2.3164E-06
 8.0397E+25  2.0558E-04  9.9979E-01  7.0063E+03  8.1828E-05  2.6577E-13  3.4712E-13  2.3073E-06
 8.0490E+25  2.0645E-04  9.9979E-01  7.0063E+03  8.1828E-05  2.6458E-13  3.4712E-13  2.2981E-06
 8.0582E+25  2.0733E-04  9.9979E-01  7.0063E+03  8.1828E-05  2.6340E-13  3.4712E-13  2.2888E-06
 8.0675E+25  2.0822E-04  9.9979E-01  7.0062E+03  8.1828E-05  2.6229E-13  3.4712E-13  2.2795E-06
 8.0768E+25  2.0909E-04  9.9979E-01  7.0062E+03  8.1828E-05  2.6112E-13  3.4712E-13  2.2703E-06
 8.0860E+25  2.0996E-04  9.9979E-01  7.0062E+03  8.1828E-05  2.5997E-13  3.4712E-13  2.2608E-06
 8.0953E+25  2.1084E-04  9.9979E-01  7.0062E+03  8.1828E-05  2.5888E-13  3.4712E-13  2.2514E-06
 8.1045E+25  2.1173E-04  9.9979E-01  7.0062E+03  8.1828E-05  2.5774E-13  3.4712E-13  2.2421E-06
 8.1138E+25  2.1260E-04  9.9979E-01  7.0061E+03  8.1828E-05  2.5661E-13  3.4712E-13  2.2328E-06
 8.1230E+25  2.1348E-04  9.9979E-01  7.0061E+03  8.1828E-05  2.5555E-13  3.4712E-13  2.2233E-06
 8.1323E+25  2.1435E-04  9.9979E-01  7.0061E+03  8.1828E-05  2.5430E-13  3.4712E-13  2.2139E-06
 8.1416E+25  2.1523E-04  9.9978E-01  7.0061E+03  8.1828E-05  2.5324E-13  3.4712E-13  2.2042E-06
 8.1508E+25  2.1609E-04  9.9978E-01  7.0061E+03  8.1828E-05  2.5222E-13  3.4713E-13  2.1948E-06
 8.1601E+25  2.1697E-04  9.9978E-01  7.0060E+03  8.1828E-05  2.5115E-13  3.4713E-13  2.1852E-06
 8.1693E+25  2.1784E-04  9.9978E-01  7.0060E+03  8.1828E-05  2.5007E-13  3.4713E-13  2.1756E-06
 8.1786E+25  2.1872E-04  9.9978E-01  7.0060E+03  8.1828E-05  2.4890E-13  3.4713E-13  2.1660E-06
 8.1878E+25  2.1958E-04  9.9978E-01  7.0060E+03  8.1828E-05  2.4778E-13  3.4713E-13  2.1563E-06
 8.1971E+25  2.2044E-04  9.9978E-01  7.0060E+03  8.1828E-05  2.4675E-13  3.4713E-13  2.1468E-06
 8.2064E+25  2.2130E-04  9.9978E-01  7.0059E+03  8.1828E-05  2.4577E-13  3.4713E-13  2.1375E-06
 8.2156E+25  2.2217E-04  9.9978E-01  7.0059E+03  8.1828E-05  2.4479E-13  3.4713E-13  2.1286E-06
 8.2249E+25  2.2305E-04  9.9978E-01  7.0059E+03  8.1828E-05  2.4376E-13  3.4713E-13  2.1198E-06
 8.2341E+25  2.2391E-04  9.9978E-01  7.0059E+03  8.1828E-05  2.4242E-13  3.4713E-13  2.1109E-06
 8.2434E+25  2.2477E-04  9.9978E-01  7.0059E+03  8.1828E-05  2.4148E-13  3.4713E-13  2.1027E-06
 8.2526E+25  2.2563E-04  9.9977E-01  7.0058E+03  8.1828E-05  2.4050E-13  3.4713E-13  2.0948E-06
 8.2619E+25  2.2649E-04  9.9977E-01  7.0058E+03  8.1828E-05  2.3956E-13  3.4713E-13  2.0866E-06
 8.2712E+25  2.2734E-04  9.9977E-01  7.0058E+03  8.1828E-05  2.3864E-13  3.4714E-13  2.0782E-06
 8.2804E+25  2.2820E-04  9.9977E-01  7.0058E+03  8.1828E-05  2.3749E-13  3.4714E-13  2.0699E-06
 8.2897E+25  2.2906E-04  9.9977E-01  7.0058E+03  8.1828E-05  2.3631E-13  3.4714E-13  2.0617E-06
 8.2989E+25  2.2990E-04  9.9977E-01  7.0057E+03  8.1828E-05  2.3540E-13  3.4714E-13  2.0535E-06
 8.3082E+25  2.3076E-04  9.9977E-01  7.0057E+03  8.1828E-05  2.3449E-13  3.4714E-13  2.0452E-06
 8.3174E+25  2.3159E-04  9.9977E-01  7.0057E+03  8.1828E-05  2.3357E-13  3.4714E-13  2.0368E-06
 8.3267E+25  2.3245E-04  9.9977E-01  7.0057E+03  8.1828E-05  2.3269E-13  3.4714E-13  2.0285E-06
 8.3360E+25  2.3330E-04  9.9977E-01  7.0057E+03  8.1828E-05  2.3140E-13  3.4714E-13  2.0202E-06
 8.3452E+25  2.3415E-04  9.9977E-01  7.0056E+03  8.1828E-05  2.3044E-13  3.4714E-13  2.0116E-06
 8.3545E+25  2.3498E-04  9.9977E-01  7.0056E+03  8.1828E-05  2.2953E-13  3.4714E-13  2.0033E-06
 8.3637E+25  2.3582E-04  9.9976E-01  7.0056E+03  8.1828E-05  2.2870E-13  3.4714E-13  1.9947E-06
 8.3730E+25  2.3667E-04  9.9976E-01  7.0056E+03  8.1828E-05  2.2781E-13  3.4714E-13  1.9863E-06
 8.3822E+25  2.3751E-04  9.9976E-01  7.0056E+03  8.1828E-05  2.2682E-13  3.4715E-13  1.9777E-06
 8.3915E+25  2.3835E-04  9.9976E-01  7.0055E+03  8.1828E-05  2.2562E-13  3.4715E-13  1.9692E-06
 8.4008E+25  2.3917E-04  9.9976E-01  7.0055E+03  8.1828E-05  2.2478E-13  3.4715E-13  1.9606E-06
 8.4100E+25  2.4000E-04  9.9976E-01  7.0055E+03  8.1828E-05  2.2391E-13  3.4715E-13  1.9521E-06
 8.4193E+25  2.4083E-04  9.9976E-01  7.0055E+03  8.1828E-05  2.2309E-13  3.4715E-13  1.9440E-06
 8.4285E+25  2.4166E-04  9.9976E-01  7.0055E+03  8.1828E-05  2.2228E-13  3.4715E-13  1.9362E-06
 8.4378E+25  2.4249E-04  9.9976E-01  7.0054E+03  8.1828E-05  2.2110E-13  3.4715E-13  1.9283E-06
 8.4470E+25  2.4330E-04  9.9976E-01  7.0054E+03  8.1828E-05  2.2009E-13  3.4715E-13  1.9206E-06
 8.4563E+25  2.4411E-04  9.9976E-01  7.0054E+03  8.1828E-05  2.1932E-13  3.4715E-13  1.9134E-06
 8.4656E+25  2.4493E-04  9.9976E-01  7.0054E+03  8.1828E-05  2.1851E-13  3.4715E-13  1.9063E-06
 8.4748E+25  2.4575E-04  9.9975E-01  7.0054E+03  8.1828E-05  2.1770E-13  3.4715E-13  1.8990E-06
 8.4841E+25  2.4657E-04  9.9975E-01  7.0053E+03  8.1828E-05  2.1695E-13  3.4715E-13  1.8917E-06
 8.4933E+25  2.4738E-04  9.9975E-01  7.0053E+03  8.1828E-05  2.1559E-13  3.4716E-13  1.8844E-06
 8.5026E+25  2.4818E-04  9.9975E-01  7.0053E+03  8.1828E-05  2.1479E-13  3.4716E-13  1.8770E-06
 8.5118E+25  2.4899E-04  9.9975E-01  7.0053E+03  8.1828E-05  2.1404E-13  3.4716E-13  1.8697E-06
 8.5211E+25  2.4979E-04  9.9975E-01  7.0053E+03  8.1828E-05  2.1331E-13  3.4716E-13  1.8624E-06
 8.5304E+25  2.5060E-04  9.9975E-01  7.0052E+03  8.1828E-05  2.1255E-13  3.4716E-13  1.8550E-06
 8.5396E+25  2.5140E-04  9.9975E-01  7.0052E+03  8.1828E-05  2.1168E-13  3.4716E-13  1.8476E-06
 8.5489E+25  2.5219E-04  9.9975E-01  7.0052E+03  8.1828E-05  2.1042E-13  3.4716E-13  1.8402E-06
 8.5581E+25  2.5298E-04  9.9975E-01  7.0052E+03  8.1828E-05  2.0968E-13  3.4716E-13  1.8327E-06
 8.5674E+25  2.5377E-04  9.9975E-01  7.0052E+03  8.1828E-05  2.0898E-13  3.4716E-13  1.8252E-06
 8.5766E+25  2.5456E-04  9.9975E-01  7.0051E+03  8.1828E-05  2.0827E-13  3.4716E-13  1.8176E-06
 8.5859E+25  2.5535E-04  9.9974E-01  7.0051E+03  8.1828E-05  2.0758E-13  3.4716E-13  1.8101E-06
 8.5952E+25  2.5613E-04  9.9974E-01  7.0051E+03  8.1828E-05  2.0661E-13  3.4716E-13  1.8025E-06
 8.6044E+25  2.5691E-04  9.9974E-01  7.0051E+03  8.1828E-05  2.0547E-13  3.4716E-13  1.7950E-06
 8.6137E+25  2.5768E-04  9.9974E-01  7.0051E+03  8.1828E-05  2.0479E-13  3.4717E-13  1.7874E-06
 8.6229E+25  2.5846E-04  9.9974E-01  7.0050E+03  8.1828E-05  2.0411E-13  3.4717E-13  1.7798E-06
 8.6322E+25  2.5923E-04  9.9974E-01  7.0050E+03  8.1828E-05  2.0345E-13  3.4717E-13  1.7725E-06
 8.6414E+25  2.6000E-04  9.9974E-01  7.0050E+03  8.1828E-05  2.0278E-13  3.4717E-13  1.7654E-06
 8.6507E+25  2.6077E-04  9.9974E-01  7.0050E+03  8.1828E-05  2.0176E-13  3.4717E-13  1.7584E-06
 8.6600E+25  2.6154E-04  9.9974E-01  7.0050E+03  8.1828E-05  2.0072E-13  3.4717E-13  1.7514E-06
 8.6692E+25  2.6229E-04  9.9974E-01  7.0049E+03  8.1828E-05  2.0009E-13  3.4717E-13  1.7449E-06
 8.6785E+25  2.6304E-04  9.9974E-01  7.0049E+03  8.1828E-05  1.9944E-13  3.4717E-13  1.7387E-06
 8.6877E+25  2.6379E-04  9.9974E-01  7.0049E+03  8.1828E-05  1.9880E-13  3.4717E-13  1.7323E-06
 8.6970E+25  2.6455E-04  9.9974E-01  7.0049E+03  8.1828E-05  1.9817E-13  3.4717E-13  1.7258E-06
 8.7062E+25  2.6531E-04  9.9973E-01  7.0049E+03  8.1828E-05  1.9712E-13  3.4717E-13  1.7193E-06
 8.7155E+25  2.6606E-04  9.9973E-01  7.0048E+03  8.1828E-05  1.9618E-13  3.4717E-13  1.7129E-06
 8.7248E+25  2.6678E-04  9.9973E-01  7.0048E+03  8.1828E-05  1.9555E-13  3.4717E-13  1.7064E-06
 8.7340E+25  2.6752E-04  9.9973E-01  7.0048E+03  8.1828E-05  1.9496E-13  3.4718E-13  1.6998E-06
 8.7433E+25  2.6826E-04  9.9973E-01  7.0048E+03  8.1828E-05  1.9434E-13  3.4718E-13  1.6933E-06
 8.7525E+25  2.6899E-04  9.9973E-01  7.0048E+03  8.1828E-05  1.9375E-13  3.4718E-13  1.6868E-06
 8.7618E+25  2.6974E-04  9.9973E-01  7.0047E+03  8.1828E-05  1.9271E-13  3.4718E-13  1.6803E-06
 8.7710E+25  2.7046E-04  9.9973E-01  7.0047E+03  8.1828E-05  1.9179E-13  3.4718E-13  1.6737E-06
 8.7803E+25  2.7118E-04  9.9973E-01  7.0047E+03  8.1828E-05  1.9122E-13  3.4718E-13  1.6670E-06
 8.7896E+25  2.7189E-04  9.9973E-01  7.0047E+03  8.1828E-05  1.9063E-13  3.4718E-13  1.6603E-06
 8.7988E+25  2.7262E-04  9.9973E-01  7.0047E+03  8.1828E-05  1.9007E-13  3.4718E-13  1.6537E-06
 8.8081E+25  2.7333E-04  9.9973E-01  7.0046E+03  8.1828E-05  1.8950E-13  3.4718E-13  1.6469E-06
 8.8173E+25  2.7407E-04  9.9973E-01  7.0046E+03  8.1828E-05  1.8853E-13  3.4718E-13  1.6403E-06
 8.8266E+25  2.7476E-04  9.9973E-01  7.0046E+03  8.1828E-05  1.8758E-13  3.4718E-13  1.6335E-06
 8.8358E+25  2.7546E-04  9.9972E-01  7.0046E+03  8.1828E-05  1.8704E-13  3.4718E-13  1.6268E-06
 8.8451E+25  2.7616E-04  9.9972E-01  7.0046E+03  8.1828E-05  1.8650E-13  3.4718E-13  1.6200E-06
 8.8544E+25  2.7686E-04  9.9972E-01  7.0046E+03  8.1828E-05  1.8596E-13  3.4719E-13  1.6136E-06
 8.8636E+25  2.7755E-04  9.9972E-01  7.0045E+03  8.1828E-05  1.8543E-13  3.4719E-13  1.6073E-06
 8.8729E+25  2.7827E-04  9.9972E-01  7.0045E+03  8.1828E-05  1.8459E-13  3.4719E-13  1.6010E-06
 8.8821E+25  2.7895E-04  9.9972E-01  7.0045E+03  8.1828E-05  1.8355E-13  3.4719E-13  1.5948E-06
 8.8914E+25  2.7963E-04  9.9972E-01  7.0045E+03  8.1828E-05  1.8303E-13  3.4719E-13  1.5890E-06
 8.9006E+25  2.8030E-04  9.9972E-01  7.0045E+03  8.1828E-05  1.8252E-13  3.4719E-13  1.5835E-06
 8.9099E+25  2.8099E-04  9.9972E-01  7.0044E+03  8.1828E-05  1.8202E-13  3.4719E-13  1.5779E-06
 8.9192E+25  2.8166E-04  9.9972E-01  7.0044E+03  8.1828E-05  1.8151E-13  3.4719E-13  1.5722E-06
 8.9284E+25  2.8236E-04  9.9972E-01  7.0044E+03  8.1828E-05  1.8088E-13  3.4719E-13  1.5665E-06
 8.9377E+25  2.8303E-04  9.9972E-01  7.0044E+03  8.1828E-05  1.7968E-13  3.4719E-13  1.5607E-06
 8.9469E+25  2.8368E-04  9.9972E-01  7.0044E+03  8.1828E-05  1.7919E-13  3.4719E-13  1.5549E-06
 8.9562E+25  2.8434E-04  9.9972E-01  7.0043E+03  8.1828E-05  1.7871E-13  3.4719E-13  1.5492E-06
 8.9654E+25  2.8500E-04  9.9971E-01  7.0043E+03  8.1828E-05  1.7823E-13  3.4719E-13  1.5435E-06
 8.9747E+25  2.8565E-04  9.9971E-01  7.0043E+03  8.1828E-05  1.7776E-13  3.4720E-13  1.5376E-06
 8.9840E+25  2.8633E-04  9.9971E-01  7.0043E+03  8.1828E-05  1.7728E-13  3.4720E-13  1.5318E-06
 8.9932E+25  2.8699E-04  9.9971E-01  7.0043E+03  8.1828E-05  1.7608E-13  3.4720E-13  1.5260E-06
 9.0025E+25  2.8762E-04  9.9971E-01  7.0043E+03  8.1828E-05  1.7551E-13  3.4720E-13  1.5202E-06
 9.0117E+25  2.8825E-04  9.9971E-01  7.0042E+03  8.1828E-05  1.7505E-13  3.4720E-13  1.5143E-06
 9.0210E+25  2.8889E-04  9.9971E-01  7.0042E+03  8.1828E-05  1.7460E-13  3.4720E-13  1.5083E-06
 9.0302E+25  2.8953E-04  9.9971E-01  7.0042E+03  8.1828E-05  1.7414E-13  3.4720E-13  1.5024E-06
 9.0395E+25  2.9017E-04  9.9971E-01  7.0042E+03  8.1828E-05  1.7371E-13  3.4720E-13  1.4965E-06
 9.0487E+25  2.9081E-04  9.9971E-01  7.0042E+03  8.1828E-05  1.7285E-13  3.4720E-13  1.4904E-06
 9.0580E+25  2.9145E-04  9.9971E-01  7.0041E+03  8.1828E-05  1.7198E-13  3.4720E-13  1.4845E-06
 9.0673E+25  2.9205E-04  9.9971E-01  7.0041E+03  8.1828E-05  1.7155E-13  3.4720E-13  1.4785E-06
 9.0765E+25  2.9266E-04  9.9971E-01  7.0041E+03  8.1828E-05  1.7112E-13  3.4720E-13  1.4725E-06
 9.0858E+25  2.9329E-04  9.9971E-01  7.0041E+03  8.1828E-05  1.7069E-13  3.4720E-13  1.4669E-06
 9.0950E+25  2.9390E-04  9.9971E-01  7.0041E+03  8.1828E-05  1.7027E-13  3.4720E-13  1.4613E-06
 9.1043E+25  2.9453E-04  9.9971E-01  7.0041E+03  8.1828E-05  1.6983E-13  3.4721E-13  1.4557E-06
 9.1135E+25  2.9515E-04  9.9970E-01  7.0040E+03  8.1828E-05  1.6859E-13  3.4721E-13  1.4502E-06
 9.1228E+25  2.9574E-04  9.9970E-01  7.0040E+03  8.1828E-05  1.6818E-13  3.4721E-13  1.4453E-06
 9.1321E+25  2.9633E-04  9.9970E-01  7.0040E+03  8.1828E-05  1.6778E-13  3.4721E-13  1.4403E-06
 9.1413E+25  2.9693E-04  9.9970E-01  7.0040E+03  8.1828E-05  1.6738E-13  3.4721E-13  1.4354E-06
 9.1506E+25  2.9752E-04  9.9970E-01  7.0040E+03  8.1828E-05  1.6698E-13  3.4721E-13  1.4303E-06
 9.1598E+25  2.9812E-04  9.9970E-01  7.0040E+03  8.1828E-05  1.6658E-13  3.4721E-13  1.4252E-06
 9.1691E+25  2.9873E-04  9.9970E-01  7.0039E+03  8.1828E-05  1.6580E-13  3.4721E-13  1.4202E-06
 9.1783E+25  2.9931E-04  9.9970E-01  7.0039E+03  8.1828E-05  1.6496E-13  3.4721E-13  1.4151E-06
 9.1876E+25  2.9988E-04  9.9970E-01  7.0039E+03  8.1828E-05  1.6458E-13  3.4721E-13  1.4100E-06
 9.1969E+25  3.0044E-04  9.9970E-01  7.0039E+03  8.1828E-05  1.6421E-13  3.4721E-13  1.4049E-06
 9.2061E+25  3.0102E-04  9.9970E-01  7.0039E+03  8.1828E-05  1.6383E-13  3.4721E-13  1.3998E-06
 9.2154E+25  3.0160E-04  9.9970E-01  7.0039E+03  8.1828E-05  1.6346E-13  3.4721E-13  1.3947E-06
 9.2246E+25  3.0218E-04  9.9970E-01  7.0038E+03  8.1828E-05  1.6308E-13  3.4721E-13  1.3894E-06
 9.2339E+25  3.0275E-04  9.9970E-01  7.0038E+03  8.1828E-05  1.6203E-13  3.4721E-13  1.3842E-06
 9.2431E+25  3.0330E-04  9.9970E-01  7.0038E+03  8.1828E-05  1.6151E-13  3.4722E-13  1.3790E-06
 9.2524E+25  3.0386E-04  9.9970E-01  7.0038E+03  8.1828E-05  1.6116E-13  3.4722E-13  1.3738E-06
