 4.6285E+22  3.2694E-11  1.0000E+00  1.1682E+04  8.1828E-05  1.0464E-06  2.2747E-13  1.0000E+00
 1.3886E+23  2.2881E-10  1.0000E+00  1.1686E+04  8.1828E-05  1.4948E-07  2.2740E-13  1.0000E+00
 2.3143E+23  6.2057E-10  1.0000E+00  1.1698E+04  8.1828E-05  5.5072E-08  2.2720E-13  1.0000E+00
 3.2400E+23  1.2065E-09  1.0000E+00  1.1725E+04  8.1828E-05  2.8280E-08  2.2676E-13  1.0000E+00
 4.1657E+23  1.9831E-09  1.0000E+00  1.1774E+04  8.1828E-05  1.7154E-08  2.2597E-13  1.0000E+00
 5.0914E+23  2.9445E-09  1.0000E+00  1.1852E+04  8.1828E-05  1.1497E-08  2.2470E-13  1.0000E+00
 6.0171E+23  4.0778E-09  1.0000E+00  1.1974E+04  8.1828E-05  8.2411E-09  2.2276E-13  1.0000E+00
 6.9428E+23  5.3711E-09  1.0000E+00  1.2149E+04  8.1828E-05  6.1912E-09  2.2003E-13  1.0000E+00
 7.8685E+23  6.7910E-09  1.0000E+00  1.2407E+04  8.1828E-05  4.8230E-09  2.1615E-13  1.0000E+00
 8.7942E+23  8.3086E-09  1.0000E+00  1.2765E+04  8.1828E-05  3.8616E-09  2.1098E-13  1.0000E+00
 9.7199E+23  9.9052E-09  1.0000E+00  1.3198E+04  8.1828E-05  3.1615E-09  2.0505E-13  1.0000E+00
 1.0646E+24  1.1602E-08  1.0000E+00  1.3635E+04  8.1828E-05  2.6358E-09  1.9942E-13  1.0000E+00
 1.1571E+24  1.3476E-08  1.0000E+00  1.3952E+04  8.1828E-05  2.2316E-09  1.9552E-13  1.0000E+00
 1.2497E+24  1.5585E-08  1.0000E+00  1.4123E+04  8.1828E-05  1.9124E-09  1.9349E-13  1.0000E+00
 1.3423E+24  1.7882E-08  1.0000E+00  1.4217E+04  8.1828E-05  1.6587E-09  1.9238E-13  1.0000E+00
 1.4348E+24  2.0332E-08  1.0000E+00  1.4317E+04  8.1828E-05  1.4514E-09  1.9122E-13  9.9999E-01
 1.5274E+24  2.2919E-08  1.0000E+00  1.4417E+04  8.1828E-05  1.2810E-09  1.9008E-13  9.9999E-01
 1.6200E+24  2.5662E-08  1.0000E+00  1.4511E+04  8.1828E-05  1.1387E-09  1.8903E-13  9.9999E-01
 1.7126E+24  2.8541E-08  1.0000E+00  1.4601E+04  8.1828E-05  1.0191E-09  1.8801E-13  9.9999E-01
 1.8051E+24  3.1585E-08  1.0000E+00  1.4684E+04  8.1828E-05  9.1713E-10  1.8710E-13  9.9999E-01
 1.8977E+24  3.4761E-08  1.0000E+00  1.4763E+04  8.1828E-05  8.3008E-10  1.8624E-13  9.9999E-01
 1.9903E+24  3.8102E-08  1.0000E+00  1.4839E+04  8.1828E-05  7.5441E-10  1.8541E-13  9.9999E-01
 2.0828E+24  4.1566E-08  1.0000E+00  1.4914E+04  8.1828E-05  6.8902E-10  1.8461E-13  9.9999E-01
 2.1754E+24  4.5174E-08  1.0000E+00  1.4986E+04  8.1828E-05  6.3173E-10  1.8384E-13  9.9999E-01
 2.2680E+24  4.8934E-08  1.0000E+00  1.5056E+04  8.1828E-05  5.8120E-10  1.8310E-13  9.9999E-01
 2.3605E+24  5.2845E-08  1.0000E+00  1.5124E+04  8.1828E-05  5.3640E-10  1.8238E-13  9.9999E-01
 2.4531E+24  5.6886E-08  1.0000E+00  1.5188E+04  8.1828E-05  4.9677E-10  1.8172E-13  9.9999E-01
 2.5457E+24  6.1062E-08  1.0000E+00  1.5252E+04  8.1828E-05  4.6134E-10  1.8106E-13  9.9998E-01
 2.6383E+24  6.5411E-08  1.0000E+00  1.5316E+04  8.1828E-05  4.2936E-10  1.8041E-13  9.9998E-01
 2.7308E+24  6.9860E-08  1.0000E+00  1.5375E+04  8.1828E-05  4.0089E-10  1.7981E-13  9.9998E-01
 2.8234E+24  7.4461E-08  1.0000E+00  1.5435E+04  8.1828E-05  3.7503E-10  1.7920E-13  9.9998E-01
 2.9160E+24  7.9189E-08  1.0000E+00  1.5491E+04  8.1828E-05  3.5170E-10  1.7864E-13  9.9998E-01
 3.0085E+24  8.4130E-08  1.0000E+00  1.5546E+04  8.1828E-05  3.3018E-10  1.7808E-13  9.9998E-01
 3.1011E+24  8.9159E-08  1.0000E+00  1.5603E+04  8.1828E-05  3.1072E-10  1.7753E-13  9.9998E-01
 3.1937E+24  9.4287E-08  1.0000E+00  1.5655E+04  8.1828E-05  2.9310E-10  1.7701E-13  9.9998E-01
 3.2862E+24  9.9585E-08  1.0000E+00  1.5707E+04  8.1828E-05  2.7683E-10  1.7650E-13  9.9997E-01
 3.3788E+24  1.0497E-07  1.0000E+00  1.5758E+04  8.1828E-05  2.6200E-10  1.7601E-13  9.9997E-01
 3.4714E+24  1.1053E-07  1.0000E+00  1.5808E+04  8.1828E-05  2.4824E-10  1.7553E-13  9.9997E-01
 3.5640E+24  1.1628E-07  1.0000E+00  1.5856E+04  8.1828E-05  2.3544E-10  1.7506E-13  9.9997E-01
 3.6565E+24  1.2225E-07  1.0000E+00  1.5903E+04  8.1828E-05  2.2346E-10  1.7462E-13  9.9997E-01
 3.7491E+24  1.2805E-07  1.0000E+00  1.5949E+04  8.1828E-05  2.1288E-10  1.7417E-13  9.9997E-01
 3.8417E+24  1.3427E-07  1.0000E+00  1.5995E+04  8.1828E-05  2.0258E-10  1.7374E-13  9.9997E-01
 3.9342E+24  1.4049E-07  1.0000E+00  1.6039E+04  8.1828E-05  1.9322E-10  1.7332E-13  9.9996E-01
 4.0268E+24  1.4697E-07  1.0000E+00  1.6084E+04  8.1828E-05  1.8433E-10  1.7291E-13  9.9996E-01
 4.1194E+24  1.5331E-07  1.0000E+00  1.6126E+04  8.1828E-05  1.7636E-10  1.7251E-13  9.9996E-01
 4.2120E+24  1.6019E-07  1.0000E+00  1.6167E+04  8.1828E-05  1.6847E-10  1.7213E-13  9.9996E-01
 4.3045E+24  1.6696E-07  1.0000E+00  1.6208E+04  8.1828E-05  1.6134E-10  1.7175E-13  9.9996E-01
 4.3971E+24  1.7369E-07  1.0000E+00  1.6248E+04  8.1828E-05  1.5480E-10  1.7138E-13  9.9996E-01
 4.4897E+24  1.8085E-07  1.0000E+00  1.6288E+04  8.1828E-05  1.4841E-10  1.7102E-13  9.9995E-01
 4.5822E+24  1.8810E-07  1.0000E+00  1.6327E+04  8.1828E-05  1.4243E-10  1.7066E-13  9.9995E-01
 4.6748E+24  1.9545E-07  1.0000E+00  1.6365E+04  8.1828E-05  1.3684E-10  1.7031E-13  9.9995E-01
 4.7674E+24  2.0292E-07  1.0000E+00  1.6402E+04  8.1828E-05  1.3158E-10  1.6998E-13  9.9995E-01
 4.8599E+24  2.1050E-07  1.0000E+00  1.6439E+04  8.1828E-05  1.2663E-10  1.6965E-13  9.9995E-01
 4.9525E+24  2.1821E-07  1.0000E+00  1.6475E+04  8.1828E-05  1.2196E-10  1.6933E-13  9.9994E-01
 5.0451E+24  2.2607E-07  1.0000E+00  1.6510E+04  8.1828E-05  1.1754E-10  1.6901E-13  9.9994E-01
 5.1377E+24  2.3407E-07  1.0000E+00  1.6544E+04  8.1828E-05  1.1334E-10  1.6870E-13  9.9994E-01
 5.2302E+24  2.4225E-07  1.0000E+00  1.6579E+04  8.1828E-05  1.0935E-10  1.6840E-13  9.9994E-01
 5.3228E+24  2.5061E-07  1.0000E+00  1.6612E+04  8.1828E-05  1.0554E-10  1.6810E-13  9.9994E-01
 5.4154E+24  2.5917E-07  1.0000E+00  1.6646E+04  8.1828E-05  1.0191E-10  1.6781E-13  9.9993E-01
 5.5079E+24  2.6729E-07  1.0000E+00  1.6678E+04  8.1828E-05  9.8668E-11  1.6752E-13  9.9993E-01
 5.6005E+24  2.7589E-07  1.0000E+00  1.6710E+04  8.1828E-05  9.5457E-11  1.6724E-13  9.9993E-01
 5.6931E+24  2.8499E-07  1.0000E+00  1.6742E+04  8.1828E-05  9.2279E-11  1.6696E-13  9.9993E-01
 5.7856E+24  2.9426E-07  1.0000E+00  1.6773E+04  8.1828E-05  8.9250E-11  1.6669E-13  9.9992E-01
 5.8782E+24  3.0240E-07  1.0000E+00  1.6804E+04  8.1828E-05  8.6731E-11  1.6643E-13  9.9992E-01
 5.9708E+24  3.1217E-07  1.0000E+00  1.6834E+04  8.1828E-05  8.3903E-11  1.6617E-13  9.9992E-01
 6.0634E+24  3.2166E-07  1.0000E+00  1.6863E+04  8.1828E-05  8.1324E-11  1.6592E-13  9.9992E-01
 6.1559E+24  3.3048E-07  1.0000E+00  1.6892E+04  8.1828E-05  7.9053E-11  1.6567E-13  9.9991E-01
 6.2485E+24  3.4110E-07  1.0000E+00  1.6921E+04  8.1828E-05  7.6495E-11  1.6542E-13  9.9991E-01
 6.3411E+24  3.4953E-07  1.0000E+00  1.6949E+04  8.1828E-05  7.4558E-11  1.6518E-13  9.9991E-01
 6.4336E+24  3.6056E-07  1.0000E+00  1.6977E+04  8.1828E-05  7.2188E-11  1.6494E-13  9.9991E-01
 6.5262E+24  3.6945E-07  1.0000E+00  1.7004E+04  8.1828E-05  7.0366E-11  1.6471E-13  9.9990E-01
 6.6188E+24  3.8078E-07  1.0000E+00  1.7031E+04  8.1828E-05  6.8193E-11  1.6448E-13  9.9990E-01
 6.7113E+24  3.8966E-07  1.0000E+00  1.7058E+04  8.1828E-05  6.6562E-11  1.6425E-13  9.9990E-01
 6.8039E+24  4.0145E-07  1.0000E+00  1.7085E+04  8.1828E-05  6.4532E-11  1.6403E-13  9.9990E-01
 6.8965E+24  4.1056E-07  1.0000E+00  1.7111E+04  8.1828E-05  6.3029E-11  1.6381E-13  9.9989E-01
 6.9891E+24  4.2202E-07  1.0000E+00  1.7137E+04  8.1828E-05  6.1249E-11  1.6360E-13  9.9989E-01
 7.0816E+24  4.3292E-07  1.0000E+00  1.7162E+04  8.1828E-05  5.9641E-11  1.6338E-13  9.9989E-01
 7.1742E+24  4.4291E-07  1.0000E+00  1.7187E+04  8.1828E-05  5.8233E-11  1.6318E-13  9.9989E-01
 7.2668E+24  4.5501E-07  1.0000E+00  1.7212E+04  8.1828E-05  5.6623E-11  1.6297E-13  9.9988E-01
 7.3593E+24  4.6568E-07  1.0000E+00  1.7237E+04  8.1828E-05  5.5267E-11  1.6277E-13  9.9988E-01
 7.4519E+24  4.7638E-07  1.0000E+00  1.7261E+04  8.1828E-05  5.3970E-11  1.6256E-13  9.9988E-01
 7.5445E+24  4.8868E-07  1.0000E+00  1.7285E+04  8.1828E-05  5.2558E-11  1.6237E-13  9.9987E-01
 7.6371E+24  5.0059E-07  1.0000E+00  1.7309E+04  8.1828E-05  5.1254E-11  1.6217E-13  9.9987E-01
 7.7296E+24  5.1063E-07  1.0000E+00  1.7332E+04  8.1828E-05  5.0196E-11  1.6198E-13  9.9987E-01
 7.8222E+24  5.2311E-07  1.0000E+00  1.7355E+04  8.1828E-05  4.8950E-11  1.6179E-13  9.9986E-01
 7.9148E+24  5.3569E-07  1.0000E+00  1.7378E+04  8.1828E-05  4.7754E-11  1.6161E-13  9.9986E-01
 8.0073E+24  5.4824E-07  1.0000E+00  1.7401E+04  8.1828E-05  4.6616E-11  1.6142E-13  9.9986E-01
 8.0999E+24  5.5852E-07  1.0000E+00  1.7423E+04  8.1828E-05  4.5714E-11  1.6124E-13  9.9986E-01
 8.1925E+24  5.7127E-07  1.0000E+00  1.7445E+04  8.1828E-05  4.4651E-11  1.6106E-13  9.9985E-01
 8.2850E+24  5.8415E-07  1.0000E+00  1.7467E+04  8.1828E-05  4.3627E-11  1.6088E-13  9.9985E-01
 8.3776E+24  5.9710E-07  1.0000E+00  1.7489E+04  8.1828E-05  4.2641E-11  1.6071E-13  9.9985E-01
 8.4702E+24  6.1013E-07  1.0000E+00  1.7510E+04  8.1828E-05  4.1692E-11  1.6054E-13  9.9984E-01
 8.5628E+24  6.2264E-07  1.0000E+00  1.7531E+04  8.1828E-05  4.0818E-11  1.6037E-13  9.9984E-01
 8.6553E+24  6.3446E-07  1.0000E+00  1.7552E+04  8.1828E-05  4.0022E-11  1.6020E-13  9.9984E-01
 8.7479E+24  6.4774E-07  1.0000E+00  1.7573E+04  8.1828E-05  3.9167E-11  1.6003E-13  9.9983E-01
 8.8405E+24  6.6114E-07  1.0000E+00  1.7594E+04  8.1828E-05  3.8339E-11  1.5987E-13  9.9983E-01
 8.9330E+24  6.7463E-07  1.0000E+00  1.7614E+04  8.1828E-05  3.7541E-11  1.5970E-13  9.9982E-01
 9.0256E+24  6.8820E-07  1.0000E+00  1.7634E+04  8.1828E-05  3.6769E-11  1.5954E-13  9.9982E-01
 9.1182E+24  7.0186E-07  1.0000E+00  1.7654E+04  8.1828E-05  3.6023E-11  1.5939E-13  9.9982E-01
 9.2107E+24  7.1562E-07  1.0000E+00  1.7674E+04  8.1828E-05  3.5301E-11  1.5923E-13  9.9981E-01
 9.3033E+24  7.2948E-07  1.0000E+00  1.7693E+04  8.1828E-05  3.4602E-11  1.5907E-13  9.9981E-01
 9.3959E+24  7.4343E-07  1.0000E+00  1.7713E+04  8.1828E-05  3.3925E-11  1.5892E-13  9.9981E-01
 9.4885E+24  7.5749E-07  1.0000E+00  1.7732E+04  8.1828E-05  3.3268E-11  1.5877E-13  9.9980E-01
 9.5810E+24  7.7165E-07  1.0000E+00  1.7751E+04  8.1828E-05  3.2632E-11  1.5862E-13  9.9980E-01
 9.6736E+24  7.8592E-07  1.0000E+00  1.7770E+04  8.1828E-05  3.2014E-11  1.5847E-13  9.9979E-01
 9.7662E+24  8.0032E-07  1.0000E+00  1.7789E+04  8.1828E-05  3.1414E-11  1.5833E-13  9.9979E-01
 9.8587E+24  8.1483E-07  1.0000E+00  1.7807E+04  8.1828E-05  3.0830E-11  1.5818E-13  9.9978E-01
 9.9513E+24  8.2947E-07  1.0000E+00  1.7825E+04  8.1828E-05  3.0263E-11  1.5804E-13  9.9978E-01
 1.0044E+25  8.4424E-07  1.0000E+00  1.7844E+04  8.1828E-05  2.9711E-11  1.5790E-13  9.9976E-01
 1.0136E+25  8.5916E-07  1.0000E+00  1.7862E+04  8.1828E-05  2.9173E-11  1.5776E-13  9.9974E-01
 1.0229E+25  8.7422E-07  1.0000E+00  1.7879E+04  8.1828E-05  2.8649E-11  1.5762E-13  9.9971E-01
 1.0322E+25  8.8945E-07  1.0000E+00  1.7897E+04  8.1828E-05  2.8138E-11  1.5749E-13  9.9965E-01
 1.0414E+25  9.0483E-07  1.0000E+00  1.7914E+04  8.1828E-05  2.7640E-11  1.5735E-13  9.9954E-01
 1.0507E+25  9.2041E-07  1.0000E+00  1.7931E+04  8.1828E-05  2.7153E-11  1.5723E-13  9.9934E-01
 1.0599E+25  9.3616E-07  1.0000E+00  1.7946E+04  8.1828E-05  2.6678E-11  1.5711E-13  9.9899E-01
 1.0692E+25  9.5214E-07  1.0000E+00  1.7961E+04  8.1828E-05  2.6213E-11  1.5699E-13  9.9837E-01
 1.0784E+25  9.6838E-07  1.0000E+00  1.7973E+04  8.1828E-05  2.5758E-11  1.5690E-13  9.9727E-01
 1.0877E+25  9.8490E-07  1.0000E+00  1.7982E+04  8.1828E-05  2.5313E-11  1.5684E-13  9.9536E-01
 1.0970E+25  1.0017E-06  1.0000E+00  1.7985E+04  8.1828E-05  2.4879E-11  1.5681E-13  9.9207E-01
 1.1062E+25  1.0166E-06  1.0000E+00  1.7978E+04  8.1828E-05  2.4510E-11  1.5687E-13  9.8651E-01
 1.1155E+25  1.0331E-06  1.0000E+00  1.7956E+04  8.1828E-05  2.4124E-11  1.5704E-13  9.7726E-01
 1.1247E+25  1.0515E-06  1.0000E+00  1.7908E+04  8.1828E-05  2.3720E-11  1.5742E-13  9.6220E-01
 1.1340E+25  1.0713E-06  1.0000E+00  1.7821E+04  8.1828E-05  2.3323E-11  1.5810E-13  9.3840E-01
 1.1432E+25  1.0929E-06  1.0000E+00  1.7677E+04  8.1828E-05  2.2933E-11  1.5925E-13  9.0230E-01
 1.1525E+25  1.1173E-06  1.0000E+00  1.7455E+04  8.1828E-05  2.2552E-11  1.6105E-13  8.5048E-01
 1.1618E+25  1.1455E-06  1.0000E+00  1.7135E+04  8.1828E-05  2.2178E-11  1.6370E-13  7.8132E-01
 1.1710E+25  1.1780E-06  1.0000E+00  1.6709E+04  8.1828E-05  2.1826E-11  1.6737E-13  6.9699E-01
 1.1803E+25  1.2126E-06  1.0000E+00  1.6188E+04  8.1828E-05  2.1544E-11  1.7210E-13  6.0409E-01
 1.1895E+25  1.2571E-06  1.0000E+00  1.5599E+04  8.1828E-05  2.1196E-11  1.7775E-13  5.1169E-01
 1.1988E+25  1.3068E-06  1.0000E+00  1.4982E+04  8.1828E-05  2.0858E-11  1.8408E-13  4.2769E-01
 1.2080E+25  1.3604E-06  1.0000E+00  1.4375E+04  8.1828E-05  2.0532E-11  1.9078E-13  3.5641E-01
 1.2173E+25  1.4165E-06  1.0000E+00  1.3801E+04  8.1828E-05  2.0214E-11  1.9757E-13  2.9851E-01
 1.2266E+25  1.4738E-06  1.0000E+00  1.3274E+04  8.1828E-05  1.9908E-11  2.0425E-13  2.5248E-01
 1.2358E+25  1.5316E-06  1.0000E+00  1.2799E+04  8.1828E-05  1.9609E-11  2.1070E-13  2.1607E-01
 1.2451E+25  1.5893E-06  1.0000E+00  1.2372E+04  8.1828E-05  1.9318E-11  2.1685E-13  1.8709E-01
 1.2543E+25  1.6465E-06  1.0000E+00  1.1992E+04  8.1828E-05  1.9034E-11  2.2267E-13  1.6378E-01
 1.2636E+25  1.7030E-06  1.0000E+00  1.1651E+04  8.1828E-05  1.8757E-11  2.2815E-13  1.4478E-01
 1.2728E+25  1.7588E-06  1.0000E+00  1.1346E+04  8.1828E-05  1.8486E-11  2.3331E-13  1.2907E-01
 1.2821E+25  1.8141E-06  1.0000E+00  1.1071E+04  8.1828E-05  1.8220E-11  2.3816E-13  1.1592E-01
 1.2914E+25  1.8685E-06  1.0000E+00  1.0824E+04  8.1828E-05  1.7961E-11  2.4272E-13  1.0478E-01
 1.3006E+25  1.9223E-06  1.0000E+00  1.0599E+04  8.1828E-05  1.7706E-11  2.4701E-13  9.5249E-02
 1.3099E+25  1.9756E-06  1.0000E+00  1.0396E+04  8.1828E-05  1.7457E-11  2.5105E-13  8.7017E-02
 1.3191E+25  2.0282E-06  1.0000E+00  1.0210E+04  8.1828E-05  1.7214E-11  2.5486E-13  7.9849E-02
 1.3284E+25  2.0805E-06  1.0000E+00  1.0039E+04  8.1828E-05  1.6973E-11  2.5845E-13  7.3560E-02
 1.3376E+25  2.1322E-06  1.0000E+00  9.8831E+03  8.1828E-05  1.6740E-11  2.6184E-13  6.8006E-02
 1.3469E+25  2.1837E-06  1.0000E+00  9.7393E+03  8.1828E-05  1.6509E-11  2.6505E-13  6.3073E-02
 1.3562E+25  2.2348E-06  1.0000E+00  9.6064E+03  8.1828E-05  1.6284E-11  2.6809E-13  5.8667E-02
 1.3654E+25  2.2849E-06  1.0000E+00  9.4834E+03  8.1828E-05  1.6070E-11  2.7097E-13  5.4714E-02
 1.3747E+25  2.3340E-06  1.0000E+00  9.3692E+03  8.1828E-05  1.5862E-11  2.7370E-13  5.1150E-02
 1.3839E+25  2.3837E-06  1.0000E+00  9.2630E+03  8.1828E-05  1.5651E-11  2.7629E-13  4.7924E-02
 1.3932E+25  2.4334E-06  1.0000E+00  9.1640E+03  8.1828E-05  1.5444E-11  2.7876E-13  4.4994E-02
 1.4024E+25  2.4830E-06  1.0000E+00  9.0716E+03  8.1828E-05  1.5242E-11  2.8110E-13  4.2324E-02
 1.4117E+25  2.5324E-06  1.0000E+00  8.9851E+03  8.1828E-05  1.5042E-11  2.8333E-13  3.9882E-02
 1.4210E+25  2.5818E-06  1.0000E+00  8.9040E+03  8.1828E-05  1.4846E-11  2.8546E-13  3.7643E-02
 1.4302E+25  2.6312E-06  1.0000E+00  8.8279E+03  8.1828E-05  1.4653E-11  2.8748E-13  3.5584E-02
 1.4395E+25  2.6806E-06  1.0000E+00  8.7564E+03  8.1828E-05  1.4464E-11  2.8941E-13  3.3686E-02
 1.4487E+25  2.7300E-06  1.0000E+00  8.6890E+03  8.1828E-05  1.4278E-11  2.9126E-13  3.1932E-02
 1.4580E+25  2.7797E-06  1.0000E+00  8.6254E+03  8.1828E-05  1.4093E-11  2.9302E-13  3.0308E-02
 1.4672E+25  2.8294E-06  1.0000E+00  8.5654E+03  8.1828E-05  1.3912E-11  2.9471E-13  2.8801E-02
 1.4765E+25  2.8793E-06  1.0000E+00  8.5087E+03  8.1828E-05  1.3733E-11  2.9632E-13  2.7400E-02
 1.4858E+25  2.9295E-06  1.0000E+00  8.4550E+03  8.1828E-05  1.3557E-11  2.9786E-13  2.6096E-02
 1.4950E+25  2.9729E-06  1.0000E+00  8.4042E+03  8.1828E-05  1.3419E-11  2.9934E-13  2.4878E-02
 1.5043E+25  3.0194E-06  1.0000E+00  8.3559E+03  8.1828E-05  1.3260E-11  3.0076E-13  2.3740E-02
 1.5135E+25  3.0694E-06  1.0000E+00  8.3101E+03  8.1828E-05  1.3093E-11  3.0211E-13  2.2675E-02
 1.5228E+25  3.1198E-06  1.0000E+00  8.2666E+03  8.1828E-05  1.2928E-11  3.0342E-13  2.1677E-02
 1.5320E+25  3.1708E-06  1.0000E+00  8.2251E+03  8.1828E-05  1.2764E-11  3.0467E-13  2.0740E-02
 1.5413E+25  3.2221E-06  1.0000E+00  8.1857E+03  8.1828E-05  1.2602E-11  3.0587E-13  1.9859E-02
 1.5506E+25  3.2741E-06  1.0000E+00  8.1481E+03  8.1828E-05  1.2442E-11  3.0702E-13  1.9030E-02
 1.5598E+25  3.3147E-06  1.0000E+00  8.1122E+03  8.1828E-05  1.2331E-11  3.0813E-13  1.8249E-02
 1.5691E+25  3.3611E-06  1.0000E+00  8.0780E+03  8.1828E-05  1.2192E-11  3.0920E-13  1.7512E-02
 1.5783E+25  3.4135E-06  1.0000E+00  8.0453E+03  8.1828E-05  1.2038E-11  3.1023E-13  1.6817E-02
 1.5876E+25  3.4666E-06  1.0000E+00  8.0141E+03  8.1828E-05  1.1885E-11  3.1121E-13  1.6159E-02
 1.5968E+25  3.5204E-06  1.0000E+00  7.9842E+03  8.1828E-05  1.1734E-11  3.1216E-13  1.5537E-02
 1.6061E+25  3.5684E-06  1.0000E+00  7.9556E+03  8.1828E-05  1.1609E-11  3.1308E-13  1.4947E-02
 1.6154E+25  3.6061E-06  1.0000E+00  7.9282E+03  8.1828E-05  1.1510E-11  3.1396E-13  1.4389E-02
 1.6246E+25  3.6609E-06  1.0000E+00  7.9019E+03  8.1828E-05  1.1364E-11  3.1481E-13  1.3859E-02
 1.6339E+25  3.7166E-06  1.0000E+00  7.8767E+03  8.1828E-05  1.1218E-11  3.1564E-13  1.3355E-02
 1.6431E+25  3.7732E-06  1.0000E+00  7.8526E+03  8.1828E-05  1.1073E-11  3.1643E-13  1.2877E-02
 1.6524E+25  3.8105E-06  1.0000E+00  7.8294E+03  8.1828E-05  1.0992E-11  3.1719E-13  1.2421E-02
 1.6616E+25  3.8582E-06  1.0000E+00  7.8071E+03  8.1828E-05  1.0872E-11  3.1793E-13  1.1988E-02
 1.6709E+25  3.9163E-06  1.0000E+00  7.7857E+03  8.1828E-05  1.0731E-11  3.1864E-13  1.1575E-02
 1.6802E+25  3.9756E-06  1.0000E+00  7.7651E+03  8.1828E-05  1.0591E-11  3.1933E-13  1.1182E-02
 1.6894E+25  4.0148E-06  1.0000E+00  7.7452E+03  8.1828E-05  1.0510E-11  3.2000E-13  1.0807E-02
 1.6987E+25  4.0603E-06  1.0000E+00  7.7262E+03  8.1828E-05  1.0406E-11  3.2064E-13  1.0448E-02
 1.7079E+25  4.1214E-06  1.0000E+00  7.7078E+03  8.1828E-05  1.0268E-11  3.2126E-13  1.0106E-02
 1.7172E+25  4.1840E-06  1.0000E+00  7.6901E+03  8.1828E-05  1.0130E-11  3.2186E-13  9.7790E-03
 1.7264E+25  4.2122E-06  1.0000E+00  7.6730E+03  8.1828E-05  1.0083E-11  3.2245E-13  9.4661E-03
 1.7357E+25  4.2692E-06  1.0000E+00  7.6566E+03  8.1828E-05  9.9580E-12  3.2301E-13  9.1665E-03
 1.7450E+25  4.3338E-06  1.0000E+00  7.6407E+03  8.1828E-05  9.8234E-12  3.2356E-13  8.8802E-03
 1.7542E+25  4.3826E-06  1.0000E+00  7.6254E+03  8.1828E-05  9.7322E-12  3.2408E-13  8.6053E-03
 1.7635E+25  4.4190E-06  1.0000E+00  7.6106E+03  8.1828E-05  9.6603E-12  3.2460E-13  8.3423E-03
 1.7727E+25  4.4864E-06  1.0000E+00  7.5964E+03  8.1828E-05  9.5273E-12  3.2509E-13  8.0900E-03
 1.7820E+25  4.5505E-06  1.0000E+00  7.5826E+03  8.1828E-05  9.4091E-12  3.2557E-13  7.8475E-03
 1.7912E+25  4.5722E-06  1.0000E+00  7.5692E+03  8.1828E-05  9.3722E-12  3.2604E-13  7.6155E-03
 1.8005E+25  4.6419E-06  1.0000E+00  7.5563E+03  8.1828E-05  9.2416E-12  3.2649E-13  7.3919E-03
 1.8097E+25  4.7136E-06  1.0000E+00  7.5439E+03  8.1828E-05  9.1125E-12  3.2693E-13  7.1777E-03
 1.8190E+25  4.7301E-06  1.0000E+00  7.5318E+03  8.1828E-05  9.0929E-12  3.2735E-13  6.9713E-03
 1.8283E+25  4.8018E-06  1.0000E+00  7.5201E+03  8.1828E-05  8.9634E-12  3.2777E-13  6.7731E-03
 1.8375E+25  4.8757E-06  1.0000E+00  7.5089E+03  8.1828E-05  8.8390E-12  3.2817E-13  6.5824E-03
 1.8468E+25  4.8899E-06  1.0000E+00  7.4979E+03  8.1828E-05  8.8218E-12  3.2856E-13  6.3987E-03
 1.8560E+25  4.9659E-06  1.0000E+00  7.4873E+03  8.1828E-05  8.6931E-12  3.2894E-13  6.2221E-03
 1.8653E+25  5.0350E-06  9.9999E-01  7.4770E+03  8.1828E-05  8.5864E-12  3.2930E-13  6.0516E-03
 1.8745E+25  5.0542E-06  9.9999E-01  7.4671E+03  8.1828E-05  8.5573E-12  3.2966E-13  5.8877E-03
 1.8838E+25  5.1353E-06  9.9999E-01  7.4574E+03  8.1828E-05  8.4295E-12  3.3001E-13  5.7293E-03
 1.8931E+25  5.1895E-06  9.9999E-01  7.4481E+03  8.1828E-05  8.3532E-12  3.3034E-13  5.5770E-03
 1.9023E+25  5.2254E-06  9.9999E-01  7.4390E+03  8.1828E-05  8.2982E-12  3.3067E-13  5.4297E-03
 1.9116E+25  5.3108E-06  9.9999E-01  7.4302E+03  8.1828E-05  8.1714E-12  3.3099E-13  5.2879E-03
 1.9208E+25  5.3398E-06  9.9999E-01  7.4216E+03  8.1828E-05  8.1380E-12  3.3130E-13  5.1506E-03
 1.9301E+25  5.4031E-06  9.9999E-01  7.4133E+03  8.1828E-05  8.0443E-12  3.3160E-13  5.0183E-03
 1.9393E+25  5.4834E-06  9.9999E-01  7.4052E+03  8.1828E-05  7.9367E-12  3.3189E-13  4.8905E-03
 1.9486E+25  5.4958E-06  9.9999E-01  7.3974E+03  8.1828E-05  7.9204E-12  3.3218E-13  4.7668E-03
 1.9579E+25  5.5882E-06  9.9999E-01  7.3898E+03  8.1828E-05  7.7949E-12  3.3245E-13  4.6476E-03
 1.9671E+25  5.6281E-06  9.9999E-01  7.3824E+03  8.1828E-05  7.7493E-12  3.3273E-13  4.5318E-03
 1.9764E+25  5.6835E-06  9.9999E-01  7.3752E+03  8.1828E-05  7.6744E-12  3.3299E-13  4.4205E-03
 1.9856E+25  5.7703E-06  9.9999E-01  7.3682E+03  8.1828E-05  7.5683E-12  3.3324E-13  4.3120E-03
 1.9949E+25  5.7794E-06  9.9999E-01  7.3614E+03  8.1828E-05  7.5570E-12  3.3349E-13  4.2077E-03
 2.0041E+25  5.8801E-06  9.9999E-01  7.3548E+03  8.1828E-05  7.4320E-12  3.3374E-13  4.1064E-03
 2.0134E+25  5.9086E-06  9.9999E-01  7.3484E+03  8.1828E-05  7.4050E-12  3.3397E-13  4.0083E-03
 2.0227E+25  5.9792E-06  9.9999E-01  7.3421E+03  8.1828E-05  7.3175E-12  3.3421E-13  3.9136E-03
 2.0319E+25  6.0488E-06  9.9999E-01  7.3360E+03  8.1828E-05  7.2417E-12  3.3443E-13  3.8212E-03
 2.0412E+25  6.0796E-06  9.9999E-01  7.3301E+03  8.1828E-05  7.2046E-12  3.3465E-13  3.7325E-03
 2.0504E+25  6.1871E-06  9.9999E-01  7.3243E+03  8.1828E-05  7.0859E-12  3.3486E-13  3.6458E-03
 2.0597E+25  6.1824E-06  9.9999E-01  7.3187E+03  8.1828E-05  7.0942E-12  3.3507E-13  3.5621E-03
 2.0689E+25  6.2941E-06  9.9999E-01  7.3132E+03  8.1828E-05  6.9702E-12  3.3528E-13  3.4810E-03
 2.0782E+25  6.3179E-06  9.9999E-01  7.3079E+03  8.1828E-05  6.9517E-12  3.3548E-13  3.4018E-03
 2.0875E+25  6.3999E-06  9.9999E-01  7.3027E+03  8.1828E-05  6.8617E-12  3.3567E-13  3.3257E-03
 2.0967E+25  6.4550E-06  9.9999E-01  7.2976E+03  8.1828E-05  6.8106E-12  3.3586E-13  3.2513E-03
 2.1060E+25  6.5071E-06  9.9999E-01  7.2926E+03  8.1828E-05  6.7550E-12  3.3604E-13  3.1792E-03
 2.1152E+25  6.5919E-06  9.9999E-01  7.2878E+03  8.1828E-05  6.6753E-12  3.3622E-13  3.1096E-03
 2.1245E+25  6.6161E-06  9.9999E-01  7.2831E+03  8.1828E-05  6.6496E-12  3.3640E-13  3.0413E-03
 2.1337E+25  6.7281E-06  9.9999E-01  7.2785E+03  8.1828E-05  6.5458E-12  3.3657E-13  2.9755E-03
 2.1430E+25  6.7270E-06  9.9999E-01  7.2741E+03  8.1828E-05  6.5456E-12  3.3674E-13  2.9115E-03
 2.1523E+25  6.8581E-06  9.9999E-01  7.2697E+03  8.1828E-05  6.4231E-12  3.3690E-13  2.8488E-03
 2.1615E+25  6.8448E-06  9.9999E-01  7.2655E+03  8.1828E-05  6.4423E-12  3.3706E-13  2.7886E-03
 2.1708E+25  6.9749E-06  9.9999E-01  7.2613E+03  8.1828E-05  6.3205E-12  3.3722E-13  2.7297E-03
 2.1800E+25  6.9780E-06  9.9999E-01  7.2572E+03  8.1828E-05  6.3243E-12  3.3737E-13  2.6722E-03
 2.1893E+25  7.0938E-06  9.9999E-01  7.2533E+03  8.1828E-05  6.2192E-12  3.3752E-13  2.6168E-03
 2.1985E+25  7.1101E-06  9.9999E-01  7.2494E+03  8.1828E-05  6.2113E-12  3.3767E-13  2.5626E-03
 2.2078E+25  7.2152E-06  9.9999E-01  7.2456E+03  8.1828E-05  6.1190E-12  3.3781E-13  2.5096E-03
 2.2171E+25  7.2414E-06  9.9999E-01  7.2419E+03  8.1828E-05  6.1029E-12  3.3795E-13  2.4587E-03
 2.2263E+25  7.3392E-06  9.9999E-01  7.2383E+03  8.1828E-05  6.0198E-12  3.3808E-13  2.4087E-03
 2.2356E+25  7.3718E-06  9.9999E-01  7.2348E+03  8.1828E-05  5.9991E-12  3.3822E-13  2.3599E-03
 2.2448E+25  7.4657E-06  9.9999E-01  7.2314E+03  8.1828E-05  5.9217E-12  3.3835E-13  2.3129E-03
 2.2541E+25  7.5015E-06  9.9999E-01  7.2280E+03  8.1828E-05  5.8992E-12  3.3848E-13  2.2667E-03
 2.2633E+25  7.5953E-06  9.9999E-01  7.2247E+03  8.1828E-05  5.8243E-12  3.3860E-13  2.2216E-03
 2.2726E+25  7.6303E-06  9.9999E-01  7.2215E+03  8.1828E-05  5.8033E-12  3.3872E-13  2.1782E-03
 2.2819E+25  7.7279E-06  9.9999E-01  7.2184E+03  8.1828E-05  5.7278E-12  3.3884E-13  2.1356E-03
 2.2911E+25  7.7581E-06  9.9999E-01  7.2153E+03  8.1828E-05  5.7110E-12  3.3896E-13  2.0938E-03
 2.3004E+25  7.8637E-06  9.9999E-01  7.2123E+03  8.1828E-05  5.6321E-12  3.3907E-13  2.0536E-03
 2.3096E+25  7.8849E-06  9.9999E-01  7.2093E+03  8.1828E-05  5.6224E-12  3.3918E-13  2.0142E-03
 2.3189E+25  8.0030E-06  9.9999E-01  7.2065E+03  8.1828E-05  5.5371E-12  3.3929E-13  1.9755E-03
 2.3281E+25  8.0107E-06  9.9999E-01  7.2037E+03  8.1828E-05  5.5371E-12  3.3940E-13  1.9381E-03
 2.3374E+25  8.1459E-06  9.9999E-01  7.2009E+03  8.1828E-05  5.4428E-12  3.3951E-13  1.9017E-03
 2.3467E+25  8.1353E-06  9.9999E-01  7.1982E+03  8.1828E-05  5.4551E-12  3.3961E-13  1.8659E-03
 2.3559E+25  8.2926E-06  9.9999E-01  7.1956E+03  8.1828E-05  5.3492E-12  3.3971E-13  1.8309E-03
 2.3652E+25  8.2588E-06  9.9999E-01  7.1930E+03  8.1828E-05  5.3762E-12  3.3981E-13  1.7972E-03
 2.3744E+25  8.4246E-06  9.9999E-01  7.1905E+03  8.1828E-05  5.2716E-12  3.3991E-13  1.7640E-03
 2.3837E+25  8.4000E-06  9.9999E-01  7.1880E+03  8.1828E-05  5.2847E-12  3.4000E-13  1.7315E-03
 2.3929E+25  8.5480E-06  9.9999E-01  7.1856E+03  8.1828E-05  5.1981E-12  3.4010E-13  1.7000E-03
 2.4022E+25  8.5530E-06  9.9999E-01  7.1832E+03  8.1828E-05  5.1925E-12  3.4019E-13  1.6694E-03
 2.4115E+25  8.6699E-06  9.9999E-01  7.1809E+03  8.1828E-05  5.1274E-12  3.4028E-13  1.6391E-03
 2.4207E+25  8.7107E-06  9.9999E-01  7.1786E+03  8.1828E-05  5.1007E-12  3.4037E-13  1.6096E-03
 2.4300E+25  8.7905E-06  9.9999E-01  7.1764E+03  8.1828E-05  5.0592E-12  3.4045E-13  1.5811E-03
 2.4392E+25  8.8730E-06  9.9999E-01  7.1742E+03  8.1828E-05  5.0095E-12  3.4054E-13  1.5531E-03
 2.4485E+25  8.9099E-06  9.9999E-01  7.1720E+03  8.1828E-05  4.9934E-12  3.4062E-13  1.5255E-03
 2.4577E+25  9.0402E-06  9.9999E-01  7.1699E+03  8.1828E-05  4.9189E-12  3.4070E-13  1.4987E-03
 2.4670E+25  9.0279E-06  9.9999E-01  7.1679E+03  8.1828E-05  4.9302E-12  3.4078E-13  1.4728E-03
 2.4763E+25  9.1984E-06  9.9999E-01  7.1659E+03  8.1828E-05  4.8394E-12  3.4086E-13  1.4471E-03
 2.4855E+25  9.1583E-06  9.9999E-01  7.1639E+03  8.1828E-05  4.8585E-12  3.4093E-13  1.4220E-03
 2.4948E+25  9.3163E-06  9.9999E-01  7.1619E+03  8.1828E-05  4.7802E-12  3.4101E-13  1.3977E-03
 2.5040E+25  9.3333E-06  9.9999E-01  7.1600E+03  8.1828E-05  4.7688E-12  3.4108E-13  1.3739E-03
 2.5133E+25  9.4323E-06  9.9999E-01  7.1582E+03  8.1828E-05  4.7232E-12  3.4115E-13  1.3504E-03
 2.5225E+25  9.5147E-06  9.9999E-01  7.1563E+03  8.1828E-05  4.6796E-12  3.4122E-13  1.3274E-03
 2.5318E+25  9.5468E-06  9.9999E-01  7.1546E+03  8.1828E-05  4.6681E-12  3.4129E-13  1.3053E-03
 2.5411E+25  9.7019E-06  9.9999E-01  7.1528E+03  8.1828E-05  4.5908E-12  3.4136E-13  1.2835E-03
 2.5503E+25  9.6599E-06  9.9999E-01  7.1511E+03  8.1828E-05  4.6150E-12  3.4143E-13  1.2620E-03
 2.5596E+25  9.8354E-06  9.9999E-01  7.1494E+03  8.1828E-05  4.5334E-12  3.4149E-13  1.2409E-03
 2.5688E+25  9.8312E-06  9.9999E-01  7.1477E+03  8.1828E-05  4.5326E-12  3.4155E-13  1.2206E-03
 2.5781E+25  9.9473E-06  9.9999E-01  7.1461E+03  8.1828E-05  4.4838E-12  3.4162E-13  1.2007E-03
 2.5873E+25  1.0029E-05  9.9999E-01  7.1445E+03  8.1828E-05  4.4448E-12  3.4168E-13  1.1810E-03
 2.5966E+25  1.0058E-05  9.9999E-01  7.1429E+03  8.1828E-05  4.4358E-12  3.4174E-13  1.1616E-03
 2.6059E+25  1.0232E-05  9.9999E-01  7.1414E+03  8.1828E-05  4.3589E-12  3.4180E-13  1.1430E-03
 2.6151E+25  1.0168E-05  9.9999E-01  7.1399E+03  8.1828E-05  4.3879E-12  3.4186E-13  1.1247E-03
 2.6244E+25  1.0346E-05  9.9999E-01  7.1384E+03  8.1828E-05  4.3141E-12  3.4192E-13  1.1066E-03
 2.6336E+25  1.0373E-05  9.9999E-01  7.1369E+03  8.1828E-05  4.3004E-12  3.4197E-13  1.0888E-03
 2.6429E+25  1.0454E-05  9.9999E-01  7.1355E+03  8.1828E-05  4.2709E-12  3.4203E-13  1.0716E-03
 2.6521E+25  1.0589E-05  9.9999E-01  7.1341E+03  8.1828E-05  4.2137E-12  3.4208E-13  1.0548E-03
 2.6614E+25  1.0560E-05  9.9999E-01  7.1327E+03  8.1828E-05  4.2290E-12  3.4214E-13  1.0382E-03
 2.6707E+25  1.0743E-05  9.9999E-01  7.1314E+03  8.1828E-05  4.1578E-12  3.4219E-13  1.0218E-03
 2.6799E+25  1.0735E-05  9.9999E-01  7.1300E+03  8.1828E-05  4.1578E-12  3.4224E-13  1.0059E-03
 2.6892E+25  1.0847E-05  9.9999E-01  7.1287E+03  8.1828E-05  4.1187E-12  3.4229E-13  9.9052E-04
 2.6984E+25  1.0965E-05  9.9999E-01  7.1274E+03  8.1828E-05  4.0717E-12  3.4234E-13  9.7524E-04
 2.7077E+25  1.0951E-05  9.9999E-01  7.1262E+03  8.1828E-05  4.0808E-12  3.4239E-13  9.6014E-04
 2.7169E+25  1.1136E-05  9.9999E-01  7.1249E+03  8.1828E-05  4.0134E-12  3.4244E-13  9.4540E-04
 2.7262E+25  1.1119E-05  9.9999E-01  7.1237E+03  8.1828E-05  4.0167E-12  3.4249E-13  9.3113E-04
 2.7355E+25  1.1238E-05  9.9999E-01  7.1225E+03  8.1828E-05  3.9780E-12  3.4253E-13  9.1712E-04
 2.7447E+25  1.1364E-05  9.9999E-01  7.1213E+03  8.1828E-05  3.9310E-12  3.4258E-13  9.0323E-04
 2.7540E+25  1.1338E-05  9.9999E-01  7.1202E+03  8.1828E-05  3.9438E-12  3.4262E-13  8.8955E-04
 2.7632E+25  1.1526E-05  9.9999E-01  7.1190E+03  8.1828E-05  3.8798E-12  3.4267E-13  8.7628E-04
 2.7725E+25  1.1527E-05  9.9999E-01  7.1179E+03  8.1828E-05  3.8766E-12  3.4271E-13  8.6338E-04
 2.7817E+25  1.1624E-05  9.9999E-01  7.1168E+03  8.1828E-05  3.8478E-12  3.4275E-13  8.5060E-04
 2.7910E+25  1.1788E-05  9.9999E-01  7.1157E+03  8.1828E-05  3.7917E-12  3.4280E-13  8.3797E-04
 2.8003E+25  1.1721E-05  9.9999E-01  7.1147E+03  8.1828E-05  3.8168E-12  3.4284E-13  8.2557E-04
 2.8095E+25  1.1912E-05  9.9999E-01  7.1136E+03  8.1828E-05  3.7562E-12  3.4288E-13  8.1357E-04
 2.8188E+25  1.1962E-05  9.9999E-01  7.1126E+03  8.1828E-05  3.7376E-12  3.4292E-13  8.0185E-04
 2.8280E+25  1.2007E-05  9.9999E-01  7.1116E+03  8.1828E-05  3.7271E-12  3.4296E-13  7.9021E-04
 2.8373E+25  1.2201E-05  9.9999E-01  7.1106E+03  8.1828E-05  3.6682E-12  3.4300E-13  7.7870E-04
 2.8465E+25  1.2139E-05  9.9999E-01  7.1096E+03  8.1828E-05  3.6842E-12  3.4303E-13  7.6746E-04
 2.8558E+25  1.2293E-05  9.9999E-01  7.1087E+03  8.1828E-05  3.6414E-12  3.4307E-13  7.5656E-04
 2.8651E+25  1.2426E-05  9.9999E-01  7.1077E+03  8.1828E-05  3.5996E-12  3.4311E-13  7.4588E-04
 2.8743E+25  1.2384E-05  9.9999E-01  7.1068E+03  8.1828E-05  3.6152E-12  3.4314E-13  7.3525E-04
 2.8836E+25  1.2581E-05  9.9999E-01  7.1059E+03  8.1828E-05  3.5591E-12  3.4318E-13  7.2477E-04
 2.8928E+25  1.2616E-05  9.9999E-01  7.1050E+03  8.1828E-05  3.5464E-12  3.4322E-13  7.1453E-04
 2.9021E+25  1.2669E-05  9.9999E-01  7.1041E+03  8.1828E-05  3.5347E-12  3.4325E-13  7.0461E-04
 2.9113E+25  1.2869E-05  9.9999E-01  7.1032E+03  8.1828E-05  3.4802E-12  3.4328E-13  6.9486E-04
 2.9206E+25  1.2811E-05  9.9999E-01  7.1024E+03  8.1828E-05  3.4934E-12  3.4332E-13  6.8517E-04
 2.9299E+25  1.2955E-05  9.9999E-01  7.1015E+03  8.1828E-05  3.4577E-12  3.4335E-13  6.7559E-04
 2.9391E+25  1.3127E-05  9.9999E-01  7.1007E+03  8.1828E-05  3.4096E-12  3.4338E-13  6.6625E-04
 2.9484E+25  1.3041E-05  9.9999E-01  7.0999E+03  8.1828E-05  3.4354E-12  3.4341E-13  6.5716E-04
 2.9576E+25  1.3241E-05  9.9999E-01  7.0991E+03  8.1828E-05  3.3837E-12  3.4345E-13  6.4827E-04
 2.9669E+25  1.3337E-05  9.9999E-01  7.0983E+03  8.1828E-05  3.3568E-12  3.4348E-13  6.3942E-04
 2.9761E+25  1.3325E-05  9.9999E-01  7.0975E+03  8.1828E-05  3.3630E-12  3.4351E-13  6.3067E-04
 2.9854E+25  1.3528E-05  9.9999E-01  7.0967E+03  8.1828E-05  3.3128E-12  3.4354E-13  6.2209E-04
 2.9947E+25  1.3553E-05  9.9999E-01  7.0960E+03  8.1828E-05  3.3040E-12  3.4357E-13  6.1376E-04
 3.0039E+25  1.3608E-05  9.9999E-01  7.0952E+03  8.1828E-05  3.2936E-12  3.4360E-13  6.0563E-04
 3.0132E+25  1.3815E-05  9.9999E-01  7.0945E+03  8.1828E-05  3.2446E-12  3.4362E-13  5.9756E-04
 3.0224E+25  1.3775E-05  9.9999E-01  7.0938E+03  8.1828E-05  3.2514E-12  3.4365E-13  5.8955E-04
 3.0317E+25  1.3892E-05  9.9999E-01  7.0931E+03  8.1828E-05  3.2270E-12  3.4368E-13  5.8165E-04
 3.0409E+25  1.4101E-05  9.9999E-01  7.0924E+03  8.1828E-05  3.1793E-12  3.4371E-13  5.7399E-04
 3.0502E+25  1.4005E-05  9.9999E-01  7.0917E+03  8.1828E-05  3.1988E-12  3.4374E-13  5.6654E-04
 3.0594E+25  1.4176E-05  9.9999E-01  7.0910E+03  8.1828E-05  3.1630E-12  3.4376E-13  5.5917E-04
 3.0687E+25  1.4376E-05  9.9999E-01  7.0903E+03  8.1828E-05  3.1168E-12  3.4379E-13  5.5184E-04
 3.0780E+25  1.4253E-05  9.9999E-01  7.0896E+03  8.1828E-05  3.1461E-12  3.4381E-13  5.4459E-04
 3.0872E+25  1.4461E-05  9.9999E-01  7.0890E+03  8.1828E-05  3.1014E-12  3.4384E-13  5.3751E-04
 3.0965E+25  1.4626E-05  9.9999E-01  7.0884E+03  8.1828E-05  3.0639E-12  3.4387E-13  5.3062E-04
 3.1057E+25  1.4534E-05  9.9999E-01  7.0877E+03  8.1828E-05  3.0861E-12  3.4389E-13  5.2388E-04
 3.1150E+25  1.4745E-05  9.9999E-01  7.0871E+03  8.1828E-05  3.0422E-12  3.4391E-13  5.1718E-04
 3.1242E+25  1.4883E-05  9.9999E-01  7.0865E+03  8.1828E-05  3.0115E-12  3.4394E-13  5.1054E-04
 3.1335E+25  1.4815E-05  9.9999E-01  7.0859E+03  8.1828E-05  3.0280E-12  3.4396E-13  5.0398E-04
 3.1428E+25  1.5028E-05  9.9998E-01  7.0853E+03  8.1828E-05  2.9854E-12  3.4399E-13  4.9760E-04
 3.1520E+25  1.5149E-05  9.9998E-01  7.0847E+03  8.1828E-05  2.9591E-12  3.4401E-13  4.9139E-04
 3.1613E+25  1.5096E-05  9.9998E-01  7.0841E+03  8.1828E-05  2.9722E-12  3.4403E-13  4.8527E-04
 3.1705E+25  1.5311E-05  9.9998E-01  7.0836E+03  8.1828E-05  2.9307E-12  3.4405E-13  4.7919E-04
 3.1798E+25  1.5424E-05  9.9998E-01  7.0830E+03  8.1828E-05  2.9068E-12  3.4408E-13  4.7317E-04
 3.1890E+25  1.5377E-05  9.9998E-01  7.0824E+03  8.1828E-05  2.9184E-12  3.4410E-13  4.6721E-04
 3.1983E+25  1.5594E-05  9.9998E-01  7.0819E+03  8.1828E-05  2.8781E-12  3.4412E-13  4.6144E-04
 3.2076E+25  1.5708E-05  9.9998E-01  7.0814E+03  8.1828E-05  2.8546E-12  3.4414E-13  4.5581E-04
 3.2168E+25  1.5657E-05  9.9998E-01  7.0808E+03  8.1828E-05  2.8667E-12  3.4416E-13  4.5026E-04
 3.2261E+25  1.5875E-05  9.9998E-01  7.0803E+03  8.1828E-05  2.8274E-12  3.4418E-13  4.4473E-04
 3.2353E+25  1.6004E-05  9.9998E-01  7.0798E+03  8.1828E-05  2.8023E-12  3.4420E-13  4.3925E-04
 3.2446E+25  1.5936E-05  9.9998E-01  7.0793E+03  8.1828E-05  2.8168E-12  3.4422E-13  4.3385E-04
 3.2538E+25  1.6156E-05  9.9998E-01  7.0788E+03  8.1828E-05  2.7787E-12  3.4424E-13  4.2860E-04
 3.2631E+25  1.6309E-05  9.9998E-01  7.0783E+03  8.1828E-05  2.7502E-12  3.4426E-13  4.2349E-04
 3.2724E+25  1.6215E-05  9.9998E-01  7.0778E+03  8.1828E-05  2.7688E-12  3.4428E-13  4.1843E-04
 3.2816E+25  1.6437E-05  9.9998E-01  7.0773E+03  8.1828E-05  2.7316E-12  3.4430E-13  4.1341E-04
 3.2909E+25  1.6627E-05  9.9998E-01  7.0768E+03  8.1828E-05  2.6981E-12  3.4432E-13  4.0842E-04
 3.3001E+25  1.6493E-05  9.9998E-01  7.0764E+03  8.1828E-05  2.7225E-12  3.4434E-13  4.0350E-04
 3.3094E+25  1.6716E-05  9.9998E-01  7.0759E+03  8.1828E-05  2.6863E-12  3.4435E-13  3.9871E-04
 3.3186E+25  1.6940E-05  9.9998E-01  7.0754E+03  8.1828E-05  2.6505E-12  3.4437E-13  3.9404E-04
 3.3279E+25  1.6786E-05  9.9998E-01  7.0750E+03  8.1828E-05  2.6733E-12  3.4439E-13  3.8945E-04
 3.3372E+25  1.6995E-05  9.9998E-01  7.0746E+03  8.1828E-05  2.6426E-12  3.4441E-13  3.8488E-04
 3.3464E+25  1.7224E-05  9.9998E-01  7.0741E+03  8.1828E-05  2.6076E-12  3.4442E-13  3.8034E-04
 3.3557E+25  1.7121E-05  9.9998E-01  7.0737E+03  8.1828E-05  2.6210E-12  3.4444E-13  3.7584E-04
 3.3649E+25  1.7273E-05  9.9998E-01  7.0732E+03  8.1828E-05  2.6005E-12  3.4446E-13  3.7146E-04
 3.3742E+25  1.7504E-05  9.9998E-01  7.0728E+03  8.1828E-05  2.5662E-12  3.4448E-13  3.6717E-04
 3.3834E+25  1.7471E-05  9.9998E-01  7.0724E+03  8.1828E-05  2.5688E-12  3.4449E-13  3.6300E-04
 3.3927E+25  1.7550E-05  9.9998E-01  7.0720E+03  8.1828E-05  2.5597E-12  3.4451E-13  3.5884E-04
 3.4020E+25  1.7782E-05  9.9998E-01  7.0716E+03  8.1828E-05  2.5263E-12  3.4452E-13  3.5471E-04
 3.4112E+25  1.7834E-05  9.9998E-01  7.0712E+03  8.1828E-05  2.5167E-12  3.4454E-13  3.5061E-04
 3.4205E+25  1.7826E-05  9.9998E-01  7.0708E+03  8.1828E-05  2.5202E-12  3.4455E-13  3.4656E-04
 3.4297E+25  1.8059E-05  9.9998E-01  7.0704E+03  8.1828E-05  2.4879E-12  3.4457E-13  3.4263E-04
 3.4390E+25  1.8212E-05  9.9998E-01  7.0700E+03  8.1828E-05  2.4647E-12  3.4459E-13  3.3880E-04
 3.4482E+25  1.8102E-05  9.9998E-01  7.0697E+03  8.1828E-05  2.4821E-12  3.4460E-13  3.3502E-04
 3.4575E+25  1.8335E-05  9.9998E-01  7.0693E+03  8.1828E-05  2.4507E-12  3.4461E-13  3.3125E-04
 3.4668E+25  1.8570E-05  9.9998E-01  7.0689E+03  8.1828E-05  2.4196E-12  3.4463E-13  3.2751E-04
 3.4760E+25  1.8411E-05  9.9998E-01  7.0685E+03  8.1828E-05  2.4386E-12  3.4464E-13  3.2380E-04
 3.4853E+25  1.8610E-05  9.9998E-01  7.0682E+03  8.1828E-05  2.4148E-12  3.4466E-13  3.2017E-04
 3.4945E+25  1.8849E-05  9.9998E-01  7.0678E+03  8.1828E-05  2.3842E-12  3.4467E-13  3.1663E-04
 3.5038E+25  1.8813E-05  9.9998E-01  7.0675E+03  8.1828E-05  2.3866E-12  3.4469E-13  3.1317E-04
 3.5130E+25  1.8884E-05  9.9998E-01  7.0671E+03  8.1828E-05  2.3799E-12  3.4470E-13  3.0975E-04
 3.5223E+25  1.9125E-05  9.9998E-01  7.0668E+03  8.1828E-05  2.3501E-12  3.4471E-13  3.0634E-04
 3.5316E+25  1.9232E-05  9.9998E-01  7.0664E+03  8.1828E-05  2.3348E-12  3.4473E-13  3.0295E-04
 3.5408E+25  1.9159E-05  9.9998E-01  7.0661E+03  8.1828E-05  2.3460E-12  3.4474E-13  2.9959E-04
 3.5501E+25  1.9398E-05  9.9998E-01  7.0658E+03  8.1828E-05  2.3172E-12  3.4475E-13  2.9632E-04
 3.5593E+25  1.9639E-05  9.9998E-01  7.0655E+03  8.1828E-05  2.2886E-12  3.4477E-13  2.9310E-04
 3.5686E+25  1.9461E-05  9.9998E-01  7.0651E+03  8.1828E-05  2.3079E-12  3.4478E-13  2.8998E-04
 3.5778E+25  1.9670E-05  9.9998E-01  7.0648E+03  8.1828E-05  2.2853E-12  3.4479E-13  2.8688E-04
 3.5871E+25  1.9916E-05  9.9998E-01  7.0645E+03  8.1828E-05  2.2572E-12  3.4480E-13  2.8379E-04
 3.5964E+25  1.9908E-05  9.9998E-01  7.0642E+03  8.1828E-05  2.2560E-12  3.4482E-13  2.8072E-04
 3.6056E+25  1.9943E-05  9.9998E-01  7.0639E+03  8.1828E-05  2.2542E-12  3.4483E-13  2.7768E-04
 3.6149E+25  2.0188E-05  9.9998E-01  7.0636E+03  8.1828E-05  2.2270E-12  3.4484E-13  2.7470E-04
 3.6241E+25  2.0375E-05  9.9998E-01  7.0633E+03  8.1828E-05  2.2045E-12  3.4485E-13  2.7179E-04
 3.6334E+25  2.0215E-05  9.9998E-01  7.0630E+03  8.1828E-05  2.2241E-12  3.4486E-13  2.6895E-04
 3.6426E+25  2.0459E-05  9.9998E-01  7.0627E+03  8.1828E-05  2.1977E-12  3.4487E-13  2.6615E-04
 3.6519E+25  2.0710E-05  9.9998E-01  7.0624E+03  8.1828E-05  2.1711E-12  3.4489E-13  2.6334E-04
 3.6612E+25  2.0636E-05  9.9998E-01  7.0621E+03  8.1828E-05  2.1768E-12  3.4490E-13  2.6056E-04
 3.6704E+25  2.0730E-05  9.9998E-01  7.0618E+03  8.1828E-05  2.1691E-12  3.4491E-13  2.5779E-04
 3.6797E+25  2.0981E-05  9.9998E-01  7.0616E+03  8.1828E-05  2.1433E-12  3.4492E-13  2.5508E-04
 3.6889E+25  2.1137E-05  9.9998E-01  7.0613E+03  8.1828E-05  2.1254E-12  3.4493E-13  2.5243E-04
 3.6982E+25  2.1001E-05  9.9998E-01  7.0610E+03  8.1828E-05  2.1413E-12  3.4494E-13  2.4983E-04
 3.7074E+25  2.1250E-05  9.9998E-01  7.0608E+03  8.1828E-05  2.1163E-12  3.4495E-13  2.4729E-04
 3.7167E+25  2.1505E-05  9.9998E-01  7.0605E+03  8.1828E-05  2.0912E-12  3.4496E-13  2.4475E-04
 3.7260E+25  2.1422E-05  9.9998E-01  7.0602E+03  8.1828E-05  2.0973E-12  3.4497E-13  2.4222E-04
 3.7352E+25  2.1519E-05  9.9998E-01  7.0600E+03  8.1828E-05  2.0899E-12  3.4498E-13  2.3971E-04
 3.7445E+25  2.1774E-05  9.9998E-01  7.0597E+03  8.1828E-05  2.0656E-12  3.4499E-13  2.3723E-04
 3.7537E+25  2.1960E-05  9.9998E-01  7.0594E+03  8.1828E-05  2.0461E-12  3.4500E-13  2.3480E-04
 3.7630E+25  2.1789E-05  9.9998E-01  7.0592E+03  8.1828E-05  2.0642E-12  3.4501E-13  2.3242E-04
 3.7722E+25  2.2041E-05  9.9998E-01  7.0590E+03  8.1828E-05  2.0407E-12  3.4502E-13  2.3011E-04
 3.7815E+25  2.2301E-05  9.9998E-01  7.0587E+03  8.1828E-05  2.0169E-12  3.4503E-13  2.2781E-04
 3.7908E+25  2.2273E-05  9.9998E-01  7.0585E+03  8.1828E-05  2.0175E-12  3.4504E-13  2.2552E-04
 3.8000E+25  2.2311E-05  9.9998E-01  7.0582E+03  8.1828E-05  2.0162E-12  3.4505E-13  2.2323E-04
 3.8093E+25  2.2567E-05  9.9998E-01  7.0580E+03  8.1828E-05  1.9933E-12  3.4506E-13  2.2097E-04
 3.8185E+25  2.2826E-05  9.9998E-01  7.0578E+03  8.1828E-05  1.9704E-12  3.4507E-13  2.1874E-04
 3.8278E+25  2.2602E-05  9.9998E-01  7.0575E+03  8.1828E-05  1.9887E-12  3.4508E-13  2.1656E-04
 3.8370E+25  2.2834E-05  9.9998E-01  7.0573E+03  8.1828E-05  1.9701E-12  3.4509E-13  2.1442E-04
 3.8463E+25  2.3097E-05  9.9998E-01  7.0571E+03  8.1828E-05  1.9477E-12  3.4510E-13  2.1234E-04
 3.8556E+25  2.3194E-05  9.9998E-01  7.0569E+03  8.1828E-05  1.9377E-12  3.4511E-13  2.1026E-04
 3.8648E+25  2.3102E-05  9.9998E-01  7.0566E+03  8.1828E-05  1.9474E-12  3.4511E-13  2.0818E-04
 3.8741E+25  2.3362E-05  9.9998E-01  7.0564E+03  8.1828E-05  1.9258E-12  3.4512E-13  2.0612E-04
 3.8833E+25  2.3630E-05  9.9998E-01  7.0562E+03  8.1828E-05  1.9040E-12  3.4513E-13  2.0408E-04
 3.8926E+25  2.3550E-05  9.9998E-01  7.0560E+03  8.1828E-05  1.9085E-12  3.4514E-13  2.0207E-04
 3.9018E+25  2.3629E-05  9.9998E-01  7.0558E+03  8.1828E-05  1.9041E-12  3.4515E-13  2.0009E-04
 3.9111E+25  2.3893E-05  9.9998E-01  7.0556E+03  8.1828E-05  1.8831E-12  3.4516E-13  1.9817E-04
 3.9204E+25  2.4160E-05  9.9998E-01  7.0554E+03  8.1828E-05  1.8621E-12  3.4516E-13  1.9629E-04
 3.9296E+25  2.3925E-05  9.9998E-01  7.0551E+03  8.1828E-05  1.8791E-12  3.4517E-13  1.9440E-04
 3.9389E+25  2.4159E-05  9.9998E-01  7.0549E+03  8.1828E-05  1.8625E-12  3.4518E-13  1.9253E-04
 3.9481E+25  2.4427E-05  9.9998E-01  7.0547E+03  8.1828E-05  1.8421E-12  3.4519E-13  1.9067E-04
 3.9574E+25  2.4582E-05  9.9998E-01  7.0545E+03  8.1828E-05  1.8286E-12  3.4520E-13  1.8882E-04
 3.9666E+25  2.4424E-05  9.9998E-01  7.0543E+03  8.1828E-05  1.8424E-12  3.4520E-13  1.8699E-04
 3.9759E+25  2.4690E-05  9.9998E-01  7.0542E+03  8.1828E-05  1.8225E-12  3.4521E-13  1.8521E-04
 3.9852E+25  2.4964E-05  9.9998E-01  7.0540E+03  8.1828E-05  1.8026E-12  3.4522E-13  1.8345E-04
 3.9944E+25  2.4990E-05  9.9998E-01  7.0538E+03  8.1828E-05  1.7989E-12  3.4523E-13  1.8176E-04
 4.0037E+25  2.4956E-05  9.9998E-01  7.0536E+03  8.1828E-05  1.8032E-12  3.4523E-13  1.8006E-04
 4.0129E+25  2.5225E-05  9.9997E-01  7.0534E+03  8.1828E-05  1.7840E-12  3.4524E-13  1.7836E-04
 4.0222E+25  2.5503E-05  9.9997E-01  7.0532E+03  8.1828E-05  1.7647E-12  3.4525E-13  1.7668E-04
 4.0314E+25  2.5414E-05  9.9997E-01  7.0530E+03  8.1828E-05  1.7690E-12  3.4526E-13  1.7500E-04
 4.0407E+25  2.5491E-05  9.9997E-01  7.0529E+03  8.1828E-05  1.7655E-12  3.4526E-13  1.7334E-04
 4.0500E+25  2.5763E-05  9.9997E-01  7.0527E+03  8.1828E-05  1.7469E-12  3.4527E-13  1.7172E-04
 4.0592E+25  2.6044E-05  9.9997E-01  7.0525E+03  8.1828E-05  1.7281E-12  3.4528E-13  1.7012E-04
 4.0685E+25  2.5856E-05  9.9997E-01  7.0523E+03  8.1828E-05  1.7389E-12  3.4528E-13  1.6857E-04
 4.0777E+25  2.6028E-05  9.9997E-01  7.0522E+03  8.1828E-05  1.7292E-12  3.4529E-13  1.6704E-04
 4.0870E+25  2.6303E-05  9.9997E-01  7.0520E+03  8.1828E-05  1.7111E-12  3.4530E-13  1.6550E-04
 4.0962E+25  2.6583E-05  9.9997E-01  7.0518E+03  8.1828E-05  1.6929E-12  3.4530E-13  1.6398E-04
 4.1055E+25  2.6320E-05  9.9997E-01  7.0516E+03  8.1828E-05  1.7086E-12  3.4531E-13  1.6246E-04
 4.1148E+25  2.6567E-05  9.9997E-01  7.0515E+03  8.1828E-05  1.6942E-12  3.4532E-13  1.6095E-04
 4.1240E+25  2.6846E-05  9.9997E-01  7.0513E+03  8.1828E-05  1.6767E-12  3.4532E-13  1.5947E-04
 4.1333E+25  2.7099E-05  9.9997E-01  7.0511E+03  8.1828E-05  1.6593E-12  3.4533E-13  1.5801E-04
 4.1425E+25  2.6830E-05  9.9997E-01  7.0510E+03  8.1828E-05  1.6777E-12  3.4534E-13  1.5658E-04
 4.1518E+25  2.7109E-05  9.9997E-01  7.0508E+03  8.1828E-05  1.6605E-12  3.4534E-13  1.5519E-04
 4.1610E+25  2.7391E-05  9.9997E-01  7.0507E+03  8.1828E-05  1.6434E-12  3.4535E-13  1.5381E-04
 4.1703E+25  2.7605E-05  9.9997E-01  7.0505E+03  8.1828E-05  1.6290E-12  3.4536E-13  1.5243E-04
 4.1796E+25  2.7371E-05  9.9997E-01  7.0504E+03  8.1828E-05  1.6446E-12  3.4536E-13  1.5105E-04
 4.1888E+25  2.7653E-05  9.9997E-01  7.0502E+03  8.1828E-05  1.6279E-12  3.4537E-13  1.4968E-04
 4.1981E+25  2.7938E-05  9.9997E-01  7.0501E+03  8.1828E-05  1.6113E-12  3.4537E-13  1.4832E-04
 4.2073E+25  2.8131E-05  9.9997E-01  7.0499E+03  8.1828E-05  1.5986E-12  3.4538E-13  1.4699E-04
 4.2166E+25  2.7915E-05  9.9997E-01  7.0498E+03  8.1828E-05  1.6127E-12  3.4539E-13  1.4568E-04
 4.2258E+25  2.8200E-05  9.9997E-01  7.0496E+03  8.1828E-05  1.5964E-12  3.4539E-13  1.4439E-04
 4.2351E+25  2.8487E-05  9.9997E-01  7.0495E+03  8.1828E-05  1.5804E-12  3.4540E-13  1.4314E-04
 4.2443E+25  2.8679E-05  9.9997E-01  7.0493E+03  8.1828E-05  1.5682E-12  3.4540E-13  1.4190E-04
 4.2536E+25  2.8462E-05  9.9997E-01  7.0492E+03  8.1828E-05  1.5818E-12  3.4541E-13  1.4065E-04
 4.2629E+25  2.8750E-05  9.9997E-01  7.0490E+03  8.1828E-05  1.5660E-12  3.4541E-13  1.3941E-04
 4.2721E+25  2.9039E-05  9.9997E-01  7.0489E+03  8.1828E-05  1.5504E-12  3.4542E-13  1.3818E-04
 4.2814E+25  2.9249E-05  9.9997E-01  7.0488E+03  8.1828E-05  1.5377E-12  3.4543E-13  1.3695E-04
 4.2906E+25  2.9011E-05  9.9997E-01  7.0486E+03  8.1828E-05  1.5519E-12  3.4543E-13  1.3575E-04
 4.2999E+25  2.9301E-05  9.9997E-01  7.0485E+03  8.1828E-05  1.5366E-12  3.4544E-13  1.3456E-04
 4.3091E+25  2.9593E-05  9.9997E-01  7.0484E+03  8.1828E-05  1.5215E-12  3.4544E-13  1.3339E-04
 4.3184E+25  2.9842E-05  9.9997E-01  7.0482E+03  8.1828E-05  1.5072E-12  3.4545E-13  1.3227E-04
 4.3277E+25  2.9563E-05  9.9997E-01  7.0481E+03  8.1828E-05  1.5230E-12  3.4545E-13  1.3114E-04
 4.3369E+25  2.9855E-05  9.9997E-01  7.0480E+03  8.1828E-05  1.5081E-12  3.4546E-13  1.3002E-04
 4.3462E+25  3.0149E-05  9.9997E-01  7.0478E+03  8.1828E-05  1.4934E-12  3.4546E-13  1.2890E-04
 4.3554E+25  3.0442E-05  9.9997E-01  7.0477E+03  8.1828E-05  1.4787E-12  3.4547E-13  1.2778E-04
 4.3647E+25  3.0136E-05  9.9997E-01  7.0476E+03  8.1828E-05  1.4930E-12  3.4547E-13  1.2667E-04
 4.3739E+25  3.0411E-05  9.9997E-01  7.0475E+03  8.1828E-05  1.4807E-12  3.4548E-13  1.2558E-04
 4.3832E+25  3.0710E-05  9.9997E-01  7.0473E+03  8.1828E-05  1.4663E-12  3.4548E-13  1.2451E-04
 4.3925E+25  3.1010E-05  9.9997E-01  7.0472E+03  8.1828E-05  1.4521E-12  3.4549E-13  1.2344E-04
 4.4017E+25  3.0767E-05  9.9997E-01  7.0471E+03  8.1828E-05  1.4621E-12  3.4549E-13  1.2242E-04
 4.4110E+25  3.0969E-05  9.9997E-01  7.0470E+03  8.1828E-05  1.4540E-12  3.4550E-13  1.2141E-04
 4.4202E+25  3.1271E-05  9.9997E-01  7.0468E+03  8.1828E-05  1.4400E-12  3.4550E-13  1.2039E-04
 4.4295E+25  3.1574E-05  9.9997E-01  7.0467E+03  8.1828E-05  1.4262E-12  3.4551E-13  1.1938E-04
 4.4387E+25  3.1431E-05  9.9997E-01  7.0466E+03  8.1828E-05  1.4312E-12  3.4551E-13  1.1837E-04
 4.4480E+25  3.1531E-05  9.9997E-01  7.0465E+03  8.1828E-05  1.4282E-12  3.4551E-13  1.1737E-04
 4.4573E+25  3.1836E-05  9.9997E-01  7.0464E+03  8.1828E-05  1.4145E-12  3.4552E-13  1.1638E-04
 4.4665E+25  3.2140E-05  9.9997E-01  7.0463E+03  8.1828E-05  1.4012E-12  3.4552E-13  1.1540E-04
 4.4758E+25  3.2122E-05  9.9997E-01  7.0461E+03  8.1828E-05  1.4005E-12  3.4553E-13  1.1444E-04
 4.4850E+25  3.2097E-05  9.9997E-01  7.0460E+03  8.1828E-05  1.4031E-12  3.4553E-13  1.1349E-04
 4.4943E+25  3.2402E-05  9.9997E-01  7.0459E+03  8.1828E-05  1.3899E-12  3.4554E-13  1.1258E-04
 4.5035E+25  3.2709E-05  9.9997E-01  7.0458E+03  8.1828E-05  1.3768E-12  3.4554E-13  1.1166E-04
 4.5128E+25  3.2840E-05  9.9997E-01  7.0457E+03  8.1828E-05  1.3700E-12  3.4555E-13  1.1075E-04
 4.5221E+25  3.2666E-05  9.9997E-01  7.0456E+03  8.1828E-05  1.3787E-12  3.4555E-13  1.0984E-04
 4.5313E+25  3.2969E-05  9.9997E-01  7.0455E+03  8.1828E-05  1.3660E-12  3.4555E-13  1.0893E-04
 4.5406E+25  3.3282E-05  9.9997E-01  7.0454E+03  8.1828E-05  1.3532E-12  3.4556E-13  1.0803E-04
 4.5498E+25  3.3577E-05  9.9997E-01  7.0453E+03  8.1828E-05  1.3407E-12  3.4556E-13  1.0714E-04
 4.5591E+25  3.3244E-05  9.9997E-01  7.0452E+03  8.1828E-05  1.3540E-12  3.4557E-13  1.0626E-04
 4.5683E+25  3.3542E-05  9.9997E-01  7.0451E+03  8.1828E-05  1.3427E-12  3.4557E-13  1.0539E-04
 4.5776E+25  3.3857E-05  9.9997E-01  7.0450E+03  8.1828E-05  1.3303E-12  3.4558E-13  1.0454E-04
 4.5869E+25  3.4170E-05  9.9997E-01  7.0449E+03  8.1828E-05  1.3181E-12  3.4558E-13  1.0372E-04
 4.5961E+25  3.4001E-05  9.9997E-01  7.0448E+03  8.1828E-05  1.3233E-12  3.4558E-13  1.0290E-04
 4.6054E+25  3.4119E-05  9.9997E-01  7.0447E+03  8.1828E-05  1.3201E-12  3.4559E-13  1.0207E-04
 4.6146E+25  3.4432E-05  9.9997E-01  7.0446E+03  8.1828E-05  1.3081E-12  3.4559E-13  1.0125E-04
 4.6239E+25  3.4751E-05  9.9997E-01  7.0445E+03  8.1828E-05  1.2961E-12  3.4560E-13  1.0044E-04
 4.6331E+25  3.4803E-05  9.9997E-01  7.0444E+03  8.1828E-05  1.2928E-12  3.4560E-13  9.9628E-05
 4.6424E+25  3.4698E-05  9.9997E-01  7.0443E+03  8.1828E-05  1.2981E-12  3.4560E-13  9.8821E-05
 4.6517E+25  3.5011E-05  9.9996E-01  7.0442E+03  8.1828E-05  1.2865E-12  3.4561E-13  9.8029E-05
 4.6609E+25  3.5334E-05  9.9996E-01  7.0441E+03  8.1828E-05  1.2748E-12  3.4561E-13  9.7243E-05
 4.6702E+25  3.5633E-05  9.9996E-01  7.0440E+03  8.1828E-05  1.2634E-12  3.4561E-13  9.6473E-05
 4.6794E+25  3.5283E-05  9.9996E-01  7.0439E+03  8.1828E-05  1.2761E-12  3.4562E-13  9.5731E-05
 4.6887E+25  3.5598E-05  9.9996E-01  7.0438E+03  8.1828E-05  1.2654E-12  3.4562E-13  9.4992E-05
 4.6979E+25  3.5917E-05  9.9996E-01  7.0437E+03  8.1828E-05  1.2542E-12  3.4563E-13  9.4251E-05
 4.7072E+25  3.6244E-05  9.9996E-01  7.0436E+03  8.1828E-05  1.2428E-12  3.4563E-13  9.3513E-05
 4.7165E+25  3.6124E-05  9.9996E-01  7.0435E+03  8.1828E-05  1.2456E-12  3.4563E-13  9.2778E-05
 4.7257E+25  3.6184E-05  9.9996E-01  7.0434E+03  8.1828E-05  1.2449E-12  3.4564E-13  9.2047E-05
 4.7350E+25  3.6505E-05  9.9996E-01  7.0433E+03  8.1828E-05  1.2340E-12  3.4564E-13  9.1318E-05
 4.7442E+25  3.6835E-05  9.9996E-01  7.0433E+03  8.1828E-05  1.2229E-12  3.4564E-13  9.0600E-05
 4.7535E+25  3.7024E-05  9.9996E-01  7.0432E+03  8.1828E-05  1.2154E-12  3.4565E-13  8.9890E-05
 4.7627E+25  3.6770E-05  9.9996E-01  7.0431E+03  8.1828E-05  1.2251E-12  3.4565E-13  8.9188E-05
 4.7720E+25  3.7101E-05  9.9996E-01  7.0430E+03  8.1828E-05  1.2142E-12  3.4565E-13  8.8511E-05
 4.7813E+25  3.7425E-05  9.9996E-01  7.0429E+03  8.1828E-05  1.2037E-12  3.4566E-13  8.7845E-05
 4.7905E+25  3.7760E-05  9.9996E-01  7.0428E+03  8.1828E-05  1.1930E-12  3.4566E-13  8.7180E-05
 4.7998E+25  3.7558E-05  9.9996E-01  7.0427E+03  8.1828E-05  1.1981E-12  3.4566E-13  8.6515E-05
 4.8090E+25  3.7694E-05  9.9996E-01  7.0427E+03  8.1828E-05  1.1951E-12  3.4567E-13  8.5852E-05
 4.8183E+25  3.8025E-05  9.9996E-01  7.0426E+03  8.1828E-05  1.1847E-12  3.4567E-13  8.5193E-05
 4.8275E+25  3.8359E-05  9.9996E-01  7.0425E+03  8.1828E-05  1.1744E-12  3.4567E-13  8.4535E-05
 4.8368E+25  3.8527E-05  9.9996E-01  7.0424E+03  8.1828E-05  1.1680E-12  3.4568E-13  8.3881E-05
 4.8461E+25  3.8287E-05  9.9996E-01  7.0423E+03  8.1828E-05  1.1767E-12  3.4568E-13  8.3238E-05
 4.8553E+25  3.8628E-05  9.9996E-01  7.0423E+03  8.1828E-05  1.1663E-12  3.4568E-13  8.2600E-05
 4.8646E+25  3.8959E-05  9.9996E-01  7.0422E+03  8.1828E-05  1.1564E-12  3.4569E-13  8.1972E-05
 4.8738E+25  3.9302E-05  9.9996E-01  7.0421E+03  8.1828E-05  1.1463E-12  3.4569E-13  8.1369E-05
 4.8831E+25  3.9117E-05  9.9996E-01  7.0420E+03  8.1828E-05  1.1505E-12  3.4569E-13  8.0770E-05
 4.8923E+25  3.9228E-05  9.9996E-01  7.0419E+03  8.1828E-05  1.1485E-12  3.4570E-13  8.0173E-05
 4.9016E+25  3.9571E-05  9.9996E-01  7.0419E+03  8.1828E-05  1.1385E-12  3.4570E-13  7.9575E-05
 4.9109E+25  3.9906E-05  9.9996E-01  7.0418E+03  8.1828E-05  1.1290E-12  3.4570E-13  7.8979E-05
 4.9201E+25  4.0157E-05  9.9996E-01  7.0417E+03  8.1828E-05  1.1207E-12  3.4570E-13  7.8385E-05
 4.9294E+25  3.9831E-05  9.9996E-01  7.0416E+03  8.1828E-05  1.1311E-12  3.4571E-13  7.7794E-05
 4.9386E+25  4.0179E-05  9.9996E-01  7.0416E+03  8.1828E-05  1.1213E-12  3.4571E-13  7.7206E-05
 4.9479E+25  4.0523E-05  9.9996E-01  7.0415E+03  8.1828E-05  1.1118E-12  3.4571E-13  7.6629E-05
 4.9571E+25  4.0866E-05  9.9996E-01  7.0414E+03  8.1828E-05  1.1025E-12  3.4572E-13  7.6054E-05
 4.9664E+25  4.0810E-05  9.9996E-01  7.0413E+03  8.1828E-05  1.1028E-12  3.4572E-13  7.5487E-05
 4.9757E+25  4.0787E-05  9.9996E-01  7.0413E+03  8.1828E-05  1.1047E-12  3.4572E-13  7.4945E-05
 4.9849E+25  4.1140E-05  9.9996E-01  7.0412E+03  8.1828E-05  1.0952E-12  3.4572E-13  7.4407E-05
 4.9942E+25  4.1486E-05  9.9996E-01  7.0411E+03  8.1828E-05  1.0860E-12  3.4573E-13  7.3870E-05
 5.0034E+25  4.1834E-05  9.9996E-01  7.0410E+03  8.1828E-05  1.0770E-12  3.4573E-13  7.3333E-05
 5.0127E+25  4.1494E-05  9.9996E-01  7.0410E+03  8.1828E-05  1.0847E-12  3.4573E-13  7.2796E-05
 5.0219E+25  4.1754E-05  9.9996E-01  7.0409E+03  8.1828E-05  1.0791E-12  3.4574E-13  7.2263E-05
 5.0312E+25  4.2112E-05  9.9996E-01  7.0408E+03  8.1828E-05  1.0700E-12  3.4574E-13  7.1731E-05
 5.0405E+25  4.2460E-05  9.9996E-01  7.0408E+03  8.1828E-05  1.0612E-12  3.4574E-13  7.1202E-05
 5.0497E+25  4.2640E-05  9.9996E-01  7.0407E+03  8.1828E-05  1.0556E-12  3.4574E-13  7.0679E-05
 5.0590E+25  4.2381E-05  9.9996E-01  7.0406E+03  8.1828E-05  1.0632E-12  3.4575E-13  7.0161E-05
 5.0682E+25  4.2732E-05  9.9996E-01  7.0406E+03  8.1828E-05  1.0545E-12  3.4575E-13  6.9647E-05
 5.0775E+25  4.3094E-05  9.9996E-01  7.0405E+03  8.1828E-05  1.0456E-12  3.4575E-13  6.9152E-05
 5.0867E+25  4.3445E-05  9.9996E-01  7.0404E+03  8.1828E-05  1.0371E-12  3.4576E-13  6.8669E-05
 5.0960E+25  4.3391E-05  9.9996E-01  7.0404E+03  8.1828E-05  1.0373E-12  3.4576E-13  6.8186E-05
 5.1053E+25  4.3364E-05  9.9996E-01  7.0403E+03  8.1828E-05  1.0391E-12  3.4576E-13  6.7704E-05
 5.1145E+25  4.3722E-05  9.9996E-01  7.0402E+03  8.1828E-05  1.0306E-12  3.4576E-13  6.7221E-05
 5.1238E+25  4.4088E-05  9.9996E-01  7.0402E+03  8.1828E-05  1.0221E-12  3.4577E-13  6.6741E-05
 5.1330E+25  4.4442E-05  9.9996E-01  7.0401E+03  8.1828E-05  1.0139E-12  3.4577E-13  6.6263E-05
 5.1423E+25  4.4175E-05  9.9996E-01  7.0400E+03  8.1828E-05  1.0189E-12  3.4577E-13  6.5786E-05
 5.1515E+25  4.4359E-05  9.9996E-01  7.0400E+03  8.1828E-05  1.0158E-12  3.4577E-13  6.5311E-05
 5.1608E+25  4.4723E-05  9.9996E-01  7.0399E+03  8.1828E-05  1.0076E-12  3.4578E-13  6.4844E-05
 5.1701E+25  4.5093E-05  9.9995E-01  7.0399E+03  8.1828E-05  9.9931E-13  3.4578E-13  6.4380E-05
 5.1793E+25  4.5425E-05  9.9995E-01  7.0398E+03  8.1828E-05  9.9143E-13  3.4578E-13  6.3921E-05
 5.1886E+25  4.5018E-05  9.9995E-01  7.0397E+03  8.1828E-05  1.0005E-12  3.4578E-13  6.3481E-05
 5.1978E+25  4.5367E-05  9.9995E-01  7.0397E+03  8.1828E-05  9.9326E-13  3.4578E-13  6.3047E-05
 5.2071E+25  4.5735E-05  9.9995E-01  7.0396E+03  8.1828E-05  9.8533E-13  3.4579E-13  6.2615E-05
 5.2163E+25  4.6110E-05  9.9995E-01  7.0396E+03  8.1828E-05  9.7730E-13  3.4579E-13  6.2181E-05
 5.2256E+25  4.6292E-05  9.9995E-01  7.0395E+03  8.1828E-05  9.7237E-13  3.4579E-13  6.1749E-05
 5.2349E+25  4.6024E-05  9.9995E-01  7.0394E+03  8.1828E-05  9.7913E-13  3.4579E-13  6.1317E-05
 5.2441E+25  4.6387E-05  9.9995E-01  7.0394E+03  8.1828E-05  9.7144E-13  3.4580E-13  6.0888E-05
 5.2534E+25  4.6758E-05  9.9995E-01  7.0393E+03  8.1828E-05  9.6379E-13  3.4580E-13  6.0460E-05
 5.2626E+25  4.7138E-05  9.9995E-01  7.0393E+03  8.1828E-05  9.5600E-13  3.4580E-13  6.0034E-05
 5.2719E+25  4.7186E-05  9.9995E-01  7.0392E+03  8.1828E-05  9.5396E-13  3.4580E-13  5.9615E-05
 5.2811E+25  4.7052E-05  9.9995E-01  7.0392E+03  8.1828E-05  9.5777E-13  3.4581E-13  5.9197E-05
 5.2904E+25  4.7420E-05  9.9995E-01  7.0391E+03  8.1828E-05  9.5031E-13  3.4581E-13  5.8784E-05
 5.2997E+25  4.7794E-05  9.9995E-01  7.0390E+03  8.1828E-05  9.4293E-13  3.4581E-13  5.8390E-05
 5.3089E+25  4.8179E-05  9.9995E-01  7.0390E+03  8.1828E-05  9.3538E-13  3.4581E-13  5.8000E-05
 5.3182E+25  4.8119E-05  9.9995E-01  7.0389E+03  8.1828E-05  9.3549E-13  3.4582E-13  5.7612E-05
 5.3274E+25  4.8092E-05  9.9995E-01  7.0389E+03  8.1828E-05  9.3707E-13  3.4582E-13  5.7223E-05
 5.3367E+25  4.8466E-05  9.9995E-01  7.0388E+03  8.1828E-05  9.2983E-13  3.4582E-13  5.6834E-05
 5.3459E+25  4.8842E-05  9.9995E-01  7.0388E+03  8.1828E-05  9.2272E-13  3.4582E-13  5.6447E-05
 5.3552E+25  4.9232E-05  9.9995E-01  7.0387E+03  8.1828E-05  9.1540E-13  3.4582E-13  5.6061E-05
 5.3645E+25  4.9091E-05  9.9995E-01  7.0387E+03  8.1828E-05  9.1699E-13  3.4583E-13  5.5677E-05
 5.3737E+25  4.9145E-05  9.9995E-01  7.0386E+03  8.1828E-05  9.1703E-13  3.4583E-13  5.5293E-05
 5.3830E+25  4.9525E-05  9.9995E-01  7.0386E+03  8.1828E-05  9.0997E-13  3.4583E-13  5.4915E-05
 5.3922E+25  4.9903E-05  9.9995E-01  7.0385E+03  8.1828E-05  9.0312E-13  3.4583E-13  5.4540E-05
 5.4015E+25  5.0298E-05  9.9995E-01  7.0384E+03  8.1828E-05  8.9603E-13  3.4583E-13  5.4165E-05
 5.4107E+25  5.0103E-05  9.9995E-01  7.0384E+03  8.1828E-05  8.9850E-13  3.4584E-13  5.3807E-05
 5.4200E+25  5.0211E-05  9.9995E-01  7.0383E+03  8.1828E-05  8.9759E-13  3.4584E-13  5.3456E-05
 5.4292E+25  5.0598E-05  9.9995E-01  7.0383E+03  8.1828E-05  8.9070E-13  3.4584E-13  5.3108E-05
 5.4385E+25  5.0978E-05  9.9995E-01  7.0382E+03  8.1828E-05  8.8409E-13  3.4584E-13  5.2759E-05
 5.4478E+25  5.1376E-05  9.9995E-01  7.0382E+03  8.1828E-05  8.7724E-13  3.4584E-13  5.2410E-05
 5.4570E+25  5.1156E-05  9.9995E-01  7.0381E+03  8.1828E-05  8.8002E-13  3.4585E-13  5.2062E-05
 5.4663E+25  5.1289E-05  9.9995E-01  7.0381E+03  8.1828E-05  8.7875E-13  3.4585E-13  5.1716E-05
 5.4755E+25  5.1684E-05  9.9995E-01  7.0380E+03  8.1828E-05  8.7202E-13  3.4585E-13  5.1370E-05
 5.4848E+25  5.2069E-05  9.9995E-01  7.0380E+03  8.1828E-05  8.6556E-13  3.4585E-13  5.1025E-05
 5.4940E+25  5.2468E-05  9.9995E-01  7.0379E+03  8.1828E-05  8.5902E-13  3.4585E-13  5.0682E-05
 5.5033E+25  5.2251E-05  9.9995E-01  7.0379E+03  8.1828E-05  8.6162E-13  3.4586E-13  5.0344E-05
 5.5126E+25  5.2383E-05  9.9995E-01  7.0378E+03  8.1828E-05  8.6040E-13  3.4586E-13  5.0007E-05
 5.5218E+25  5.2783E-05  9.9995E-01  7.0378E+03  8.1828E-05  8.5389E-13  3.4586E-13  4.9673E-05
 5.5311E+25  5.3177E-05  9.9995E-01  7.0377E+03  8.1828E-05  8.4756E-13  3.4586E-13  4.9356E-05
 5.5403E+25  5.3572E-05  9.9995E-01  7.0377E+03  8.1828E-05  8.4134E-13  3.4586E-13  4.9042E-05
 5.5496E+25  5.3385E-05  9.9995E-01  7.0376E+03  8.1828E-05  8.4334E-13  3.4587E-13  4.8729E-05
 5.5588E+25  5.3496E-05  9.9995E-01  7.0376E+03  8.1828E-05  8.4251E-13  3.4587E-13  4.8417E-05
 5.5681E+25  5.3896E-05  9.9995E-01  7.0376E+03  8.1828E-05  8.3627E-13  3.4587E-13  4.8104E-05
 5.5774E+25  5.4297E-05  9.9995E-01  7.0375E+03  8.1828E-05  8.3009E-13  3.4587E-13  4.7792E-05
 5.5866E+25  5.4693E-05  9.9995E-01  7.0375E+03  8.1828E-05  8.2410E-13  3.4587E-13  4.7481E-05
 5.5959E+25  5.4562E-05  9.9995E-01  7.0374E+03  8.1828E-05  8.2516E-13  3.4588E-13  4.7171E-05
 5.6051E+25  5.4625E-05  9.9995E-01  7.0374E+03  8.1828E-05  8.2510E-13  3.4588E-13  4.6862E-05
 5.6144E+25  5.5022E-05  9.9994E-01  7.0373E+03  8.1828E-05  8.1920E-13  3.4588E-13  4.6555E-05
 5.6236E+25  5.5432E-05  9.9994E-01  7.0373E+03  8.1828E-05  8.1312E-13  3.4588E-13  4.6251E-05
 5.6329E+25  5.5833E-05  9.9994E-01  7.0372E+03  8.1828E-05  8.0727E-13  3.4588E-13  4.5948E-05
 5.6422E+25  5.5783E-05  9.9994E-01  7.0372E+03  8.1828E-05  8.0713E-13  3.4588E-13  4.5648E-05
 5.6514E+25  5.5769E-05  9.9994E-01  7.0371E+03  8.1828E-05  8.0823E-13  3.4589E-13  4.5363E-05
 5.6607E+25  5.6165E-05  9.9994E-01  7.0371E+03  8.1828E-05  8.0252E-13  3.4589E-13  4.5081E-05
 5.6699E+25  5.6581E-05  9.9994E-01  7.0371E+03  8.1828E-05  7.9664E-13  3.4589E-13  4.4801E-05
 5.6792E+25  5.6992E-05  9.9994E-01  7.0370E+03  8.1828E-05  7.9089E-13  3.4589E-13  4.4521E-05
 5.6884E+25  5.7048E-05  9.9994E-01  7.0370E+03  8.1828E-05  7.8924E-13  3.4589E-13  4.4241E-05
 5.6977E+25  5.6923E-05  9.9994E-01  7.0369E+03  8.1828E-05  7.9186E-13  3.4589E-13  4.3961E-05
 5.7070E+25  5.7331E-05  9.9994E-01  7.0369E+03  8.1828E-05  7.8620E-13  3.4590E-13  4.3682E-05
 5.7162E+25  5.7743E-05  9.9994E-01  7.0368E+03  8.1828E-05  7.8063E-13  3.4590E-13  4.3404E-05
 5.7255E+25  5.8163E-05  9.9994E-01  7.0368E+03  8.1828E-05  7.7498E-13  3.4590E-13  4.3126E-05
 5.7347E+25  5.8366E-05  9.9994E-01  7.0368E+03  8.1828E-05  7.7142E-13  3.4590E-13  4.2850E-05
 5.7440E+25  5.8093E-05  9.9994E-01  7.0367E+03  8.1828E-05  7.7593E-13  3.4590E-13  4.2577E-05
 5.7532E+25  5.8515E-05  9.9994E-01  7.0367E+03  8.1828E-05  7.7033E-13  3.4590E-13  4.2304E-05
 5.7625E+25  5.8920E-05  9.9994E-01  7.0366E+03  8.1828E-05  7.6503E-13  3.4591E-13  4.2033E-05
 5.7718E+25  5.9349E-05  9.9994E-01  7.0366E+03  8.1828E-05  7.5952E-13  3.4591E-13  4.1773E-05
 5.7810E+25  5.9728E-05  9.9994E-01  7.0365E+03  8.1828E-05  7.5415E-13  3.4591E-13  4.1519E-05
 5.7903E+25  5.9285E-05  9.9994E-01  7.0365E+03  8.1828E-05  7.6003E-13  3.4591E-13  4.1267E-05
 5.7995E+25  5.9707E-05  9.9994E-01  7.0365E+03  8.1828E-05  7.5497E-13  3.4591E-13  4.1017E-05
 5.8088E+25  6.0126E-05  9.9994E-01  7.0364E+03  8.1828E-05  7.4969E-13  3.4591E-13  4.0765E-05
 5.8180E+25  6.0549E-05  9.9994E-01  7.0364E+03  8.1828E-05  7.4449E-13  3.4592E-13  4.0514E-05
 5.8273E+25  6.0978E-05  9.9994E-01  7.0363E+03  8.1828E-05  7.3920E-13  3.4592E-13  4.0264E-05
 5.8366E+25  6.0659E-05  9.9994E-01  7.0363E+03  8.1828E-05  7.4232E-13  3.4592E-13  4.0014E-05
 5.8458E+25  6.0915E-05  9.9994E-01  7.0363E+03  8.1828E-05  7.4002E-13  3.4592E-13  3.9766E-05
 5.8551E+25  6.1349E-05  9.9994E-01  7.0362E+03  8.1828E-05  7.3478E-13  3.4592E-13  3.9516E-05
 5.8643E+25  6.1766E-05  9.9994E-01  7.0362E+03  8.1828E-05  7.2980E-13  3.4592E-13  3.9270E-05
 5.8736E+25  6.2206E-05  9.9994E-01  7.0361E+03  8.1828E-05  7.2467E-13  3.4593E-13  3.9025E-05
 5.8828E+25  6.2123E-05  9.9994E-01  7.0361E+03  8.1828E-05  7.2482E-13  3.4593E-13  3.8781E-05
 5.8921E+25  6.2143E-05  9.9994E-01  7.0361E+03  8.1828E-05  7.2540E-13  3.4593E-13  3.8538E-05
 5.9014E+25  6.2581E-05  9.9994E-01  7.0360E+03  8.1828E-05  7.2034E-13  3.4593E-13  3.8307E-05
 5.9106E+25  6.3016E-05  9.9994E-01  7.0360E+03  8.1828E-05  7.1534E-13  3.4593E-13  3.8080E-05
 5.9199E+25  6.3444E-05  9.9994E-01  7.0359E+03  8.1828E-05  7.1055E-13  3.4593E-13  3.7855E-05
 5.9291E+25  6.3634E-05  9.9994E-01  7.0359E+03  8.1828E-05  7.0763E-13  3.4593E-13  3.7631E-05
 5.9384E+25  6.3401E-05  9.9994E-01  7.0359E+03  8.1828E-05  7.1101E-13  3.4594E-13  3.7405E-05
 5.9476E+25  6.3829E-05  9.9994E-01  7.0358E+03  8.1828E-05  7.0626E-13  3.4594E-13  3.7180E-05
 5.9569E+25  6.4277E-05  9.9994E-01  7.0358E+03  8.1828E-05  7.0135E-13  3.4594E-13  3.6956E-05
 5.9662E+25  6.4710E-05  9.9994E-01  7.0358E+03  8.1828E-05  6.9663E-13  3.4594E-13  3.6733E-05
 5.9754E+25  6.5138E-05  9.9993E-01  7.0357E+03  8.1828E-05  6.9190E-13  3.4594E-13  3.6510E-05
 5.9847E+25  6.4726E-05  9.9994E-01  7.0357E+03  8.1828E-05  6.9588E-13  3.4594E-13  3.6287E-05
 5.9939E+25  6.5108E-05  9.9993E-01  7.0356E+03  8.1828E-05  6.9239E-13  3.4595E-13  3.6066E-05
 6.0032E+25  6.5550E-05  9.9993E-01  7.0356E+03  8.1828E-05  6.8774E-13  3.4595E-13  3.5846E-05
 6.0124E+25  6.6003E-05  9.9993E-01  7.0356E+03  8.1828E-05  6.8302E-13  3.4595E-13  3.5626E-05
 6.0217E+25  6.6436E-05  9.9993E-01  7.0355E+03  8.1828E-05  6.7856E-13  3.4595E-13  3.5408E-05
 6.0310E+25  6.6322E-05  9.9993E-01  7.0355E+03  8.1828E-05  6.7899E-13  3.4595E-13  3.5200E-05
 6.0402E+25  6.6409E-05  9.9993E-01  7.0355E+03  8.1828E-05  6.7884E-13  3.4595E-13  3.4996E-05
 6.0495E+25  6.6848E-05  9.9993E-01  7.0354E+03  8.1828E-05  6.7438E-13  3.4595E-13  3.4794E-05
 6.0587E+25  6.7301E-05  9.9993E-01  7.0354E+03  8.1828E-05  6.6986E-13  3.4596E-13  3.4594E-05
 6.0680E+25  6.7757E-05  9.9993E-01  7.0353E+03  8.1828E-05  6.6533E-13  3.4596E-13  3.4392E-05
 6.0772E+25  6.7975E-05  9.9993E-01  7.0353E+03  8.1828E-05  6.6250E-13  3.4596E-13  3.4190E-05
 6.0865E+25  6.7729E-05  9.9993E-01  7.0353E+03  8.1828E-05  6.6563E-13  3.4596E-13  3.3990E-05
 6.0958E+25  6.8178E-05  9.9993E-01  7.0352E+03  8.1828E-05  6.6124E-13  3.4596E-13  3.3789E-05
 6.1050E+25  6.8622E-05  9.9993E-01  7.0352E+03  8.1828E-05  6.5696E-13  3.4596E-13  3.3589E-05
 6.1143E+25  6.9085E-05  9.9993E-01  7.0352E+03  8.1828E-05  6.5258E-13  3.4596E-13  3.3389E-05
 6.1235E+25  6.9538E-05  9.9993E-01  7.0351E+03  8.1828E-05  6.4827E-13  3.4597E-13  3.3190E-05
 6.1328E+25  6.9220E-05  9.9993E-01  7.0351E+03  8.1828E-05  6.5064E-13  3.4597E-13  3.2993E-05
 6.1420E+25  6.9524E-05  9.9993E-01  7.0351E+03  8.1828E-05  6.4846E-13  3.4597E-13  3.2796E-05
 6.1513E+25  6.9979E-05  9.9993E-01  7.0350E+03  8.1828E-05  6.4423E-13  3.4597E-13  3.2600E-05
 6.1606E+25  7.0431E-05  9.9993E-01  7.0350E+03  8.1828E-05  6.4011E-13  3.4597E-13  3.2407E-05
 6.1698E+25  7.0901E-05  9.9993E-01  7.0350E+03  8.1828E-05  6.3588E-13  3.4597E-13  3.2223E-05
 6.1791E+25  7.0985E-05  9.9993E-01  7.0349E+03  8.1828E-05  6.3441E-13  3.4597E-13  3.2040E-05
 6.1883E+25  7.0889E-05  9.9993E-01  7.0349E+03  8.1828E-05  6.3599E-13  3.4598E-13  3.1861E-05
 6.1976E+25  7.1352E-05  9.9993E-01  7.0349E+03  8.1828E-05  6.3185E-13  3.4598E-13  3.1681E-05
 6.2068E+25  7.1815E-05  9.9993E-01  7.0348E+03  8.1828E-05  6.2777E-13  3.4598E-13  3.1501E-05
 6.2161E+25  7.2275E-05  9.9993E-01  7.0348E+03  8.1828E-05  6.2380E-13  3.4598E-13  3.1320E-05
 6.2254E+25  7.2737E-05  9.9993E-01  7.0348E+03  8.1828E-05  6.1971E-13  3.4598E-13  3.1141E-05
 6.2346E+25  7.2349E-05  9.9993E-01  7.0347E+03  8.1828E-05  6.2259E-13  3.4598E-13  3.0961E-05
 6.2439E+25  7.2749E-05  9.9993E-01  7.0347E+03  8.1828E-05  6.1974E-13  3.4598E-13  3.0783E-05
 6.2531E+25  7.3217E-05  9.9993E-01  7.0346E+03  8.1828E-05  6.1578E-13  3.4598E-13  3.0604E-05
 6.2624E+25  7.3687E-05  9.9993E-01  7.0346E+03  8.1828E-05  6.1184E-13  3.4599E-13  3.0426E-05
 6.2716E+25  7.4154E-05  9.9993E-01  7.0346E+03  8.1828E-05  6.0800E-13  3.4599E-13  3.0249E-05
 6.2809E+25  7.4219E-05  9.9993E-01  7.0346E+03  8.1828E-05  6.0682E-13  3.4599E-13  3.0072E-05
 6.2902E+25  7.4163E-05  9.9993E-01  7.0345E+03  8.1828E-05  6.0791E-13  3.4599E-13  2.9897E-05
 6.2994E+25  7.4644E-05  9.9993E-01  7.0345E+03  8.1828E-05  6.0402E-13  3.4599E-13  2.9724E-05
 6.3087E+25  7.5118E-05  9.9992E-01  7.0344E+03  8.1828E-05  6.0021E-13  3.4599E-13  2.9559E-05
 6.3179E+25  7.5595E-05  9.9992E-01  7.0344E+03  8.1828E-05  5.9641E-13  3.4599E-13  2.9396E-05
 6.3272E+25  7.6055E-05  9.9992E-01  7.0344E+03  8.1828E-05  5.9271E-13  3.4600E-13  2.9235E-05
 6.3364E+25  7.5704E-05  9.9992E-01  7.0344E+03  8.1828E-05  5.9504E-13  3.4600E-13  2.9075E-05
 6.3457E+25  7.6088E-05  9.9992E-01  7.0343E+03  8.1828E-05  5.9256E-13  3.4600E-13  2.8913E-05
 6.3550E+25  7.6576E-05  9.9992E-01  7.0343E+03  8.1828E-05  5.8879E-13  3.4600E-13  2.8752E-05
 6.3642E+25  7.7056E-05  9.9992E-01  7.0342E+03  8.1828E-05  5.8512E-13  3.4600E-13  2.8591E-05
 6.3735E+25  7.7541E-05  9.9992E-01  7.0342E+03  8.1828E-05  5.8146E-13  3.4600E-13  2.8430E-05
 6.3827E+25  7.7667E-05  9.9992E-01  7.0342E+03  8.1828E-05  5.7991E-13  3.4600E-13  2.8270E-05
 6.3920E+25  7.7579E-05  9.9992E-01  7.0342E+03  8.1828E-05  5.8118E-13  3.4600E-13  2.8110E-05
 6.4012E+25  7.8051E-05  9.9992E-01  7.0341E+03  8.1828E-05  5.7766E-13  3.4601E-13  2.7950E-05
 6.4105E+25  7.8546E-05  9.9992E-01  7.0341E+03  8.1828E-05  5.7404E-13  3.4601E-13  2.7792E-05
 6.4198E+25  7.9033E-05  9.9992E-01  7.0341E+03  8.1828E-05  5.7050E-13  3.4601E-13  2.7634E-05
 6.4290E+25  7.9522E-05  9.9992E-01  7.0340E+03  8.1828E-05  5.6696E-13  3.4601E-13  2.7476E-05
 6.4383E+25  7.9266E-05  9.9992E-01  7.0340E+03  8.1828E-05  5.6825E-13  3.4601E-13  2.7319E-05
 6.4475E+25  7.9575E-05  9.9992E-01  7.0340E+03  8.1828E-05  5.6662E-13  3.4601E-13  2.7170E-05
 6.4568E+25  8.0054E-05  9.9992E-01  7.0339E+03  8.1828E-05  5.6322E-13  3.4601E-13  2.7023E-05
 6.4660E+25  8.0555E-05  9.9992E-01  7.0339E+03  8.1828E-05  5.5973E-13  3.4602E-13  2.6878E-05
 6.4753E+25  8.1049E-05  9.9992E-01  7.0339E+03  8.1828E-05  5.5632E-13  3.4602E-13  2.6735E-05
 6.4846E+25  8.1364E-05  9.9992E-01  7.0338E+03  8.1828E-05  5.5358E-13  3.4602E-13  2.6591E-05
 6.4938E+25  8.1111E-05  9.9992E-01  7.0338E+03  8.1828E-05  5.5589E-13  3.4602E-13  2.6446E-05
 6.5031E+25  8.1610E-05  9.9992E-01  7.0338E+03  8.1828E-05  5.5250E-13  3.4602E-13  2.6302E-05
 6.5123E+25  8.2098E-05  9.9992E-01  7.0337E+03  8.1828E-05  5.4920E-13  3.4602E-13  2.6159E-05
 6.5216E+25  8.2605E-05  9.9992E-01  7.0337E+03  8.1828E-05  5.4585E-13  3.4602E-13  2.6015E-05
 6.5308E+25  8.3106E-05  9.9992E-01  7.0337E+03  8.1828E-05  5.4256E-13  3.4602E-13  2.5872E-05
 6.5401E+25  8.3087E-05  9.9992E-01  7.0337E+03  8.1828E-05  5.4212E-13  3.4602E-13  2.5729E-05
 6.5494E+25  8.3183E-05  9.9992E-01  7.0336E+03  8.1828E-05  5.4206E-13  3.4603E-13  2.5586E-05
 6.5586E+25  8.3688E-05  9.9992E-01  7.0336E+03  8.1828E-05  5.3880E-13  3.4603E-13  2.5444E-05
 6.5679E+25  8.4185E-05  9.9992E-01  7.0335E+03  8.1828E-05  5.3560E-13  3.4603E-13  2.5303E-05
 6.5771E+25  8.4695E-05  9.9992E-01  7.0335E+03  8.1828E-05  5.3240E-13  3.4603E-13  2.5162E-05
 6.5864E+25  8.5192E-05  9.9991E-01  7.0335E+03  8.1828E-05  5.2919E-13  3.4603E-13  2.5022E-05
 6.5956E+25  8.4893E-05  9.9992E-01  7.0335E+03  8.1828E-05  5.3069E-13  3.4603E-13  2.4889E-05
 6.6049E+25  8.5299E-05  9.9991E-01  7.0334E+03  8.1828E-05  5.2862E-13  3.4603E-13  2.4758E-05
 6.6142E+25  8.5808E-05  9.9991E-01  7.0334E+03  8.1828E-05  5.2549E-13  3.4603E-13  2.4629E-05
 6.6234E+25  8.6316E-05  9.9991E-01  7.0334E+03  8.1828E-05  5.2238E-13  3.4604E-13  2.4500E-05
 6.6327E+25  8.6828E-05  9.9991E-01  7.0333E+03  8.1828E-05  5.1933E-13  3.4604E-13  2.4371E-05
 6.6419E+25  8.7137E-05  9.9991E-01  7.0333E+03  8.1828E-05  5.1695E-13  3.4604E-13  2.4242E-05
 6.6512E+25  8.6952E-05  9.9991E-01  7.0333E+03  8.1828E-05  5.1859E-13  3.4604E-13  2.4113E-05
 6.6604E+25  8.7462E-05  9.9991E-01  7.0333E+03  8.1828E-05  5.1555E-13  3.4604E-13  2.3985E-05
 6.6697E+25  8.7973E-05  9.9991E-01  7.0332E+03  8.1828E-05  5.1257E-13  3.4604E-13  2.3857E-05
 6.6789E+25  8.8491E-05  9.9991E-01  7.0332E+03  8.1828E-05  5.0956E-13  3.4604E-13  2.3729E-05
 6.6882E+25  8.9004E-05  9.9991E-01  7.0331E+03  8.1828E-05  5.0664E-13  3.4604E-13  2.3601E-05
 6.6975E+25  8.9062E-05  9.9991E-01  7.0331E+03  8.1828E-05  5.0580E-13  3.4605E-13  2.3473E-05
 6.7067E+25  8.9147E-05  9.9991E-01  7.0331E+03  8.1828E-05  5.0582E-13  3.4605E-13  2.3346E-05
 6.7160E+25  8.9671E-05  9.9991E-01  7.0331E+03  8.1828E-05  5.0286E-13  3.4605E-13  2.3219E-05
 6.7252E+25  9.0184E-05  9.9991E-01  7.0330E+03  8.1828E-05  5.0001E-13  3.4605E-13  2.3093E-05
 6.7345E+25  9.0711E-05  9.9991E-01  7.0330E+03  8.1828E-05  4.9711E-13  3.4605E-13  2.2967E-05
 6.7437E+25  9.1223E-05  9.9991E-01  7.0330E+03  8.1828E-05  4.9430E-13  3.4605E-13  2.2847E-05
 6.7530E+25  9.1061E-05  9.9991E-01  7.0329E+03  8.1828E-05  4.9474E-13  3.4605E-13  2.2729E-05
 6.7623E+25  9.1393E-05  9.9991E-01  7.0329E+03  8.1828E-05  4.9340E-13  3.4605E-13  2.2612E-05
 6.7715E+25  9.1925E-05  9.9991E-01  7.0329E+03  8.1828E-05  4.9054E-13  3.4606E-13  2.2498E-05
 6.7808E+25  9.2444E-05  9.9991E-01  7.0328E+03  8.1828E-05  4.8779E-13  3.4606E-13  2.2383E-05
 6.7900E+25  9.2975E-05  9.9991E-01  7.0328E+03  8.1828E-05  4.8501E-13  3.4606E-13  2.2268E-05
 6.7993E+25  9.3453E-05  9.9991E-01  7.0328E+03  8.1828E-05  4.8229E-13  3.4606E-13  2.2153E-05
 6.8085E+25  9.3171E-05  9.9991E-01  7.0328E+03  8.1828E-05  4.8377E-13  3.4606E-13  2.2037E-05
 6.8178E+25  9.3687E-05  9.9991E-01  7.0327E+03  8.1828E-05  4.8132E-13  3.4606E-13  2.1923E-05
 6.8271E+25  9.4225E-05  9.9991E-01  7.0327E+03  8.1828E-05  4.7859E-13  3.4606E-13  2.1808E-05
 6.8363E+25  9.4755E-05  9.9991E-01  7.0327E+03  8.1828E-05  4.7590E-13  3.4606E-13  2.1694E-05
 6.8456E+25  9.5287E-05  9.9990E-01  7.0326E+03  8.1828E-05  4.7325E-13  3.4607E-13  2.1579E-05
 6.8548E+25  9.5603E-05  9.9990E-01  7.0326E+03  8.1828E-05  4.7123E-13  3.4607E-13  2.1465E-05
 6.8641E+25  9.5486E-05  9.9990E-01  7.0326E+03  8.1828E-05  4.7227E-13  3.4607E-13  2.1352E-05
 6.8733E+25  9.6033E-05  9.9990E-01  7.0325E+03  8.1828E-05  4.6958E-13  3.4607E-13  2.1238E-05
 6.8826E+25  9.6570E-05  9.9990E-01  7.0325E+03  8.1828E-05  4.6697E-13  3.4607E-13  2.1125E-05
 6.8919E+25  9.7116E-05  9.9990E-01  7.0325E+03  8.1828E-05  4.6434E-13  3.4607E-13  2.1014E-05
 6.9011E+25  9.7650E-05  9.9990E-01  7.0324E+03  8.1828E-05  4.6180E-13  3.4607E-13  2.0907E-05
 6.9104E+25  9.7812E-05  9.9990E-01  7.0324E+03  8.1828E-05  4.6061E-13  3.4607E-13  2.0802E-05
 6.9196E+25  9.7871E-05  9.9990E-01  7.0324E+03  8.1828E-05  4.6077E-13  3.4607E-13  2.0698E-05
 6.9289E+25  9.8425E-05  9.9990E-01  7.0324E+03  8.1828E-05  4.5818E-13  3.4608E-13  2.0596E-05
 6.9381E+25  9.8971E-05  9.9990E-01  7.0323E+03  8.1828E-05  4.5565E-13  3.4608E-13  2.0494E-05
 6.9474E+25  9.9526E-05  9.9990E-01  7.0323E+03  8.1828E-05  4.5311E-13  3.4608E-13  2.0390E-05
 6.9567E+25  1.0007E-04  9.9990E-01  7.0323E+03  8.1828E-05  4.5065E-13  3.4608E-13  2.0288E-05
 6.9659E+25  1.0010E-04  9.9990E-01  7.0323E+03  8.1828E-05  4.5013E-13  3.4608E-13  2.0185E-05
 6.9752E+25  1.0031E-04  9.9990E-01  7.0322E+03  8.1828E-05  4.4956E-13  3.4608E-13  2.0082E-05
 6.9844E+25  1.0087E-04  9.9990E-01  7.0322E+03  8.1828E-05  4.4710E-13  3.4608E-13  1.9980E-05
 6.9937E+25  1.0143E-04  9.9990E-01  7.0321E+03  8.1828E-05  4.4463E-13  3.4608E-13  1.9878E-05
 7.0029E+25  1.0198E-04  9.9990E-01  7.0321E+03  8.1828E-05  4.4221E-13  3.4609E-13  1.9775E-05
 7.0122E+25  1.0254E-04  9.9990E-01  7.0321E+03  8.1828E-05  4.3980E-13  3.4609E-13  1.9673E-05
 7.0215E+25  1.0246E-04  9.9990E-01  7.0321E+03  8.1828E-05  4.3977E-13  3.4609E-13  1.9572E-05
 7.0307E+25  1.0281E-04  9.9990E-01  7.0320E+03  8.1828E-05  4.3864E-13  3.4609E-13  1.9470E-05
 7.0400E+25  1.0336E-04  9.9990E-01  7.0320E+03  8.1828E-05  4.3631E-13  3.4609E-13  1.9369E-05
 7.0492E+25  1.0393E-04  9.9990E-01  7.0319E+03  8.1828E-05  4.3392E-13  3.4609E-13  1.9269E-05
 7.0585E+25  1.0449E-04  9.9990E-01  7.0319E+03  8.1828E-05  4.3159E-13  3.4609E-13  1.9173E-05
 7.0677E+25  1.0505E-04  9.9989E-01  7.0319E+03  8.1828E-05  4.2925E-13  3.4609E-13  1.9079E-05
 7.0770E+25  1.0491E-04  9.9990E-01  7.0319E+03  8.1828E-05  4.2954E-13  3.4609E-13  1.8985E-05
 7.0863E+25  1.0536E-04  9.9989E-01  7.0318E+03  8.1828E-05  4.2803E-13  3.4610E-13  1.8894E-05
 7.0955E+25  1.0592E-04  9.9989E-01  7.0318E+03  8.1828E-05  4.2577E-13  3.4610E-13  1.8803E-05
 7.1048E+25  1.0649E-04  9.9989E-01  7.0318E+03  8.1828E-05  4.2351E-13  3.4610E-13  1.8710E-05
 7.1140E+25  1.0706E-04  9.9989E-01  7.0317E+03  8.1828E-05  4.2124E-13  3.4610E-13  1.8619E-05
 7.1233E+25  1.0761E-04  9.9989E-01  7.0317E+03  8.1828E-05  4.1900E-13  3.4610E-13  1.8527E-05
 7.1325E+25  1.0745E-04  9.9989E-01  7.0317E+03  8.1828E-05  4.1947E-13  3.4610E-13  1.8435E-05
 7.1418E+25  1.0797E-04  9.9989E-01  7.0317E+03  8.1828E-05  4.1769E-13  3.4610E-13  1.8344E-05
 7.1511E+25  1.0854E-04  9.9989E-01  7.0316E+03  8.1828E-05  4.1551E-13  3.4611E-13  1.8253E-05
 7.1603E+25  1.0911E-04  9.9989E-01  7.0316E+03  8.1828E-05  4.1336E-13  3.4611E-13  1.8161E-05
 7.1696E+25  1.0969E-04  9.9989E-01  7.0315E+03  8.1828E-05  4.1117E-13  3.4611E-13  1.8070E-05
 7.1788E+25  1.1021E-04  9.9989E-01  7.0315E+03  8.1828E-05  4.0901E-13  3.4611E-13  1.7979E-05
 7.1881E+25  1.1008E-04  9.9989E-01  7.0315E+03  8.1828E-05  4.0958E-13  3.4611E-13  1.7888E-05
 7.1973E+25  1.1064E-04  9.9989E-01  7.0315E+03  8.1828E-05  4.0761E-13  3.4611E-13  1.7797E-05
 7.2066E+25  1.1121E-04  9.9989E-01  7.0314E+03  8.1828E-05  4.0553E-13  3.4611E-13  1.7707E-05
 7.2159E+25  1.1179E-04  9.9989E-01  7.0314E+03  8.1828E-05  4.0345E-13  3.4611E-13  1.7618E-05
 7.2251E+25  1.1237E-04  9.9989E-01  7.0314E+03  8.1828E-05  4.0137E-13  3.4612E-13  1.7533E-05
 7.2344E+25  1.1286E-04  9.9989E-01  7.0313E+03  8.1828E-05  3.9930E-13  3.4612E-13  1.7449E-05
 7.2436E+25  1.1279E-04  9.9989E-01  7.0313E+03  8.1828E-05  3.9986E-13  3.4612E-13  1.7366E-05
 7.2529E+25  1.1338E-04  9.9989E-01  7.0313E+03  8.1828E-05  3.9780E-13  3.4612E-13  1.7285E-05
 7.2621E+25  1.1395E-04  9.9989E-01  7.0312E+03  8.1828E-05  3.9579E-13  3.4612E-13  1.7203E-05
 7.2714E+25  1.1453E-04  9.9989E-01  7.0312E+03  8.1828E-05  3.9380E-13  3.4612E-13  1.7121E-05
 7.2807E+25  1.1511E-04  9.9988E-01  7.0312E+03  8.1828E-05  3.9182E-13  3.4612E-13  1.7039E-05
 7.2899E+25  1.1559E-04  9.9988E-01  7.0312E+03  8.1828E-05  3.8990E-13  3.4612E-13  1.6957E-05
 7.2992E+25  1.1557E-04  9.9988E-01  7.0311E+03  8.1828E-05  3.9026E-13  3.4612E-13  1.6875E-05
 7.3084E+25  1.1617E-04  9.9988E-01  7.0311E+03  8.1828E-05  3.8826E-13  3.4613E-13  1.6794E-05
 7.3177E+25  1.1675E-04  9.9988E-01  7.0310E+03  8.1828E-05  3.8630E-13  3.4613E-13  1.6712E-05
 7.3269E+25  1.1733E-04  9.9988E-01  7.0310E+03  8.1828E-05  3.8440E-13  3.4613E-13  1.6630E-05
 7.3362E+25  1.1792E-04  9.9988E-01  7.0310E+03  8.1828E-05  3.8249E-13  3.4613E-13  1.6549E-05
 7.3455E+25  1.1839E-04  9.9988E-01  7.0310E+03  8.1828E-05  3.8069E-13  3.4613E-13  1.6467E-05
 7.3547E+25  1.1841E-04  9.9988E-01  7.0309E+03  8.1828E-05  3.8091E-13  3.4613E-13  1.6386E-05
 7.3640E+25  1.1901E-04  9.9988E-01  7.0309E+03  8.1828E-05  3.7898E-13  3.4613E-13  1.6305E-05
 7.3732E+25  1.1961E-04  9.9988E-01  7.0309E+03  8.1828E-05  3.7707E-13  3.4614E-13  1.6224E-05
 7.3825E+25  1.2020E-04  9.9988E-01  7.0308E+03  8.1828E-05  3.7522E-13  3.4614E-13  1.6144E-05
 7.3917E+25  1.2079E-04  9.9988E-01  7.0308E+03  8.1828E-05  3.7339E-13  3.4614E-13  1.6068E-05
 7.4010E+25  1.2127E-04  9.9988E-01  7.0308E+03  8.1828E-05  3.7165E-13  3.4614E-13  1.5993E-05
 7.4103E+25  1.2132E-04  9.9988E-01  7.0307E+03  8.1828E-05  3.7179E-13  3.4614E-13  1.5918E-05
 7.4195E+25  1.2192E-04  9.9988E-01  7.0307E+03  8.1828E-05  3.6995E-13  3.4614E-13  1.5846E-05
 7.4288E+25  1.2254E-04  9.9988E-01  7.0307E+03  8.1828E-05  3.6809E-13  3.4614E-13  1.5773E-05
 7.4380E+25  1.2314E-04  9.9988E-01  7.0306E+03  8.1828E-05  3.6629E-13  3.4615E-13  1.5700E-05
 7.4473E+25  1.2374E-04  9.9988E-01  7.0306E+03  8.1828E-05  3.6452E-13  3.4615E-13  1.5626E-05
 7.4565E+25  1.2424E-04  9.9988E-01  7.0306E+03  8.1828E-05  3.6280E-13  3.4615E-13  1.5553E-05
 7.4658E+25  1.2429E-04  9.9988E-01  7.0306E+03  8.1828E-05  3.6290E-13  3.4615E-13  1.5480E-05
 7.4751E+25  1.2490E-04  9.9988E-01  7.0305E+03  8.1828E-05  3.6113E-13  3.4615E-13  1.5407E-05
 7.4843E+25  1.2551E-04  9.9987E-01  7.0305E+03  8.1828E-05  3.5937E-13  3.4615E-13  1.5334E-05
 7.4936E+25  1.2614E-04  9.9987E-01  7.0304E+03  8.1828E-05  3.5759E-13  3.4615E-13  1.5262E-05
 7.5028E+25  1.2674E-04  9.9987E-01  7.0304E+03  8.1828E-05  3.5588E-13  3.4615E-13  1.5189E-05
 7.5121E+25  1.2728E-04  9.9987E-01  7.0304E+03  8.1828E-05  3.5419E-13  3.4615E-13  1.5116E-05
 7.5213E+25  1.2734E-04  9.9987E-01  7.0304E+03  8.1828E-05  3.5416E-13  3.4616E-13  1.5043E-05
 7.5306E+25  1.2795E-04  9.9987E-01  7.0303E+03  8.1828E-05  3.5254E-13  3.4616E-13  1.4971E-05
 7.5399E+25  1.2856E-04  9.9987E-01  7.0303E+03  8.1828E-05  3.5085E-13  3.4616E-13  1.4898E-05
 7.5491E+25  1.2919E-04  9.9987E-01  7.0302E+03  8.1828E-05  3.4915E-13  3.4616E-13  1.4826E-05
 7.5584E+25  1.2982E-04  9.9987E-01  7.0302E+03  8.1828E-05  3.4746E-13  3.4616E-13  1.4756E-05
 7.5676E+25  1.3039E-04  9.9987E-01  7.0302E+03  8.1828E-05  3.4584E-13  3.4616E-13  1.4688E-05
 7.5769E+25  1.3047E-04  9.9987E-01  7.0301E+03  8.1828E-05  3.4559E-13  3.4616E-13  1.4621E-05
 7.5861E+25  1.3107E-04  9.9987E-01  7.0301E+03  8.1828E-05  3.4415E-13  3.4617E-13  1.4555E-05
 7.5954E+25  1.3169E-04  9.9987E-01  7.0301E+03  8.1828E-05  3.4253E-13  3.4617E-13  1.4490E-05
 7.6047E+25  1.3231E-04  9.9987E-01  7.0300E+03  8.1828E-05  3.4092E-13  3.4617E-13  1.4425E-05
 7.6139E+25  1.3295E-04  9.9987E-01  7.0300E+03  8.1828E-05  3.3930E-13  3.4617E-13  1.4360E-05
 7.6232E+25  1.3356E-04  9.9987E-01  7.0299E+03  8.1828E-05  3.3768E-13  3.4617E-13  1.4294E-05
 7.6324E+25  1.3370E-04  9.9987E-01  7.0299E+03  8.1828E-05  3.3724E-13  3.4617E-13  1.4229E-05
 7.6417E+25  1.3426E-04  9.9987E-01  7.0299E+03  8.1828E-05  3.3596E-13  3.4617E-13  1.4164E-05
 7.6509E+25  1.3488E-04  9.9987E-01  7.0298E+03  8.1828E-05  3.3442E-13  3.4618E-13  1.4099E-05
 7.6602E+25  1.3551E-04  9.9986E-01  7.0298E+03  8.1828E-05  3.3288E-13  3.4618E-13  1.4034E-05
 7.6695E+25  1.3614E-04  9.9986E-01  7.0298E+03  8.1828E-05  3.3134E-13  3.4618E-13  1.3969E-05
 7.6787E+25  1.3678E-04  9.9986E-01  7.0297E+03  8.1828E-05  3.2978E-13  3.4618E-13  1.3904E-05
 7.6880E+25  1.3701E-04  9.9986E-01  7.0297E+03  8.1828E-05  3.2909E-13  3.4618E-13  1.3839E-05
 7.6972E+25  1.3754E-04  9.9986E-01  7.0297E+03  8.1828E-05  3.2798E-13  3.4618E-13  1.3774E-05
 7.7065E+25  1.3815E-04  9.9986E-01  7.0296E+03  8.1828E-05  3.2651E-13  3.4618E-13  1.3709E-05
 7.7157E+25  1.3878E-04  9.9986E-01  7.0296E+03  8.1828E-05  3.2503E-13  3.4619E-13  1.3644E-05
 7.7250E+25  1.3941E-04  9.9986E-01  7.0295E+03  8.1828E-05  3.2356E-13  3.4619E-13  1.3580E-05
 7.7343E+25  1.4005E-04  9.9986E-01  7.0295E+03  8.1828E-05  3.2209E-13  3.4619E-13  1.3516E-05
 7.7435E+25  1.4038E-04  9.9986E-01  7.0295E+03  8.1828E-05  3.2120E-13  3.4619E-13  1.3456E-05
 7.7528E+25  1.4088E-04  9.9986E-01  7.0295E+03  8.1828E-05  3.2019E-13  3.4619E-13  1.3396E-05
 7.7620E+25  1.4151E-04  9.9986E-01  7.0294E+03  8.1828E-05  3.1878E-13  3.4619E-13  1.3336E-05
 7.7713E+25  1.4213E-04  9.9986E-01  7.0294E+03  8.1828E-05  3.1738E-13  3.4619E-13  1.3278E-05
 7.7805E+25  1.4277E-04  9.9986E-01  7.0293E+03  8.1828E-05  3.1597E-13  3.4620E-13  1.3221E-05
 7.7898E+25  1.4340E-04  9.9986E-01  7.0293E+03  8.1828E-05  3.1457E-13  3.4620E-13  1.3162E-05
 7.7991E+25  1.4382E-04  9.9986E-01  7.0293E+03  8.1828E-05  3.1354E-13  3.4620E-13  1.3104E-05
 7.8083E+25  1.4429E-04  9.9986E-01  7.0292E+03  8.1828E-05  3.1265E-13  3.4620E-13  1.3046E-05
 7.8176E+25  1.4493E-04  9.9986E-01  7.0292E+03  8.1828E-05  3.1125E-13  3.4620E-13  1.2988E-05
 7.8268E+25  1.4556E-04  9.9985E-01  7.0292E+03  8.1828E-05  3.0991E-13  3.4620E-13  1.2930E-05
 7.8361E+25  1.4619E-04  9.9985E-01  7.0291E+03  8.1828E-05  3.0857E-13  3.4621E-13  1.2872E-05
 7.8453E+25  1.4684E-04  9.9985E-01  7.0291E+03  8.1828E-05  3.0723E-13  3.4621E-13  1.2814E-05
 7.8546E+25  1.4733E-04  9.9985E-01  7.0291E+03  8.1828E-05  3.0609E-13  3.4621E-13  1.2756E-05
 7.8638E+25  1.4776E-04  9.9985E-01  7.0290E+03  8.1828E-05  3.0531E-13  3.4621E-13  1.2697E-05
 7.8731E+25  1.4842E-04  9.9985E-01  7.0290E+03  8.1828E-05  3.0395E-13  3.4621E-13  1.2639E-05
 7.8824E+25  1.4907E-04  9.9985E-01  7.0289E+03  8.1828E-05  3.0262E-13  3.4621E-13  1.2582E-05
 7.8916E+25  1.4970E-04  9.9985E-01  7.0289E+03  8.1828E-05  3.0134E-13  3.4621E-13  1.2524E-05
 7.9009E+25  1.5034E-04  9.9985E-01  7.0288E+03  8.1828E-05  3.0006E-13  3.4622E-13  1.2466E-05
 7.9101E+25  1.5092E-04  9.9985E-01  7.0288E+03  8.1828E-05  2.9882E-13  3.4622E-13  1.2408E-05
 7.9194E+25  1.5131E-04  9.9985E-01  7.0288E+03  8.1828E-05  2.9816E-13  3.4622E-13  1.2353E-05
 7.9286E+25  1.5197E-04  9.9985E-01  7.0287E+03  8.1828E-05  2.9686E-13  3.4622E-13  1.2298E-05
 7.9379E+25  1.5264E-04  9.9985E-01  7.0287E+03  8.1828E-05  2.9556E-13  3.4622E-13  1.2245E-05
 7.9472E+25  1.5329E-04  9.9985E-01  7.0286E+03  8.1828E-05  2.9429E-13  3.4622E-13  1.2192E-05
 7.9564E+25  1.5393E-04  9.9985E-01  7.0286E+03  8.1828E-05  2.9307E-13  3.4623E-13  1.2140E-05
 7.9657E+25  1.5456E-04  9.9985E-01  7.0286E+03  8.1828E-05  2.9185E-13  3.4623E-13  1.2089E-05
 7.9749E+25  1.5496E-04  9.9985E-01  7.0286E+03  8.1828E-05  2.9108E-13  3.4623E-13  1.2037E-05
 7.9842E+25  1.5560E-04  9.9984E-01  7.0285E+03  8.1828E-05  2.8994E-13  3.4623E-13  1.1985E-05
 7.9934E+25  1.5627E-04  9.9984E-01  7.0285E+03  8.1828E-05  2.8870E-13  3.4623E-13  1.1933E-05
 8.0027E+25  1.5695E-04  9.9984E-01  7.0284E+03  8.1828E-05  2.8746E-13  3.4623E-13  1.1881E-05
 8.0120E+25  1.5760E-04  9.9984E-01  7.0284E+03  8.1828E-05  2.8626E-13  3.4623E-13  1.1829E-05
 8.0212E+25  1.5825E-04  9.9984E-01  7.0283E+03  8.1828E-05  2.8508E-13  3.4624E-13  1.1778E-05
 8.0305E+25  1.5872E-04  9.9984E-01  7.0283E+03  8.1828E-05  2.8417E-13  3.4624E-13  1.1726E-05
 8.0397E+25  1.5933E-04  9.9984E-01  7.0283E+03  8.1828E-05  2.8317E-13  3.4624E-13  1.1674E-05
 8.0490E+25  1.5998E-04  9.9984E-01  7.0282E+03  8.1828E-05  2.8201E-13  3.4624E-13  1.1622E-05
 8.0582E+25  1.6066E-04  9.9984E-01  7.0282E+03  8.1828E-05  2.8083E-13  3.4624E-13  1.1571E-05
 8.0675E+25  1.6134E-04  9.9984E-01  7.0281E+03  8.1828E-05  2.7964E-13  3.4624E-13  1.1519E-05
 8.0768E+25  1.6200E-04  9.9984E-01  7.0281E+03  8.1828E-05  2.7850E-13  3.4625E-13  1.1467E-05
 8.0860E+25  1.6256E-04  9.9984E-01  7.0281E+03  8.1828E-05  2.7749E-13  3.4625E-13  1.1416E-05
 8.0953E+25  1.6313E-04  9.9984E-01  7.0280E+03  8.1828E-05  2.7656E-13  3.4625E-13  1.1364E-05
 8.1045E+25  1.6379E-04  9.9984E-01  7.0280E+03  8.1828E-05  2.7547E-13  3.4625E-13  1.1314E-05
 8.1138E+25  1.6445E-04  9.9984E-01  7.0279E+03  8.1828E-05  2.7436E-13  3.4625E-13  1.1265E-05
 8.1230E+25  1.6513E-04  9.9983E-01  7.0279E+03  8.1828E-05  2.7324E-13  3.4625E-13  1.1217E-05
 8.1323E+25  1.6581E-04  9.9983E-01  7.0278E+03  8.1828E-05  2.7210E-13  3.4626E-13  1.1169E-05
 8.1416E+25  1.6644E-04  9.9983E-01  7.0278E+03  8.1828E-05  2.7104E-13  3.4626E-13  1.1123E-05
 8.1508E+25  1.6702E-04  9.9983E-01  7.0278E+03  8.1828E-05  2.7014E-13  3.4626E-13  1.1077E-05
 8.1601E+25  1.6768E-04  9.9983E-01  7.0277E+03  8.1828E-05  2.6907E-13  3.4626E-13  1.1031E-05
 8.1693E+25  1.6833E-04  9.9983E-01  7.0277E+03  8.1828E-05  2.6803E-13  3.4626E-13  1.0985E-05
 8.1786E+25  1.6900E-04  9.9983E-01  7.0276E+03  8.1828E-05  2.6697E-13  3.4626E-13  1.0939E-05
 8.1878E+25  1.6968E-04  9.9983E-01  7.0276E+03  8.1828E-05  2.6591E-13  3.4627E-13  1.0892E-05
 8.1971E+25  1.7037E-04  9.9983E-01  7.0275E+03  8.1828E-05  2.6483E-13  3.4627E-13  1.0846E-05
 8.2064E+25  1.7099E-04  9.9983E-01  7.0275E+03  8.1828E-05  2.6386E-13  3.4627E-13  1.0800E-05
 8.2156E+25  1.7165E-04  9.9983E-01  7.0275E+03  8.1828E-05  2.6287E-13  3.4627E-13  1.0754E-05
 8.2249E+25  1.7231E-04  9.9983E-01  7.0274E+03  8.1828E-05  2.6185E-13  3.4627E-13  1.0708E-05
 8.2341E+25  1.7297E-04  9.9983E-01  7.0274E+03  8.1828E-05  2.6086E-13  3.4627E-13  1.0662E-05
 8.2434E+25  1.7364E-04  9.9983E-01  7.0273E+03  8.1828E-05  2.5986E-13  3.4628E-13  1.0616E-05
 8.2526E+25  1.7432E-04  9.9983E-01  7.0273E+03  8.1828E-05  2.5885E-13  3.4628E-13  1.0569E-05
 8.2619E+25  1.7501E-04  9.9982E-01  7.0272E+03  8.1828E-05  2.5782E-13  3.4628E-13  1.0523E-05
 8.2712E+25  1.7570E-04  9.9982E-01  7.0272E+03  8.1828E-05  2.5682E-13  3.4628E-13  1.0477E-05
 8.2804E+25  1.7636E-04  9.9982E-01  7.0271E+03  8.1828E-05  2.5586E-13  3.4628E-13  1.0431E-05
 8.2897E+25  1.7703E-04  9.9982E-01  7.0271E+03  8.1828E-05  2.5489E-13  3.4629E-13  1.0385E-05
 8.2989E+25  1.7769E-04  9.9982E-01  7.0270E+03  8.1828E-05  2.5393E-13  3.4629E-13  1.0340E-05
 8.3082E+25  1.7836E-04  9.9982E-01  7.0270E+03  8.1828E-05  2.5299E-13  3.4629E-13  1.0297E-05
 8.3174E+25  1.7906E-04  9.9982E-01  7.0270E+03  8.1828E-05  2.5202E-13  3.4629E-13  1.0254E-05
 8.3267E+25  1.7980E-04  9.9982E-01  7.0269E+03  8.1828E-05  2.5098E-13  3.4629E-13  1.0211E-05
 8.3360E+25  1.8049E-04  9.9982E-01  7.0269E+03  8.1828E-05  2.5001E-13  3.4629E-13  1.0171E-05
 8.3452E+25  1.8115E-04  9.9982E-01  7.0268E+03  8.1828E-05  2.4909E-13  3.4630E-13  1.0130E-05
 8.3545E+25  1.8183E-04  9.9982E-01  7.0268E+03  8.1828E-05  2.4817E-13  3.4630E-13  1.0089E-05
 8.3637E+25  1.8250E-04  9.9982E-01  7.0267E+03  8.1828E-05  2.4726E-13  3.4630E-13  1.0047E-05
 8.3730E+25  1.8317E-04  9.9982E-01  7.0267E+03  8.1828E-05  2.4637E-13  3.4630E-13  1.0006E-05
 8.3822E+25  1.8396E-04  9.9982E-01  7.0267E+03  8.1828E-05  2.4533E-13  3.4630E-13  9.9649E-06
 8.3915E+25  1.8466E-04  9.9982E-01  7.0266E+03  8.1828E-05  2.4438E-13  3.4631E-13  9.9238E-06
 8.4008E+25  1.8536E-04  9.9981E-01  7.0265E+03  8.1828E-05  2.4345E-13  3.4631E-13  9.8827E-06
 8.4100E+25  1.8603E-04  9.9981E-01  7.0265E+03  8.1828E-05  2.4257E-13  3.4631E-13  9.8417E-06
 8.4193E+25  1.8671E-04  9.9981E-01  7.0264E+03  8.1828E-05  2.4170E-13  3.4631E-13  9.8007E-06
 8.4285E+25  1.8739E-04  9.9981E-01  7.0264E+03  8.1828E-05  2.4083E-13  3.4631E-13  9.7594E-06
 8.4378E+25  1.8817E-04  9.9981E-01  7.0264E+03  8.1828E-05  2.3986E-13  3.4631E-13  9.7182E-06
 8.4470E+25  1.8890E-04  9.9981E-01  7.0263E+03  8.1828E-05  2.3890E-13  3.4632E-13  9.6770E-06
 8.4563E+25  1.8961E-04  9.9981E-01  7.0263E+03  8.1828E-05  2.3801E-13  3.4632E-13  9.6359E-06
 8.4656E+25  1.9031E-04  9.9981E-01  7.0262E+03  8.1828E-05  2.3714E-13  3.4632E-13  9.5947E-06
 8.4748E+25  1.9099E-04  9.9981E-01  7.0261E+03  8.1828E-05  2.3629E-13  3.4632E-13  9.5537E-06
 8.4841E+25  1.9166E-04  9.9981E-01  7.0261E+03  8.1828E-05  2.3547E-13  3.4633E-13  9.5126E-06
 8.4933E+25  1.9242E-04  9.9981E-01  7.0261E+03  8.1828E-05  2.3460E-13  3.4633E-13  9.4719E-06
 8.5026E+25  1.9326E-04  9.9981E-01  7.0260E+03  8.1828E-05  2.3351E-13  3.4633E-13  9.4329E-06
 8.5118E+25  1.9393E-04  9.9981E-01  7.0260E+03  8.1828E-05  2.3272E-13  3.4633E-13  9.3944E-06
 8.5211E+25  1.9463E-04  9.9981E-01  7.0259E+03  8.1828E-05  2.3189E-13  3.4633E-13  9.3559E-06
 8.5304E+25  1.9533E-04  9.9980E-01  7.0258E+03  8.1828E-05  2.3106E-13  3.4634E-13  9.3187E-06
 8.5396E+25  1.9602E-04  9.9980E-01  7.0258E+03  8.1828E-05  2.3023E-13  3.4634E-13  9.2824E-06
 8.5489E+25  1.9670E-04  9.9980E-01  7.0258E+03  8.1828E-05  2.2946E-13  3.4634E-13  9.2460E-06
 8.5581E+25  1.9765E-04  9.9980E-01  7.0257E+03  8.1828E-05  2.2841E-13  3.4634E-13  9.2093E-06
 8.5674E+25  1.9837E-04  9.9980E-01  7.0257E+03  8.1828E-05  2.2751E-13  3.4634E-13  9.1726E-06
 8.5766E+25  1.9903E-04  9.9980E-01  7.0256E+03  8.1828E-05  2.2676E-13  3.4634E-13  9.1358E-06
 8.5859E+25  1.9972E-04  9.9980E-01  7.0256E+03  8.1828E-05  2.2600E-13  3.4635E-13  9.0992E-06
 8.5952E+25  2.0043E-04  9.9980E-01  7.0255E+03  8.1828E-05  2.2520E-13  3.4635E-13  9.0626E-06
 8.6044E+25  2.0113E-04  9.9980E-01  7.0254E+03  8.1828E-05  2.2441E-13  3.4635E-13  9.0260E-06
 8.6137E+25  2.0197E-04  9.9980E-01  7.0254E+03  8.1828E-05  2.2356E-13  3.4635E-13  8.9894E-06
 8.6229E+25  2.0287E-04  9.9980E-01  7.0254E+03  8.1828E-05  2.2249E-13  3.4635E-13  8.9528E-06
 8.6322E+25  2.0355E-04  9.9980E-01  7.0253E+03  8.1828E-05  2.2174E-13  3.4636E-13  8.9161E-06
 8.6414E+25  2.0421E-04  9.9980E-01  7.0252E+03  8.1828E-05  2.2102E-13  3.4636E-13  8.8793E-06
 8.6507E+25  2.0488E-04  9.9980E-01  7.0252E+03  8.1828E-05  2.2031E-13  3.4636E-13  8.8426E-06
 8.6600E+25  2.0559E-04  9.9979E-01  7.0251E+03  8.1828E-05  2.1956E-13  3.4636E-13  8.8059E-06
 8.6692E+25  2.0633E-04  9.9979E-01  7.0251E+03  8.1828E-05  2.1881E-13  3.4637E-13  8.7693E-06
 8.6785E+25  2.0739E-04  9.9979E-01  7.0250E+03  8.1828E-05  2.1771E-13  3.4637E-13  8.7326E-06
 8.6877E+25  2.0810E-04  9.9979E-01  7.0250E+03  8.1828E-05  2.1691E-13  3.4637E-13  8.6960E-06
 8.6970E+25  2.0879E-04  9.9979E-01  7.0249E+03  8.1828E-05  2.1619E-13  3.4637E-13  8.6596E-06
 8.7062E+25  2.0946E-04  9.9979E-01  7.0249E+03  8.1828E-05  2.1550E-13  3.4637E-13  8.6248E-06
 8.7155E+25  2.1012E-04  9.9979E-01  7.0248E+03  8.1828E-05  2.1483E-13  3.4638E-13  8.5904E-06
 8.7248E+25  2.1082E-04  9.9979E-01  7.0248E+03  8.1828E-05  2.1414E-13  3.4638E-13  8.5560E-06
 8.7340E+25  2.1178E-04  9.9979E-01  7.0247E+03  8.1828E-05  2.1328E-13  3.4638E-13  8.5224E-06
 8.7433E+25  2.1274E-04  9.9979E-01  7.0247E+03  8.1828E-05  2.1219E-13  3.4638E-13  8.4902E-06
 8.7525E+25  2.1340E-04  9.9979E-01  7.0246E+03  8.1828E-05  2.1154E-13  3.4638E-13  8.4580E-06
 8.7618E+25  2.1409E-04  9.9979E-01  7.0245E+03  8.1828E-05  2.1086E-13  3.4639E-13  8.4253E-06
 8.7710E+25  2.1477E-04  9.9979E-01  7.0245E+03  8.1828E-05  2.1019E-13  3.4639E-13  8.3925E-06
 8.7803E+25  2.1544E-04  9.9978E-01  7.0244E+03  8.1828E-05  2.0954E-13  3.4639E-13  8.3598E-06
 8.7896E+25  2.1616E-04  9.9978E-01  7.0244E+03  8.1828E-05  2.0891E-13  3.4639E-13  8.3272E-06
 8.7988E+25  2.1734E-04  9.9978E-01  7.0243E+03  8.1828E-05  2.0780E-13  3.4639E-13  8.2946E-06
 8.8081E+25  2.1810E-04  9.9978E-01  7.0243E+03  8.1828E-05  2.0700E-13  3.4640E-13  8.2619E-06
 8.8173E+25  2.1877E-04  9.9978E-01  7.0242E+03  8.1828E-05  2.0635E-13  3.4640E-13  8.2294E-06
 8.8266E+25  2.1944E-04  9.9978E-01  7.0242E+03  8.1828E-05  2.0574E-13  3.4640E-13  8.1968E-06
 8.8358E+25  2.2013E-04  9.9978E-01  7.0241E+03  8.1828E-05  2.0509E-13  3.4640E-13  8.1641E-06
 8.8451E+25  2.2081E-04  9.9978E-01  7.0240E+03  8.1828E-05  2.0448E-13  3.4641E-13  8.1313E-06
 8.8544E+25  2.2176E-04  9.9978E-01  7.0240E+03  8.1828E-05  2.0373E-13  3.4641E-13  8.0987E-06
 8.8636E+25  2.2280E-04  9.9978E-01  7.0240E+03  8.1828E-05  2.0264E-13  3.4641E-13  8.0659E-06
 8.8729E+25  2.2351E-04  9.9978E-01  7.0239E+03  8.1828E-05  2.0201E-13  3.4641E-13  8.0332E-06
 8.8821E+25  2.2420E-04  9.9978E-01  7.0238E+03  8.1828E-05  2.0138E-13  3.4642E-13  8.0005E-06
 8.8914E+25  2.2485E-04  9.9978E-01  7.0238E+03  8.1828E-05  2.0080E-13  3.4642E-13  7.9679E-06
 8.9006E+25  2.2554E-04  9.9977E-01  7.0237E+03  8.1828E-05  2.0020E-13  3.4642E-13  7.9352E-06
 8.9099E+25  2.2627E-04  9.9977E-01  7.0237E+03  8.1828E-05  1.9960E-13  3.4642E-13  7.9032E-06
 8.9192E+25  2.2749E-04  9.9977E-01  7.0236E+03  8.1828E-05  1.9860E-13  3.4642E-13  7.8724E-06
 8.9284E+25  2.2827E-04  9.9977E-01  7.0236E+03  8.1828E-05  1.9780E-13  3.4643E-13  7.8416E-06
 8.9377E+25  2.2896E-04  9.9977E-01  7.0235E+03  8.1828E-05  1.9722E-13  3.4643E-13  7.8109E-06
 8.9469E+25  2.2965E-04  9.9977E-01  7.0234E+03  8.1828E-05  1.9662E-13  3.4643E-13  7.7815E-06
 8.9562E+25  2.3033E-04  9.9977E-01  7.0234E+03  8.1828E-05  1.9605E-13  3.4643E-13  7.7529E-06
 8.9654E+25  2.3100E-04  9.9977E-01  7.0233E+03  8.1828E-05  1.9550E-13  3.4644E-13  7.7241E-06
 8.9747E+25  2.3191E-04  9.9977E-01  7.0233E+03  8.1828E-05  1.9490E-13  3.4644E-13  7.6949E-06
 8.9840E+25  2.3314E-04  9.9977E-01  7.0232E+03  8.1828E-05  1.9369E-13  3.4644E-13  7.6658E-06
 8.9932E+25  2.3380E-04  9.9977E-01  7.0231E+03  8.1828E-05  1.9314E-13  3.4644E-13  7.6367E-06
 9.0025E+25  2.3445E-04  9.9977E-01  7.0231E+03  8.1828E-05  1.9261E-13  3.4645E-13  7.6077E-06
 9.0117E+25  2.3515E-04  9.9976E-01  7.0230E+03  8.1828E-05  1.9205E-13  3.4645E-13  7.5787E-06
 9.0210E+25  2.3584E-04  9.9976E-01  7.0229E+03  8.1828E-05  1.9149E-13  3.4645E-13  7.5496E-06
 9.0302E+25  2.3653E-04  9.9976E-01  7.0229E+03  8.1828E-05  1.9097E-13  3.4645E-13  7.5206E-06
 9.0395E+25  2.3771E-04  9.9976E-01  7.0228E+03  8.1828E-05  1.9016E-13  3.4645E-13  7.4917E-06
 9.0487E+25  2.3869E-04  9.9976E-01  7.0228E+03  8.1828E-05  1.8920E-13  3.4646E-13  7.4625E-06
 9.0580E+25  2.3936E-04  9.9976E-01  7.0227E+03  8.1828E-05  1.8868E-13  3.4646E-13  7.4333E-06
 9.0673E+25  2.4001E-04  9.9976E-01  7.0227E+03  8.1828E-05  1.8817E-13  3.4646E-13  7.4041E-06
 9.0765E+25  2.4067E-04  9.9976E-01  7.0226E+03  8.1828E-05  1.8767E-13  3.4646E-13  7.3750E-06
 9.0858E+25  2.4137E-04  9.9976E-01  7.0225E+03  8.1828E-05  1.8714E-13  3.4647E-13  7.3458E-06
 9.0950E+25  2.4214E-04  9.9976E-01  7.0225E+03  8.1828E-05  1.8661E-13  3.4647E-13  7.3167E-06
 9.1043E+25  2.4351E-04  9.9976E-01  7.0224E+03  8.1828E-05  1.8561E-13  3.4647E-13  7.2875E-06
 9.1135E+25  2.4428E-04  9.9976E-01  7.0224E+03  8.1828E-05  1.8489E-13  3.4647E-13  7.2584E-06
 9.1228E+25  2.4493E-04  9.9976E-01  7.0223E+03  8.1828E-05  1.8440E-13  3.4648E-13  7.2296E-06
 9.1321E+25  2.4560E-04  9.9975E-01  7.0222E+03  8.1828E-05  1.8391E-13  3.4648E-13  7.2019E-06
 9.1413E+25  2.4624E-04  9.9975E-01  7.0222E+03  8.1828E-05  1.8343E-13  3.4648E-13  7.1744E-06
 9.1506E+25  2.4693E-04  9.9975E-01  7.0221E+03  8.1828E-05  1.8295E-13  3.4648E-13  7.1469E-06
 9.1598E+25  2.4787E-04  9.9975E-01  7.0221E+03  8.1828E-05  1.8246E-13  3.4649E-13  7.1201E-06
 9.1691E+25  2.4923E-04  9.9975E-01  7.0220E+03  8.1828E-05  1.8123E-13  3.4649E-13  7.0946E-06
 9.1783E+25  2.4988E-04  9.9975E-01  7.0219E+03  8.1828E-05  1.8077E-13  3.4649E-13  7.0691E-06
 9.1876E+25  2.5054E-04  9.9975E-01  7.0219E+03  8.1828E-05  1.8029E-13  3.4649E-13  7.0432E-06
 9.1969E+25  2.5119E-04  9.9975E-01  7.0218E+03  8.1828E-05  1.7984E-13  3.4650E-13  7.0173E-06
 9.2061E+25  2.5186E-04  9.9975E-01  7.0217E+03  8.1828E-05  1.7937E-13  3.4650E-13  6.9915E-06
 9.2154E+25  2.5254E-04  9.9975E-01  7.0217E+03  8.1828E-05  1.7893E-13  3.4650E-13  6.9656E-06
 9.2246E+25  2.5370E-04  9.9975E-01  7.0216E+03  8.1828E-05  1.7829E-13  3.4650E-13  6.9397E-06
 9.2339E+25  2.5487E-04  9.9975E-01  7.0216E+03  8.1828E-05  1.7725E-13  3.4651E-13  6.9138E-06
 9.2431E+25  2.5550E-04  9.9974E-01  7.0215E+03  8.1828E-05  1.7681E-13  3.4651E-13  6.8881E-06
 9.2524E+25  2.5616E-04  9.9974E-01  7.0214E+03  8.1828E-05  1.7636E-13  3.4651E-13  6.8623E-06
