 4.6285E+22  3.2681E-11  1.0000E+00  1.1688E+04  8.1828E-05  1.0464E-06  2.2736E-13  1.0000E+00
 1.3886E+23  2.2871E-10  1.0000E+00  1.1692E+04  8.1828E-05  1.4948E-07  2.2730E-13  1.0000E+00
 2.3143E+23  6.2032E-10  1.0000E+00  1.1704E+04  8.1828E-05  5.5072E-08  2.2710E-13  1.0000E+00
 3.2400E+23  1.2060E-09  1.0000E+00  1.1731E+04  8.1828E-05  2.8280E-08  2.2665E-13  1.0000E+00
 4.1657E+23  1.9823E-09  1.0000E+00  1.1780E+04  8.1828E-05  1.7154E-08  2.2586E-13  1.0000E+00
 5.0914E+23  2.9433E-09  1.0000E+00  1.1859E+04  8.1828E-05  1.1498E-08  2.2459E-13  1.0000E+00
 6.0171E+23  4.0762E-09  1.0000E+00  1.1980E+04  8.1828E-05  8.2411E-09  2.2266E-13  1.0000E+00
 6.9428E+23  5.3691E-09  1.0000E+00  1.2156E+04  8.1828E-05  6.1913E-09  2.1993E-13  1.0000E+00
 7.8685E+23  6.7887E-09  1.0000E+00  1.2413E+04  8.1828E-05  4.8229E-09  2.1606E-13  1.0000E+00
 8.7942E+23  8.3057E-09  1.0000E+00  1.2771E+04  8.1828E-05  3.8616E-09  2.1090E-13  1.0000E+00
 9.7199E+23  9.9021E-09  1.0000E+00  1.3204E+04  8.1828E-05  3.1614E-09  2.0497E-13  1.0000E+00
 1.0646E+24  1.1598E-08  1.0000E+00  1.3641E+04  8.1828E-05  2.6358E-09  1.9934E-13  1.0000E+00
 1.1571E+24  1.3472E-08  1.0000E+00  1.3958E+04  8.1828E-05  2.2316E-09  1.9545E-13  1.0000E+00
 1.2497E+24  1.5581E-08  1.0000E+00  1.4128E+04  8.1828E-05  1.9124E-09  1.9342E-13  1.0000E+00
 1.3423E+24  1.7876E-08  1.0000E+00  1.4223E+04  8.1828E-05  1.6587E-09  1.9232E-13  1.0000E+00
 1.4348E+24  2.0325E-08  1.0000E+00  1.4323E+04  8.1828E-05  1.4514E-09  1.9116E-13  9.9999E-01
 1.5274E+24  2.2914E-08  1.0000E+00  1.4423E+04  8.1828E-05  1.2809E-09  1.9002E-13  9.9999E-01
 1.6200E+24  2.5655E-08  1.0000E+00  1.4516E+04  8.1828E-05  1.1387E-09  1.8897E-13  9.9999E-01
 1.7126E+24  2.8533E-08  1.0000E+00  1.4607E+04  8.1828E-05  1.0192E-09  1.8795E-13  9.9999E-01
 1.8051E+24  3.1578E-08  1.0000E+00  1.4689E+04  8.1828E-05  9.1710E-10  1.8705E-13  9.9999E-01
 1.8977E+24  3.4751E-08  1.0000E+00  1.4768E+04  8.1828E-05  8.3008E-10  1.8618E-13  9.9999E-01
 1.9903E+24  3.8093E-08  1.0000E+00  1.4845E+04  8.1828E-05  7.5440E-10  1.8535E-13  9.9999E-01
 2.0828E+24  4.1553E-08  1.0000E+00  1.4919E+04  8.1828E-05  6.8904E-10  1.8455E-13  9.9999E-01
 2.1754E+24  4.5164E-08  1.0000E+00  1.4991E+04  8.1828E-05  6.3171E-10  1.8379E-13  9.9999E-01
 2.2680E+24  4.8920E-08  1.0000E+00  1.5061E+04  8.1828E-05  5.8121E-10  1.8304E-13  9.9999E-01
 2.3605E+24  5.2831E-08  1.0000E+00  1.5130E+04  8.1828E-05  5.3640E-10  1.8233E-13  9.9999E-01
 2.4531E+24  5.6871E-08  1.0000E+00  1.5193E+04  8.1828E-05  4.9677E-10  1.8167E-13  9.9999E-01
 2.5457E+24  6.1048E-08  1.0000E+00  1.5258E+04  8.1828E-05  4.6134E-10  1.8100E-13  9.9998E-01
 2.6383E+24  6.5397E-08  1.0000E+00  1.5321E+04  8.1828E-05  4.2935E-10  1.8036E-13  9.9998E-01
 2.7308E+24  6.9840E-08  1.0000E+00  1.5380E+04  8.1828E-05  4.0090E-10  1.7976E-13  9.9998E-01
 2.8234E+24  7.4446E-08  1.0000E+00  1.5440E+04  8.1828E-05  3.7501E-10  1.7915E-13  9.9998E-01
 2.9160E+24  7.9168E-08  1.0000E+00  1.5496E+04  8.1828E-05  3.5171E-10  1.7859E-13  9.9998E-01
 3.0085E+24  8.4108E-08  1.0000E+00  1.5551E+04  8.1828E-05  3.3018E-10  1.7803E-13  9.9998E-01
 3.1011E+24  8.9136E-08  1.0000E+00  1.5608E+04  8.1828E-05  3.1073E-10  1.7748E-13  9.9998E-01
 3.1937E+24  9.4271E-08  1.0000E+00  1.5660E+04  8.1828E-05  2.9307E-10  1.7696E-13  9.9998E-01
 3.2862E+24  9.9554E-08  1.0000E+00  1.5712E+04  8.1828E-05  2.7685E-10  1.7645E-13  9.9997E-01
 3.3788E+24  1.0495E-07  1.0000E+00  1.5763E+04  8.1828E-05  2.6200E-10  1.7596E-13  9.9997E-01
 3.4714E+24  1.1051E-07  1.0000E+00  1.5813E+04  8.1828E-05  2.4824E-10  1.7548E-13  9.9997E-01
 3.5640E+24  1.1625E-07  1.0000E+00  1.5861E+04  8.1828E-05  2.3543E-10  1.7501E-13  9.9997E-01
 3.6565E+24  1.2222E-07  1.0000E+00  1.5908E+04  8.1828E-05  2.2345E-10  1.7457E-13  9.9997E-01
 3.7491E+24  1.2801E-07  1.0000E+00  1.5954E+04  8.1828E-05  2.1289E-10  1.7412E-13  9.9997E-01
 3.8417E+24  1.3425E-07  1.0000E+00  1.6000E+04  8.1828E-05  2.0257E-10  1.7369E-13  9.9997E-01
 3.9342E+24  1.4045E-07  1.0000E+00  1.6044E+04  8.1828E-05  1.9323E-10  1.7328E-13  9.9996E-01
 4.0268E+24  1.4694E-07  1.0000E+00  1.6088E+04  8.1828E-05  1.8432E-10  1.7286E-13  9.9996E-01
 4.1194E+24  1.5327E-07  1.0000E+00  1.6131E+04  8.1828E-05  1.7636E-10  1.7247E-13  9.9996E-01
 4.2120E+24  1.6014E-07  1.0000E+00  1.6172E+04  8.1828E-05  1.6848E-10  1.7208E-13  9.9996E-01
 4.3045E+24  1.6693E-07  1.0000E+00  1.6213E+04  8.1828E-05  1.6133E-10  1.7170E-13  9.9996E-01
 4.3971E+24  1.7365E-07  1.0000E+00  1.6253E+04  8.1828E-05  1.5480E-10  1.7133E-13  9.9996E-01
 4.4897E+24  1.8080E-07  1.0000E+00  1.6293E+04  8.1828E-05  1.4841E-10  1.7097E-13  9.9995E-01
 4.5822E+24  1.8806E-07  1.0000E+00  1.6332E+04  8.1828E-05  1.4244E-10  1.7062E-13  9.9995E-01
 4.6748E+24  1.9541E-07  1.0000E+00  1.6370E+04  8.1828E-05  1.3684E-10  1.7027E-13  9.9995E-01
 4.7674E+24  2.0288E-07  1.0000E+00  1.6407E+04  8.1828E-05  1.3158E-10  1.6994E-13  9.9995E-01
 4.8599E+24  2.1046E-07  1.0000E+00  1.6444E+04  8.1828E-05  1.2663E-10  1.6960E-13  9.9995E-01
 4.9525E+24  2.1817E-07  1.0000E+00  1.6479E+04  8.1828E-05  1.2196E-10  1.6928E-13  9.9994E-01
 5.0451E+24  2.2602E-07  1.0000E+00  1.6515E+04  8.1828E-05  1.1754E-10  1.6897E-13  9.9994E-01
 5.1377E+24  2.3402E-07  1.0000E+00  1.6549E+04  8.1828E-05  1.1334E-10  1.6866E-13  9.9994E-01
 5.2302E+24  2.4220E-07  1.0000E+00  1.6583E+04  8.1828E-05  1.0935E-10  1.6836E-13  9.9994E-01
 5.3228E+24  2.5056E-07  1.0000E+00  1.6617E+04  8.1828E-05  1.0554E-10  1.6806E-13  9.9994E-01
 5.4154E+24  2.5912E-07  1.0000E+00  1.6650E+04  8.1828E-05  1.0190E-10  1.6776E-13  9.9993E-01
 5.5079E+24  2.6721E-07  1.0000E+00  1.6683E+04  8.1828E-05  9.8678E-11  1.6748E-13  9.9993E-01
 5.6005E+24  2.7584E-07  1.0000E+00  1.6715E+04  8.1828E-05  9.5454E-11  1.6720E-13  9.9993E-01
 5.6931E+24  2.8494E-07  1.0000E+00  1.6747E+04  8.1828E-05  9.2276E-11  1.6692E-13  9.9993E-01
 5.7856E+24  2.9417E-07  1.0000E+00  1.6778E+04  8.1828E-05  8.9258E-11  1.6665E-13  9.9992E-01
 5.8782E+24  3.0235E-07  1.0000E+00  1.6808E+04  8.1828E-05  8.6727E-11  1.6639E-13  9.9992E-01
 5.9708E+24  3.1212E-07  1.0000E+00  1.6838E+04  8.1828E-05  8.3899E-11  1.6613E-13  9.9992E-01
 6.0634E+24  3.2157E-07  1.0000E+00  1.6868E+04  8.1828E-05  8.1331E-11  1.6588E-13  9.9992E-01
 6.1559E+24  3.3043E-07  1.0000E+00  1.6897E+04  8.1828E-05  7.9049E-11  1.6563E-13  9.9991E-01
 6.2485E+24  3.4105E-07  1.0000E+00  1.6925E+04  8.1828E-05  7.6491E-11  1.6538E-13  9.9991E-01
 6.3411E+24  3.4943E-07  1.0000E+00  1.6954E+04  8.1828E-05  7.4563E-11  1.6514E-13  9.9991E-01
 6.4336E+24  3.6051E-07  1.0000E+00  1.6981E+04  8.1828E-05  7.2184E-11  1.6490E-13  9.9991E-01
 6.5262E+24  3.6935E-07  1.0000E+00  1.7009E+04  8.1828E-05  7.0371E-11  1.6467E-13  9.9990E-01
 6.6188E+24  3.8073E-07  1.0000E+00  1.7036E+04  8.1828E-05  6.8188E-11  1.6444E-13  9.9990E-01
 6.7113E+24  3.8955E-07  1.0000E+00  1.7063E+04  8.1828E-05  6.6566E-11  1.6422E-13  9.9990E-01
 6.8039E+24  4.0135E-07  1.0000E+00  1.7089E+04  8.1828E-05  6.4536E-11  1.6399E-13  9.9990E-01
 6.8965E+24  4.1051E-07  1.0000E+00  1.7115E+04  8.1828E-05  6.3024E-11  1.6377E-13  9.9989E-01
 6.9891E+24  4.2191E-07  1.0000E+00  1.7141E+04  8.1828E-05  6.1253E-11  1.6356E-13  9.9989E-01
 7.0816E+24  4.3287E-07  1.0000E+00  1.7167E+04  8.1828E-05  5.9635E-11  1.6335E-13  9.9989E-01
 7.1742E+24  4.4279E-07  1.0000E+00  1.7192E+04  8.1828E-05  5.8236E-11  1.6314E-13  9.9989E-01
 7.2668E+24  4.5490E-07  1.0000E+00  1.7217E+04  8.1828E-05  5.6626E-11  1.6293E-13  9.9988E-01
 7.3593E+24  4.6564E-07  1.0000E+00  1.7241E+04  8.1828E-05  5.5261E-11  1.6273E-13  9.9988E-01
 7.4519E+24  4.7626E-07  1.0000E+00  1.7266E+04  8.1828E-05  5.3972E-11  1.6253E-13  9.9988E-01
 7.5445E+24  4.8856E-07  1.0000E+00  1.7289E+04  8.1828E-05  5.2560E-11  1.6233E-13  9.9987E-01
 7.6371E+24  5.0055E-07  1.0000E+00  1.7313E+04  8.1828E-05  5.1248E-11  1.6214E-13  9.9987E-01
 7.7296E+24  5.1051E-07  1.0000E+00  1.7336E+04  8.1828E-05  5.0198E-11  1.6194E-13  9.9987E-01
 7.8222E+24  5.2299E-07  1.0000E+00  1.7360E+04  8.1828E-05  4.8952E-11  1.6175E-13  9.9986E-01
 7.9148E+24  5.3556E-07  1.0000E+00  1.7383E+04  8.1828E-05  4.7756E-11  1.6157E-13  9.9986E-01
 8.0073E+24  5.4820E-07  1.0000E+00  1.7405E+04  8.1828E-05  4.6610E-11  1.6138E-13  9.9986E-01
 8.0999E+24  5.5839E-07  1.0000E+00  1.7428E+04  8.1828E-05  4.5716E-11  1.6120E-13  9.9986E-01
 8.1925E+24  5.7114E-07  1.0000E+00  1.7450E+04  8.1828E-05  4.4653E-11  1.6102E-13  9.9985E-01
 8.2850E+24  5.8402E-07  1.0000E+00  1.7472E+04  8.1828E-05  4.3628E-11  1.6085E-13  9.9985E-01
 8.3776E+24  5.9696E-07  1.0000E+00  1.7493E+04  8.1828E-05  4.2642E-11  1.6067E-13  9.9985E-01
 8.4702E+24  6.0999E-07  1.0000E+00  1.7515E+04  8.1828E-05  4.1693E-11  1.6050E-13  9.9984E-01
 8.5628E+24  6.2261E-07  1.0000E+00  1.7536E+04  8.1828E-05  4.0812E-11  1.6033E-13  9.9984E-01
 8.6553E+24  6.3433E-07  1.0000E+00  1.7557E+04  8.1828E-05  4.0022E-11  1.6016E-13  9.9984E-01
 8.7479E+24  6.4761E-07  1.0000E+00  1.7578E+04  8.1828E-05  3.9167E-11  1.5999E-13  9.9983E-01
 8.8405E+24  6.6100E-07  1.0000E+00  1.7598E+04  8.1828E-05  3.8340E-11  1.5983E-13  9.9983E-01
 8.9330E+24  6.7449E-07  1.0000E+00  1.7619E+04  8.1828E-05  3.7541E-11  1.5967E-13  9.9982E-01
 9.0256E+24  6.8806E-07  1.0000E+00  1.7639E+04  8.1828E-05  3.6770E-11  1.5951E-13  9.9982E-01
 9.1182E+24  7.0172E-07  1.0000E+00  1.7659E+04  8.1828E-05  3.6023E-11  1.5935E-13  9.9982E-01
 9.2107E+24  7.1548E-07  1.0000E+00  1.7678E+04  8.1828E-05  3.5301E-11  1.5919E-13  9.9981E-01
 9.3033E+24  7.2933E-07  1.0000E+00  1.7698E+04  8.1828E-05  3.4602E-11  1.5904E-13  9.9981E-01
 9.3959E+24  7.4328E-07  1.0000E+00  1.7717E+04  8.1828E-05  3.3925E-11  1.5889E-13  9.9981E-01
 9.4885E+24  7.5734E-07  1.0000E+00  1.7737E+04  8.1828E-05  3.3269E-11  1.5874E-13  9.9980E-01
 9.5810E+24  7.7150E-07  1.0000E+00  1.7756E+04  8.1828E-05  3.2632E-11  1.5859E-13  9.9980E-01
 9.6736E+24  7.8577E-07  1.0000E+00  1.7775E+04  8.1828E-05  3.2014E-11  1.5844E-13  9.9980E-01
 9.7662E+24  8.0016E-07  1.0000E+00  1.7793E+04  8.1828E-05  3.1414E-11  1.5829E-13  9.9979E-01
 9.8587E+24  8.1467E-07  1.0000E+00  1.7812E+04  8.1828E-05  3.0830E-11  1.5815E-13  9.9979E-01
 9.9513E+24  8.2931E-07  1.0000E+00  1.7830E+04  8.1828E-05  3.0263E-11  1.5800E-13  9.9978E-01
 1.0044E+25  8.4408E-07  1.0000E+00  1.7848E+04  8.1828E-05  2.9711E-11  1.5786E-13  9.9978E-01
 1.0136E+25  8.5900E-07  1.0000E+00  1.7866E+04  8.1828E-05  2.9173E-11  1.5772E-13  9.9977E-01
 1.0229E+25  8.7406E-07  1.0000E+00  1.7884E+04  8.1828E-05  2.8649E-11  1.5758E-13  9.9977E-01
 1.0322E+25  8.8928E-07  1.0000E+00  1.7902E+04  8.1828E-05  2.8138E-11  1.5745E-13  9.9976E-01
 1.0414E+25  9.0466E-07  1.0000E+00  1.7919E+04  8.1828E-05  2.7639E-11  1.5731E-13  9.9975E-01
 1.0507E+25  9.2021E-07  1.0000E+00  1.7937E+04  8.1828E-05  2.7152E-11  1.5718E-13  9.9974E-01
 1.0599E+25  9.3594E-07  1.0000E+00  1.7954E+04  8.1828E-05  2.6677E-11  1.5705E-13  9.9972E-01
 1.0692E+25  9.5186E-07  1.0000E+00  1.7971E+04  8.1828E-05  2.6212E-11  1.5692E-13  9.9967E-01
 1.0784E+25  9.6799E-07  1.0000E+00  1.7988E+04  8.1828E-05  2.5758E-11  1.5679E-13  9.9960E-01
 1.0877E+25  9.8433E-07  1.0000E+00  1.8004E+04  8.1828E-05  2.5313E-11  1.5666E-13  9.9947E-01
 1.0970E+25  1.0008E-06  1.0000E+00  1.8020E+04  8.1828E-05  2.4879E-11  1.5654E-13  9.9924E-01
 1.1062E+25  1.0150E-06  1.0000E+00  1.8035E+04  8.1828E-05  2.4517E-11  1.5643E-13  9.9883E-01
 1.1155E+25  1.0308E-06  1.0000E+00  1.8048E+04  8.1828E-05  2.4125E-11  1.5633E-13  9.9810E-01
 1.1247E+25  1.0478E-06  1.0000E+00  1.8059E+04  8.1828E-05  2.3721E-11  1.5625E-13  9.9683E-01
 1.1340E+25  1.0651E-06  1.0000E+00  1.8066E+04  8.1828E-05  2.3324E-11  1.5619E-13  9.9463E-01
 1.1432E+25  1.0829E-06  1.0000E+00  1.8066E+04  8.1828E-05  2.2935E-11  1.5619E-13  9.9088E-01
 1.1525E+25  1.1012E-06  1.0000E+00  1.8056E+04  8.1828E-05  2.2552E-11  1.5627E-13  9.8459E-01
 1.1618E+25  1.1202E-06  1.0000E+00  1.8028E+04  8.1828E-05  2.2176E-11  1.5649E-13  9.7420E-01
 1.1710E+25  1.1366E-06  1.0000E+00  1.7972E+04  8.1828E-05  2.1878E-11  1.5693E-13  9.5745E-01
 1.1803E+25  1.1557E-06  1.0000E+00  1.7874E+04  8.1828E-05  2.1559E-11  1.5769E-13  9.3127E-01
 1.1895E+25  1.1791E-06  1.0000E+00  1.7714E+04  8.1828E-05  2.1207E-11  1.5895E-13  8.9208E-01
 1.1988E+25  1.2057E-06  1.0000E+00  1.7473E+04  8.1828E-05  2.0860E-11  1.6090E-13  8.3675E-01
 1.2080E+25  1.2366E-06  1.0000E+00  1.7131E+04  8.1828E-05  2.0520E-11  1.6373E-13  7.6436E-01
 1.2173E+25  1.2728E-06  1.0000E+00  1.6685E+04  8.1828E-05  2.0190E-11  1.6758E-13  6.7804E-01
 1.2266E+25  1.3107E-06  1.0000E+00  1.6149E+04  8.1828E-05  1.9935E-11  1.7245E-13  5.8506E-01
 1.2358E+25  1.3570E-06  1.0000E+00  1.5554E+04  8.1828E-05  1.9649E-11  1.7818E-13  4.9443E-01
 1.2451E+25  1.4105E-06  1.0000E+00  1.4939E+04  8.1828E-05  1.9343E-11  1.8452E-13  4.1331E-01
 1.2543E+25  1.4676E-06  1.0000E+00  1.4339E+04  8.1828E-05  1.9047E-11  1.9117E-13  3.4515E-01
 1.2636E+25  1.5272E-06  1.0000E+00  1.3775E+04  8.1828E-05  1.8760E-11  1.9786E-13  2.9005E-01
 1.2728E+25  1.5877E-06  1.0000E+00  1.3260E+04  8.1828E-05  1.8484E-11  2.0443E-13  2.4627E-01
 1.2821E+25  1.6486E-06  1.0000E+00  1.2795E+04  8.1828E-05  1.8214E-11  2.1074E-13  2.1157E-01
 1.2914E+25  1.7091E-06  1.0000E+00  1.2378E+04  8.1828E-05  1.7952E-11  2.1675E-13  1.8387E-01
 1.3006E+25  1.7691E-06  1.0000E+00  1.2005E+04  8.1828E-05  1.7697E-11  2.2244E-13  1.6149E-01
 1.3099E+25  1.8277E-06  1.0000E+00  1.1671E+04  8.1828E-05  1.7454E-11  2.2780E-13  1.4318E-01
 1.3191E+25  1.8840E-06  1.0000E+00  1.1371E+04  8.1828E-05  1.7229E-11  2.3285E-13  1.2799E-01
 1.3284E+25  1.9416E-06  1.0000E+00  1.1101E+04  8.1828E-05  1.6989E-11  2.3760E-13  1.1523E-01
 1.3376E+25  1.9986E-06  1.0000E+00  1.0857E+04  8.1828E-05  1.6753E-11  2.4207E-13  1.0439E-01
 1.3469E+25  2.0549E-06  1.0000E+00  1.0636E+04  8.1828E-05  1.6523E-11  2.4628E-13  9.5084E-02
 1.3562E+25  2.1104E-06  1.0000E+00  1.0434E+04  8.1828E-05  1.6298E-11  2.5025E-13  8.7028E-02
 1.3654E+25  2.1655E-06  1.0000E+00  1.0250E+04  8.1828E-05  1.6076E-11  2.5400E-13  7.9996E-02
 1.3747E+25  2.2198E-06  1.0000E+00  1.0082E+04  8.1828E-05  1.5861E-11  2.5753E-13  7.3814E-02
 1.3839E+25  2.2739E-06  1.0000E+00  9.9266E+03  8.1828E-05  1.5648E-11  2.6088E-13  6.8344E-02
 1.3932E+25  2.3273E-06  1.0000E+00  9.7836E+03  8.1828E-05  1.5441E-11  2.6404E-13  6.3475E-02
 1.4024E+25  2.3806E-06  1.0000E+00  9.6514E+03  8.1828E-05  1.5236E-11  2.6704E-13  5.9120E-02
 1.4117E+25  2.4334E-06  1.0000E+00  9.5288E+03  8.1828E-05  1.5036E-11  2.6989E-13  5.5206E-02
 1.4210E+25  2.4862E-06  1.0000E+00  9.4149E+03  8.1828E-05  1.4838E-11  2.7259E-13  5.1672E-02
 1.4302E+25  2.5385E-06  1.0000E+00  9.3089E+03  8.1828E-05  1.4645E-11  2.7516E-13  4.8469E-02
 1.4395E+25  2.5909E-06  1.0000E+00  9.2099E+03  8.1828E-05  1.4454E-11  2.7760E-13  4.5556E-02
 1.4487E+25  2.6431E-06  1.0000E+00  9.1174E+03  8.1828E-05  1.4267E-11  2.7993E-13  4.2897E-02
 1.4580E+25  2.6953E-06  1.0000E+00  9.0308E+03  8.1828E-05  1.4083E-11  2.8214E-13  4.0463E-02
 1.4672E+25  2.7417E-06  1.0000E+00  8.9495E+03  8.1828E-05  1.3934E-11  2.8425E-13  3.8229E-02
 1.4765E+25  2.7917E-06  1.0000E+00  8.8731E+03  8.1828E-05  1.3762E-11  2.8627E-13  3.6172E-02
 1.4858E+25  2.8432E-06  1.0000E+00  8.8012E+03  8.1828E-05  1.3588E-11  2.8819E-13  3.4274E-02
 1.4950E+25  2.8947E-06  1.0000E+00  8.7335E+03  8.1828E-05  1.3417E-11  2.9003E-13  3.2518E-02
 1.5043E+25  2.9467E-06  1.0000E+00  8.6695E+03  8.1828E-05  1.3247E-11  2.9179E-13  3.0890E-02
 1.5135E+25  2.9986E-06  1.0000E+00  8.6091E+03  8.1828E-05  1.3080E-11  2.9347E-13  2.9379E-02
 1.5228E+25  3.0509E-06  1.0000E+00  8.5519E+03  8.1828E-05  1.2915E-11  2.9508E-13  2.7972E-02
 1.5320E+25  3.1033E-06  1.0000E+00  8.4978E+03  8.1828E-05  1.2752E-11  2.9663E-13  2.6661E-02
 1.5413E+25  3.1522E-06  1.0000E+00  8.4464E+03  8.1828E-05  1.2611E-11  2.9811E-13  2.5436E-02
 1.5506E+25  3.1951E-06  1.0000E+00  8.3977E+03  8.1828E-05  1.2488E-11  2.9952E-13  2.4291E-02
 1.5598E+25  3.2476E-06  1.0000E+00  8.3513E+03  8.1828E-05  1.2332E-11  3.0089E-13  2.3218E-02
 1.5691E+25  3.3006E-06  1.0000E+00  8.3073E+03  8.1828E-05  1.2178E-11  3.0219E-13  2.2211E-02
 1.5783E+25  3.3541E-06  1.0000E+00  8.2653E+03  8.1828E-05  1.2026E-11  3.0345E-13  2.1266E-02
 1.5876E+25  3.4082E-06  1.0000E+00  8.2254E+03  8.1828E-05  1.1874E-11  3.0466E-13  2.0376E-02
 1.5968E+25  3.4586E-06  1.0000E+00  8.1873E+03  8.1828E-05  1.1743E-11  3.0582E-13  1.9539E-02
 1.6061E+25  3.4974E-06  1.0000E+00  8.1509E+03  8.1828E-05  1.1644E-11  3.0693E-13  1.8749E-02
 1.6154E+25  3.5519E-06  1.0000E+00  8.1161E+03  8.1828E-05  1.1499E-11  3.0801E-13  1.8003E-02
 1.6246E+25  3.6073E-06  1.0000E+00  8.0830E+03  8.1828E-05  1.1354E-11  3.0904E-13  1.7299E-02
 1.6339E+25  3.6635E-06  1.0000E+00  8.0512E+03  8.1828E-05  1.1210E-11  3.1004E-13  1.6632E-02
 1.6431E+25  3.7148E-06  1.0000E+00  8.0208E+03  8.1828E-05  1.1088E-11  3.1100E-13  1.6001E-02
 1.6524E+25  3.7513E-06  1.0000E+00  7.9917E+03  8.1828E-05  1.1004E-11  3.1192E-13  1.5403E-02
 1.6616E+25  3.8085E-06  1.0000E+00  7.9638E+03  8.1828E-05  1.0865E-11  3.1281E-13  1.4836E-02
 1.6709E+25  3.8667E-06  1.0000E+00  7.9370E+03  8.1828E-05  1.0726E-11  3.1367E-13  1.4297E-02
 1.6802E+25  3.9259E-06  1.0000E+00  7.9113E+03  8.1828E-05  1.0588E-11  3.1451E-13  1.3785E-02
 1.6894E+25  3.9581E-06  1.0000E+00  7.8867E+03  8.1828E-05  1.0529E-11  3.1531E-13  1.3298E-02
 1.6987E+25  4.0130E-06  1.0000E+00  7.8630E+03  8.1828E-05  1.0401E-11  3.1608E-13  1.2835E-02
 1.7079E+25  4.0739E-06  1.0000E+00  7.8402E+03  8.1828E-05  1.0266E-11  3.1683E-13  1.2394E-02
 1.7172E+25  4.1360E-06  1.0000E+00  7.8184E+03  8.1828E-05  1.0132E-11  3.1755E-13  1.1973E-02
 1.7264E+25  4.1638E-06  1.0000E+00  7.7973E+03  8.1828E-05  1.0087E-11  3.1825E-13  1.1572E-02
 1.7357E+25  4.2231E-06  1.0000E+00  7.7770E+03  8.1828E-05  9.9590E-12  3.1893E-13  1.1189E-02
 1.7450E+25  4.2871E-06  1.0000E+00  7.7575E+03  8.1828E-05  9.8272E-12  3.1958E-13  1.0823E-02
 1.7542E+25  4.3401E-06  1.0000E+00  7.7387E+03  8.1828E-05  9.7279E-12  3.2021E-13  1.0473E-02
 1.7635E+25  4.3738E-06  1.0000E+00  7.7206E+03  8.1828E-05  9.6642E-12  3.2083E-13  1.0139E-02
 1.7727E+25  4.4401E-06  1.0000E+00  7.7031E+03  8.1828E-05  9.5345E-12  3.2142E-13  9.8197E-03
 1.7820E+25  4.5083E-06  1.0000E+00  7.6862E+03  8.1828E-05  9.4043E-12  3.2199E-13  9.5131E-03
 1.7912E+25  4.5329E-06  1.0000E+00  7.6699E+03  8.1828E-05  9.3717E-12  3.2255E-13  9.2201E-03
 1.8005E+25  4.5961E-06  1.0000E+00  7.6542E+03  8.1828E-05  9.2513E-12  3.2309E-13  8.9388E-03
 1.8097E+25  4.6667E-06  1.0000E+00  7.6390E+03  8.1828E-05  9.1238E-12  3.2361E-13  8.6691E-03
 1.8190E+25  4.7010E-06  1.0000E+00  7.6244E+03  8.1828E-05  9.0736E-12  3.2412E-13  8.4107E-03
 1.8283E+25  4.7550E-06  1.0000E+00  7.6102E+03  8.1828E-05  8.9775E-12  3.2461E-13  8.1620E-03
 1.8375E+25  4.8290E-06  1.0000E+00  7.5965E+03  8.1828E-05  8.8509E-12  3.2508E-13  7.9239E-03
 1.8468E+25  4.8663E-06  1.0000E+00  7.5832E+03  8.1828E-05  8.7981E-12  3.2555E-13  7.6945E-03
 1.8560E+25  4.9177E-06  1.0000E+00  7.5704E+03  8.1828E-05  8.7118E-12  3.2600E-13  7.4744E-03
 1.8653E+25  4.9953E-06  1.0000E+00  7.5580E+03  8.1828E-05  8.5861E-12  3.2643E-13  7.2626E-03
 1.8745E+25  5.0279E-06  9.9999E-01  7.5460E+03  8.1828E-05  8.5443E-12  3.2685E-13  7.0587E-03
 1.8838E+25  5.0856E-06  9.9999E-01  7.5343E+03  8.1828E-05  8.4520E-12  3.2726E-13  6.8627E-03
 1.8931E+25  5.1667E-06  9.9999E-01  7.5230E+03  8.1828E-05  8.3279E-12  3.2766E-13  6.6737E-03
 1.9023E+25  5.1855E-06  9.9999E-01  7.5121E+03  8.1828E-05  8.3103E-12  3.2805E-13  6.4920E-03
 1.9116E+25  5.2587E-06  9.9999E-01  7.5015E+03  8.1828E-05  8.1982E-12  3.2843E-13  6.3164E-03
 1.9208E+25  5.3331E-06  9.9999E-01  7.4913E+03  8.1828E-05  8.0958E-12  3.2879E-13  6.1477E-03
 1.9301E+25  5.3501E-06  9.9999E-01  7.4813E+03  8.1828E-05  8.0732E-12  3.2915E-13  5.9844E-03
 1.9393E+25  5.4379E-06  9.9999E-01  7.4716E+03  8.1828E-05  7.9498E-12  3.2949E-13  5.8275E-03
 1.9486E+25  5.4854E-06  9.9999E-01  7.4622E+03  8.1828E-05  7.8921E-12  3.2983E-13  5.6754E-03
 1.9579E+25  5.5315E-06  9.9999E-01  7.4531E+03  8.1828E-05  7.8286E-12  3.3016E-13  5.5292E-03
 1.9671E+25  5.6242E-06  9.9999E-01  7.4443E+03  8.1828E-05  7.7058E-12  3.3048E-13  5.3875E-03
 1.9764E+25  5.6333E-06  9.9999E-01  7.4357E+03  8.1828E-05  7.7038E-12  3.3079E-13  5.2510E-03
 1.9856E+25  5.7205E-06  9.9999E-01  7.4273E+03  8.1828E-05  7.5879E-12  3.3109E-13  5.1188E-03
 1.9949E+25  5.7775E-06  9.9999E-01  7.4192E+03  8.1828E-05  7.5229E-12  3.3138E-13  4.9912E-03
 2.0041E+25  5.8177E-06  9.9999E-01  7.4113E+03  8.1828E-05  7.4722E-12  3.3167E-13  4.8678E-03
 2.0134E+25  5.9180E-06  9.9999E-01  7.4037E+03  8.1828E-05  7.3508E-12  3.3195E-13  4.7482E-03
 2.0227E+25  5.9189E-06  9.9999E-01  7.3962E+03  8.1828E-05  7.3588E-12  3.3222E-13  4.6330E-03
 2.0319E+25  6.0184E-06  9.9999E-01  7.3889E+03  8.1828E-05  7.2380E-12  3.3248E-13  4.5207E-03
 2.0412E+25  6.0611E-06  9.9999E-01  7.3819E+03  8.1828E-05  7.1959E-12  3.3274E-13  4.4129E-03
 2.0504E+25  6.1196E-06  9.9999E-01  7.3750E+03  8.1828E-05  7.1274E-12  3.3299E-13  4.3078E-03
 2.0597E+25  6.2031E-06  9.9999E-01  7.3684E+03  8.1828E-05  7.0401E-12  3.3324E-13  4.2064E-03
 2.0689E+25  6.2215E-06  9.9999E-01  7.3619E+03  8.1828E-05  7.0194E-12  3.3348E-13  4.1081E-03
 2.0782E+25  6.3344E-06  9.9999E-01  7.3555E+03  8.1828E-05  6.8983E-12  3.3371E-13  4.0124E-03
 2.0875E+25  6.3354E-06  9.9999E-01  7.3494E+03  8.1828E-05  6.9053E-12  3.3394E-13  3.9204E-03
 2.0967E+25  6.4408E-06  9.9999E-01  7.3434E+03  8.1828E-05  6.7919E-12  3.3416E-13  3.8304E-03
 2.1060E+25  6.4748E-06  9.9999E-01  7.3375E+03  8.1828E-05  6.7644E-12  3.3438E-13  3.7436E-03
 2.1152E+25  6.5490E-06  9.9999E-01  7.3318E+03  8.1828E-05  6.6872E-12  3.3460E-13  3.6594E-03
 2.1245E+25  6.6136E-06  9.9999E-01  7.3263E+03  8.1828E-05  6.6294E-12  3.3480E-13  3.5773E-03
 2.1337E+25  6.6584E-06  9.9999E-01  7.3209E+03  8.1828E-05  6.5840E-12  3.3500E-13  3.4982E-03
 2.1430E+25  6.7518E-06  9.9999E-01  7.3156E+03  8.1828E-05  6.5002E-12  3.3520E-13  3.4208E-03
 2.1523E+25  6.7693E-06  9.9999E-01  7.3104E+03  8.1828E-05  6.4825E-12  3.3539E-13  3.3459E-03
 2.1615E+25  6.8892E-06  9.9999E-01  7.3054E+03  8.1828E-05  6.3764E-12  3.3557E-13  3.2735E-03
 2.1708E+25  6.8825E-06  9.9999E-01  7.3005E+03  8.1828E-05  6.3820E-12  3.3576E-13  3.2025E-03
 2.1800E+25  7.0175E-06  9.9999E-01  7.2957E+03  8.1828E-05  6.2618E-12  3.3594E-13  3.1341E-03
 2.1893E+25  7.0064E-06  9.9999E-01  7.2911E+03  8.1828E-05  6.2785E-12  3.3611E-13  3.0674E-03
 2.1985E+25  7.1365E-06  9.9999E-01  7.2865E+03  8.1828E-05  6.1627E-12  3.3628E-13  3.0022E-03
 2.2078E+25  7.1404E-06  9.9999E-01  7.2821E+03  8.1828E-05  6.1658E-12  3.3645E-13  2.9395E-03
 2.2171E+25  7.2578E-06  9.9999E-01  7.2777E+03  8.1828E-05  6.0647E-12  3.3661E-13  2.8781E-03
 2.2263E+25  7.2738E-06  9.9999E-01  7.2735E+03  8.1828E-05  6.0577E-12  3.3677E-13  2.8183E-03
 2.2356E+25  7.3817E-06  9.9999E-01  7.2694E+03  8.1828E-05  5.9676E-12  3.3692E-13  2.7606E-03
 2.2448E+25  7.4065E-06  9.9999E-01  7.2653E+03  8.1828E-05  5.9538E-12  3.3707E-13  2.7039E-03
 2.2541E+25  7.5083E-06  9.9999E-01  7.2614E+03  8.1828E-05  5.8714E-12  3.3722E-13  2.6488E-03
 2.2633E+25  7.5381E-06  9.9999E-01  7.2575E+03  8.1828E-05  5.8541E-12  3.3737E-13  2.5956E-03
 2.2726E+25  7.6377E-06  9.9999E-01  7.2538E+03  8.1828E-05  5.7761E-12  3.3751E-13  2.5434E-03
 2.2819E+25  7.6688E-06  9.9999E-01  7.2501E+03  8.1828E-05  5.7585E-12  3.3765E-13  2.4926E-03
 2.2911E+25  7.7701E-06  9.9999E-01  7.2465E+03  8.1828E-05  5.6815E-12  3.3778E-13  2.4435E-03
 2.3004E+25  7.7984E-06  9.9999E-01  7.2430E+03  8.1828E-05  5.6666E-12  3.3792E-13  2.3952E-03
 2.3096E+25  7.9058E-06  9.9999E-01  7.2395E+03  8.1828E-05  5.5877E-12  3.3805E-13  2.3481E-03
 2.3189E+25  7.9268E-06  9.9999E-01  7.2362E+03  8.1828E-05  5.5783E-12  3.3817E-13  2.3028E-03
 2.3281E+25  8.0448E-06  9.9999E-01  7.2329E+03  8.1828E-05  5.4945E-12  3.3830E-13  2.2582E-03
 2.3374E+25  8.0543E-06  9.9999E-01  7.2296E+03  8.1828E-05  5.4935E-12  3.3842E-13  2.2146E-03
 2.3467E+25  8.1874E-06  9.9999E-01  7.2265E+03  8.1828E-05  5.4021E-12  3.3854E-13  2.1725E-03
 2.3559E+25  8.1807E-06  9.9999E-01  7.2234E+03  8.1828E-05  5.4118E-12  3.3866E-13  2.1313E-03
 2.3652E+25  8.3338E-06  9.9999E-01  7.2204E+03  8.1828E-05  5.3103E-12  3.3877E-13  2.0908E-03
 2.3744E+25  8.3060E-06  9.9999E-01  7.2175E+03  8.1828E-05  5.3332E-12  3.3888E-13  2.0517E-03
 2.3837E+25  8.4727E-06  9.9999E-01  7.2146E+03  8.1828E-05  5.2294E-12  3.3899E-13  2.0136E-03
 2.3929E+25  8.4415E-06  9.9999E-01  7.2117E+03  8.1828E-05  5.2471E-12  3.3910E-13  1.9760E-03
 2.4022E+25  8.5981E-06  9.9999E-01  7.2090E+03  8.1828E-05  5.1562E-12  3.3920E-13  1.9395E-03
 2.4115E+25  8.5935E-06  9.9999E-01  7.2063E+03  8.1828E-05  5.1566E-12  3.3931E-13  1.9042E-03
 2.4207E+25  8.7215E-06  9.9999E-01  7.2036E+03  8.1828E-05  5.0859E-12  3.3941E-13  1.8694E-03
 2.4300E+25  8.7506E-06  9.9999E-01  7.2010E+03  8.1828E-05  5.0665E-12  3.3951E-13  1.8353E-03
 2.4392E+25  8.8437E-06  9.9999E-01  7.1985E+03  8.1828E-05  5.0181E-12  3.3960E-13  1.8024E-03
 2.4485E+25  8.9123E-06  9.9999E-01  7.1960E+03  8.1828E-05  4.9770E-12  3.3970E-13  1.7702E-03
 2.4577E+25  8.9644E-06  9.9999E-01  7.1935E+03  8.1828E-05  4.9528E-12  3.3979E-13  1.7384E-03
 2.4670E+25  9.0790E-06  9.9999E-01  7.1911E+03  8.1828E-05  4.8879E-12  3.3988E-13  1.7075E-03
 2.4763E+25  9.0840E-06  9.9999E-01  7.1888E+03  8.1828E-05  4.8898E-12  3.3997E-13  1.6776E-03
 2.4855E+25  9.2506E-06  9.9999E-01  7.1865E+03  8.1828E-05  4.7993E-12  3.4006E-13  1.6482E-03
 2.4948E+25  9.2021E-06  9.9999E-01  7.1842E+03  8.1828E-05  4.8291E-12  3.4015E-13  1.6192E-03
 2.5040E+25  9.3764E-06  9.9999E-01  7.1820E+03  8.1828E-05  4.7404E-12  3.4023E-13  1.5912E-03
 2.5133E+25  9.3701E-06  9.9999E-01  7.1799E+03  8.1828E-05  4.7411E-12  3.4032E-13  1.5639E-03
 2.5225E+25  9.4937E-06  9.9999E-01  7.1778E+03  8.1828E-05  4.6837E-12  3.4040E-13  1.5369E-03
 2.5318E+25  9.5508E-06  9.9999E-01  7.1757E+03  8.1828E-05  4.6532E-12  3.4048E-13  1.5105E-03
 2.5411E+25  9.6097E-06  9.9999E-01  7.1736E+03  8.1828E-05  4.6290E-12  3.4056E-13  1.4850E-03
 2.5503E+25  9.7373E-06  9.9999E-01  7.1716E+03  8.1828E-05  4.5658E-12  3.4063E-13  1.4600E-03
 2.5596E+25  9.7239E-06  9.9999E-01  7.1697E+03  8.1828E-05  4.5764E-12  3.4071E-13  1.4353E-03
 2.5688E+25  9.9013E-06  9.9999E-01  7.1677E+03  8.1828E-05  4.4952E-12  3.4078E-13  1.4111E-03
 2.5781E+25  9.8648E-06  9.9999E-01  7.1659E+03  8.1828E-05  4.5093E-12  3.4085E-13  1.3878E-03
 2.5873E+25  1.0015E-05  9.9999E-01  7.1640E+03  8.1828E-05  4.4458E-12  3.4093E-13  1.3649E-03
 2.5966E+25  1.0062E-05  9.9999E-01  7.1622E+03  8.1828E-05  4.4227E-12  3.4100E-13  1.3422E-03
 2.6059E+25  1.0127E-05  9.9999E-01  7.1604E+03  8.1828E-05  4.3982E-12  3.4106E-13  1.3201E-03
 2.6151E+25  1.0265E-05  9.9999E-01  7.1587E+03  8.1828E-05  4.3364E-12  3.4113E-13  1.2988E-03
 2.6244E+25  1.0237E-05  9.9999E-01  7.1570E+03  8.1828E-05  4.3522E-12  3.4120E-13  1.2777E-03
 2.6336E+25  1.0418E-05  9.9999E-01  7.1553E+03  8.1828E-05  4.2774E-12  3.4126E-13  1.2569E-03
 2.6429E+25  1.0403E-05  9.9999E-01  7.1536E+03  8.1828E-05  4.2810E-12  3.4133E-13  1.2366E-03
 2.6521E+25  1.0527E-05  9.9999E-01  7.1520E+03  8.1828E-05  4.2344E-12  3.4139E-13  1.2170E-03
 2.6614E+25  1.0618E-05  9.9999E-01  7.1504E+03  8.1828E-05  4.1955E-12  3.4145E-13  1.1977E-03
 2.6707E+25  1.0635E-05  9.9999E-01  7.1488E+03  8.1828E-05  4.1928E-12  3.4151E-13  1.1786E-03
 2.6799E+25  1.0818E-05  9.9999E-01  7.1473E+03  8.1828E-05  4.1221E-12  3.4157E-13  1.1599E-03
 2.6892E+25  1.0764E-05  9.9999E-01  7.1458E+03  8.1828E-05  4.1406E-12  3.4163E-13  1.1418E-03
 2.6984E+25  1.0924E-05  9.9999E-01  7.1443E+03  8.1828E-05  4.0834E-12  3.4169E-13  1.1240E-03
 2.7077E+25  1.0992E-05  9.9999E-01  7.1428E+03  8.1828E-05  4.0558E-12  3.4174E-13  1.1065E-03
 2.7169E+25  1.1029E-05  9.9999E-01  7.1414E+03  8.1828E-05  4.0458E-12  3.4180E-13  1.0892E-03
 2.7262E+25  1.1215E-05  9.9999E-01  7.1400E+03  8.1828E-05  3.9789E-12  3.4185E-13  1.0725E-03
 2.7355E+25  1.1146E-05  9.9999E-01  7.1386E+03  8.1828E-05  4.0017E-12  3.4191E-13  1.0562E-03
 2.7447E+25  1.1319E-05  9.9999E-01  7.1372E+03  8.1828E-05  3.9438E-12  3.4196E-13  1.0400E-03
 2.7540E+25  1.1388E-05  9.9999E-01  7.1359E+03  8.1828E-05  3.9173E-12  3.4201E-13  1.0241E-03
 2.7632E+25  1.1420E-05  9.9999E-01  7.1346E+03  8.1828E-05  3.9098E-12  3.4206E-13  1.0085E-03
 2.7725E+25  1.1610E-05  9.9999E-01  7.1333E+03  8.1828E-05  3.8464E-12  3.4211E-13  9.9350E-04
 2.7817E+25  1.1550E-05  9.9999E-01  7.1320E+03  8.1828E-05  3.8638E-12  3.4216E-13  9.7866E-04
 2.7910E+25  1.1709E-05  9.9999E-01  7.1308E+03  8.1828E-05  3.8146E-12  3.4221E-13  9.6398E-04
 2.8003E+25  1.1809E-05  9.9999E-01  7.1296E+03  8.1828E-05  3.7800E-12  3.4226E-13  9.4952E-04
 2.8095E+25  1.1807E-05  9.9999E-01  7.1284E+03  8.1828E-05  3.7839E-12  3.4230E-13  9.3552E-04
 2.8188E+25  1.1999E-05  9.9999E-01  7.1272E+03  8.1828E-05  3.7237E-12  3.4235E-13  9.2188E-04
 2.8280E+25  1.1981E-05  9.9999E-01  7.1260E+03  8.1828E-05  3.7268E-12  3.4239E-13  9.0836E-04
 2.8373E+25  1.2095E-05  9.9999E-01  7.1249E+03  8.1828E-05  3.6950E-12  3.4244E-13  8.9498E-04
 2.8465E+25  1.2257E-05  9.9999E-01  7.1237E+03  8.1828E-05  3.6437E-12  3.4248E-13  8.8190E-04
 2.8558E+25  1.2190E-05  9.9999E-01  7.1226E+03  8.1828E-05  3.6670E-12  3.4253E-13  8.6922E-04
 2.8651E+25  1.2384E-05  9.9999E-01  7.1216E+03  8.1828E-05  3.6099E-12  3.4257E-13  8.5680E-04
 2.8743E+25  1.2442E-05  9.9999E-01  7.1205E+03  8.1828E-05  3.5906E-12  3.4261E-13  8.4445E-04
 2.8836E+25  1.2477E-05  9.9999E-01  7.1194E+03  8.1828E-05  3.5839E-12  3.4265E-13  8.3228E-04
 2.8928E+25  1.2675E-05  9.9999E-01  7.1184E+03  8.1828E-05  3.5284E-12  3.4269E-13  8.2040E-04
 2.9021E+25  1.2629E-05  9.9999E-01  7.1174E+03  8.1828E-05  3.5384E-12  3.4273E-13  8.0889E-04
 2.9113E+25  1.2765E-05  9.9999E-01  7.1164E+03  8.1828E-05  3.5041E-12  3.4277E-13  7.9754E-04
 2.9206E+25  1.2934E-05  9.9999E-01  7.1154E+03  8.1828E-05  3.4558E-12  3.4281E-13  7.8629E-04
 2.9299E+25  1.2854E-05  9.9999E-01  7.1144E+03  8.1828E-05  3.4805E-12  3.4285E-13  7.7517E-04
 2.9391E+25  1.3053E-05  9.9999E-01  7.1135E+03  8.1828E-05  3.4278E-12  3.4288E-13  7.6436E-04
 2.9484E+25  1.3137E-05  9.9999E-01  7.1125E+03  8.1828E-05  3.4032E-12  3.4292E-13  7.5385E-04
 2.9576E+25  1.3139E-05  9.9999E-01  7.1116E+03  8.1828E-05  3.4058E-12  3.4296E-13  7.4349E-04
 2.9669E+25  1.3342E-05  9.9999E-01  7.1107E+03  8.1828E-05  3.3545E-12  3.4299E-13  7.3322E-04
 2.9761E+25  1.3344E-05  9.9999E-01  7.1098E+03  8.1828E-05  3.3512E-12  3.4303E-13  7.2306E-04
 2.9854E+25  1.3426E-05  9.9999E-01  7.1089E+03  8.1828E-05  3.3339E-12  3.4306E-13  7.1317E-04
 2.9947E+25  1.3631E-05  9.9999E-01  7.1080E+03  8.1828E-05  3.2841E-12  3.4310E-13  7.0356E-04
 3.0039E+25  1.3558E-05  9.9999E-01  7.1072E+03  8.1828E-05  3.2993E-12  3.4313E-13  6.9410E-04
 3.0132E+25  1.3712E-05  9.9999E-01  7.1063E+03  8.1828E-05  3.2652E-12  3.4316E-13  6.8471E-04
 3.0224E+25  1.3905E-05  9.9999E-01  7.1055E+03  8.1828E-05  3.2174E-12  3.4319E-13  6.7541E-04
 3.0317E+25  1.3793E-05  9.9999E-01  7.1047E+03  8.1828E-05  3.2465E-12  3.4323E-13  6.6632E-04
 3.0409E+25  1.3998E-05  9.9999E-01  7.1039E+03  8.1828E-05  3.1992E-12  3.4326E-13  6.5750E-04
 3.0502E+25  1.4137E-05  9.9999E-01  7.1031E+03  8.1828E-05  3.1654E-12  3.4329E-13  6.4887E-04
 3.0594E+25  1.4077E-05  9.9999E-01  7.1023E+03  8.1828E-05  3.1817E-12  3.4332E-13  6.4028E-04
 3.0687E+25  1.4285E-05  9.9999E-01  7.1015E+03  8.1828E-05  3.1357E-12  3.4335E-13  6.3178E-04
 3.0780E+25  1.4375E-05  9.9999E-01  7.1008E+03  8.1828E-05  3.1136E-12  3.4338E-13  6.2340E-04
 3.0872E+25  1.4361E-05  9.9999E-01  7.1000E+03  8.1828E-05  3.1194E-12  3.4341E-13  6.1527E-04
 3.0965E+25  1.4572E-05  9.9999E-01  7.0993E+03  8.1828E-05  3.0747E-12  3.4344E-13  6.0736E-04
 3.1057E+25  1.4621E-05  9.9999E-01  7.0986E+03  8.1828E-05  3.0618E-12  3.4346E-13  5.9951E-04
 3.1150E+25  1.4645E-05  9.9999E-01  7.0979E+03  8.1828E-05  3.0596E-12  3.4349E-13  5.9172E-04
 3.1242E+25  1.4858E-05  9.9999E-01  7.0972E+03  8.1828E-05  3.0161E-12  3.4352E-13  5.8401E-04
 3.1335E+25  1.4875E-05  9.9999E-01  7.0965E+03  8.1828E-05  3.0100E-12  3.4355E-13  5.7650E-04
 3.1428E+25  1.4929E-05  9.9999E-01  7.0958E+03  8.1828E-05  3.0021E-12  3.4357E-13  5.6919E-04
 3.1520E+25  1.5144E-05  9.9998E-01  7.0951E+03  8.1828E-05  2.9597E-12  3.4360E-13  5.6203E-04
 3.1613E+25  1.5138E-05  9.9998E-01  7.0945E+03  8.1828E-05  2.9583E-12  3.4363E-13  5.5489E-04
 3.1705E+25  1.5212E-05  9.9998E-01  7.0938E+03  8.1828E-05  2.9468E-12  3.4365E-13  5.4782E-04
 3.1798E+25  1.5429E-05  9.9998E-01  7.0932E+03  8.1828E-05  2.9055E-12  3.4368E-13  5.4085E-04
 3.1890E+25  1.5411E-05  9.9998E-01  7.0925E+03  8.1828E-05  2.9066E-12  3.4370E-13  5.3407E-04
 3.1983E+25  1.5495E-05  9.9998E-01  7.0919E+03  8.1828E-05  2.8935E-12  3.4373E-13  5.2747E-04
 3.2076E+25  1.5714E-05  9.9998E-01  7.0913E+03  8.1828E-05  2.8534E-12  3.4375E-13  5.2095E-04
 3.2168E+25  1.5693E-05  9.9998E-01  7.0907E+03  8.1828E-05  2.8548E-12  3.4377E-13  5.1447E-04
 3.2261E+25  1.5777E-05  9.9998E-01  7.0901E+03  8.1828E-05  2.8423E-12  3.4380E-13  5.0805E-04
 3.2353E+25  1.5998E-05  9.9998E-01  7.0895E+03  8.1828E-05  2.8032E-12  3.4382E-13  5.0174E-04
 3.2446E+25  1.5985E-05  9.9998E-01  7.0889E+03  8.1828E-05  2.8031E-12  3.4384E-13  4.9559E-04
 3.2538E+25  1.6059E-05  9.9998E-01  7.0883E+03  8.1828E-05  2.7929E-12  3.4387E-13  4.8961E-04
 3.2631E+25  1.6281E-05  9.9998E-01  7.0878E+03  8.1828E-05  2.7549E-12  3.4389E-13  4.8368E-04
 3.2724E+25  1.6288E-05  9.9998E-01  7.0872E+03  8.1828E-05  2.7514E-12  3.4391E-13  4.7779E-04
 3.2816E+25  1.6340E-05  9.9998E-01  7.0867E+03  8.1828E-05  2.7453E-12  3.4393E-13  4.7195E-04
 3.2909E+25  1.6564E-05  9.9998E-01  7.0861E+03  8.1828E-05  2.7084E-12  3.4395E-13  4.6620E-04
 3.3001E+25  1.6602E-05  9.9998E-01  7.0856E+03  8.1828E-05  2.6997E-12  3.4397E-13  4.6061E-04
 3.3094E+25  1.6620E-05  9.9998E-01  7.0850E+03  8.1828E-05  2.6994E-12  3.4399E-13  4.5517E-04
 3.3186E+25  1.6845E-05  9.9998E-01  7.0845E+03  8.1828E-05  2.6635E-12  3.4401E-13  4.4978E-04
 3.3279E+25  1.6928E-05  9.9998E-01  7.0840E+03  8.1828E-05  2.6481E-12  3.4404E-13  4.4442E-04
 3.3372E+25  1.6900E-05  9.9998E-01  7.0835E+03  8.1828E-05  2.6551E-12  3.4406E-13  4.3910E-04
 3.3464E+25  1.7126E-05  9.9998E-01  7.0830E+03  8.1828E-05  2.6202E-12  3.4408E-13  4.3386E-04
 3.3557E+25  1.7267E-05  9.9998E-01  7.0825E+03  8.1828E-05  2.5966E-12  3.4409E-13  4.2876E-04
 3.3649E+25  1.7178E-05  9.9998E-01  7.0820E+03  8.1828E-05  2.6124E-12  3.4411E-13  4.2378E-04
 3.3742E+25  1.7406E-05  9.9998E-01  7.0815E+03  8.1828E-05  2.5785E-12  3.4413E-13  4.1888E-04
 3.3834E+25  1.7618E-05  9.9998E-01  7.0811E+03  8.1828E-05  2.5452E-12  3.4415E-13  4.1400E-04
 3.3927E+25  1.7456E-05  9.9998E-01  7.0806E+03  8.1828E-05  2.5712E-12  3.4417E-13  4.0916E-04
 3.4020E+25  1.7684E-05  9.9998E-01  7.0801E+03  8.1828E-05  2.5382E-12  3.4419E-13  4.0436E-04
 3.4112E+25  1.7919E-05  9.9998E-01  7.0797E+03  8.1828E-05  2.5050E-12  3.4421E-13  3.9969E-04
 3.4205E+25  1.7797E-05  9.9998E-01  7.0792E+03  8.1828E-05  2.5201E-12  3.4422E-13  3.9512E-04
 3.4297E+25  1.7962E-05  9.9998E-01  7.0788E+03  8.1828E-05  2.4992E-12  3.4424E-13  3.9067E-04
 3.4390E+25  1.8198E-05  9.9998E-01  7.0783E+03  8.1828E-05  2.4669E-12  3.4426E-13  3.8622E-04
 3.4482E+25  1.8171E-05  9.9998E-01  7.0779E+03  8.1828E-05  2.4685E-12  3.4427E-13  3.8180E-04
 3.4575E+25  1.8240E-05  9.9998E-01  7.0775E+03  8.1828E-05  2.4614E-12  3.4429E-13  3.7742E-04
 3.4668E+25  1.8476E-05  9.9998E-01  7.0771E+03  8.1828E-05  2.4302E-12  3.4431E-13  3.7311E-04
 3.4760E+25  1.8560E-05  9.9998E-01  7.0766E+03  8.1828E-05  2.4169E-12  3.4432E-13  3.6892E-04
 3.4853E+25  1.8517E-05  9.9998E-01  7.0762E+03  8.1828E-05  2.4250E-12  3.4434E-13  3.6483E-04
 3.4945E+25  1.8752E-05  9.9998E-01  7.0758E+03  8.1828E-05  2.3946E-12  3.4436E-13  3.6079E-04
 3.5038E+25  1.8965E-05  9.9998E-01  7.0754E+03  8.1828E-05  2.3656E-12  3.4437E-13  3.5676E-04
 3.5130E+25  1.8792E-05  9.9998E-01  7.0750E+03  8.1828E-05  2.3897E-12  3.4439E-13  3.5276E-04
 3.5223E+25  1.9028E-05  9.9998E-01  7.0746E+03  8.1828E-05  2.3602E-12  3.4440E-13  3.4880E-04
 3.5316E+25  1.9271E-05  9.9998E-01  7.0743E+03  8.1828E-05  2.3305E-12  3.4442E-13  3.4493E-04
 3.5408E+25  1.9180E-05  9.9998E-01  7.0739E+03  8.1828E-05  2.3394E-12  3.4443E-13  3.4114E-04
 3.5501E+25  1.9303E-05  9.9998E-01  7.0735E+03  8.1828E-05  2.3267E-12  3.4445E-13  3.3746E-04
 3.5593E+25  1.9546E-05  9.9998E-01  7.0731E+03  8.1828E-05  2.2980E-12  3.4446E-13  3.3379E-04
 3.5686E+25  1.9613E-05  9.9998E-01  7.0728E+03  8.1828E-05  2.2880E-12  3.4448E-13  3.3014E-04
 3.5778E+25  1.9578E-05  9.9998E-01  7.0724E+03  8.1828E-05  2.2943E-12  3.4449E-13  3.2651E-04
 3.5871E+25  1.9820E-05  9.9998E-01  7.0720E+03  8.1828E-05  2.2665E-12  3.4451E-13  3.2293E-04
 3.5964E+25  2.0058E-05  9.9998E-01  7.0717E+03  8.1828E-05  2.2386E-12  3.4452E-13  3.1943E-04
 3.6056E+25  1.9857E-05  9.9998E-01  7.0713E+03  8.1828E-05  2.2612E-12  3.4453E-13  3.1600E-04
 3.6149E+25  2.0093E-05  9.9998E-01  7.0710E+03  8.1828E-05  2.2359E-12  3.4455E-13  3.1266E-04
 3.6241E+25  2.0342E-05  9.9998E-01  7.0707E+03  8.1828E-05  2.2086E-12  3.4456E-13  3.0934E-04
 3.6334E+25  2.0311E-05  9.9998E-01  7.0703E+03  8.1828E-05  2.2099E-12  3.4457E-13  3.0603E-04
 3.6426E+25  2.0367E-05  9.9998E-01  7.0700E+03  8.1828E-05  2.2060E-12  3.4459E-13  3.0274E-04
 3.6519E+25  2.0614E-05  9.9998E-01  7.0697E+03  8.1828E-05  2.1797E-12  3.4460E-13  2.9948E-04
 3.6612E+25  2.0794E-05  9.9998E-01  7.0693E+03  8.1828E-05  2.1588E-12  3.4461E-13  2.9631E-04
 3.6704E+25  2.0639E-05  9.9998E-01  7.0690E+03  8.1828E-05  2.1771E-12  3.4463E-13  2.9319E-04
 3.6797E+25  2.0886E-05  9.9998E-01  7.0687E+03  8.1828E-05  2.1515E-12  3.4464E-13  2.9016E-04
 3.6889E+25  2.1140E-05  9.9998E-01  7.0684E+03  8.1828E-05  2.1257E-12  3.4465E-13  2.8714E-04
 3.6982E+25  2.1065E-05  9.9998E-01  7.0681E+03  8.1828E-05  2.1312E-12  3.4466E-13  2.8414E-04
 3.7074E+25  2.1158E-05  9.9998E-01  7.0678E+03  8.1828E-05  2.1239E-12  3.4467E-13  2.8116E-04
 3.7167E+25  2.1410E-05  9.9998E-01  7.0675E+03  8.1828E-05  2.0991E-12  3.4469E-13  2.7820E-04
 3.7260E+25  2.1583E-05  9.9998E-01  7.0672E+03  8.1828E-05  2.0803E-12  3.4470E-13  2.7530E-04
 3.7352E+25  2.1429E-05  9.9998E-01  7.0669E+03  8.1828E-05  2.0973E-12  3.4471E-13  2.7245E-04
 3.7445E+25  2.1680E-05  9.9998E-01  7.0666E+03  8.1828E-05  2.0731E-12  3.4472E-13  2.6969E-04
 3.7537E+25  2.1938E-05  9.9998E-01  7.0663E+03  8.1828E-05  2.0488E-12  3.4473E-13  2.6696E-04
 3.7630E+25  2.1880E-05  9.9998E-01  7.0660E+03  8.1828E-05  2.0523E-12  3.4474E-13  2.6423E-04
 3.7722E+25  2.1951E-05  9.9998E-01  7.0657E+03  8.1828E-05  2.0477E-12  3.4475E-13  2.6152E-04
 3.7815E+25  2.2206E-05  9.9998E-01  7.0655E+03  8.1828E-05  2.0242E-12  3.4477E-13  2.5883E-04
 3.7908E+25  2.2435E-05  9.9998E-01  7.0652E+03  8.1828E-05  2.0016E-12  3.4478E-13  2.5617E-04
 3.8000E+25  2.2220E-05  9.9998E-01  7.0649E+03  8.1828E-05  2.0230E-12  3.4479E-13  2.5358E-04
 3.8093E+25  2.2475E-05  9.9998E-01  7.0646E+03  8.1828E-05  2.0001E-12  3.4480E-13  2.5103E-04
 3.8185E+25  2.2736E-05  9.9998E-01  7.0644E+03  8.1828E-05  1.9772E-12  3.4481E-13  2.4855E-04
 3.8278E+25  2.2761E-05  9.9998E-01  7.0641E+03  8.1828E-05  1.9731E-12  3.4482E-13  2.4608E-04
 3.8370E+25  2.2745E-05  9.9998E-01  7.0638E+03  8.1828E-05  1.9766E-12  3.4483E-13  2.4362E-04
 3.8463E+25  2.3003E-05  9.9998E-01  7.0636E+03  8.1828E-05  1.9544E-12  3.4484E-13  2.4117E-04
 3.8556E+25  2.3269E-05  9.9998E-01  7.0633E+03  8.1828E-05  1.9321E-12  3.4485E-13  2.3874E-04
 3.8648E+25  2.3100E-05  9.9998E-01  7.0631E+03  8.1828E-05  1.9444E-12  3.4486E-13  2.3635E-04
 3.8741E+25  2.3272E-05  9.9998E-01  7.0628E+03  8.1828E-05  1.9320E-12  3.4487E-13  2.3401E-04
 3.8833E+25  2.3535E-05  9.9998E-01  7.0626E+03  8.1828E-05  1.9105E-12  3.4488E-13  2.3173E-04
 3.8926E+25  2.3716E-05  9.9998E-01  7.0623E+03  8.1828E-05  1.8940E-12  3.4489E-13  2.2949E-04
 3.9018E+25  2.3539E-05  9.9998E-01  7.0621E+03  8.1828E-05  1.9102E-12  3.4490E-13  2.2725E-04
 3.9111E+25  2.3801E-05  9.9998E-01  7.0619E+03  8.1828E-05  1.8892E-12  3.4491E-13  2.2503E-04
 3.9204E+25  2.4070E-05  9.9998E-01  7.0616E+03  8.1828E-05  1.8682E-12  3.4492E-13  2.2282E-04
 3.9296E+25  2.4088E-05  9.9998E-01  7.0614E+03  8.1828E-05  1.8649E-12  3.4493E-13  2.2062E-04
 3.9389E+25  2.4069E-05  9.9998E-01  7.0612E+03  8.1828E-05  1.8683E-12  3.4493E-13  2.1847E-04
 3.9481E+25  2.4334E-05  9.9998E-01  7.0609E+03  8.1828E-05  1.8480E-12  3.4494E-13  2.1635E-04
 3.9574E+25  2.4607E-05  9.9998E-01  7.0607E+03  8.1828E-05  1.8275E-12  3.4495E-13  2.1429E-04
 3.9666E+25  2.4475E-05  9.9998E-01  7.0605E+03  8.1828E-05  1.8356E-12  3.4496E-13  2.1226E-04
 3.9759E+25  2.4601E-05  9.9998E-01  7.0603E+03  8.1828E-05  1.8280E-12  3.4497E-13  2.1024E-04
 3.9852E+25  2.4870E-05  9.9998E-01  7.0601E+03  8.1828E-05  1.8083E-12  3.4498E-13  2.0823E-04
 3.9944E+25  2.5140E-05  9.9997E-01  7.0598E+03  8.1828E-05  1.7885E-12  3.4499E-13  2.0623E-04
 4.0037E+25  2.4884E-05  9.9998E-01  7.0596E+03  8.1828E-05  1.8060E-12  3.4500E-13  2.0424E-04
 4.0129E+25  2.5136E-05  9.9997E-01  7.0594E+03  8.1828E-05  1.7893E-12  3.4500E-13  2.0228E-04
 4.0222E+25  2.5409E-05  9.9997E-01  7.0592E+03  8.1828E-05  1.7702E-12  3.4501E-13  2.0037E-04
 4.0314E+25  2.5584E-05  9.9997E-01  7.0590E+03  8.1828E-05  1.7563E-12  3.4502E-13  1.9849E-04
 4.0407E+25  2.5401E-05  9.9997E-01  7.0588E+03  8.1828E-05  1.7707E-12  3.4503E-13  1.9666E-04
 4.0500E+25  2.5674E-05  9.9997E-01  7.0586E+03  8.1828E-05  1.7519E-12  3.4504E-13  1.9483E-04
 4.0592E+25  2.5950E-05  9.9997E-01  7.0584E+03  8.1828E-05  1.7334E-12  3.4504E-13  1.9301E-04
 4.0685E+25  2.6027E-05  9.9997E-01  7.0582E+03  8.1828E-05  1.7265E-12  3.4505E-13  1.9120E-04
 4.0777E+25  2.5938E-05  9.9997E-01  7.0580E+03  8.1828E-05  1.7342E-12  3.4506E-13  1.8939E-04
 4.0870E+25  2.6214E-05  9.9997E-01  7.0578E+03  8.1828E-05  1.7160E-12  3.4507E-13  1.8761E-04
 4.0962E+25  2.6493E-05  9.9997E-01  7.0576E+03  8.1828E-05  1.6980E-12  3.4507E-13  1.8588E-04
 4.1055E+25  2.6488E-05  9.9997E-01  7.0574E+03  8.1828E-05  1.6965E-12  3.4508E-13  1.8416E-04
 4.1148E+25  2.6477E-05  9.9997E-01  7.0572E+03  8.1828E-05  1.6990E-12  3.4509E-13  1.8249E-04
 4.1240E+25  2.6756E-05  9.9997E-01  7.0571E+03  8.1828E-05  1.6813E-12  3.4510E-13  1.8084E-04
 4.1333E+25  2.7039E-05  9.9997E-01  7.0569E+03  8.1828E-05  1.6638E-12  3.4510E-13  1.7919E-04
 4.1425E+25  2.6969E-05  9.9997E-01  7.0567E+03  8.1828E-05  1.6664E-12  3.4511E-13  1.7755E-04
 4.1518E+25  2.7019E-05  9.9997E-01  7.0565E+03  8.1828E-05  1.6651E-12  3.4512E-13  1.7592E-04
 4.1610E+25  2.7301E-05  9.9997E-01  7.0563E+03  8.1828E-05  1.6479E-12  3.4513E-13  1.7429E-04
 4.1703E+25  2.7587E-05  9.9997E-01  7.0562E+03  8.1828E-05  1.6309E-12  3.4513E-13  1.7270E-04
 4.1796E+25  2.7469E-05  9.9997E-01  7.0560E+03  8.1828E-05  1.6362E-12  3.4514E-13  1.7114E-04
 4.1888E+25  2.7564E-05  9.9997E-01  7.0558E+03  8.1828E-05  1.6323E-12  3.4515E-13  1.6960E-04
 4.1981E+25  2.7848E-05  9.9997E-01  7.0556E+03  8.1828E-05  1.6156E-12  3.4515E-13  1.6811E-04
 4.2073E+25  2.8137E-05  9.9997E-01  7.0555E+03  8.1828E-05  1.5991E-12  3.4516E-13  1.6662E-04
 4.2166E+25  2.7990E-05  9.9997E-01  7.0553E+03  8.1828E-05  1.6058E-12  3.4517E-13  1.6513E-04
 4.2258E+25  2.8110E-05  9.9997E-01  7.0551E+03  8.1828E-05  1.6006E-12  3.4517E-13  1.6365E-04
 4.2351E+25  2.8398E-05  9.9997E-01  7.0550E+03  8.1828E-05  1.5844E-12  3.4518E-13  1.6218E-04
 4.2443E+25  2.8689E-05  9.9997E-01  7.0548E+03  8.1828E-05  1.5685E-12  3.4519E-13  1.6071E-04
 4.2536E+25  2.8534E-05  9.9997E-01  7.0546E+03  8.1828E-05  1.5753E-12  3.4519E-13  1.5928E-04
 4.2629E+25  2.8659E-05  9.9997E-01  7.0545E+03  8.1828E-05  1.5701E-12  3.4520E-13  1.5787E-04
 4.2721E+25  2.8950E-05  9.9997E-01  7.0543E+03  8.1828E-05  1.5543E-12  3.4520E-13  1.5649E-04
 4.2814E+25  2.9242E-05  9.9997E-01  7.0542E+03  8.1828E-05  1.5388E-12  3.4521E-13  1.5514E-04
 4.2906E+25  2.9100E-05  9.9997E-01  7.0540E+03  8.1828E-05  1.5448E-12  3.4522E-13  1.5380E-04
 4.2999E+25  2.9211E-05  9.9997E-01  7.0539E+03  8.1828E-05  1.5405E-12  3.4522E-13  1.5245E-04
 4.3091E+25  2.9504E-05  9.9997E-01  7.0537E+03  8.1828E-05  1.5252E-12  3.4523E-13  1.5112E-04
 4.3184E+25  2.9799E-05  9.9997E-01  7.0536E+03  8.1828E-05  1.5102E-12  3.4523E-13  1.4979E-04
 4.3277E+25  2.9689E-05  9.9997E-01  7.0534E+03  8.1828E-05  1.5142E-12  3.4524E-13  1.4847E-04
 4.3369E+25  2.9765E-05  9.9997E-01  7.0533E+03  8.1828E-05  1.5119E-12  3.4525E-13  1.4717E-04
 4.3462E+25  3.0061E-05  9.9997E-01  7.0531E+03  8.1828E-05  1.4971E-12  3.4525E-13  1.4590E-04
 4.3554E+25  3.0358E-05  9.9997E-01  7.0530E+03  8.1828E-05  1.4825E-12  3.4526E-13  1.4465E-04
 4.3647E+25  3.0302E-05  9.9997E-01  7.0528E+03  8.1828E-05  1.4837E-12  3.4526E-13  1.4343E-04
 4.3739E+25  3.0322E-05  9.9997E-01  7.0527E+03  8.1828E-05  1.4842E-12  3.4527E-13  1.4222E-04
 4.3832E+25  3.0621E-05  9.9997E-01  7.0526E+03  8.1828E-05  1.4698E-12  3.4527E-13  1.4100E-04
 4.3925E+25  3.0919E-05  9.9997E-01  7.0524E+03  8.1828E-05  1.4556E-12  3.4528E-13  1.3980E-04
 4.4017E+25  3.0940E-05  9.9997E-01  7.0523E+03  8.1828E-05  1.4532E-12  3.4529E-13  1.3860E-04
 4.4110E+25  3.0882E-05  9.9997E-01  7.0521E+03  8.1828E-05  1.4574E-12  3.4529E-13  1.3740E-04
 4.4202E+25  3.1182E-05  9.9997E-01  7.0520E+03  8.1828E-05  1.4434E-12  3.4530E-13  1.3622E-04
 4.4295E+25  3.1483E-05  9.9997E-01  7.0519E+03  8.1828E-05  1.4296E-12  3.4530E-13  1.3507E-04
 4.4387E+25  3.1604E-05  9.9997E-01  7.0517E+03  8.1828E-05  1.4227E-12  3.4531E-13  1.3392E-04
 4.4480E+25  3.1445E-05  9.9997E-01  7.0516E+03  8.1828E-05  1.4313E-12  3.4531E-13  1.3282E-04
 4.4573E+25  3.1744E-05  9.9997E-01  7.0515E+03  8.1828E-05  1.4179E-12  3.4532E-13  1.3173E-04
 4.4665E+25  3.2051E-05  9.9997E-01  7.0513E+03  8.1828E-05  1.4043E-12  3.4532E-13  1.3063E-04
 4.4758E+25  3.2294E-05  9.9997E-01  7.0512E+03  8.1828E-05  1.3924E-12  3.4533E-13  1.2954E-04
 4.4850E+25  3.2010E-05  9.9997E-01  7.0511E+03  8.1828E-05  1.4062E-12  3.4533E-13  1.2846E-04
 4.4943E+25  3.2311E-05  9.9997E-01  7.0510E+03  8.1828E-05  1.3931E-12  3.4534E-13  1.2738E-04
 4.5035E+25  3.2620E-05  9.9997E-01  7.0508E+03  8.1828E-05  1.3799E-12  3.4534E-13  1.2630E-04
 4.5128E+25  3.2927E-05  9.9997E-01  7.0507E+03  8.1828E-05  1.3670E-12  3.4535E-13  1.2525E-04
 4.5221E+25  3.2662E-05  9.9997E-01  7.0506E+03  8.1828E-05  1.3768E-12  3.4535E-13  1.2421E-04
 4.5313E+25  3.2882E-05  9.9997E-01  7.0505E+03  8.1828E-05  1.3690E-12  3.4536E-13  1.2319E-04
 4.5406E+25  3.3192E-05  9.9997E-01  7.0503E+03  8.1828E-05  1.3562E-12  3.4536E-13  1.2221E-04
 4.5498E+25  3.3503E-05  9.9997E-01  7.0502E+03  8.1828E-05  1.3436E-12  3.4537E-13  1.2122E-04
 4.5591E+25  3.3403E-05  9.9997E-01  7.0501E+03  8.1828E-05  1.3463E-12  3.4537E-13  1.2023E-04
 4.5683E+25  3.3456E-05  9.9997E-01  7.0500E+03  8.1828E-05  1.3455E-12  3.4538E-13  1.1925E-04
 4.5776E+25  3.3764E-05  9.9997E-01  7.0499E+03  8.1828E-05  1.3333E-12  3.4538E-13  1.1827E-04
 4.5869E+25  3.4081E-05  9.9997E-01  7.0498E+03  8.1828E-05  1.3209E-12  3.4539E-13  1.1730E-04
 4.5961E+25  3.4175E-05  9.9997E-01  7.0496E+03  8.1828E-05  1.3159E-12  3.4539E-13  1.1634E-04
 4.6054E+25  3.4031E-05  9.9997E-01  7.0495E+03  8.1828E-05  1.3229E-12  3.4539E-13  1.1539E-04
 4.6146E+25  3.4342E-05  9.9997E-01  7.0494E+03  8.1828E-05  1.3109E-12  3.4540E-13  1.1445E-04
 4.6239E+25  3.4661E-05  9.9997E-01  7.0493E+03  8.1828E-05  1.2989E-12  3.4540E-13  1.1354E-04
 4.6331E+25  3.4965E-05  9.9997E-01  7.0492E+03  8.1828E-05  1.2871E-12  3.4541E-13  1.1265E-04
 4.6424E+25  3.4621E-05  9.9997E-01  7.0491E+03  8.1828E-05  1.2995E-12  3.4541E-13  1.1176E-04
 4.6517E+25  3.4925E-05  9.9997E-01  7.0490E+03  8.1828E-05  1.2891E-12  3.4542E-13  1.1087E-04
 4.6609E+25  3.5241E-05  9.9996E-01  7.0489E+03  8.1828E-05  1.2775E-12  3.4542E-13  1.0999E-04
 4.6702E+25  3.5565E-05  9.9996E-01  7.0488E+03  8.1828E-05  1.2659E-12  3.4542E-13  1.0911E-04
 4.6794E+25  3.5438E-05  9.9996E-01  7.0487E+03  8.1828E-05  1.2691E-12  3.4543E-13  1.0823E-04
 4.6887E+25  3.5508E-05  9.9996E-01  7.0486E+03  8.1828E-05  1.2680E-12  3.4543E-13  1.0736E-04
 4.6979E+25  3.5826E-05  9.9996E-01  7.0485E+03  8.1828E-05  1.2567E-12  3.4544E-13  1.0651E-04
 4.7072E+25  3.6153E-05  9.9996E-01  7.0483E+03  8.1828E-05  1.2454E-12  3.4544E-13  1.0566E-04
 4.7165E+25  3.6303E-05  9.9996E-01  7.0482E+03  8.1828E-05  1.2389E-12  3.4545E-13  1.0483E-04
 4.7257E+25  3.6092E-05  9.9996E-01  7.0481E+03  8.1828E-05  1.2475E-12  3.4545E-13  1.0403E-04
 4.7350E+25  3.6418E-05  9.9996E-01  7.0481E+03  8.1828E-05  1.2363E-12  3.4545E-13  1.0323E-04
 4.7442E+25  3.6741E-05  9.9996E-01  7.0479E+03  8.1828E-05  1.2255E-12  3.4546E-13  1.0243E-04
 4.7535E+25  3.7072E-05  9.9996E-01  7.0478E+03  8.1828E-05  1.2145E-12  3.4546E-13  1.0163E-04
 4.7627E+25  3.6809E-05  9.9996E-01  7.0477E+03  8.1828E-05  1.2219E-12  3.4546E-13  1.0084E-04
 4.7720E+25  3.7010E-05  9.9996E-01  7.0477E+03  8.1828E-05  1.2166E-12  3.4547E-13  1.0005E-04
 4.7813E+25  3.7336E-05  9.9996E-01  7.0476E+03  8.1828E-05  1.2060E-12  3.4547E-13  9.9258E-05
 4.7905E+25  3.7669E-05  9.9996E-01  7.0475E+03  8.1828E-05  1.1954E-12  3.4548E-13  9.8483E-05
 4.7998E+25  3.7741E-05  9.9996E-01  7.0474E+03  8.1828E-05  1.1918E-12  3.4548E-13  9.7717E-05
 4.8090E+25  3.7600E-05  9.9996E-01  7.0473E+03  8.1828E-05  1.1976E-12  3.4548E-13  9.6958E-05
 4.8183E+25  3.7937E-05  9.9996E-01  7.0472E+03  8.1828E-05  1.1869E-12  3.4549E-13  9.6231E-05
 4.8275E+25  3.8265E-05  9.9996E-01  7.0471E+03  8.1828E-05  1.1768E-12  3.4549E-13  9.5510E-05
 4.8368E+25  3.8604E-05  9.9996E-01  7.0470E+03  8.1828E-05  1.1664E-12  3.4549E-13  9.4790E-05
 4.8461E+25  3.8300E-05  9.9996E-01  7.0469E+03  8.1828E-05  1.1745E-12  3.4550E-13  9.4070E-05
 4.8553E+25  3.8535E-05  9.9996E-01  7.0468E+03  8.1828E-05  1.1686E-12  3.4550E-13  9.3353E-05
 4.8646E+25  3.8872E-05  9.9996E-01  7.0467E+03  8.1828E-05  1.1584E-12  3.4551E-13  9.2639E-05
 4.8738E+25  3.9208E-05  9.9996E-01  7.0466E+03  8.1828E-05  1.1486E-12  3.4551E-13  9.1929E-05
 4.8831E+25  3.9302E-05  9.9996E-01  7.0465E+03  8.1828E-05  1.1445E-12  3.4551E-13  9.1222E-05
 4.8923E+25  3.9133E-05  9.9996E-01  7.0465E+03  8.1828E-05  1.1507E-12  3.4552E-13  9.0529E-05
 4.9016E+25  3.9479E-05  9.9996E-01  7.0464E+03  8.1828E-05  1.1407E-12  3.4552E-13  8.9839E-05
 4.9109E+25  3.9816E-05  9.9996E-01  7.0463E+03  8.1828E-05  1.1310E-12  3.4552E-13  8.9161E-05
 4.9201E+25  4.0161E-05  9.9996E-01  7.0462E+03  8.1828E-05  1.1213E-12  3.4553E-13  8.8509E-05
 4.9294E+25  3.9920E-05  9.9996E-01  7.0461E+03  8.1828E-05  1.1269E-12  3.4553E-13  8.7862E-05
 4.9386E+25  4.0083E-05  9.9996E-01  7.0460E+03  8.1828E-05  1.1235E-12  3.4553E-13  8.7214E-05
 4.9479E+25  4.0433E-05  9.9996E-01  7.0460E+03  8.1828E-05  1.1138E-12  3.4554E-13  8.6567E-05
 4.9571E+25  4.0772E-05  9.9996E-01  7.0459E+03  8.1828E-05  1.1045E-12  3.4554E-13  8.5922E-05
 4.9664E+25  4.0993E-05  9.9996E-01  7.0458E+03  8.1828E-05  1.0974E-12  3.4554E-13  8.5280E-05
 4.9757E+25  4.0696E-05  9.9996E-01  7.0457E+03  8.1828E-05  1.1066E-12  3.4555E-13  8.4641E-05
 4.9849E+25  4.1045E-05  9.9996E-01  7.0456E+03  8.1828E-05  1.0972E-12  3.4555E-13  8.4005E-05
 4.9942E+25  4.1397E-05  9.9996E-01  7.0455E+03  8.1828E-05  1.0879E-12  3.4555E-13  8.3381E-05
 5.0034E+25  4.1740E-05  9.9996E-01  7.0455E+03  8.1828E-05  1.0790E-12  3.4556E-13  8.2760E-05
 5.0127E+25  4.1676E-05  9.9996E-01  7.0454E+03  8.1828E-05  1.0795E-12  3.4556E-13  8.2148E-05
 5.0219E+25  4.1661E-05  9.9996E-01  7.0453E+03  8.1828E-05  1.0810E-12  3.4556E-13  8.1562E-05
 5.0312E+25  4.2017E-05  9.9996E-01  7.0452E+03  8.1828E-05  1.0719E-12  3.4556E-13  8.0979E-05
 5.0405E+25  4.2371E-05  9.9996E-01  7.0452E+03  8.1828E-05  1.0629E-12  3.4557E-13  8.0398E-05
 5.0497E+25  4.2719E-05  9.9996E-01  7.0451E+03  8.1828E-05  1.0543E-12  3.4557E-13  7.9814E-05
 5.0590E+25  4.2391E-05  9.9996E-01  7.0450E+03  8.1828E-05  1.0613E-12  3.4557E-13  7.9234E-05
 5.0682E+25  4.2637E-05  9.9996E-01  7.0449E+03  8.1828E-05  1.0563E-12  3.4558E-13  7.8657E-05
 5.0775E+25  4.2999E-05  9.9996E-01  7.0449E+03  8.1828E-05  1.0475E-12  3.4558E-13  7.8081E-05
 5.0867E+25  4.3356E-05  9.9996E-01  7.0448E+03  8.1828E-05  1.0388E-12  3.4558E-13  7.7508E-05
 5.0960E+25  4.3571E-05  9.9996E-01  7.0447E+03  8.1828E-05  1.0326E-12  3.4559E-13  7.6943E-05
 5.1053E+25  4.3275E-05  9.9996E-01  7.0446E+03  8.1828E-05  1.0408E-12  3.4559E-13  7.6383E-05
 5.1145E+25  4.3625E-05  9.9996E-01  7.0446E+03  8.1828E-05  1.0324E-12  3.4559E-13  7.5827E-05
 5.1238E+25  4.3992E-05  9.9996E-01  7.0445E+03  8.1828E-05  1.0239E-12  3.4559E-13  7.5294E-05
 5.1330E+25  4.4353E-05  9.9996E-01  7.0444E+03  8.1828E-05  1.0155E-12  3.4560E-13  7.4770E-05
 5.1423E+25  4.4355E-05  9.9996E-01  7.0443E+03  8.1828E-05  1.0144E-12  3.4560E-13  7.4247E-05
 5.1515E+25  4.4270E-05  9.9996E-01  7.0443E+03  8.1828E-05  1.0174E-12  3.4560E-13  7.3723E-05
 5.1608E+25  4.4625E-05  9.9996E-01  7.0442E+03  8.1828E-05  1.0094E-12  3.4560E-13  7.3200E-05
 5.1701E+25  4.4997E-05  9.9996E-01  7.0441E+03  8.1828E-05  1.0010E-12  3.4561E-13  7.2680E-05
 5.1793E+25  4.5361E-05  9.9995E-01  7.0441E+03  8.1828E-05  9.9297E-13  3.4561E-13  7.2162E-05
 5.1886E+25  4.5173E-05  9.9995E-01  7.0440E+03  8.1828E-05  9.9605E-13  3.4561E-13  7.1645E-05
 5.1978E+25  4.5277E-05  9.9995E-01  7.0439E+03  8.1828E-05  9.9481E-13  3.4562E-13  7.1132E-05
 5.2071E+25  4.5637E-05  9.9995E-01  7.0439E+03  8.1828E-05  9.8702E-13  3.4562E-13  7.0626E-05
 5.2163E+25  4.6013E-05  9.9995E-01  7.0438E+03  8.1828E-05  9.7895E-13  3.4562E-13  7.0123E-05
 5.2256E+25  4.6378E-05  9.9995E-01  7.0437E+03  8.1828E-05  9.7115E-13  3.4562E-13  6.9628E-05
 5.2349E+25  4.6028E-05  9.9995E-01  7.0437E+03  8.1828E-05  9.7762E-13  3.4563E-13  6.9153E-05
 5.2441E+25  4.6297E-05  9.9995E-01  7.0436E+03  8.1828E-05  9.7294E-13  3.4563E-13  6.8682E-05
 5.2534E+25  4.6660E-05  9.9995E-01  7.0435E+03  8.1828E-05  9.6540E-13  3.4563E-13  6.8213E-05
 5.2626E+25  4.7041E-05  9.9995E-01  7.0435E+03  8.1828E-05  9.5759E-13  3.4563E-13  6.7742E-05
 5.2719E+25  4.7371E-05  9.9995E-01  7.0434E+03  8.1828E-05  9.5002E-13  3.4564E-13  6.7273E-05
 5.2811E+25  4.6957E-05  9.9995E-01  7.0433E+03  8.1828E-05  9.5912E-13  3.4564E-13  6.6806E-05
 5.2904E+25  4.7329E-05  9.9995E-01  7.0433E+03  8.1828E-05  9.5175E-13  3.4564E-13  6.6341E-05
 5.2997E+25  4.7696E-05  9.9995E-01  7.0432E+03  8.1828E-05  9.4446E-13  3.4564E-13  6.5876E-05
 5.3089E+25  4.8081E-05  9.9995E-01  7.0431E+03  8.1828E-05  9.3691E-13  3.4565E-13  6.5416E-05
 5.3182E+25  4.8305E-05  9.9995E-01  7.0431E+03  8.1828E-05  9.3151E-13  3.4565E-13  6.4961E-05
 5.3274E+25  4.7995E-05  9.9995E-01  7.0430E+03  8.1828E-05  9.3859E-13  3.4565E-13  6.4508E-05
 5.3367E+25  4.8374E-05  9.9995E-01  7.0430E+03  8.1828E-05  9.3123E-13  3.4565E-13  6.4062E-05
 5.3459E+25  4.8744E-05  9.9995E-01  7.0429E+03  8.1828E-05  9.2416E-13  3.4566E-13  6.3636E-05
 5.3552E+25  4.9133E-05  9.9995E-01  7.0428E+03  8.1828E-05  9.1687E-13  3.4566E-13  6.3213E-05
 5.3645E+25  4.9277E-05  9.9995E-01  7.0428E+03  8.1828E-05  9.1317E-13  3.4566E-13  6.2792E-05
 5.3737E+25  4.9047E-05  9.9995E-01  7.0427E+03  8.1828E-05  9.1850E-13  3.4566E-13  6.2369E-05
 5.3830E+25  4.9432E-05  9.9995E-01  7.0427E+03  8.1828E-05  9.1133E-13  3.4567E-13  6.1948E-05
 5.3922E+25  4.9808E-05  9.9995E-01  7.0426E+03  8.1828E-05  9.0445E-13  3.4567E-13  6.1528E-05
 5.4015E+25  5.0198E-05  9.9995E-01  7.0425E+03  8.1828E-05  8.9745E-13  3.4567E-13  6.1109E-05
 5.4107E+25  5.0288E-05  9.9995E-01  7.0425E+03  8.1828E-05  8.9485E-13  3.4567E-13  6.0692E-05
 5.4200E+25  5.0112E-05  9.9995E-01  7.0424E+03  8.1828E-05  8.9899E-13  3.4568E-13  6.0277E-05
 5.4292E+25  5.0503E-05  9.9995E-01  7.0424E+03  8.1828E-05  8.9204E-13  3.4568E-13  5.9867E-05
 5.4385E+25  5.0885E-05  9.9995E-01  7.0423E+03  8.1828E-05  8.8531E-13  3.4568E-13  5.9460E-05
 5.4478E+25  5.1275E-05  9.9995E-01  7.0423E+03  8.1828E-05  8.7864E-13  3.4568E-13  5.9055E-05
 5.4570E+25  5.1338E-05  9.9995E-01  7.0422E+03  8.1828E-05  8.7658E-13  3.4569E-13  5.8668E-05
 5.4663E+25  5.1193E-05  9.9995E-01  7.0421E+03  8.1828E-05  8.8000E-13  3.4569E-13  5.8288E-05
 5.4755E+25  5.1587E-05  9.9995E-01  7.0421E+03  8.1828E-05  8.7332E-13  3.4569E-13  5.7909E-05
 5.4848E+25  5.1977E-05  9.9995E-01  7.0420E+03  8.1828E-05  8.6676E-13  3.4569E-13  5.7530E-05
 5.4940E+25  5.2365E-05  9.9995E-01  7.0420E+03  8.1828E-05  8.6035E-13  3.4569E-13  5.7151E-05
 5.5033E+25  5.2428E-05  9.9995E-01  7.0419E+03  8.1828E-05  8.5836E-13  3.4570E-13  5.6773E-05
 5.5126E+25  5.2291E-05  9.9995E-01  7.0419E+03  8.1828E-05  8.6155E-13  3.4570E-13  5.6397E-05
 5.5218E+25  5.2685E-05  9.9995E-01  7.0418E+03  8.1828E-05  8.5515E-13  3.4570E-13  5.6022E-05
 5.5311E+25  5.3082E-05  9.9995E-01  7.0418E+03  8.1828E-05  8.4874E-13  3.4570E-13  5.5648E-05
 5.5403E+25  5.3472E-05  9.9995E-01  7.0417E+03  8.1828E-05  8.4256E-13  3.4570E-13  5.5277E-05
 5.5496E+25  5.3562E-05  9.9995E-01  7.0416E+03  8.1828E-05  8.4023E-13  3.4571E-13  5.4909E-05
 5.5588E+25  5.3404E-05  9.9995E-01  7.0416E+03  8.1828E-05  8.4362E-13  3.4571E-13  5.4544E-05
 5.5681E+25  5.3794E-05  9.9995E-01  7.0416E+03  8.1828E-05  8.3754E-13  3.4571E-13  5.4184E-05
 5.5774E+25  5.4200E-05  9.9995E-01  7.0415E+03  8.1828E-05  8.3125E-13  3.4571E-13  5.3840E-05
 5.5866E+25  5.4597E-05  9.9995E-01  7.0415E+03  8.1828E-05  8.2520E-13  3.4571E-13  5.3499E-05
 5.5959E+25  5.4737E-05  9.9995E-01  7.0414E+03  8.1828E-05  8.2222E-13  3.4572E-13  5.3160E-05
 5.6051E+25  5.4531E-05  9.9995E-01  7.0413E+03  8.1828E-05  8.2623E-13  3.4572E-13  5.2819E-05
 5.6144E+25  5.4922E-05  9.9995E-01  7.0413E+03  8.1828E-05  8.2033E-13  3.4572E-13  5.2480E-05
 5.6236E+25  5.5333E-05  9.9994E-01  7.0413E+03  8.1828E-05  8.1427E-13  3.4572E-13  5.2141E-05
 5.6329E+25  5.5738E-05  9.9994E-01  7.0412E+03  8.1828E-05  8.0833E-13  3.4572E-13  5.1803E-05
 5.6422E+25  5.5956E-05  9.9994E-01  7.0411E+03  8.1828E-05  8.0432E-13  3.4573E-13  5.1467E-05
 5.6514E+25  5.5668E-05  9.9994E-01  7.0411E+03  8.1828E-05  8.0937E-13  3.4573E-13  5.1131E-05
 5.6607E+25  5.6071E-05  9.9994E-01  7.0410E+03  8.1828E-05  8.0354E-13  3.4573E-13  5.0798E-05
 5.6699E+25  5.6479E-05  9.9994E-01  7.0410E+03  8.1828E-05  7.9777E-13  3.4573E-13  5.0468E-05
 5.6792E+25  5.6893E-05  9.9994E-01  7.0409E+03  8.1828E-05  7.9194E-13  3.4573E-13  5.0139E-05
 5.6884E+25  5.7225E-05  9.9994E-01  7.0409E+03  8.1828E-05  7.8649E-13  3.4574E-13  4.9815E-05
 5.6977E+25  5.6821E-05  9.9994E-01  7.0408E+03  8.1828E-05  7.9297E-13  3.4574E-13  4.9506E-05
 5.7070E+25  5.7238E-05  9.9994E-01  7.0408E+03  8.1828E-05  7.8719E-13  3.4574E-13  4.9200E-05
 5.7162E+25  5.7638E-05  9.9994E-01  7.0408E+03  8.1828E-05  7.8173E-13  3.4574E-13  4.8896E-05
 5.7255E+25  5.8062E-05  9.9994E-01  7.0407E+03  8.1828E-05  7.7603E-13  3.4574E-13  4.8591E-05
 5.7347E+25  5.8469E-05  9.9994E-01  7.0407E+03  8.1828E-05  7.7050E-13  3.4575E-13  4.8286E-05
 5.7440E+25  5.8065E-05  9.9994E-01  7.0406E+03  8.1828E-05  7.7526E-13  3.4575E-13  4.7982E-05
 5.7532E+25  5.8413E-05  9.9994E-01  7.0406E+03  8.1828E-05  7.7138E-13  3.4575E-13  4.7679E-05
 5.7625E+25  5.8825E-05  9.9994E-01  7.0405E+03  8.1828E-05  7.6596E-13  3.4575E-13  4.7377E-05
 5.7718E+25  5.9246E-05  9.9994E-01  7.0405E+03  8.1828E-05  7.6055E-13  3.4575E-13  4.7076E-05
 5.7810E+25  5.9669E-05  9.9994E-01  7.0404E+03  8.1828E-05  7.5513E-13  3.4576E-13  4.6775E-05
 5.7903E+25  5.9419E-05  9.9994E-01  7.0404E+03  8.1828E-05  7.5749E-13  3.4576E-13  4.6479E-05
 5.7995E+25  5.9603E-05  9.9994E-01  7.0403E+03  8.1828E-05  7.5600E-13  3.4576E-13  4.6183E-05
 5.8088E+25  6.0031E-05  9.9994E-01  7.0403E+03  8.1828E-05  7.5059E-13  3.4576E-13  4.5889E-05
 5.8180E+25  6.0443E-05  9.9994E-01  7.0402E+03  8.1828E-05  7.4551E-13  3.4576E-13  4.5607E-05
 5.8273E+25  6.0878E-05  9.9994E-01  7.0402E+03  8.1828E-05  7.4017E-13  3.4576E-13  4.5331E-05
 5.8366E+25  6.0835E-05  9.9994E-01  7.0402E+03  8.1828E-05  7.3986E-13  3.4577E-13  4.5058E-05
 5.8458E+25  6.0810E-05  9.9994E-01  7.0401E+03  8.1828E-05  7.4101E-13  3.4577E-13  4.4786E-05
 5.8551E+25  6.1245E-05  9.9994E-01  7.0401E+03  8.1828E-05  7.3575E-13  3.4577E-13  4.4512E-05
 5.8643E+25  6.1670E-05  9.9994E-01  7.0400E+03  8.1828E-05  7.3066E-13  3.4577E-13  4.4239E-05
 5.8736E+25  6.2100E-05  9.9994E-01  7.0400E+03  8.1828E-05  7.2564E-13  3.4577E-13  4.3967E-05
 5.8828E+25  6.2296E-05  9.9994E-01  7.0399E+03  8.1828E-05  7.2254E-13  3.4577E-13  4.3695E-05
 5.8921E+25  6.2044E-05  9.9994E-01  7.0399E+03  8.1828E-05  7.2627E-13  3.4578E-13  4.3425E-05
 5.9014E+25  6.2475E-05  9.9994E-01  7.0398E+03  8.1828E-05  7.2128E-13  3.4578E-13  4.3155E-05
 5.9106E+25  6.2916E-05  9.9994E-01  7.0398E+03  8.1828E-05  7.1623E-13  3.4578E-13  4.2887E-05
 5.9199E+25  6.3339E-05  9.9994E-01  7.0398E+03  8.1828E-05  7.1143E-13  3.4578E-13  4.2621E-05
 5.9291E+25  6.3764E-05  9.9994E-01  7.0397E+03  8.1828E-05  7.0648E-13  3.4578E-13  4.2355E-05
 5.9384E+25  6.3339E-05  9.9994E-01  7.0397E+03  8.1828E-05  7.1089E-13  3.4578E-13  4.2092E-05
 5.9476E+25  6.3726E-05  9.9994E-01  7.0396E+03  8.1828E-05  7.0712E-13  3.4579E-13  4.1842E-05
 5.9569E+25  6.4170E-05  9.9994E-01  7.0396E+03  8.1828E-05  7.0225E-13  3.4579E-13  4.1595E-05
 5.9662E+25  6.4612E-05  9.9994E-01  7.0395E+03  8.1828E-05  6.9742E-13  3.4579E-13  4.1351E-05
 5.9754E+25  6.5045E-05  9.9993E-01  7.0395E+03  8.1828E-05  6.9281E-13  3.4579E-13  4.1106E-05
 5.9847E+25  6.4879E-05  9.9994E-01  7.0395E+03  8.1828E-05  6.9382E-13  3.4579E-13  4.0861E-05
 5.9939E+25  6.5009E-05  9.9993E-01  7.0394E+03  8.1828E-05  6.9318E-13  3.4579E-13  4.0616E-05
 6.0032E+25  6.5442E-05  9.9993E-01  7.0394E+03  8.1828E-05  6.8861E-13  3.4580E-13  4.0373E-05
 6.0124E+25  6.5895E-05  9.9993E-01  7.0393E+03  8.1828E-05  6.8389E-13  3.4580E-13  4.0129E-05
 6.0217E+25  6.6336E-05  9.9993E-01  7.0393E+03  8.1828E-05  6.7931E-13  3.4580E-13  3.9887E-05
 6.0310E+25  6.6485E-05  9.9993E-01  7.0393E+03  8.1828E-05  6.7708E-13  3.4580E-13  3.9645E-05
 6.0402E+25  6.6306E-05  9.9993E-01  7.0392E+03  8.1828E-05  6.7964E-13  3.4580E-13  3.9404E-05
 6.0495E+25  6.6747E-05  9.9993E-01  7.0392E+03  8.1828E-05  6.7514E-13  3.4580E-13  3.9165E-05
 6.0587E+25  6.7193E-05  9.9993E-01  7.0391E+03  8.1828E-05  6.7069E-13  3.4581E-13  3.8927E-05
 6.0680E+25  6.7652E-05  9.9993E-01  7.0391E+03  8.1828E-05  6.6614E-13  3.4581E-13  3.8690E-05
 6.0772E+25  6.8078E-05  9.9993E-01  7.0391E+03  8.1828E-05  6.6181E-13  3.4581E-13  3.8464E-05
 6.0865E+25  6.7684E-05  9.9993E-01  7.0390E+03  8.1828E-05  6.6525E-13  3.4581E-13  3.8243E-05
 6.0958E+25  6.8072E-05  9.9993E-01  7.0390E+03  8.1828E-05  6.6202E-13  3.4581E-13  3.8023E-05
 6.1050E+25  6.8519E-05  9.9993E-01  7.0389E+03  8.1828E-05  6.5770E-13  3.4581E-13  3.7804E-05
 6.1143E+25  6.8975E-05  9.9993E-01  7.0389E+03  8.1828E-05  6.5338E-13  3.4582E-13  3.7584E-05
 6.1235E+25  6.9440E-05  9.9993E-01  7.0389E+03  8.1828E-05  6.4899E-13  3.4582E-13  3.7365E-05
 6.1328E+25  6.9374E-05  9.9993E-01  7.0388E+03  8.1828E-05  6.4891E-13  3.4582E-13  3.7146E-05
 6.1420E+25  6.9417E-05  9.9993E-01  7.0388E+03  8.1828E-05  6.4921E-13  3.4582E-13  3.6928E-05
 6.1513E+25  6.9873E-05  9.9993E-01  7.0388E+03  8.1828E-05  6.4498E-13  3.4582E-13  3.6711E-05
 6.1606E+25  7.0325E-05  9.9993E-01  7.0387E+03  8.1828E-05  6.4083E-13  3.4582E-13  3.6494E-05
 6.1698E+25  7.0790E-05  9.9993E-01  7.0387E+03  8.1828E-05  6.3664E-13  3.4583E-13  3.6277E-05
 6.1791E+25  7.1151E-05  9.9993E-01  7.0386E+03  8.1828E-05  6.3270E-13  3.4583E-13  3.6062E-05
 6.1883E+25  7.0777E-05  9.9993E-01  7.0386E+03  8.1828E-05  6.3677E-13  3.4583E-13  3.5848E-05
 6.1976E+25  7.1246E-05  9.9993E-01  7.0386E+03  8.1828E-05  6.3256E-13  3.4583E-13  3.5635E-05
 6.2068E+25  7.1708E-05  9.9993E-01  7.0385E+03  8.1828E-05  6.2848E-13  3.4583E-13  3.5426E-05
 6.2161E+25  7.2166E-05  9.9993E-01  7.0385E+03  8.1828E-05  6.2450E-13  3.4583E-13  3.5226E-05
 6.2254E+25  7.2639E-05  9.9993E-01  7.0384E+03  8.1828E-05  6.2044E-13  3.4583E-13  3.5028E-05
 6.2346E+25  7.2499E-05  9.9993E-01  7.0384E+03  8.1828E-05  6.2096E-13  3.4584E-13  3.4832E-05
 6.2439E+25  7.2635E-05  9.9993E-01  7.0384E+03  8.1828E-05  6.2049E-13  3.4584E-13  3.4636E-05
 6.2531E+25  7.3110E-05  9.9993E-01  7.0383E+03  8.1828E-05  6.1645E-13  3.4584E-13  3.4440E-05
 6.2624E+25  7.3579E-05  9.9993E-01  7.0383E+03  8.1828E-05  6.1252E-13  3.4584E-13  3.4244E-05
 6.2716E+25  7.4043E-05  9.9993E-01  7.0383E+03  8.1828E-05  6.0868E-13  3.4584E-13  3.4047E-05
 6.2809E+25  7.4371E-05  9.9993E-01  7.0382E+03  8.1828E-05  6.0537E-13  3.4584E-13  3.3852E-05
 6.2902E+25  7.4060E-05  9.9993E-01  7.0382E+03  8.1828E-05  6.0853E-13  3.4584E-13  3.3658E-05
 6.2994E+25  7.4530E-05  9.9993E-01  7.0381E+03  8.1828E-05  6.0473E-13  3.4585E-13  3.3463E-05
 6.3087E+25  7.5009E-05  9.9992E-01  7.0381E+03  8.1828E-05  6.0085E-13  3.4585E-13  3.3269E-05
 6.3179E+25  7.5486E-05  9.9992E-01  7.0381E+03  8.1828E-05  5.9706E-13  3.4585E-13  3.3077E-05
 6.3272E+25  7.5956E-05  9.9992E-01  7.0380E+03  8.1828E-05  5.9336E-13  3.4585E-13  3.2885E-05
 6.3364E+25  7.5840E-05  9.9992E-01  7.0380E+03  8.1828E-05  5.9366E-13  3.4585E-13  3.2694E-05
 6.3457E+25  7.5983E-05  9.9992E-01  7.0380E+03  8.1828E-05  5.9315E-13  3.4585E-13  3.2506E-05
 6.3550E+25  7.6461E-05  9.9992E-01  7.0379E+03  8.1828E-05  5.8947E-13  3.4585E-13  3.2328E-05
 6.3642E+25  7.6946E-05  9.9992E-01  7.0379E+03  8.1828E-05  5.8574E-13  3.4586E-13  3.2150E-05
 6.3735E+25  7.7431E-05  9.9992E-01  7.0379E+03  8.1828E-05  5.8208E-13  3.4586E-13  3.1975E-05
 6.3827E+25  7.7816E-05  9.9992E-01  7.0378E+03  8.1828E-05  5.7859E-13  3.4586E-13  3.1799E-05
 6.3920E+25  7.7465E-05  9.9992E-01  7.0378E+03  8.1828E-05  5.8183E-13  3.4586E-13  3.1623E-05
 6.4012E+25  7.7945E-05  9.9992E-01  7.0378E+03  8.1828E-05  5.7823E-13  3.4586E-13  3.1448E-05
 6.4105E+25  7.8430E-05  9.9992E-01  7.0377E+03  8.1828E-05  5.7468E-13  3.4586E-13  3.1272E-05
 6.4198E+25  7.8922E-05  9.9992E-01  7.0377E+03  8.1828E-05  5.7109E-13  3.4586E-13  3.1098E-05
 6.4290E+25  7.9413E-05  9.9992E-01  7.0376E+03  8.1828E-05  5.6756E-13  3.4587E-13  3.0923E-05
 6.4383E+25  7.9409E-05  9.9992E-01  7.0376E+03  8.1828E-05  5.6700E-13  3.4587E-13  3.0749E-05
 6.4475E+25  7.9459E-05  9.9992E-01  7.0376E+03  8.1828E-05  5.6724E-13  3.4587E-13  3.0575E-05
 6.4568E+25  7.9947E-05  9.9992E-01  7.0375E+03  8.1828E-05  5.6376E-13  3.4587E-13  3.0402E-05
 6.4660E+25  8.0438E-05  9.9992E-01  7.0375E+03  8.1828E-05  5.6035E-13  3.4587E-13  3.0230E-05
 6.4753E+25  8.0937E-05  9.9992E-01  7.0375E+03  8.1828E-05  5.5688E-13  3.4587E-13  3.0058E-05
 6.4846E+25  8.1421E-05  9.9992E-01  7.0374E+03  8.1828E-05  5.5349E-13  3.4587E-13  2.9888E-05
 6.4938E+25  8.1082E-05  9.9992E-01  7.0374E+03  8.1828E-05  5.5541E-13  3.4587E-13  2.9726E-05
 6.5031E+25  8.1494E-05  9.9992E-01  7.0374E+03  8.1828E-05  5.5309E-13  3.4588E-13  2.9566E-05
 6.5123E+25  8.1990E-05  9.9992E-01  7.0373E+03  8.1828E-05  5.4973E-13  3.4588E-13  2.9408E-05
 6.5216E+25  8.2485E-05  9.9992E-01  7.0373E+03  8.1828E-05  5.4646E-13  3.4588E-13  2.9252E-05
 6.5308E+25  8.2994E-05  9.9992E-01  7.0373E+03  8.1828E-05  5.4309E-13  3.4588E-13  2.9095E-05
 6.5401E+25  8.3223E-05  9.9992E-01  7.0372E+03  8.1828E-05  5.4106E-13  3.4588E-13  2.8937E-05
 6.5494E+25  8.3071E-05  9.9992E-01  7.0372E+03  8.1828E-05  5.4258E-13  3.4588E-13  2.8780E-05
 6.5586E+25  8.3570E-05  9.9992E-01  7.0372E+03  8.1828E-05  5.3936E-13  3.4588E-13  2.8624E-05
 6.5679E+25  8.4076E-05  9.9992E-01  7.0371E+03  8.1828E-05  5.3611E-13  3.4589E-13  2.8467E-05
 6.5771E+25  8.4574E-05  9.9992E-01  7.0371E+03  8.1828E-05  5.3297E-13  3.4589E-13  2.8311E-05
 6.5864E+25  8.5091E-05  9.9991E-01  7.0371E+03  8.1828E-05  5.2971E-13  3.4589E-13  2.8155E-05
 6.5956E+25  8.5010E-05  9.9991E-01  7.0370E+03  8.1828E-05  5.2970E-13  3.4589E-13  2.8000E-05
 6.6049E+25  8.5188E-05  9.9991E-01  7.0370E+03  8.1828E-05  5.2911E-13  3.4589E-13  2.7846E-05
 6.6142E+25  8.5690E-05  9.9991E-01  7.0370E+03  8.1828E-05  5.2603E-13  3.4589E-13  2.7691E-05
 6.6234E+25  8.6204E-05  9.9991E-01  7.0369E+03  8.1828E-05  5.2288E-13  3.4589E-13  2.7537E-05
 6.6327E+25  8.6706E-05  9.9991E-01  7.0369E+03  8.1828E-05  5.1987E-13  3.4590E-13  2.7386E-05
 6.6419E+25  8.7210E-05  9.9991E-01  7.0368E+03  8.1828E-05  5.1674E-13  3.4590E-13  2.7242E-05
 6.6512E+25  8.6889E-05  9.9991E-01  7.0368E+03  8.1828E-05  5.1838E-13  3.4590E-13  2.7099E-05
 6.6604E+25  8.7349E-05  9.9991E-01  7.0368E+03  8.1828E-05  5.1604E-13  3.4590E-13  2.6958E-05
 6.6697E+25  8.7855E-05  9.9991E-01  7.0368E+03  8.1828E-05  5.1307E-13  3.4590E-13  2.6818E-05
 6.6789E+25  8.8375E-05  9.9991E-01  7.0367E+03  8.1828E-05  5.1006E-13  3.4590E-13  2.6677E-05
 6.6882E+25  8.8884E-05  9.9991E-01  7.0367E+03  8.1828E-05  5.0714E-13  3.4590E-13  2.6536E-05
 6.6975E+25  8.9185E-05  9.9991E-01  7.0367E+03  8.1828E-05  5.0494E-13  3.4591E-13  2.6396E-05
 6.7067E+25  8.9029E-05  9.9991E-01  7.0366E+03  8.1828E-05  5.0631E-13  3.4591E-13  2.6256E-05
 6.7160E+25  8.9554E-05  9.9991E-01  7.0366E+03  8.1828E-05  5.0334E-13  3.4591E-13  2.6116E-05
 6.7252E+25  9.0066E-05  9.9991E-01  7.0366E+03  8.1828E-05  5.0048E-13  3.4591E-13  2.5976E-05
 6.7345E+25  9.0591E-05  9.9991E-01  7.0365E+03  8.1828E-05  4.9760E-13  3.4591E-13  2.5837E-05
 6.7437E+25  9.1108E-05  9.9991E-01  7.0365E+03  8.1828E-05  4.9476E-13  3.4591E-13  2.5697E-05
 6.7530E+25  9.1174E-05  9.9991E-01  7.0365E+03  8.1828E-05  4.9394E-13  3.4591E-13  2.5559E-05
 6.7623E+25  9.1274E-05  9.9991E-01  7.0364E+03  8.1828E-05  4.9386E-13  3.4591E-13  2.5421E-05
 6.7715E+25  9.1804E-05  9.9991E-01  7.0364E+03  8.1828E-05  4.9103E-13  3.4592E-13  2.5283E-05
 6.7808E+25  9.2326E-05  9.9991E-01  7.0363E+03  8.1828E-05  4.8824E-13  3.4592E-13  2.5146E-05
 6.7900E+25  9.2853E-05  9.9991E-01  7.0363E+03  8.1828E-05  4.8548E-13  3.4592E-13  2.5016E-05
 6.7993E+25  9.3379E-05  9.9991E-01  7.0363E+03  8.1828E-05  4.8272E-13  3.4592E-13  2.4888E-05
 6.8085E+25  9.3238E-05  9.9991E-01  7.0363E+03  8.1828E-05  4.8304E-13  3.4592E-13  2.4760E-05
 6.8178E+25  9.3569E-05  9.9991E-01  7.0362E+03  8.1828E-05  4.8177E-13  3.4592E-13  2.4636E-05
 6.8271E+25  9.4098E-05  9.9991E-01  7.0362E+03  8.1828E-05  4.7907E-13  3.4592E-13  2.4510E-05
 6.8363E+25  9.4637E-05  9.9991E-01  7.0361E+03  8.1828E-05  4.7633E-13  3.4593E-13  2.4384E-05
 6.8456E+25  9.5164E-05  9.9990E-01  7.0361E+03  8.1828E-05  4.7369E-13  3.4593E-13  2.4258E-05
 6.8548E+25  9.5674E-05  9.9990E-01  7.0361E+03  8.1828E-05  4.7102E-13  3.4593E-13  2.4133E-05
 6.8641E+25  9.5403E-05  9.9990E-01  7.0361E+03  8.1828E-05  4.7222E-13  3.4593E-13  2.4008E-05
 6.8733E+25  9.5909E-05  9.9990E-01  7.0360E+03  8.1828E-05  4.7003E-13  3.4593E-13  2.3883E-05
 6.8826E+25  9.6446E-05  9.9990E-01  7.0360E+03  8.1828E-05  4.6741E-13  3.4593E-13  2.3758E-05
 6.8919E+25  9.6994E-05  9.9990E-01  7.0359E+03  8.1828E-05  4.6477E-13  3.4593E-13  2.3633E-05
 6.9011E+25  9.7529E-05  9.9990E-01  7.0359E+03  8.1828E-05  4.6222E-13  3.4593E-13  2.3509E-05
 6.9104E+25  9.7916E-05  9.9990E-01  7.0359E+03  8.1828E-05  4.5997E-13  3.4594E-13  2.3385E-05
 6.9196E+25  9.7749E-05  9.9990E-01  7.0359E+03  8.1828E-05  4.6118E-13  3.4594E-13  2.3261E-05
 6.9289E+25  9.8298E-05  9.9990E-01  7.0358E+03  8.1828E-05  4.5862E-13  3.4594E-13  2.3138E-05
 6.9381E+25  9.8848E-05  9.9990E-01  7.0358E+03  8.1828E-05  4.5606E-13  3.4594E-13  2.3017E-05
 6.9474E+25  9.9398E-05  9.9990E-01  7.0357E+03  8.1828E-05  4.5355E-13  3.4594E-13  2.2901E-05
 6.9567E+25  9.9947E-05  9.9990E-01  7.0357E+03  8.1828E-05  4.5104E-13  3.4594E-13  2.2786E-05
 6.9659E+25  1.0019E-04  9.9990E-01  7.0357E+03  8.1828E-05  4.4954E-13  3.4594E-13  2.2673E-05
 6.9752E+25  1.0019E-04  9.9990E-01  7.0357E+03  8.1828E-05  4.4995E-13  3.4594E-13  2.2562E-05
 6.9844E+25  1.0074E-04  9.9990E-01  7.0356E+03  8.1828E-05  4.4751E-13  3.4595E-13  2.2450E-05
 6.9937E+25  1.0130E-04  9.9990E-01  7.0356E+03  8.1828E-05  4.4504E-13  3.4595E-13  2.2337E-05
 7.0029E+25  1.0185E-04  9.9990E-01  7.0355E+03  8.1828E-05  4.4262E-13  3.4595E-13  2.2225E-05
 7.0122E+25  1.0242E-04  9.9990E-01  7.0355E+03  8.1828E-05  4.4018E-13  3.4595E-13  2.2113E-05
 7.0215E+25  1.0255E-04  9.9990E-01  7.0355E+03  8.1828E-05  4.3922E-13  3.4595E-13  2.2001E-05
 7.0307E+25  1.0269E-04  9.9990E-01  7.0355E+03  8.1828E-05  4.3902E-13  3.4595E-13  2.1889E-05
 7.0400E+25  1.0324E-04  9.9990E-01  7.0354E+03  8.1828E-05  4.3669E-13  3.4595E-13  2.1777E-05
 7.0492E+25  1.0380E-04  9.9990E-01  7.0354E+03  8.1828E-05  4.3432E-13  3.4596E-13  2.1666E-05
 7.0585E+25  1.0437E-04  9.9990E-01  7.0353E+03  8.1828E-05  4.3196E-13  3.4596E-13  2.1555E-05
 7.0677E+25  1.0493E-04  9.9990E-01  7.0353E+03  8.1828E-05  4.2964E-13  3.4596E-13  2.1443E-05
 7.0770E+25  1.0499E-04  9.9990E-01  7.0353E+03  8.1828E-05  4.2904E-13  3.4596E-13  2.1333E-05
 7.0863E+25  1.0524E-04  9.9989E-01  7.0353E+03  8.1828E-05  4.2840E-13  3.4596E-13  2.1223E-05
 7.0955E+25  1.0579E-04  9.9989E-01  7.0352E+03  8.1828E-05  4.2614E-13  3.4596E-13  2.1113E-05
 7.1048E+25  1.0636E-04  9.9989E-01  7.0352E+03  8.1828E-05  4.2389E-13  3.4596E-13  2.1009E-05
 7.1140E+25  1.0693E-04  9.9989E-01  7.0351E+03  8.1828E-05  4.2161E-13  3.4597E-13  2.0906E-05
 7.1233E+25  1.0750E-04  9.9989E-01  7.0351E+03  8.1828E-05  4.1937E-13  3.4597E-13  2.0804E-05
 7.1325E+25  1.0751E-04  9.9989E-01  7.0351E+03  8.1828E-05  4.1902E-13  3.4597E-13  2.0705E-05
 7.1418E+25  1.0785E-04  9.9989E-01  7.0351E+03  8.1828E-05  4.1804E-13  3.4597E-13  2.0605E-05
 7.1511E+25  1.0841E-04  9.9989E-01  7.0350E+03  8.1828E-05  4.1587E-13  3.4597E-13  2.0504E-05
 7.1603E+25  1.0897E-04  9.9989E-01  7.0350E+03  8.1828E-05  4.1371E-13  3.4597E-13  2.0404E-05
 7.1696E+25  1.0955E-04  9.9989E-01  7.0349E+03  8.1828E-05  4.1153E-13  3.4597E-13  2.0304E-05
 7.1788E+25  1.1013E-04  9.9989E-01  7.0349E+03  8.1828E-05  4.0936E-13  3.4597E-13  2.0204E-05
 7.1881E+25  1.1010E-04  9.9989E-01  7.0349E+03  8.1828E-05  4.0919E-13  3.4597E-13  2.0104E-05
 7.1973E+25  1.1052E-04  9.9989E-01  7.0349E+03  8.1828E-05  4.0794E-13  3.4598E-13  2.0004E-05
 7.2066E+25  1.1108E-04  9.9989E-01  7.0348E+03  8.1828E-05  4.0586E-13  3.4598E-13  1.9904E-05
 7.2159E+25  1.1165E-04  9.9989E-01  7.0348E+03  8.1828E-05  4.0379E-13  3.4598E-13  1.9804E-05
 7.2251E+25  1.1223E-04  9.9989E-01  7.0347E+03  8.1828E-05  4.0172E-13  3.4598E-13  1.9705E-05
 7.2344E+25  1.1281E-04  9.9989E-01  7.0347E+03  8.1828E-05  3.9962E-13  3.4598E-13  1.9606E-05
 7.2436E+25  1.1277E-04  9.9989E-01  7.0347E+03  8.1828E-05  3.9953E-13  3.4598E-13  1.9507E-05
 7.2529E+25  1.1324E-04  9.9989E-01  7.0347E+03  8.1828E-05  3.9813E-13  3.4598E-13  1.9408E-05
 7.2621E+25  1.1382E-04  9.9989E-01  7.0346E+03  8.1828E-05  3.9611E-13  3.4599E-13  1.9312E-05
 7.2714E+25  1.1440E-04  9.9989E-01  7.0346E+03  8.1828E-05  3.9413E-13  3.4599E-13  1.9220E-05
 7.2807E+25  1.1498E-04  9.9989E-01  7.0345E+03  8.1828E-05  3.9213E-13  3.4599E-13  1.9128E-05
 7.2899E+25  1.1555E-04  9.9988E-01  7.0345E+03  8.1828E-05  3.9014E-13  3.4599E-13  1.9037E-05
 7.2992E+25  1.1552E-04  9.9988E-01  7.0345E+03  8.1828E-05  3.9006E-13  3.4599E-13  1.8949E-05
 7.3084E+25  1.1603E-04  9.9988E-01  7.0344E+03  8.1828E-05  3.8858E-13  3.4599E-13  1.8859E-05
 7.3177E+25  1.1662E-04  9.9988E-01  7.0344E+03  8.1828E-05  3.8662E-13  3.4599E-13  1.8769E-05
 7.3269E+25  1.1720E-04  9.9988E-01  7.0344E+03  8.1828E-05  3.8470E-13  3.4600E-13  1.8679E-05
 7.3362E+25  1.1779E-04  9.9988E-01  7.0343E+03  8.1828E-05  3.8279E-13  3.4600E-13  1.8590E-05
 7.3455E+25  1.1836E-04  9.9988E-01  7.0343E+03  8.1828E-05  3.8089E-13  3.4600E-13  1.8501E-05
 7.3547E+25  1.1835E-04  9.9988E-01  7.0343E+03  8.1828E-05  3.8075E-13  3.4600E-13  1.8412E-05
 7.3640E+25  1.1887E-04  9.9988E-01  7.0342E+03  8.1828E-05  3.7930E-13  3.4600E-13  1.8323E-05
 7.3732E+25  1.1948E-04  9.9988E-01  7.0342E+03  8.1828E-05  3.7738E-13  3.4600E-13  1.8233E-05
 7.3825E+25  1.2007E-04  9.9988E-01  7.0341E+03  8.1828E-05  3.7551E-13  3.4600E-13  1.8144E-05
 7.3917E+25  1.2066E-04  9.9988E-01  7.0341E+03  8.1828E-05  3.7369E-13  3.4601E-13  1.8055E-05
 7.4010E+25  1.2124E-04  9.9988E-01  7.0341E+03  8.1828E-05  3.7186E-13  3.4601E-13  1.7967E-05
 7.4103E+25  1.2125E-04  9.9988E-01  7.0341E+03  8.1828E-05  3.7165E-13  3.4601E-13  1.7878E-05
 7.4195E+25  1.2178E-04  9.9988E-01  7.0340E+03  8.1828E-05  3.7025E-13  3.4601E-13  1.7790E-05
 7.4288E+25  1.2239E-04  9.9988E-01  7.0340E+03  8.1828E-05  3.6840E-13  3.4601E-13  1.7703E-05
 7.4380E+25  1.2300E-04  9.9988E-01  7.0339E+03  8.1828E-05  3.6657E-13  3.4601E-13  1.7620E-05
 7.4473E+25  1.2360E-04  9.9988E-01  7.0339E+03  8.1828E-05  3.6480E-13  3.4601E-13  1.7538E-05
 7.4565E+25  1.2418E-04  9.9988E-01  7.0339E+03  8.1828E-05  3.6306E-13  3.4602E-13  1.7456E-05
 7.4658E+25  1.2424E-04  9.9988E-01  7.0339E+03  8.1828E-05  3.6272E-13  3.4602E-13  1.7377E-05
 7.4751E+25  1.2476E-04  9.9988E-01  7.0338E+03  8.1828E-05  3.6142E-13  3.4602E-13  1.7297E-05
 7.4843E+25  1.2537E-04  9.9987E-01  7.0338E+03  8.1828E-05  3.5966E-13  3.4602E-13  1.7217E-05
 7.4936E+25  1.2599E-04  9.9987E-01  7.0337E+03  8.1828E-05  3.5788E-13  3.4602E-13  1.7137E-05
 7.5028E+25  1.2661E-04  9.9987E-01  7.0337E+03  8.1828E-05  3.5615E-13  3.4602E-13  1.7057E-05
 7.5121E+25  1.2720E-04  9.9987E-01  7.0337E+03  8.1828E-05  3.5446E-13  3.4602E-13  1.6977E-05
 7.5213E+25  1.2730E-04  9.9987E-01  7.0337E+03  8.1828E-05  3.5400E-13  3.4602E-13  1.6898E-05
 7.5306E+25  1.2781E-04  9.9987E-01  7.0336E+03  8.1828E-05  3.5281E-13  3.4603E-13  1.6818E-05
 7.5399E+25  1.2842E-04  9.9987E-01  7.0335E+03  8.1828E-05  3.5112E-13  3.4603E-13  1.6738E-05
 7.5491E+25  1.2904E-04  9.9987E-01  7.0335E+03  8.1828E-05  3.4944E-13  3.4603E-13  1.6659E-05
 7.5584E+25  1.2967E-04  9.9987E-01  7.0335E+03  8.1828E-05  3.4774E-13  3.4603E-13  1.6579E-05
 7.5676E+25  1.3028E-04  9.9987E-01  7.0334E+03  8.1828E-05  3.4608E-13  3.4603E-13  1.6500E-05
 7.5769E+25  1.3045E-04  9.9987E-01  7.0334E+03  8.1828E-05  3.4546E-13  3.4603E-13  1.6421E-05
 7.5861E+25  1.3093E-04  9.9987E-01  7.0334E+03  8.1828E-05  3.4441E-13  3.4603E-13  1.6342E-05
 7.5954E+25  1.3154E-04  9.9987E-01  7.0333E+03  8.1828E-05  3.4279E-13  3.4604E-13  1.6263E-05
 7.6047E+25  1.3216E-04  9.9987E-01  7.0333E+03  8.1828E-05  3.4119E-13  3.4604E-13  1.6186E-05
 7.6139E+25  1.3280E-04  9.9987E-01  7.0332E+03  8.1828E-05  3.3956E-13  3.4604E-13  1.6113E-05
 7.6232E+25  1.3343E-04  9.9987E-01  7.0332E+03  8.1828E-05  3.3794E-13  3.4604E-13  1.6039E-05
 7.6324E+25  1.3368E-04  9.9987E-01  7.0332E+03  8.1828E-05  3.3713E-13  3.4604E-13  1.5967E-05
 7.6417E+25  1.3412E-04  9.9987E-01  7.0332E+03  8.1828E-05  3.3620E-13  3.4604E-13  1.5896E-05
 7.6509E+25  1.3474E-04  9.9987E-01  7.0331E+03  8.1828E-05  3.3467E-13  3.4605E-13  1.5825E-05
 7.6602E+25  1.3536E-04  9.9986E-01  7.0331E+03  8.1828E-05  3.3313E-13  3.4605E-13  1.5753E-05
 7.6695E+25  1.3599E-04  9.9986E-01  7.0330E+03  8.1828E-05  3.3159E-13  3.4605E-13  1.5682E-05
 7.6787E+25  1.3663E-04  9.9986E-01  7.0330E+03  8.1828E-05  3.3003E-13  3.4605E-13  1.5610E-05
 7.6880E+25  1.3698E-04  9.9986E-01  7.0330E+03  8.1828E-05  3.2903E-13  3.4605E-13  1.5539E-05
 7.6972E+25  1.3739E-04  9.9986E-01  7.0329E+03  8.1828E-05  3.2821E-13  3.4605E-13  1.5468E-05
 7.7065E+25  1.3801E-04  9.9986E-01  7.0329E+03  8.1828E-05  3.2674E-13  3.4605E-13  1.5397E-05
 7.7157E+25  1.3864E-04  9.9986E-01  7.0328E+03  8.1828E-05  3.2527E-13  3.4606E-13  1.5326E-05
 7.7250E+25  1.3927E-04  9.9986E-01  7.0328E+03  8.1828E-05  3.2379E-13  3.4606E-13  1.5255E-05
 7.7343E+25  1.3990E-04  9.9986E-01  7.0327E+03  8.1828E-05  3.2234E-13  3.4606E-13  1.5184E-05
 7.7435E+25  1.4034E-04  9.9986E-01  7.0327E+03  8.1828E-05  3.2117E-13  3.4606E-13  1.5113E-05
 7.7528E+25  1.4073E-04  9.9986E-01  7.0327E+03  8.1828E-05  3.2043E-13  3.4606E-13  1.5042E-05
 7.7620E+25  1.4136E-04  9.9986E-01  7.0326E+03  8.1828E-05  3.1900E-13  3.4606E-13  1.4971E-05
 7.7713E+25  1.4199E-04  9.9986E-01  7.0326E+03  8.1828E-05  3.1760E-13  3.4607E-13  1.4901E-05
 7.7805E+25  1.4262E-04  9.9986E-01  7.0325E+03  8.1828E-05  3.1620E-13  3.4607E-13  1.4832E-05
 7.7898E+25  1.4326E-04  9.9986E-01  7.0325E+03  8.1828E-05  3.1479E-13  3.4607E-13  1.4766E-05
 7.7991E+25  1.4377E-04  9.9986E-01  7.0325E+03  8.1828E-05  3.1355E-13  3.4607E-13  1.4700E-05
 7.8083E+25  1.4414E-04  9.9986E-01  7.0325E+03  8.1828E-05  3.1287E-13  3.4607E-13  1.4635E-05
 7.8176E+25  1.4478E-04  9.9986E-01  7.0324E+03  8.1828E-05  3.1148E-13  3.4607E-13  1.4572E-05
 7.8268E+25  1.4542E-04  9.9985E-01  7.0324E+03  8.1828E-05  3.1012E-13  3.4608E-13  1.4508E-05
 7.8361E+25  1.4605E-04  9.9985E-01  7.0323E+03  8.1828E-05  3.0878E-13  3.4608E-13  1.4444E-05
 7.8453E+25  1.4668E-04  9.9985E-01  7.0323E+03  8.1828E-05  3.0745E-13  3.4608E-13  1.4381E-05
 7.8546E+25  1.4727E-04  9.9985E-01  7.0322E+03  8.1828E-05  3.0610E-13  3.4608E-13  1.4317E-05
 7.8638E+25  1.4760E-04  9.9985E-01  7.0322E+03  8.1828E-05  3.0554E-13  3.4608E-13  1.4254E-05
 7.8731E+25  1.4827E-04  9.9985E-01  7.0322E+03  8.1828E-05  3.0417E-13  3.4608E-13  1.4190E-05
 7.8824E+25  1.4892E-04  9.9985E-01  7.0321E+03  8.1828E-05  3.0284E-13  3.4609E-13  1.4127E-05
 7.8916E+25  1.4956E-04  9.9985E-01  7.0321E+03  8.1828E-05  3.0154E-13  3.4609E-13  1.4063E-05
 7.9009E+25  1.5019E-04  9.9985E-01  7.0320E+03  8.1828E-05  3.0026E-13  3.4609E-13  1.4000E-05
 7.9101E+25  1.5082E-04  9.9985E-01  7.0320E+03  8.1828E-05  2.9899E-13  3.4609E-13  1.3936E-05
 7.9194E+25  1.5118E-04  9.9985E-01  7.0320E+03  8.1828E-05  2.9823E-13  3.4609E-13  1.3873E-05
 7.9286E+25  1.5181E-04  9.9985E-01  7.0319E+03  8.1828E-05  2.9708E-13  3.4609E-13  1.3809E-05
 7.9379E+25  1.5248E-04  9.9985E-01  7.0319E+03  8.1828E-05  2.9576E-13  3.4610E-13  1.3746E-05
 7.9472E+25  1.5314E-04  9.9985E-01  7.0318E+03  8.1828E-05  2.9450E-13  3.4610E-13  1.3683E-05
 7.9564E+25  1.5378E-04  9.9985E-01  7.0318E+03  8.1828E-05  2.9325E-13  3.4610E-13  1.3620E-05
 7.9657E+25  1.5442E-04  9.9985E-01  7.0317E+03  8.1828E-05  2.9204E-13  3.4610E-13  1.3560E-05
 7.9749E+25  1.5486E-04  9.9985E-01  7.0317E+03  8.1828E-05  2.9115E-13  3.4610E-13  1.3500E-05
 7.9842E+25  1.5545E-04  9.9984E-01  7.0317E+03  8.1828E-05  2.9013E-13  3.4610E-13  1.3441E-05
 7.9934E+25  1.5611E-04  9.9984E-01  7.0316E+03  8.1828E-05  2.8891E-13  3.4611E-13  1.3384E-05
 8.0027E+25  1.5679E-04  9.9984E-01  7.0315E+03  8.1828E-05  2.8766E-13  3.4611E-13  1.3328E-05
 8.0120E+25  1.5745E-04  9.9984E-01  7.0315E+03  8.1828E-05  2.8645E-13  3.4611E-13  1.3271E-05
 8.0212E+25  1.5810E-04  9.9984E-01  7.0315E+03  8.1828E-05  2.8526E-13  3.4611E-13  1.3214E-05
 8.0305E+25  1.5862E-04  9.9984E-01  7.0315E+03  8.1828E-05  2.8426E-13  3.4611E-13  1.3157E-05
 8.0397E+25  1.5916E-04  9.9984E-01  7.0314E+03  8.1828E-05  2.8336E-13  3.4611E-13  1.3100E-05
 8.0490E+25  1.5982E-04  9.9984E-01  7.0313E+03  8.1828E-05  2.8219E-13  3.4612E-13  1.3044E-05
 8.0582E+25  1.6049E-04  9.9984E-01  7.0313E+03  8.1828E-05  2.8103E-13  3.4612E-13  1.2987E-05
 8.0675E+25  1.6118E-04  9.9984E-01  7.0312E+03  8.1828E-05  2.7984E-13  3.4612E-13  1.2930E-05
 8.0768E+25  1.6184E-04  9.9984E-01  7.0312E+03  8.1828E-05  2.7868E-13  3.4612E-13  1.2874E-05
 8.0860E+25  1.6244E-04  9.9984E-01  7.0312E+03  8.1828E-05  2.7759E-13  3.4612E-13  1.2817E-05
 8.0953E+25  1.6297E-04  9.9984E-01  7.0311E+03  8.1828E-05  2.7675E-13  3.4612E-13  1.2760E-05
 8.1045E+25  1.6362E-04  9.9984E-01  7.0311E+03  8.1828E-05  2.7564E-13  3.4613E-13  1.2704E-05
 8.1138E+25  1.6429E-04  9.9984E-01  7.0310E+03  8.1828E-05  2.7453E-13  3.4613E-13  1.2647E-05
 8.1230E+25  1.6496E-04  9.9984E-01  7.0310E+03  8.1828E-05  2.7343E-13  3.4613E-13  1.2591E-05
 8.1323E+25  1.6565E-04  9.9983E-01  7.0309E+03  8.1828E-05  2.7229E-13  3.4613E-13  1.2534E-05
 8.1416E+25  1.6631E-04  9.9983E-01  7.0309E+03  8.1828E-05  2.7118E-13  3.4613E-13  1.2478E-05
 8.1508E+25  1.6686E-04  9.9983E-01  7.0309E+03  8.1828E-05  2.7028E-13  3.4614E-13  1.2423E-05
 8.1601E+25  1.6752E-04  9.9983E-01  7.0308E+03  8.1828E-05  2.6925E-13  3.4614E-13  1.2370E-05
 8.1693E+25  1.6817E-04  9.9983E-01  7.0308E+03  8.1828E-05  2.6820E-13  3.4614E-13  1.2317E-05
 8.1786E+25  1.6884E-04  9.9983E-01  7.0307E+03  8.1828E-05  2.6714E-13  3.4614E-13  1.2265E-05
 8.1878E+25  1.6951E-04  9.9983E-01  7.0306E+03  8.1828E-05  2.6609E-13  3.4614E-13  1.2215E-05
 8.1971E+25  1.7020E-04  9.9983E-01  7.0306E+03  8.1828E-05  2.6501E-13  3.4615E-13  1.2165E-05
 8.2064E+25  1.7084E-04  9.9983E-01  7.0306E+03  8.1828E-05  2.6400E-13  3.4615E-13  1.2114E-05
 8.2156E+25  1.7148E-04  9.9983E-01  7.0305E+03  8.1828E-05  2.6303E-13  3.4615E-13  1.2063E-05
 8.2249E+25  1.7215E-04  9.9983E-01  7.0305E+03  8.1828E-05  2.6202E-13  3.4615E-13  1.2013E-05
 8.2341E+25  1.7281E-04  9.9983E-01  7.0304E+03  8.1828E-05  2.6101E-13  3.4615E-13  1.1962E-05
 8.2434E+25  1.7347E-04  9.9983E-01  7.0304E+03  8.1828E-05  2.6001E-13  3.4616E-13  1.1911E-05
 8.2526E+25  1.7415E-04  9.9983E-01  7.0303E+03  8.1828E-05  2.5902E-13  3.4616E-13  1.1861E-05
 8.2619E+25  1.7484E-04  9.9983E-01  7.0303E+03  8.1828E-05  2.5799E-13  3.4616E-13  1.1811E-05
 8.2712E+25  1.7553E-04  9.9982E-01  7.0302E+03  8.1828E-05  2.5698E-13  3.4616E-13  1.1760E-05
 8.2804E+25  1.7619E-04  9.9982E-01  7.0302E+03  8.1828E-05  2.5601E-13  3.4616E-13  1.1709E-05
 8.2897E+25  1.7686E-04  9.9982E-01  7.0301E+03  8.1828E-05  2.5504E-13  3.4616E-13  1.1659E-05
 8.2989E+25  1.7753E-04  9.9982E-01  7.0301E+03  8.1828E-05  2.5408E-13  3.4617E-13  1.1608E-05
 8.3082E+25  1.7819E-04  9.9982E-01  7.0300E+03  8.1828E-05  2.5314E-13  3.4617E-13  1.1558E-05
 8.3174E+25  1.7887E-04  9.9982E-01  7.0300E+03  8.1828E-05  2.5220E-13  3.4617E-13  1.1507E-05
 8.3267E+25  1.7962E-04  9.9982E-01  7.0299E+03  8.1828E-05  2.5114E-13  3.4617E-13  1.1457E-05
 8.3360E+25  1.8031E-04  9.9982E-01  7.0299E+03  8.1828E-05  2.5017E-13  3.4617E-13  1.1407E-05
 8.3452E+25  1.8098E-04  9.9982E-01  7.0298E+03  8.1828E-05  2.4924E-13  3.4618E-13  1.1358E-05
 8.3545E+25  1.8165E-04  9.9982E-01  7.0298E+03  8.1828E-05  2.4832E-13  3.4618E-13  1.1311E-05
 8.3637E+25  1.8233E-04  9.9982E-01  7.0297E+03  8.1828E-05  2.4740E-13  3.4618E-13  1.1264E-05
 8.3730E+25  1.8299E-04  9.9982E-01  7.0297E+03  8.1828E-05  2.4651E-13  3.4618E-13  1.1217E-05
 8.3822E+25  1.8375E-04  9.9982E-01  7.0297E+03  8.1828E-05  2.4552E-13  3.4618E-13  1.1172E-05
 8.3915E+25  1.8448E-04  9.9982E-01  7.0296E+03  8.1828E-05  2.4453E-13  3.4619E-13  1.1128E-05
 8.4008E+25  1.8518E-04  9.9981E-01  7.0295E+03  8.1828E-05  2.4361E-13  3.4619E-13  1.1082E-05
 8.4100E+25  1.8586E-04  9.9981E-01  7.0295E+03  8.1828E-05  2.4271E-13  3.4619E-13  1.1037E-05
 8.4193E+25  1.8652E-04  9.9981E-01  7.0294E+03  8.1828E-05  2.4185E-13  3.4619E-13  1.0992E-05
 8.4285E+25  1.8721E-04  9.9981E-01  7.0294E+03  8.1828E-05  2.4097E-13  3.4619E-13  1.0947E-05
 8.4378E+25  1.8795E-04  9.9981E-01  7.0293E+03  8.1828E-05  2.4006E-13  3.4620E-13  1.0902E-05
 8.4470E+25  1.8872E-04  9.9981E-01  7.0293E+03  8.1828E-05  2.3903E-13  3.4620E-13  1.0857E-05
 8.4563E+25  1.8942E-04  9.9981E-01  7.0292E+03  8.1828E-05  2.3816E-13  3.4620E-13  1.0812E-05
 8.4656E+25  1.9012E-04  9.9981E-01  7.0292E+03  8.1828E-05  2.3729E-13  3.4620E-13  1.0767E-05
 8.4748E+25  1.9081E-04  9.9981E-01  7.0291E+03  8.1828E-05  2.3642E-13  3.4621E-13  1.0722E-05
 8.4841E+25  1.9147E-04  9.9981E-01  7.0290E+03  8.1828E-05  2.3561E-13  3.4621E-13  1.0677E-05
 8.4933E+25  1.9218E-04  9.9981E-01  7.0290E+03  8.1828E-05  2.3477E-13  3.4621E-13  1.0632E-05
 8.5026E+25  1.9307E-04  9.9981E-01  7.0290E+03  8.1828E-05  2.3369E-13  3.4621E-13  1.0586E-05
 8.5118E+25  1.9374E-04  9.9981E-01  7.0289E+03  8.1828E-05  2.3284E-13  3.4621E-13  1.0542E-05
 8.5211E+25  1.9443E-04  9.9981E-01  7.0288E+03  8.1828E-05  2.3203E-13  3.4622E-13  1.0497E-05
 8.5304E+25  1.9514E-04  9.9980E-01  7.0288E+03  8.1828E-05  2.3119E-13  3.4622E-13  1.0452E-05
 8.5396E+25  1.9583E-04  9.9980E-01  7.0287E+03  8.1828E-05  2.3037E-13  3.4622E-13  1.0407E-05
 8.5489E+25  1.9650E-04  9.9980E-01  7.0287E+03  8.1828E-05  2.2958E-13  3.4622E-13  1.0365E-05
 8.5581E+25  1.9738E-04  9.9980E-01  7.0286E+03  8.1828E-05  2.2864E-13  3.4622E-13  1.0323E-05
 8.5674E+25  1.9818E-04  9.9980E-01  7.0286E+03  8.1828E-05  2.2764E-13  3.4623E-13  1.0280E-05
 8.5766E+25  1.9885E-04  9.9980E-01  7.0285E+03  8.1828E-05  2.2688E-13  3.4623E-13  1.0240E-05
 8.5859E+25  1.9952E-04  9.9980E-01  7.0285E+03  8.1828E-05  2.2613E-13  3.4623E-13  1.0200E-05
 8.5952E+25  2.0022E-04  9.9980E-01  7.0284E+03  8.1828E-05  2.2533E-13  3.4623E-13  1.0160E-05
 8.6044E+25  2.0093E-04  9.9980E-01  7.0283E+03  8.1828E-05  2.2455E-13  3.4624E-13  1.0120E-05
 8.6137E+25  2.0168E-04  9.9980E-01  7.0283E+03  8.1828E-05  2.2378E-13  3.4624E-13  1.0080E-05
 8.6229E+25  2.0266E-04  9.9980E-01  7.0283E+03  8.1828E-05  2.2263E-13  3.4624E-13  1.0039E-05
 8.6322E+25  2.0335E-04  9.9980E-01  7.0282E+03  8.1828E-05  2.2186E-13  3.4624E-13  9.9992E-06
 8.6414E+25  2.0402E-04  9.9980E-01  7.0281E+03  8.1828E-05  2.2114E-13  3.4624E-13  9.9590E-06
 8.6507E+25  2.0468E-04  9.9980E-01  7.0281E+03  8.1828E-05  2.2043E-13  3.4625E-13  9.9189E-06
 8.6600E+25  2.0538E-04  9.9979E-01  7.0280E+03  8.1828E-05  2.1969E-13  3.4625E-13  9.8789E-06
 8.6692E+25  2.0609E-04  9.9979E-01  7.0279E+03  8.1828E-05  2.1894E-13  3.4625E-13  9.8388E-06
 8.6785E+25  2.0710E-04  9.9979E-01  7.0279E+03  8.1828E-05  2.1795E-13  3.4625E-13  9.7985E-06
 8.6877E+25  2.0789E-04  9.9979E-01  7.0278E+03  8.1828E-05  2.1703E-13  3.4626E-13  9.7582E-06
 8.6970E+25  2.0858E-04  9.9979E-01  7.0278E+03  8.1828E-05  2.1631E-13  3.4626E-13  9.7180E-06
 8.7062E+25  2.0926E-04  9.9979E-01  7.0277E+03  8.1828E-05  2.1562E-13  3.4626E-13  9.6778E-06
 8.7155E+25  2.0992E-04  9.9979E-01  7.0277E+03  8.1828E-05  2.1493E-13  3.4626E-13  9.6377E-06
 8.7248E+25  2.1059E-04  9.9979E-01  7.0276E+03  8.1828E-05  2.1426E-13  3.4627E-13  9.5976E-06
 8.7340E+25  2.1143E-04  9.9979E-01  7.0276E+03  8.1828E-05  2.1353E-13  3.4627E-13  9.5574E-06
 8.7433E+25  2.1253E-04  9.9979E-01  7.0275E+03  8.1828E-05  2.1231E-13  3.4627E-13  9.5177E-06
 8.7525E+25  2.1319E-04  9.9979E-01  7.0274E+03  8.1828E-05  2.1164E-13  3.4627E-13  9.4799E-06
 8.7618E+25  2.1387E-04  9.9979E-01  7.0274E+03  8.1828E-05  2.1098E-13  3.4627E-13  9.4421E-06
 8.7710E+25  2.1455E-04  9.9979E-01  7.0273E+03  8.1828E-05  2.1030E-13  3.4628E-13  9.4044E-06
 8.7803E+25  2.1522E-04  9.9978E-01  7.0272E+03  8.1828E-05  2.0965E-13  3.4628E-13  9.3679E-06
 8.7896E+25  2.1590E-04  9.9978E-01  7.0272E+03  8.1828E-05  2.0902E-13  3.4628E-13  9.3326E-06
 8.7988E+25  2.1699E-04  9.9978E-01  7.0271E+03  8.1828E-05  2.0807E-13  3.4628E-13  9.2971E-06
 8.8081E+25  2.1787E-04  9.9978E-01  7.0271E+03  8.1828E-05  2.0711E-13  3.4629E-13  9.2611E-06
 8.8173E+25  2.1856E-04  9.9978E-01  7.0270E+03  8.1828E-05  2.0645E-13  3.4629E-13  9.2253E-06
 8.8266E+25  2.1921E-04  9.9978E-01  7.0269E+03  8.1828E-05  2.0585E-13  3.4629E-13  9.1894E-06
 8.8358E+25  2.1991E-04  9.9978E-01  7.0269E+03  8.1828E-05  2.0520E-13  3.4629E-13  9.1536E-06
 8.8451E+25  2.2058E-04  9.9978E-01  7.0268E+03  8.1828E-05  2.0458E-13  3.4630E-13  9.1179E-06
 8.8544E+25  2.2137E-04  9.9978E-01  7.0268E+03  8.1828E-05  2.0396E-13  3.4630E-13  9.0822E-06
 8.8636E+25  2.2257E-04  9.9978E-01  7.0267E+03  8.1828E-05  2.0278E-13  3.4630E-13  9.0464E-06
 8.8729E+25  2.2327E-04  9.9978E-01  7.0266E+03  8.1828E-05  2.0212E-13  3.4630E-13  9.0107E-06
 8.8821E+25  2.2396E-04  9.9978E-01  7.0266E+03  8.1828E-05  2.0149E-13  3.4631E-13  8.9749E-06
 8.8914E+25  2.2462E-04  9.9978E-01  7.0265E+03  8.1828E-05  2.0089E-13  3.4631E-13  8.9390E-06
 8.9006E+25  2.2530E-04  9.9977E-01  7.0264E+03  8.1828E-05  2.0030E-13  3.4631E-13  8.9031E-06
 8.9099E+25  2.2599E-04  9.9977E-01  7.0264E+03  8.1828E-05  1.9970E-13  3.4631E-13  8.8673E-06
 8.9192E+25  2.2708E-04  9.9977E-01  7.0263E+03  8.1828E-05  1.9887E-13  3.4631E-13  8.8315E-06
 8.9284E+25  2.2803E-04  9.9977E-01  7.0263E+03  8.1828E-05  1.9789E-13  3.4632E-13  8.7957E-06
 8.9377E+25  2.2871E-04  9.9977E-01  7.0262E+03  8.1828E-05  1.9732E-13  3.4632E-13  8.7598E-06
 8.9469E+25  2.2940E-04  9.9977E-01  7.0261E+03  8.1828E-05  1.9673E-13  3.4632E-13  8.7241E-06
 8.9562E+25  2.3009E-04  9.9977E-01  7.0261E+03  8.1828E-05  1.9614E-13  3.4633E-13  8.6893E-06
 8.9654E+25  2.3074E-04  9.9977E-01  7.0260E+03  8.1828E-05  1.9560E-13  3.4633E-13  8.6556E-06
 8.9747E+25  2.3150E-04  9.9977E-01  7.0259E+03  8.1828E-05  1.9502E-13  3.4633E-13  8.6217E-06
 8.9840E+25  2.3282E-04  9.9977E-01  7.0259E+03  8.1828E-05  1.9394E-13  3.4633E-13  8.5881E-06
 8.9932E+25  2.3355E-04  9.9977E-01  7.0258E+03  8.1828E-05  1.9323E-13  3.4634E-13  8.5561E-06
 9.0025E+25  2.3420E-04  9.9977E-01  7.0258E+03  8.1828E-05  1.9270E-13  3.4634E-13  8.5248E-06
 9.0117E+25  2.3488E-04  9.9977E-01  7.0257E+03  8.1828E-05  1.9215E-13  3.4634E-13  8.4930E-06
 9.0210E+25  2.3557E-04  9.9976E-01  7.0256E+03  8.1828E-05  1.9159E-13  3.4634E-13  8.4610E-06
 9.0302E+25  2.3624E-04  9.9976E-01  7.0256E+03  8.1828E-05  1.9105E-13  3.4635E-13  8.4290E-06
 9.0395E+25  2.3722E-04  9.9976E-01  7.0255E+03  8.1828E-05  1.9044E-13  3.4635E-13  8.3972E-06
 9.0487E+25  2.3844E-04  9.9976E-01  7.0254E+03  8.1828E-05  1.8928E-13  3.4635E-13  8.3652E-06
 9.0580E+25  2.3909E-04  9.9976E-01  7.0254E+03  8.1828E-05  1.8877E-13  3.4635E-13  8.3334E-06
 9.0673E+25  2.3975E-04  9.9976E-01  7.0253E+03  8.1828E-05  1.8825E-13  3.4636E-13  8.3016E-06
 9.0765E+25  2.4040E-04  9.9976E-01  7.0252E+03  8.1828E-05  1.8775E-13  3.4636E-13  8.2698E-06
 9.0858E+25  2.4108E-04  9.9976E-01  7.0252E+03  8.1828E-05  1.8723E-13  3.4636E-13  8.2380E-06
 9.0950E+25  2.4180E-04  9.9976E-01  7.0251E+03  8.1828E-05  1.8671E-13  3.4636E-13  8.2061E-06
 9.1043E+25  2.4303E-04  9.9976E-01  7.0251E+03  8.1828E-05  1.8589E-13  3.4637E-13  8.1740E-06
 9.1135E+25  2.4401E-04  9.9976E-01  7.0250E+03  8.1828E-05  1.8498E-13  3.4637E-13  8.1420E-06
 9.1228E+25  2.4466E-04  9.9976E-01  7.0249E+03  8.1828E-05  1.8448E-13  3.4637E-13  8.1101E-06
 9.1321E+25  2.4532E-04  9.9975E-01  7.0248E+03  8.1828E-05  1.8400E-13  3.4638E-13  8.0782E-06
 9.1413E+25  2.4596E-04  9.9975E-01  7.0248E+03  8.1828E-05  1.8351E-13  3.4638E-13  8.0462E-06
 9.1506E+25  2.4662E-04  9.9975E-01  7.0247E+03  8.1828E-05  1.8304E-13  3.4638E-13  8.0143E-06
 9.1598E+25  2.4739E-04  9.9975E-01  7.0246E+03  8.1828E-05  1.8255E-13  3.4638E-13  7.9824E-06
 9.1691E+25  2.4885E-04  9.9975E-01  7.0246E+03  8.1828E-05  1.8151E-13  3.4639E-13  7.9510E-06
 9.1783E+25  2.4959E-04  9.9975E-01  7.0245E+03  8.1828E-05  1.8085E-13  3.4639E-13  7.9207E-06
 9.1876E+25  2.5026E-04  9.9975E-01  7.0244E+03  8.1828E-05  1.8037E-13  3.4639E-13  7.8905E-06
 9.1969E+25  2.5090E-04  9.9975E-01  7.0244E+03  8.1828E-05  1.7992E-13  3.4639E-13  7.8604E-06
 9.2061E+25  2.5155E-04  9.9975E-01  7.0243E+03  8.1828E-05  1.7945E-13  3.4640E-13  7.8312E-06
 9.2154E+25  2.5220E-04  9.9975E-01  7.0242E+03  8.1828E-05  1.7900E-13  3.4640E-13  7.8033E-06
 9.2246E+25  2.5310E-04  9.9975E-01  7.0242E+03  8.1828E-05  1.7856E-13  3.4640E-13  7.7751E-06
 9.2339E+25  2.5457E-04  9.9975E-01  7.0241E+03  8.1828E-05  1.7735E-13  3.4640E-13  7.7467E-06
 9.2431E+25  2.5521E-04  9.9974E-01  7.0240E+03  8.1828E-05  1.7688E-13  3.4641E-13  7.7183E-06
 9.2524E+25  2.5585E-04  9.9974E-01  7.0240E+03  8.1828E-05  1.7645E-13  3.4641E-13  7.6899E-06
