 4.6285E+22  3.2692E-11  1.0000E+00  1.1683E+04  8.1828E-05  1.0464E-06  2.2745E-13  1.0000E+00
 1.3886E+23  2.2879E-10  1.0000E+00  1.1687E+04  8.1828E-05  1.4948E-07  2.2739E-13  1.0000E+00
 2.3143E+23  6.2053E-10  1.0000E+00  1.1699E+04  8.1828E-05  5.5072E-08  2.2719E-13  1.0000E+00
 3.2400E+23  1.2064E-09  1.0000E+00  1.1726E+04  8.1828E-05  2.8280E-08  2.2674E-13  1.0000E+00
 4.1657E+23  1.9830E-09  1.0000E+00  1.1775E+04  8.1828E-05  1.7154E-08  2.2595E-13  1.0000E+00
 5.0914E+23  2.9443E-09  1.0000E+00  1.1853E+04  8.1828E-05  1.1497E-08  2.2468E-13  1.0000E+00
 6.0171E+23  4.0775E-09  1.0000E+00  1.1975E+04  8.1828E-05  8.2411E-09  2.2275E-13  1.0000E+00
 6.9428E+23  5.3708E-09  1.0000E+00  1.2150E+04  8.1828E-05  6.1913E-09  2.2002E-13  1.0000E+00
 7.8685E+23  6.7907E-09  1.0000E+00  1.2407E+04  8.1828E-05  4.8230E-09  2.1614E-13  1.0000E+00
 8.7942E+23  8.3082E-09  1.0000E+00  1.2765E+04  8.1828E-05  3.8616E-09  2.1097E-13  1.0000E+00
 9.7199E+23  9.9048E-09  1.0000E+00  1.3199E+04  8.1828E-05  3.1615E-09  2.0504E-13  1.0000E+00
 1.0646E+24  1.1601E-08  1.0000E+00  1.3636E+04  8.1828E-05  2.6358E-09  1.9941E-13  1.0000E+00
 1.1571E+24  1.3475E-08  1.0000E+00  1.3953E+04  8.1828E-05  2.2316E-09  1.9551E-13  1.0000E+00
 1.2497E+24  1.5585E-08  1.0000E+00  1.4124E+04  8.1828E-05  1.9124E-09  1.9348E-13  1.0000E+00
 1.3423E+24  1.7881E-08  1.0000E+00  1.4218E+04  8.1828E-05  1.6587E-09  1.9237E-13  1.0000E+00
 1.4348E+24  2.0331E-08  1.0000E+00  1.4318E+04  8.1828E-05  1.4514E-09  1.9121E-13  9.9999E-01
 1.5274E+24  2.2918E-08  1.0000E+00  1.4418E+04  8.1828E-05  1.2810E-09  1.9007E-13  9.9999E-01
 1.6200E+24  2.5661E-08  1.0000E+00  1.4511E+04  8.1828E-05  1.1387E-09  1.8902E-13  9.9999E-01
 1.7126E+24  2.8540E-08  1.0000E+00  1.4602E+04  8.1828E-05  1.0191E-09  1.8800E-13  9.9999E-01
 1.8051E+24  3.1584E-08  1.0000E+00  1.4684E+04  8.1828E-05  9.1712E-10  1.8710E-13  9.9999E-01
 1.8977E+24  3.4759E-08  1.0000E+00  1.4763E+04  8.1828E-05  8.3008E-10  1.8623E-13  9.9999E-01
 1.9903E+24  3.8101E-08  1.0000E+00  1.4840E+04  8.1828E-05  7.5441E-10  1.8540E-13  9.9999E-01
 2.0828E+24  4.1564E-08  1.0000E+00  1.4914E+04  8.1828E-05  6.8902E-10  1.8460E-13  9.9999E-01
 2.1754E+24  4.5173E-08  1.0000E+00  1.4987E+04  8.1828E-05  6.3173E-10  1.8383E-13  9.9999E-01
 2.2680E+24  4.8932E-08  1.0000E+00  1.5057E+04  8.1828E-05  5.8120E-10  1.8309E-13  9.9999E-01
 2.3605E+24  5.2843E-08  1.0000E+00  1.5125E+04  8.1828E-05  5.3640E-10  1.8238E-13  9.9999E-01
 2.4531E+24  5.6884E-08  1.0000E+00  1.5188E+04  8.1828E-05  4.9677E-10  1.8172E-13  9.9999E-01
 2.5457E+24  6.1060E-08  1.0000E+00  1.5253E+04  8.1828E-05  4.6134E-10  1.8105E-13  9.9998E-01
 2.6383E+24  6.5409E-08  1.0000E+00  1.5316E+04  8.1828E-05  4.2936E-10  1.8040E-13  9.9998E-01
 2.7308E+24  6.9857E-08  1.0000E+00  1.5375E+04  8.1828E-05  4.0089E-10  1.7980E-13  9.9998E-01
 2.8234E+24  7.4459E-08  1.0000E+00  1.5436E+04  8.1828E-05  3.7503E-10  1.7919E-13  9.9998E-01
 2.9160E+24  7.9186E-08  1.0000E+00  1.5492E+04  8.1828E-05  3.5170E-10  1.7863E-13  9.9998E-01
 3.0085E+24  8.4127E-08  1.0000E+00  1.5547E+04  8.1828E-05  3.3018E-10  1.7808E-13  9.9998E-01
 3.1011E+24  8.9156E-08  1.0000E+00  1.5603E+04  8.1828E-05  3.1072E-10  1.7752E-13  9.9998E-01
 3.1937E+24  9.4285E-08  1.0000E+00  1.5656E+04  8.1828E-05  2.9309E-10  1.7700E-13  9.9998E-01
 3.2862E+24  9.9581E-08  1.0000E+00  1.5708E+04  8.1828E-05  2.7683E-10  1.7650E-13  9.9997E-01
 3.3788E+24  1.0497E-07  1.0000E+00  1.5759E+04  8.1828E-05  2.6200E-10  1.7600E-13  9.9997E-01
 3.4714E+24  1.1053E-07  1.0000E+00  1.5808E+04  8.1828E-05  2.4824E-10  1.7552E-13  9.9997E-01
 3.5640E+24  1.1628E-07  1.0000E+00  1.5857E+04  8.1828E-05  2.3544E-10  1.7505E-13  9.9997E-01
 3.6565E+24  1.2224E-07  1.0000E+00  1.5903E+04  8.1828E-05  2.2346E-10  1.7461E-13  9.9997E-01
 3.7491E+24  1.2804E-07  1.0000E+00  1.5950E+04  8.1828E-05  2.1288E-10  1.7416E-13  9.9997E-01
 3.8417E+24  1.3427E-07  1.0000E+00  1.5996E+04  8.1828E-05  2.0258E-10  1.7373E-13  9.9997E-01
 3.9342E+24  1.4048E-07  1.0000E+00  1.6040E+04  8.1828E-05  1.9322E-10  1.7332E-13  9.9996E-01
 4.0268E+24  1.4696E-07  1.0000E+00  1.6084E+04  8.1828E-05  1.8433E-10  1.7290E-13  9.9996E-01
 4.1194E+24  1.5331E-07  1.0000E+00  1.6126E+04  8.1828E-05  1.7636E-10  1.7251E-13  9.9996E-01
 4.2120E+24  1.6018E-07  1.0000E+00  1.6168E+04  8.1828E-05  1.6847E-10  1.7212E-13  9.9996E-01
 4.3045E+24  1.6696E-07  1.0000E+00  1.6209E+04  8.1828E-05  1.6134E-10  1.7174E-13  9.9996E-01
 4.3971E+24  1.7368E-07  1.0000E+00  1.6249E+04  8.1828E-05  1.5480E-10  1.7137E-13  9.9996E-01
 4.4897E+24  1.8084E-07  1.0000E+00  1.6289E+04  8.1828E-05  1.4841E-10  1.7101E-13  9.9995E-01
 4.5822E+24  1.8809E-07  1.0000E+00  1.6327E+04  8.1828E-05  1.4243E-10  1.7066E-13  9.9995E-01
 4.6748E+24  1.9545E-07  1.0000E+00  1.6366E+04  8.1828E-05  1.3684E-10  1.7031E-13  9.9995E-01
 4.7674E+24  2.0292E-07  1.0000E+00  1.6402E+04  8.1828E-05  1.3158E-10  1.6997E-13  9.9995E-01
 4.8599E+24  2.1050E-07  1.0000E+00  1.6440E+04  8.1828E-05  1.2663E-10  1.6964E-13  9.9995E-01
 4.9525E+24  2.1821E-07  1.0000E+00  1.6475E+04  8.1828E-05  1.2196E-10  1.6932E-13  9.9994E-01
 5.0451E+24  2.2606E-07  1.0000E+00  1.6510E+04  8.1828E-05  1.1754E-10  1.6900E-13  9.9994E-01
 5.1377E+24  2.3406E-07  1.0000E+00  1.6545E+04  8.1828E-05  1.1334E-10  1.6870E-13  9.9994E-01
 5.2302E+24  2.4224E-07  1.0000E+00  1.6579E+04  8.1828E-05  1.0935E-10  1.6839E-13  9.9994E-01
 5.3228E+24  2.5060E-07  1.0000E+00  1.6613E+04  8.1828E-05  1.0554E-10  1.6809E-13  9.9994E-01
 5.4154E+24  2.5916E-07  1.0000E+00  1.6646E+04  8.1828E-05  1.0191E-10  1.6780E-13  9.9993E-01
 5.5079E+24  2.6728E-07  1.0000E+00  1.6679E+04  8.1828E-05  9.8670E-11  1.6751E-13  9.9993E-01
 5.6005E+24  2.7588E-07  1.0000E+00  1.6711E+04  8.1828E-05  9.5457E-11  1.6724E-13  9.9993E-01
 5.6931E+24  2.8498E-07  1.0000E+00  1.6743E+04  8.1828E-05  9.2279E-11  1.6696E-13  9.9993E-01
 5.7856E+24  2.9425E-07  1.0000E+00  1.6774E+04  8.1828E-05  8.9251E-11  1.6669E-13  9.9992E-01
 5.8782E+24  3.0239E-07  1.0000E+00  1.6804E+04  8.1828E-05  8.6730E-11  1.6642E-13  9.9992E-01
 5.9708E+24  3.1217E-07  1.0000E+00  1.6834E+04  8.1828E-05  8.3903E-11  1.6616E-13  9.9992E-01
 6.0634E+24  3.2165E-07  1.0000E+00  1.6863E+04  8.1828E-05  8.1325E-11  1.6591E-13  9.9992E-01
 6.1559E+24  3.3047E-07  1.0000E+00  1.6892E+04  8.1828E-05  7.9053E-11  1.6566E-13  9.9991E-01
 6.2485E+24  3.4109E-07  1.0000E+00  1.6921E+04  8.1828E-05  7.6494E-11  1.6542E-13  9.9991E-01
 6.3411E+24  3.4952E-07  1.0000E+00  1.6949E+04  8.1828E-05  7.4559E-11  1.6518E-13  9.9991E-01
 6.4336E+24  3.6056E-07  1.0000E+00  1.6977E+04  8.1828E-05  7.2188E-11  1.6494E-13  9.9991E-01
 6.5262E+24  3.6944E-07  1.0000E+00  1.7005E+04  8.1828E-05  7.0367E-11  1.6470E-13  9.9990E-01
 6.6188E+24  3.8077E-07  1.0000E+00  1.7032E+04  8.1828E-05  6.8193E-11  1.6447E-13  9.9990E-01
 6.7113E+24  3.8964E-07  1.0000E+00  1.7059E+04  8.1828E-05  6.6563E-11  1.6425E-13  9.9990E-01
 6.8039E+24  4.0144E-07  1.0000E+00  1.7085E+04  8.1828E-05  6.4533E-11  1.6403E-13  9.9990E-01
 6.8965E+24  4.1055E-07  1.0000E+00  1.7111E+04  8.1828E-05  6.3029E-11  1.6381E-13  9.9989E-01
 6.9891E+24  4.2200E-07  1.0000E+00  1.7137E+04  8.1828E-05  6.1249E-11  1.6359E-13  9.9989E-01
 7.0816E+24  4.3292E-07  1.0000E+00  1.7163E+04  8.1828E-05  5.9640E-11  1.6338E-13  9.9989E-01
 7.1742E+24  4.4289E-07  1.0000E+00  1.7188E+04  8.1828E-05  5.8233E-11  1.6317E-13  9.9989E-01
 7.2668E+24  4.5500E-07  1.0000E+00  1.7213E+04  8.1828E-05  5.6623E-11  1.6296E-13  9.9988E-01
 7.3593E+24  4.6568E-07  1.0000E+00  1.7237E+04  8.1828E-05  5.5266E-11  1.6276E-13  9.9988E-01
 7.4519E+24  4.7636E-07  1.0000E+00  1.7262E+04  8.1828E-05  5.3970E-11  1.6256E-13  9.9988E-01
 7.5445E+24  4.8866E-07  1.0000E+00  1.7285E+04  8.1828E-05  5.2558E-11  1.6236E-13  9.9987E-01
 7.6371E+24  5.0059E-07  1.0000E+00  1.7309E+04  8.1828E-05  5.1253E-11  1.6217E-13  9.9987E-01
 7.7296E+24  5.1062E-07  1.0000E+00  1.7333E+04  8.1828E-05  5.0196E-11  1.6198E-13  9.9987E-01
 7.8222E+24  5.2309E-07  1.0000E+00  1.7356E+04  8.1828E-05  4.8950E-11  1.6179E-13  9.9986E-01
 7.9148E+24  5.3567E-07  1.0000E+00  1.7379E+04  8.1828E-05  4.7754E-11  1.6160E-13  9.9986E-01
 8.0073E+24  5.4824E-07  1.0000E+00  1.7401E+04  8.1828E-05  4.6615E-11  1.6142E-13  9.9986E-01
 8.0999E+24  5.5850E-07  1.0000E+00  1.7424E+04  8.1828E-05  4.5714E-11  1.6123E-13  9.9986E-01
 8.1925E+24  5.7126E-07  1.0000E+00  1.7446E+04  8.1828E-05  4.4651E-11  1.6106E-13  9.9985E-01
 8.2850E+24  5.8413E-07  1.0000E+00  1.7468E+04  8.1828E-05  4.3627E-11  1.6088E-13  9.9985E-01
 8.3776E+24  5.9708E-07  1.0000E+00  1.7489E+04  8.1828E-05  4.2641E-11  1.6070E-13  9.9985E-01
 8.4702E+24  6.1011E-07  1.0000E+00  1.7511E+04  8.1828E-05  4.1692E-11  1.6053E-13  9.9984E-01
 8.5628E+24  6.2263E-07  1.0000E+00  1.7532E+04  8.1828E-05  4.0817E-11  1.6036E-13  9.9984E-01
 8.6553E+24  6.3444E-07  1.0000E+00  1.7553E+04  8.1828E-05  4.0022E-11  1.6019E-13  9.9984E-01
 8.7479E+24  6.4772E-07  1.0000E+00  1.7574E+04  8.1828E-05  3.9167E-11  1.6003E-13  9.9983E-01
 8.8405E+24  6.6112E-07  1.0000E+00  1.7594E+04  8.1828E-05  3.8340E-11  1.5986E-13  9.9983E-01
 8.9330E+24  6.7461E-07  1.0000E+00  1.7615E+04  8.1828E-05  3.7541E-11  1.5970E-13  9.9982E-01
 9.0256E+24  6.8818E-07  1.0000E+00  1.7635E+04  8.1828E-05  3.6769E-11  1.5954E-13  9.9982E-01
 9.1182E+24  7.0184E-07  1.0000E+00  1.7655E+04  8.1828E-05  3.6023E-11  1.5938E-13  9.9982E-01
 9.2107E+24  7.1560E-07  1.0000E+00  1.7675E+04  8.1828E-05  3.5301E-11  1.5922E-13  9.9981E-01
 9.3033E+24  7.2946E-07  1.0000E+00  1.7694E+04  8.1828E-05  3.4602E-11  1.5907E-13  9.9981E-01
 9.3959E+24  7.4341E-07  1.0000E+00  1.7714E+04  8.1828E-05  3.3925E-11  1.5892E-13  9.9981E-01
 9.4885E+24  7.5747E-07  1.0000E+00  1.7733E+04  8.1828E-05  3.3268E-11  1.5877E-13  9.9980E-01
 9.5810E+24  7.7163E-07  1.0000E+00  1.7752E+04  8.1828E-05  3.2632E-11  1.5862E-13  9.9980E-01
 9.6736E+24  7.8590E-07  1.0000E+00  1.7771E+04  8.1828E-05  3.2014E-11  1.5847E-13  9.9979E-01
 9.7662E+24  8.0029E-07  1.0000E+00  1.7789E+04  8.1828E-05  3.1414E-11  1.5832E-13  9.9979E-01
 9.8587E+24  8.1481E-07  1.0000E+00  1.7808E+04  8.1828E-05  3.0830E-11  1.5818E-13  9.9979E-01
 9.9513E+24  8.2945E-07  1.0000E+00  1.7826E+04  8.1828E-05  3.0263E-11  1.5804E-13  9.9978E-01
 1.0044E+25  8.4422E-07  1.0000E+00  1.7844E+04  8.1828E-05  2.9711E-11  1.5789E-13  9.9977E-01
 1.0136E+25  8.5913E-07  1.0000E+00  1.7862E+04  8.1828E-05  2.9173E-11  1.5775E-13  9.9976E-01
 1.0229E+25  8.7420E-07  1.0000E+00  1.7880E+04  8.1828E-05  2.8649E-11  1.5762E-13  9.9973E-01
 1.0322E+25  8.8942E-07  1.0000E+00  1.7898E+04  8.1828E-05  2.8138E-11  1.5748E-13  9.9969E-01
 1.0414E+25  9.0481E-07  1.0000E+00  1.7915E+04  8.1828E-05  2.7640E-11  1.5735E-13  9.9962E-01
 1.0507E+25  9.2037E-07  1.0000E+00  1.7932E+04  8.1828E-05  2.7153E-11  1.5722E-13  9.9949E-01
 1.0599E+25  9.3612E-07  1.0000E+00  1.7948E+04  8.1828E-05  2.6678E-11  1.5709E-13  9.9925E-01
 1.0692E+25  9.5208E-07  1.0000E+00  1.7963E+04  8.1828E-05  2.6213E-11  1.5697E-13  9.9883E-01
 1.0784E+25  9.6828E-07  1.0000E+00  1.7977E+04  8.1828E-05  2.5758E-11  1.5687E-13  9.9808E-01
 1.0877E+25  9.8473E-07  1.0000E+00  1.7989E+04  8.1828E-05  2.5313E-11  1.5678E-13  9.9676E-01
 1.0970E+25  1.0014E-06  1.0000E+00  1.7996E+04  8.1828E-05  2.4879E-11  1.5673E-13  9.9449E-01
 1.1062E+25  1.0161E-06  1.0000E+00  1.7996E+04  8.1828E-05  2.4511E-11  1.5673E-13  9.9060E-01
 1.1155E+25  1.0324E-06  1.0000E+00  1.7985E+04  8.1828E-05  2.4125E-11  1.5682E-13  9.8406E-01
 1.1247E+25  1.0503E-06  1.0000E+00  1.7955E+04  8.1828E-05  2.3721E-11  1.5705E-13  9.7324E-01
 1.1340E+25  1.0693E-06  1.0000E+00  1.7897E+04  8.1828E-05  2.3323E-11  1.5751E-13  9.5579E-01
 1.1432E+25  1.0898E-06  1.0000E+00  1.7794E+04  8.1828E-05  2.2934E-11  1.5831E-13  9.2853E-01
 1.1525E+25  1.1124E-06  1.0000E+00  1.7628E+04  8.1828E-05  2.2552E-11  1.5964E-13  8.8785E-01
 1.1618E+25  1.1381E-06  1.0000E+00  1.7378E+04  8.1828E-05  2.2178E-11  1.6168E-13  8.3067E-01
 1.1710E+25  1.1666E-06  1.0000E+00  1.7025E+04  8.1828E-05  2.1840E-11  1.6464E-13  7.5637E-01
 1.1803E+25  1.1980E-06  1.0000E+00  1.6567E+04  8.1828E-05  2.1546E-11  1.6863E-13  6.6856E-01
 1.1895E+25  1.2389E-06  1.0000E+00  1.6021E+04  8.1828E-05  2.1197E-11  1.7366E-13  5.7491E-01
 1.1988E+25  1.2854E-06  1.0000E+00  1.5420E+04  8.1828E-05  2.0859E-11  1.7954E-13  4.8450E-01
 1.2080E+25  1.3369E-06  1.0000E+00  1.4803E+04  8.1828E-05  2.0529E-11  1.8600E-13  4.0426E-01
 1.2173E+25  1.3917E-06  1.0000E+00  1.4204E+04  8.1828E-05  2.0212E-11  1.9274E-13  3.3725E-01
 1.2266E+25  1.4488E-06  1.0000E+00  1.3644E+04  8.1828E-05  1.9903E-11  1.9951E-13  2.8329E-01
 1.2358E+25  1.5066E-06  1.0000E+00  1.3134E+04  8.1828E-05  1.9605E-11  2.0612E-13  2.4052E-01
 1.2451E+25  1.5649E-06  1.0000E+00  1.2674E+04  8.1828E-05  1.9314E-11  2.1247E-13  2.0664E-01
 1.2543E+25  1.6228E-06  1.0000E+00  1.2262E+04  8.1828E-05  1.9030E-11  2.1850E-13  1.7959E-01
 1.2636E+25  1.6802E-06  1.0000E+00  1.1894E+04  8.1828E-05  1.8753E-11  2.2421E-13  1.5774E-01
 1.2728E+25  1.7369E-06  1.0000E+00  1.1565E+04  8.1828E-05  1.8482E-11  2.2958E-13  1.3985E-01
 1.2821E+25  1.7928E-06  1.0000E+00  1.1269E+04  8.1828E-05  1.8217E-11  2.3463E-13  1.2499E-01
 1.2914E+25  1.8480E-06  1.0000E+00  1.1004E+04  8.1828E-05  1.7959E-11  2.3938E-13  1.1251E-01
 1.3006E+25  1.9018E-06  1.0000E+00  1.0763E+04  8.1828E-05  1.7714E-11  2.4385E-13  1.0190E-01
 1.3099E+25  1.9557E-06  1.0000E+00  1.0545E+04  8.1828E-05  1.7464E-11  2.4806E-13  9.2796E-02
 1.3191E+25  2.0091E-06  1.0000E+00  1.0347E+04  8.1828E-05  1.7220E-11  2.5202E-13  8.4909E-02
 1.3284E+25  2.0618E-06  1.0000E+00  1.0166E+04  8.1828E-05  1.6982E-11  2.5576E-13  7.8024E-02
 1.3376E+25  2.1142E-06  1.0000E+00  1.0000E+04  8.1828E-05  1.6747E-11  2.5929E-13  7.1969E-02
 1.3469E+25  2.1659E-06  1.0000E+00  9.8478E+03  8.1828E-05  1.6519E-11  2.6262E-13  6.6613E-02
 1.3562E+25  2.2174E-06  1.0000E+00  9.7073E+03  8.1828E-05  1.6295E-11  2.6578E-13  6.1845E-02
 1.3654E+25  2.2684E-06  1.0000E+00  9.5774E+03  8.1828E-05  1.6075E-11  2.6876E-13  5.7580E-02
 1.3747E+25  2.3192E-06  1.0000E+00  9.4570E+03  8.1828E-05  1.5860E-11  2.7159E-13  5.3747E-02
 1.3839E+25  2.3697E-06  1.0000E+00  9.3452E+03  8.1828E-05  1.5649E-11  2.7428E-13  5.0288E-02
 1.3932E+25  2.4199E-06  1.0000E+00  9.2411E+03  8.1828E-05  1.5441E-11  2.7683E-13  4.7152E-02
 1.4024E+25  2.4700E-06  1.0000E+00  9.1441E+03  8.1828E-05  1.5238E-11  2.7926E-13  4.4301E-02
 1.4117E+25  2.5200E-06  1.0000E+00  9.0533E+03  8.1828E-05  1.5038E-11  2.8157E-13  4.1699E-02
 1.4210E+25  2.5699E-06  1.0000E+00  8.9684E+03  8.1828E-05  1.4841E-11  2.8376E-13  3.9317E-02
 1.4302E+25  2.6197E-06  1.0000E+00  8.8887E+03  8.1828E-05  1.4649E-11  2.8586E-13  3.7132E-02
 1.4395E+25  2.6697E-06  1.0000E+00  8.8139E+03  8.1828E-05  1.4458E-11  2.8786E-13  3.5120E-02
 1.4487E+25  2.7196E-06  1.0000E+00  8.7435E+03  8.1828E-05  1.4271E-11  2.8976E-13  3.3265E-02
 1.4580E+25  2.7695E-06  1.0000E+00  8.6771E+03  8.1828E-05  1.4087E-11  2.9158E-13  3.1548E-02
 1.4672E+25  2.8198E-06  1.0000E+00  8.6146E+03  8.1828E-05  1.3905E-11  2.9332E-13  2.9958E-02
 1.4765E+25  2.8670E-06  1.0000E+00  8.5555E+03  8.1828E-05  1.3744E-11  2.9499E-13  2.8481E-02
 1.4858E+25  2.9113E-06  1.0000E+00  8.4996E+03  8.1828E-05  1.3592E-11  2.9658E-13  2.7107E-02
 1.4950E+25  2.9611E-06  1.0000E+00  8.4466E+03  8.1828E-05  1.3421E-11  2.9810E-13  2.5826E-02
 1.5043E+25  3.0112E-06  1.0000E+00  8.3964E+03  8.1828E-05  1.3252E-11  2.9957E-13  2.4631E-02
 1.5135E+25  3.0617E-06  1.0000E+00  8.3488E+03  8.1828E-05  1.3084E-11  3.0097E-13  2.3513E-02
 1.5228E+25  3.1126E-06  1.0000E+00  8.3036E+03  8.1828E-05  1.2918E-11  3.0231E-13  2.2466E-02
 1.5320E+25  3.1639E-06  1.0000E+00  8.2605E+03  8.1828E-05  1.2754E-11  3.0360E-13  2.1484E-02
 1.5413E+25  3.2157E-06  1.0000E+00  8.2196E+03  8.1828E-05  1.2592E-11  3.0483E-13  2.0563E-02
 1.5506E+25  3.2555E-06  1.0000E+00  8.1806E+03  8.1828E-05  1.2483E-11  3.0602E-13  1.9696E-02
 1.5598E+25  3.3035E-06  1.0000E+00  8.1435E+03  8.1828E-05  1.2336E-11  3.0716E-13  1.8879E-02
 1.5691E+25  3.3556E-06  1.0000E+00  8.1080E+03  8.1828E-05  1.2181E-11  3.0826E-13  1.8110E-02
 1.5783E+25  3.4083E-06  1.0000E+00  8.0742E+03  8.1828E-05  1.2027E-11  3.0932E-13  1.7384E-02
 1.5876E+25  3.4618E-06  1.0000E+00  8.0418E+03  8.1828E-05  1.1874E-11  3.1034E-13  1.6698E-02
 1.5968E+25  3.5131E-06  1.0000E+00  8.0109E+03  8.1828E-05  1.1735E-11  3.1131E-13  1.6049E-02
 1.6061E+25  3.5483E-06  1.0000E+00  7.9813E+03  8.1828E-05  1.1645E-11  3.1226E-13  1.5435E-02
 1.6154E+25  3.6022E-06  1.0000E+00  7.9529E+03  8.1828E-05  1.1498E-11  3.1317E-13  1.4853E-02
 1.6246E+25  3.6573E-06  1.0000E+00  7.9258E+03  8.1828E-05  1.1352E-11  3.1404E-13  1.4301E-02
 1.6339E+25  3.7132E-06  1.0000E+00  7.8998E+03  8.1828E-05  1.1206E-11  3.1488E-13  1.3778E-02
 1.6431E+25  3.7596E-06  1.0000E+00  7.8748E+03  8.1828E-05  1.1096E-11  3.1570E-13  1.3280E-02
 1.6524E+25  3.7986E-06  1.0000E+00  7.8508E+03  8.1828E-05  1.1001E-11  3.1648E-13  1.2807E-02
 1.6616E+25  3.8558E-06  1.0000E+00  7.8278E+03  8.1828E-05  1.0859E-11  3.1724E-13  1.2357E-02
 1.6709E+25  3.9141E-06  1.0000E+00  7.8057E+03  8.1828E-05  1.0718E-11  3.1797E-13  1.1929E-02
 1.6802E+25  3.9673E-06  1.0000E+00  7.7845E+03  8.1828E-05  1.0599E-11  3.1868E-13  1.1520E-02
 1.6894E+25  3.9992E-06  1.0000E+00  7.7640E+03  8.1828E-05  1.0529E-11  3.1937E-13  1.1131E-02
 1.6987E+25  4.0592E-06  1.0000E+00  7.7443E+03  8.1828E-05  1.0391E-11  3.2003E-13  1.0759E-02
 1.7079E+25  4.1205E-06  1.0000E+00  7.7254E+03  8.1828E-05  1.0254E-11  3.2066E-13  1.0405E-02
 1.7172E+25  4.1684E-06  1.0000E+00  7.7072E+03  8.1828E-05  1.0157E-11  3.2128E-13  1.0065E-02
 1.7264E+25  4.2055E-06  1.0000E+00  7.6896E+03  8.1828E-05  1.0079E-11  3.2188E-13  9.7413E-03
 1.7357E+25  4.2688E-06  1.0000E+00  7.6727E+03  8.1828E-05  9.9445E-12  3.2246E-13  9.4315E-03
 1.7450E+25  4.3337E-06  1.0000E+00  7.6563E+03  8.1828E-05  9.8099E-12  3.2302E-13  9.1345E-03
 1.7542E+25  4.3614E-06  1.0000E+00  7.6405E+03  8.1828E-05  9.7660E-12  3.2356E-13  8.8505E-03
 1.7635E+25  4.4197E-06  1.0000E+00  7.6253E+03  8.1828E-05  9.6458E-12  3.2409E-13  8.5784E-03
 1.7727E+25  4.4872E-06  1.0000E+00  7.6106E+03  8.1828E-05  9.5134E-12  3.2460E-13  8.3171E-03
 1.7820E+25  4.5295E-06  1.0000E+00  7.5964E+03  8.1828E-05  9.4412E-12  3.2509E-13  8.0670E-03
 1.7912E+25  4.5730E-06  1.0000E+00  7.5827E+03  8.1828E-05  9.3584E-12  3.2557E-13  7.8264E-03
 1.8005E+25  4.6435E-06  1.0000E+00  7.5695E+03  8.1828E-05  9.2273E-12  3.2603E-13  7.5960E-03
 1.8097E+25  4.6947E-06  1.0000E+00  7.5566E+03  8.1828E-05  9.1420E-12  3.2648E-13  7.3744E-03
 1.8190E+25  4.7304E-06  1.0000E+00  7.5442E+03  8.1828E-05  9.0788E-12  3.2692E-13  7.1613E-03
 1.8283E+25  4.8038E-06  1.0000E+00  7.5322E+03  8.1828E-05  8.9498E-12  3.2734E-13  6.9568E-03
 1.8375E+25  4.8563E-06  1.0000E+00  7.5206E+03  8.1828E-05  8.8668E-12  3.2775E-13  6.7595E-03
 1.8468E+25  4.8915E-06  1.0000E+00  7.5094E+03  8.1828E-05  8.8075E-12  3.2815E-13  6.5705E-03
 1.8560E+25  4.9688E-06  1.0000E+00  7.4985E+03  8.1828E-05  8.6792E-12  3.2854E-13  6.3877E-03
 1.8653E+25  5.0147E-06  9.9999E-01  7.4879E+03  8.1828E-05  8.6127E-12  3.2891E-13  6.2124E-03
 1.8745E+25  5.0575E-06  9.9999E-01  7.4777E+03  8.1828E-05  8.5431E-12  3.2928E-13  6.0427E-03
 1.8838E+25  5.1389E-06  9.9999E-01  7.4678E+03  8.1828E-05  8.4155E-12  3.2963E-13  5.8800E-03
 1.8931E+25  5.1694E-06  9.9999E-01  7.4582E+03  8.1828E-05  8.3778E-12  3.2998E-13  5.7224E-03
 1.9023E+25  5.2293E-06  9.9999E-01  7.4489E+03  8.1828E-05  8.2845E-12  3.3031E-13  5.5711E-03
 1.9116E+25  5.3135E-06  9.9999E-01  7.4398E+03  8.1828E-05  8.1623E-12  3.3064E-13  5.4244E-03
 1.9208E+25  5.3216E-06  9.9999E-01  7.4310E+03  8.1828E-05  8.1563E-12  3.3096E-13  5.2835E-03
 1.9301E+25  5.4076E-06  9.9999E-01  7.4225E+03  8.1828E-05  8.0308E-12  3.3127E-13  5.1468E-03
 1.9393E+25  5.4640E-06  9.9999E-01  7.4142E+03  8.1828E-05  7.9585E-12  3.3157E-13  5.0154E-03
 1.9486E+25  5.5007E-06  9.9999E-01  7.4062E+03  8.1828E-05  7.9067E-12  3.3186E-13  4.8879E-03
 1.9579E+25  5.5932E-06  9.9999E-01  7.3984E+03  8.1828E-05  7.7817E-12  3.3214E-13  4.7651E-03
 1.9671E+25  5.6088E-06  9.9999E-01  7.3908E+03  8.1828E-05  7.7698E-12  3.3242E-13  4.6461E-03
 1.9764E+25  5.6890E-06  9.9999E-01  7.3834E+03  8.1828E-05  7.6612E-12  3.3269E-13  4.5311E-03
 1.9856E+25  5.7512E-06  9.9999E-01  7.3762E+03  8.1828E-05  7.5878E-12  3.3295E-13  4.4201E-03
 1.9949E+25  5.7851E-06  9.9999E-01  7.3692E+03  8.1828E-05  7.5438E-12  3.3321E-13  4.3121E-03
 2.0041E+25  5.8859E-06  9.9999E-01  7.3625E+03  8.1828E-05  7.4193E-12  3.3346E-13  4.2084E-03
 2.0134E+25  5.8898E-06  9.9999E-01  7.3559E+03  8.1828E-05  7.4233E-12  3.3370E-13  4.1072E-03
 2.0227E+25  5.9856E-06  9.9999E-01  7.3495E+03  8.1828E-05  7.3045E-12  3.3393E-13  4.0098E-03
 2.0319E+25  6.0300E-06  9.9999E-01  7.3432E+03  8.1828E-05  7.2595E-12  3.3417E-13  3.9151E-03
 2.0412E+25  6.0864E-06  9.9999E-01  7.3371E+03  8.1828E-05  7.1919E-12  3.3439E-13  3.8233E-03
 2.0504E+25  6.1701E-06  9.9999E-01  7.3312E+03  8.1828E-05  7.1026E-12  3.3461E-13  3.7348E-03
 2.0597E+25  6.1880E-06  9.9999E-01  7.3254E+03  8.1828E-05  7.0815E-12  3.3482E-13  3.6483E-03
 2.0689E+25  6.3009E-06  9.9999E-01  7.3198E+03  8.1828E-05  6.9583E-12  3.3503E-13  3.5651E-03
 2.0782E+25  6.2996E-06  9.9999E-01  7.3143E+03  8.1828E-05  6.9676E-12  3.3523E-13  3.4840E-03
 2.0875E+25  6.4074E-06  9.9999E-01  7.3090E+03  8.1828E-05  6.8495E-12  3.3543E-13  3.4052E-03
 2.0967E+25  6.4369E-06  9.9999E-01  7.3038E+03  8.1828E-05  6.8257E-12  3.3563E-13  3.3293E-03
 2.1060E+25  6.5150E-06  9.9999E-01  7.2987E+03  8.1828E-05  6.7429E-12  3.3581E-13  3.2550E-03
 2.1152E+25  6.5735E-06  9.9999E-01  7.2938E+03  8.1828E-05  6.6902E-12  3.3600E-13  3.1833E-03
 2.1245E+25  6.6243E-06  9.9999E-01  7.2890E+03  8.1828E-05  6.6378E-12  3.3618E-13  3.1136E-03
 2.1337E+25  6.7101E-06  9.9999E-01  7.2843E+03  8.1828E-05  6.5599E-12  3.3635E-13  3.0455E-03
 2.1430E+25  6.7353E-06  9.9999E-01  7.2797E+03  8.1828E-05  6.5340E-12  3.3653E-13  2.9800E-03
 2.1523E+25  6.8457E-06  9.9999E-01  7.2752E+03  8.1828E-05  6.4354E-12  3.3669E-13  2.9159E-03
 2.1615E+25  6.8484E-06  9.9999E-01  7.2709E+03  8.1828E-05  6.4314E-12  3.3686E-13  2.8536E-03
 2.1708E+25  6.9794E-06  9.9999E-01  7.2666E+03  8.1828E-05  6.3163E-12  3.3702E-13  2.7935E-03
 2.1800E+25  6.9644E-06  9.9999E-01  7.2625E+03  8.1828E-05  6.3304E-12  3.3717E-13  2.7345E-03
 2.1893E+25  7.1029E-06  9.9999E-01  7.2584E+03  8.1828E-05  6.2083E-12  3.3733E-13  2.6773E-03
 2.1985E+25  7.0927E-06  9.9999E-01  7.2545E+03  8.1828E-05  6.2236E-12  3.3747E-13  2.6220E-03
 2.2078E+25  7.2245E-06  9.9999E-01  7.2506E+03  8.1828E-05  6.1082E-12  3.3762E-13  2.5677E-03
 2.2171E+25  7.2242E-06  9.9999E-01  7.2468E+03  8.1828E-05  6.1147E-12  3.3776E-13  2.5150E-03
 2.2263E+25  7.3487E-06  9.9999E-01  7.2431E+03  8.1828E-05  6.0093E-12  3.3790E-13  2.4641E-03
 2.2356E+25  7.3549E-06  9.9999E-01  7.2395E+03  8.1828E-05  6.0102E-12  3.3804E-13  2.4140E-03
 2.2448E+25  7.4757E-06  9.9999E-01  7.2360E+03  8.1828E-05  5.9112E-12  3.3817E-13  2.3654E-03
 2.2541E+25  7.4845E-06  9.9999E-01  7.2326E+03  8.1828E-05  5.9100E-12  3.3830E-13  2.3185E-03
 2.2633E+25  7.6055E-06  9.9999E-01  7.2292E+03  8.1828E-05  5.8140E-12  3.3843E-13  2.2722E-03
 2.2726E+25  7.6133E-06  9.9999E-01  7.2259E+03  8.1828E-05  5.8138E-12  3.3856E-13  2.2273E-03
 2.2819E+25  7.7382E-06  9.9999E-01  7.2227E+03  8.1828E-05  5.7178E-12  3.3868E-13  2.1839E-03
 2.2911E+25  7.7412E-06  9.9999E-01  7.2195E+03  8.1828E-05  5.7211E-12  3.3880E-13  2.1412E-03
 2.3004E+25  7.8744E-06  9.9999E-01  7.2165E+03  8.1828E-05  5.6222E-12  3.3891E-13  2.0996E-03
 2.3096E+25  7.8681E-06  9.9999E-01  7.2135E+03  8.1828E-05  5.6321E-12  3.3903E-13  2.0594E-03
 2.3189E+25  8.0139E-06  9.9999E-01  7.2105E+03  8.1828E-05  5.5274E-12  3.3914E-13  2.0199E-03
 2.3281E+25  7.9941E-06  9.9999E-01  7.2076E+03  8.1828E-05  5.5465E-12  3.3926E-13  1.9813E-03
 2.3374E+25  8.1552E-06  9.9999E-01  7.2048E+03  8.1828E-05  5.4365E-12  3.3936E-13  1.9440E-03
 2.3467E+25  8.1208E-06  9.9999E-01  7.2021E+03  8.1828E-05  5.4610E-12  3.3947E-13  1.9075E-03
 2.3559E+25  8.2836E-06  9.9999E-01  7.1994E+03  8.1828E-05  5.3569E-12  3.3957E-13  1.8716E-03
 2.3652E+25  8.2631E-06  9.9999E-01  7.1967E+03  8.1828E-05  5.3679E-12  3.3967E-13  1.8368E-03
 2.3744E+25  8.4082E-06  9.9999E-01  7.1942E+03  8.1828E-05  5.2802E-12  3.3977E-13  1.8031E-03
 2.3837E+25  8.4120E-06  9.9999E-01  7.1916E+03  8.1828E-05  5.2753E-12  3.3987E-13  1.7698E-03
 2.3929E+25  8.5315E-06  9.9999E-01  7.1891E+03  8.1828E-05  5.2064E-12  3.3996E-13  1.7373E-03
 2.4022E+25  8.5653E-06  9.9999E-01  7.1867E+03  8.1828E-05  5.1833E-12  3.4006E-13  1.7060E-03
 2.4115E+25  8.6535E-06  9.9999E-01  7.1843E+03  8.1828E-05  5.1353E-12  3.4015E-13  1.6752E-03
 2.4207E+25  8.7231E-06  9.9999E-01  7.1820E+03  8.1828E-05  5.0918E-12  3.4024E-13  1.6449E-03
 2.4300E+25  8.7743E-06  9.9999E-01  7.1797E+03  8.1828E-05  5.0669E-12  3.4032E-13  1.6155E-03
 2.4392E+25  8.8856E-06  9.9999E-01  7.1775E+03  8.1828E-05  5.0009E-12  3.4041E-13  1.5869E-03
 2.4485E+25  8.8936E-06  9.9999E-01  7.1753E+03  8.1828E-05  5.0010E-12  3.4049E-13  1.5588E-03
 2.4577E+25  9.0530E-06  9.9999E-01  7.1732E+03  8.1828E-05  4.9104E-12  3.4058E-13  1.5312E-03
 2.4670E+25  9.0116E-06  9.9999E-01  7.1711E+03  8.1828E-05  4.9376E-12  3.4066E-13  1.5046E-03
 2.4763E+25  9.1831E-06  9.9999E-01  7.1690E+03  8.1828E-05  4.8463E-12  3.4073E-13  1.4785E-03
 2.4855E+25  9.1707E-06  9.9999E-01  7.1670E+03  8.1828E-05  4.8502E-12  3.4081E-13  1.4528E-03
 2.4948E+25  9.3005E-06  9.9999E-01  7.1650E+03  8.1828E-05  4.7869E-12  3.4089E-13  1.4276E-03
 2.5040E+25  9.3466E-06  9.9999E-01  7.1631E+03  8.1828E-05  4.7607E-12  3.4096E-13  1.4034E-03
 2.5133E+25  9.4165E-06  9.9999E-01  7.1612E+03  8.1828E-05  4.7297E-12  3.4104E-13  1.3795E-03
 2.5225E+25  9.5282E-06  9.9999E-01  7.1593E+03  8.1828E-05  4.6716E-12  3.4111E-13  1.3560E-03
 2.5318E+25  9.5312E-06  9.9999E-01  7.1575E+03  8.1828E-05  4.6744E-12  3.4118E-13  1.3330E-03
 2.5411E+25  9.7052E-06  9.9999E-01  7.1557E+03  8.1828E-05  4.5909E-12  3.4125E-13  1.3109E-03
 2.5503E+25  9.6548E-06  9.9999E-01  7.1539E+03  8.1828E-05  4.6133E-12  3.4132E-13  1.2890E-03
 2.5596E+25  9.8197E-06  9.9999E-01  7.1522E+03  8.1828E-05  4.5394E-12  3.4138E-13  1.2674E-03
 2.5688E+25  9.8449E-06  9.9999E-01  7.1505E+03  8.1828E-05  4.5251E-12  3.4145E-13  1.2464E-03
 2.5781E+25  9.9320E-06  9.9999E-01  7.1488E+03  8.1828E-05  4.4895E-12  3.4151E-13  1.2261E-03
 2.5873E+25  1.0043E-05  9.9999E-01  7.1472E+03  8.1828E-05  4.4374E-12  3.4158E-13  1.2061E-03
 2.5966E+25  1.0043E-05  9.9999E-01  7.1456E+03  8.1828E-05  4.4414E-12  3.4164E-13  1.1863E-03
 2.6059E+25  1.0221E-05  9.9999E-01  7.1440E+03  8.1828E-05  4.3644E-12  3.4170E-13  1.1670E-03
 2.6151E+25  1.0178E-05  9.9999E-01  7.1425E+03  8.1828E-05  4.3804E-12  3.4176E-13  1.1484E-03
 2.6244E+25  1.0331E-05  9.9999E-01  7.1409E+03  8.1828E-05  4.3195E-12  3.4182E-13  1.1300E-03
 2.6336E+25  1.0387E-05  9.9999E-01  7.1394E+03  8.1828E-05  4.2934E-12  3.4188E-13  1.1118E-03
 2.6429E+25  1.0439E-05  9.9999E-01  7.1380E+03  8.1828E-05  4.2760E-12  3.4193E-13  1.0940E-03
 2.6521E+25  1.0603E-05  9.9999E-01  7.1366E+03  8.1828E-05  4.2070E-12  3.4199E-13  1.0769E-03
 2.6614E+25  1.0545E-05  9.9999E-01  7.1352E+03  8.1828E-05  4.2339E-12  3.4204E-13  1.0600E-03
 2.6707E+25  1.0727E-05  9.9999E-01  7.1338E+03  8.1828E-05  4.1627E-12  3.4210E-13  1.0433E-03
 2.6799E+25  1.0751E-05  9.9999E-01  7.1324E+03  8.1828E-05  4.1509E-12  3.4215E-13  1.0269E-03
 2.6892E+25  1.0832E-05  9.9999E-01  7.1311E+03  8.1828E-05  4.1235E-12  3.4220E-13  1.0110E-03
 2.6984E+25  1.0980E-05  9.9999E-01  7.1298E+03  8.1828E-05  4.0652E-12  3.4225E-13  9.9554E-04
 2.7077E+25  1.0936E-05  9.9999E-01  7.1285E+03  8.1828E-05  4.0854E-12  3.4230E-13  9.8018E-04
 2.7169E+25  1.1121E-05  9.9999E-01  7.1272E+03  8.1828E-05  4.0179E-12  3.4235E-13  9.6504E-04
 2.7262E+25  1.1135E-05  9.9999E-01  7.1259E+03  8.1828E-05  4.0101E-12  3.4240E-13  9.5031E-04
 2.7355E+25  1.1223E-05  9.9999E-01  7.1247E+03  8.1828E-05  3.9825E-12  3.4245E-13  9.3605E-04
 2.7447E+25  1.1380E-05  9.9999E-01  7.1235E+03  8.1828E-05  3.9249E-12  3.4249E-13  9.2194E-04
 2.7540E+25  1.1323E-05  9.9999E-01  7.1223E+03  8.1828E-05  3.9480E-12  3.4254E-13  9.0798E-04
 2.7632E+25  1.1511E-05  9.9999E-01  7.1212E+03  8.1828E-05  3.8841E-12  3.4258E-13  8.9430E-04
 2.7725E+25  1.1544E-05  9.9999E-01  7.1200E+03  8.1828E-05  3.8703E-12  3.4263E-13  8.8104E-04
 2.7817E+25  1.1609E-05  9.9999E-01  7.1189E+03  8.1828E-05  3.8519E-12  3.4267E-13  8.6808E-04
 2.7910E+25  1.1798E-05  9.9999E-01  7.1178E+03  8.1828E-05  3.7898E-12  3.4271E-13  8.5524E-04
 2.8003E+25  1.1712E-05  9.9999E-01  7.1167E+03  8.1828E-05  3.8168E-12  3.4276E-13  8.4253E-04
 2.8095E+25  1.1897E-05  9.9999E-01  7.1157E+03  8.1828E-05  3.7601E-12  3.4280E-13  8.3016E-04
 2.8188E+25  1.1979E-05  9.9999E-01  7.1146E+03  8.1828E-05  3.7316E-12  3.4284E-13  8.1817E-04
 2.8280E+25  1.1992E-05  9.9999E-01  7.1136E+03  8.1828E-05  3.7310E-12  3.4288E-13  8.0637E-04
 2.8373E+25  1.2186E-05  9.9999E-01  7.1126E+03  8.1828E-05  3.6720E-12  3.4292E-13  7.9466E-04
 2.8465E+25  1.2156E-05  9.9999E-01  7.1116E+03  8.1828E-05  3.6784E-12  3.4296E-13  7.8311E-04
 2.8558E+25  1.2278E-05  9.9999E-01  7.1106E+03  8.1828E-05  3.6450E-12  3.4300E-13  7.7188E-04
 2.8651E+25  1.2443E-05  9.9999E-01  7.1096E+03  8.1828E-05  3.5941E-12  3.4303E-13  7.6099E-04
 2.8743E+25  1.2370E-05  9.9999E-01  7.1087E+03  8.1828E-05  3.6186E-12  3.4307E-13  7.5021E-04
 2.8836E+25  1.2566E-05  9.9999E-01  7.1078E+03  8.1828E-05  3.5627E-12  3.4311E-13  7.3954E-04
 2.8928E+25  1.2633E-05  9.9999E-01  7.1068E+03  8.1828E-05  3.5409E-12  3.4314E-13  7.2901E-04
 2.9021E+25  1.2655E-05  9.9999E-01  7.1059E+03  8.1828E-05  3.5380E-12  3.4318E-13  7.1879E-04
 2.9113E+25  1.2854E-05  9.9999E-01  7.1050E+03  8.1828E-05  3.4836E-12  3.4321E-13  7.0885E-04
 2.9206E+25  1.2828E-05  9.9999E-01  7.1042E+03  8.1828E-05  3.4880E-12  3.4325E-13  6.9903E-04
 2.9299E+25  1.2941E-05  9.9999E-01  7.1033E+03  8.1828E-05  3.4609E-12  3.4328E-13  6.8928E-04
 2.9391E+25  1.3139E-05  9.9999E-01  7.1024E+03  8.1828E-05  3.4078E-12  3.4331E-13  6.7967E-04
 2.9484E+25  1.3032E-05  9.9999E-01  7.1016E+03  8.1828E-05  3.4352E-12  3.4335E-13  6.7032E-04
 2.9576E+25  1.3227E-05  9.9999E-01  7.1008E+03  8.1828E-05  3.3869E-12  3.4338E-13  6.6124E-04
 2.9669E+25  1.3355E-05  9.9999E-01  7.1000E+03  8.1828E-05  3.3517E-12  3.4341E-13  6.5228E-04
 2.9761E+25  1.3311E-05  9.9999E-01  7.0992E+03  8.1828E-05  3.3660E-12  3.4344E-13  6.4338E-04
 2.9854E+25  1.3513E-05  9.9999E-01  7.0984E+03  8.1828E-05  3.3158E-12  3.4347E-13  6.3458E-04
 2.9947E+25  1.3571E-05  9.9999E-01  7.0976E+03  8.1828E-05  3.2991E-12  3.4350E-13  6.2600E-04
 3.0039E+25  1.3595E-05  9.9999E-01  7.0969E+03  8.1828E-05  3.2964E-12  3.4353E-13  6.1767E-04
 3.0132E+25  1.3800E-05  9.9999E-01  7.0961E+03  8.1828E-05  3.2476E-12  3.4356E-13  6.0949E-04
 3.0224E+25  1.3794E-05  9.9999E-01  7.0954E+03  8.1828E-05  3.2465E-12  3.4359E-13  6.0136E-04
 3.0317E+25  1.3878E-05  9.9999E-01  7.0947E+03  8.1828E-05  3.2297E-12  3.4362E-13  5.9330E-04
 3.0409E+25  1.4087E-05  9.9999E-01  7.0939E+03  8.1828E-05  3.1821E-12  3.4365E-13  5.8540E-04
 3.0502E+25  1.4023E-05  9.9999E-01  7.0932E+03  8.1828E-05  3.1940E-12  3.4367E-13  5.7773E-04
 3.0594E+25  1.4162E-05  9.9999E-01  7.0926E+03  8.1828E-05  3.1656E-12  3.4370E-13  5.7025E-04
 3.0687E+25  1.4373E-05  9.9999E-01  7.0919E+03  8.1828E-05  3.1193E-12  3.4373E-13  5.6282E-04
 3.0780E+25  1.4261E-05  9.9999E-01  7.0912E+03  8.1828E-05  3.1416E-12  3.4375E-13  5.5545E-04
 3.0872E+25  1.4446E-05  9.9999E-01  7.0905E+03  8.1828E-05  3.1040E-12  3.4378E-13  5.4816E-04
 3.0965E+25  1.4644E-05  9.9999E-01  7.0899E+03  8.1828E-05  3.0595E-12  3.4381E-13  5.4108E-04
 3.1057E+25  1.4520E-05  9.9999E-01  7.0892E+03  8.1828E-05  3.0886E-12  3.4383E-13  5.3418E-04
 3.1150E+25  1.4730E-05  9.9999E-01  7.0886E+03  8.1828E-05  3.0447E-12  3.4386E-13  5.2740E-04
 3.1242E+25  1.4902E-05  9.9999E-01  7.0880E+03  8.1828E-05  3.0072E-12  3.4388E-13  5.2066E-04
 3.1335E+25  1.4802E-05  9.9999E-01  7.0873E+03  8.1828E-05  3.0304E-12  3.4390E-13  5.1397E-04
 3.1428E+25  1.5014E-05  9.9998E-01  7.0867E+03  8.1828E-05  2.9878E-12  3.4393E-13  5.0739E-04
 3.1520E+25  1.5168E-05  9.9998E-01  7.0861E+03  8.1828E-05  2.9550E-12  3.4395E-13  5.0101E-04
 3.1613E+25  1.5083E-05  9.9998E-01  7.0856E+03  8.1828E-05  2.9744E-12  3.4397E-13  4.9478E-04
 3.1705E+25  1.5297E-05  9.9998E-01  7.0850E+03  8.1828E-05  2.9330E-12  3.4400E-13  4.8862E-04
 3.1798E+25  1.5443E-05  9.9998E-01  7.0844E+03  8.1828E-05  2.9028E-12  3.4402E-13  4.8249E-04
 3.1890E+25  1.5363E-05  9.9998E-01  7.0838E+03  8.1828E-05  2.9206E-12  3.4404E-13  4.7642E-04
 3.1983E+25  1.5579E-05  9.9998E-01  7.0833E+03  8.1828E-05  2.8803E-12  3.4406E-13  4.7047E-04
 3.2076E+25  1.5728E-05  9.9998E-01  7.0827E+03  8.1828E-05  2.8506E-12  3.4409E-13  4.6468E-04
 3.2168E+25  1.5643E-05  9.9998E-01  7.0822E+03  8.1828E-05  2.8688E-12  3.4411E-13  4.5904E-04
 3.2261E+25  1.5861E-05  9.9998E-01  7.0817E+03  8.1828E-05  2.8295E-12  3.4413E-13  4.5344E-04
 3.2353E+25  1.6023E-05  9.9998E-01  7.0811E+03  8.1828E-05  2.7985E-12  3.4415E-13  4.4787E-04
 3.2446E+25  1.5923E-05  9.9998E-01  7.0806E+03  8.1828E-05  2.8188E-12  3.4417E-13  4.4235E-04
 3.2538E+25  1.6142E-05  9.9998E-01  7.0801E+03  8.1828E-05  2.7807E-12  3.4419E-13  4.3694E-04
 3.2631E+25  1.6329E-05  9.9998E-01  7.0796E+03  8.1828E-05  2.7465E-12  3.4421E-13  4.3168E-04
 3.2724E+25  1.6202E-05  9.9998E-01  7.0791E+03  8.1828E-05  2.7707E-12  3.4423E-13  4.2655E-04
 3.2816E+25  1.6423E-05  9.9998E-01  7.0786E+03  8.1828E-05  2.7336E-12  3.4425E-13  4.2146E-04
 3.2909E+25  1.6641E-05  9.9998E-01  7.0781E+03  8.1828E-05  2.6967E-12  3.4427E-13  4.1639E-04
 3.3001E+25  1.6485E-05  9.9998E-01  7.0776E+03  8.1828E-05  2.7220E-12  3.4429E-13  4.1137E-04
 3.3094E+25  1.6703E-05  9.9998E-01  7.0772E+03  8.1828E-05  2.6882E-12  3.4430E-13  4.0644E-04
 3.3186E+25  1.6929E-05  9.9998E-01  7.0767E+03  8.1828E-05  2.6522E-12  3.4432E-13  4.0164E-04
 3.3279E+25  1.6804E-05  9.9998E-01  7.0762E+03  8.1828E-05  2.6698E-12  3.4434E-13  3.9696E-04
 3.3372E+25  1.6981E-05  9.9998E-01  7.0758E+03  8.1828E-05  2.6444E-12  3.4436E-13  3.9233E-04
 3.3464E+25  1.7211E-05  9.9998E-01  7.0753E+03  8.1828E-05  2.6093E-12  3.4438E-13  3.8772E-04
 3.3557E+25  1.7141E-05  9.9998E-01  7.0749E+03  8.1828E-05  2.6176E-12  3.4439E-13  3.8315E-04
 3.3649E+25  1.7259E-05  9.9998E-01  7.0745E+03  8.1828E-05  2.6022E-12  3.4441E-13  3.7863E-04
 3.3742E+25  1.7490E-05  9.9998E-01  7.0740E+03  8.1828E-05  2.5679E-12  3.4443E-13  3.7424E-04
 3.3834E+25  1.7491E-05  9.9998E-01  7.0736E+03  8.1828E-05  2.5655E-12  3.4444E-13  3.6995E-04
 3.3927E+25  1.7537E-05  9.9998E-01  7.0732E+03  8.1828E-05  2.5613E-12  3.4446E-13  3.6574E-04
 3.4020E+25  1.7769E-05  9.9998E-01  7.0728E+03  8.1828E-05  2.5280E-12  3.4448E-13  3.6155E-04
 3.4112E+25  1.7855E-05  9.9998E-01  7.0724E+03  8.1828E-05  2.5135E-12  3.4449E-13  3.5738E-04
 3.4205E+25  1.7813E-05  9.9998E-01  7.0720E+03  8.1828E-05  2.5218E-12  3.4451E-13  3.5325E-04
 3.4297E+25  1.8045E-05  9.9998E-01  7.0716E+03  8.1828E-05  2.4895E-12  3.4452E-13  3.4921E-04
 3.4390E+25  1.8233E-05  9.9998E-01  7.0712E+03  8.1828E-05  2.4616E-12  3.4454E-13  3.4526E-04
 3.4482E+25  1.8089E-05  9.9998E-01  7.0708E+03  8.1828E-05  2.4836E-12  3.4456E-13  3.4142E-04
 3.4575E+25  1.8321E-05  9.9998E-01  7.0704E+03  8.1828E-05  2.4523E-12  3.4457E-13  3.3761E-04
 3.4668E+25  1.8558E-05  9.9998E-01  7.0700E+03  8.1828E-05  2.4210E-12  3.4459E-13  3.3380E-04
 3.4760E+25  1.8431E-05  9.9998E-01  7.0697E+03  8.1828E-05  2.4356E-12  3.4460E-13  3.3004E-04
 3.4853E+25  1.8596E-05  9.9998E-01  7.0693E+03  8.1828E-05  2.4162E-12  3.4461E-13  3.2631E-04
 3.4945E+25  1.8836E-05  9.9998E-01  7.0689E+03  8.1828E-05  2.3856E-12  3.4463E-13  3.2267E-04
 3.5038E+25  1.8834E-05  9.9998E-01  7.0686E+03  8.1828E-05  2.3837E-12  3.4464E-13  3.1911E-04
 3.5130E+25  1.8871E-05  9.9998E-01  7.0682E+03  8.1828E-05  2.3813E-12  3.4466E-13  3.1564E-04
 3.5223E+25  1.9111E-05  9.9998E-01  7.0679E+03  8.1828E-05  2.3515E-12  3.4467E-13  3.1219E-04
 3.5316E+25  1.9254E-05  9.9998E-01  7.0675E+03  8.1828E-05  2.3319E-12  3.4468E-13  3.0875E-04
 3.5408E+25  1.9146E-05  9.9998E-01  7.0672E+03  8.1828E-05  2.3474E-12  3.4470E-13  3.0534E-04
 3.5501E+25  1.9384E-05  9.9998E-01  7.0669E+03  8.1828E-05  2.3186E-12  3.4471E-13  3.0197E-04
 3.5593E+25  1.9628E-05  9.9998E-01  7.0665E+03  8.1828E-05  2.2899E-12  3.4472E-13  2.9868E-04
 3.5686E+25  1.9481E-05  9.9998E-01  7.0662E+03  8.1828E-05  2.3051E-12  3.4474E-13  2.9546E-04
 3.5778E+25  1.9657E-05  9.9998E-01  7.0659E+03  8.1828E-05  2.2866E-12  3.4475E-13  2.9232E-04
 3.5871E+25  1.9903E-05  9.9998E-01  7.0656E+03  8.1828E-05  2.2584E-12  3.4476E-13  2.8919E-04
 3.5964E+25  1.9930E-05  9.9998E-01  7.0652E+03  8.1828E-05  2.2533E-12  3.4477E-13  2.8607E-04
 3.6056E+25  1.9930E-05  9.9998E-01  7.0649E+03  8.1828E-05  2.2554E-12  3.4479E-13  2.8298E-04
 3.6149E+25  2.0175E-05  9.9998E-01  7.0646E+03  8.1828E-05  2.2282E-12  3.4480E-13  2.7992E-04
 3.6241E+25  2.0397E-05  9.9998E-01  7.0643E+03  8.1828E-05  2.2019E-12  3.4481E-13  2.7694E-04
 3.6334E+25  2.0202E-05  9.9998E-01  7.0640E+03  8.1828E-05  2.2253E-12  3.4482E-13  2.7401E-04
 3.6426E+25  2.0446E-05  9.9998E-01  7.0637E+03  8.1828E-05  2.1989E-12  3.4483E-13  2.7116E-04
 3.6519E+25  2.0697E-05  9.9998E-01  7.0634E+03  8.1828E-05  2.1723E-12  3.4485E-13  2.6832E-04
 3.6612E+25  2.0658E-05  9.9998E-01  7.0631E+03  8.1828E-05  2.1743E-12  3.4486E-13  2.6550E-04
 3.6704E+25  2.0718E-05  9.9998E-01  7.0628E+03  8.1828E-05  2.1702E-12  3.4487E-13  2.6269E-04
 3.6797E+25  2.0967E-05  9.9998E-01  7.0626E+03  8.1828E-05  2.1445E-12  3.4488E-13  2.5991E-04
 3.6889E+25  2.1159E-05  9.9998E-01  7.0623E+03  8.1828E-05  2.1230E-12  3.4489E-13  2.5719E-04
 3.6982E+25  2.0988E-05  9.9998E-01  7.0620E+03  8.1828E-05  2.1424E-12  3.4490E-13  2.5452E-04
 3.7074E+25  2.1237E-05  9.9998E-01  7.0617E+03  8.1828E-05  2.1174E-12  3.4491E-13  2.5192E-04
 3.7167E+25  2.1492E-05  9.9998E-01  7.0615E+03  8.1828E-05  2.0923E-12  3.4492E-13  2.4936E-04
 3.7260E+25  2.1445E-05  9.9998E-01  7.0612E+03  8.1828E-05  2.0949E-12  3.4493E-13  2.4679E-04
 3.7352E+25  2.1507E-05  9.9998E-01  7.0609E+03  8.1828E-05  2.0909E-12  3.4494E-13  2.4424E-04
 3.7445E+25  2.1760E-05  9.9998E-01  7.0607E+03  8.1828E-05  2.0667E-12  3.4495E-13  2.4171E-04
 3.7537E+25  2.1982E-05  9.9998E-01  7.0604E+03  8.1828E-05  2.0438E-12  3.4497E-13  2.3922E-04
 3.7630E+25  2.1776E-05  9.9998E-01  7.0601E+03  8.1828E-05  2.0652E-12  3.4498E-13  2.3678E-04
 3.7722E+25  2.2028E-05  9.9998E-01  7.0599E+03  8.1828E-05  2.0417E-12  3.4498E-13  2.3440E-04
 3.7815E+25  2.2288E-05  9.9998E-01  7.0596E+03  8.1828E-05  2.0179E-12  3.4499E-13  2.3207E-04
 3.7908E+25  2.2296E-05  9.9998E-01  7.0594E+03  8.1828E-05  2.0153E-12  3.4500E-13  2.2975E-04
 3.8000E+25  2.2298E-05  9.9998E-01  7.0592E+03  8.1828E-05  2.0171E-12  3.4501E-13  2.2743E-04
 3.8093E+25  2.2554E-05  9.9998E-01  7.0589E+03  8.1828E-05  1.9943E-12  3.4502E-13  2.2513E-04
 3.8185E+25  2.2816E-05  9.9998E-01  7.0587E+03  8.1828E-05  1.9713E-12  3.4503E-13  2.2285E-04
 3.8278E+25  2.2622E-05  9.9998E-01  7.0584E+03  8.1828E-05  1.9865E-12  3.4504E-13  2.2061E-04
 3.8370E+25  2.2822E-05  9.9998E-01  7.0582E+03  8.1828E-05  1.9710E-12  3.4505E-13  2.1842E-04
 3.8463E+25  2.3084E-05  9.9998E-01  7.0580E+03  8.1828E-05  1.9487E-12  3.4506E-13  2.1628E-04
 3.8556E+25  2.3217E-05  9.9998E-01  7.0577E+03  8.1828E-05  1.9356E-12  3.4507E-13  2.1418E-04
 3.8648E+25  2.3090E-05  9.9998E-01  7.0575E+03  8.1828E-05  1.9482E-12  3.4508E-13  2.1207E-04
 3.8741E+25  2.3349E-05  9.9998E-01  7.0573E+03  8.1828E-05  1.9267E-12  3.4509E-13  2.0998E-04
 3.8833E+25  2.3617E-05  9.9998E-01  7.0571E+03  8.1828E-05  1.9049E-12  3.4510E-13  2.0790E-04
 3.8926E+25  2.3573E-05  9.9998E-01  7.0569E+03  8.1828E-05  1.9065E-12  3.4510E-13  2.0584E-04
 3.9018E+25  2.3616E-05  9.9998E-01  7.0566E+03  8.1828E-05  1.9050E-12  3.4511E-13  2.0383E-04
 3.9111E+25  2.3880E-05  9.9998E-01  7.0564E+03  8.1828E-05  1.8840E-12  3.4512E-13  2.0184E-04
 3.9204E+25  2.4150E-05  9.9998E-01  7.0562E+03  8.1828E-05  1.8629E-12  3.4513E-13  1.9991E-04
 3.9296E+25  2.3945E-05  9.9998E-01  7.0560E+03  8.1828E-05  1.8771E-12  3.4514E-13  1.9801E-04
 3.9389E+25  2.4146E-05  9.9998E-01  7.0558E+03  8.1828E-05  1.8633E-12  3.4515E-13  1.9611E-04
 3.9481E+25  2.4414E-05  9.9998E-01  7.0556E+03  8.1828E-05  1.8430E-12  3.4515E-13  1.9422E-04
 3.9574E+25  2.4606E-05  9.9998E-01  7.0554E+03  8.1828E-05  1.8267E-12  3.4516E-13  1.9234E-04
 3.9666E+25  2.4411E-05  9.9998E-01  7.0552E+03  8.1828E-05  1.8432E-12  3.4517E-13  1.9048E-04
 3.9759E+25  2.4678E-05  9.9998E-01  7.0550E+03  8.1828E-05  1.8233E-12  3.4518E-13  1.8865E-04
 3.9852E+25  2.4951E-05  9.9998E-01  7.0548E+03  8.1828E-05  1.8034E-12  3.4519E-13  1.8685E-04
 3.9944E+25  2.5014E-05  9.9997E-01  7.0546E+03  8.1828E-05  1.7971E-12  3.4519E-13  1.8510E-04
 4.0037E+25  2.4944E-05  9.9998E-01  7.0544E+03  8.1828E-05  1.8040E-12  3.4520E-13  1.8338E-04
 4.0129E+25  2.5213E-05  9.9997E-01  7.0542E+03  8.1828E-05  1.7848E-12  3.4521E-13  1.8166E-04
 4.0222E+25  2.5490E-05  9.9997E-01  7.0540E+03  8.1828E-05  1.7654E-12  3.4522E-13  1.7995E-04
 4.0314E+25  2.5438E-05  9.9997E-01  7.0539E+03  8.1828E-05  1.7672E-12  3.4522E-13  1.7825E-04
 4.0407E+25  2.5478E-05  9.9997E-01  7.0537E+03  8.1828E-05  1.7662E-12  3.4523E-13  1.7656E-04
 4.0500E+25  2.5750E-05  9.9997E-01  7.0535E+03  8.1828E-05  1.7476E-12  3.4524E-13  1.7490E-04
 4.0592E+25  2.6031E-05  9.9997E-01  7.0533E+03  8.1828E-05  1.7288E-12  3.4524E-13  1.7327E-04
 4.0685E+25  2.5880E-05  9.9997E-01  7.0531E+03  8.1828E-05  1.7372E-12  3.4525E-13  1.7166E-04
 4.0777E+25  2.6015E-05  9.9997E-01  7.0530E+03  8.1828E-05  1.7299E-12  3.4526E-13  1.7010E-04
 4.0870E+25  2.6291E-05  9.9997E-01  7.0528E+03  8.1828E-05  1.7118E-12  3.4527E-13  1.6855E-04
 4.0962E+25  2.6574E-05  9.9997E-01  7.0526E+03  8.1828E-05  1.6936E-12  3.4527E-13  1.6701E-04
 4.1055E+25  2.6341E-05  9.9997E-01  7.0525E+03  8.1828E-05  1.7069E-12  3.4528E-13  1.6547E-04
 4.1148E+25  2.6555E-05  9.9997E-01  7.0523E+03  8.1828E-05  1.6949E-12  3.4529E-13  1.6393E-04
 4.1240E+25  2.6833E-05  9.9997E-01  7.0521E+03  8.1828E-05  1.6773E-12  3.4529E-13  1.6241E-04
 4.1333E+25  2.7110E-05  9.9997E-01  7.0519E+03  8.1828E-05  1.6596E-12  3.4530E-13  1.6093E-04
 4.1425E+25  2.6829E-05  9.9997E-01  7.0518E+03  8.1828E-05  1.6765E-12  3.4531E-13  1.5946E-04
 4.1518E+25  2.7097E-05  9.9997E-01  7.0516E+03  8.1828E-05  1.6611E-12  3.4531E-13  1.5803E-04
 4.1610E+25  2.7378E-05  9.9997E-01  7.0515E+03  8.1828E-05  1.6441E-12  3.4532E-13  1.5663E-04
 4.1703E+25  2.7628E-05  9.9997E-01  7.0513E+03  8.1828E-05  1.6275E-12  3.4532E-13  1.5523E-04
 4.1796E+25  2.7359E-05  9.9997E-01  7.0512E+03  8.1828E-05  1.6452E-12  3.4533E-13  1.5383E-04
 4.1888E+25  2.7641E-05  9.9997E-01  7.0510E+03  8.1828E-05  1.6285E-12  3.4534E-13  1.5244E-04
 4.1981E+25  2.7925E-05  9.9997E-01  7.0508E+03  8.1828E-05  1.6120E-12  3.4534E-13  1.5106E-04
 4.2073E+25  2.8155E-05  9.9997E-01  7.0507E+03  8.1828E-05  1.5972E-12  3.4535E-13  1.4969E-04
 4.2166E+25  2.7903E-05  9.9997E-01  7.0505E+03  8.1828E-05  1.6133E-12  3.4535E-13  1.4836E-04
 4.2258E+25  2.8188E-05  9.9997E-01  7.0504E+03  8.1828E-05  1.5970E-12  3.4536E-13  1.4703E-04
 4.2351E+25  2.8474E-05  9.9997E-01  7.0502E+03  8.1828E-05  1.5809E-12  3.4537E-13  1.4575E-04
 4.2443E+25  2.8702E-05  9.9997E-01  7.0501E+03  8.1828E-05  1.5668E-12  3.4537E-13  1.4449E-04
 4.2536E+25  2.8450E-05  9.9997E-01  7.0500E+03  8.1828E-05  1.5823E-12  3.4538E-13  1.4323E-04
 4.2629E+25  2.8737E-05  9.9997E-01  7.0498E+03  8.1828E-05  1.5665E-12  3.4538E-13  1.4197E-04
 4.2721E+25  2.9026E-05  9.9997E-01  7.0497E+03  8.1828E-05  1.5510E-12  3.4539E-13  1.4071E-04
 4.2814E+25  2.9273E-05  9.9997E-01  7.0495E+03  8.1828E-05  1.5364E-12  3.4540E-13  1.3947E-04
 4.2906E+25  2.8999E-05  9.9997E-01  7.0494E+03  8.1828E-05  1.5524E-12  3.4540E-13  1.3823E-04
 4.2999E+25  2.9289E-05  9.9997E-01  7.0492E+03  8.1828E-05  1.5371E-12  3.4541E-13  1.3702E-04
 4.3091E+25  2.9580E-05  9.9997E-01  7.0491E+03  8.1828E-05  1.5220E-12  3.4541E-13  1.3582E-04
 4.3184E+25  2.9862E-05  9.9997E-01  7.0490E+03  8.1828E-05  1.5068E-12  3.4542E-13  1.3466E-04
 4.3277E+25  2.9556E-05  9.9997E-01  7.0488E+03  8.1828E-05  1.5226E-12  3.4542E-13  1.3353E-04
 4.3369E+25  2.9843E-05  9.9997E-01  7.0487E+03  8.1828E-05  1.5087E-12  3.4543E-13  1.3239E-04
 4.3462E+25  3.0137E-05  9.9997E-01  7.0486E+03  8.1828E-05  1.4939E-12  3.4543E-13  1.3125E-04
 4.3554E+25  3.0435E-05  9.9997E-01  7.0484E+03  8.1828E-05  1.4792E-12  3.4544E-13  1.3012E-04
 4.3647E+25  3.0154E-05  9.9997E-01  7.0483E+03  8.1828E-05  1.4917E-12  3.4544E-13  1.2900E-04
 4.3739E+25  3.0398E-05  9.9997E-01  7.0482E+03  8.1828E-05  1.4812E-12  3.4545E-13  1.2788E-04
 4.3832E+25  3.0697E-05  9.9997E-01  7.0481E+03  8.1828E-05  1.4668E-12  3.4545E-13  1.2678E-04
 4.3925E+25  3.0998E-05  9.9997E-01  7.0479E+03  8.1828E-05  1.4526E-12  3.4546E-13  1.2570E-04
 4.4017E+25  3.0791E-05  9.9997E-01  7.0478E+03  8.1828E-05  1.4608E-12  3.4546E-13  1.2463E-04
 4.4110E+25  3.0957E-05  9.9997E-01  7.0477E+03  8.1828E-05  1.4545E-12  3.4547E-13  1.2360E-04
 4.4202E+25  3.1259E-05  9.9997E-01  7.0476E+03  8.1828E-05  1.4405E-12  3.4547E-13  1.2258E-04
 4.4295E+25  3.1561E-05  9.9997E-01  7.0474E+03  8.1828E-05  1.4267E-12  3.4548E-13  1.2155E-04
 4.4387E+25  3.1455E-05  9.9997E-01  7.0473E+03  8.1828E-05  1.4300E-12  3.4548E-13  1.2053E-04
 4.4480E+25  3.1519E-05  9.9997E-01  7.0472E+03  8.1828E-05  1.4286E-12  3.4549E-13  1.1952E-04
 4.4573E+25  3.1823E-05  9.9997E-01  7.0471E+03  8.1828E-05  1.4150E-12  3.4549E-13  1.1850E-04
 4.4665E+25  3.2127E-05  9.9997E-01  7.0470E+03  8.1828E-05  1.4016E-12  3.4550E-13  1.1750E-04
 4.4758E+25  3.2146E-05  9.9997E-01  7.0468E+03  8.1828E-05  1.3994E-12  3.4550E-13  1.1652E-04
 4.4850E+25  3.2085E-05  9.9997E-01  7.0467E+03  8.1828E-05  1.4035E-12  3.4551E-13  1.1554E-04
 4.4943E+25  3.2389E-05  9.9997E-01  7.0466E+03  8.1828E-05  1.3904E-12  3.4551E-13  1.1460E-04
 4.5035E+25  3.2697E-05  9.9997E-01  7.0465E+03  8.1828E-05  1.3773E-12  3.4551E-13  1.1368E-04
 4.5128E+25  3.2864E-05  9.9997E-01  7.0464E+03  8.1828E-05  1.3689E-12  3.4552E-13  1.1275E-04
 4.5221E+25  3.2654E-05  9.9997E-01  7.0463E+03  8.1828E-05  1.3791E-12  3.4552E-13  1.1183E-04
 4.5313E+25  3.2957E-05  9.9997E-01  7.0462E+03  8.1828E-05  1.3664E-12  3.4553E-13  1.1091E-04
 4.5406E+25  3.3269E-05  9.9997E-01  7.0461E+03  8.1828E-05  1.3536E-12  3.4553E-13  1.1000E-04
 4.5498E+25  3.3575E-05  9.9997E-01  7.0460E+03  8.1828E-05  1.3411E-12  3.4554E-13  1.0909E-04
 4.5591E+25  3.3259E-05  9.9997E-01  7.0459E+03  8.1828E-05  1.3529E-12  3.4554E-13  1.0819E-04
 4.5683E+25  3.3530E-05  9.9997E-01  7.0458E+03  8.1828E-05  1.3431E-12  3.4554E-13  1.0730E-04
 4.5776E+25  3.3844E-05  9.9997E-01  7.0456E+03  8.1828E-05  1.3307E-12  3.4555E-13  1.0642E-04
 4.5869E+25  3.4157E-05  9.9997E-01  7.0455E+03  8.1828E-05  1.3185E-12  3.4555E-13  1.0558E-04
 4.5961E+25  3.4025E-05  9.9997E-01  7.0454E+03  8.1828E-05  1.3222E-12  3.4556E-13  1.0475E-04
 4.6054E+25  3.4107E-05  9.9997E-01  7.0453E+03  8.1828E-05  1.3204E-12  3.4556E-13  1.0392E-04
 4.6146E+25  3.4419E-05  9.9997E-01  7.0452E+03  8.1828E-05  1.3085E-12  3.4556E-13  1.0308E-04
 4.6239E+25  3.4738E-05  9.9997E-01  7.0451E+03  8.1828E-05  1.2965E-12  3.4557E-13  1.0226E-04
 4.6331E+25  3.4828E-05  9.9997E-01  7.0450E+03  8.1828E-05  1.2918E-12  3.4557E-13  1.0143E-04
 4.6424E+25  3.4685E-05  9.9997E-01  7.0449E+03  8.1828E-05  1.2985E-12  3.4558E-13  1.0061E-04
 4.6517E+25  3.4999E-05  9.9997E-01  7.0448E+03  8.1828E-05  1.2869E-12  3.4558E-13  9.9800E-05
 4.6609E+25  3.5321E-05  9.9996E-01  7.0447E+03  8.1828E-05  1.2752E-12  3.4558E-13  9.9002E-05
 4.6702E+25  3.5633E-05  9.9996E-01  7.0446E+03  8.1828E-05  1.2637E-12  3.4559E-13  9.8209E-05
 4.6794E+25  3.5295E-05  9.9996E-01  7.0445E+03  8.1828E-05  1.2751E-12  3.4559E-13  9.7441E-05
 4.6887E+25  3.5585E-05  9.9996E-01  7.0445E+03  8.1828E-05  1.2657E-12  3.4560E-13  9.6693E-05
 4.6979E+25  3.5904E-05  9.9996E-01  7.0444E+03  8.1828E-05  1.2545E-12  3.4560E-13  9.5945E-05
 4.7072E+25  3.6231E-05  9.9996E-01  7.0443E+03  8.1828E-05  1.2432E-12  3.4560E-13  9.5196E-05
 4.7165E+25  3.6149E-05  9.9996E-01  7.0442E+03  8.1828E-05  1.2447E-12  3.4561E-13  9.4450E-05
 4.7257E+25  3.6171E-05  9.9996E-01  7.0441E+03  8.1828E-05  1.2453E-12  3.4561E-13  9.3708E-05
 4.7350E+25  3.6493E-05  9.9996E-01  7.0440E+03  8.1828E-05  1.2343E-12  3.4561E-13  9.2969E-05
 4.7442E+25  3.6822E-05  9.9996E-01  7.0439E+03  8.1828E-05  1.2233E-12  3.4562E-13  9.2234E-05
 4.7535E+25  3.7049E-05  9.9996E-01  7.0438E+03  8.1828E-05  1.2145E-12  3.4562E-13  9.1510E-05
 4.7627E+25  3.6757E-05  9.9996E-01  7.0437E+03  8.1828E-05  1.2255E-12  3.4562E-13  9.0795E-05
 4.7720E+25  3.7088E-05  9.9996E-01  7.0436E+03  8.1828E-05  1.2145E-12  3.4563E-13  9.0089E-05
 4.7813E+25  3.7412E-05  9.9996E-01  7.0436E+03  8.1828E-05  1.2040E-12  3.4563E-13  8.9411E-05
 4.7905E+25  3.7748E-05  9.9996E-01  7.0435E+03  8.1828E-05  1.1933E-12  3.4563E-13  8.8738E-05
 4.7998E+25  3.7584E-05  9.9996E-01  7.0434E+03  8.1828E-05  1.1973E-12  3.4564E-13  8.8065E-05
 4.8090E+25  3.7681E-05  9.9996E-01  7.0433E+03  8.1828E-05  1.1955E-12  3.4564E-13  8.7393E-05
 4.8183E+25  3.8013E-05  9.9996E-01  7.0432E+03  8.1828E-05  1.1850E-12  3.4564E-13  8.6724E-05
 4.8275E+25  3.8346E-05  9.9996E-01  7.0431E+03  8.1828E-05  1.1748E-12  3.4565E-13  8.6056E-05
 4.8368E+25  3.8552E-05  9.9996E-01  7.0430E+03  8.1828E-05  1.1672E-12  3.4565E-13  8.5392E-05
 4.8461E+25  3.8274E-05  9.9996E-01  7.0430E+03  8.1828E-05  1.1770E-12  3.4565E-13  8.4733E-05
 4.8553E+25  3.8615E-05  9.9996E-01  7.0429E+03  8.1828E-05  1.1666E-12  3.4566E-13  8.4085E-05
 4.8646E+25  3.8947E-05  9.9996E-01  7.0428E+03  8.1828E-05  1.1566E-12  3.4566E-13  8.3442E-05
 4.8738E+25  3.9289E-05  9.9996E-01  7.0427E+03  8.1828E-05  1.1466E-12  3.4566E-13  8.2813E-05
 4.8831E+25  3.9143E-05  9.9996E-01  7.0426E+03  8.1828E-05  1.1496E-12  3.4567E-13  8.2206E-05
 4.8923E+25  3.9215E-05  9.9996E-01  7.0426E+03  8.1828E-05  1.1488E-12  3.4567E-13  8.1602E-05
 4.9016E+25  3.9559E-05  9.9996E-01  7.0425E+03  8.1828E-05  1.1388E-12  3.4567E-13  8.0996E-05
 4.9109E+25  3.9893E-05  9.9996E-01  7.0424E+03  8.1828E-05  1.1293E-12  3.4568E-13  8.0392E-05
 4.9201E+25  4.0183E-05  9.9996E-01  7.0423E+03  8.1828E-05  1.1199E-12  3.4568E-13  7.9789E-05
 4.9294E+25  3.9819E-05  9.9996E-01  7.0423E+03  8.1828E-05  1.1314E-12  3.4568E-13  7.9190E-05
 4.9386E+25  4.0166E-05  9.9996E-01  7.0422E+03  8.1828E-05  1.1216E-12  3.4569E-13  7.8593E-05
 4.9479E+25  4.0511E-05  9.9996E-01  7.0421E+03  8.1828E-05  1.1121E-12  3.4569E-13  7.8001E-05
 4.9571E+25  4.0853E-05  9.9996E-01  7.0420E+03  8.1828E-05  1.1028E-12  3.4569E-13  7.7418E-05
 4.9664E+25  4.0836E-05  9.9996E-01  7.0419E+03  8.1828E-05  1.1020E-12  3.4570E-13  7.6838E-05
 4.9757E+25  4.0774E-05  9.9996E-01  7.0419E+03  8.1828E-05  1.1049E-12  3.4570E-13  7.6271E-05
 4.9849E+25  4.1127E-05  9.9996E-01  7.0418E+03  8.1828E-05  1.0955E-12  3.4570E-13  7.5725E-05
 4.9942E+25  4.1473E-05  9.9996E-01  7.0417E+03  8.1828E-05  1.0863E-12  3.4570E-13  7.5182E-05
 5.0034E+25  4.1822E-05  9.9996E-01  7.0417E+03  8.1828E-05  1.0772E-12  3.4571E-13  7.4638E-05
 5.0127E+25  4.1519E-05  9.9996E-01  7.0416E+03  8.1828E-05  1.0840E-12  3.4571E-13  7.4094E-05
 5.0219E+25  4.1741E-05  9.9996E-01  7.0415E+03  8.1828E-05  1.0794E-12  3.4571E-13  7.3553E-05
 5.0312E+25  4.2098E-05  9.9996E-01  7.0415E+03  8.1828E-05  1.0702E-12  3.4571E-13  7.3014E-05
 5.0405E+25  4.2447E-05  9.9996E-01  7.0414E+03  8.1828E-05  1.0614E-12  3.4572E-13  7.2477E-05
 5.0497E+25  4.2665E-05  9.9996E-01  7.0413E+03  8.1828E-05  1.0549E-12  3.4572E-13  7.1941E-05
 5.0590E+25  4.2368E-05  9.9996E-01  7.0412E+03  8.1828E-05  1.0634E-12  3.4572E-13  7.1415E-05
 5.0682E+25  4.2719E-05  9.9996E-01  7.0412E+03  8.1828E-05  1.0547E-12  3.4573E-13  7.0892E-05
 5.0775E+25  4.3081E-05  9.9996E-01  7.0411E+03  8.1828E-05  1.0459E-12  3.4573E-13  7.0376E-05
 5.0867E+25  4.3433E-05  9.9996E-01  7.0410E+03  8.1828E-05  1.0374E-12  3.4573E-13  6.9881E-05
 5.0960E+25  4.3416E-05  9.9996E-01  7.0410E+03  8.1828E-05  1.0366E-12  3.4573E-13  6.9392E-05
 5.1053E+25  4.3352E-05  9.9996E-01  7.0409E+03  8.1828E-05  1.0393E-12  3.4574E-13  6.8904E-05
 5.1145E+25  4.3708E-05  9.9996E-01  7.0408E+03  8.1828E-05  1.0309E-12  3.4574E-13  6.8416E-05
 5.1238E+25  4.4075E-05  9.9996E-01  7.0408E+03  8.1828E-05  1.0223E-12  3.4574E-13  6.7928E-05
 5.1330E+25  4.4429E-05  9.9996E-01  7.0407E+03  8.1828E-05  1.0141E-12  3.4574E-13  6.7443E-05
 5.1423E+25  4.4200E-05  9.9996E-01  7.0406E+03  8.1828E-05  1.0183E-12  3.4575E-13  6.6959E-05
 5.1515E+25  4.4347E-05  9.9996E-01  7.0406E+03  8.1828E-05  1.0160E-12  3.4575E-13  6.6477E-05
 5.1608E+25  4.4709E-05  9.9996E-01  7.0405E+03  8.1828E-05  1.0078E-12  3.4575E-13  6.5999E-05
 5.1701E+25  4.5080E-05  9.9995E-01  7.0405E+03  8.1828E-05  9.9955E-13  3.4575E-13  6.5528E-05
 5.1793E+25  4.5426E-05  9.9995E-01  7.0404E+03  8.1828E-05  9.9165E-13  3.4576E-13  6.5058E-05
 5.1886E+25  4.5030E-05  9.9995E-01  7.0403E+03  8.1828E-05  9.9983E-13  3.4576E-13  6.4599E-05
 5.1978E+25  4.5355E-05  9.9995E-01  7.0403E+03  8.1828E-05  9.9347E-13  3.4576E-13  6.4158E-05
 5.2071E+25  4.5721E-05  9.9995E-01  7.0402E+03  8.1828E-05  9.8557E-13  3.4576E-13  6.3719E-05
 5.2163E+25  4.6096E-05  9.9995E-01  7.0401E+03  8.1828E-05  9.7753E-13  3.4577E-13  6.3281E-05
 5.2256E+25  4.6318E-05  9.9995E-01  7.0401E+03  8.1828E-05  9.7176E-13  3.4577E-13  6.2842E-05
 5.2349E+25  4.6011E-05  9.9995E-01  7.0400E+03  8.1828E-05  9.7935E-13  3.4577E-13  6.2404E-05
 5.2441E+25  4.6375E-05  9.9995E-01  7.0400E+03  8.1828E-05  9.7165E-13  3.4577E-13  6.1969E-05
 5.2534E+25  4.6744E-05  9.9995E-01  7.0399E+03  8.1828E-05  9.6402E-13  3.4578E-13  6.1535E-05
 5.2626E+25  4.7125E-05  9.9995E-01  7.0398E+03  8.1828E-05  9.5623E-13  3.4578E-13  6.1102E-05
 5.2719E+25  4.7212E-05  9.9995E-01  7.0398E+03  8.1828E-05  9.5337E-13  3.4578E-13  6.0673E-05
 5.2811E+25  4.7039E-05  9.9995E-01  7.0397E+03  8.1828E-05  9.5798E-13  3.4578E-13  6.0249E-05
 5.2904E+25  4.7408E-05  9.9995E-01  7.0397E+03  8.1828E-05  9.5052E-13  3.4578E-13  5.9827E-05
 5.2997E+25  4.7780E-05  9.9995E-01  7.0396E+03  8.1828E-05  9.4315E-13  3.4579E-13  5.9415E-05
 5.3089E+25  4.8165E-05  9.9995E-01  7.0396E+03  8.1828E-05  9.3560E-13  3.4579E-13  5.9019E-05
 5.3182E+25  4.8145E-05  9.9995E-01  7.0395E+03  8.1828E-05  9.3493E-13  3.4579E-13  5.8625E-05
 5.3274E+25  4.8079E-05  9.9995E-01  7.0395E+03  8.1828E-05  9.3728E-13  3.4579E-13  5.8232E-05
 5.3367E+25  4.8453E-05  9.9995E-01  7.0394E+03  8.1828E-05  9.3003E-13  3.4580E-13  5.7837E-05
 5.3459E+25  4.8828E-05  9.9995E-01  7.0393E+03  8.1828E-05  9.2293E-13  3.4580E-13  5.7445E-05
 5.3552E+25  4.9218E-05  9.9995E-01  7.0393E+03  8.1828E-05  9.1561E-13  3.4580E-13  5.7053E-05
 5.3645E+25  4.9117E-05  9.9995E-01  7.0392E+03  8.1828E-05  9.1646E-13  3.4580E-13  5.6664E-05
 5.3737E+25  4.9132E-05  9.9995E-01  7.0392E+03  8.1828E-05  9.1723E-13  3.4580E-13  5.6274E-05
 5.3830E+25  4.9513E-05  9.9995E-01  7.0391E+03  8.1828E-05  9.1016E-13  3.4581E-13  5.5888E-05
 5.3922E+25  4.9889E-05  9.9995E-01  7.0391E+03  8.1828E-05  9.0332E-13  3.4581E-13  5.5507E-05
 5.4015E+25  5.0284E-05  9.9995E-01  7.0390E+03  8.1828E-05  8.9623E-13  3.4581E-13  5.5126E-05
 5.4107E+25  5.0128E-05  9.9995E-01  7.0390E+03  8.1828E-05  8.9798E-13  3.4581E-13  5.4751E-05
 5.4200E+25  5.0197E-05  9.9995E-01  7.0389E+03  8.1828E-05  8.9779E-13  3.4582E-13  5.4392E-05
 5.4292E+25  5.0585E-05  9.9995E-01  7.0389E+03  8.1828E-05  8.9089E-13  3.4582E-13  5.4038E-05
 5.4385E+25  5.0964E-05  9.9995E-01  7.0388E+03  8.1828E-05  8.8426E-13  3.4582E-13  5.3686E-05
 5.4478E+25  5.1362E-05  9.9995E-01  7.0387E+03  8.1828E-05  8.7743E-13  3.4582E-13  5.3332E-05
 5.4570E+25  5.1182E-05  9.9995E-01  7.0387E+03  8.1828E-05  8.7952E-13  3.4582E-13  5.2979E-05
 5.4663E+25  5.1275E-05  9.9995E-01  7.0387E+03  8.1828E-05  8.7894E-13  3.4583E-13  5.2628E-05
 5.4755E+25  5.1670E-05  9.9995E-01  7.0386E+03  8.1828E-05  8.7220E-13  3.4583E-13  5.2277E-05
 5.4848E+25  5.2056E-05  9.9995E-01  7.0386E+03  8.1828E-05  8.6572E-13  3.4583E-13  5.1927E-05
 5.4940E+25  5.2454E-05  9.9995E-01  7.0385E+03  8.1828E-05  8.5921E-13  3.4583E-13  5.1578E-05
 5.5033E+25  5.2276E-05  9.9995E-01  7.0384E+03  8.1828E-05  8.6116E-13  3.4583E-13  5.1234E-05
 5.5126E+25  5.2370E-05  9.9995E-01  7.0384E+03  8.1828E-05  8.6056E-13  3.4584E-13  5.0892E-05
 5.5218E+25  5.2770E-05  9.9995E-01  7.0384E+03  8.1828E-05  8.5406E-13  3.4584E-13  5.0550E-05
 5.5311E+25  5.3164E-05  9.9995E-01  7.0383E+03  8.1828E-05  8.4772E-13  3.4584E-13  5.0217E-05
 5.5403E+25  5.3557E-05  9.9995E-01  7.0383E+03  8.1828E-05  8.4151E-13  3.4584E-13  4.9898E-05
 5.5496E+25  5.3410E-05  9.9995E-01  7.0382E+03  8.1828E-05  8.4290E-13  3.4584E-13  4.9580E-05
 5.5588E+25  5.3483E-05  9.9995E-01  7.0382E+03  8.1828E-05  8.4266E-13  3.4585E-13  4.9265E-05
 5.5681E+25  5.3882E-05  9.9995E-01  7.0381E+03  8.1828E-05  8.3645E-13  3.4585E-13  4.8948E-05
 5.5774E+25  5.4284E-05  9.9995E-01  7.0381E+03  8.1828E-05  8.3025E-13  3.4585E-13  4.8631E-05
 5.5866E+25  5.4679E-05  9.9995E-01  7.0380E+03  8.1828E-05  8.2426E-13  3.4585E-13  4.8316E-05
 5.5959E+25  5.4587E-05  9.9995E-01  7.0380E+03  8.1828E-05  8.2475E-13  3.4585E-13  4.8002E-05
 5.6051E+25  5.4612E-05  9.9995E-01  7.0379E+03  8.1828E-05  8.2525E-13  3.4585E-13  4.7689E-05
 5.6144E+25  5.5007E-05  9.9994E-01  7.0379E+03  8.1828E-05  8.1937E-13  3.4586E-13  4.7376E-05
 5.6236E+25  5.5418E-05  9.9994E-01  7.0378E+03  8.1828E-05  8.1328E-13  3.4586E-13  4.7066E-05
 5.6329E+25  5.5820E-05  9.9994E-01  7.0378E+03  8.1828E-05  8.0742E-13  3.4586E-13  4.6758E-05
 5.6422E+25  5.5807E-05  9.9994E-01  7.0377E+03  8.1828E-05  8.0674E-13  3.4586E-13  4.6452E-05
 5.6514E+25  5.5755E-05  9.9994E-01  7.0377E+03  8.1828E-05  8.0839E-13  3.4586E-13  4.6153E-05
 5.6607E+25  5.6151E-05  9.9994E-01  7.0376E+03  8.1828E-05  8.0266E-13  3.4587E-13  4.5867E-05
 5.6699E+25  5.6567E-05  9.9994E-01  7.0376E+03  8.1828E-05  7.9679E-13  3.4587E-13  4.5581E-05
 5.6792E+25  5.6978E-05  9.9994E-01  7.0376E+03  8.1828E-05  7.9104E-13  3.4587E-13  4.5299E-05
 5.6884E+25  5.7072E-05  9.9994E-01  7.0375E+03  8.1828E-05  7.8886E-13  3.4587E-13  4.5015E-05
 5.6977E+25  5.6909E-05  9.9994E-01  7.0375E+03  8.1828E-05  7.9201E-13  3.4587E-13  4.4731E-05
 5.7070E+25  5.7318E-05  9.9994E-01  7.0374E+03  8.1828E-05  7.8634E-13  3.4587E-13  4.4448E-05
 5.7162E+25  5.7729E-05  9.9994E-01  7.0374E+03  8.1828E-05  7.8079E-13  3.4588E-13  4.4166E-05
 5.7255E+25  5.8149E-05  9.9994E-01  7.0373E+03  8.1828E-05  7.7512E-13  3.4588E-13  4.3885E-05
 5.7347E+25  5.8391E-05  9.9994E-01  7.0373E+03  8.1828E-05  7.7105E-13  3.4588E-13  4.3604E-05
 5.7440E+25  5.8078E-05  9.9994E-01  7.0373E+03  8.1828E-05  7.7609E-13  3.4588E-13  4.3325E-05
 5.7532E+25  5.8501E-05  9.9994E-01  7.0372E+03  8.1828E-05  7.7048E-13  3.4588E-13  4.3049E-05
 5.7625E+25  5.8907E-05  9.9994E-01  7.0372E+03  8.1828E-05  7.6516E-13  3.4588E-13  4.2774E-05
 5.7718E+25  5.9335E-05  9.9994E-01  7.0371E+03  8.1828E-05  7.5966E-13  3.4589E-13  4.2501E-05
 5.7810E+25  5.9733E-05  9.9994E-01  7.0371E+03  8.1828E-05  7.5429E-13  3.4589E-13  4.2240E-05
 5.7903E+25  5.9291E-05  9.9994E-01  7.0370E+03  8.1828E-05  7.5968E-13  3.4589E-13  4.1984E-05
 5.7995E+25  5.9693E-05  9.9994E-01  7.0370E+03  8.1828E-05  7.5512E-13  3.4589E-13  4.1730E-05
 5.8088E+25  6.0113E-05  9.9994E-01  7.0370E+03  8.1828E-05  7.4981E-13  3.4589E-13  4.1476E-05
 5.8180E+25  6.0534E-05  9.9994E-01  7.0369E+03  8.1828E-05  7.4463E-13  3.4589E-13  4.1222E-05
 5.8273E+25  6.0965E-05  9.9994E-01  7.0369E+03  8.1828E-05  7.3934E-13  3.4590E-13  4.0967E-05
 5.8366E+25  6.0683E-05  9.9994E-01  7.0368E+03  8.1828E-05  7.4197E-13  3.4590E-13  4.0714E-05
 5.8458E+25  6.0900E-05  9.9994E-01  7.0368E+03  8.1828E-05  7.4016E-13  3.4590E-13  4.0462E-05
 5.8551E+25  6.1335E-05  9.9994E-01  7.0368E+03  8.1828E-05  7.3492E-13  3.4590E-13  4.0210E-05
 5.8643E+25  6.1753E-05  9.9994E-01  7.0367E+03  8.1828E-05  7.2992E-13  3.4590E-13  3.9959E-05
 5.8736E+25  6.2191E-05  9.9994E-01  7.0367E+03  8.1828E-05  7.2480E-13  3.4590E-13  3.9709E-05
 5.8828E+25  6.2147E-05  9.9994E-01  7.0366E+03  8.1828E-05  7.2451E-13  3.4591E-13  3.9462E-05
 5.8921E+25  6.2129E-05  9.9994E-01  7.0366E+03  8.1828E-05  7.2552E-13  3.4591E-13  3.9215E-05
 5.9014E+25  6.2566E-05  9.9994E-01  7.0366E+03  8.1828E-05  7.2047E-13  3.4591E-13  3.8972E-05
 5.9106E+25  6.3002E-05  9.9994E-01  7.0365E+03  8.1828E-05  7.1546E-13  3.4591E-13  3.8740E-05
 5.9199E+25  6.3429E-05  9.9994E-01  7.0365E+03  8.1828E-05  7.1068E-13  3.4591E-13  3.8511E-05
 5.9291E+25  6.3658E-05  9.9994E-01  7.0364E+03  8.1828E-05  7.0733E-13  3.4591E-13  3.8284E-05
 5.9384E+25  6.3387E-05  9.9994E-01  7.0364E+03  8.1828E-05  7.1113E-13  3.4591E-13  3.8056E-05
 5.9476E+25  6.3814E-05  9.9994E-01  7.0364E+03  8.1828E-05  7.0639E-13  3.4592E-13  3.7828E-05
 5.9569E+25  6.4262E-05  9.9994E-01  7.0363E+03  8.1828E-05  7.0148E-13  3.4592E-13  3.7601E-05
 5.9662E+25  6.4696E-05  9.9994E-01  7.0363E+03  8.1828E-05  6.9674E-13  3.4592E-13  3.7374E-05
 5.9754E+25  6.5130E-05  9.9993E-01  7.0362E+03  8.1828E-05  6.9203E-13  3.4592E-13  3.7148E-05
 5.9847E+25  6.4743E-05  9.9994E-01  7.0362E+03  8.1828E-05  6.9559E-13  3.4592E-13  3.6922E-05
 5.9939E+25  6.5094E-05  9.9993E-01  7.0362E+03  8.1828E-05  6.9250E-13  3.4592E-13  3.6696E-05
 6.0032E+25  6.5535E-05  9.9993E-01  7.0361E+03  8.1828E-05  6.8786E-13  3.4593E-13  3.6473E-05
 6.0124E+25  6.5988E-05  9.9993E-01  7.0361E+03  8.1828E-05  6.8314E-13  3.4593E-13  3.6251E-05
 6.0217E+25  6.6422E-05  9.9993E-01  7.0360E+03  8.1828E-05  6.7866E-13  3.4593E-13  3.6029E-05
 6.0310E+25  6.6345E-05  9.9993E-01  7.0360E+03  8.1828E-05  6.7872E-13  3.4593E-13  3.5810E-05
 6.0402E+25  6.6395E-05  9.9993E-01  7.0360E+03  8.1828E-05  6.7895E-13  3.4593E-13  3.5601E-05
 6.0495E+25  6.6834E-05  9.9993E-01  7.0359E+03  8.1828E-05  6.7449E-13  3.4593E-13  3.5395E-05
 6.0587E+25  6.7286E-05  9.9993E-01  7.0359E+03  8.1828E-05  6.6998E-13  3.4593E-13  3.5192E-05
 6.0680E+25  6.7743E-05  9.9993E-01  7.0359E+03  8.1828E-05  6.6543E-13  3.4594E-13  3.4988E-05
 6.0772E+25  6.7998E-05  9.9993E-01  7.0358E+03  8.1828E-05  6.6225E-13  3.4594E-13  3.4784E-05
 6.0865E+25  6.7714E-05  9.9993E-01  7.0358E+03  8.1828E-05  6.6574E-13  3.4594E-13  3.4580E-05
 6.0958E+25  6.8163E-05  9.9993E-01  7.0358E+03  8.1828E-05  6.6135E-13  3.4594E-13  3.4377E-05
 6.1050E+25  6.8608E-05  9.9993E-01  7.0357E+03  8.1828E-05  6.5707E-13  3.4594E-13  3.4174E-05
 6.1143E+25  6.9069E-05  9.9993E-01  7.0357E+03  8.1828E-05  6.5269E-13  3.4594E-13  3.3972E-05
 6.1235E+25  6.9525E-05  9.9993E-01  7.0356E+03  8.1828E-05  6.4837E-13  3.4595E-13  3.3770E-05
 6.1328E+25  6.9241E-05  9.9993E-01  7.0356E+03  8.1828E-05  6.5040E-13  3.4595E-13  3.3568E-05
 6.1420E+25  6.9509E-05  9.9993E-01  7.0356E+03  8.1828E-05  6.4856E-13  3.4595E-13  3.3369E-05
 6.1513E+25  6.9965E-05  9.9993E-01  7.0355E+03  8.1828E-05  6.4434E-13  3.4595E-13  3.3170E-05
 6.1606E+25  7.0416E-05  9.9993E-01  7.0355E+03  8.1828E-05  6.4021E-13  3.4595E-13  3.2971E-05
 6.1698E+25  7.0886E-05  9.9993E-01  7.0355E+03  8.1828E-05  6.3598E-13  3.4595E-13  3.2779E-05
 6.1791E+25  7.1008E-05  9.9993E-01  7.0354E+03  8.1828E-05  6.3417E-13  3.4595E-13  3.2594E-05
 6.1883E+25  7.0873E-05  9.9993E-01  7.0354E+03  8.1828E-05  6.3610E-13  3.4595E-13  3.2410E-05
 6.1976E+25  7.1338E-05  9.9993E-01  7.0354E+03  8.1828E-05  6.3195E-13  3.4596E-13  3.2228E-05
 6.2068E+25  7.1800E-05  9.9993E-01  7.0353E+03  8.1828E-05  6.2787E-13  3.4596E-13  3.2046E-05
 6.2161E+25  7.2259E-05  9.9993E-01  7.0353E+03  8.1828E-05  6.2390E-13  3.4596E-13  3.1863E-05
 6.2254E+25  7.2727E-05  9.9993E-01  7.0353E+03  8.1828E-05  6.1982E-13  3.4596E-13  3.1681E-05
 6.2346E+25  7.2366E-05  9.9993E-01  7.0352E+03  8.1828E-05  6.2237E-13  3.4596E-13  3.1499E-05
 6.2439E+25  7.2733E-05  9.9993E-01  7.0352E+03  8.1828E-05  6.1985E-13  3.4596E-13  3.1317E-05
 6.2531E+25  7.3202E-05  9.9993E-01  7.0352E+03  8.1828E-05  6.1587E-13  3.4596E-13  3.1137E-05
 6.2624E+25  7.3672E-05  9.9993E-01  7.0351E+03  8.1828E-05  6.1194E-13  3.4597E-13  3.0956E-05
 6.2716E+25  7.4138E-05  9.9993E-01  7.0351E+03  8.1828E-05  6.0810E-13  3.4597E-13  3.0775E-05
 6.2809E+25  7.4240E-05  9.9993E-01  7.0351E+03  8.1828E-05  6.0662E-13  3.4597E-13  3.0596E-05
 6.2902E+25  7.4149E-05  9.9993E-01  7.0350E+03  8.1828E-05  6.0800E-13  3.4597E-13  3.0418E-05
 6.2994E+25  7.4628E-05  9.9993E-01  7.0350E+03  8.1828E-05  6.0412E-13  3.4597E-13  3.0240E-05
 6.3087E+25  7.5102E-05  9.9992E-01  7.0350E+03  8.1828E-05  6.0030E-13  3.4597E-13  3.0068E-05
 6.3179E+25  7.5580E-05  9.9992E-01  7.0349E+03  8.1828E-05  5.9650E-13  3.4597E-13  2.9902E-05
 6.3272E+25  7.6044E-05  9.9992E-01  7.0349E+03  8.1828E-05  5.9280E-13  3.4598E-13  2.9737E-05
 6.3364E+25  7.5720E-05  9.9992E-01  7.0349E+03  8.1828E-05  5.9485E-13  3.4598E-13  2.9575E-05
 6.3457E+25  7.6073E-05  9.9992E-01  7.0348E+03  8.1828E-05  5.9264E-13  3.4598E-13  2.9412E-05
 6.3550E+25  7.6560E-05  9.9992E-01  7.0348E+03  8.1828E-05  5.8888E-13  3.4598E-13  2.9248E-05
 6.3642E+25  7.7041E-05  9.9992E-01  7.0348E+03  8.1828E-05  5.8521E-13  3.4598E-13  2.9085E-05
 6.3735E+25  7.7525E-05  9.9992E-01  7.0347E+03  8.1828E-05  5.8154E-13  3.4598E-13  2.8922E-05
 6.3827E+25  7.7688E-05  9.9992E-01  7.0347E+03  8.1828E-05  5.7972E-13  3.4598E-13  2.8760E-05
 6.3920E+25  7.7563E-05  9.9992E-01  7.0347E+03  8.1828E-05  5.8128E-13  3.4598E-13  2.8598E-05
 6.4012E+25  7.8036E-05  9.9992E-01  7.0346E+03  8.1828E-05  5.7774E-13  3.4599E-13  2.8436E-05
 6.4105E+25  7.8530E-05  9.9992E-01  7.0346E+03  8.1828E-05  5.7412E-13  3.4599E-13  2.8275E-05
 6.4198E+25  7.9017E-05  9.9992E-01  7.0346E+03  8.1828E-05  5.7058E-13  3.4599E-13  2.8114E-05
 6.4290E+25  7.9507E-05  9.9992E-01  7.0345E+03  8.1828E-05  5.6704E-13  3.4599E-13  2.7954E-05
 6.4383E+25  7.9285E-05  9.9992E-01  7.0345E+03  8.1828E-05  5.6807E-13  3.4599E-13  2.7795E-05
 6.4475E+25  7.9559E-05  9.9992E-01  7.0345E+03  8.1828E-05  5.6671E-13  3.4599E-13  2.7637E-05
 6.4568E+25  8.0039E-05  9.9992E-01  7.0344E+03  8.1828E-05  5.6330E-13  3.4599E-13  2.7488E-05
 6.4660E+25  8.0539E-05  9.9992E-01  7.0344E+03  8.1828E-05  5.5981E-13  3.4600E-13  2.7339E-05
 6.4753E+25  8.1033E-05  9.9992E-01  7.0344E+03  8.1828E-05  5.5640E-13  3.4600E-13  2.7193E-05
 6.4846E+25  8.1384E-05  9.9992E-01  7.0343E+03  8.1828E-05  5.5342E-13  3.4600E-13  2.7048E-05
 6.4938E+25  8.1095E-05  9.9992E-01  7.0343E+03  8.1828E-05  5.5597E-13  3.4600E-13  2.6902E-05
 6.5031E+25  8.1594E-05  9.9992E-01  7.0343E+03  8.1828E-05  5.5258E-13  3.4600E-13  2.6756E-05
 6.5123E+25  8.2083E-05  9.9992E-01  7.0342E+03  8.1828E-05  5.4928E-13  3.4600E-13  2.6610E-05
 6.5216E+25  8.2589E-05  9.9992E-01  7.0342E+03  8.1828E-05  5.4594E-13  3.4600E-13  2.6464E-05
 6.5308E+25  8.3090E-05  9.9992E-01  7.0342E+03  8.1828E-05  5.4263E-13  3.4600E-13  2.6319E-05
 6.5401E+25  8.3107E-05  9.9992E-01  7.0342E+03  8.1828E-05  5.4197E-13  3.4600E-13  2.6174E-05
 6.5494E+25  8.3167E-05  9.9992E-01  7.0341E+03  8.1828E-05  5.4213E-13  3.4601E-13  2.6029E-05
 6.5586E+25  8.3671E-05  9.9992E-01  7.0341E+03  8.1828E-05  5.3888E-13  3.4601E-13  2.5885E-05
 6.5679E+25  8.4170E-05  9.9992E-01  7.0340E+03  8.1828E-05  5.3567E-13  3.4601E-13  2.5742E-05
 6.5771E+25  8.4679E-05  9.9992E-01  7.0340E+03  8.1828E-05  5.3248E-13  3.4601E-13  2.5599E-05
 6.5864E+25  8.5181E-05  9.9991E-01  7.0340E+03  8.1828E-05  5.2926E-13  3.4601E-13  2.5456E-05
 6.5956E+25  8.4907E-05  9.9992E-01  7.0340E+03  8.1828E-05  5.3056E-13  3.4601E-13  2.5316E-05
 6.6049E+25  8.5283E-05  9.9991E-01  7.0339E+03  8.1828E-05  5.2869E-13  3.4601E-13  2.5183E-05
 6.6142E+25  8.5791E-05  9.9991E-01  7.0339E+03  8.1828E-05  5.2557E-13  3.4601E-13  2.5050E-05
 6.6234E+25  8.6301E-05  9.9991E-01  7.0339E+03  8.1828E-05  5.2245E-13  3.4602E-13  2.4919E-05
 6.6327E+25  8.6811E-05  9.9991E-01  7.0338E+03  8.1828E-05  5.1941E-13  3.4602E-13  2.4790E-05
 6.6419E+25  8.7156E-05  9.9991E-01  7.0338E+03  8.1828E-05  5.1681E-13  3.4602E-13  2.4659E-05
 6.6512E+25  8.6935E-05  9.9991E-01  7.0338E+03  8.1828E-05  5.1867E-13  3.4602E-13  2.4528E-05
 6.6604E+25  8.7446E-05  9.9991E-01  7.0337E+03  8.1828E-05  5.1562E-13  3.4602E-13  2.4398E-05
 6.6697E+25  8.7956E-05  9.9991E-01  7.0337E+03  8.1828E-05  5.1264E-13  3.4602E-13  2.4268E-05
 6.6789E+25  8.8475E-05  9.9991E-01  7.0337E+03  8.1828E-05  5.0963E-13  3.4602E-13  2.4138E-05
 6.6882E+25  8.8987E-05  9.9991E-01  7.0336E+03  8.1828E-05  5.0671E-13  3.4603E-13  2.4009E-05
 6.6975E+25  8.9079E-05  9.9991E-01  7.0336E+03  8.1828E-05  5.0568E-13  3.4603E-13  2.3879E-05
 6.7067E+25  8.9131E-05  9.9991E-01  7.0336E+03  8.1828E-05  5.0589E-13  3.4603E-13  2.3750E-05
 6.7160E+25  8.9654E-05  9.9991E-01  7.0336E+03  8.1828E-05  5.0293E-13  3.4603E-13  2.3621E-05
 6.7252E+25  9.0168E-05  9.9991E-01  7.0335E+03  8.1828E-05  5.0007E-13  3.4603E-13  2.3493E-05
 6.7345E+25  9.0694E-05  9.9991E-01  7.0335E+03  8.1828E-05  4.9717E-13  3.4603E-13  2.3365E-05
 6.7437E+25  9.1207E-05  9.9991E-01  7.0335E+03  8.1828E-05  4.9436E-13  3.4603E-13  2.3238E-05
 6.7530E+25  9.1076E-05  9.9991E-01  7.0334E+03  8.1828E-05  4.9463E-13  3.4603E-13  2.3118E-05
 6.7623E+25  9.1376E-05  9.9991E-01  7.0334E+03  8.1828E-05  4.9347E-13  3.4603E-13  2.2999E-05
 6.7715E+25  9.1908E-05  9.9991E-01  7.0334E+03  8.1828E-05  4.9061E-13  3.4604E-13  2.2882E-05
 6.7808E+25  9.2428E-05  9.9991E-01  7.0333E+03  8.1828E-05  4.8785E-13  3.4604E-13  2.2766E-05
 6.7900E+25  9.2958E-05  9.9991E-01  7.0333E+03  8.1828E-05  4.8508E-13  3.4604E-13  2.2649E-05
 6.7993E+25  9.3450E-05  9.9991E-01  7.0333E+03  8.1828E-05  4.8235E-13  3.4604E-13  2.2533E-05
 6.8085E+25  9.3173E-05  9.9991E-01  7.0332E+03  8.1828E-05  4.8367E-13  3.4604E-13  2.2416E-05
 6.8178E+25  9.3671E-05  9.9991E-01  7.0332E+03  8.1828E-05  4.8138E-13  3.4604E-13  2.2299E-05
 6.8271E+25  9.4207E-05  9.9991E-01  7.0332E+03  8.1828E-05  4.7866E-13  3.4604E-13  2.2183E-05
 6.8363E+25  9.4738E-05  9.9991E-01  7.0331E+03  8.1828E-05  4.7596E-13  3.4604E-13  2.2067E-05
 6.8456E+25  9.5270E-05  9.9990E-01  7.0331E+03  8.1828E-05  4.7332E-13  3.4605E-13  2.1951E-05
 6.8548E+25  9.5619E-05  9.9990E-01  7.0331E+03  8.1828E-05  4.7113E-13  3.4605E-13  2.1836E-05
 6.8641E+25  9.5469E-05  9.9990E-01  7.0331E+03  8.1828E-05  4.7234E-13  3.4605E-13  2.1720E-05
 6.8733E+25  9.6016E-05  9.9990E-01  7.0330E+03  8.1828E-05  4.6964E-13  3.4605E-13  2.1605E-05
 6.8826E+25  9.6553E-05  9.9990E-01  7.0330E+03  8.1828E-05  4.6704E-13  3.4605E-13  2.1491E-05
 6.8919E+25  9.7099E-05  9.9990E-01  7.0330E+03  8.1828E-05  4.6440E-13  3.4605E-13  2.1376E-05
 6.9011E+25  9.7633E-05  9.9990E-01  7.0329E+03  8.1828E-05  4.6186E-13  3.4605E-13  2.1265E-05
 6.9104E+25  9.7827E-05  9.9990E-01  7.0329E+03  8.1828E-05  4.6052E-13  3.4605E-13  2.1158E-05
 6.9196E+25  9.7854E-05  9.9990E-01  7.0329E+03  8.1828E-05  4.6083E-13  3.4606E-13  2.1051E-05
 6.9289E+25  9.8407E-05  9.9990E-01  7.0328E+03  8.1828E-05  4.5824E-13  3.4606E-13  2.0947E-05
 6.9381E+25  9.8953E-05  9.9990E-01  7.0328E+03  8.1828E-05  4.5571E-13  3.4606E-13  2.0844E-05
 6.9474E+25  9.9509E-05  9.9990E-01  7.0328E+03  8.1828E-05  4.5317E-13  3.4606E-13  2.0739E-05
 6.9567E+25  1.0005E-04  9.9990E-01  7.0327E+03  8.1828E-05  4.5071E-13  3.4606E-13  2.0635E-05
 6.9659E+25  1.0011E-04  9.9990E-01  7.0327E+03  8.1828E-05  4.5005E-13  3.4606E-13  2.0531E-05
 6.9752E+25  1.0030E-04  9.9990E-01  7.0327E+03  8.1828E-05  4.4961E-13  3.4606E-13  2.0427E-05
 6.9844E+25  1.0085E-04  9.9990E-01  7.0327E+03  8.1828E-05  4.4716E-13  3.4606E-13  2.0323E-05
 6.9937E+25  1.0141E-04  9.9990E-01  7.0326E+03  8.1828E-05  4.4469E-13  3.4607E-13  2.0219E-05
 7.0029E+25  1.0196E-04  9.9990E-01  7.0326E+03  8.1828E-05  4.4227E-13  3.4607E-13  2.0116E-05
 7.0122E+25  1.0252E-04  9.9990E-01  7.0326E+03  8.1828E-05  4.3985E-13  3.4607E-13  2.0012E-05
 7.0215E+25  1.0247E-04  9.9990E-01  7.0325E+03  8.1828E-05  4.3969E-13  3.4607E-13  1.9909E-05
 7.0307E+25  1.0279E-04  9.9990E-01  7.0325E+03  8.1828E-05  4.3869E-13  3.4607E-13  1.9806E-05
 7.0400E+25  1.0335E-04  9.9990E-01  7.0325E+03  8.1828E-05  4.3636E-13  3.4607E-13  1.9703E-05
 7.0492E+25  1.0391E-04  9.9990E-01  7.0324E+03  8.1828E-05  4.3398E-13  3.4607E-13  1.9601E-05
 7.0585E+25  1.0448E-04  9.9990E-01  7.0324E+03  8.1828E-05  4.3164E-13  3.4607E-13  1.9500E-05
 7.0677E+25  1.0504E-04  9.9989E-01  7.0324E+03  8.1828E-05  4.2930E-13  3.4608E-13  1.9404E-05
 7.0770E+25  1.0492E-04  9.9990E-01  7.0324E+03  8.1828E-05  4.2947E-13  3.4608E-13  1.9309E-05
 7.0863E+25  1.0535E-04  9.9989E-01  7.0323E+03  8.1828E-05  4.2808E-13  3.4608E-13  1.9215E-05
 7.0955E+25  1.0590E-04  9.9989E-01  7.0323E+03  8.1828E-05  4.2582E-13  3.4608E-13  1.9123E-05
 7.1048E+25  1.0647E-04  9.9989E-01  7.0322E+03  8.1828E-05  4.2356E-13  3.4608E-13  1.9030E-05
 7.1140E+25  1.0705E-04  9.9989E-01  7.0322E+03  8.1828E-05  4.2129E-13  3.4608E-13  1.8937E-05
 7.1233E+25  1.0760E-04  9.9989E-01  7.0322E+03  8.1828E-05  4.1905E-13  3.4608E-13  1.8843E-05
 7.1325E+25  1.0746E-04  9.9989E-01  7.0322E+03  8.1828E-05  4.1940E-13  3.4608E-13  1.8751E-05
 7.1418E+25  1.0796E-04  9.9989E-01  7.0321E+03  8.1828E-05  4.1774E-13  3.4608E-13  1.8658E-05
 7.1511E+25  1.0852E-04  9.9989E-01  7.0321E+03  8.1828E-05  4.1556E-13  3.4609E-13  1.8565E-05
 7.1603E+25  1.0909E-04  9.9989E-01  7.0321E+03  8.1828E-05  4.1341E-13  3.4609E-13  1.8473E-05
 7.1696E+25  1.0967E-04  9.9989E-01  7.0320E+03  8.1828E-05  4.1122E-13  3.4609E-13  1.8380E-05
 7.1788E+25  1.1021E-04  9.9989E-01  7.0320E+03  8.1828E-05  4.0906E-13  3.4609E-13  1.8288E-05
 7.1881E+25  1.1008E-04  9.9989E-01  7.0320E+03  8.1828E-05  4.0952E-13  3.4609E-13  1.8195E-05
 7.1973E+25  1.1063E-04  9.9989E-01  7.0319E+03  8.1828E-05  4.0765E-13  3.4609E-13  1.8104E-05
 7.2066E+25  1.1119E-04  9.9989E-01  7.0319E+03  8.1828E-05  4.0558E-13  3.4609E-13  1.8012E-05
 7.2159E+25  1.1177E-04  9.9989E-01  7.0319E+03  8.1828E-05  4.0350E-13  3.4610E-13  1.7920E-05
 7.2251E+25  1.1235E-04  9.9989E-01  7.0318E+03  8.1828E-05  4.0142E-13  3.4610E-13  1.7832E-05
 7.2344E+25  1.1287E-04  9.9989E-01  7.0318E+03  8.1828E-05  3.9934E-13  3.4610E-13  1.7746E-05
 7.2436E+25  1.1278E-04  9.9989E-01  7.0318E+03  8.1828E-05  3.9982E-13  3.4610E-13  1.7661E-05
 7.2529E+25  1.1336E-04  9.9989E-01  7.0317E+03  8.1828E-05  3.9784E-13  3.4610E-13  1.7578E-05
 7.2621E+25  1.1393E-04  9.9989E-01  7.0317E+03  8.1828E-05  3.9584E-13  3.4610E-13  1.7495E-05
 7.2714E+25  1.1451E-04  9.9989E-01  7.0317E+03  8.1828E-05  3.9384E-13  3.4610E-13  1.7412E-05
 7.2807E+25  1.1509E-04  9.9988E-01  7.0316E+03  8.1828E-05  3.9186E-13  3.4610E-13  1.7329E-05
 7.2899E+25  1.1559E-04  9.9988E-01  7.0316E+03  8.1828E-05  3.8986E-13  3.4611E-13  1.7246E-05
 7.2992E+25  1.1555E-04  9.9988E-01  7.0316E+03  8.1828E-05  3.9031E-13  3.4611E-13  1.7163E-05
 7.3084E+25  1.1615E-04  9.9988E-01  7.0316E+03  8.1828E-05  3.8831E-13  3.4611E-13  1.7080E-05
 7.3177E+25  1.1673E-04  9.9988E-01  7.0315E+03  8.1828E-05  3.8634E-13  3.4611E-13  1.6998E-05
 7.3269E+25  1.1731E-04  9.9988E-01  7.0315E+03  8.1828E-05  3.8444E-13  3.4611E-13  1.6915E-05
 7.3362E+25  1.1790E-04  9.9988E-01  7.0314E+03  8.1828E-05  3.8253E-13  3.4611E-13  1.6832E-05
 7.3455E+25  1.1840E-04  9.9988E-01  7.0314E+03  8.1828E-05  3.8065E-13  3.4611E-13  1.6750E-05
 7.3547E+25  1.1839E-04  9.9988E-01  7.0314E+03  8.1828E-05  3.8095E-13  3.4611E-13  1.6667E-05
 7.3640E+25  1.1899E-04  9.9988E-01  7.0314E+03  8.1828E-05  3.7902E-13  3.4612E-13  1.6585E-05
 7.3732E+25  1.1959E-04  9.9988E-01  7.0313E+03  8.1828E-05  3.7712E-13  3.4612E-13  1.6503E-05
 7.3825E+25  1.2019E-04  9.9988E-01  7.0313E+03  8.1828E-05  3.7526E-13  3.4612E-13  1.6421E-05
 7.3917E+25  1.2077E-04  9.9988E-01  7.0312E+03  8.1828E-05  3.7343E-13  3.4612E-13  1.6341E-05
 7.4010E+25  1.2128E-04  9.9988E-01  7.0312E+03  8.1828E-05  3.7162E-13  3.4612E-13  1.6265E-05
 7.4103E+25  1.2130E-04  9.9988E-01  7.0312E+03  8.1828E-05  3.7183E-13  3.4612E-13  1.6189E-05
 7.4195E+25  1.2190E-04  9.9988E-01  7.0312E+03  8.1828E-05  3.6999E-13  3.4612E-13  1.6114E-05
 7.4288E+25  1.2252E-04  9.9988E-01  7.0311E+03  8.1828E-05  3.6814E-13  3.4613E-13  1.6040E-05
 7.4380E+25  1.2312E-04  9.9988E-01  7.0311E+03  8.1828E-05  3.6633E-13  3.4613E-13  1.5966E-05
 7.4473E+25  1.2372E-04  9.9988E-01  7.0310E+03  8.1828E-05  3.6456E-13  3.4613E-13  1.5892E-05
 7.4565E+25  1.2424E-04  9.9988E-01  7.0310E+03  8.1828E-05  3.6281E-13  3.4613E-13  1.5818E-05
 7.4658E+25  1.2427E-04  9.9988E-01  7.0310E+03  8.1828E-05  3.6290E-13  3.4613E-13  1.5744E-05
 7.4751E+25  1.2488E-04  9.9988E-01  7.0310E+03  8.1828E-05  3.6117E-13  3.4613E-13  1.5670E-05
 7.4843E+25  1.2549E-04  9.9987E-01  7.0309E+03  8.1828E-05  3.5941E-13  3.4613E-13  1.5596E-05
 7.4936E+25  1.2612E-04  9.9987E-01  7.0309E+03  8.1828E-05  3.5763E-13  3.4613E-13  1.5522E-05
 7.5028E+25  1.2672E-04  9.9987E-01  7.0308E+03  8.1828E-05  3.5591E-13  3.4614E-13  1.5448E-05
 7.5121E+25  1.2728E-04  9.9987E-01  7.0308E+03  8.1828E-05  3.5423E-13  3.4614E-13  1.5374E-05
 7.5213E+25  1.2733E-04  9.9987E-01  7.0308E+03  8.1828E-05  3.5414E-13  3.4614E-13  1.5301E-05
 7.5306E+25  1.2793E-04  9.9987E-01  7.0308E+03  8.1828E-05  3.5257E-13  3.4614E-13  1.5227E-05
 7.5399E+25  1.2854E-04  9.9987E-01  7.0307E+03  8.1828E-05  3.5089E-13  3.4614E-13  1.5154E-05
 7.5491E+25  1.2917E-04  9.9987E-01  7.0307E+03  8.1828E-05  3.4919E-13  3.4614E-13  1.5081E-05
 7.5584E+25  1.2980E-04  9.9987E-01  7.0306E+03  8.1828E-05  3.4750E-13  3.4614E-13  1.5007E-05
 7.5676E+25  1.3038E-04  9.9987E-01  7.0306E+03  8.1828E-05  3.4587E-13  3.4615E-13  1.4938E-05
 7.5769E+25  1.3047E-04  9.9987E-01  7.0306E+03  8.1828E-05  3.4557E-13  3.4615E-13  1.4869E-05
 7.5861E+25  1.3105E-04  9.9987E-01  7.0306E+03  8.1828E-05  3.4418E-13  3.4615E-13  1.4801E-05
 7.5954E+25  1.3167E-04  9.9987E-01  7.0305E+03  8.1828E-05  3.4257E-13  3.4615E-13  1.4735E-05
 7.6047E+25  1.3229E-04  9.9987E-01  7.0305E+03  8.1828E-05  3.4096E-13  3.4615E-13  1.4669E-05
 7.6139E+25  1.3293E-04  9.9987E-01  7.0304E+03  8.1828E-05  3.3933E-13  3.4615E-13  1.4603E-05
 7.6232E+25  1.3354E-04  9.9987E-01  7.0304E+03  8.1828E-05  3.3772E-13  3.4615E-13  1.4537E-05
 7.6324E+25  1.3369E-04  9.9987E-01  7.0304E+03  8.1828E-05  3.3722E-13  3.4615E-13  1.4471E-05
 7.6417E+25  1.3424E-04  9.9987E-01  7.0304E+03  8.1828E-05  3.3600E-13  3.4616E-13  1.4405E-05
 7.6509E+25  1.3486E-04  9.9987E-01  7.0303E+03  8.1828E-05  3.3446E-13  3.4616E-13  1.4339E-05
 7.6602E+25  1.3549E-04  9.9986E-01  7.0303E+03  8.1828E-05  3.3291E-13  3.4616E-13  1.4273E-05
 7.6695E+25  1.3612E-04  9.9986E-01  7.0302E+03  8.1828E-05  3.3138E-13  3.4616E-13  1.4207E-05
 7.6787E+25  1.3676E-04  9.9986E-01  7.0302E+03  8.1828E-05  3.2982E-13  3.4616E-13  1.4141E-05
 7.6880E+25  1.3700E-04  9.9986E-01  7.0302E+03  8.1828E-05  3.2908E-13  3.4616E-13  1.4075E-05
 7.6972E+25  1.3752E-04  9.9986E-01  7.0301E+03  8.1828E-05  3.2801E-13  3.4616E-13  1.4009E-05
 7.7065E+25  1.3813E-04  9.9986E-01  7.0301E+03  8.1828E-05  3.2654E-13  3.4617E-13  1.3944E-05
 7.7157E+25  1.3876E-04  9.9986E-01  7.0300E+03  8.1828E-05  3.2507E-13  3.4617E-13  1.3878E-05
 7.7250E+25  1.3939E-04  9.9986E-01  7.0300E+03  8.1828E-05  3.2359E-13  3.4617E-13  1.3813E-05
 7.7343E+25  1.4003E-04  9.9986E-01  7.0300E+03  8.1828E-05  3.2213E-13  3.4617E-13  1.3747E-05
 7.7435E+25  1.4037E-04  9.9986E-01  7.0300E+03  8.1828E-05  3.2120E-13  3.4617E-13  1.3684E-05
 7.7528E+25  1.4086E-04  9.9986E-01  7.0299E+03  8.1828E-05  3.2022E-13  3.4617E-13  1.3623E-05
 7.7620E+25  1.4149E-04  9.9986E-01  7.0299E+03  8.1828E-05  3.1881E-13  3.4617E-13  1.3562E-05
 7.7713E+25  1.4211E-04  9.9986E-01  7.0298E+03  8.1828E-05  3.1741E-13  3.4618E-13  1.3502E-05
 7.7805E+25  1.4275E-04  9.9986E-01  7.0298E+03  8.1828E-05  3.1600E-13  3.4618E-13  1.3444E-05
 7.7898E+25  1.4338E-04  9.9986E-01  7.0297E+03  8.1828E-05  3.1460E-13  3.4618E-13  1.3385E-05
 7.7991E+25  1.4381E-04  9.9986E-01  7.0297E+03  8.1828E-05  3.1354E-13  3.4618E-13  1.3326E-05
 7.8083E+25  1.4427E-04  9.9986E-01  7.0297E+03  8.1828E-05  3.1268E-13  3.4618E-13  1.3267E-05
 7.8176E+25  1.4491E-04  9.9986E-01  7.0296E+03  8.1828E-05  3.1128E-13  3.4618E-13  1.3208E-05
 7.8268E+25  1.4554E-04  9.9985E-01  7.0296E+03  8.1828E-05  3.0994E-13  3.4619E-13  1.3149E-05
 7.8361E+25  1.4617E-04  9.9985E-01  7.0296E+03  8.1828E-05  3.0860E-13  3.4619E-13  1.3090E-05
 7.8453E+25  1.4682E-04  9.9985E-01  7.0295E+03  8.1828E-05  3.0726E-13  3.4619E-13  1.3031E-05
 7.8546E+25  1.4732E-04  9.9985E-01  7.0295E+03  8.1828E-05  3.0609E-13  3.4619E-13  1.2973E-05
 7.8638E+25  1.4774E-04  9.9985E-01  7.0295E+03  8.1828E-05  3.0534E-13  3.4619E-13  1.2914E-05
 7.8731E+25  1.4840E-04  9.9985E-01  7.0294E+03  8.1828E-05  3.0398E-13  3.4619E-13  1.2855E-05
 7.8824E+25  1.4905E-04  9.9985E-01  7.0294E+03  8.1828E-05  3.0265E-13  3.4619E-13  1.2796E-05
 7.8916E+25  1.4968E-04  9.9985E-01  7.0293E+03  8.1828E-05  3.0137E-13  3.4620E-13  1.2738E-05
 7.9009E+25  1.5032E-04  9.9985E-01  7.0293E+03  8.1828E-05  3.0009E-13  3.4620E-13  1.2679E-05
 7.9101E+25  1.5091E-04  9.9985E-01  7.0293E+03  8.1828E-05  2.9883E-13  3.4620E-13  1.2620E-05
 7.9194E+25  1.5128E-04  9.9985E-01  7.0292E+03  8.1828E-05  2.9818E-13  3.4620E-13  1.2562E-05
 7.9286E+25  1.5195E-04  9.9985E-01  7.0292E+03  8.1828E-05  2.9689E-13  3.4620E-13  1.2507E-05
 7.9379E+25  1.5262E-04  9.9985E-01  7.0291E+03  8.1828E-05  2.9559E-13  3.4620E-13  1.2452E-05
 7.9472E+25  1.5327E-04  9.9985E-01  7.0291E+03  8.1828E-05  2.9432E-13  3.4621E-13  1.2397E-05
 7.9564E+25  1.5391E-04  9.9985E-01  7.0290E+03  8.1828E-05  2.9309E-13  3.4621E-13  1.2344E-05
 7.9657E+25  1.5454E-04  9.9985E-01  7.0290E+03  8.1828E-05  2.9187E-13  3.4621E-13  1.2293E-05
 7.9749E+25  1.5495E-04  9.9985E-01  7.0290E+03  8.1828E-05  2.9109E-13  3.4621E-13  1.2240E-05
 7.9842E+25  1.5558E-04  9.9984E-01  7.0289E+03  8.1828E-05  2.8997E-13  3.4621E-13  1.2187E-05
 7.9934E+25  1.5625E-04  9.9984E-01  7.0289E+03  8.1828E-05  2.8873E-13  3.4621E-13  1.2135E-05
 8.0027E+25  1.5692E-04  9.9984E-01  7.0288E+03  8.1828E-05  2.8748E-13  3.4622E-13  1.2082E-05
 8.0120E+25  1.5758E-04  9.9984E-01  7.0288E+03  8.1828E-05  2.8628E-13  3.4622E-13  1.2030E-05
 8.0212E+25  1.5822E-04  9.9984E-01  7.0288E+03  8.1828E-05  2.8511E-13  3.4622E-13  1.1977E-05
 8.0305E+25  1.5871E-04  9.9984E-01  7.0288E+03  8.1828E-05  2.8419E-13  3.4622E-13  1.1925E-05
 8.0397E+25  1.5930E-04  9.9984E-01  7.0287E+03  8.1828E-05  2.8320E-13  3.4622E-13  1.1873E-05
 8.0490E+25  1.5996E-04  9.9984E-01  7.0287E+03  8.1828E-05  2.8203E-13  3.4622E-13  1.1820E-05
 8.0582E+25  1.6063E-04  9.9984E-01  7.0286E+03  8.1828E-05  2.8086E-13  3.4623E-13  1.1767E-05
 8.0675E+25  1.6132E-04  9.9984E-01  7.0285E+03  8.1828E-05  2.7967E-13  3.4623E-13  1.1715E-05
 8.0768E+25  1.6198E-04  9.9984E-01  7.0285E+03  8.1828E-05  2.7853E-13  3.4623E-13  1.1663E-05
 8.0860E+25  1.6254E-04  9.9984E-01  7.0285E+03  8.1828E-05  2.7751E-13  3.4623E-13  1.1610E-05
 8.0953E+25  1.6311E-04  9.9984E-01  7.0285E+03  8.1828E-05  2.7659E-13  3.4623E-13  1.1558E-05
 8.1045E+25  1.6376E-04  9.9984E-01  7.0284E+03  8.1828E-05  2.7549E-13  3.4623E-13  1.1506E-05
 8.1138E+25  1.6443E-04  9.9984E-01  7.0284E+03  8.1828E-05  2.7438E-13  3.4624E-13  1.1456E-05
 8.1230E+25  1.6510E-04  9.9983E-01  7.0283E+03  8.1828E-05  2.7327E-13  3.4624E-13  1.1407E-05
 8.1323E+25  1.6579E-04  9.9983E-01  7.0283E+03  8.1828E-05  2.7213E-13  3.4624E-13  1.1358E-05
 8.1416E+25  1.6643E-04  9.9983E-01  7.0282E+03  8.1828E-05  2.7105E-13  3.4624E-13  1.1310E-05
 8.1508E+25  1.6700E-04  9.9983E-01  7.0282E+03  8.1828E-05  2.7016E-13  3.4624E-13  1.1263E-05
 8.1601E+25  1.6766E-04  9.9983E-01  7.0282E+03  8.1828E-05  2.6910E-13  3.4624E-13  1.1217E-05
 8.1693E+25  1.6831E-04  9.9983E-01  7.0281E+03  8.1828E-05  2.6806E-13  3.4625E-13  1.1170E-05
 8.1786E+25  1.6898E-04  9.9983E-01  7.0280E+03  8.1828E-05  2.6700E-13  3.4625E-13  1.1123E-05
 8.1878E+25  1.6966E-04  9.9983E-01  7.0280E+03  8.1828E-05  2.6594E-13  3.4625E-13  1.1076E-05
 8.1971E+25  1.7035E-04  9.9983E-01  7.0280E+03  8.1828E-05  2.6486E-13  3.4625E-13  1.1029E-05
 8.2064E+25  1.7097E-04  9.9983E-01  7.0279E+03  8.1828E-05  2.6388E-13  3.4625E-13  1.0983E-05
 8.2156E+25  1.7162E-04  9.9983E-01  7.0279E+03  8.1828E-05  2.6289E-13  3.4625E-13  1.0936E-05
 8.2249E+25  1.7229E-04  9.9983E-01  7.0278E+03  8.1828E-05  2.6188E-13  3.4626E-13  1.0889E-05
 8.2341E+25  1.7295E-04  9.9983E-01  7.0278E+03  8.1828E-05  2.6088E-13  3.4626E-13  1.0843E-05
 8.2434E+25  1.7361E-04  9.9983E-01  7.0277E+03  8.1828E-05  2.5988E-13  3.4626E-13  1.0796E-05
 8.2526E+25  1.7430E-04  9.9983E-01  7.0277E+03  8.1828E-05  2.5887E-13  3.4626E-13  1.0749E-05
 8.2619E+25  1.7499E-04  9.9983E-01  7.0277E+03  8.1828E-05  2.5785E-13  3.4626E-13  1.0702E-05
 8.2712E+25  1.7567E-04  9.9982E-01  7.0276E+03  8.1828E-05  2.5684E-13  3.4626E-13  1.0655E-05
 8.2804E+25  1.7633E-04  9.9982E-01  7.0276E+03  8.1828E-05  2.5588E-13  3.4627E-13  1.0609E-05
 8.2897E+25  1.7700E-04  9.9982E-01  7.0275E+03  8.1828E-05  2.5491E-13  3.4627E-13  1.0562E-05
 8.2989E+25  1.7767E-04  9.9982E-01  7.0275E+03  8.1828E-05  2.5395E-13  3.4627E-13  1.0516E-05
 8.3082E+25  1.7833E-04  9.9982E-01  7.0274E+03  8.1828E-05  2.5301E-13  3.4627E-13  1.0471E-05
 8.3174E+25  1.7904E-04  9.9982E-01  7.0274E+03  8.1828E-05  2.5204E-13  3.4627E-13  1.0427E-05
 8.3267E+25  1.7977E-04  9.9982E-01  7.0273E+03  8.1828E-05  2.5100E-13  3.4628E-13  1.0384E-05
 8.3360E+25  1.8046E-04  9.9982E-01  7.0273E+03  8.1828E-05  2.5003E-13  3.4628E-13  1.0341E-05
 8.3452E+25  1.8113E-04  9.9982E-01  7.0272E+03  8.1828E-05  2.4911E-13  3.4628E-13  1.0300E-05
 8.3545E+25  1.8180E-04  9.9982E-01  7.0272E+03  8.1828E-05  2.4820E-13  3.4628E-13  1.0258E-05
 8.3637E+25  1.8247E-04  9.9982E-01  7.0271E+03  8.1828E-05  2.4728E-13  3.4628E-13  1.0216E-05
 8.3730E+25  1.8314E-04  9.9982E-01  7.0271E+03  8.1828E-05  2.4639E-13  3.4628E-13  1.0175E-05
 8.3822E+25  1.8393E-04  9.9982E-01  7.0271E+03  8.1828E-05  2.4536E-13  3.4629E-13  1.0133E-05
 8.3915E+25  1.8464E-04  9.9982E-01  7.0270E+03  8.1828E-05  2.4440E-13  3.4629E-13  1.0091E-05
 8.4008E+25  1.8533E-04  9.9981E-01  7.0270E+03  8.1828E-05  2.4347E-13  3.4629E-13  1.0049E-05
 8.4100E+25  1.8600E-04  9.9981E-01  7.0269E+03  8.1828E-05  2.4259E-13  3.4629E-13  1.0008E-05
 8.4193E+25  1.8668E-04  9.9981E-01  7.0268E+03  8.1828E-05  2.4172E-13  3.4630E-13  9.9662E-06
 8.4285E+25  1.8736E-04  9.9981E-01  7.0268E+03  8.1828E-05  2.4085E-13  3.4630E-13  9.9246E-06
 8.4378E+25  1.8814E-04  9.9981E-01  7.0268E+03  8.1828E-05  2.3989E-13  3.4630E-13  9.8828E-06
 8.4470E+25  1.8888E-04  9.9981E-01  7.0267E+03  8.1828E-05  2.3892E-13  3.4630E-13  9.8410E-06
 8.4563E+25  1.8958E-04  9.9981E-01  7.0267E+03  8.1828E-05  2.3804E-13  3.4630E-13  9.7993E-06
 8.4656E+25  1.9028E-04  9.9981E-01  7.0266E+03  8.1828E-05  2.3716E-13  3.4630E-13  9.7576E-06
 8.4748E+25  1.9096E-04  9.9981E-01  7.0266E+03  8.1828E-05  2.3630E-13  3.4631E-13  9.7160E-06
 8.4841E+25  1.9163E-04  9.9981E-01  7.0265E+03  8.1828E-05  2.3549E-13  3.4631E-13  9.6743E-06
 8.4933E+25  1.9238E-04  9.9981E-01  7.0265E+03  8.1828E-05  2.3463E-13  3.4631E-13  9.6327E-06
 8.5026E+25  1.9324E-04  9.9981E-01  7.0264E+03  8.1828E-05  2.3353E-13  3.4631E-13  9.5918E-06
 8.5118E+25  1.9390E-04  9.9981E-01  7.0264E+03  8.1828E-05  2.3274E-13  3.4631E-13  9.5527E-06
 8.5211E+25  1.9460E-04  9.9981E-01  7.0263E+03  8.1828E-05  2.3191E-13  3.4632E-13  9.5137E-06
 8.5304E+25  1.9530E-04  9.9980E-01  7.0263E+03  8.1828E-05  2.3108E-13  3.4632E-13  9.4749E-06
 8.5396E+25  1.9600E-04  9.9980E-01  7.0262E+03  8.1828E-05  2.3025E-13  3.4632E-13  9.4376E-06
 8.5489E+25  1.9667E-04  9.9980E-01  7.0262E+03  8.1828E-05  2.2948E-13  3.4632E-13  9.4010E-06
 8.5581E+25  1.9761E-04  9.9980E-01  7.0261E+03  8.1828E-05  2.2844E-13  3.4632E-13  9.3639E-06
 8.5674E+25  1.9834E-04  9.9980E-01  7.0261E+03  8.1828E-05  2.2753E-13  3.4633E-13  9.3266E-06
 8.5766E+25  1.9900E-04  9.9980E-01  7.0260E+03  8.1828E-05  2.2677E-13  3.4633E-13  9.2894E-06
 8.5859E+25  1.9969E-04  9.9980E-01  7.0260E+03  8.1828E-05  2.2601E-13  3.4633E-13  9.2522E-06
 8.5952E+25  2.0040E-04  9.9980E-01  7.0259E+03  8.1828E-05  2.2522E-13  3.4633E-13  9.2151E-06
 8.6044E+25  2.0110E-04  9.9980E-01  7.0258E+03  8.1828E-05  2.2443E-13  3.4634E-13  9.1780E-06
 8.6137E+25  2.0192E-04  9.9980E-01  7.0258E+03  8.1828E-05  2.2360E-13  3.4634E-13  9.1409E-06
 8.6229E+25  2.0283E-04  9.9980E-01  7.0258E+03  8.1828E-05  2.2251E-13  3.4634E-13  9.1038E-06
 8.6322E+25  2.0352E-04  9.9980E-01  7.0257E+03  8.1828E-05  2.2176E-13  3.4634E-13  9.0667E-06
 8.6414E+25  2.0419E-04  9.9980E-01  7.0256E+03  8.1828E-05  2.2103E-13  3.4634E-13  9.0294E-06
 8.6507E+25  2.0485E-04  9.9980E-01  7.0256E+03  8.1828E-05  2.2033E-13  3.4635E-13  8.9922E-06
 8.6600E+25  2.0556E-04  9.9979E-01  7.0255E+03  8.1828E-05  2.1958E-13  3.4635E-13  8.9550E-06
 8.6692E+25  2.0629E-04  9.9979E-01  7.0255E+03  8.1828E-05  2.1883E-13  3.4635E-13  8.9178E-06
 8.6785E+25  2.0735E-04  9.9979E-01  7.0254E+03  8.1828E-05  2.1774E-13  3.4635E-13  8.8807E-06
 8.6877E+25  2.0807E-04  9.9979E-01  7.0254E+03  8.1828E-05  2.1693E-13  3.4635E-13  8.8436E-06
 8.6970E+25  2.0876E-04  9.9979E-01  7.0253E+03  8.1828E-05  2.1621E-13  3.4636E-13  8.8064E-06
 8.7062E+25  2.0943E-04  9.9979E-01  7.0253E+03  8.1828E-05  2.1552E-13  3.4636E-13  8.7700E-06
 8.7155E+25  2.1009E-04  9.9979E-01  7.0252E+03  8.1828E-05  2.1484E-13  3.4636E-13  8.7350E-06
 8.7248E+25  2.1079E-04  9.9979E-01  7.0252E+03  8.1828E-05  2.1416E-13  3.4636E-13  8.7002E-06
 8.7340E+25  2.1173E-04  9.9979E-01  7.0251E+03  8.1828E-05  2.1331E-13  3.4636E-13  8.6652E-06
 8.7433E+25  2.1271E-04  9.9979E-01  7.0251E+03  8.1828E-05  2.1221E-13  3.4637E-13  8.6319E-06
 8.7525E+25  2.1337E-04  9.9979E-01  7.0250E+03  8.1828E-05  2.1155E-13  3.4637E-13  8.5993E-06
 8.7618E+25  2.1406E-04  9.9979E-01  7.0249E+03  8.1828E-05  2.1088E-13  3.4637E-13  8.5664E-06
 8.7710E+25  2.1473E-04  9.9979E-01  7.0249E+03  8.1828E-05  2.1021E-13  3.4637E-13  8.5332E-06
 8.7803E+25  2.1541E-04  9.9978E-01  7.0248E+03  8.1828E-05  2.0956E-13  3.4638E-13  8.5000E-06
 8.7896E+25  2.1611E-04  9.9978E-01  7.0248E+03  8.1828E-05  2.0893E-13  3.4638E-13  8.4669E-06
 8.7988E+25  2.1729E-04  9.9978E-01  7.0247E+03  8.1828E-05  2.0784E-13  3.4638E-13  8.4339E-06
 8.8081E+25  2.1807E-04  9.9978E-01  7.0247E+03  8.1828E-05  2.0701E-13  3.4638E-13  8.4008E-06
 8.8173E+25  2.1874E-04  9.9978E-01  7.0246E+03  8.1828E-05  2.0637E-13  3.4638E-13  8.3678E-06
 8.8266E+25  2.1941E-04  9.9978E-01  7.0245E+03  8.1828E-05  2.0575E-13  3.4639E-13  8.3348E-06
 8.8358E+25  2.2010E-04  9.9978E-01  7.0245E+03  8.1828E-05  2.0511E-13  3.4639E-13  8.3018E-06
 8.8451E+25  2.2078E-04  9.9978E-01  7.0244E+03  8.1828E-05  2.0449E-13  3.4639E-13  8.2685E-06
 8.8544E+25  2.2170E-04  9.9978E-01  7.0244E+03  8.1828E-05  2.0377E-13  3.4639E-13  8.2354E-06
 8.8636E+25  2.2277E-04  9.9978E-01  7.0243E+03  8.1828E-05  2.0266E-13  3.4640E-13  8.2022E-06
 8.8729E+25  2.2347E-04  9.9978E-01  7.0243E+03  8.1828E-05  2.0203E-13  3.4640E-13  8.1690E-06
 8.8821E+25  2.2416E-04  9.9978E-01  7.0242E+03  8.1828E-05  2.0140E-13  3.4640E-13  8.1359E-06
 8.8914E+25  2.2482E-04  9.9978E-01  7.0241E+03  8.1828E-05  2.0081E-13  3.4640E-13  8.1028E-06
 8.9006E+25  2.2551E-04  9.9977E-01  7.0241E+03  8.1828E-05  2.0021E-13  3.4641E-13  8.0697E-06
 8.9099E+25  2.2622E-04  9.9977E-01  7.0240E+03  8.1828E-05  1.9962E-13  3.4641E-13  8.0366E-06
 8.9192E+25  2.2743E-04  9.9977E-01  7.0240E+03  8.1828E-05  1.9864E-13  3.4641E-13  8.0047E-06
 8.9284E+25  2.2823E-04  9.9977E-01  7.0239E+03  8.1828E-05  1.9782E-13  3.4641E-13  7.9735E-06
 8.9377E+25  2.2892E-04  9.9977E-01  7.0239E+03  8.1828E-05  1.9723E-13  3.4641E-13  7.9423E-06
 8.9469E+25  2.2962E-04  9.9977E-01  7.0238E+03  8.1828E-05  1.9664E-13  3.4642E-13  7.9114E-06
 8.9562E+25  2.3029E-04  9.9977E-01  7.0237E+03  8.1828E-05  1.9606E-13  3.4642E-13  7.8821E-06
 8.9654E+25  2.3096E-04  9.9977E-01  7.0237E+03  8.1828E-05  1.9551E-13  3.4642E-13  7.8531E-06
 8.9747E+25  2.3183E-04  9.9977E-01  7.0236E+03  8.1828E-05  1.9494E-13  3.4642E-13  7.8236E-06
 8.9840E+25  2.3310E-04  9.9977E-01  7.0236E+03  8.1828E-05  1.9371E-13  3.4643E-13  7.7940E-06
 8.9932E+25  2.3376E-04  9.9977E-01  7.0235E+03  8.1828E-05  1.9315E-13  3.4643E-13  7.7646E-06
 9.0025E+25  2.3441E-04  9.9977E-01  7.0235E+03  8.1828E-05  1.9263E-13  3.4643E-13  7.7352E-06
 9.0117E+25  2.3510E-04  9.9976E-01  7.0234E+03  8.1828E-05  1.9207E-13  3.4643E-13  7.7057E-06
 9.0210E+25  2.3580E-04  9.9976E-01  7.0233E+03  8.1828E-05  1.9151E-13  3.4644E-13  7.6762E-06
 9.0302E+25  2.3648E-04  9.9976E-01  7.0233E+03  8.1828E-05  1.9098E-13  3.4644E-13  7.6469E-06
 9.0395E+25  2.3764E-04  9.9976E-01  7.0232E+03  8.1828E-05  1.9020E-13  3.4644E-13  7.6175E-06
 9.0487E+25  2.3865E-04  9.9976E-01  7.0232E+03  8.1828E-05  1.8921E-13  3.4644E-13  7.5880E-06
 9.0580E+25  2.3931E-04  9.9976E-01  7.0231E+03  8.1828E-05  1.8869E-13  3.4644E-13  7.5585E-06
 9.0673E+25  2.3997E-04  9.9976E-01  7.0230E+03  8.1828E-05  1.8818E-13  3.4645E-13  7.5289E-06
 9.0765E+25  2.4063E-04  9.9976E-01  7.0230E+03  8.1828E-05  1.8768E-13  3.4645E-13  7.4993E-06
 9.0858E+25  2.4132E-04  9.9976E-01  7.0229E+03  8.1828E-05  1.8715E-13  3.4645E-13  7.4698E-06
 9.0950E+25  2.4208E-04  9.9976E-01  7.0228E+03  8.1828E-05  1.8663E-13  3.4645E-13  7.4403E-06
 9.1043E+25  2.4344E-04  9.9976E-01  7.0228E+03  8.1828E-05  1.8565E-13  3.4646E-13  7.4107E-06
 9.1135E+25  2.4424E-04  9.9976E-01  7.0227E+03  8.1828E-05  1.8490E-13  3.4646E-13  7.3812E-06
 9.1228E+25  2.4489E-04  9.9976E-01  7.0227E+03  8.1828E-05  1.8441E-13  3.4646E-13  7.3517E-06
 9.1321E+25  2.4555E-04  9.9975E-01  7.0226E+03  8.1828E-05  1.8392E-13  3.4646E-13  7.3228E-06
 9.1413E+25  2.4620E-04  9.9975E-01  7.0225E+03  8.1828E-05  1.8344E-13  3.4647E-13  7.2949E-06
 9.1506E+25  2.4688E-04  9.9975E-01  7.0225E+03  8.1828E-05  1.8297E-13  3.4647E-13  7.2670E-06
 9.1598E+25  2.4779E-04  9.9975E-01  7.0224E+03  8.1828E-05  1.8247E-13  3.4647E-13  7.2392E-06
 9.1691E+25  2.4918E-04  9.9975E-01  7.0224E+03  8.1828E-05  1.8127E-13  3.4647E-13  7.2126E-06
 9.1783E+25  2.4984E-04  9.9975E-01  7.0223E+03  8.1828E-05  1.8078E-13  3.4648E-13  7.1868E-06
 9.1876E+25  2.5050E-04  9.9975E-01  7.0222E+03  8.1828E-05  1.8030E-13  3.4648E-13  7.1608E-06
 9.1969E+25  2.5114E-04  9.9975E-01  7.0222E+03  8.1828E-05  1.7985E-13  3.4648E-13  7.1345E-06
 9.2061E+25  2.5181E-04  9.9975E-01  7.0221E+03  8.1828E-05  1.7938E-13  3.4648E-13  7.1083E-06
 9.2154E+25  2.5248E-04  9.9975E-01  7.0220E+03  8.1828E-05  1.7894E-13  3.4649E-13  7.0821E-06
 9.2246E+25  2.5361E-04  9.9975E-01  7.0220E+03  8.1828E-05  1.7833E-13  3.4649E-13  7.0558E-06
 9.2339E+25  2.5482E-04  9.9975E-01  7.0219E+03  8.1828E-05  1.7726E-13  3.4649E-13  7.0296E-06
 9.2431E+25  2.5545E-04  9.9974E-01  7.0218E+03  8.1828E-05  1.7682E-13  3.4649E-13  7.0035E-06
 9.2524E+25  2.5611E-04  9.9974E-01  7.0218E+03  8.1828E-05  1.7638E-13  3.4650E-13  6.9773E-06
