 4.6285E+22  3.2646E-11  1.0000E+00  1.1706E+04  8.1828E-05  1.0464E-06  2.2707E-13  1.0000E+00
 1.3886E+23  2.2847E-10  1.0000E+00  1.1710E+04  8.1828E-05  1.4948E-07  2.2701E-13  1.0000E+00
 2.3143E+23  6.1966E-10  1.0000E+00  1.1722E+04  8.1828E-05  5.5072E-08  2.2681E-13  1.0000E+00
 3.2400E+23  1.2047E-09  1.0000E+00  1.1749E+04  8.1828E-05  2.8280E-08  2.2637E-13  1.0000E+00
 4.1657E+23  1.9802E-09  1.0000E+00  1.1797E+04  8.1828E-05  1.7154E-08  2.2558E-13  1.0000E+00
 5.0914E+23  2.9401E-09  1.0000E+00  1.1876E+04  8.1828E-05  1.1498E-08  2.2432E-13  1.0000E+00
 6.0171E+23  4.0721E-09  1.0000E+00  1.1997E+04  8.1828E-05  8.2410E-09  2.2239E-13  1.0000E+00
 6.9428E+23  5.3635E-09  1.0000E+00  1.2173E+04  8.1828E-05  6.1915E-09  2.1968E-13  1.0000E+00
 7.8685E+23  6.7824E-09  1.0000E+00  1.2429E+04  8.1828E-05  4.8228E-09  2.1581E-13  1.0000E+00
 8.7942E+23  8.2981E-09  1.0000E+00  1.2787E+04  8.1828E-05  3.8616E-09  2.1067E-13  1.0000E+00
 9.7199E+23  9.8936E-09  1.0000E+00  1.3220E+04  8.1828E-05  3.1614E-09  2.0476E-13  1.0000E+00
 1.0646E+24  1.1589E-08  1.0000E+00  1.3656E+04  8.1828E-05  2.6358E-09  1.9915E-13  1.0000E+00
 1.1571E+24  1.3461E-08  1.0000E+00  1.3973E+04  8.1828E-05  2.2316E-09  1.9527E-13  1.0000E+00
 1.2497E+24  1.5570E-08  1.0000E+00  1.4143E+04  8.1828E-05  1.9123E-09  1.9325E-13  1.0000E+00
 1.3423E+24  1.7863E-08  1.0000E+00  1.4238E+04  8.1828E-05  1.6587E-09  1.9214E-13  1.0000E+00
 1.4348E+24  2.0308E-08  1.0000E+00  1.4338E+04  8.1828E-05  1.4515E-09  1.9099E-13  9.9999E-01
 1.5274E+24  2.2898E-08  1.0000E+00  1.4438E+04  8.1828E-05  1.2808E-09  1.8985E-13  9.9999E-01
 1.6200E+24  2.5636E-08  1.0000E+00  1.4531E+04  8.1828E-05  1.1387E-09  1.8880E-13  9.9999E-01
 1.7126E+24  2.8509E-08  1.0000E+00  1.4621E+04  8.1828E-05  1.0192E-09  1.8779E-13  9.9999E-01
 1.8051E+24  3.1558E-08  1.0000E+00  1.4703E+04  8.1828E-05  9.1701E-10  1.8689E-13  9.9999E-01
 1.8977E+24  3.4726E-08  1.0000E+00  1.4782E+04  8.1828E-05  8.3009E-10  1.8602E-13  9.9999E-01
 1.9903E+24  3.8066E-08  1.0000E+00  1.4859E+04  8.1828E-05  7.5439E-10  1.8520E-13  9.9999E-01
 2.0828E+24  4.1520E-08  1.0000E+00  1.4933E+04  8.1828E-05  6.8912E-10  1.8440E-13  9.9999E-01
 2.1754E+24  4.5136E-08  1.0000E+00  1.5005E+04  8.1828E-05  6.3166E-10  1.8363E-13  9.9999E-01
 2.2680E+24  4.8884E-08  1.0000E+00  1.5075E+04  8.1828E-05  5.8124E-10  1.8289E-13  9.9999E-01
 2.3605E+24  5.2793E-08  1.0000E+00  1.5144E+04  8.1828E-05  5.3642E-10  1.8218E-13  9.9999E-01
 2.4531E+24  5.6833E-08  1.0000E+00  1.5207E+04  8.1828E-05  4.9676E-10  1.8153E-13  9.9999E-01
 2.5457E+24  6.1008E-08  1.0000E+00  1.5272E+04  8.1828E-05  4.6132E-10  1.8086E-13  9.9998E-01
 2.6383E+24  6.5357E-08  1.0000E+00  1.5335E+04  8.1828E-05  4.2932E-10  1.8021E-13  9.9998E-01
 2.7308E+24  6.9785E-08  1.0000E+00  1.5394E+04  8.1828E-05  4.0095E-10  1.7962E-13  9.9998E-01
 2.8234E+24  7.4405E-08  1.0000E+00  1.5454E+04  8.1828E-05  3.7497E-10  1.7901E-13  9.9998E-01
 2.9160E+24  7.9110E-08  1.0000E+00  1.5510E+04  8.1828E-05  3.5173E-10  1.7845E-13  9.9998E-01
 3.0085E+24  8.4048E-08  1.0000E+00  1.5565E+04  8.1828E-05  3.3020E-10  1.7790E-13  9.9998E-01
 3.1011E+24  8.9075E-08  1.0000E+00  1.5622E+04  8.1828E-05  3.1074E-10  1.7734E-13  9.9998E-01
 3.1937E+24  9.4218E-08  1.0000E+00  1.5674E+04  8.1828E-05  2.9305E-10  1.7682E-13  9.9998E-01
 3.2862E+24  9.9481E-08  1.0000E+00  1.5726E+04  8.1828E-05  2.7687E-10  1.7632E-13  9.9997E-01
 3.3788E+24  1.0488E-07  1.0000E+00  1.5777E+04  8.1828E-05  2.6200E-10  1.7583E-13  9.9997E-01
 3.4714E+24  1.1044E-07  1.0000E+00  1.5826E+04  8.1828E-05  2.4823E-10  1.7535E-13  9.9997E-01
 3.5640E+24  1.1619E-07  1.0000E+00  1.5875E+04  8.1828E-05  2.3542E-10  1.7488E-13  9.9997E-01
 3.6565E+24  1.2216E-07  1.0000E+00  1.5921E+04  8.1828E-05  2.2344E-10  1.7444E-13  9.9997E-01
 3.7491E+24  1.2791E-07  1.0000E+00  1.5968E+04  8.1828E-05  2.1292E-10  1.7399E-13  9.9997E-01
 3.8417E+24  1.3418E-07  1.0000E+00  1.6014E+04  8.1828E-05  2.0254E-10  1.7356E-13  9.9997E-01
 3.9342E+24  1.4035E-07  1.0000E+00  1.6058E+04  8.1828E-05  1.9326E-10  1.7315E-13  9.9996E-01
 4.0268E+24  1.4687E-07  1.0000E+00  1.6102E+04  8.1828E-05  1.8429E-10  1.7273E-13  9.9996E-01
 4.1194E+24  1.5317E-07  1.0000E+00  1.6144E+04  8.1828E-05  1.7638E-10  1.7234E-13  9.9996E-01
 4.2120E+24  1.6003E-07  1.0000E+00  1.6186E+04  8.1828E-05  1.6849E-10  1.7196E-13  9.9996E-01
 4.3045E+24  1.6687E-07  1.0000E+00  1.6226E+04  8.1828E-05  1.6129E-10  1.7158E-13  9.9996E-01
 4.3971E+24  1.7353E-07  1.0000E+00  1.6267E+04  8.1828E-05  1.5481E-10  1.7121E-13  9.9996E-01
 4.4897E+24  1.8069E-07  1.0000E+00  1.6306E+04  8.1828E-05  1.4842E-10  1.7085E-13  9.9995E-01
 4.5822E+24  1.8794E-07  1.0000E+00  1.6345E+04  8.1828E-05  1.4244E-10  1.7050E-13  9.9995E-01
 4.6748E+24  1.9529E-07  1.0000E+00  1.6383E+04  8.1828E-05  1.3684E-10  1.7015E-13  9.9995E-01
 4.7674E+24  2.0275E-07  1.0000E+00  1.6420E+04  8.1828E-05  1.3158E-10  1.6982E-13  9.9995E-01
 4.8599E+24  2.1033E-07  1.0000E+00  1.6457E+04  8.1828E-05  1.2663E-10  1.6948E-13  9.9995E-01
 4.9525E+24  2.1804E-07  1.0000E+00  1.6493E+04  8.1828E-05  1.2196E-10  1.6916E-13  9.9994E-01
 5.0451E+24  2.2589E-07  1.0000E+00  1.6528E+04  8.1828E-05  1.1754E-10  1.6885E-13  9.9994E-01
 5.1377E+24  2.3389E-07  1.0000E+00  1.6562E+04  8.1828E-05  1.1334E-10  1.6854E-13  9.9994E-01
 5.2302E+24  2.4207E-07  1.0000E+00  1.6597E+04  8.1828E-05  1.0935E-10  1.6824E-13  9.9994E-01
 5.3228E+24  2.5043E-07  1.0000E+00  1.6630E+04  8.1828E-05  1.0554E-10  1.6794E-13  9.9994E-01
 5.4154E+24  2.5899E-07  1.0000E+00  1.6663E+04  8.1828E-05  1.0190E-10  1.6765E-13  9.9993E-01
 5.5079E+24  2.6698E-07  1.0000E+00  1.6696E+04  8.1828E-05  9.8703E-11  1.6736E-13  9.9993E-01
 5.6005E+24  2.7571E-07  1.0000E+00  1.6728E+04  8.1828E-05  9.5446E-11  1.6709E-13  9.9993E-01
 5.6931E+24  2.8480E-07  1.0000E+00  1.6760E+04  8.1828E-05  9.2266E-11  1.6681E-13  9.9993E-01
 5.7856E+24  2.9393E-07  1.0000E+00  1.6791E+04  8.1828E-05  8.9279E-11  1.6654E-13  9.9992E-01
 5.8782E+24  3.0221E-07  1.0000E+00  1.6821E+04  8.1828E-05  8.6717E-11  1.6628E-13  9.9992E-01
 5.9708E+24  3.1199E-07  1.0000E+00  1.6851E+04  8.1828E-05  8.3888E-11  1.6602E-13  9.9992E-01
 6.0634E+24  3.2131E-07  1.0000E+00  1.6880E+04  8.1828E-05  8.1349E-11  1.6577E-13  9.9992E-01
 6.1559E+24  3.3029E-07  1.0000E+00  1.6909E+04  8.1828E-05  7.9037E-11  1.6552E-13  9.9991E-01
 6.2485E+24  3.4091E-07  1.0000E+00  1.6938E+04  8.1828E-05  7.6480E-11  1.6527E-13  9.9991E-01
 6.3411E+24  3.4918E-07  1.0000E+00  1.6966E+04  8.1828E-05  7.4576E-11  1.6503E-13  9.9991E-01
 6.4336E+24  3.6038E-07  1.0000E+00  1.6994E+04  8.1828E-05  7.2171E-11  1.6479E-13  9.9991E-01
 6.5262E+24  3.6908E-07  1.0000E+00  1.7022E+04  8.1828E-05  7.0383E-11  1.6456E-13  9.9990E-01
 6.6188E+24  3.8059E-07  1.0000E+00  1.7049E+04  8.1828E-05  6.8175E-11  1.6433E-13  9.9990E-01
 6.7113E+24  3.8927E-07  1.0000E+00  1.7076E+04  8.1828E-05  6.6577E-11  1.6411E-13  9.9990E-01
 6.8039E+24  4.0105E-07  1.0000E+00  1.7102E+04  8.1828E-05  6.4547E-11  1.6389E-13  9.9990E-01
 6.8965E+24  4.1038E-07  1.0000E+00  1.7128E+04  8.1828E-05  6.3009E-11  1.6367E-13  9.9989E-01
 6.9891E+24  4.2161E-07  1.0000E+00  1.7154E+04  8.1828E-05  6.1263E-11  1.6345E-13  9.9989E-01
 7.0816E+24  4.3274E-07  1.0000E+00  1.7179E+04  8.1828E-05  5.9620E-11  1.6324E-13  9.9989E-01
 7.1742E+24  4.4249E-07  1.0000E+00  1.7205E+04  8.1828E-05  5.8244E-11  1.6303E-13  9.9989E-01
 7.2668E+24  4.5458E-07  1.0000E+00  1.7229E+04  8.1828E-05  5.6634E-11  1.6283E-13  9.9988E-01
 7.3593E+24  4.6552E-07  1.0000E+00  1.7254E+04  8.1828E-05  5.5245E-11  1.6262E-13  9.9988E-01
 7.4519E+24  4.7594E-07  1.0000E+00  1.7278E+04  8.1828E-05  5.3979E-11  1.6242E-13  9.9988E-01
 7.5445E+24  4.8823E-07  1.0000E+00  1.7302E+04  8.1828E-05  5.2567E-11  1.6223E-13  9.9987E-01
 7.6371E+24  5.0043E-07  1.0000E+00  1.7326E+04  8.1828E-05  5.1233E-11  1.6203E-13  9.9987E-01
 7.7296E+24  5.1019E-07  1.0000E+00  1.7349E+04  8.1828E-05  5.0203E-11  1.6184E-13  9.9987E-01
 7.8222E+24  5.2265E-07  1.0000E+00  1.7372E+04  8.1828E-05  4.8957E-11  1.6165E-13  9.9986E-01
 7.9148E+24  5.3521E-07  1.0000E+00  1.7395E+04  8.1828E-05  4.7761E-11  1.6147E-13  9.9986E-01
 8.0073E+24  5.4786E-07  1.0000E+00  1.7418E+04  8.1828E-05  4.6614E-11  1.6128E-13  9.9986E-01
 8.0999E+24  5.5829E-07  1.0000E+00  1.7440E+04  8.1828E-05  4.5699E-11  1.6110E-13  9.9986E-01
 8.1925E+24  5.7079E-07  1.0000E+00  1.7462E+04  8.1828E-05  4.4657E-11  1.6092E-13  9.9985E-01
 8.2850E+24  5.8366E-07  1.0000E+00  1.7484E+04  8.1828E-05  4.3631E-11  1.6074E-13  9.9985E-01
 8.3776E+24  5.9659E-07  1.0000E+00  1.7506E+04  8.1828E-05  4.2646E-11  1.6057E-13  9.9985E-01
 8.4702E+24  6.0962E-07  1.0000E+00  1.7527E+04  8.1828E-05  4.1697E-11  1.6040E-13  9.9984E-01
 8.5628E+24  6.2253E-07  1.0000E+00  1.7548E+04  8.1828E-05  4.0796E-11  1.6023E-13  9.9984E-01
 8.6553E+24  6.3396E-07  1.0000E+00  1.7569E+04  8.1828E-05  4.0024E-11  1.6006E-13  9.9984E-01
 8.7479E+24  6.4723E-07  1.0000E+00  1.7590E+04  8.1828E-05  3.9169E-11  1.5990E-13  9.9983E-01
 8.8405E+24  6.6062E-07  1.0000E+00  1.7611E+04  8.1828E-05  3.8342E-11  1.5973E-13  9.9983E-01
 8.9330E+24  6.7410E-07  1.0000E+00  1.7631E+04  8.1828E-05  3.7543E-11  1.5957E-13  9.9982E-01
 9.0256E+24  6.8767E-07  1.0000E+00  1.7651E+04  8.1828E-05  3.6771E-11  1.5941E-13  9.9982E-01
 9.1182E+24  7.0133E-07  1.0000E+00  1.7671E+04  8.1828E-05  3.6025E-11  1.5925E-13  9.9982E-01
 9.2107E+24  7.1508E-07  1.0000E+00  1.7691E+04  8.1828E-05  3.5302E-11  1.5910E-13  9.9981E-01
 9.3033E+24  7.2893E-07  1.0000E+00  1.7710E+04  8.1828E-05  3.4603E-11  1.5894E-13  9.9981E-01
 9.3959E+24  7.4288E-07  1.0000E+00  1.7730E+04  8.1828E-05  3.3926E-11  1.5879E-13  9.9981E-01
 9.4885E+24  7.5693E-07  1.0000E+00  1.7749E+04  8.1828E-05  3.3269E-11  1.5864E-13  9.9980E-01
 9.5810E+24  7.7109E-07  1.0000E+00  1.7768E+04  8.1828E-05  3.2632E-11  1.5849E-13  9.9980E-01
 9.6736E+24  7.8536E-07  1.0000E+00  1.7787E+04  8.1828E-05  3.2014E-11  1.5834E-13  9.9980E-01
 9.7662E+24  7.9975E-07  1.0000E+00  1.7806E+04  8.1828E-05  3.1414E-11  1.5820E-13  9.9979E-01
 9.8587E+24  8.1425E-07  1.0000E+00  1.7824E+04  8.1828E-05  3.0830E-11  1.5805E-13  9.9979E-01
 9.9513E+24  8.2889E-07  1.0000E+00  1.7842E+04  8.1828E-05  3.0263E-11  1.5791E-13  9.9978E-01
 1.0044E+25  8.4366E-07  1.0000E+00  1.7861E+04  8.1828E-05  2.9710E-11  1.5777E-13  9.9978E-01
 1.0136E+25  8.5857E-07  1.0000E+00  1.7879E+04  8.1828E-05  2.9172E-11  1.5763E-13  9.9978E-01
 1.0229E+25  8.7363E-07  1.0000E+00  1.7896E+04  8.1828E-05  2.8648E-11  1.5749E-13  9.9977E-01
 1.0322E+25  8.8885E-07  1.0000E+00  1.7914E+04  8.1828E-05  2.8137E-11  1.5735E-13  9.9977E-01
 1.0414E+25  9.0423E-07  1.0000E+00  1.7932E+04  8.1828E-05  2.7638E-11  1.5722E-13  9.9976E-01
 1.0507E+25  9.1978E-07  1.0000E+00  1.7949E+04  8.1828E-05  2.7151E-11  1.5708E-13  9.9976E-01
 1.0599E+25  9.3550E-07  1.0000E+00  1.7966E+04  8.1828E-05  2.6676E-11  1.5695E-13  9.9976E-01
 1.0692E+25  9.5142E-07  1.0000E+00  1.7983E+04  8.1828E-05  2.6211E-11  1.5682E-13  9.9975E-01
 1.0784E+25  9.6754E-07  1.0000E+00  1.8000E+04  8.1828E-05  2.5756E-11  1.5669E-13  9.9975E-01
 1.0877E+25  9.8386E-07  1.0000E+00  1.8017E+04  8.1828E-05  2.5311E-11  1.5656E-13  9.9974E-01
 1.0970E+25  1.0003E-06  1.0000E+00  1.8034E+04  8.1828E-05  2.4877E-11  1.5643E-13  9.9974E-01
 1.1062E+25  1.0138E-06  1.0000E+00  1.8051E+04  8.1828E-05  2.4529E-11  1.5631E-13  9.9973E-01
 1.1155E+25  1.0302E-06  1.0000E+00  1.8067E+04  8.1828E-05  2.4124E-11  1.5618E-13  9.9973E-01
 1.1247E+25  1.0470E-06  1.0000E+00  1.8083E+04  8.1828E-05  2.3719E-11  1.5606E-13  9.9972E-01
 1.1340E+25  1.0642E-06  1.0000E+00  1.8100E+04  8.1828E-05  2.3322E-11  1.5593E-13  9.9972E-01
 1.1432E+25  1.0815E-06  1.0000E+00  1.8116E+04  8.1828E-05  2.2933E-11  1.5581E-13  9.9971E-01
 1.1525E+25  1.0992E-06  1.0000E+00  1.8132E+04  8.1828E-05  2.2550E-11  1.5569E-13  9.9970E-01
 1.1618E+25  1.1170E-06  1.0000E+00  1.8147E+04  8.1828E-05  2.2175E-11  1.5557E-13  9.9967E-01
 1.1710E+25  1.1306E-06  1.0000E+00  1.8163E+04  8.1828E-05  2.1895E-11  1.5546E-13  9.9964E-01
 1.1803E+25  1.1473E-06  1.0000E+00  1.8178E+04  8.1828E-05  2.1561E-11  1.5534E-13  9.9958E-01
 1.1895E+25  1.1657E-06  1.0000E+00  1.8193E+04  8.1828E-05  2.1207E-11  1.5523E-13  9.9948E-01
 1.1988E+25  1.1844E-06  1.0000E+00  1.8208E+04  8.1828E-05  2.0860E-11  1.5512E-13  9.9930E-01
 1.2080E+25  1.2035E-06  1.0000E+00  1.8222E+04  8.1828E-05  2.0517E-11  1.5501E-13  9.9898E-01
 1.2173E+25  1.2205E-06  1.0000E+00  1.8235E+04  8.1828E-05  2.0220E-11  1.5492E-13  9.9842E-01
 1.2266E+25  1.2343E-06  1.0000E+00  1.8246E+04  8.1828E-05  1.9983E-11  1.5484E-13  9.9745E-01
 1.2358E+25  1.2541E-06  1.0000E+00  1.8254E+04  8.1828E-05  1.9659E-11  1.5478E-13  9.9578E-01
 1.2451E+25  1.2744E-06  1.0000E+00  1.8257E+04  8.1828E-05  1.9339E-11  1.5476E-13  9.9294E-01
 1.2543E+25  1.2953E-06  1.0000E+00  1.8251E+04  8.1828E-05  1.9023E-11  1.5480E-13  9.8817E-01
 1.2636E+25  1.3110E-06  1.0000E+00  1.8233E+04  8.1828E-05  1.8799E-11  1.5494E-13  9.8029E-01
 1.2728E+25  1.3292E-06  1.0000E+00  1.8193E+04  8.1828E-05  1.8553E-11  1.5524E-13  9.6748E-01
 1.2821E+25  1.3529E-06  1.0000E+00  1.8120E+04  8.1828E-05  1.8253E-11  1.5579E-13  9.4721E-01
 1.2914E+25  1.3787E-06  1.0000E+00  1.7999E+04  8.1828E-05  1.7957E-11  1.5673E-13  9.1623E-01
 1.3006E+25  1.4038E-06  1.0000E+00  1.7809E+04  8.1828E-05  1.7713E-11  1.5821E-13  8.7110E-01
 1.3099E+25  1.4286E-06  1.0000E+00  1.7530E+04  8.1828E-05  1.7524E-11  1.6044E-13  8.0946E-01
 1.3191E+25  1.4665E-06  1.0000E+00  1.7150E+04  8.1828E-05  1.7244E-11  1.6357E-13  7.3188E-01
 1.3284E+25  1.5108E-06  1.0000E+00  1.6670E+04  8.1828E-05  1.6972E-11  1.6770E-13  6.4314E-01
 1.3376E+25  1.5617E-06  1.0000E+00  1.6112E+04  8.1828E-05  1.6713E-11  1.7277E-13  5.5134E-01
 1.3469E+25  1.6085E-06  1.0000E+00  1.5511E+04  8.1828E-05  1.6569E-11  1.7859E-13  4.6488E-01
 1.3562E+25  1.6714E-06  1.0000E+00  1.4903E+04  8.1828E-05  1.6318E-11  1.8487E-13  3.8941E-01
 1.3654E+25  1.7377E-06  1.0000E+00  1.4319E+04  8.1828E-05  1.6077E-11  1.9136E-13  3.2691E-01
 1.3747E+25  1.8059E-06  1.0000E+00  1.3776E+04  8.1828E-05  1.5845E-11  1.9782E-13  2.7666E-01
 1.3839E+25  1.8750E-06  1.0000E+00  1.3280E+04  8.1828E-05  1.5620E-11  2.0412E-13  2.3671E-01
 1.3932E+25  1.9374E-06  1.0000E+00  1.2834E+04  8.1828E-05  1.5456E-11  2.1016E-13  2.0488E-01
 1.4024E+25  2.0031E-06  1.0000E+00  1.2433E+04  8.1828E-05  1.5261E-11  2.1590E-13  1.7929E-01
 1.4117E+25  2.0707E-06  1.0000E+00  1.2073E+04  8.1828E-05  1.5052E-11  2.2134E-13  1.5847E-01
 1.4210E+25  2.1372E-06  1.0000E+00  1.1751E+04  8.1828E-05  1.4849E-11  2.2647E-13  1.4131E-01
 1.4302E+25  2.2029E-06  1.0000E+00  1.1460E+04  8.1828E-05  1.4650E-11  2.3130E-13  1.2697E-01
 1.4395E+25  2.2675E-06  1.0000E+00  1.1197E+04  8.1828E-05  1.4456E-11  2.3586E-13  1.1484E-01
 1.4487E+25  2.3313E-06  1.0000E+00  1.0959E+04  8.1828E-05  1.4265E-11  2.4016E-13  1.0448E-01
 1.4580E+25  2.3931E-06  1.0000E+00  1.0742E+04  8.1828E-05  1.4089E-11  2.4421E-13  9.5546E-02
 1.4672E+25  2.4482E-06  1.0000E+00  1.0544E+04  8.1828E-05  1.3945E-11  2.4804E-13  8.7770E-02
 1.4765E+25  2.5093E-06  1.0000E+00  1.0363E+04  8.1828E-05  1.3766E-11  2.5167E-13  8.0953E-02
 1.4858E+25  2.5701E-06  1.0000E+00  1.0196E+04  8.1828E-05  1.3589E-11  2.5510E-13  7.4934E-02
 1.4950E+25  2.6302E-06  1.0000E+00  1.0043E+04  8.1828E-05  1.3417E-11  2.5835E-13  6.9589E-02
 1.5043E+25  2.6901E-06  1.0000E+00  9.9005E+03  8.1828E-05  1.3247E-11  2.6143E-13  6.4815E-02
 1.5135E+25  2.7496E-06  1.0000E+00  9.7688E+03  8.1828E-05  1.3079E-11  2.6436E-13  6.0530E-02
 1.5228E+25  2.8088E-06  1.0000E+00  9.6464E+03  8.1828E-05  1.2914E-11  2.6714E-13  5.6667E-02
 1.5320E+25  2.8675E-06  1.0000E+00  9.5325E+03  8.1828E-05  1.2754E-11  2.6978E-13  5.3169E-02
 1.5413E+25  2.9155E-06  1.0000E+00  9.4261E+03  8.1828E-05  1.2642E-11  2.7230E-13  4.9990E-02
 1.5506E+25  2.9730E-06  1.0000E+00  9.3267E+03  8.1828E-05  1.2486E-11  2.7471E-13  4.7091E-02
 1.5598E+25  3.0310E-06  1.0000E+00  9.2335E+03  8.1828E-05  1.2331E-11  2.7700E-13  4.4438E-02
 1.5691E+25  3.0890E-06  1.0000E+00  9.1461E+03  8.1828E-05  1.2179E-11  2.7918E-13  4.2004E-02
 1.5783E+25  3.1471E-06  1.0000E+00  9.0638E+03  8.1828E-05  1.2028E-11  2.8127E-13  3.9764E-02
 1.5876E+25  3.2054E-06  1.0000E+00  8.9865E+03  8.1828E-05  1.1879E-11  2.8327E-13  3.7698E-02
 1.5968E+25  3.2604E-06  1.0000E+00  8.9135E+03  8.1828E-05  1.1748E-11  2.8518E-13  3.5787E-02
 1.6061E+25  3.3056E-06  1.0000E+00  8.8446E+03  8.1828E-05  1.1646E-11  2.8701E-13  3.4015E-02
 1.6154E+25  3.3635E-06  1.0000E+00  8.7794E+03  8.1828E-05  1.1504E-11  2.8877E-13  3.2370E-02
 1.6246E+25  3.4217E-06  1.0000E+00  8.7178E+03  8.1828E-05  1.1363E-11  2.9045E-13  3.0839E-02
 1.6339E+25  3.4804E-06  1.0000E+00  8.6593E+03  8.1828E-05  1.1223E-11  2.9206E-13  2.9412E-02
 1.6431E+25  3.5398E-06  1.0000E+00  8.6039E+03  8.1828E-05  1.1083E-11  2.9361E-13  2.8079E-02
 1.6524E+25  3.5857E-06  1.0000E+00  8.5512E+03  8.1828E-05  1.0992E-11  2.9509E-13  2.6832E-02
 1.6616E+25  3.6363E-06  1.0000E+00  8.5012E+03  8.1828E-05  1.0879E-11  2.9652E-13  2.5663E-02
 1.6709E+25  3.6958E-06  1.0000E+00  8.4535E+03  8.1828E-05  1.0745E-11  2.9789E-13  2.4567E-02
 1.6802E+25  3.7560E-06  1.0000E+00  8.4081E+03  8.1828E-05  1.0612E-11  2.9921E-13  2.3537E-02
 1.6894E+25  3.8170E-06  1.0000E+00  8.3648E+03  8.1828E-05  1.0479E-11  3.0048E-13  2.2567E-02
 1.6987E+25  3.8560E-06  1.0000E+00  8.3235E+03  8.1828E-05  1.0413E-11  3.0170E-13  2.1654E-02
 1.7079E+25  3.9114E-06  1.0000E+00  8.2841E+03  8.1828E-05  1.0295E-11  3.0288E-13  2.0793E-02
 1.7172E+25  3.9733E-06  1.0000E+00  8.2464E+03  8.1828E-05  1.0166E-11  3.0401E-13  1.9979E-02
 1.7264E+25  4.0361E-06  1.0000E+00  8.2104E+03  8.1828E-05  1.0038E-11  3.0510E-13  1.9210E-02
 1.7357E+25  4.0825E-06  1.0000E+00  8.1759E+03  8.1828E-05  9.9570E-12  3.0616E-13  1.8483E-02
 1.7450E+25  4.1293E-06  1.0000E+00  8.1428E+03  8.1828E-05  9.8675E-12  3.0717E-13  1.7793E-02
 1.7542E+25  4.1934E-06  1.0000E+00  8.1112E+03  8.1828E-05  9.7428E-12  3.0815E-13  1.7140E-02
 1.7635E+25  4.2587E-06  1.0000E+00  8.0808E+03  8.1828E-05  9.6180E-12  3.0910E-13  1.6519E-02
 1.7727E+25  4.3009E-06  1.0000E+00  8.0517E+03  8.1828E-05  9.5513E-12  3.1001E-13  1.5930E-02
 1.7820E+25  4.3513E-06  1.0000E+00  8.0237E+03  8.1828E-05  9.4594E-12  3.1090E-13  1.5370E-02
 1.7912E+25  4.4185E-06  1.0000E+00  7.9968E+03  8.1828E-05  9.3370E-12  3.1175E-13  1.4837E-02
 1.8005E+25  4.4865E-06  1.0000E+00  7.9710E+03  8.1828E-05  9.2175E-12  3.1258E-13  1.4330E-02
 1.8097E+25  4.5116E-06  1.0000E+00  7.9461E+03  8.1828E-05  9.1870E-12  3.1337E-13  1.3846E-02
 1.8190E+25  4.5795E-06  1.0000E+00  7.9222E+03  8.1828E-05  9.0670E-12  3.1415E-13  1.3385E-02
 1.8283E+25  4.6504E-06  1.0000E+00  7.8992E+03  8.1828E-05  8.9466E-12  3.1489E-13  1.2945E-02
 1.8375E+25  4.6922E-06  1.0000E+00  7.8770E+03  8.1828E-05  8.8888E-12  3.1564E-13  1.2524E-02
 1.8468E+25  4.7428E-06  1.0000E+00  7.8556E+03  8.1828E-05  8.8062E-12  3.1634E-13  1.2122E-02
 1.8560E+25  4.8166E-06  1.0000E+00  7.8351E+03  8.1828E-05  8.6870E-12  3.1702E-13  1.1739E-02
 1.8653E+25  4.8701E-06  1.0000E+00  7.8152E+03  8.1828E-05  8.6107E-12  3.1767E-13  1.1371E-02
 1.8745E+25  4.9091E-06  1.0000E+00  7.7960E+03  8.1828E-05  8.5527E-12  3.1831E-13  1.1019E-02
 1.8838E+25  4.9856E-06  1.0000E+00  7.7775E+03  8.1828E-05  8.4351E-12  3.1893E-13  1.0682E-02
 1.8931E+25  5.0436E-06  9.9999E-01  7.7596E+03  8.1828E-05  8.3553E-12  3.1953E-13  1.0359E-02
 1.9023E+25  5.0784E-06  9.9999E-01  7.7423E+03  8.1828E-05  8.3066E-12  3.2011E-13  1.0050E-02
 1.9116E+25  5.1588E-06  9.9999E-01  7.7257E+03  8.1828E-05  8.1895E-12  3.2067E-13  9.7527E-03
 1.9208E+25  5.2139E-06  9.9999E-01  7.7095E+03  8.1828E-05  8.1186E-12  3.2121E-13  9.4670E-03
 1.9301E+25  5.2523E-06  9.9999E-01  7.6939E+03  8.1828E-05  8.0665E-12  3.2174E-13  9.1934E-03
 1.9393E+25  5.3360E-06  9.9999E-01  7.6788E+03  8.1828E-05  7.9506E-12  3.2226E-13  8.9299E-03
 1.9486E+25  5.3798E-06  9.9999E-01  7.6642E+03  8.1828E-05  7.9002E-12  3.2276E-13  8.6769E-03
 1.9579E+25  5.4315E-06  9.9999E-01  7.6501E+03  8.1828E-05  7.8309E-12  3.2324E-13  8.4336E-03
 1.9671E+25  5.5194E-06  9.9999E-01  7.6363E+03  8.1828E-05  7.7158E-12  3.2372E-13  8.1992E-03
 1.9764E+25  5.5408E-06  9.9999E-01  7.6231E+03  8.1828E-05  7.6991E-12  3.2417E-13  7.9740E-03
 1.9856E+25  5.6166E-06  9.9999E-01  7.6102E+03  8.1828E-05  7.6001E-12  3.2462E-13  7.7565E-03
 1.9949E+25  5.6939E-06  9.9999E-01  7.5977E+03  8.1828E-05  7.5094E-12  3.2505E-13  7.5478E-03
 2.0041E+25  5.7130E-06  9.9999E-01  7.5856E+03  8.1828E-05  7.4885E-12  3.2547E-13  7.3458E-03
 2.0134E+25  5.8083E-06  9.9999E-01  7.5739E+03  8.1828E-05  7.3733E-12  3.2588E-13  7.1519E-03
 2.0227E+25  5.8488E-06  9.9999E-01  7.5625E+03  8.1828E-05  7.3338E-12  3.2628E-13  6.9640E-03
 2.0319E+25  5.9075E-06  9.9999E-01  7.5515E+03  8.1828E-05  7.2644E-12  3.2667E-13  6.7835E-03
 2.0412E+25  5.9990E-06  9.9999E-01  7.5407E+03  8.1828E-05  7.1641E-12  3.2705E-13  6.6084E-03
 2.0504E+25  6.0077E-06  9.9999E-01  7.5303E+03  8.1828E-05  7.1572E-12  3.2742E-13  6.4403E-03
 2.0597E+25  6.1103E-06  9.9999E-01  7.5202E+03  8.1828E-05  7.0433E-12  3.2777E-13  6.2770E-03
 2.0689E+25  6.1469E-06  9.9999E-01  7.5104E+03  8.1828E-05  7.0115E-12  3.2812E-13  6.1201E-03
 2.0782E+25  6.2134E-06  9.9999E-01  7.5008E+03  8.1828E-05  6.9386E-12  3.2846E-13  5.9676E-03
 2.0875E+25  6.2952E-06  9.9999E-01  7.4916E+03  8.1828E-05  6.8582E-12  3.2879E-13  5.8210E-03
 2.0967E+25  6.3167E-06  9.9999E-01  7.4825E+03  8.1828E-05  6.8366E-12  3.2911E-13  5.6784E-03
 2.1060E+25  6.4293E-06  9.9999E-01  7.4738E+03  8.1828E-05  6.7223E-12  3.2943E-13  5.5411E-03
 2.1152E+25  6.4354E-06  9.9999E-01  7.4652E+03  8.1828E-05  6.7251E-12  3.2973E-13  5.4078E-03
 2.1245E+25  6.5367E-06  9.9999E-01  7.4569E+03  8.1828E-05  6.6220E-12  3.3003E-13  5.2789E-03
 2.1337E+25  6.5810E-06  9.9999E-01  7.4488E+03  8.1828E-05  6.5862E-12  3.3032E-13  5.1542E-03
 2.1430E+25  6.6454E-06  9.9999E-01  7.4409E+03  8.1828E-05  6.5233E-12  3.3061E-13  5.0330E-03
 2.1523E+25  6.7257E-06  9.9999E-01  7.4333E+03  8.1828E-05  6.4537E-12  3.3088E-13  4.9163E-03
 2.1615E+25  6.7557E-06  9.9999E-01  7.4258E+03  8.1828E-05  6.4258E-12  3.3115E-13  4.8024E-03
 2.1708E+25  6.8695E-06  9.9999E-01  7.4186E+03  8.1828E-05  6.3271E-12  3.3141E-13  4.6927E-03
 2.1800E+25  6.8676E-06  9.9999E-01  7.4115E+03  8.1828E-05  6.3296E-12  3.3167E-13  4.5859E-03
 2.1893E+25  6.9972E-06  9.9999E-01  7.4046E+03  8.1828E-05  6.2161E-12  3.3192E-13  4.4823E-03
 2.1985E+25  6.9967E-06  9.9999E-01  7.3979E+03  8.1828E-05  6.2242E-12  3.3217E-13  4.3822E-03
 2.2078E+25  7.1146E-06  9.9999E-01  7.3913E+03  8.1828E-05  6.1212E-12  3.3241E-13  4.2843E-03
 2.2171E+25  7.1371E-06  9.9999E-01  7.3849E+03  8.1828E-05  6.1092E-12  3.3264E-13  4.1902E-03
 2.2263E+25  7.2337E-06  9.9999E-01  7.3787E+03  8.1828E-05  6.0274E-12  3.3287E-13  4.0982E-03
 2.2356E+25  7.2770E-06  9.9999E-01  7.3726E+03  8.1828E-05  5.9986E-12  3.3309E-13  4.0090E-03
 2.2448E+25  7.3550E-06  9.9999E-01  7.3667E+03  8.1828E-05  5.9346E-12  3.3331E-13  3.9227E-03
 2.2541E+25  7.4159E-06  9.9999E-01  7.3609E+03  8.1828E-05  5.8927E-12  3.3352E-13  3.8382E-03
 2.2633E+25  7.4782E-06  9.9999E-01  7.3553E+03  8.1828E-05  5.8430E-12  3.3373E-13  3.7567E-03
 2.2726E+25  7.5541E-06  9.9999E-01  7.3498E+03  8.1828E-05  5.7909E-12  3.3393E-13  3.6774E-03
 2.2819E+25  7.6042E-06  9.9999E-01  7.3444E+03  8.1828E-05  5.7520E-12  3.3413E-13  3.5998E-03
 2.2911E+25  7.6912E-06  9.9999E-01  7.3392E+03  8.1828E-05  5.6934E-12  3.3432E-13  3.5251E-03
 2.3004E+25  7.7330E-06  9.9999E-01  7.3340E+03  8.1828E-05  5.6617E-12  3.3451E-13  3.4519E-03
 2.3096E+25  7.8272E-06  9.9999E-01  7.3290E+03  8.1828E-05  5.5998E-12  3.3469E-13  3.3807E-03
 2.3189E+25  7.8644E-06  9.9999E-01  7.3241E+03  8.1828E-05  5.5722E-12  3.3487E-13  3.3120E-03
 2.3281E+25  7.9623E-06  9.9999E-01  7.3193E+03  8.1828E-05  5.5098E-12  3.3505E-13  3.2445E-03
 2.3374E+25  7.9988E-06  9.9999E-01  7.3147E+03  8.1828E-05  5.4834E-12  3.3523E-13  3.1790E-03
 2.3467E+25  8.0960E-06  9.9999E-01  7.3101E+03  8.1828E-05  5.4234E-12  3.3539E-13  3.1156E-03
 2.3559E+25  8.1365E-06  9.9999E-01  7.3057E+03  8.1828E-05  5.3952E-12  3.3556E-13  3.0533E-03
 2.3652E+25  8.2285E-06  9.9999E-01  7.3013E+03  8.1828E-05  5.3405E-12  3.3572E-13  2.9928E-03
 2.3744E+25  8.2777E-06  9.9999E-01  7.2971E+03  8.1828E-05  5.3074E-12  3.3588E-13  2.9343E-03
 2.3837E+25  8.3600E-06  9.9999E-01  7.2929E+03  8.1828E-05  5.2608E-12  3.3604E-13  2.8767E-03
 2.3929E+25  8.4224E-06  9.9999E-01  7.2888E+03  8.1828E-05  5.2202E-12  3.3619E-13  2.8208E-03
 2.4022E+25  8.4903E-06  9.9999E-01  7.2849E+03  8.1828E-05  5.1840E-12  3.3634E-13  2.7666E-03
 2.4115E+25  8.5710E-06  9.9999E-01  7.2809E+03  8.1828E-05  5.1335E-12  3.3648E-13  2.7134E-03
 2.4207E+25  8.6193E-06  9.9999E-01  7.2771E+03  8.1828E-05  5.1101E-12  3.3663E-13  2.6616E-03
 2.4300E+25  8.7237E-06  9.9999E-01  7.2734E+03  8.1828E-05  5.0473E-12  3.3677E-13  2.6114E-03
 2.4392E+25  8.7469E-06  9.9999E-01  7.2698E+03  8.1828E-05  5.0390E-12  3.3690E-13  2.5621E-03
 2.4485E+25  8.8806E-06  9.9999E-01  7.2662E+03  8.1828E-05  4.9615E-12  3.3704E-13  2.5139E-03
 2.4577E+25  8.8732E-06  9.9999E-01  7.2627E+03  8.1828E-05  4.9706E-12  3.3717E-13  2.4675E-03
 2.4670E+25  9.0416E-06  9.9999E-01  7.2593E+03  8.1828E-05  4.8768E-12  3.3730E-13  2.4217E-03
 2.4763E+25  8.9985E-06  9.9999E-01  7.2559E+03  8.1828E-05  4.9041E-12  3.3742E-13  2.3769E-03
 2.4855E+25  9.1725E-06  9.9999E-01  7.2527E+03  8.1828E-05  4.8130E-12  3.3755E-13  2.3337E-03
 2.4948E+25  9.1572E-06  9.9999E-01  7.2494E+03  8.1828E-05  4.8192E-12  3.3767E-13  2.2913E-03
 2.5040E+25  9.2966E-06  9.9999E-01  7.2463E+03  8.1828E-05  4.7517E-12  3.3779E-13  2.2497E-03
 2.5133E+25  9.3264E-06  9.9999E-01  7.2432E+03  8.1828E-05  4.7345E-12  3.3790E-13  2.2093E-03
 2.5225E+25  9.4192E-06  9.9999E-01  7.2402E+03  8.1828E-05  4.6925E-12  3.3802E-13  2.1700E-03
 2.5318E+25  9.5008E-06  9.9999E-01  7.2372E+03  8.1828E-05  4.6502E-12  3.3813E-13  2.1312E-03
 2.5411E+25  9.5402E-06  9.9999E-01  7.2343E+03  8.1828E-05  4.6356E-12  3.3824E-13  2.0934E-03
 2.5503E+25  9.6804E-06  9.9999E-01  7.2315E+03  8.1828E-05  4.5665E-12  3.3835E-13  2.0569E-03
 2.5596E+25  9.6599E-06  9.9999E-01  7.2287E+03  8.1828E-05  4.5806E-12  3.3845E-13  2.0209E-03
 2.5688E+25  9.8395E-06  9.9999E-01  7.2260E+03  8.1828E-05  4.4982E-12  3.3856E-13  1.9855E-03
 2.5781E+25  9.8042E-06  9.9999E-01  7.2233E+03  8.1828E-05  4.5123E-12  3.3866E-13  1.9512E-03
 2.5873E+25  9.9579E-06  9.9999E-01  7.2207E+03  8.1828E-05  4.4469E-12  3.3876E-13  1.9179E-03
 2.5966E+25  9.9938E-06  9.9999E-01  7.2181E+03  8.1828E-05  4.4288E-12  3.3885E-13  1.8850E-03
 2.6059E+25  1.0075E-05  9.9999E-01  7.2156E+03  8.1828E-05  4.3976E-12  3.3895E-13  1.8527E-03
 2.6151E+25  1.0190E-05  9.9999E-01  7.2131E+03  8.1828E-05  4.3458E-12  3.3904E-13  1.8215E-03
 2.6244E+25  1.0190E-05  9.9999E-01  7.2107E+03  8.1828E-05  4.3497E-12  3.3914E-13  1.7909E-03
 2.6336E+25  1.0374E-05  9.9999E-01  7.2083E+03  8.1828E-05  4.2734E-12  3.3923E-13  1.7607E-03
 2.6429E+25  1.0322E-05  9.9999E-01  7.2060E+03  8.1828E-05  4.2932E-12  3.3932E-13  1.7313E-03
 2.6521E+25  1.0488E-05  9.9999E-01  7.2037E+03  8.1828E-05  4.2290E-12  3.3940E-13  1.7028E-03
 2.6614E+25  1.0528E-05  9.9999E-01  7.2014E+03  8.1828E-05  4.2105E-12  3.3949E-13  1.6747E-03
 2.6707E+25  1.0600E-05  9.9999E-01  7.1992E+03  8.1828E-05  4.1862E-12  3.3957E-13  1.6470E-03
 2.6799E+25  1.0743E-05  9.9999E-01  7.1971E+03  8.1828E-05  4.1282E-12  3.3966E-13  1.6201E-03
 2.6892E+25  1.0710E-05  9.9999E-01  7.1950E+03  8.1828E-05  4.1447E-12  3.3974E-13  1.5940E-03
 2.6984E+25  1.0899E-05  9.9999E-01  7.1929E+03  8.1828E-05  4.0739E-12  3.3982E-13  1.5682E-03
 2.7077E+25  1.0886E-05  9.9999E-01  7.1908E+03  8.1828E-05  4.0764E-12  3.3989E-13  1.5428E-03
 2.7169E+25  1.1008E-05  9.9999E-01  7.1888E+03  8.1828E-05  4.0352E-12  3.3997E-13  1.5181E-03
 2.7262E+25  1.1113E-05  9.9999E-01  7.1869E+03  8.1828E-05  3.9946E-12  3.4005E-13  1.4941E-03
 2.7355E+25  1.1114E-05  9.9999E-01  7.1849E+03  8.1828E-05  3.9979E-12  3.4012E-13  1.4704E-03
 2.7447E+25  1.1305E-05  9.9999E-01  7.1830E+03  8.1828E-05  3.9311E-12  3.4019E-13  1.4470E-03
 2.7540E+25  1.1263E-05  9.9999E-01  7.1811E+03  8.1828E-05  3.9435E-12  3.4027E-13  1.4242E-03
 2.7632E+25  1.1411E-05  9.9999E-01  7.1793E+03  8.1828E-05  3.8960E-12  3.4034E-13  1.4022E-03
 2.7725E+25  1.1505E-05  9.9999E-01  7.1775E+03  8.1828E-05  3.8618E-12  3.4040E-13  1.3804E-03
 2.7817E+25  1.1514E-05  9.9999E-01  7.1757E+03  8.1828E-05  3.8624E-12  3.4047E-13  1.3589E-03
 2.7910E+25  1.1708E-05  9.9999E-01  7.1740E+03  8.1828E-05  3.7992E-12  3.4054E-13  1.3378E-03
 2.8003E+25  1.1664E-05  9.9999E-01  7.1723E+03  8.1828E-05  3.8111E-12  3.4061E-13  1.3175E-03
 2.8095E+25  1.1810E-05  9.9999E-01  7.1706E+03  8.1828E-05  3.7675E-12  3.4067E-13  1.2974E-03
 2.8188E+25  1.1922E-05  9.9999E-01  7.1689E+03  8.1828E-05  3.7298E-12  3.4073E-13  1.2776E-03
 2.8280E+25  1.1910E-05  9.9999E-01  7.1673E+03  8.1828E-05  3.7370E-12  3.4080E-13  1.2582E-03
 2.8373E+25  1.2106E-05  9.9999E-01  7.1657E+03  8.1828E-05  3.6772E-12  3.4086E-13  1.2393E-03
 2.8465E+25  1.2091E-05  9.9999E-01  7.1642E+03  8.1828E-05  3.6794E-12  3.4092E-13  1.2209E-03
 2.8558E+25  1.2205E-05  9.9999E-01  7.1626E+03  8.1828E-05  3.6484E-12  3.4098E-13  1.2026E-03
 2.8651E+25  1.2366E-05  9.9999E-01  7.1611E+03  8.1828E-05  3.5986E-12  3.4104E-13  1.1846E-03
 2.8743E+25  1.2302E-05  9.9999E-01  7.1596E+03  8.1828E-05  3.6208E-12  3.4109E-13  1.1671E-03
 2.8836E+25  1.2499E-05  9.9999E-01  7.1582E+03  8.1828E-05  3.5640E-12  3.4115E-13  1.1501E-03
 2.8928E+25  1.2546E-05  9.9999E-01  7.1567E+03  8.1828E-05  3.5483E-12  3.4120E-13  1.1332E-03
 2.9021E+25  1.2595E-05  9.9999E-01  7.1553E+03  8.1828E-05  3.5380E-12  3.4126E-13  1.1166E-03
 2.9113E+25  1.2794E-05  9.9999E-01  7.1539E+03  8.1828E-05  3.4832E-12  3.4131E-13  1.1003E-03
 2.9206E+25  1.2732E-05  9.9999E-01  7.1526E+03  8.1828E-05  3.4979E-12  3.4137E-13  1.0844E-03
 2.9299E+25  1.2887E-05  9.9999E-01  7.1512E+03  8.1828E-05  3.4590E-12  3.4142E-13  1.0690E-03
 2.9391E+25  1.3034E-05  9.9999E-01  7.1499E+03  8.1828E-05  3.4179E-12  3.4147E-13  1.0536E-03
 2.9484E+25  1.2980E-05  9.9999E-01  7.1486E+03  8.1828E-05  3.4353E-12  3.4152E-13  1.0384E-03
 2.9576E+25  1.3181E-05  9.9999E-01  7.1473E+03  8.1828E-05  3.3833E-12  3.4157E-13  1.0236E-03
 2.9669E+25  1.3233E-05  9.9999E-01  7.1460E+03  8.1828E-05  3.3677E-12  3.4162E-13  1.0093E-03
 2.9761E+25  1.3270E-05  9.9999E-01  7.1448E+03  8.1828E-05  3.3612E-12  3.4166E-13  9.9510E-04
 2.9854E+25  1.3475E-05  9.9999E-01  7.1436E+03  8.1828E-05  3.3107E-12  3.4171E-13  9.8108E-04
 2.9947E+25  1.3438E-05  9.9999E-01  7.1424E+03  8.1828E-05  3.3174E-12  3.4176E-13  9.6723E-04
 3.0039E+25  1.3562E-05  9.9999E-01  7.1412E+03  8.1828E-05  3.2902E-12  3.4180E-13  9.5377E-04
 3.0132E+25  1.3764E-05  9.9999E-01  7.1400E+03  8.1828E-05  3.2412E-12  3.4185E-13  9.4069E-04
 3.0224E+25  1.3654E-05  9.9999E-01  7.1389E+03  8.1828E-05  3.2670E-12  3.4189E-13  9.2775E-04
 3.0317E+25  1.3853E-05  9.9999E-01  7.1378E+03  8.1828E-05  3.2221E-12  3.4194E-13  9.1492E-04
 3.0409E+25  1.3991E-05  9.9999E-01  7.1366E+03  8.1828E-05  3.1880E-12  3.4198E-13  9.0228E-04
 3.0502E+25  1.3937E-05  9.9999E-01  7.1356E+03  8.1828E-05  3.2033E-12  3.4202E-13  8.8999E-04
 3.0594E+25  1.4145E-05  9.9999E-01  7.1345E+03  8.1828E-05  3.1566E-12  3.4206E-13  8.7803E-04
 3.0687E+25  1.4219E-05  9.9999E-01  7.1334E+03  8.1828E-05  3.1378E-12  3.4211E-13  8.6620E-04
 3.0780E+25  1.4226E-05  9.9999E-01  7.1324E+03  8.1828E-05  3.1392E-12  3.4215E-13  8.5447E-04
 3.0872E+25  1.4436E-05  9.9999E-01  7.1314E+03  8.1828E-05  3.0938E-12  3.4219E-13  8.4289E-04
 3.0965E+25  1.4455E-05  9.9999E-01  7.1303E+03  8.1828E-05  3.0876E-12  3.4223E-13  8.3163E-04
 3.1057E+25  1.4515E-05  9.9999E-01  7.1294E+03  8.1828E-05  3.0777E-12  3.4226E-13  8.2067E-04
 3.1150E+25  1.4727E-05  9.9999E-01  7.1284E+03  8.1828E-05  3.0336E-12  3.4230E-13  8.0985E-04
 3.1242E+25  1.4698E-05  9.9999E-01  7.1274E+03  8.1828E-05  3.0374E-12  3.4234E-13  7.9911E-04
 3.1335E+25  1.4803E-05  9.9999E-01  7.1265E+03  8.1828E-05  3.0185E-12  3.4238E-13  7.8849E-04
 3.1428E+25  1.5018E-05  9.9998E-01  7.1255E+03  8.1828E-05  2.9757E-12  3.4241E-13  7.7814E-04
 3.1520E+25  1.4948E-05  9.9999E-01  7.1246E+03  8.1828E-05  2.9873E-12  3.4245E-13  7.6807E-04
 3.1613E+25  1.5092E-05  9.9998E-01  7.1237E+03  8.1828E-05  2.9616E-12  3.4248E-13  7.5817E-04
 3.1705E+25  1.5308E-05  9.9998E-01  7.1228E+03  8.1828E-05  2.9200E-12  3.4252E-13  7.4833E-04
 3.1798E+25  1.5207E-05  9.9998E-01  7.1219E+03  8.1828E-05  2.9372E-12  3.4255E-13  7.3859E-04
 3.1890E+25  1.5380E-05  9.9998E-01  7.1210E+03  8.1828E-05  2.9069E-12  3.4259E-13  7.2902E-04
 3.1983E+25  1.5597E-05  9.9998E-01  7.1202E+03  8.1828E-05  2.8664E-12  3.4262E-13  7.1973E-04
 3.2076E+25  1.5475E-05  9.9998E-01  7.1193E+03  8.1828E-05  2.8871E-12  3.4265E-13  7.1066E-04
 3.2168E+25  1.5667E-05  9.9998E-01  7.1185E+03  8.1828E-05  2.8542E-12  3.4268E-13  7.0165E-04
 3.2261E+25  1.5886E-05  9.9998E-01  7.1177E+03  8.1828E-05  2.8148E-12  3.4272E-13  6.9271E-04
 3.2353E+25  1.5753E-05  9.9998E-01  7.1169E+03  8.1828E-05  2.8370E-12  3.4275E-13  6.8388E-04
 3.2446E+25  1.5954E-05  9.9998E-01  7.1161E+03  8.1828E-05  2.8035E-12  3.4278E-13  6.7528E-04
 3.2538E+25  1.6175E-05  9.9998E-01  7.1153E+03  8.1828E-05  2.7652E-12  3.4281E-13  6.6691E-04
 3.2631E+25  1.6040E-05  9.9998E-01  7.1145E+03  8.1828E-05  2.7868E-12  3.4284E-13  6.5867E-04
 3.2724E+25  1.6241E-05  9.9998E-01  7.1138E+03  8.1828E-05  2.7547E-12  3.4287E-13  6.5046E-04
 3.2816E+25  1.6464E-05  9.9998E-01  7.1130E+03  8.1828E-05  2.7174E-12  3.4290E-13  6.4234E-04
 3.2909E+25  1.6337E-05  9.9998E-01  7.1123E+03  8.1828E-05  2.7365E-12  3.4293E-13  6.3434E-04
 3.3001E+25  1.6526E-05  9.9998E-01  7.1115E+03  8.1828E-05  2.7077E-12  3.4296E-13  6.2657E-04
 3.3094E+25  1.6752E-05  9.9998E-01  7.1108E+03  8.1828E-05  2.6714E-12  3.4299E-13  6.1899E-04
 3.3186E+25  1.6646E-05  9.9998E-01  7.1101E+03  8.1828E-05  2.6862E-12  3.4301E-13  6.1148E-04
 3.3279E+25  1.6811E-05  9.9998E-01  7.1094E+03  8.1828E-05  2.6624E-12  3.4304E-13  6.0401E-04
 3.3372E+25  1.7038E-05  9.9998E-01  7.1087E+03  8.1828E-05  2.6271E-12  3.4307E-13  5.9662E-04
 3.3464E+25  1.6967E-05  9.9998E-01  7.1080E+03  8.1828E-05  2.6359E-12  3.4309E-13  5.8937E-04
 3.3557E+25  1.7095E-05  9.9998E-01  7.1074E+03  8.1828E-05  2.6187E-12  3.4312E-13  5.8230E-04
 3.3649E+25  1.7323E-05  9.9998E-01  7.1067E+03  8.1828E-05  2.5844E-12  3.4315E-13  5.7542E-04
 3.3742E+25  1.7300E-05  9.9998E-01  7.1060E+03  8.1828E-05  2.5857E-12  3.4317E-13  5.6857E-04
 3.3834E+25  1.7377E-05  9.9998E-01  7.1054E+03  8.1828E-05  2.5766E-12  3.4320E-13  5.6177E-04
 3.3927E+25  1.7607E-05  9.9998E-01  7.1048E+03  8.1828E-05  2.5431E-12  3.4322E-13  5.5503E-04
 3.4020E+25  1.7646E-05  9.9998E-01  7.1041E+03  8.1828E-05  2.5355E-12  3.4325E-13  5.4843E-04
 3.4112E+25  1.7659E-05  9.9998E-01  7.1035E+03  8.1828E-05  2.5359E-12  3.4327E-13  5.4200E-04
 3.4205E+25  1.7891E-05  9.9998E-01  7.1029E+03  8.1828E-05  2.5033E-12  3.4329E-13  5.3572E-04
 3.4297E+25  1.8005E-05  9.9998E-01  7.1023E+03  8.1828E-05  2.4854E-12  3.4332E-13  5.2948E-04
 3.4390E+25  1.7941E-05  9.9998E-01  7.1017E+03  8.1828E-05  2.4966E-12  3.4334E-13  5.2329E-04
 3.4482E+25  1.8173E-05  9.9998E-01  7.1011E+03  8.1828E-05  2.4648E-12  3.4336E-13  5.1714E-04
 3.4575E+25  1.8376E-05  9.9998E-01  7.1005E+03  8.1828E-05  2.4355E-12  3.4339E-13  5.1110E-04
 3.4668E+25  1.8221E-05  9.9998E-01  7.0999E+03  8.1828E-05  2.4586E-12  3.4341E-13  5.0522E-04
 3.4760E+25  1.8455E-05  9.9998E-01  7.0994E+03  8.1828E-05  2.4275E-12  3.4343E-13  4.9948E-04
 3.4853E+25  1.8693E-05  9.9998E-01  7.0988E+03  8.1828E-05  2.3968E-12  3.4345E-13  4.9380E-04
 3.4945E+25  1.8569E-05  9.9998E-01  7.0983E+03  8.1828E-05  2.4107E-12  3.4348E-13  4.8815E-04
 3.5038E+25  1.8736E-05  9.9998E-01  7.0977E+03  8.1828E-05  2.3916E-12  3.4350E-13  4.8254E-04
 3.5130E+25  1.8974E-05  9.9998E-01  7.0972E+03  8.1828E-05  2.3617E-12  3.4352E-13  4.7700E-04
 3.5223E+25  1.8968E-05  9.9998E-01  7.0967E+03  8.1828E-05  2.3603E-12  3.4354E-13  4.7161E-04
 3.5316E+25  1.9015E-05  9.9998E-01  7.0961E+03  8.1828E-05  2.3568E-12  3.4356E-13  4.6634E-04
 3.5408E+25  1.9254E-05  9.9998E-01  7.0956E+03  8.1828E-05  2.3277E-12  3.4358E-13  4.6116E-04
 3.5501E+25  1.9383E-05  9.9998E-01  7.0951E+03  8.1828E-05  2.3103E-12  3.4360E-13  4.5600E-04
 3.5593E+25  1.9293E-05  9.9998E-01  7.0946E+03  8.1828E-05  2.3232E-12  3.4362E-13  4.5088E-04
 3.5686E+25  1.9533E-05  9.9998E-01  7.0941E+03  8.1828E-05  2.2947E-12  3.4364E-13  4.4580E-04
 3.5778E+25  1.9778E-05  9.9998E-01  7.0936E+03  8.1828E-05  2.2663E-12  3.4366E-13  4.4083E-04
 3.5871E+25  1.9604E-05  9.9998E-01  7.0931E+03  8.1828E-05  2.2847E-12  3.4368E-13  4.3597E-04
 3.5964E+25  1.9812E-05  9.9998E-01  7.0927E+03  8.1828E-05  2.2628E-12  3.4369E-13  4.3123E-04
 3.6056E+25  2.0057E-05  9.9998E-01  7.0922E+03  8.1828E-05  2.2353E-12  3.4371E-13  4.2653E-04
 3.6149E+25  2.0047E-05  9.9998E-01  7.0917E+03  8.1828E-05  2.2344E-12  3.4373E-13  4.2185E-04
 3.6241E+25  2.0089E-05  9.9998E-01  7.0913E+03  8.1828E-05  2.2319E-12  3.4375E-13  4.1721E-04
 3.6334E+25  2.0334E-05  9.9998E-01  7.0908E+03  8.1828E-05  2.2051E-12  3.4377E-13  4.1261E-04
 3.6426E+25  2.0508E-05  9.9998E-01  7.0904E+03  8.1828E-05  2.1845E-12  3.4379E-13  4.0813E-04
 3.6519E+25  2.0365E-05  9.9998E-01  7.0899E+03  8.1828E-05  2.2019E-12  3.4380E-13  4.0374E-04
 3.6612E+25  2.0611E-05  9.9998E-01  7.0895E+03  8.1828E-05  2.1757E-12  3.4382E-13  3.9945E-04
 3.6704E+25  2.0862E-05  9.9998E-01  7.0891E+03  8.1828E-05  2.1497E-12  3.4384E-13  3.9518E-04
 3.6797E+25  2.0763E-05  9.9998E-01  7.0886E+03  8.1828E-05  2.1580E-12  3.4385E-13  3.9094E-04
 3.6889E+25  2.0887E-05  9.9998E-01  7.0882E+03  8.1828E-05  2.1472E-12  3.4387E-13  3.8672E-04
 3.6982E+25  2.1137E-05  9.9998E-01  7.0878E+03  8.1828E-05  2.1220E-12  3.4389E-13  3.8256E-04
 3.7074E+25  2.1258E-05  9.9998E-01  7.0874E+03  8.1828E-05  2.1080E-12  3.4390E-13  3.7850E-04
 3.7167E+25  2.1161E-05  9.9998E-01  7.0870E+03  8.1828E-05  2.1197E-12  3.4392E-13  3.7452E-04
 3.7260E+25  2.1412E-05  9.9998E-01  7.0866E+03  8.1828E-05  2.0949E-12  3.4393E-13  3.7063E-04
 3.7352E+25  2.1668E-05  9.9998E-01  7.0862E+03  8.1828E-05  2.0703E-12  3.4395E-13  3.6675E-04
 3.7445E+25  2.1536E-05  9.9998E-01  7.0858E+03  8.1828E-05  2.0810E-12  3.4396E-13  3.6289E-04
 3.7537E+25  2.1687E-05  9.9998E-01  7.0854E+03  8.1828E-05  2.0686E-12  3.4398E-13  3.5906E-04
 3.7630E+25  2.1941E-05  9.9998E-01  7.0850E+03  8.1828E-05  2.0447E-12  3.4400E-13  3.5527E-04
 3.7722E+25  2.2068E-05  9.9998E-01  7.0846E+03  8.1828E-05  2.0311E-12  3.4401E-13  3.5158E-04
 3.7815E+25  2.1959E-05  9.9998E-01  7.0842E+03  8.1828E-05  2.0431E-12  3.4402E-13  3.4795E-04
 3.7908E+25  2.2215E-05  9.9998E-01  7.0839E+03  8.1828E-05  2.0197E-12  3.4404E-13  3.4442E-04
 3.8000E+25  2.2474E-05  9.9998E-01  7.0835E+03  8.1828E-05  1.9965E-12  3.4405E-13  3.4090E-04
 3.8093E+25  2.2374E-05  9.9998E-01  7.0831E+03  8.1828E-05  2.0036E-12  3.4407E-13  3.3739E-04
 3.8185E+25  2.2488E-05  9.9998E-01  7.0828E+03  8.1828E-05  1.9954E-12  3.4408E-13  3.3391E-04
 3.8278E+25  2.2746E-05  9.9998E-01  7.0824E+03  8.1828E-05  1.9729E-12  3.4410E-13  3.3046E-04
 3.8370E+25  2.2943E-05  9.9998E-01  7.0821E+03  8.1828E-05  1.9541E-12  3.4411E-13  3.2708E-04
 3.8463E+25  2.2759E-05  9.9998E-01  7.0817E+03  8.1828E-05  1.9718E-12  3.4412E-13  3.2377E-04
 3.8556E+25  2.3018E-05  9.9998E-01  7.0814E+03  8.1828E-05  1.9497E-12  3.4414E-13  3.2054E-04
 3.8648E+25  2.3281E-05  9.9998E-01  7.0811E+03  8.1828E-05  1.9278E-12  3.4415E-13  3.1735E-04
 3.8741E+25  2.3281E-05  9.9998E-01  7.0807E+03  8.1828E-05  1.9260E-12  3.4416E-13  3.1416E-04
 3.8833E+25  2.3289E-05  9.9998E-01  7.0804E+03  8.1828E-05  1.9272E-12  3.4418E-13  3.1099E-04
 3.8926E+25  2.3552E-05  9.9998E-01  7.0801E+03  8.1828E-05  1.9058E-12  3.4419E-13  3.0785E-04
 3.9018E+25  2.3819E-05  9.9998E-01  7.0797E+03  8.1828E-05  1.8844E-12  3.4420E-13  3.0474E-04
 3.9111E+25  2.3630E-05  9.9998E-01  7.0794E+03  8.1828E-05  1.8978E-12  3.4421E-13  3.0172E-04
 3.9204E+25  2.3823E-05  9.9998E-01  7.0791E+03  8.1828E-05  1.8843E-12  3.4423E-13  2.9875E-04
 3.9296E+25  2.4088E-05  9.9998E-01  7.0788E+03  8.1828E-05  1.8636E-12  3.4424E-13  2.9584E-04
 3.9389E+25  2.4261E-05  9.9998E-01  7.0785E+03  8.1828E-05  1.8486E-12  3.4425E-13  2.9295E-04
 3.9481E+25  2.4092E-05  9.9998E-01  7.0782E+03  8.1828E-05  1.8634E-12  3.4426E-13  2.9006E-04
 3.9574E+25  2.4359E-05  9.9998E-01  7.0779E+03  8.1828E-05  1.8430E-12  3.4427E-13  2.8720E-04
 3.9666E+25  2.4627E-05  9.9998E-01  7.0776E+03  8.1828E-05  1.8230E-12  3.4429E-13  2.8435E-04
 3.9759E+25  2.4647E-05  9.9998E-01  7.0773E+03  8.1828E-05  1.8198E-12  3.4430E-13  2.8156E-04
 3.9852E+25  2.4627E-05  9.9998E-01  7.0770E+03  8.1828E-05  1.8231E-12  3.4431E-13  2.7883E-04
 3.9944E+25  2.4897E-05  9.9998E-01  7.0767E+03  8.1828E-05  1.8034E-12  3.4432E-13  2.7616E-04
 4.0037E+25  2.5170E-05  9.9997E-01  7.0764E+03  8.1828E-05  1.7839E-12  3.4433E-13  2.7353E-04
 4.0129E+25  2.5047E-05  9.9997E-01  7.0761E+03  8.1828E-05  1.7909E-12  3.4434E-13  2.7091E-04
 4.0222E+25  2.5164E-05  9.9997E-01  7.0759E+03  8.1828E-05  1.7844E-12  3.4435E-13  2.6830E-04
 4.0314E+25  2.5438E-05  9.9997E-01  7.0756E+03  8.1828E-05  1.7652E-12  3.4436E-13  2.6570E-04
 4.0407E+25  2.5712E-05  9.9997E-01  7.0753E+03  8.1828E-05  1.7463E-12  3.4438E-13  2.6313E-04
 4.0500E+25  2.5466E-05  9.9997E-01  7.0750E+03  8.1828E-05  1.7619E-12  3.4439E-13  2.6061E-04
 4.0592E+25  2.5706E-05  9.9997E-01  7.0748E+03  8.1828E-05  1.7470E-12  3.4440E-13  2.5813E-04
 4.0685E+25  2.5980E-05  9.9997E-01  7.0745E+03  8.1828E-05  1.7285E-12  3.4441E-13  2.5572E-04
 4.0777E+25  2.6186E-05  9.9997E-01  7.0743E+03  8.1828E-05  1.7134E-12  3.4442E-13  2.5334E-04
 4.0870E+25  2.5973E-05  9.9997E-01  7.0740E+03  8.1828E-05  1.7291E-12  3.4443E-13  2.5096E-04
 4.0962E+25  2.6249E-05  9.9997E-01  7.0737E+03  8.1828E-05  1.7110E-12  3.4444E-13  2.4859E-04
 4.1055E+25  2.6526E-05  9.9997E-01  7.0735E+03  8.1828E-05  1.6932E-12  3.4445E-13  2.4624E-04
 4.1148E+25  2.6645E-05  9.9997E-01  7.0732E+03  8.1828E-05  1.6840E-12  3.4446E-13  2.4390E-04
 4.1240E+25  2.6515E-05  9.9997E-01  7.0730E+03  8.1828E-05  1.6939E-12  3.4447E-13  2.4162E-04
 4.1333E+25  2.6794E-05  9.9997E-01  7.0727E+03  8.1828E-05  1.6763E-12  3.4448E-13  2.3937E-04
 4.1425E+25  2.7075E-05  9.9997E-01  7.0725E+03  8.1828E-05  1.6590E-12  3.4449E-13  2.3717E-04
 4.1518E+25  2.7122E-05  9.9997E-01  7.0723E+03  8.1828E-05  1.6545E-12  3.4450E-13  2.3502E-04
 4.1610E+25  2.7060E-05  9.9997E-01  7.0720E+03  8.1828E-05  1.6600E-12  3.4451E-13  2.3286E-04
 4.1703E+25  2.7342E-05  9.9997E-01  7.0718E+03  8.1828E-05  1.6429E-12  3.4451E-13  2.3072E-04
 4.1796E+25  2.7625E-05  9.9997E-01  7.0716E+03  8.1828E-05  1.6261E-12  3.4452E-13  2.2858E-04
 4.1888E+25  2.7619E-05  9.9997E-01  7.0713E+03  8.1828E-05  1.6249E-12  3.4453E-13  2.2647E-04
 4.1981E+25  2.7607E-05  9.9997E-01  7.0711E+03  8.1828E-05  1.6272E-12  3.4454E-13  2.2437E-04
 4.2073E+25  2.7892E-05  9.9997E-01  7.0709E+03  8.1828E-05  1.6106E-12  3.4455E-13  2.2233E-04
 4.2166E+25  2.8178E-05  9.9997E-01  7.0706E+03  8.1828E-05  1.5943E-12  3.4456E-13  2.2032E-04
 4.2258E+25  2.8137E-05  9.9997E-01  7.0704E+03  8.1828E-05  1.5951E-12  3.4457E-13  2.1836E-04
 4.2351E+25  2.8156E-05  9.9997E-01  7.0702E+03  8.1828E-05  1.5956E-12  3.4458E-13  2.1641E-04
 4.2443E+25  2.8445E-05  9.9997E-01  7.0700E+03  8.1828E-05  1.5795E-12  3.4459E-13  2.1446E-04
 4.2536E+25  2.8733E-05  9.9997E-01  7.0698E+03  8.1828E-05  1.5637E-12  3.4459E-13  2.1253E-04
 4.2629E+25  2.8676E-05  9.9997E-01  7.0696E+03  8.1828E-05  1.5653E-12  3.4460E-13  2.1060E-04
 4.2721E+25  2.8709E-05  9.9997E-01  7.0693E+03  8.1828E-05  1.5651E-12  3.4461E-13  2.0869E-04
 4.2814E+25  2.8999E-05  9.9997E-01  7.0691E+03  8.1828E-05  1.5494E-12  3.4462E-13  2.0682E-04
 4.2906E+25  2.9291E-05  9.9997E-01  7.0689E+03  8.1828E-05  1.5340E-12  3.4463E-13  2.0498E-04
 4.2999E+25  2.9237E-05  9.9997E-01  7.0687E+03  8.1828E-05  1.5353E-12  3.4464E-13  2.0318E-04
 4.3091E+25  2.9263E-05  9.9997E-01  7.0685E+03  8.1828E-05  1.5355E-12  3.4464E-13  2.0141E-04
 4.3184E+25  2.9556E-05  9.9997E-01  7.0683E+03  8.1828E-05  1.5203E-12  3.4465E-13  1.9965E-04
 4.3277E+25  2.9850E-05  9.9997E-01  7.0681E+03  8.1828E-05  1.5054E-12  3.4466E-13  1.9789E-04
 4.3369E+25  2.9822E-05  9.9997E-01  7.0679E+03  8.1828E-05  1.5054E-12  3.4467E-13  1.9614E-04
 4.3462E+25  2.9821E-05  9.9997E-01  7.0677E+03  8.1828E-05  1.5069E-12  3.4467E-13  1.9441E-04
 4.3554E+25  3.0115E-05  9.9997E-01  7.0675E+03  8.1828E-05  1.4922E-12  3.4468E-13  1.9268E-04
 4.3647E+25  3.0413E-05  9.9997E-01  7.0674E+03  8.1828E-05  1.4776E-12  3.4469E-13  1.9100E-04
 4.3739E+25  3.0431E-05  9.9997E-01  7.0672E+03  8.1828E-05  1.4754E-12  3.4470E-13  1.8933E-04
 4.3832E+25  3.0381E-05  9.9997E-01  7.0670E+03  8.1828E-05  1.4792E-12  3.4470E-13  1.8771E-04
 4.3925E+25  3.0676E-05  9.9997E-01  7.0668E+03  8.1828E-05  1.4651E-12  3.4471E-13  1.8612E-04
 4.4017E+25  3.0978E-05  9.9997E-01  7.0666E+03  8.1828E-05  1.4508E-12  3.4472E-13  1.8453E-04
 4.4110E+25  3.1064E-05  9.9997E-01  7.0664E+03  8.1828E-05  1.4454E-12  3.4473E-13  1.8293E-04
 4.4202E+25  3.0943E-05  9.9997E-01  7.0662E+03  8.1828E-05  1.4525E-12  3.4473E-13  1.8135E-04
 4.4295E+25  3.1240E-05  9.9997E-01  7.0661E+03  8.1828E-05  1.4387E-12  3.4474E-13  1.7978E-04
 4.4387E+25  3.1545E-05  9.9997E-01  7.0659E+03  8.1828E-05  1.4248E-12  3.4475E-13  1.7822E-04
 4.4480E+25  3.1725E-05  9.9997E-01  7.0657E+03  8.1828E-05  1.4154E-12  3.4475E-13  1.7670E-04
 4.4573E+25  3.1507E-05  9.9997E-01  7.0655E+03  8.1828E-05  1.4266E-12  3.4476E-13  1.7519E-04
 4.4665E+25  3.1807E-05  9.9997E-01  7.0654E+03  8.1828E-05  1.4131E-12  3.4477E-13  1.7372E-04
 4.4758E+25  3.2115E-05  9.9997E-01  7.0652E+03  8.1828E-05  1.3996E-12  3.4477E-13  1.7228E-04
 4.4850E+25  3.2405E-05  9.9997E-01  7.0650E+03  8.1828E-05  1.3864E-12  3.4478E-13  1.7084E-04
 4.4943E+25  3.2080E-05  9.9997E-01  7.0649E+03  8.1828E-05  1.4005E-12  3.4479E-13  1.6940E-04
 4.5035E+25  3.2378E-05  9.9997E-01  7.0647E+03  8.1828E-05  1.3883E-12  3.4479E-13  1.6797E-04
 4.5128E+25  3.2686E-05  9.9997E-01  7.0645E+03  8.1828E-05  1.3753E-12  3.4480E-13  1.6655E-04
 4.5221E+25  3.2996E-05  9.9997E-01  7.0644E+03  8.1828E-05  1.3623E-12  3.4481E-13  1.6514E-04
 4.5313E+25  3.2773E-05  9.9997E-01  7.0642E+03  8.1828E-05  1.3703E-12  3.4481E-13  1.6375E-04
 4.5406E+25  3.2952E-05  9.9997E-01  7.0641E+03  8.1828E-05  1.3642E-12  3.4482E-13  1.6238E-04
 4.5498E+25  3.3258E-05  9.9997E-01  7.0639E+03  8.1828E-05  1.3517E-12  3.4483E-13  1.6103E-04
 4.5591E+25  3.3574E-05  9.9997E-01  7.0637E+03  8.1828E-05  1.3390E-12  3.4483E-13  1.5973E-04
 4.5683E+25  3.3511E-05  9.9997E-01  7.0636E+03  8.1828E-05  1.3401E-12  3.4484E-13  1.5843E-04
 4.5776E+25  3.3526E-05  9.9997E-01  7.0634E+03  8.1828E-05  1.3410E-12  3.4484E-13  1.5713E-04
 4.5869E+25  3.3836E-05  9.9997E-01  7.0633E+03  8.1828E-05  1.3287E-12  3.4485E-13  1.5583E-04
 4.5961E+25  3.4154E-05  9.9997E-01  7.0631E+03  8.1828E-05  1.3163E-12  3.4486E-13  1.5455E-04
 4.6054E+25  3.4282E-05  9.9997E-01  7.0630E+03  8.1828E-05  1.3101E-12  3.4486E-13  1.5327E-04
 4.6146E+25  3.4101E-05  9.9997E-01  7.0628E+03  8.1828E-05  1.3184E-12  3.4487E-13  1.5200E-04
 4.6239E+25  3.4418E-05  9.9997E-01  7.0627E+03  8.1828E-05  1.3063E-12  3.4487E-13  1.5075E-04
 4.6331E+25  3.4734E-05  9.9997E-01  7.0625E+03  8.1828E-05  1.2944E-12  3.4488E-13  1.4952E-04
 4.6424E+25  3.5049E-05  9.9996E-01  7.0624E+03  8.1828E-05  1.2826E-12  3.4489E-13  1.4832E-04
 4.6517E+25  3.4713E-05  9.9997E-01  7.0622E+03  8.1828E-05  1.2941E-12  3.4489E-13  1.4715E-04
 4.6609E+25  3.5002E-05  9.9996E-01  7.0621E+03  8.1828E-05  1.2846E-12  3.4490E-13  1.4597E-04
 4.6702E+25  3.5318E-05  9.9996E-01  7.0620E+03  8.1828E-05  1.2731E-12  3.4490E-13  1.4480E-04
 4.6794E+25  3.5644E-05  9.9996E-01  7.0618E+03  8.1828E-05  1.2615E-12  3.4491E-13  1.4363E-04
 4.6887E+25  3.5534E-05  9.9996E-01  7.0617E+03  8.1828E-05  1.2641E-12  3.4491E-13  1.4247E-04
 4.6979E+25  3.5585E-05  9.9996E-01  7.0616E+03  8.1828E-05  1.2636E-12  3.4492E-13  1.4132E-04
 4.7072E+25  3.5908E-05  9.9996E-01  7.0614E+03  8.1828E-05  1.2522E-12  3.4492E-13  1.4018E-04
 4.7165E+25  3.6233E-05  9.9996E-01  7.0613E+03  8.1828E-05  1.2411E-12  3.4493E-13  1.3905E-04
 4.7257E+25  3.6399E-05  9.9996E-01  7.0611E+03  8.1828E-05  1.2341E-12  3.4493E-13  1.3794E-04
 4.7350E+25  3.6169E-05  9.9996E-01  7.0610E+03  8.1828E-05  1.2433E-12  3.4494E-13  1.3686E-04
 4.7442E+25  3.6501E-05  9.9996E-01  7.0609E+03  8.1828E-05  1.2320E-12  3.4494E-13  1.3580E-04
 4.7535E+25  3.6824E-05  9.9996E-01  7.0608E+03  8.1828E-05  1.2212E-12  3.4495E-13  1.3475E-04
 4.7627E+25  3.7157E-05  9.9996E-01  7.0606E+03  8.1828E-05  1.2102E-12  3.4496E-13  1.3369E-04
 4.7720E+25  3.6898E-05  9.9996E-01  7.0605E+03  8.1828E-05  1.2175E-12  3.4496E-13  1.3264E-04
 4.7813E+25  3.7092E-05  9.9996E-01  7.0604E+03  8.1828E-05  1.2124E-12  3.4496E-13  1.3159E-04
 4.7905E+25  3.7424E-05  9.9996E-01  7.0602E+03  8.1828E-05  1.2016E-12  3.4497E-13  1.3054E-04
 4.7998E+25  3.7753E-05  9.9996E-01  7.0601E+03  8.1828E-05  1.1912E-12  3.4498E-13  1.2951E-04
 4.8090E+25  3.7827E-05  9.9996E-01  7.0600E+03  8.1828E-05  1.1876E-12  3.4498E-13  1.2850E-04
 4.8183E+25  3.7684E-05  9.9996E-01  7.0599E+03  8.1828E-05  1.1934E-12  3.4498E-13  1.2749E-04
 4.8275E+25  3.8024E-05  9.9996E-01  7.0598E+03  8.1828E-05  1.1828E-12  3.4499E-13  1.2651E-04
 4.8368E+25  3.8355E-05  9.9996E-01  7.0596E+03  8.1828E-05  1.1725E-12  3.4499E-13  1.2556E-04
 4.8461E+25  3.8693E-05  9.9996E-01  7.0595E+03  8.1828E-05  1.1623E-12  3.4500E-13  1.2460E-04
 4.8553E+25  3.8382E-05  9.9996E-01  7.0594E+03  8.1828E-05  1.1706E-12  3.4500E-13  1.2365E-04
 4.8646E+25  3.8622E-05  9.9996E-01  7.0593E+03  8.1828E-05  1.1645E-12  3.4501E-13  1.2270E-04
 4.8738E+25  3.8964E-05  9.9996E-01  7.0592E+03  8.1828E-05  1.1543E-12  3.4501E-13  1.2175E-04
 4.8831E+25  3.9298E-05  9.9996E-01  7.0590E+03  8.1828E-05  1.1445E-12  3.4502E-13  1.2081E-04
 4.8923E+25  3.9378E-05  9.9996E-01  7.0589E+03  8.1828E-05  1.1410E-12  3.4502E-13  1.1987E-04
 4.9016E+25  3.9225E-05  9.9996E-01  7.0588E+03  8.1828E-05  1.1466E-12  3.4503E-13  1.1895E-04
 4.9109E+25  3.9570E-05  9.9996E-01  7.0587E+03  8.1828E-05  1.1367E-12  3.4503E-13  1.1804E-04
 4.9201E+25  3.9913E-05  9.9996E-01  7.0586E+03  8.1828E-05  1.1269E-12  3.4504E-13  1.1714E-04
 4.9294E+25  4.0254E-05  9.9996E-01  7.0585E+03  8.1828E-05  1.1174E-12  3.4504E-13  1.1627E-04
 4.9386E+25  3.9992E-05  9.9996E-01  7.0584E+03  8.1828E-05  1.1235E-12  3.4504E-13  1.1541E-04
 4.9479E+25  4.0176E-05  9.9996E-01  7.0583E+03  8.1828E-05  1.1196E-12  3.4505E-13  1.1455E-04
 4.9571E+25  4.0528E-05  9.9996E-01  7.0582E+03  8.1828E-05  1.1099E-12  3.4505E-13  1.1369E-04
 4.9664E+25  4.0872E-05  9.9996E-01  7.0580E+03  8.1828E-05  1.1005E-12  3.4506E-13  1.1284E-04
 4.9757E+25  4.1058E-05  9.9996E-01  7.0579E+03  8.1828E-05  1.0944E-12  3.4506E-13  1.1199E-04
 4.9849E+25  4.0796E-05  9.9996E-01  7.0578E+03  8.1828E-05  1.1026E-12  3.4507E-13  1.1114E-04
 4.9942E+25  4.1141E-05  9.9996E-01  7.0577E+03  8.1828E-05  1.0934E-12  3.4507E-13  1.1030E-04
 5.0034E+25  4.1496E-05  9.9996E-01  7.0576E+03  8.1828E-05  1.0840E-12  3.4507E-13  1.0947E-04
 5.0127E+25  4.1842E-05  9.9996E-01  7.0575E+03  8.1828E-05  1.0751E-12  3.4508E-13  1.0865E-04
 5.0219E+25  4.1737E-05  9.9996E-01  7.0574E+03  8.1828E-05  1.0766E-12  3.4508E-13  1.0785E-04
 5.0312E+25  4.1763E-05  9.9996E-01  7.0573E+03  8.1828E-05  1.0771E-12  3.4509E-13  1.0707E-04
 5.0405E+25  4.2116E-05  9.9996E-01  7.0572E+03  8.1828E-05  1.0681E-12  3.4509E-13  1.0630E-04
 5.0497E+25  4.2475E-05  9.9996E-01  7.0571E+03  8.1828E-05  1.0591E-12  3.4509E-13  1.0552E-04
 5.0590E+25  4.2817E-05  9.9996E-01  7.0570E+03  8.1828E-05  1.0505E-12  3.4510E-13  1.0475E-04
 5.0682E+25  4.2451E-05  9.9996E-01  7.0569E+03  8.1828E-05  1.0587E-12  3.4510E-13  1.0398E-04
 5.0775E+25  4.2742E-05  9.9996E-01  7.0568E+03  8.1828E-05  1.0525E-12  3.4511E-13  1.0321E-04
 5.0867E+25  4.3102E-05  9.9996E-01  7.0567E+03  8.1828E-05  1.0437E-12  3.4511E-13  1.0245E-04
 5.0960E+25  4.3464E-05  9.9996E-01  7.0566E+03  8.1828E-05  1.0350E-12  3.4511E-13  1.0169E-04
 5.1053E+25  4.3620E-05  9.9996E-01  7.0565E+03  8.1828E-05  1.0302E-12  3.4512E-13  1.0095E-04
 5.1145E+25  4.3382E-05  9.9996E-01  7.0564E+03  8.1828E-05  1.0370E-12  3.4512E-13  1.0020E-04
 5.1238E+25  4.3732E-05  9.9996E-01  7.0563E+03  8.1828E-05  1.0287E-12  3.4512E-13  9.9478E-05
 5.1330E+25  4.4099E-05  9.9996E-01  7.0562E+03  8.1828E-05  1.0202E-12  3.4513E-13  9.8778E-05
 5.1423E+25  4.4463E-05  9.9996E-01  7.0562E+03  8.1828E-05  1.0118E-12  3.4513E-13  9.8081E-05
 5.1515E+25  4.4400E-05  9.9996E-01  7.0561E+03  8.1828E-05  1.0122E-12  3.4514E-13  9.7383E-05
 5.1608E+25  4.4380E-05  9.9996E-01  7.0560E+03  8.1828E-05  1.0137E-12  3.4514E-13  9.6686E-05
 5.1701E+25  4.4735E-05  9.9996E-01  7.0559E+03  8.1828E-05  1.0057E-12  3.4514E-13  9.5993E-05
 5.1793E+25  4.5106E-05  9.9995E-01  7.0558E+03  8.1828E-05  9.9744E-13  3.4515E-13  9.5302E-05
 5.1886E+25  4.5474E-05  9.9995E-01  7.0557E+03  8.1828E-05  9.8934E-13  3.4515E-13  9.4613E-05
 5.1978E+25  4.5213E-05  9.9995E-01  7.0556E+03  8.1828E-05  9.9405E-13  3.4515E-13  9.3928E-05
 5.2071E+25  4.5390E-05  9.9995E-01  7.0555E+03  8.1828E-05  9.9120E-13  3.4516E-13  9.3254E-05
 5.2163E+25  4.5749E-05  9.9995E-01  7.0554E+03  8.1828E-05  9.8344E-13  3.4516E-13  9.2584E-05
 5.2256E+25  4.6126E-05  9.9995E-01  7.0553E+03  8.1828E-05  9.7544E-13  3.4516E-13  9.1922E-05
 5.2349E+25  4.6485E-05  9.9995E-01  7.0553E+03  8.1828E-05  9.6760E-13  3.4517E-13  9.1287E-05
 5.2441E+25  4.6074E-05  9.9995E-01  7.0552E+03  8.1828E-05  9.7579E-13  3.4517E-13  9.0658E-05
 5.2534E+25  4.6413E-05  9.9995E-01  7.0551E+03  8.1828E-05  9.6941E-13  3.4517E-13  9.0031E-05
 5.2626E+25  4.6776E-05  9.9995E-01  7.0550E+03  8.1828E-05  9.6189E-13  3.4518E-13  8.9403E-05
 5.2719E+25  4.7157E-05  9.9995E-01  7.0549E+03  8.1828E-05  9.5415E-13  3.4518E-13  8.8777E-05
 5.2811E+25  4.7407E-05  9.9995E-01  7.0548E+03  8.1828E-05  9.4807E-13  3.4518E-13  8.8154E-05
 5.2904E+25  4.7071E-05  9.9995E-01  7.0548E+03  8.1828E-05  9.5590E-13  3.4519E-13  8.7533E-05
 5.2997E+25  4.7448E-05  9.9995E-01  7.0547E+03  8.1828E-05  9.4831E-13  3.4519E-13  8.6915E-05
 5.3089E+25  4.7815E-05  9.9995E-01  7.0546E+03  8.1828E-05  9.4102E-13  3.4519E-13  8.6302E-05
 5.3182E+25  4.8200E-05  9.9995E-01  7.0545E+03  8.1828E-05  9.3354E-13  3.4520E-13  8.5696E-05
 5.3274E+25  4.8335E-05  9.9995E-01  7.0544E+03  8.1828E-05  9.2991E-13  3.4520E-13  8.5093E-05
 5.3367E+25  4.8113E-05  9.9995E-01  7.0544E+03  8.1828E-05  9.3524E-13  3.4520E-13  8.4504E-05
 5.3459E+25  4.8495E-05  9.9995E-01  7.0543E+03  8.1828E-05  9.2786E-13  3.4521E-13  8.3936E-05
 5.3552E+25  4.8868E-05  9.9995E-01  7.0542E+03  8.1828E-05  9.2078E-13  3.4521E-13  8.3371E-05
 5.3645E+25  4.9255E-05  9.9995E-01  7.0541E+03  8.1828E-05  9.1358E-13  3.4521E-13  8.2807E-05
 5.3737E+25  4.9301E-05  9.9995E-01  7.0540E+03  8.1828E-05  9.1173E-13  3.4522E-13  8.2242E-05
 5.3830E+25  4.9168E-05  9.9995E-01  7.0540E+03  8.1828E-05  9.1520E-13  3.4522E-13  8.1679E-05
 5.3922E+25  4.9556E-05  9.9995E-01  7.0539E+03  8.1828E-05  9.0805E-13  3.4522E-13  8.1119E-05
 5.4015E+25  4.9934E-05  9.9995E-01  7.0538E+03  8.1828E-05  9.0114E-13  3.4522E-13  8.0561E-05
 5.4107E+25  5.0322E-05  9.9995E-01  7.0537E+03  8.1828E-05  8.9425E-13  3.4523E-13  8.0004E-05
 5.4200E+25  5.0306E-05  9.9995E-01  7.0537E+03  8.1828E-05  8.9356E-13  3.4523E-13  7.9454E-05
 5.4292E+25  5.0238E-05  9.9995E-01  7.0536E+03  8.1828E-05  8.9572E-13  3.4523E-13  7.8908E-05
 5.4385E+25  5.0629E-05  9.9995E-01  7.0535E+03  8.1828E-05  8.8883E-13  3.4524E-13  7.8366E-05
 5.4478E+25  5.1015E-05  9.9995E-01  7.0534E+03  8.1828E-05  8.8210E-13  3.4524E-13  7.7835E-05
 5.4570E+25  5.1402E-05  9.9995E-01  7.0534E+03  8.1828E-05  8.7549E-13  3.4524E-13  7.7324E-05
 5.4663E+25  5.1351E-05  9.9995E-01  7.0533E+03  8.1828E-05  8.7541E-13  3.4524E-13  7.6816E-05
 5.4755E+25  5.1323E-05  9.9995E-01  7.0532E+03  8.1828E-05  8.7681E-13  3.4525E-13  7.6309E-05
 5.4848E+25  5.1716E-05  9.9995E-01  7.0532E+03  8.1828E-05  8.7018E-13  3.4525E-13  7.5800E-05
 5.4940E+25  5.2108E-05  9.9995E-01  7.0531E+03  8.1828E-05  8.6363E-13  3.4525E-13  7.5294E-05
 5.5033E+25  5.2496E-05  9.9995E-01  7.0530E+03  8.1828E-05  8.5726E-13  3.4526E-13  7.4790E-05
 5.5126E+25  5.2437E-05  9.9995E-01  7.0529E+03  8.1828E-05  8.5731E-13  3.4526E-13  7.4288E-05
 5.5218E+25  5.2424E-05  9.9995E-01  7.0529E+03  8.1828E-05  8.5843E-13  3.4526E-13  7.3787E-05
 5.5311E+25  5.2816E-05  9.9995E-01  7.0528E+03  8.1828E-05  8.5210E-13  3.4526E-13  7.3289E-05
 5.5403E+25  5.3216E-05  9.9995E-01  7.0527E+03  8.1828E-05  8.4568E-13  3.4527E-13  7.2798E-05
 5.5496E+25  5.3607E-05  9.9995E-01  7.0527E+03  8.1828E-05  8.3952E-13  3.4527E-13  7.2308E-05
 5.5588E+25  5.3565E-05  9.9995E-01  7.0526E+03  8.1828E-05  8.3928E-13  3.4527E-13  7.1825E-05
 5.5681E+25  5.3540E-05  9.9995E-01  7.0525E+03  8.1828E-05  8.4057E-13  3.4528E-13  7.1362E-05
 5.5774E+25  5.3928E-05  9.9995E-01  7.0525E+03  8.1828E-05  8.3455E-13  3.4528E-13  7.0904E-05
 5.5866E+25  5.4337E-05  9.9995E-01  7.0524E+03  8.1828E-05  8.2827E-13  3.4528E-13  7.0449E-05
 5.5959E+25  5.4736E-05  9.9995E-01  7.0523E+03  8.1828E-05  8.2222E-13  3.4528E-13  6.9992E-05
 5.6051E+25  5.4736E-05  9.9995E-01  7.0523E+03  8.1828E-05  8.2137E-13  3.4529E-13  6.9536E-05
 5.6144E+25  5.4667E-05  9.9995E-01  7.0522E+03  8.1828E-05  8.2328E-13  3.4529E-13  6.9082E-05
 5.6236E+25  5.5061E-05  9.9994E-01  7.0521E+03  8.1828E-05  8.1738E-13  3.4529E-13  6.8629E-05
 5.6329E+25  5.5472E-05  9.9994E-01  7.0521E+03  8.1828E-05  8.1135E-13  3.4529E-13  6.8178E-05
 5.6422E+25  5.5879E-05  9.9994E-01  7.0520E+03  8.1828E-05  8.0544E-13  3.4530E-13  6.7729E-05
 5.6514E+25  5.5952E-05  9.9994E-01  7.0519E+03  8.1828E-05  8.0352E-13  3.4530E-13  6.7284E-05
 5.6607E+25  5.5807E-05  9.9994E-01  7.0519E+03  8.1828E-05  8.0649E-13  3.4530E-13  6.6842E-05
 5.6699E+25  5.6213E-05  9.9994E-01  7.0518E+03  8.1828E-05  8.0065E-13  3.4530E-13  6.6402E-05
 5.6792E+25  5.6620E-05  9.9994E-01  7.0517E+03  8.1828E-05  7.9494E-13  3.4531E-13  6.5973E-05
 5.6884E+25  5.7036E-05  9.9994E-01  7.0517E+03  8.1828E-05  7.8912E-13  3.4531E-13  6.5559E-05
 5.6977E+25  5.7218E-05  9.9994E-01  7.0516E+03  8.1828E-05  7.8575E-13  3.4531E-13  6.5148E-05
 5.7070E+25  5.6963E-05  9.9994E-01  7.0516E+03  8.1828E-05  7.9016E-13  3.4531E-13  6.4739E-05
 5.7162E+25  5.7381E-05  9.9994E-01  7.0515E+03  8.1828E-05  7.8439E-13  3.4532E-13  6.4329E-05
 5.7255E+25  5.7783E-05  9.9994E-01  7.0514E+03  8.1828E-05  7.7894E-13  3.4532E-13  6.3920E-05
 5.7347E+25  5.8208E-05  9.9994E-01  7.0514E+03  8.1828E-05  7.7327E-13  3.4532E-13  6.3512E-05
 5.7440E+25  5.8535E-05  9.9994E-01  7.0513E+03  8.1828E-05  7.6810E-13  3.4532E-13  6.3106E-05
 5.7532E+25  5.8133E-05  9.9994E-01  7.0513E+03  8.1828E-05  7.7427E-13  3.4533E-13  6.2701E-05
 5.7625E+25  5.8558E-05  9.9994E-01  7.0512E+03  8.1828E-05  7.6865E-13  3.4533E-13  6.2297E-05
 5.7718E+25  5.8973E-05  9.9994E-01  7.0511E+03  8.1828E-05  7.6324E-13  3.4533E-13  6.1897E-05
 5.7810E+25  5.9394E-05  9.9994E-01  7.0511E+03  8.1828E-05  7.5786E-13  3.4533E-13  6.1499E-05
 5.7903E+25  5.9812E-05  9.9994E-01  7.0510E+03  8.1828E-05  7.5245E-13  3.4534E-13  6.1104E-05
 5.7995E+25  5.9411E-05  9.9994E-01  7.0510E+03  8.1828E-05  7.5690E-13  3.4534E-13  6.0717E-05
 5.8088E+25  5.9751E-05  9.9994E-01  7.0509E+03  8.1828E-05  7.5333E-13  3.4534E-13  6.0345E-05
 5.8180E+25  6.0181E-05  9.9994E-01  7.0508E+03  8.1828E-05  7.4795E-13  3.4534E-13  5.9976E-05
 5.8273E+25  6.0593E-05  9.9994E-01  7.0508E+03  8.1828E-05  7.4287E-13  3.4534E-13  5.9608E-05
 5.8366E+25  6.1029E-05  9.9994E-01  7.0507E+03  8.1828E-05  7.3756E-13  3.4535E-13  5.9240E-05
 5.8458E+25  6.0816E-05  9.9994E-01  7.0507E+03  8.1828E-05  7.3934E-13  3.4535E-13  5.8872E-05
 5.8551E+25  6.0961E-05  9.9994E-01  7.0506E+03  8.1828E-05  7.3839E-13  3.4535E-13  5.8506E-05
 5.8643E+25  6.1397E-05  9.9994E-01  7.0506E+03  8.1828E-05  7.3317E-13  3.4535E-13  5.8141E-05
 5.8736E+25  6.1824E-05  9.9994E-01  7.0505E+03  8.1828E-05  7.2808E-13  3.4536E-13  5.7777E-05
 5.8828E+25  6.2254E-05  9.9994E-01  7.0504E+03  8.1828E-05  7.2309E-13  3.4536E-13  5.7413E-05
 5.8921E+25  6.2273E-05  9.9994E-01  7.0504E+03  8.1828E-05  7.2207E-13  3.4536E-13  5.7052E-05
 5.9014E+25  6.2199E-05  9.9994E-01  7.0503E+03  8.1828E-05  7.2371E-13  3.4536E-13  5.6695E-05
 5.9106E+25  6.2630E-05  9.9994E-01  7.0503E+03  8.1828E-05  7.1876E-13  3.4536E-13  5.6339E-05
 5.9199E+25  6.3072E-05  9.9994E-01  7.0502E+03  8.1828E-05  7.1372E-13  3.4537E-13  5.5985E-05
 5.9291E+25  6.3496E-05  9.9994E-01  7.0502E+03  8.1828E-05  7.0894E-13  3.4537E-13  5.5648E-05
 5.9384E+25  6.3777E-05  9.9994E-01  7.0501E+03  8.1828E-05  7.0507E-13  3.4537E-13  5.5315E-05
 5.9476E+25  6.3457E-05  9.9994E-01  7.0501E+03  8.1828E-05  7.0939E-13  3.4537E-13  5.4985E-05
 5.9569E+25  6.3884E-05  9.9994E-01  7.0500E+03  8.1828E-05  7.0464E-13  3.4537E-13  5.4655E-05
 5.9662E+25  6.4328E-05  9.9994E-01  7.0500E+03  8.1828E-05  6.9981E-13  3.4538E-13  5.4324E-05
 5.9754E+25  6.4772E-05  9.9994E-01  7.0499E+03  8.1828E-05  6.9499E-13  3.4538E-13  5.3995E-05
 5.9847E+25  6.5201E-05  9.9993E-01  7.0498E+03  8.1828E-05  6.9040E-13  3.4538E-13  5.3666E-05
 5.9939E+25  6.4854E-05  9.9994E-01  7.0498E+03  8.1828E-05  6.9344E-13  3.4538E-13  5.3339E-05
 6.0032E+25  6.5169E-05  9.9993E-01  7.0498E+03  8.1828E-05  6.9077E-13  3.4538E-13  5.3012E-05
 6.0124E+25  6.5603E-05  9.9993E-01  7.0497E+03  8.1828E-05  6.8621E-13  3.4539E-13  5.2686E-05
 6.0217E+25  6.6057E-05  9.9993E-01  7.0496E+03  8.1828E-05  6.8151E-13  3.4539E-13  5.2363E-05
 6.0310E+25  6.6499E-05  9.9993E-01  7.0496E+03  8.1828E-05  6.7695E-13  3.4539E-13  5.2042E-05
 6.0402E+25  6.6452E-05  9.9993E-01  7.0495E+03  8.1828E-05  6.7673E-13  3.4539E-13  5.1722E-05
 6.0495E+25  6.6468E-05  9.9993E-01  7.0495E+03  8.1828E-05  6.7729E-13  3.4540E-13  5.1407E-05
 6.0587E+25  6.6911E-05  9.9993E-01  7.0494E+03  8.1828E-05  6.7280E-13  3.4540E-13  5.1106E-05
 6.0680E+25  6.7357E-05  9.9993E-01  7.0494E+03  8.1828E-05  6.6838E-13  3.4540E-13  5.0807E-05
 6.0772E+25  6.7817E-05  9.9993E-01  7.0493E+03  8.1828E-05  6.6384E-13  3.4540E-13  5.0512E-05
 6.0865E+25  6.8104E-05  9.9993E-01  7.0493E+03  8.1828E-05  6.6032E-13  3.4540E-13  5.0216E-05
 6.0958E+25  6.7788E-05  9.9993E-01  7.0492E+03  8.1828E-05  6.6413E-13  3.4541E-13  4.9919E-05
 6.1050E+25  6.8238E-05  9.9993E-01  7.0492E+03  8.1828E-05  6.5974E-13  3.4541E-13  4.9623E-05
 6.1143E+25  6.8686E-05  9.9993E-01  7.0491E+03  8.1828E-05  6.5544E-13  3.4541E-13  4.9328E-05
 6.1235E+25  6.9142E-05  9.9993E-01  7.0491E+03  8.1828E-05  6.5113E-13  3.4541E-13  4.9035E-05
 6.1328E+25  6.9607E-05  9.9993E-01  7.0490E+03  8.1828E-05  6.4677E-13  3.4541E-13  4.8741E-05
 6.1420E+25  6.9338E-05  9.9993E-01  7.0490E+03  8.1828E-05  6.4862E-13  3.4542E-13  4.8449E-05
 6.1513E+25  6.9586E-05  9.9993E-01  7.0489E+03  8.1828E-05  6.4698E-13  3.4542E-13  4.8158E-05
 6.1606E+25  7.0042E-05  9.9993E-01  7.0489E+03  8.1828E-05  6.4277E-13  3.4542E-13  4.7870E-05
 6.1698E+25  7.0495E-05  9.9993E-01  7.0488E+03  8.1828E-05  6.3863E-13  3.4542E-13  4.7582E-05
 6.1791E+25  7.0961E-05  9.9993E-01  7.0488E+03  8.1828E-05  6.3446E-13  3.4542E-13  4.7297E-05
 6.1883E+25  7.1110E-05  9.9993E-01  7.0487E+03  8.1828E-05  6.3244E-13  3.4542E-13  4.7026E-05
 6.1976E+25  7.0948E-05  9.9993E-01  7.0487E+03  8.1828E-05  6.3459E-13  3.4543E-13  4.6758E-05
 6.2068E+25  7.1418E-05  9.9993E-01  7.0487E+03  8.1828E-05  6.3041E-13  3.4543E-13  4.6492E-05
 6.2161E+25  7.1881E-05  9.9993E-01  7.0486E+03  8.1828E-05  6.2635E-13  3.4543E-13  4.6227E-05
 6.2254E+25  7.2340E-05  9.9993E-01  7.0486E+03  8.1828E-05  6.2237E-13  3.4543E-13  4.5961E-05
 6.2346E+25  7.2807E-05  9.9993E-01  7.0485E+03  8.1828E-05  6.1834E-13  3.4543E-13  4.5695E-05
 6.2439E+25  7.2463E-05  9.9993E-01  7.0485E+03  8.1828E-05  6.2072E-13  3.4544E-13  4.5430E-05
 6.2531E+25  7.2810E-05  9.9993E-01  7.0484E+03  8.1828E-05  6.1838E-13  3.4544E-13  4.5167E-05
 6.2624E+25  7.3284E-05  9.9993E-01  7.0484E+03  8.1828E-05  6.1436E-13  3.4544E-13  4.4904E-05
 6.2716E+25  7.3755E-05  9.9993E-01  7.0483E+03  8.1828E-05  6.1045E-13  3.4544E-13  4.4640E-05
 6.2809E+25  7.4220E-05  9.9993E-01  7.0483E+03  8.1828E-05  6.0662E-13  3.4544E-13  4.4379E-05
 6.2902E+25  7.4327E-05  9.9993E-01  7.0482E+03  8.1828E-05  6.0513E-13  3.4545E-13  4.4119E-05
 6.2994E+25  7.4236E-05  9.9993E-01  7.0482E+03  8.1828E-05  6.0649E-13  3.4545E-13  4.3860E-05
 6.3087E+25  7.4708E-05  9.9993E-01  7.0481E+03  8.1828E-05  6.0269E-13  3.4545E-13  4.3603E-05
 6.3179E+25  7.5187E-05  9.9992E-01  7.0481E+03  8.1828E-05  5.9883E-13  3.4545E-13  4.3352E-05
 6.3272E+25  7.5665E-05  9.9992E-01  7.0480E+03  8.1828E-05  5.9506E-13  3.4545E-13  4.3111E-05
 6.3364E+25  7.6129E-05  9.9992E-01  7.0480E+03  8.1828E-05  5.9137E-13  3.4545E-13  4.2870E-05
 6.3457E+25  7.5802E-05  9.9992E-01  7.0480E+03  8.1828E-05  5.9344E-13  3.4546E-13  4.2633E-05
 6.3550E+25  7.6162E-05  9.9992E-01  7.0479E+03  8.1828E-05  5.9117E-13  3.4546E-13  4.2395E-05
 6.3642E+25  7.6642E-05  9.9992E-01  7.0479E+03  8.1828E-05  5.8749E-13  3.4546E-13  4.2156E-05
 6.3735E+25  7.7127E-05  9.9992E-01  7.0478E+03  8.1828E-05  5.8379E-13  3.4546E-13  4.1918E-05
 6.3827E+25  7.7613E-05  9.9992E-01  7.0478E+03  8.1828E-05  5.8014E-13  3.4546E-13  4.1681E-05
 6.3920E+25  7.7769E-05  9.9992E-01  7.0477E+03  8.1828E-05  5.7837E-13  3.4546E-13  4.1445E-05
 6.4012E+25  7.7647E-05  9.9992E-01  7.0477E+03  8.1828E-05  5.7990E-13  3.4547E-13  4.1209E-05
 6.4105E+25  7.8126E-05  9.9992E-01  7.0476E+03  8.1828E-05  5.7632E-13  3.4547E-13  4.0973E-05
 6.4198E+25  7.8614E-05  9.9992E-01  7.0476E+03  8.1828E-05  5.7277E-13  3.4547E-13  4.0739E-05
 6.4290E+25  7.9105E-05  9.9992E-01  7.0476E+03  8.1828E-05  5.6920E-13  3.4547E-13  4.0506E-05
 6.4383E+25  7.9597E-05  9.9992E-01  7.0475E+03  8.1828E-05  5.6568E-13  3.4547E-13  4.0274E-05
 6.4475E+25  7.9363E-05  9.9992E-01  7.0475E+03  8.1828E-05  5.6679E-13  3.4548E-13  4.0042E-05
 6.4568E+25  7.9644E-05  9.9992E-01  7.0474E+03  8.1828E-05  5.6537E-13  3.4548E-13  3.9818E-05
 6.4660E+25  8.0131E-05  9.9992E-01  7.0474E+03  8.1828E-05  5.6192E-13  3.4548E-13  3.9601E-05
 6.4753E+25  8.0625E-05  9.9992E-01  7.0473E+03  8.1828E-05  5.5850E-13  3.4548E-13  3.9385E-05
 6.4846E+25  8.1124E-05  9.9992E-01  7.0473E+03  8.1828E-05  5.5505E-13  3.4548E-13  3.9173E-05
 6.4938E+25  8.1459E-05  9.9992E-01  7.0473E+03  8.1828E-05  5.5222E-13  3.4548E-13  3.8959E-05
 6.5031E+25  8.1185E-05  9.9992E-01  7.0472E+03  8.1828E-05  5.5464E-13  3.4549E-13  3.8746E-05
 6.5123E+25  8.1682E-05  9.9992E-01  7.0472E+03  8.1828E-05  5.5128E-13  3.4549E-13  3.8533E-05
 6.5216E+25  8.2177E-05  9.9992E-01  7.0471E+03  8.1828E-05  5.4794E-13  3.4549E-13  3.8320E-05
 6.5308E+25  8.2676E-05  9.9992E-01  7.0471E+03  8.1828E-05  5.4467E-13  3.4549E-13  3.8108E-05
 6.5401E+25  8.3183E-05  9.9992E-01  7.0470E+03  8.1828E-05  5.4132E-13  3.4549E-13  3.7896E-05
 6.5494E+25  8.3177E-05  9.9992E-01  7.0470E+03  8.1828E-05  5.4084E-13  3.4549E-13  3.7685E-05
 6.5586E+25  8.3260E-05  9.9992E-01  7.0470E+03  8.1828E-05  5.4083E-13  3.4550E-13  3.7474E-05
 6.5679E+25  8.3761E-05  9.9992E-01  7.0469E+03  8.1828E-05  5.3761E-13  3.4550E-13  3.7265E-05
 6.5771E+25  8.4266E-05  9.9992E-01  7.0469E+03  8.1828E-05  5.3437E-13  3.4550E-13  3.7056E-05
 6.5864E+25  8.4767E-05  9.9992E-01  7.0468E+03  8.1828E-05  5.3124E-13  3.4550E-13  3.6848E-05
 6.5956E+25  8.5274E-05  9.9991E-01  7.0468E+03  8.1828E-05  5.2800E-13  3.4550E-13  3.6643E-05
 6.6049E+25  8.4974E-05  9.9992E-01  7.0468E+03  8.1828E-05  5.2950E-13  3.4550E-13  3.6448E-05
 6.6142E+25  8.5380E-05  9.9991E-01  7.0467E+03  8.1828E-05  5.2741E-13  3.4551E-13  3.6254E-05
 6.6234E+25  8.5884E-05  9.9991E-01  7.0467E+03  8.1828E-05  5.2433E-13  3.4551E-13  3.6062E-05
 6.6327E+25  8.6397E-05  9.9991E-01  7.0466E+03  8.1828E-05  5.2121E-13  3.4551E-13  3.5872E-05
 6.6419E+25  8.6902E-05  9.9991E-01  7.0466E+03  8.1828E-05  5.1820E-13  3.4551E-13  3.5680E-05
 6.6512E+25  8.7221E-05  9.9991E-01  7.0465E+03  8.1828E-05  5.1579E-13  3.4551E-13  3.5489E-05
 6.6604E+25  8.7027E-05  9.9991E-01  7.0465E+03  8.1828E-05  5.1745E-13  3.4551E-13  3.5298E-05
 6.6697E+25  8.7544E-05  9.9991E-01  7.0465E+03  8.1828E-05  5.1439E-13  3.4552E-13  3.5108E-05
 6.6789E+25  8.8051E-05  9.9991E-01  7.0464E+03  8.1828E-05  5.1143E-13  3.4552E-13  3.4918E-05
 6.6882E+25  8.8572E-05  9.9991E-01  7.0464E+03  8.1828E-05  5.0843E-13  3.4552E-13  3.4729E-05
 6.6975E+25  8.9081E-05  9.9991E-01  7.0463E+03  8.1828E-05  5.0553E-13  3.4552E-13  3.4539E-05
 6.7067E+25  8.9140E-05  9.9991E-01  7.0463E+03  8.1828E-05  5.0471E-13  3.4552E-13  3.4351E-05
 6.7160E+25  8.9227E-05  9.9991E-01  7.0462E+03  8.1828E-05  5.0470E-13  3.4552E-13  3.4163E-05
 6.7252E+25  8.9752E-05  9.9991E-01  7.0462E+03  8.1828E-05  5.0175E-13  3.4553E-13  3.3976E-05
 6.7345E+25  9.0266E-05  9.9991E-01  7.0462E+03  8.1828E-05  4.9890E-13  3.4553E-13  3.3790E-05
 6.7437E+25  9.0791E-05  9.9991E-01  7.0461E+03  8.1828E-05  4.9602E-13  3.4553E-13  3.3607E-05
 6.7530E+25  9.1305E-05  9.9991E-01  7.0461E+03  8.1828E-05  4.9320E-13  3.4553E-13  3.3433E-05
 6.7623E+25  9.1135E-05  9.9991E-01  7.0460E+03  8.1828E-05  4.9371E-13  3.4553E-13  3.3259E-05
 6.7715E+25  9.1474E-05  9.9991E-01  7.0460E+03  8.1828E-05  4.9232E-13  3.4553E-13  3.3088E-05
 6.7808E+25  9.2007E-05  9.9991E-01  7.0459E+03  8.1828E-05  4.8948E-13  3.4554E-13  3.2917E-05
 6.7900E+25  9.2528E-05  9.9991E-01  7.0459E+03  8.1828E-05  4.8671E-13  3.4554E-13  3.2745E-05
 6.7993E+25  9.3056E-05  9.9991E-01  7.0459E+03  8.1828E-05  4.8396E-13  3.4554E-13  3.2574E-05
 6.8085E+25  9.3533E-05  9.9991E-01  7.0458E+03  8.1828E-05  4.8122E-13  3.4554E-13  3.2403E-05
 6.8178E+25  9.3246E-05  9.9991E-01  7.0458E+03  8.1828E-05  4.8279E-13  3.4554E-13  3.2233E-05
 6.8271E+25  9.3771E-05  9.9991E-01  7.0457E+03  8.1828E-05  4.8027E-13  3.4554E-13  3.2063E-05
 6.8363E+25  9.4304E-05  9.9991E-01  7.0457E+03  8.1828E-05  4.7757E-13  3.4555E-13  3.1893E-05
 6.8456E+25  9.4841E-05  9.9991E-01  7.0457E+03  8.1828E-05  4.7485E-13  3.4555E-13  3.1723E-05
 6.8548E+25  9.5370E-05  9.9990E-01  7.0456E+03  8.1828E-05  4.7223E-13  3.4555E-13  3.1554E-05
 6.8641E+25  9.5676E-05  9.9990E-01  7.0456E+03  8.1828E-05  4.7027E-13  3.4555E-13  3.1386E-05
 6.8733E+25  9.5567E-05  9.9990E-01  7.0455E+03  8.1828E-05  4.7126E-13  3.4555E-13  3.1219E-05
 6.8826E+25  9.6116E-05  9.9990E-01  7.0455E+03  8.1828E-05  4.6857E-13  3.4555E-13  3.1051E-05
 6.8919E+25  9.6653E-05  9.9990E-01  7.0454E+03  8.1828E-05  4.6597E-13  3.4556E-13  3.0886E-05
 6.9011E+25  9.7201E-05  9.9990E-01  7.0454E+03  8.1828E-05  4.6334E-13  3.4556E-13  3.0728E-05
 6.9104E+25  9.7736E-05  9.9990E-01  7.0454E+03  8.1828E-05  4.6080E-13  3.4556E-13  3.0572E-05
 6.9196E+25  9.7881E-05  9.9990E-01  7.0454E+03  8.1828E-05  4.5971E-13  3.4556E-13  3.0418E-05
 6.9289E+25  9.7956E-05  9.9990E-01  7.0453E+03  8.1828E-05  4.5977E-13  3.4556E-13  3.0266E-05
 6.9381E+25  9.8507E-05  9.9990E-01  7.0452E+03  8.1828E-05  4.5721E-13  3.4556E-13  3.0112E-05
 6.9474E+25  9.9057E-05  9.9990E-01  7.0452E+03  8.1828E-05  4.5467E-13  3.4557E-13  2.9959E-05
 6.9567E+25  9.9609E-05  9.9990E-01  7.0452E+03  8.1828E-05  4.5216E-13  3.4557E-13  2.9806E-05
 6.9659E+25  1.0016E-04  9.9990E-01  7.0451E+03  8.1828E-05  4.4967E-13  3.4557E-13  2.9653E-05
 6.9752E+25  1.0016E-04  9.9990E-01  7.0451E+03  8.1828E-05  4.4927E-13  3.4557E-13  2.9501E-05
 6.9844E+25  1.0040E-04  9.9990E-01  7.0451E+03  8.1828E-05  4.4859E-13  3.4557E-13  2.9349E-05
 6.9937E+25  1.0095E-04  9.9990E-01  7.0450E+03  8.1828E-05  4.4616E-13  3.4557E-13  2.9197E-05
 7.0029E+25  1.0151E-04  9.9990E-01  7.0450E+03  8.1828E-05  4.4369E-13  3.4558E-13  2.9045E-05
 7.0122E+25  1.0207E-04  9.9990E-01  7.0449E+03  8.1828E-05  4.4128E-13  3.4558E-13  2.8894E-05
 7.0215E+25  1.0262E-04  9.9990E-01  7.0449E+03  8.1828E-05  4.3886E-13  3.4558E-13  2.8743E-05
 7.0307E+25  1.0253E-04  9.9990E-01  7.0449E+03  8.1828E-05  4.3894E-13  3.4558E-13  2.8593E-05
 7.0400E+25  1.0290E-04  9.9990E-01  7.0448E+03  8.1828E-05  4.3771E-13  3.4558E-13  2.8443E-05
 7.0492E+25  1.0345E-04  9.9990E-01  7.0448E+03  8.1828E-05  4.3539E-13  3.4558E-13  2.8297E-05
 7.0585E+25  1.0402E-04  9.9990E-01  7.0447E+03  8.1828E-05  4.3302E-13  3.4558E-13  2.8156E-05
 7.0677E+25  1.0458E-04  9.9990E-01  7.0447E+03  8.1828E-05  4.3068E-13  3.4559E-13  2.8016E-05
 7.0770E+25  1.0513E-04  9.9989E-01  7.0447E+03  8.1828E-05  4.2835E-13  3.4559E-13  2.7879E-05
 7.0863E+25  1.0498E-04  9.9990E-01  7.0446E+03  8.1828E-05  4.2874E-13  3.4559E-13  2.7743E-05
 7.0955E+25  1.0545E-04  9.9989E-01  7.0446E+03  8.1828E-05  4.2713E-13  3.4559E-13  2.7605E-05
 7.1048E+25  1.0601E-04  9.9989E-01  7.0445E+03  8.1828E-05  4.2488E-13  3.4559E-13  2.7468E-05
 7.1140E+25  1.0658E-04  9.9989E-01  7.0445E+03  8.1828E-05  4.2263E-13  3.4559E-13  2.7331E-05
 7.1233E+25  1.0715E-04  9.9989E-01  7.0444E+03  8.1828E-05  4.2037E-13  3.4560E-13  2.7195E-05
 7.1325E+25  1.0768E-04  9.9989E-01  7.0444E+03  8.1828E-05  4.1813E-13  3.4560E-13  2.7058E-05
 7.1418E+25  1.0753E-04  9.9989E-01  7.0444E+03  8.1828E-05  4.1871E-13  3.4560E-13  2.6922E-05
 7.1511E+25  1.0806E-04  9.9989E-01  7.0443E+03  8.1828E-05  4.1682E-13  3.4560E-13  2.6786E-05
 7.1603E+25  1.0863E-04  9.9989E-01  7.0443E+03  8.1828E-05  4.1465E-13  3.4560E-13  2.6650E-05
 7.1696E+25  1.0919E-04  9.9989E-01  7.0442E+03  8.1828E-05  4.1251E-13  3.4560E-13  2.6515E-05
 7.1788E+25  1.0977E-04  9.9989E-01  7.0442E+03  8.1828E-05  4.1033E-13  3.4561E-13  2.6380E-05
 7.1881E+25  1.1027E-04  9.9989E-01  7.0442E+03  8.1828E-05  4.0817E-13  3.4561E-13  2.6245E-05
 7.1973E+25  1.1016E-04  9.9989E-01  7.0441E+03  8.1828E-05  4.0885E-13  3.4561E-13  2.6111E-05
 7.2066E+25  1.1073E-04  9.9989E-01  7.0441E+03  8.1828E-05  4.0676E-13  3.4561E-13  2.5979E-05
 7.2159E+25  1.1130E-04  9.9989E-01  7.0440E+03  8.1828E-05  4.0470E-13  3.4561E-13  2.5853E-05
 7.2251E+25  1.1188E-04  9.9989E-01  7.0440E+03  8.1828E-05  4.0263E-13  3.4561E-13  2.5727E-05
 7.2344E+25  1.1246E-04  9.9989E-01  7.0439E+03  8.1828E-05  4.0055E-13  3.4562E-13  2.5603E-05
 7.2436E+25  1.1292E-04  9.9989E-01  7.0439E+03  8.1828E-05  3.9861E-13  3.4562E-13  2.5482E-05
 7.2529E+25  1.1288E-04  9.9989E-01  7.0439E+03  8.1828E-05  3.9904E-13  3.4562E-13  2.5359E-05
 7.2621E+25  1.1347E-04  9.9989E-01  7.0438E+03  8.1828E-05  3.9699E-13  3.4562E-13  2.5236E-05
 7.2714E+25  1.1404E-04  9.9989E-01  7.0438E+03  8.1828E-05  3.9498E-13  3.4562E-13  2.5114E-05
 7.2807E+25  1.1462E-04  9.9989E-01  7.0437E+03  8.1828E-05  3.9300E-13  3.4562E-13  2.4991E-05
 7.2899E+25  1.1520E-04  9.9988E-01  7.0437E+03  8.1828E-05  3.9102E-13  3.4562E-13  2.4869E-05
 7.2992E+25  1.1564E-04  9.9988E-01  7.0437E+03  8.1828E-05  3.8923E-13  3.4563E-13  2.4747E-05
 7.3084E+25  1.1566E-04  9.9988E-01  7.0436E+03  8.1828E-05  3.8948E-13  3.4563E-13  2.4626E-05
 7.3177E+25  1.1625E-04  9.9988E-01  7.0436E+03  8.1828E-05  3.8748E-13  3.4563E-13  2.4504E-05
 7.3269E+25  1.1684E-04  9.9988E-01  7.0435E+03  8.1828E-05  3.8552E-13  3.4563E-13  2.4382E-05
 7.3362E+25  1.1742E-04  9.9988E-01  7.0435E+03  8.1828E-05  3.8362E-13  3.4563E-13  2.4261E-05
 7.3455E+25  1.1801E-04  9.9988E-01  7.0434E+03  8.1828E-05  3.8172E-13  3.4563E-13  2.4141E-05
 7.3547E+25  1.1844E-04  9.9988E-01  7.0434E+03  8.1828E-05  3.8005E-13  3.4564E-13  2.4020E-05
 7.3640E+25  1.1850E-04  9.9988E-01  7.0434E+03  8.1828E-05  3.8015E-13  3.4564E-13  2.3900E-05
 7.3732E+25  1.1910E-04  9.9988E-01  7.0433E+03  8.1828E-05  3.7823E-13  3.4564E-13  2.3784E-05
 7.3825E+25  1.1970E-04  9.9988E-01  7.0433E+03  8.1828E-05  3.7632E-13  3.4564E-13  2.3671E-05
 7.3917E+25  1.2030E-04  9.9988E-01  7.0432E+03  8.1828E-05  3.7447E-13  3.4564E-13  2.3559E-05
 7.4010E+25  1.2088E-04  9.9988E-01  7.0432E+03  8.1828E-05  3.7265E-13  3.4564E-13  2.3449E-05
 7.4103E+25  1.2133E-04  9.9988E-01  7.0432E+03  8.1828E-05  3.7103E-13  3.4565E-13  2.3340E-05
 7.4195E+25  1.2141E-04  9.9988E-01  7.0431E+03  8.1828E-05  3.7105E-13  3.4565E-13  2.3230E-05
 7.4288E+25  1.2201E-04  9.9988E-01  7.0431E+03  8.1828E-05  3.6923E-13  3.4565E-13  2.3120E-05
 7.4380E+25  1.2262E-04  9.9988E-01  7.0430E+03  8.1828E-05  3.6738E-13  3.4565E-13  2.3011E-05
 7.4473E+25  1.2323E-04  9.9988E-01  7.0430E+03  8.1828E-05  3.6557E-13  3.4565E-13  2.2902E-05
 7.4565E+25  1.2383E-04  9.9988E-01  7.0429E+03  8.1828E-05  3.6380E-13  3.4566E-13  2.2792E-05
 7.4658E+25  1.2429E-04  9.9988E-01  7.0429E+03  8.1828E-05  3.6219E-13  3.4566E-13  2.2684E-05
 7.4751E+25  1.2438E-04  9.9988E-01  7.0429E+03  8.1828E-05  3.6219E-13  3.4566E-13  2.2575E-05
 7.4843E+25  1.2499E-04  9.9988E-01  7.0428E+03  8.1828E-05  3.6043E-13  3.4566E-13  2.2466E-05
 7.4936E+25  1.2560E-04  9.9987E-01  7.0427E+03  8.1828E-05  3.5868E-13  3.4566E-13  2.2357E-05
 7.5028E+25  1.2622E-04  9.9987E-01  7.0427E+03  8.1828E-05  3.5691E-13  3.4566E-13  2.2249E-05
 7.5121E+25  1.2683E-04  9.9987E-01  7.0427E+03  8.1828E-05  3.5518E-13  3.4567E-13  2.2141E-05
 7.5213E+25  1.2734E-04  9.9987E-01  7.0427E+03  8.1828E-05  3.5354E-13  3.4567E-13  2.2033E-05
 7.5306E+25  1.2743E-04  9.9987E-01  7.0426E+03  8.1828E-05  3.5354E-13  3.4567E-13  2.1925E-05
 7.5399E+25  1.2804E-04  9.9987E-01  7.0426E+03  8.1828E-05  3.5186E-13  3.4567E-13  2.1820E-05
 7.5491E+25  1.2865E-04  9.9987E-01  7.0425E+03  8.1828E-05  3.5018E-13  3.4567E-13  2.1719E-05
 7.5584E+25  1.2928E-04  9.9987E-01  7.0424E+03  8.1828E-05  3.4849E-13  3.4568E-13  2.1618E-05
 7.5676E+25  1.2991E-04  9.9987E-01  7.0424E+03  8.1828E-05  3.4680E-13  3.4568E-13  2.1519E-05
 7.5769E+25  1.3046E-04  9.9987E-01  7.0424E+03  8.1828E-05  3.4517E-13  3.4568E-13  2.1422E-05
 7.5861E+25  1.3055E-04  9.9987E-01  7.0424E+03  8.1828E-05  3.4503E-13  3.4568E-13  2.1324E-05
 7.5954E+25  1.3116E-04  9.9987E-01  7.0423E+03  8.1828E-05  3.4350E-13  3.4568E-13  2.1226E-05
 7.6047E+25  1.3178E-04  9.9987E-01  7.0422E+03  8.1828E-05  3.4189E-13  3.4568E-13  2.1128E-05
 7.6139E+25  1.3240E-04  9.9987E-01  7.0422E+03  8.1828E-05  3.4028E-13  3.4569E-13  2.1031E-05
 7.6232E+25  1.3303E-04  9.9987E-01  7.0421E+03  8.1828E-05  3.3866E-13  3.4569E-13  2.0933E-05
 7.6324E+25  1.3364E-04  9.9987E-01  7.0421E+03  8.1828E-05  3.3705E-13  3.4569E-13  2.0835E-05
 7.6417E+25  1.3376E-04  9.9987E-01  7.0421E+03  8.1828E-05  3.3669E-13  3.4569E-13  2.0738E-05
 7.6509E+25  1.3435E-04  9.9987E-01  7.0420E+03  8.1828E-05  3.3533E-13  3.4569E-13  2.0641E-05
 7.6602E+25  1.3497E-04  9.9987E-01  7.0420E+03  8.1828E-05  3.3380E-13  3.4569E-13  2.0543E-05
 7.6695E+25  1.3560E-04  9.9986E-01  7.0419E+03  8.1828E-05  3.3226E-13  3.4570E-13  2.0446E-05
 7.6787E+25  1.3623E-04  9.9986E-01  7.0418E+03  8.1828E-05  3.3073E-13  3.4570E-13  2.0350E-05
 7.6880E+25  1.3686E-04  9.9986E-01  7.0418E+03  8.1828E-05  3.2917E-13  3.4570E-13  2.0253E-05
 7.6972E+25  1.3707E-04  9.9986E-01  7.0418E+03  8.1828E-05  3.2856E-13  3.4570E-13  2.0156E-05
 7.7065E+25  1.3762E-04  9.9986E-01  7.0417E+03  8.1828E-05  3.2737E-13  3.4570E-13  2.0060E-05
 7.7157E+25  1.3824E-04  9.9986E-01  7.0417E+03  8.1828E-05  3.2590E-13  3.4570E-13  1.9968E-05
 7.7250E+25  1.3887E-04  9.9986E-01  7.0416E+03  8.1828E-05  3.2444E-13  3.4571E-13  1.9878E-05
 7.7343E+25  1.3950E-04  9.9986E-01  7.0416E+03  8.1828E-05  3.2297E-13  3.4571E-13  1.9787E-05
 7.7435E+25  1.4014E-04  9.9986E-01  7.0415E+03  8.1828E-05  3.2151E-13  3.4571E-13  1.9700E-05
 7.7528E+25  1.4044E-04  9.9986E-01  7.0415E+03  8.1828E-05  3.2069E-13  3.4571E-13  1.9613E-05
 7.7620E+25  1.4097E-04  9.9986E-01  7.0415E+03  8.1828E-05  3.1961E-13  3.4571E-13  1.9525E-05
 7.7713E+25  1.4159E-04  9.9986E-01  7.0414E+03  8.1828E-05  3.1820E-13  3.4572E-13  1.9438E-05
 7.7805E+25  1.4222E-04  9.9986E-01  7.0413E+03  8.1828E-05  3.1680E-13  3.4572E-13  1.9350E-05
 7.7898E+25  1.4285E-04  9.9986E-01  7.0413E+03  8.1828E-05  3.1540E-13  3.4572E-13  1.9263E-05
 7.7991E+25  1.4349E-04  9.9986E-01  7.0413E+03  8.1828E-05  3.1400E-13  3.4572E-13  1.9176E-05
 7.8083E+25  1.4387E-04  9.9986E-01  7.0412E+03  8.1828E-05  3.1305E-13  3.4572E-13  1.9089E-05
 7.8176E+25  1.4437E-04  9.9986E-01  7.0412E+03  8.1828E-05  3.1209E-13  3.4573E-13  1.9002E-05
 7.8268E+25  1.4502E-04  9.9985E-01  7.0411E+03  8.1828E-05  3.1070E-13  3.4573E-13  1.8915E-05
 7.8361E+25  1.4565E-04  9.9985E-01  7.0411E+03  8.1828E-05  3.0935E-13  3.4573E-13  1.8827E-05
 7.8453E+25  1.4628E-04  9.9985E-01  7.0410E+03  8.1828E-05  3.0802E-13  3.4573E-13  1.8741E-05
 7.8546E+25  1.4692E-04  9.9985E-01  7.0410E+03  8.1828E-05  3.0668E-13  3.4573E-13  1.8654E-05
 7.8638E+25  1.4738E-04  9.9985E-01  7.0409E+03  8.1828E-05  3.0560E-13  3.4573E-13  1.8568E-05
 7.8731E+25  1.4784E-04  9.9985E-01  7.0409E+03  8.1828E-05  3.0478E-13  3.4574E-13  1.8481E-05
 7.8824E+25  1.4850E-04  9.9985E-01  7.0408E+03  8.1828E-05  3.0342E-13  3.4574E-13  1.8395E-05
 7.8916E+25  1.4915E-04  9.9985E-01  7.0408E+03  8.1828E-05  3.0209E-13  3.4574E-13  1.8312E-05
 7.9009E+25  1.4979E-04  9.9985E-01  7.0407E+03  8.1828E-05  3.0081E-13  3.4574E-13  1.8231E-05
 7.9101E+25  1.5043E-04  9.9985E-01  7.0407E+03  8.1828E-05  2.9953E-13  3.4575E-13  1.8150E-05
 7.9194E+25  1.5098E-04  9.9985E-01  7.0406E+03  8.1828E-05  2.9835E-13  3.4575E-13  1.8071E-05
 7.9286E+25  1.5139E-04  9.9985E-01  7.0406E+03  8.1828E-05  2.9764E-13  3.4575E-13  1.7993E-05
 7.9379E+25  1.5205E-04  9.9985E-01  7.0405E+03  8.1828E-05  2.9635E-13  3.4575E-13  1.7915E-05
 7.9472E+25  1.5272E-04  9.9985E-01  7.0404E+03  8.1828E-05  2.9505E-13  3.4575E-13  1.7837E-05
 7.9564E+25  1.5338E-04  9.9985E-01  7.0404E+03  8.1828E-05  2.9379E-13  3.4576E-13  1.7759E-05
 7.9657E+25  1.5402E-04  9.9985E-01  7.0404E+03  8.1828E-05  2.9256E-13  3.4576E-13  1.7681E-05
 7.9749E+25  1.5463E-04  9.9985E-01  7.0403E+03  8.1828E-05  2.9134E-13  3.4576E-13  1.7603E-05
 7.9842E+25  1.5503E-04  9.9984E-01  7.0403E+03  8.1828E-05  2.9063E-13  3.4576E-13  1.7525E-05
 7.9934E+25  1.5568E-04  9.9984E-01  7.0402E+03  8.1828E-05  2.8944E-13  3.4576E-13  1.7447E-05
 8.0027E+25  1.5635E-04  9.9984E-01  7.0401E+03  8.1828E-05  2.8822E-13  3.4577E-13  1.7370E-05
 8.0120E+25  1.5702E-04  9.9984E-01  7.0401E+03  8.1828E-05  2.8697E-13  3.4577E-13  1.7292E-05
 8.0212E+25  1.5768E-04  9.9984E-01  7.0400E+03  8.1828E-05  2.8578E-13  3.4577E-13  1.7214E-05
 8.0305E+25  1.5832E-04  9.9984E-01  7.0400E+03  8.1828E-05  2.8460E-13  3.4577E-13  1.7137E-05
 8.0397E+25  1.5879E-04  9.9984E-01  7.0400E+03  8.1828E-05  2.8373E-13  3.4577E-13  1.7059E-05
 8.0490E+25  1.5940E-04  9.9984E-01  7.0399E+03  8.1828E-05  2.8270E-13  3.4578E-13  1.6982E-05
 8.0582E+25  1.6006E-04  9.9984E-01  7.0398E+03  8.1828E-05  2.8154E-13  3.4578E-13  1.6905E-05
 8.0675E+25  1.6073E-04  9.9984E-01  7.0398E+03  8.1828E-05  2.8037E-13  3.4578E-13  1.6828E-05
 8.0768E+25  1.6141E-04  9.9984E-01  7.0397E+03  8.1828E-05  2.7918E-13  3.4578E-13  1.6754E-05
 8.0860E+25  1.6207E-04  9.9984E-01  7.0397E+03  8.1828E-05  2.7804E-13  3.4578E-13  1.6682E-05
 8.0953E+25  1.6262E-04  9.9984E-01  7.0397E+03  8.1828E-05  2.7706E-13  3.4579E-13  1.6609E-05
 8.1045E+25  1.6321E-04  9.9984E-01  7.0396E+03  8.1828E-05  2.7611E-13  3.4579E-13  1.6539E-05
 8.1138E+25  1.6386E-04  9.9984E-01  7.0395E+03  8.1828E-05  2.7502E-13  3.4579E-13  1.6470E-05
 8.1230E+25  1.6452E-04  9.9984E-01  7.0394E+03  8.1828E-05  2.7391E-13  3.4579E-13  1.6401E-05
 8.1323E+25  1.6520E-04  9.9983E-01  7.0394E+03  8.1828E-05  2.7280E-13  3.4580E-13  1.6331E-05
 8.1416E+25  1.6589E-04  9.9983E-01  7.0393E+03  8.1828E-05  2.7167E-13  3.4580E-13  1.6261E-05
 8.1508E+25  1.6651E-04  9.9983E-01  7.0393E+03  8.1828E-05  2.7061E-13  3.4580E-13  1.6191E-05
 8.1601E+25  1.6709E-04  9.9983E-01  7.0393E+03  8.1828E-05  2.6970E-13  3.4580E-13  1.6122E-05
 8.1693E+25  1.6775E-04  9.9983E-01  7.0392E+03  8.1828E-05  2.6864E-13  3.4580E-13  1.6052E-05
 8.1786E+25  1.6840E-04  9.9983E-01  7.0391E+03  8.1828E-05  2.6760E-13  3.4581E-13  1.5983E-05
 8.1878E+25  1.6907E-04  9.9983E-01  7.0390E+03  8.1828E-05  2.6655E-13  3.4581E-13  1.5913E-05
 8.1971E+25  1.6975E-04  9.9983E-01  7.0390E+03  8.1828E-05  2.6550E-13  3.4581E-13  1.5844E-05
 8.2064E+25  1.7043E-04  9.9983E-01  7.0390E+03  8.1828E-05  2.6442E-13  3.4581E-13  1.5774E-05
 8.2156E+25  1.7105E-04  9.9983E-01  7.0389E+03  8.1828E-05  2.6345E-13  3.4581E-13  1.5705E-05
 8.2249E+25  1.7171E-04  9.9983E-01  7.0389E+03  8.1828E-05  2.6245E-13  3.4582E-13  1.5636E-05
 8.2341E+25  1.7238E-04  9.9983E-01  7.0388E+03  8.1828E-05  2.6144E-13  3.4582E-13  1.5567E-05
 8.2434E+25  1.7304E-04  9.9983E-01  7.0387E+03  8.1828E-05  2.6045E-13  3.4582E-13  1.5498E-05
 8.2526E+25  1.7370E-04  9.9983E-01  7.0386E+03  8.1828E-05  2.5945E-13  3.4583E-13  1.5429E-05
 8.2619E+25  1.7438E-04  9.9983E-01  7.0386E+03  8.1828E-05  2.5845E-13  3.4583E-13  1.5362E-05
 8.2712E+25  1.7507E-04  9.9982E-01  7.0386E+03  8.1828E-05  2.5743E-13  3.4583E-13  1.5297E-05
 8.2804E+25  1.7576E-04  9.9982E-01  7.0385E+03  8.1828E-05  2.5642E-13  3.4583E-13  1.5232E-05
 8.2897E+25  1.7642E-04  9.9982E-01  7.0384E+03  8.1828E-05  2.5546E-13  3.4583E-13  1.5169E-05
 8.2989E+25  1.7709E-04  9.9982E-01  7.0384E+03  8.1828E-05  2.5450E-13  3.4584E-13  1.5107E-05
 8.3082E+25  1.7775E-04  9.9982E-01  7.0383E+03  8.1828E-05  2.5354E-13  3.4584E-13  1.5045E-05
 8.3174E+25  1.7842E-04  9.9982E-01  7.0382E+03  8.1828E-05  2.5261E-13  3.4584E-13  1.4983E-05
 8.3267E+25  1.7912E-04  9.9982E-01  7.0382E+03  8.1828E-05  2.5163E-13  3.4584E-13  1.4920E-05
 8.3360E+25  1.7985E-04  9.9982E-01  7.0381E+03  8.1828E-05  2.5060E-13  3.4585E-13  1.4858E-05
 8.3452E+25  1.8054E-04  9.9982E-01  7.0381E+03  8.1828E-05  2.4964E-13  3.4585E-13  1.4796E-05
 8.3545E+25  1.8121E-04  9.9982E-01  7.0380E+03  8.1828E-05  2.4872E-13  3.4585E-13  1.4734E-05
 8.3637E+25  1.8188E-04  9.9982E-01  7.0379E+03  8.1828E-05  2.4780E-13  3.4585E-13  1.4672E-05
 8.3730E+25  1.8255E-04  9.9982E-01  7.0379E+03  8.1828E-05  2.4689E-13  3.4586E-13  1.4610E-05
 8.3822E+25  1.8323E-04  9.9982E-01  7.0378E+03  8.1828E-05  2.4600E-13  3.4586E-13  1.4548E-05
 8.3915E+25  1.8401E-04  9.9982E-01  7.0378E+03  8.1828E-05  2.4496E-13  3.4586E-13  1.4486E-05
 8.4008E+25  1.8471E-04  9.9982E-01  7.0377E+03  8.1828E-05  2.4402E-13  3.4586E-13  1.4424E-05
 8.4100E+25  1.8541E-04  9.9981E-01  7.0376E+03  8.1828E-05  2.4310E-13  3.4587E-13  1.4362E-05
 8.4193E+25  1.8608E-04  9.9981E-01  7.0376E+03  8.1828E-05  2.4222E-13  3.4587E-13  1.4300E-05
 8.4285E+25  1.8675E-04  9.9981E-01  7.0375E+03  8.1828E-05  2.4135E-13  3.4587E-13  1.4238E-05
 8.4378E+25  1.8743E-04  9.9981E-01  7.0375E+03  8.1828E-05  2.4048E-13  3.4587E-13  1.4177E-05
 8.4470E+25  1.8823E-04  9.9981E-01  7.0374E+03  8.1828E-05  2.3950E-13  3.4587E-13  1.4115E-05
 8.4563E+25  1.8895E-04  9.9981E-01  7.0373E+03  8.1828E-05  2.3855E-13  3.4588E-13  1.4056E-05
 8.4656E+25  1.8965E-04  9.9981E-01  7.0373E+03  8.1828E-05  2.3768E-13  3.4588E-13  1.3998E-05
 8.4748E+25  1.9035E-04  9.9981E-01  7.0372E+03  8.1828E-05  2.3680E-13  3.4588E-13  1.3940E-05
 8.4841E+25  1.9103E-04  9.9981E-01  7.0371E+03  8.1828E-05  2.3595E-13  3.4589E-13  1.3883E-05
 8.4933E+25  1.9169E-04  9.9981E-01  7.0371E+03  8.1828E-05  2.3514E-13  3.4589E-13  1.3828E-05
 8.5026E+25  1.9247E-04  9.9981E-01  7.0370E+03  8.1828E-05  2.3425E-13  3.4589E-13  1.3773E-05
 8.5118E+25  1.9330E-04  9.9981E-01  7.0370E+03  8.1828E-05  2.3318E-13  3.4589E-13  1.3717E-05
 8.5211E+25  1.9396E-04  9.9981E-01  7.0369E+03  8.1828E-05  2.3239E-13  3.4590E-13  1.3662E-05
 8.5304E+25  1.9466E-04  9.9981E-01  7.0368E+03  8.1828E-05  2.3157E-13  3.4590E-13  1.3606E-05
 8.5396E+25  1.9536E-04  9.9980E-01  7.0367E+03  8.1828E-05  2.3074E-13  3.4590E-13  1.3551E-05
 8.5489E+25  1.9605E-04  9.9980E-01  7.0367E+03  8.1828E-05  2.2992E-13  3.4590E-13  1.3495E-05
 8.5581E+25  1.9673E-04  9.9980E-01  7.0366E+03  8.1828E-05  2.2915E-13  3.4591E-13  1.3440E-05
 8.5674E+25  1.9769E-04  9.9980E-01  7.0366E+03  8.1828E-05  2.2807E-13  3.4591E-13  1.3385E-05
 8.5766E+25  1.9839E-04  9.9980E-01  7.0365E+03  8.1828E-05  2.2720E-13  3.4591E-13  1.3329E-05
 8.5859E+25  1.9905E-04  9.9980E-01  7.0364E+03  8.1828E-05  2.2645E-13  3.4591E-13  1.3274E-05
 8.5952E+25  1.9973E-04  9.9980E-01  7.0363E+03  8.1828E-05  2.2569E-13  3.4592E-13  1.3219E-05
 8.6044E+25  2.0044E-04  9.9980E-01  7.0362E+03  8.1828E-05  2.2490E-13  3.4592E-13  1.3163E-05
 8.6137E+25  2.0114E-04  9.9980E-01  7.0362E+03  8.1828E-05  2.2412E-13  3.4592E-13  1.3108E-05
 8.6229E+25  2.0200E-04  9.9980E-01  7.0362E+03  8.1828E-05  2.2323E-13  3.4592E-13  1.3053E-05
 8.6322E+25  2.0288E-04  9.9980E-01  7.0361E+03  8.1828E-05  2.2220E-13  3.4593E-13  1.2998E-05
 8.6414E+25  2.0356E-04  9.9980E-01  7.0360E+03  8.1828E-05  2.2145E-13  3.4593E-13  1.2943E-05
 8.6507E+25  2.0422E-04  9.9980E-01  7.0359E+03  8.1828E-05  2.2072E-13  3.4593E-13  1.2889E-05
 8.6600E+25  2.0489E-04  9.9980E-01  7.0358E+03  8.1828E-05  2.2002E-13  3.4594E-13  1.2837E-05
 8.6692E+25  2.0559E-04  9.9979E-01  7.0358E+03  8.1828E-05  2.1928E-13  3.4594E-13  1.2785E-05
 8.6785E+25  2.0633E-04  9.9979E-01  7.0357E+03  8.1828E-05  2.1853E-13  3.4594E-13  1.2733E-05
 8.6877E+25  2.0741E-04  9.9979E-01  7.0357E+03  8.1828E-05  2.1739E-13  3.4594E-13  1.2684E-05
 8.6970E+25  2.0809E-04  9.9979E-01  7.0356E+03  8.1828E-05  2.1664E-13  3.4595E-13  1.2635E-05
 8.7062E+25  2.0879E-04  9.9979E-01  7.0355E+03  8.1828E-05  2.1592E-13  3.4595E-13  1.2585E-05
 8.7155E+25  2.0945E-04  9.9979E-01  7.0354E+03  8.1828E-05  2.1523E-13  3.4595E-13  1.2535E-05
 8.7248E+25  2.1011E-04  9.9979E-01  7.0354E+03  8.1828E-05  2.1455E-13  3.4596E-13  1.2486E-05
 8.7340E+25  2.1080E-04  9.9979E-01  7.0353E+03  8.1828E-05  2.1387E-13  3.4596E-13  1.2436E-05
 8.7433E+25  2.1179E-04  9.9979E-01  7.0352E+03  8.1828E-05  2.1297E-13  3.4596E-13  1.2387E-05
 8.7525E+25  2.1273E-04  9.9979E-01  7.0352E+03  8.1828E-05  2.1192E-13  3.4596E-13  1.2337E-05
 8.7618E+25  2.1338E-04  9.9979E-01  7.0351E+03  8.1828E-05  2.1127E-13  3.4597E-13  1.2288E-05
 8.7710E+25  2.1407E-04  9.9979E-01  7.0350E+03  8.1828E-05  2.1060E-13  3.4597E-13  1.2239E-05
 8.7803E+25  2.1474E-04  9.9979E-01  7.0349E+03  8.1828E-05  2.0993E-13  3.4597E-13  1.2189E-05
 8.7896E+25  2.1541E-04  9.9978E-01  7.0349E+03  8.1828E-05  2.0929E-13  3.4598E-13  1.2140E-05
 8.7988E+25  2.1612E-04  9.9978E-01  7.0348E+03  8.1828E-05  2.0866E-13  3.4598E-13  1.2091E-05
 8.8081E+25  2.1733E-04  9.9978E-01  7.0347E+03  8.1828E-05  2.0751E-13  3.4598E-13  1.2041E-05
 8.8173E+25  2.1807E-04  9.9978E-01  7.0346E+03  8.1828E-05  2.0675E-13  3.4598E-13  1.1992E-05
 8.8266E+25  2.1874E-04  9.9978E-01  7.0346E+03  8.1828E-05  2.0610E-13  3.4599E-13  1.1942E-05
 8.8358E+25  2.1940E-04  9.9978E-01  7.0345E+03  8.1828E-05  2.0549E-13  3.4599E-13  1.1893E-05
 8.8451E+25  2.2009E-04  9.9978E-01  7.0344E+03  8.1828E-05  2.0485E-13  3.4599E-13  1.1844E-05
 8.8544E+25  2.2076E-04  9.9978E-01  7.0343E+03  8.1828E-05  2.0423E-13  3.4600E-13  1.1796E-05
 8.8636E+25  2.2174E-04  9.9978E-01  7.0343E+03  8.1828E-05  2.0345E-13  3.4600E-13  1.1749E-05
 8.8729E+25  2.2275E-04  9.9978E-01  7.0342E+03  8.1828E-05  2.0241E-13  3.4600E-13  1.1703E-05
 8.8821E+25  2.2345E-04  9.9978E-01  7.0341E+03  8.1828E-05  2.0178E-13  3.4601E-13  1.1656E-05
 8.8914E+25  2.2414E-04  9.9978E-01  7.0340E+03  8.1828E-05  2.0115E-13  3.4601E-13  1.1612E-05
 8.9006E+25  2.2479E-04  9.9978E-01  7.0339E+03  8.1828E-05  2.0057E-13  3.4601E-13  1.1568E-05
 8.9099E+25  2.2547E-04  9.9977E-01  7.0339E+03  8.1828E-05  1.9997E-13  3.4602E-13  1.1524E-05
 8.9192E+25  2.2619E-04  9.9977E-01  7.0338E+03  8.1828E-05  1.9937E-13  3.4602E-13  1.1480E-05
 8.9284E+25  2.2745E-04  9.9977E-01  7.0338E+03  8.1828E-05  1.9834E-13  3.4602E-13  1.1436E-05
 8.9377E+25  2.2820E-04  9.9977E-01  7.0337E+03  8.1828E-05  1.9758E-13  3.4602E-13  1.1392E-05
 8.9469E+25  2.2888E-04  9.9977E-01  7.0336E+03  8.1828E-05  1.9700E-13  3.4603E-13  1.1348E-05
 8.9562E+25  2.2957E-04  9.9977E-01  7.0335E+03  8.1828E-05  1.9641E-13  3.4603E-13  1.1304E-05
 8.9654E+25  2.3024E-04  9.9977E-01  7.0334E+03  8.1828E-05  1.9583E-13  3.4603E-13  1.1260E-05
 8.9747E+25  2.3090E-04  9.9977E-01  7.0333E+03  8.1828E-05  1.9528E-13  3.4604E-13  1.1216E-05
 8.9840E+25  2.3183E-04  9.9977E-01  7.0333E+03  8.1828E-05  1.9465E-13  3.4604E-13  1.1172E-05
 8.9932E+25  2.3305E-04  9.9977E-01  7.0332E+03  8.1828E-05  1.9348E-13  3.4604E-13  1.1127E-05
 9.0025E+25  2.3370E-04  9.9977E-01  7.0331E+03  8.1828E-05  1.9293E-13  3.4605E-13  1.1083E-05
 9.0117E+25  2.3435E-04  9.9977E-01  7.0330E+03  8.1828E-05  1.9240E-13  3.4605E-13  1.1039E-05
 9.0210E+25  2.3504E-04  9.9976E-01  7.0329E+03  8.1828E-05  1.9185E-13  3.4605E-13  1.0995E-05
 9.0302E+25  2.3572E-04  9.9976E-01  7.0328E+03  8.1828E-05  1.9129E-13  3.4606E-13  1.0951E-05
 9.0395E+25  2.3639E-04  9.9976E-01  7.0328E+03  8.1828E-05  1.9076E-13  3.4606E-13  1.0907E-05
 9.0487E+25  2.3762E-04  9.9976E-01  7.0327E+03  8.1828E-05  1.8992E-13  3.4606E-13  1.0863E-05
 9.0580E+25  2.3858E-04  9.9976E-01  7.0326E+03  8.1828E-05  1.8900E-13  3.4606E-13  1.0819E-05
 9.0673E+25  2.3924E-04  9.9976E-01  7.0325E+03  8.1828E-05  1.8848E-13  3.4607E-13  1.0777E-05
 9.0765E+25  2.3988E-04  9.9976E-01  7.0325E+03  8.1828E-05  1.8797E-13  3.4607E-13  1.0735E-05
 9.0858E+25  2.4053E-04  9.9976E-01  7.0324E+03  8.1828E-05  1.8747E-13  3.4607E-13  1.0694E-05
 9.0950E+25  2.4122E-04  9.9976E-01  7.0323E+03  8.1828E-05  1.8695E-13  3.4608E-13  1.0653E-05
 9.1043E+25  2.4197E-04  9.9976E-01  7.0322E+03  8.1828E-05  1.8642E-13  3.4608E-13  1.0613E-05
 9.1135E+25  2.4339E-04  9.9976E-01  7.0322E+03  8.1828E-05  1.8539E-13  3.4608E-13  1.0575E-05
 9.1228E+25  2.4414E-04  9.9976E-01  7.0321E+03  8.1828E-05  1.8470E-13  3.4609E-13  1.0535E-05
 9.1321E+25  2.4479E-04  9.9976E-01  7.0320E+03  8.1828E-05  1.8422E-13  3.4609E-13  1.0496E-05
 9.1413E+25  2.4544E-04  9.9975E-01  7.0319E+03  8.1828E-05  1.8373E-13  3.4609E-13  1.0456E-05
 9.1506E+25  2.4608E-04  9.9975E-01  7.0318E+03  8.1828E-05  1.8325E-13  3.4610E-13  1.0417E-05
 9.1598E+25  2.4674E-04  9.9975E-01  7.0317E+03  8.1828E-05  1.8278E-13  3.4610E-13  1.0378E-05
 9.1691E+25  2.4769E-04  9.9975E-01  7.0317E+03  8.1828E-05  1.8225E-13  3.4610E-13  1.0339E-05
 9.1783E+25  2.4907E-04  9.9975E-01  7.0316E+03  8.1828E-05  1.8105E-13  3.4611E-13  1.0299E-05
 9.1876E+25  2.4971E-04  9.9975E-01  7.0315E+03  8.1828E-05  1.8060E-13  3.4611E-13  1.0260E-05
 9.1969E+25  2.5037E-04  9.9975E-01  7.0314E+03  8.1828E-05  1.8012E-13  3.4611E-13  1.0221E-05
 9.2061E+25  2.5100E-04  9.9975E-01  7.0313E+03  8.1828E-05  1.7967E-13  3.4612E-13  1.0182E-05
 9.2154E+25  2.5165E-04  9.9975E-01  7.0312E+03  8.1828E-05  1.7920E-13  3.4612E-13  1.0142E-05
 9.2246E+25  2.5230E-04  9.9975E-01  7.0311E+03  8.1828E-05  1.7876E-13  3.4612E-13  1.0103E-05
 9.2339E+25  2.5349E-04  9.9975E-01  7.0311E+03  8.1828E-05  1.7809E-13  3.4613E-13  1.0063E-05
 9.2431E+25  2.5467E-04  9.9975E-01  7.0310E+03  8.1828E-05  1.7708E-13  3.4613E-13  1.0024E-05
 9.2524E+25  2.5530E-04  9.9974E-01  7.0309E+03  8.1828E-05  1.7664E-13  3.4613E-13  9.9849E-06
