 4.6285E+22  3.2669E-11  1.0000E+00  1.1695E+04  8.1828E-05  1.0464E-06  2.2726E-13  1.0000E+00
 1.3886E+23  2.2863E-10  1.0000E+00  1.1698E+04  8.1828E-05  1.4948E-07  2.2719E-13  1.0000E+00
 2.3143E+23  6.2008E-10  1.0000E+00  1.1711E+04  8.1828E-05  5.5072E-08  2.2699E-13  1.0000E+00
 3.2400E+23  1.2055E-09  1.0000E+00  1.1738E+04  8.1828E-05  2.8280E-08  2.2655E-13  1.0000E+00
 4.1657E+23  1.9816E-09  1.0000E+00  1.1786E+04  8.1828E-05  1.7154E-08  2.2576E-13  1.0000E+00
 5.0914E+23  2.9422E-09  1.0000E+00  1.1865E+04  8.1828E-05  1.1498E-08  2.2449E-13  1.0000E+00
 6.0171E+23  4.0747E-09  1.0000E+00  1.1986E+04  8.1828E-05  8.2411E-09  2.2256E-13  1.0000E+00
 6.9428E+23  5.3671E-09  1.0000E+00  1.2162E+04  8.1828E-05  6.1914E-09  2.1984E-13  1.0000E+00
 7.8685E+23  6.7864E-09  1.0000E+00  1.2419E+04  8.1828E-05  4.8229E-09  2.1597E-13  1.0000E+00
 8.7942E+23  8.3030E-09  1.0000E+00  1.2776E+04  8.1828E-05  3.8616E-09  2.1081E-13  1.0000E+00
 9.7199E+23  9.8990E-09  1.0000E+00  1.3210E+04  8.1828E-05  3.1614E-09  2.0490E-13  1.0000E+00
 1.0646E+24  1.1595E-08  1.0000E+00  1.3646E+04  8.1828E-05  2.6358E-09  1.9927E-13  1.0000E+00
 1.1571E+24  1.3468E-08  1.0000E+00  1.3963E+04  8.1828E-05  2.2316E-09  1.9539E-13  1.0000E+00
 1.2497E+24  1.5577E-08  1.0000E+00  1.4134E+04  8.1828E-05  1.9124E-09  1.9336E-13  1.0000E+00
 1.3423E+24  1.7872E-08  1.0000E+00  1.4228E+04  8.1828E-05  1.6587E-09  1.9225E-13  1.0000E+00
 1.4348E+24  2.0319E-08  1.0000E+00  1.4328E+04  8.1828E-05  1.4515E-09  1.9110E-13  9.9999E-01
 1.5274E+24  2.2908E-08  1.0000E+00  1.4428E+04  8.1828E-05  1.2809E-09  1.8996E-13  9.9999E-01
 1.6200E+24  2.5648E-08  1.0000E+00  1.4521E+04  8.1828E-05  1.1387E-09  1.8891E-13  9.9999E-01
 1.7126E+24  2.8524E-08  1.0000E+00  1.4612E+04  8.1828E-05  1.0192E-09  1.8789E-13  9.9999E-01
 1.8051E+24  3.1571E-08  1.0000E+00  1.4694E+04  8.1828E-05  9.1707E-10  1.8699E-13  9.9999E-01
 1.8977E+24  3.4742E-08  1.0000E+00  1.4773E+04  8.1828E-05  8.3009E-10  1.8612E-13  9.9999E-01
 1.9903E+24  3.8083E-08  1.0000E+00  1.4850E+04  8.1828E-05  7.5440E-10  1.8530E-13  9.9999E-01
 2.0828E+24  4.1541E-08  1.0000E+00  1.4924E+04  8.1828E-05  6.8907E-10  1.8450E-13  9.9999E-01
 2.1754E+24  4.5154E-08  1.0000E+00  1.4996E+04  8.1828E-05  6.3169E-10  1.8373E-13  9.9999E-01
 2.2680E+24  4.8907E-08  1.0000E+00  1.5066E+04  8.1828E-05  5.8122E-10  1.8299E-13  9.9999E-01
 2.3605E+24  5.2817E-08  1.0000E+00  1.5135E+04  8.1828E-05  5.3641E-10  1.8228E-13  9.9999E-01
 2.4531E+24  5.6857E-08  1.0000E+00  1.5198E+04  8.1828E-05  4.9677E-10  1.8162E-13  9.9999E-01
 2.5457E+24  6.1033E-08  1.0000E+00  1.5263E+04  8.1828E-05  4.6133E-10  1.8095E-13  9.9998E-01
 2.6383E+24  6.5382E-08  1.0000E+00  1.5326E+04  8.1828E-05  4.2934E-10  1.8030E-13  9.9998E-01
 2.7308E+24  6.9820E-08  1.0000E+00  1.5385E+04  8.1828E-05  4.0092E-10  1.7971E-13  9.9998E-01
 2.8234E+24  7.4431E-08  1.0000E+00  1.5445E+04  8.1828E-05  3.7500E-10  1.7910E-13  9.9998E-01
 2.9160E+24  7.9147E-08  1.0000E+00  1.5501E+04  8.1828E-05  3.5172E-10  1.7854E-13  9.9998E-01
 3.0085E+24  8.4086E-08  1.0000E+00  1.5556E+04  8.1828E-05  3.3019E-10  1.7798E-13  9.9998E-01
 3.1011E+24  8.9114E-08  1.0000E+00  1.5613E+04  8.1828E-05  3.1073E-10  1.7743E-13  9.9998E-01
 3.1937E+24  9.4256E-08  1.0000E+00  1.5665E+04  8.1828E-05  2.9305E-10  1.7691E-13  9.9998E-01
 3.2862E+24  9.9524E-08  1.0000E+00  1.5717E+04  8.1828E-05  2.7687E-10  1.7641E-13  9.9997E-01
 3.3788E+24  1.0492E-07  1.0000E+00  1.5768E+04  8.1828E-05  2.6200E-10  1.7591E-13  9.9997E-01
 3.4714E+24  1.1048E-07  1.0000E+00  1.5818E+04  8.1828E-05  2.4824E-10  1.7543E-13  9.9997E-01
 3.5640E+24  1.1623E-07  1.0000E+00  1.5866E+04  8.1828E-05  2.3543E-10  1.7496E-13  9.9997E-01
 3.6565E+24  1.2220E-07  1.0000E+00  1.5913E+04  8.1828E-05  2.2345E-10  1.7452E-13  9.9997E-01
 3.7491E+24  1.2798E-07  1.0000E+00  1.5959E+04  8.1828E-05  2.1290E-10  1.7408E-13  9.9997E-01
 3.8417E+24  1.3422E-07  1.0000E+00  1.6005E+04  8.1828E-05  2.0256E-10  1.7364E-13  9.9997E-01
 3.9342E+24  1.4041E-07  1.0000E+00  1.6049E+04  8.1828E-05  1.9324E-10  1.7323E-13  9.9996E-01
 4.0268E+24  1.4692E-07  1.0000E+00  1.6093E+04  8.1828E-05  1.8431E-10  1.7281E-13  9.9996E-01
 4.1194E+24  1.5323E-07  1.0000E+00  1.6135E+04  8.1828E-05  1.7637E-10  1.7242E-13  9.9996E-01
 4.2120E+24  1.6010E-07  1.0000E+00  1.6177E+04  8.1828E-05  1.6848E-10  1.7204E-13  9.9996E-01
 4.3045E+24  1.6691E-07  1.0000E+00  1.6218E+04  8.1828E-05  1.6131E-10  1.7166E-13  9.9996E-01
 4.3971E+24  1.7361E-07  1.0000E+00  1.6258E+04  8.1828E-05  1.5481E-10  1.7129E-13  9.9996E-01
 4.4897E+24  1.8076E-07  1.0000E+00  1.6298E+04  8.1828E-05  1.4841E-10  1.7093E-13  9.9995E-01
 4.5822E+24  1.8801E-07  1.0000E+00  1.6336E+04  8.1828E-05  1.4244E-10  1.7057E-13  9.9995E-01
 4.6748E+24  1.9536E-07  1.0000E+00  1.6375E+04  8.1828E-05  1.3684E-10  1.7023E-13  9.9995E-01
 4.7674E+24  2.0283E-07  1.0000E+00  1.6411E+04  8.1828E-05  1.3158E-10  1.6989E-13  9.9995E-01
 4.8599E+24  2.1041E-07  1.0000E+00  1.6448E+04  8.1828E-05  1.2663E-10  1.6956E-13  9.9995E-01
 4.9525E+24  2.1812E-07  1.0000E+00  1.6484E+04  8.1828E-05  1.2196E-10  1.6924E-13  9.9994E-01
 5.0451E+24  2.2597E-07  1.0000E+00  1.6519E+04  8.1828E-05  1.1754E-10  1.6893E-13  9.9994E-01
 5.1377E+24  2.3398E-07  1.0000E+00  1.6554E+04  8.1828E-05  1.1334E-10  1.6862E-13  9.9994E-01
 5.2302E+24  2.4215E-07  1.0000E+00  1.6588E+04  8.1828E-05  1.0935E-10  1.6831E-13  9.9994E-01
 5.3228E+24  2.5051E-07  1.0000E+00  1.6622E+04  8.1828E-05  1.0554E-10  1.6802E-13  9.9994E-01
 5.4154E+24  2.5907E-07  1.0000E+00  1.6655E+04  8.1828E-05  1.0190E-10  1.6772E-13  9.9993E-01
 5.5079E+24  2.6712E-07  1.0000E+00  1.6688E+04  8.1828E-05  9.8687E-11  1.6744E-13  9.9993E-01
 5.6005E+24  2.7579E-07  1.0000E+00  1.6720E+04  8.1828E-05  9.5451E-11  1.6716E-13  9.9993E-01
 5.6931E+24  2.8489E-07  1.0000E+00  1.6751E+04  8.1828E-05  9.2272E-11  1.6688E-13  9.9993E-01
 5.7856E+24  2.9409E-07  1.0000E+00  1.6782E+04  8.1828E-05  8.9265E-11  1.6661E-13  9.9992E-01
 5.8782E+24  3.0230E-07  1.0000E+00  1.6813E+04  8.1828E-05  8.6724E-11  1.6635E-13  9.9992E-01
 5.9708E+24  3.1207E-07  1.0000E+00  1.6843E+04  8.1828E-05  8.3895E-11  1.6609E-13  9.9992E-01
 6.0634E+24  3.2148E-07  1.0000E+00  1.6872E+04  8.1828E-05  8.1337E-11  1.6584E-13  9.9992E-01
 6.1559E+24  3.3038E-07  1.0000E+00  1.6901E+04  8.1828E-05  7.9045E-11  1.6559E-13  9.9991E-01
 6.2485E+24  3.4100E-07  1.0000E+00  1.6930E+04  8.1828E-05  7.6486E-11  1.6534E-13  9.9991E-01
 6.3411E+24  3.4934E-07  1.0000E+00  1.6958E+04  8.1828E-05  7.4569E-11  1.6510E-13  9.9991E-01
 6.4336E+24  3.6046E-07  1.0000E+00  1.6986E+04  8.1828E-05  7.2179E-11  1.6486E-13  9.9991E-01
 6.5262E+24  3.6926E-07  1.0000E+00  1.7014E+04  8.1828E-05  7.0375E-11  1.6463E-13  9.9990E-01
 6.6188E+24  3.8068E-07  1.0000E+00  1.7041E+04  8.1828E-05  6.8183E-11  1.6440E-13  9.9990E-01
 6.7113E+24  3.8945E-07  1.0000E+00  1.7067E+04  8.1828E-05  6.6570E-11  1.6418E-13  9.9990E-01
 6.8039E+24  4.0124E-07  1.0000E+00  1.7094E+04  8.1828E-05  6.4540E-11  1.6395E-13  9.9990E-01
 6.8965E+24  4.1046E-07  1.0000E+00  1.7120E+04  8.1828E-05  6.3019E-11  1.6374E-13  9.9989E-01
 6.9891E+24  4.2180E-07  1.0000E+00  1.7146E+04  8.1828E-05  6.1256E-11  1.6352E-13  9.9989E-01
 7.0816E+24  4.3283E-07  1.0000E+00  1.7171E+04  8.1828E-05  5.9630E-11  1.6331E-13  9.9989E-01
 7.1742E+24  4.4268E-07  1.0000E+00  1.7196E+04  8.1828E-05  5.8239E-11  1.6310E-13  9.9989E-01
 7.2668E+24  4.5478E-07  1.0000E+00  1.7221E+04  8.1828E-05  5.6629E-11  1.6289E-13  9.9988E-01
 7.3593E+24  4.6560E-07  1.0000E+00  1.7246E+04  8.1828E-05  5.5255E-11  1.6269E-13  9.9988E-01
 7.4519E+24  4.7614E-07  1.0000E+00  1.7270E+04  8.1828E-05  5.3975E-11  1.6249E-13  9.9988E-01
 7.5445E+24  4.8844E-07  1.0000E+00  1.7294E+04  8.1828E-05  5.2562E-11  1.6229E-13  9.9987E-01
 7.6371E+24  5.0051E-07  1.0000E+00  1.7318E+04  8.1828E-05  5.1243E-11  1.6210E-13  9.9987E-01
 7.7296E+24  5.1040E-07  1.0000E+00  1.7341E+04  8.1828E-05  5.0199E-11  1.6191E-13  9.9987E-01
 7.8222E+24  5.2286E-07  1.0000E+00  1.7364E+04  8.1828E-05  4.8954E-11  1.6172E-13  9.9986E-01
 7.9148E+24  5.3543E-07  1.0000E+00  1.7387E+04  8.1828E-05  4.7758E-11  1.6153E-13  9.9986E-01
 8.0073E+24  5.4808E-07  1.0000E+00  1.7410E+04  8.1828E-05  4.6611E-11  1.6135E-13  9.9986E-01
 8.0999E+24  5.5835E-07  1.0000E+00  1.7432E+04  8.1828E-05  4.5710E-11  1.6117E-13  9.9986E-01
 8.1925E+24  5.7102E-07  1.0000E+00  1.7454E+04  8.1828E-05  4.4654E-11  1.6099E-13  9.9985E-01
 8.2850E+24  5.8389E-07  1.0000E+00  1.7476E+04  8.1828E-05  4.3629E-11  1.6081E-13  9.9985E-01
 8.3776E+24  5.9683E-07  1.0000E+00  1.7498E+04  8.1828E-05  4.2644E-11  1.6063E-13  9.9985E-01
 8.4702E+24  6.0986E-07  1.0000E+00  1.7519E+04  8.1828E-05  4.1695E-11  1.6046E-13  9.9984E-01
 8.5628E+24  6.2258E-07  1.0000E+00  1.7540E+04  8.1828E-05  4.0806E-11  1.6029E-13  9.9984E-01
 8.6553E+24  6.3420E-07  1.0000E+00  1.7561E+04  8.1828E-05  4.0023E-11  1.6012E-13  9.9984E-01
 8.7479E+24  6.4747E-07  1.0000E+00  1.7582E+04  8.1828E-05  3.9168E-11  1.5996E-13  9.9983E-01
 8.8405E+24  6.6086E-07  1.0000E+00  1.7603E+04  8.1828E-05  3.8341E-11  1.5979E-13  9.9983E-01
 8.9330E+24  6.7435E-07  1.0000E+00  1.7623E+04  8.1828E-05  3.7542E-11  1.5963E-13  9.9982E-01
 9.0256E+24  6.8792E-07  1.0000E+00  1.7643E+04  8.1828E-05  3.6770E-11  1.5947E-13  9.9982E-01
 9.1182E+24  7.0158E-07  1.0000E+00  1.7663E+04  8.1828E-05  3.6024E-11  1.5931E-13  9.9982E-01
 9.2107E+24  7.1533E-07  1.0000E+00  1.7683E+04  8.1828E-05  3.5302E-11  1.5916E-13  9.9981E-01
 9.3033E+24  7.2919E-07  1.0000E+00  1.7702E+04  8.1828E-05  3.4603E-11  1.5900E-13  9.9981E-01
 9.3959E+24  7.4314E-07  1.0000E+00  1.7722E+04  8.1828E-05  3.3925E-11  1.5885E-13  9.9981E-01
 9.4885E+24  7.5719E-07  1.0000E+00  1.7741E+04  8.1828E-05  3.3269E-11  1.5870E-13  9.9980E-01
 9.5810E+24  7.7135E-07  1.0000E+00  1.7760E+04  8.1828E-05  3.2632E-11  1.5855E-13  9.9980E-01
 9.6736E+24  7.8562E-07  1.0000E+00  1.7779E+04  8.1828E-05  3.2014E-11  1.5840E-13  9.9980E-01
 9.7662E+24  8.0001E-07  1.0000E+00  1.7798E+04  8.1828E-05  3.1414E-11  1.5826E-13  9.9979E-01
 9.8587E+24  8.1452E-07  1.0000E+00  1.7816E+04  8.1828E-05  3.0830E-11  1.5811E-13  9.9979E-01
 9.9513E+24  8.2916E-07  1.0000E+00  1.7834E+04  8.1828E-05  3.0263E-11  1.5797E-13  9.9978E-01
 1.0044E+25  8.4393E-07  1.0000E+00  1.7853E+04  8.1828E-05  2.9710E-11  1.5783E-13  9.9978E-01
 1.0136E+25  8.5884E-07  1.0000E+00  1.7871E+04  8.1828E-05  2.9173E-11  1.5769E-13  9.9978E-01
 1.0229E+25  8.7391E-07  1.0000E+00  1.7889E+04  8.1828E-05  2.8649E-11  1.5755E-13  9.9977E-01
 1.0322E+25  8.8912E-07  1.0000E+00  1.7906E+04  8.1828E-05  2.8138E-11  1.5741E-13  9.9977E-01
 1.0414E+25  9.0450E-07  1.0000E+00  1.7924E+04  8.1828E-05  2.7639E-11  1.5728E-13  9.9976E-01
 1.0507E+25  9.2005E-07  1.0000E+00  1.7941E+04  8.1828E-05  2.7152E-11  1.5714E-13  9.9976E-01
 1.0599E+25  9.3577E-07  1.0000E+00  1.7959E+04  8.1828E-05  2.6677E-11  1.5701E-13  9.9975E-01
 1.0692E+25  9.5170E-07  1.0000E+00  1.7976E+04  8.1828E-05  2.6212E-11  1.5688E-13  9.9975E-01
 1.0784E+25  9.6782E-07  1.0000E+00  1.7993E+04  8.1828E-05  2.5757E-11  1.5675E-13  9.9974E-01
 1.0877E+25  9.8414E-07  1.0000E+00  1.8009E+04  8.1828E-05  2.5312E-11  1.5662E-13  9.9973E-01
 1.0970E+25  1.0006E-06  1.0000E+00  1.8026E+04  8.1828E-05  2.4878E-11  1.5649E-13  9.9971E-01
 1.1062E+25  1.0145E-06  1.0000E+00  1.8043E+04  8.1828E-05  2.4521E-11  1.5637E-13  9.9967E-01
 1.1155E+25  1.0305E-06  1.0000E+00  1.8059E+04  8.1828E-05  2.4125E-11  1.5624E-13  9.9961E-01
 1.1247E+25  1.0473E-06  1.0000E+00  1.8075E+04  8.1828E-05  2.3720E-11  1.5612E-13  9.9950E-01
 1.1340E+25  1.0645E-06  1.0000E+00  1.8090E+04  8.1828E-05  2.3323E-11  1.5601E-13  9.9931E-01
 1.1432E+25  1.0819E-06  1.0000E+00  1.8105E+04  8.1828E-05  2.2934E-11  1.5590E-13  9.9898E-01
 1.1525E+25  1.0996E-06  1.0000E+00  1.8118E+04  8.1828E-05  2.2551E-11  1.5579E-13  9.9838E-01
 1.1618E+25  1.1176E-06  1.0000E+00  1.8130E+04  8.1828E-05  2.2176E-11  1.5571E-13  9.9734E-01
 1.1710E+25  1.1318E-06  1.0000E+00  1.8138E+04  8.1828E-05  2.1887E-11  1.5565E-13  9.9555E-01
 1.1803E+25  1.1484E-06  1.0000E+00  1.8141E+04  8.1828E-05  2.1562E-11  1.5563E-13  9.9250E-01
 1.1895E+25  1.1674E-06  1.0000E+00  1.8135E+04  8.1828E-05  2.1209E-11  1.5567E-13  9.8735E-01
 1.1988E+25  1.1870E-06  1.0000E+00  1.8114E+04  8.1828E-05  2.0861E-11  1.5583E-13  9.7881E-01
 1.2080E+25  1.2077E-06  1.0000E+00  1.8070E+04  8.1828E-05  2.0519E-11  1.5617E-13  9.6494E-01
 1.2173E+25  1.2284E-06  1.0000E+00  1.7991E+04  8.1828E-05  2.0205E-11  1.5678E-13  9.4302E-01
 1.2266E+25  1.2457E-06  1.0000E+00  1.7859E+04  8.1828E-05  1.9980E-11  1.5782E-13  9.0964E-01
 1.2358E+25  1.2723E-06  1.0000E+00  1.7654E+04  8.1828E-05  1.9657E-11  1.5944E-13  8.6137E-01
 1.2451E+25  1.3028E-06  1.0000E+00  1.7356E+04  8.1828E-05  1.9339E-11  1.6186E-13  7.9618E-01
 1.2543E+25  1.3386E-06  1.0000E+00  1.6954E+04  8.1828E-05  1.9029E-11  1.6524E-13  7.1536E-01
 1.2636E+25  1.3798E-06  1.0000E+00  1.6454E+04  8.1828E-05  1.8736E-11  1.6964E-13  6.2458E-01
 1.2728E+25  1.4205E-06  1.0000E+00  1.5881E+04  8.1828E-05  1.8542E-11  1.7497E-13  5.3243E-01
 1.2821E+25  1.4747E-06  1.0000E+00  1.5272E+04  8.1828E-05  1.8253E-11  1.8102E-13  4.4712E-01
 1.2914E+25  1.5334E-06  1.0000E+00  1.4664E+04  8.1828E-05  1.7976E-11  1.8749E-13  3.7367E-01
 1.3006E+25  1.5950E-06  1.0000E+00  1.4085E+04  8.1828E-05  1.7709E-11  1.9411E-13  3.1341E-01
 1.3099E+25  1.6583E-06  1.0000E+00  1.3549E+04  8.1828E-05  1.7449E-11  2.0067E-13  2.6523E-01
 1.3191E+25  1.7220E-06  1.0000E+00  1.3063E+04  8.1828E-05  1.7199E-11  2.0703E-13  2.2701E-01
 1.3284E+25  1.7845E-06  1.0000E+00  1.2626E+04  8.1828E-05  1.6968E-11  2.1311E-13  1.9658E-01
 1.3376E+25  1.8434E-06  1.0000E+00  1.2235E+04  8.1828E-05  1.6767E-11  2.1888E-13  1.7210E-01
 1.3469E+25  1.9059E-06  1.0000E+00  1.1884E+04  8.1828E-05  1.6532E-11  2.2433E-13  1.5216E-01
 1.3562E+25  1.9675E-06  1.0000E+00  1.1570E+04  8.1828E-05  1.6303E-11  2.2947E-13  1.3570E-01
 1.3654E+25  2.0283E-06  1.0000E+00  1.1287E+04  8.1828E-05  1.6079E-11  2.3430E-13  1.2193E-01
 1.3747E+25  2.0881E-06  1.0000E+00  1.1031E+04  8.1828E-05  1.5862E-11  2.3886E-13  1.1027E-01
 1.3839E+25  2.1473E-06  1.0000E+00  1.0799E+04  8.1828E-05  1.5646E-11  2.4315E-13  1.0031E-01
 1.3932E+25  2.2055E-06  1.0000E+00  1.0588E+04  8.1828E-05  1.5438E-11  2.4720E-13  9.1703E-02
 1.4024E+25  2.2634E-06  1.0000E+00  1.0396E+04  8.1828E-05  1.5232E-11  2.5101E-13  8.4212E-02
 1.4117E+25  2.3204E-06  1.0000E+00  1.0220E+04  8.1828E-05  1.5031E-11  2.5462E-13  7.7640E-02
 1.4210E+25  2.3772E-06  1.0000E+00  1.0058E+04  8.1828E-05  1.4833E-11  2.5803E-13  7.1838E-02
 1.4302E+25  2.4333E-06  1.0000E+00  9.9085E+03  8.1828E-05  1.4639E-11  2.6127E-13  6.6683E-02
 1.4395E+25  2.4880E-06  1.0000E+00  9.7706E+03  8.1828E-05  1.4457E-11  2.6433E-13  6.2078E-02
 1.4487E+25  2.5386E-06  1.0000E+00  9.6428E+03  8.1828E-05  1.4295E-11  2.6723E-13  5.7945E-02
 1.4580E+25  2.5933E-06  1.0000E+00  9.5241E+03  8.1828E-05  1.4112E-11  2.6999E-13  5.4218E-02
 1.4672E+25  2.6478E-06  1.0000E+00  9.4136E+03  8.1828E-05  1.3933E-11  2.7261E-13  5.0844E-02
 1.4765E+25  2.7022E-06  1.0000E+00  9.3106E+03  8.1828E-05  1.3755E-11  2.7511E-13  4.7778E-02
 1.4858E+25  2.7564E-06  1.0000E+00  9.2142E+03  8.1828E-05  1.3581E-11  2.7749E-13  4.4983E-02
 1.4950E+25  2.8106E-06  1.0000E+00  9.1240E+03  8.1828E-05  1.3409E-11  2.7975E-13  4.2425E-02
 1.5043E+25  2.8648E-06  1.0000E+00  9.0394E+03  8.1828E-05  1.3240E-11  2.8191E-13  4.0079E-02
 1.5135E+25  2.9191E-06  1.0000E+00  8.9599E+03  8.1828E-05  1.3073E-11  2.8397E-13  3.7920E-02
 1.5228E+25  2.9734E-06  1.0000E+00  8.8851E+03  8.1828E-05  1.2908E-11  2.8594E-13  3.5929E-02
 1.5320E+25  3.0202E-06  1.0000E+00  8.8146E+03  8.1828E-05  1.2781E-11  2.8783E-13  3.4088E-02
 1.5413E+25  3.0700E-06  1.0000E+00  8.7480E+03  8.1828E-05  1.2636E-11  2.8963E-13  3.2383E-02
 1.5506E+25  3.1241E-06  1.0000E+00  8.6852E+03  8.1828E-05  1.2479E-11  2.9135E-13  3.0799E-02
 1.5598E+25  3.1782E-06  1.0000E+00  8.6257E+03  8.1828E-05  1.2324E-11  2.9300E-13  2.9326E-02
 1.5691E+25  3.2328E-06  1.0000E+00  8.5693E+03  8.1828E-05  1.2171E-11  2.9459E-13  2.7953E-02
 1.5783E+25  3.2877E-06  1.0000E+00  8.5159E+03  8.1828E-05  1.2019E-11  2.9610E-13  2.6671E-02
 1.5876E+25  3.3428E-06  1.0000E+00  8.4652E+03  8.1828E-05  1.1870E-11  2.9756E-13  2.5472E-02
 1.5968E+25  3.3819E-06  1.0000E+00  8.4169E+03  8.1828E-05  1.1782E-11  2.9896E-13  2.4350E-02
 1.6061E+25  3.4359E-06  1.0000E+00  8.3711E+03  8.1828E-05  1.1637E-11  3.0030E-13  2.3297E-02
 1.6154E+25  3.4916E-06  1.0000E+00  8.3274E+03  8.1828E-05  1.1492E-11  3.0159E-13  2.2307E-02
 1.6246E+25  3.5479E-06  1.0000E+00  8.2858E+03  8.1828E-05  1.1349E-11  3.0283E-13  2.1377E-02
 1.6339E+25  3.6048E-06  1.0000E+00  8.2462E+03  8.1828E-05  1.1207E-11  3.0402E-13  2.0501E-02
 1.6431E+25  3.6484E-06  1.0000E+00  8.2083E+03  8.1828E-05  1.1112E-11  3.0517E-13  1.9675E-02
 1.6524E+25  3.6956E-06  1.0000E+00  8.1721E+03  8.1828E-05  1.0999E-11  3.0628E-13  1.8895E-02
 1.6616E+25  3.7533E-06  1.0000E+00  8.1375E+03  8.1828E-05  1.0862E-11  3.0734E-13  1.8159E-02
 1.6709E+25  3.8119E-06  1.0000E+00  8.1045E+03  8.1828E-05  1.0725E-11  3.0837E-13  1.7462E-02
 1.6802E+25  3.8710E-06  1.0000E+00  8.0728E+03  8.1828E-05  1.0590E-11  3.0935E-13  1.6802E-02
 1.6894E+25  3.9026E-06  1.0000E+00  8.0425E+03  8.1828E-05  1.0534E-11  3.1031E-13  1.6177E-02
 1.6987E+25  3.9611E-06  1.0000E+00  8.0134E+03  8.1828E-05  1.0401E-11  3.1123E-13  1.5583E-02
 1.7079E+25  4.0219E-06  1.0000E+00  7.9855E+03  8.1828E-05  1.0269E-11  3.1212E-13  1.5020E-02
 1.7172E+25  4.0839E-06  1.0000E+00  7.9587E+03  8.1828E-05  1.0136E-11  3.1297E-13  1.4485E-02
 1.7264E+25  4.1161E-06  1.0000E+00  7.9330E+03  8.1828E-05  1.0083E-11  3.1380E-13  1.3976E-02
 1.7357E+25  4.1730E-06  1.0000E+00  7.9084E+03  8.1828E-05  9.9628E-12  3.1460E-13  1.3491E-02
 1.7450E+25  4.2366E-06  1.0000E+00  7.8846E+03  8.1828E-05  9.8337E-12  3.1537E-13  1.3029E-02
 1.7542E+25  4.2981E-06  1.0000E+00  7.8618E+03  8.1828E-05  9.7158E-12  3.1612E-13  1.2589E-02
 1.7635E+25  4.3254E-06  1.0000E+00  7.8398E+03  8.1828E-05  9.6702E-12  3.1684E-13  1.2170E-02
 1.7727E+25  4.3907E-06  1.0000E+00  7.8187E+03  8.1828E-05  9.5434E-12  3.1754E-13  1.1769E-02
 1.7820E+25  4.4578E-06  1.0000E+00  7.7983E+03  8.1828E-05  9.4167E-12  3.1822E-13  1.1386E-02
 1.7912E+25  4.4993E-06  1.0000E+00  7.7787E+03  8.1828E-05  9.3502E-12  3.1887E-13  1.1020E-02
 1.8005E+25  4.5470E-06  1.0000E+00  7.7598E+03  8.1828E-05  9.2632E-12  3.1950E-13  1.0671E-02
 1.8097E+25  4.6167E-06  1.0000E+00  7.7415E+03  8.1828E-05  9.1383E-12  3.2012E-13  1.0336E-02
 1.8190E+25  4.6738E-06  1.0000E+00  7.7239E+03  8.1828E-05  9.0451E-12  3.2071E-13  1.0015E-02
 1.8283E+25  4.7056E-06  1.0000E+00  7.7069E+03  8.1828E-05  8.9934E-12  3.2129E-13  9.7084E-03
 1.8375E+25  4.7780E-06  1.0000E+00  7.6905E+03  8.1828E-05  8.8699E-12  3.2185E-13  9.4137E-03
 1.8468E+25  4.8448E-06  1.0000E+00  7.6746E+03  8.1828E-05  8.7641E-12  3.2239E-13  9.1319E-03
 1.8560E+25  4.8680E-06  1.0000E+00  7.6593E+03  8.1828E-05  8.7306E-12  3.2291E-13  8.8607E-03
 1.8653E+25  4.9436E-06  1.0000E+00  7.6445E+03  8.1828E-05  8.6082E-12  3.2342E-13  8.6007E-03
 1.8745E+25  5.0121E-06  9.9999E-01  7.6302E+03  8.1828E-05  8.5057E-12  3.2392E-13  8.3510E-03
 1.8838E+25  5.0338E-06  9.9999E-01  7.6163E+03  8.1828E-05  8.4755E-12  3.2440E-13  8.1107E-03
 1.8931E+25  5.1134E-06  9.9999E-01  7.6029E+03  8.1828E-05  8.3536E-12  3.2486E-13  7.8804E-03
 1.9023E+25  5.1762E-06  9.9999E-01  7.5899E+03  8.1828E-05  8.2662E-12  3.2531E-13  7.6580E-03
 1.9116E+25  5.2045E-06  9.9999E-01  7.5773E+03  8.1828E-05  8.2263E-12  3.2575E-13  7.4449E-03
 1.9208E+25  5.2880E-06  9.9999E-01  7.5651E+03  8.1828E-05  8.1053E-12  3.2618E-13  7.2389E-03
 1.9301E+25  5.3359E-06  9.9999E-01  7.5533E+03  8.1828E-05  8.0456E-12  3.2659E-13  7.0412E-03
 1.9393E+25  5.3813E-06  9.9999E-01  7.5419E+03  8.1828E-05  7.9818E-12  3.2700E-13  6.8502E-03
 1.9486E+25  5.4688E-06  9.9999E-01  7.5308E+03  8.1828E-05  7.8620E-12  3.2739E-13  6.6666E-03
 1.9579E+25  5.4914E-06  9.9999E-01  7.5200E+03  8.1828E-05  7.8418E-12  3.2778E-13  6.4892E-03
 1.9671E+25  5.5645E-06  9.9999E-01  7.5096E+03  8.1828E-05  7.7420E-12  3.2815E-13  6.3184E-03
 1.9764E+25  5.6397E-06  9.9999E-01  7.4995E+03  8.1828E-05  7.6501E-12  3.2851E-13  6.1532E-03
 1.9856E+25  5.6595E-06  9.9999E-01  7.4896E+03  8.1828E-05  7.6259E-12  3.2886E-13  5.9942E-03
 1.9949E+25  5.7547E-06  9.9999E-01  7.4801E+03  8.1828E-05  7.5063E-12  3.2920E-13  5.8402E-03
 2.0041E+25  5.7889E-06  9.9999E-01  7.4708E+03  8.1828E-05  7.4725E-12  3.2954E-13  5.6921E-03
 2.0134E+25  5.8524E-06  9.9999E-01  7.4618E+03  8.1828E-05  7.3935E-12  3.2986E-13  5.5483E-03
 2.0227E+25  5.9356E-06  9.9999E-01  7.4531E+03  8.1828E-05  7.2997E-12  3.3017E-13  5.4100E-03
 2.0319E+25  5.9509E-06  9.9999E-01  7.4445E+03  8.1828E-05  7.2826E-12  3.3048E-13  5.2755E-03
 2.0412E+25  6.0540E-06  9.9999E-01  7.4363E+03  8.1828E-05  7.1640E-12  3.3078E-13  5.1463E-03
 2.0504E+25  6.0779E-06  9.9999E-01  7.4282E+03  8.1828E-05  7.1452E-12  3.3107E-13  5.0205E-03
 2.0597E+25  6.1560E-06  9.9999E-01  7.4204E+03  8.1828E-05  7.0556E-12  3.3135E-13  4.8994E-03
 2.0689E+25  6.2218E-06  9.9999E-01  7.4128E+03  8.1828E-05  6.9900E-12  3.3163E-13  4.7818E-03
 2.0782E+25  6.2590E-06  9.9999E-01  7.4054E+03  8.1828E-05  6.9491E-12  3.3190E-13  4.6680E-03
 2.0875E+25  6.3651E-06  9.9999E-01  7.3982E+03  8.1828E-05  6.8414E-12  3.3216E-13  4.5580E-03
 2.0967E+25  6.3633E-06  9.9999E-01  7.3912E+03  8.1828E-05  6.8448E-12  3.3241E-13  4.4510E-03
 2.1060E+25  6.4786E-06  9.9999E-01  7.3844E+03  8.1828E-05  6.7267E-12  3.3266E-13  4.3480E-03
 2.1152E+25  6.4983E-06  9.9999E-01  7.3777E+03  8.1828E-05  6.7145E-12  3.3291E-13  4.2474E-03
 2.1245E+25  6.5870E-06  9.9999E-01  7.3712E+03  8.1828E-05  6.6240E-12  3.3314E-13  4.1504E-03
 2.1337E+25  6.6391E-06  9.9999E-01  7.3649E+03  8.1828E-05  6.5799E-12  3.3337E-13  4.0561E-03
 2.1430E+25  6.6967E-06  9.9999E-01  7.3588E+03  8.1828E-05  6.5230E-12  3.3360E-13  3.9644E-03
 2.1523E+25  6.7794E-06  9.9999E-01  7.3528E+03  8.1828E-05  6.4510E-12  3.3382E-13  3.8761E-03
 2.1615E+25  6.8082E-06  9.9999E-01  7.3470E+03  8.1828E-05  6.4233E-12  3.3403E-13  3.7897E-03
 2.1708E+25  6.9191E-06  9.9999E-01  7.3413E+03  8.1828E-05  6.3277E-12  3.3424E-13  3.7062E-03
 2.1800E+25  6.9215E-06  9.9999E-01  7.3357E+03  8.1828E-05  6.3248E-12  3.3445E-13  3.6252E-03
 2.1893E+25  7.0552E-06  9.9999E-01  7.3303E+03  8.1828E-05  6.2094E-12  3.3465E-13  3.5460E-03
 2.1985E+25  7.0393E-06  9.9999E-01  7.3250E+03  8.1828E-05  6.2277E-12  3.3484E-13  3.4699E-03
 2.2078E+25  7.1753E-06  9.9999E-01  7.3199E+03  8.1828E-05  6.1102E-12  3.3504E-13  3.3953E-03
 2.2171E+25  7.1746E-06  9.9999E-01  7.3148E+03  8.1828E-05  6.1174E-12  3.3522E-13  3.3229E-03
 2.2263E+25  7.2970E-06  9.9999E-01  7.3099E+03  8.1828E-05  6.0138E-12  3.3540E-13  3.2529E-03
 2.2356E+25  7.3098E-06  9.9999E-01  7.3051E+03  8.1828E-05  6.0098E-12  3.3558E-13  3.1843E-03
 2.2448E+25  7.4209E-06  9.9999E-01  7.3005E+03  8.1828E-05  5.9186E-12  3.3576E-13  3.1180E-03
 2.2541E+25  7.4444E-06  9.9999E-01  7.2959E+03  8.1828E-05  5.9063E-12  3.3593E-13  3.0536E-03
 2.2633E+25  7.5472E-06  9.9999E-01  7.2914E+03  8.1828E-05  5.8245E-12  3.3609E-13  2.9904E-03
 2.2726E+25  7.5777E-06  9.9999E-01  7.2871E+03  8.1828E-05  5.8072E-12  3.3626E-13  2.9294E-03
 2.2819E+25  7.6765E-06  9.9999E-01  7.2828E+03  8.1828E-05  5.7310E-12  3.3642E-13  2.8700E-03
 2.2911E+25  7.7103E-06  9.9999E-01  7.2787E+03  8.1828E-05  5.7119E-12  3.3657E-13  2.8118E-03
 2.3004E+25  7.8087E-06  9.9999E-01  7.2746E+03  8.1828E-05  5.6383E-12  3.3672E-13  2.7556E-03
 2.3096E+25  7.8419E-06  9.9999E-01  7.2706E+03  8.1828E-05  5.6203E-12  3.3687E-13  2.7007E-03
 2.3189E+25  7.9441E-06  9.9999E-01  7.2667E+03  8.1828E-05  5.5463E-12  3.3702E-13  2.6470E-03
 2.3281E+25  7.9724E-06  9.9999E-01  7.2630E+03  8.1828E-05  5.5323E-12  3.3716E-13  2.5950E-03
 2.3374E+25  8.0828E-06  9.9999E-01  7.2593E+03  8.1828E-05  5.4550E-12  3.3730E-13  2.5444E-03
 2.3467E+25  8.1017E-06  9.9999E-01  7.2556E+03  8.1828E-05  5.4478E-12  3.3744E-13  2.4947E-03
 2.3559E+25  8.2250E-06  9.9999E-01  7.2521E+03  8.1828E-05  5.3643E-12  3.3757E-13  2.4466E-03
 2.3652E+25  8.2299E-06  9.9999E-01  7.2486E+03  8.1828E-05  5.3665E-12  3.3770E-13  2.3998E-03
 2.3744E+25  8.3709E-06  9.9999E-01  7.2452E+03  8.1828E-05  5.2742E-12  3.3783E-13  2.3537E-03
 2.3837E+25  8.3569E-06  9.9999E-01  7.2419E+03  8.1828E-05  5.2883E-12  3.3795E-13  2.3091E-03
 2.3929E+25  8.5202E-06  9.9999E-01  7.2386E+03  8.1828E-05  5.1857E-12  3.3808E-13  2.2658E-03
 2.4022E+25  8.4832E-06  9.9999E-01  7.2355E+03  8.1828E-05  5.2120E-12  3.3820E-13  2.2231E-03
 2.4115E+25  8.6513E-06  9.9999E-01  7.2323E+03  8.1828E-05  5.1130E-12  3.3832E-13  2.1815E-03
 2.4207E+25  8.6306E-06  9.9999E-01  7.2293E+03  8.1828E-05  5.1232E-12  3.3843E-13  2.1414E-03
 2.4300E+25  8.7766E-06  9.9999E-01  7.2263E+03  8.1828E-05  5.0429E-12  3.3854E-13  2.1019E-03
 2.4392E+25  8.7869E-06  9.9999E-01  7.2234E+03  8.1828E-05  5.0348E-12  3.3866E-13  2.0631E-03
 2.4485E+25  8.9004E-06  9.9999E-01  7.2205E+03  8.1828E-05  4.9755E-12  3.3876E-13  2.0257E-03
 2.4577E+25  8.9479E-06  9.9999E-01  7.2177E+03  8.1828E-05  4.9469E-12  3.3887E-13  1.9891E-03
 2.4670E+25  9.0229E-06  9.9999E-01  7.2150E+03  8.1828E-05  4.9105E-12  3.3897E-13  1.9531E-03
 2.4763E+25  9.1138E-06  9.9999E-01  7.2123E+03  8.1828E-05  4.8593E-12  3.3908E-13  1.9181E-03
 2.4855E+25  9.1441E-06  9.9999E-01  7.2097E+03  8.1828E-05  4.8479E-12  3.3918E-13  1.8842E-03
 2.4948E+25  9.2847E-06  9.9999E-01  7.2071E+03  8.1828E-05  4.7723E-12  3.3928E-13  1.8507E-03
 2.5040E+25  9.2639E-06  9.9999E-01  7.2045E+03  8.1828E-05  4.7875E-12  3.3937E-13  1.8179E-03
 2.5133E+25  9.4396E-06  9.9999E-01  7.2021E+03  8.1828E-05  4.6995E-12  3.3947E-13  1.7862E-03
 2.5225E+25  9.4036E-06  9.9999E-01  7.1997E+03  8.1828E-05  4.7153E-12  3.3956E-13  1.7552E-03
 2.5318E+25  9.5587E-06  9.9999E-01  7.1973E+03  8.1828E-05  4.6432E-12  3.3965E-13  1.7246E-03
 2.5411E+25  9.5832E-06  9.9999E-01  7.1949E+03  8.1828E-05  4.6289E-12  3.3974E-13  1.6948E-03
 2.5503E+25  9.6757E-06  9.9999E-01  7.1926E+03  8.1828E-05  4.5891E-12  3.3983E-13  1.6659E-03
 2.5596E+25  9.7688E-06  9.9999E-01  7.1904E+03  8.1828E-05  4.5429E-12  3.3991E-13  1.6375E-03
 2.5688E+25  9.7912E-06  9.9999E-01  7.1882E+03  8.1828E-05  4.5368E-12  3.4000E-13  1.6095E-03
 2.5781E+25  9.9606E-06  9.9999E-01  7.1860E+03  8.1828E-05  4.4573E-12  3.4008E-13  1.5823E-03
 2.5873E+25  9.9054E-06  9.9999E-01  7.1839E+03  8.1828E-05  4.4863E-12  3.4016E-13  1.5560E-03
 2.5966E+25  1.0086E-05  9.9999E-01  7.1818E+03  8.1828E-05  4.4069E-12  3.4024E-13  1.5299E-03
 2.6059E+25  1.0091E-05  9.9999E-01  7.1798E+03  8.1828E-05  4.4023E-12  3.4032E-13  1.5043E-03
 2.6151E+25  1.0199E-05  9.9999E-01  7.1778E+03  8.1828E-05  4.3597E-12  3.4039E-13  1.4794E-03
 2.6244E+25  1.0294E-05  9.9999E-01  7.1759E+03  8.1828E-05  4.3172E-12  3.4047E-13  1.4553E-03
 2.6336E+25  1.0310E-05  9.9999E-01  7.1739E+03  8.1828E-05  4.3142E-12  3.4054E-13  1.4314E-03
 2.6429E+25  1.0492E-05  9.9999E-01  7.1720E+03  8.1828E-05  4.2398E-12  3.4062E-13  1.4079E-03
 2.6521E+25  1.0431E-05  9.9999E-01  7.1702E+03  8.1828E-05  4.2633E-12  3.4069E-13  1.3851E-03
 2.6614E+25  1.0604E-05  9.9999E-01  7.1684E+03  8.1828E-05  4.1971E-12  3.4076E-13  1.3629E-03
 2.6707E+25  1.0644E-05  9.9999E-01  7.1666E+03  8.1828E-05  4.1788E-12  3.4083E-13  1.3410E-03
 2.6799E+25  1.0713E-05  9.9999E-01  7.1648E+03  8.1828E-05  4.1559E-12  3.4089E-13  1.3194E-03
 2.6892E+25  1.0866E-05  9.9999E-01  7.1631E+03  8.1828E-05  4.0946E-12  3.4096E-13  1.2985E-03
 2.6984E+25  1.0819E-05  9.9999E-01  7.1614E+03  8.1828E-05  4.1163E-12  3.4103E-13  1.2781E-03
 2.7077E+25  1.1005E-05  9.9999E-01  7.1597E+03  8.1828E-05  4.0473E-12  3.4109E-13  1.2579E-03
 2.7169E+25  1.1015E-05  9.9999E-01  7.1581E+03  8.1828E-05  4.0414E-12  3.4115E-13  1.2380E-03
 2.7262E+25  1.1111E-05  9.9999E-01  7.1565E+03  8.1828E-05  4.0100E-12  3.4121E-13  1.2187E-03
 2.7355E+25  1.1250E-05  9.9999E-01  7.1549E+03  8.1828E-05  3.9579E-12  3.4127E-13  1.2000E-03
 2.7447E+25  1.1215E-05  9.9999E-01  7.1534E+03  8.1828E-05  3.9739E-12  3.4133E-13  1.1814E-03
 2.7540E+25  1.1404E-05  9.9999E-01  7.1519E+03  8.1828E-05  3.9089E-12  3.4139E-13  1.1631E-03
 2.7632E+25  1.1408E-05  9.9999E-01  7.1504E+03  8.1828E-05  3.9051E-12  3.4145E-13  1.1452E-03
 2.7725E+25  1.1506E-05  9.9999E-01  7.1489E+03  8.1828E-05  3.8752E-12  3.4151E-13  1.1279E-03
 2.7817E+25  1.1658E-05  9.9999E-01  7.1475E+03  8.1828E-05  3.8222E-12  3.4156E-13  1.1109E-03
 2.7910E+25  1.1607E-05  9.9999E-01  7.1460E+03  8.1828E-05  3.8425E-12  3.4162E-13  1.0940E-03
 2.8003E+25  1.1798E-05  9.9999E-01  7.1446E+03  8.1828E-05  3.7809E-12  3.4167E-13  1.0774E-03
 2.8095E+25  1.1825E-05  9.9999E-01  7.1433E+03  8.1828E-05  3.7697E-12  3.4172E-13  1.0614E-03
 2.8188E+25  1.1897E-05  9.9999E-01  7.1419E+03  8.1828E-05  3.7504E-12  3.4178E-13  1.0457E-03
 2.8280E+25  1.2087E-05  9.9999E-01  7.1406E+03  8.1828E-05  3.6907E-12  3.4183E-13  1.0302E-03
 2.8373E+25  1.1999E-05  9.9999E-01  7.1393E+03  8.1828E-05  3.7174E-12  3.4188E-13  1.0148E-03
 2.8465E+25  1.2188E-05  9.9999E-01  7.1380E+03  8.1828E-05  3.6623E-12  3.4193E-13  9.9985E-04
 2.8558E+25  1.2270E-05  9.9999E-01  7.1368E+03  8.1828E-05  3.6351E-12  3.4198E-13  9.8535E-04
 2.8651E+25  1.2283E-05  9.9999E-01  7.1356E+03  8.1828E-05  3.6346E-12  3.4202E-13  9.7106E-04
 2.8743E+25  1.2480E-05  9.9999E-01  7.1343E+03  8.1828E-05  3.5779E-12  3.4207E-13  9.5689E-04
 2.8836E+25  1.2453E-05  9.9999E-01  7.1331E+03  8.1828E-05  3.5830E-12  3.4212E-13  9.4295E-04
 2.8928E+25  1.2573E-05  9.9999E-01  7.1320E+03  8.1828E-05  3.5522E-12  3.4216E-13  9.2940E-04
 2.9021E+25  1.2746E-05  9.9999E-01  7.1308E+03  8.1828E-05  3.5016E-12  3.4221E-13  9.1623E-04
 2.9113E+25  1.2665E-05  9.9999E-01  7.1297E+03  8.1828E-05  3.5271E-12  3.4225E-13  9.0318E-04
 2.9206E+25  1.2863E-05  9.9999E-01  7.1285E+03  8.1828E-05  3.4731E-12  3.4230E-13  8.9027E-04
 2.9299E+25  1.2942E-05  9.9999E-01  7.1274E+03  8.1828E-05  3.4497E-12  3.4234E-13  8.7757E-04
 2.9391E+25  1.2953E-05  9.9999E-01  7.1264E+03  8.1828E-05  3.4498E-12  3.4238E-13  8.6526E-04
 2.9484E+25  1.3154E-05  9.9999E-01  7.1253E+03  8.1828E-05  3.3975E-12  3.4242E-13  8.5325E-04
 2.9576E+25  1.3142E-05  9.9999E-01  7.1242E+03  8.1828E-05  3.3980E-12  3.4246E-13  8.4134E-04
 2.9669E+25  1.3241E-05  9.9999E-01  7.1232E+03  8.1828E-05  3.3757E-12  3.4250E-13  8.2955E-04
 2.9761E+25  1.3444E-05  9.9999E-01  7.1222E+03  8.1828E-05  3.3248E-12  3.4254E-13  8.1797E-04
 2.9854E+25  1.3348E-05  9.9999E-01  7.1212E+03  8.1828E-05  3.3468E-12  3.4258E-13  8.0674E-04
 2.9947E+25  1.3530E-05  9.9999E-01  7.1202E+03  8.1828E-05  3.3045E-12  3.4262E-13  7.9578E-04
 3.0039E+25  1.3681E-05  9.9999E-01  7.1192E+03  8.1828E-05  3.2658E-12  3.4266E-13  7.8489E-04
 3.0132E+25  1.3614E-05  9.9999E-01  7.1183E+03  8.1828E-05  3.2848E-12  3.4269E-13  7.7411E-04
 3.0224E+25  1.3819E-05  9.9999E-01  7.1173E+03  8.1828E-05  3.2364E-12  3.4273E-13  7.6352E-04
 3.0317E+25  1.3904E-05  9.9999E-01  7.1164E+03  8.1828E-05  3.2142E-12  3.4277E-13  7.5323E-04
 3.0409E+25  1.3901E-05  9.9999E-01  7.1155E+03  8.1828E-05  3.2180E-12  3.4280E-13  7.4321E-04
 3.0502E+25  1.4108E-05  9.9999E-01  7.1146E+03  8.1828E-05  3.1710E-12  3.4284E-13  7.3326E-04
 3.0594E+25  1.4133E-05  9.9999E-01  7.1137E+03  8.1828E-05  3.1629E-12  3.4287E-13  7.2340E-04
 3.0687E+25  1.4187E-05  9.9999E-01  7.1129E+03  8.1828E-05  3.1538E-12  3.4291E-13  7.1368E-04
 3.0780E+25  1.4397E-05  9.9999E-01  7.1120E+03  8.1828E-05  3.1081E-12  3.4294E-13  7.0423E-04
 3.0872E+25  1.4368E-05  9.9999E-01  7.1112E+03  8.1828E-05  3.1119E-12  3.4297E-13  6.9504E-04
 3.0965E+25  1.4474E-05  9.9999E-01  7.1103E+03  8.1828E-05  3.0921E-12  3.4300E-13  6.8595E-04
 3.1057E+25  1.4686E-05  9.9999E-01  7.1095E+03  8.1828E-05  3.0477E-12  3.4304E-13  6.7692E-04
 3.1150E+25  1.4612E-05  9.9999E-01  7.1087E+03  8.1828E-05  3.0607E-12  3.4307E-13  6.6799E-04
 3.1242E+25  1.4760E-05  9.9999E-01  7.1079E+03  8.1828E-05  3.0328E-12  3.4310E-13  6.5928E-04
 3.1335E+25  1.4974E-05  9.9999E-01  7.1071E+03  8.1828E-05  2.9896E-12  3.4313E-13  6.5082E-04
 3.1428E+25  1.4864E-05  9.9999E-01  7.1064E+03  8.1828E-05  3.0096E-12  3.4316E-13  6.4251E-04
 3.1520E+25  1.5046E-05  9.9998E-01  7.1056E+03  8.1828E-05  2.9759E-12  3.4319E-13  6.3424E-04
 3.1613E+25  1.5260E-05  9.9998E-01  7.1048E+03  8.1828E-05  2.9338E-12  3.4322E-13  6.2605E-04
 3.1705E+25  1.5127E-05  9.9998E-01  7.1041E+03  8.1828E-05  2.9584E-12  3.4325E-13  6.1799E-04
 3.1798E+25  1.5331E-05  9.9998E-01  7.1034E+03  8.1828E-05  2.9211E-12  3.4328E-13  6.1016E-04
 3.1890E+25  1.5542E-05  9.9998E-01  7.1027E+03  8.1828E-05  2.8801E-12  3.4330E-13  6.0253E-04
 3.1983E+25  1.5402E-05  9.9998E-01  7.1020E+03  8.1828E-05  2.9072E-12  3.4333E-13  5.9497E-04
 3.2076E+25  1.5616E-05  9.9998E-01  7.1013E+03  8.1828E-05  2.8684E-12  3.4336E-13  5.8746E-04
 3.2168E+25  1.5827E-05  9.9998E-01  7.1006E+03  8.1828E-05  2.8284E-12  3.4339E-13  5.8003E-04
 3.2261E+25  1.5683E-05  9.9998E-01  7.0999E+03  8.1828E-05  2.8560E-12  3.4341E-13  5.7276E-04
 3.2353E+25  1.5900E-05  9.9998E-01  7.0992E+03  8.1828E-05  2.8177E-12  3.4344E-13  5.6568E-04
 3.2446E+25  1.6117E-05  9.9998E-01  7.0986E+03  8.1828E-05  2.7788E-12  3.4346E-13  5.5876E-04
 3.2538E+25  1.5969E-05  9.9998E-01  7.0979E+03  8.1828E-05  2.8047E-12  3.4349E-13  5.5188E-04
 3.2631E+25  1.6184E-05  9.9998E-01  7.0973E+03  8.1828E-05  2.7688E-12  3.4351E-13  5.4506E-04
 3.2724E+25  1.6408E-05  9.9998E-01  7.0967E+03  8.1828E-05  2.7309E-12  3.4354E-13  5.3830E-04
 3.2816E+25  1.6264E-05  9.9998E-01  7.0960E+03  8.1828E-05  2.7535E-12  3.4356E-13  5.3172E-04
 3.2909E+25  1.6467E-05  9.9998E-01  7.0954E+03  8.1828E-05  2.7217E-12  3.4359E-13  5.2529E-04
 3.3001E+25  1.6694E-05  9.9998E-01  7.0948E+03  8.1828E-05  2.6848E-12  3.4361E-13  5.1901E-04
 3.3094E+25  1.6573E-05  9.9998E-01  7.0942E+03  8.1828E-05  2.7023E-12  3.4363E-13  5.1275E-04
 3.3186E+25  1.6750E-05  9.9998E-01  7.0936E+03  8.1828E-05  2.6762E-12  3.4366E-13  5.0654E-04
 3.3279E+25  1.6978E-05  9.9998E-01  7.0931E+03  8.1828E-05  2.6405E-12  3.4368E-13  5.0039E-04
 3.3372E+25  1.6896E-05  9.9998E-01  7.0925E+03  8.1828E-05  2.6510E-12  3.4370E-13  4.9440E-04
 3.3464E+25  1.7031E-05  9.9998E-01  7.0919E+03  8.1828E-05  2.6324E-12  3.4372E-13  4.8856E-04
 3.3557E+25  1.7261E-05  9.9998E-01  7.0914E+03  8.1828E-05  2.5977E-12  3.4375E-13  4.8283E-04
 3.3649E+25  1.7231E-05  9.9998E-01  7.0908E+03  8.1828E-05  2.5998E-12  3.4377E-13  4.7713E-04
 3.3742E+25  1.7312E-05  9.9998E-01  7.0903E+03  8.1828E-05  2.5901E-12  3.4379E-13  4.7147E-04
 3.3834E+25  1.7542E-05  9.9998E-01  7.0897E+03  8.1828E-05  2.5564E-12  3.4381E-13  4.6587E-04
 3.3927E+25  1.7579E-05  9.9998E-01  7.0892E+03  8.1828E-05  2.5487E-12  3.4383E-13  4.6040E-04
 3.4020E+25  1.7592E-05  9.9998E-01  7.0887E+03  8.1828E-05  2.5493E-12  3.4385E-13  4.5505E-04
 3.4112E+25  1.7823E-05  9.9998E-01  7.0882E+03  8.1828E-05  2.5165E-12  3.4387E-13  4.4984E-04
 3.4205E+25  1.7941E-05  9.9998E-01  7.0877E+03  8.1828E-05  2.4977E-12  3.4389E-13  4.4465E-04
 3.4297E+25  1.7871E-05  9.9998E-01  7.0872E+03  8.1828E-05  2.5099E-12  3.4391E-13  4.3949E-04
 3.4390E+25  1.8102E-05  9.9998E-01  7.0867E+03  8.1828E-05  2.4780E-12  3.4393E-13  4.3438E-04
 3.4482E+25  1.8317E-05  9.9998E-01  7.0862E+03  8.1828E-05  2.4468E-12  3.4395E-13  4.2935E-04
 3.4575E+25  1.8149E-05  9.9998E-01  7.0857E+03  8.1828E-05  2.4719E-12  3.4397E-13  4.2446E-04
 3.4668E+25  1.8381E-05  9.9998E-01  7.0852E+03  8.1828E-05  2.4407E-12  3.4399E-13  4.1968E-04
 3.4760E+25  1.8620E-05  9.9998E-01  7.0848E+03  8.1828E-05  2.4095E-12  3.4401E-13  4.1496E-04
 3.4853E+25  1.8511E-05  9.9998E-01  7.0843E+03  8.1828E-05  2.4216E-12  3.4402E-13  4.1026E-04
 3.4945E+25  1.8660E-05  9.9998E-01  7.0838E+03  8.1828E-05  2.4046E-12  3.4404E-13  4.0560E-04
 3.5038E+25  1.8899E-05  9.9998E-01  7.0834E+03  8.1828E-05  2.3744E-12  3.4406E-13  4.0098E-04
 3.5130E+25  1.8912E-05  9.9998E-01  7.0829E+03  8.1828E-05  2.3705E-12  3.4408E-13  3.9647E-04
 3.5223E+25  1.8937E-05  9.9998E-01  7.0825E+03  8.1828E-05  2.3697E-12  3.4409E-13  3.9207E-04
 3.5316E+25  1.9176E-05  9.9998E-01  7.0821E+03  8.1828E-05  2.3403E-12  3.4411E-13  3.8777E-04
 3.5408E+25  1.9330E-05  9.9998E-01  7.0816E+03  8.1828E-05  2.3196E-12  3.4413E-13  3.8349E-04
 3.5501E+25  1.9213E-05  9.9998E-01  7.0812E+03  8.1828E-05  2.3359E-12  3.4414E-13  3.7923E-04
 3.5593E+25  1.9452E-05  9.9998E-01  7.0808E+03  8.1828E-05  2.3074E-12  3.4416E-13  3.7500E-04
 3.5686E+25  1.9698E-05  9.9998E-01  7.0804E+03  8.1828E-05  2.2786E-12  3.4418E-13  3.7083E-04
 3.5778E+25  1.9553E-05  9.9998E-01  7.0800E+03  8.1828E-05  2.2935E-12  3.4419E-13  3.6677E-04
 3.5871E+25  1.9728E-05  9.9998E-01  7.0796E+03  8.1828E-05  2.2752E-12  3.4421E-13  3.6281E-04
 3.5964E+25  1.9973E-05  9.9998E-01  7.0792E+03  8.1828E-05  2.2475E-12  3.4422E-13  3.5891E-04
 3.6056E+25  1.9999E-05  9.9998E-01  7.0788E+03  8.1828E-05  2.2425E-12  3.4424E-13  3.5502E-04
 3.6149E+25  2.0004E-05  9.9998E-01  7.0784E+03  8.1828E-05  2.2442E-12  3.4425E-13  3.5116E-04
 3.6241E+25  2.0248E-05  9.9998E-01  7.0780E+03  8.1828E-05  2.2173E-12  3.4427E-13  3.4733E-04
 3.6334E+25  2.0464E-05  9.9998E-01  7.0776E+03  8.1828E-05  2.1918E-12  3.4429E-13  3.4356E-04
 3.6426E+25  2.0277E-05  9.9998E-01  7.0773E+03  8.1828E-05  2.2142E-12  3.4430E-13  3.3988E-04
 3.6519E+25  2.0522E-05  9.9998E-01  7.0769E+03  8.1828E-05  2.1878E-12  3.4431E-13  3.3629E-04
 3.6612E+25  2.0773E-05  9.9998E-01  7.0765E+03  8.1828E-05  2.1615E-12  3.4433E-13  3.3275E-04
 3.6704E+25  2.0722E-05  9.9998E-01  7.0762E+03  8.1828E-05  2.1648E-12  3.4434E-13  3.2922E-04
 3.6797E+25  2.0796E-05  9.9998E-01  7.0758E+03  8.1828E-05  2.1592E-12  3.4436E-13  3.2572E-04
 3.6889E+25  2.1045E-05  9.9998E-01  7.0755E+03  8.1828E-05  2.1338E-12  3.4437E-13  3.2224E-04
 3.6982E+25  2.1220E-05  9.9998E-01  7.0751E+03  8.1828E-05  2.1142E-12  3.4438E-13  3.1882E-04
 3.7074E+25  2.1069E-05  9.9998E-01  7.0748E+03  8.1828E-05  2.1315E-12  3.4440E-13  3.1548E-04
 3.7167E+25  2.1318E-05  9.9998E-01  7.0745E+03  8.1828E-05  2.1067E-12  3.4441E-13  3.1221E-04
 3.7260E+25  2.1574E-05  9.9998E-01  7.0741E+03  8.1828E-05  2.0818E-12  3.4442E-13  3.0900E-04
 3.7352E+25  2.1502E-05  9.9998E-01  7.0738E+03  8.1828E-05  2.0867E-12  3.4444E-13  3.0580E-04
 3.7445E+25  2.1591E-05  9.9998E-01  7.0735E+03  8.1828E-05  2.0802E-12  3.4445E-13  3.0262E-04
 3.7537E+25  2.1844E-05  9.9998E-01  7.0731E+03  8.1828E-05  2.0562E-12  3.4446E-13  2.9946E-04
 3.7630E+25  2.2037E-05  9.9998E-01  7.0728E+03  8.1828E-05  2.0363E-12  3.4448E-13  2.9633E-04
 3.7722E+25  2.1862E-05  9.9998E-01  7.0725E+03  8.1828E-05  2.0547E-12  3.4449E-13  2.9328E-04
 3.7815E+25  2.2115E-05  9.9998E-01  7.0722E+03  8.1828E-05  2.0311E-12  3.4450E-13  2.9029E-04
 3.7908E+25  2.2375E-05  9.9998E-01  7.0719E+03  8.1828E-05  2.0077E-12  3.4451E-13  2.8738E-04
 3.8000E+25  2.2346E-05  9.9998E-01  7.0716E+03  8.1828E-05  2.0083E-12  3.4452E-13  2.8448E-04
 3.8093E+25  2.2387E-05  9.9998E-01  7.0713E+03  8.1828E-05  2.0067E-12  3.4454E-13  2.8158E-04
 3.8185E+25  2.2644E-05  9.9998E-01  7.0710E+03  8.1828E-05  1.9840E-12  3.4455E-13  2.7871E-04
 3.8278E+25  2.2903E-05  9.9998E-01  7.0707E+03  8.1828E-05  1.9611E-12  3.4456E-13  2.7586E-04
 3.8370E+25  2.2673E-05  9.9998E-01  7.0704E+03  8.1828E-05  1.9801E-12  3.4457E-13  2.7307E-04
 3.8463E+25  2.2914E-05  9.9998E-01  7.0701E+03  8.1828E-05  1.9607E-12  3.4458E-13  2.7032E-04
 3.8556E+25  2.3176E-05  9.9998E-01  7.0698E+03  8.1828E-05  1.9387E-12  3.4459E-13  2.6765E-04
 3.8648E+25  2.3261E-05  9.9998E-01  7.0695E+03  8.1828E-05  1.9297E-12  3.4460E-13  2.6502E-04
 3.8741E+25  2.3183E-05  9.9998E-01  7.0692E+03  8.1828E-05  1.9381E-12  3.4462E-13  2.6239E-04
 3.8833E+25  2.3444E-05  9.9998E-01  7.0690E+03  8.1828E-05  1.9166E-12  3.4463E-13  2.5978E-04
 3.8926E+25  2.3712E-05  9.9998E-01  7.0687E+03  8.1828E-05  1.8951E-12  3.4464E-13  2.5719E-04
 3.9018E+25  2.3613E-05  9.9998E-01  7.0684E+03  8.1828E-05  1.9011E-12  3.4465E-13  2.5461E-04
 3.9111E+25  2.3714E-05  9.9998E-01  7.0682E+03  8.1828E-05  1.8950E-12  3.4466E-13  2.5210E-04
 3.9204E+25  2.3978E-05  9.9998E-01  7.0679E+03  8.1828E-05  1.8742E-12  3.4467E-13  2.4963E-04
 3.9296E+25  2.4240E-05  9.9998E-01  7.0676E+03  8.1828E-05  1.8532E-12  3.4468E-13  2.4723E-04
 3.9389E+25  2.3990E-05  9.9998E-01  7.0674E+03  8.1828E-05  1.8722E-12  3.4469E-13  2.4485E-04
 3.9481E+25  2.4246E-05  9.9998E-01  7.0671E+03  8.1828E-05  1.8535E-12  3.4470E-13  2.4247E-04
 3.9574E+25  2.4514E-05  9.9998E-01  7.0669E+03  8.1828E-05  1.8333E-12  3.4471E-13  2.4011E-04
 3.9666E+25  2.4639E-05  9.9998E-01  7.0666E+03  8.1828E-05  1.8223E-12  3.4472E-13  2.3776E-04
 3.9759E+25  2.4513E-05  9.9998E-01  7.0664E+03  8.1828E-05  1.8335E-12  3.4473E-13  2.3544E-04
 3.9852E+25  2.4782E-05  9.9998E-01  7.0661E+03  8.1828E-05  1.8136E-12  3.4474E-13  2.3317E-04
 3.9944E+25  2.5054E-05  9.9997E-01  7.0659E+03  8.1828E-05  1.7940E-12  3.4475E-13  2.3093E-04
 4.0037E+25  2.5043E-05  9.9997E-01  7.0657E+03  8.1828E-05  1.7931E-12  3.4476E-13  2.2877E-04
 4.0129E+25  2.5048E-05  9.9997E-01  7.0654E+03  8.1828E-05  1.7945E-12  3.4477E-13  2.2661E-04
 4.0222E+25  2.5319E-05  9.9997E-01  7.0652E+03  8.1828E-05  1.7753E-12  3.4478E-13  2.2446E-04
 4.0314E+25  2.5596E-05  9.9997E-01  7.0650E+03  8.1828E-05  1.7562E-12  3.4478E-13  2.2232E-04
 4.0407E+25  2.5462E-05  9.9997E-01  7.0647E+03  8.1828E-05  1.7637E-12  3.4479E-13  2.2019E-04
 4.0500E+25  2.5586E-05  9.9997E-01  7.0645E+03  8.1828E-05  1.7569E-12  3.4480E-13  2.1808E-04
 4.0592E+25  2.5859E-05  9.9997E-01  7.0643E+03  8.1828E-05  1.7384E-12  3.4481E-13  2.1603E-04
 4.0685E+25  2.6139E-05  9.9997E-01  7.0641E+03  8.1828E-05  1.7197E-12  3.4482E-13  2.1400E-04
 4.0777E+25  2.5902E-05  9.9997E-01  7.0638E+03  8.1828E-05  1.7340E-12  3.4483E-13  2.1203E-04
 4.0870E+25  2.6126E-05  9.9997E-01  7.0636E+03  8.1828E-05  1.7208E-12  3.4484E-13  2.1008E-04
 4.0962E+25  2.6402E-05  9.9997E-01  7.0634E+03  8.1828E-05  1.7028E-12  3.4485E-13  2.0813E-04
 4.1055E+25  2.6652E-05  9.9997E-01  7.0632E+03  8.1828E-05  1.6852E-12  3.4485E-13  2.0619E-04
 4.1148E+25  2.6391E-05  9.9997E-01  7.0630E+03  8.1828E-05  1.7036E-12  3.4486E-13  2.0426E-04
 4.1240E+25  2.6669E-05  9.9997E-01  7.0628E+03  8.1828E-05  1.6859E-12  3.4487E-13  2.0235E-04
 4.1333E+25  2.6948E-05  9.9997E-01  7.0626E+03  8.1828E-05  1.6685E-12  3.4488E-13  2.0047E-04
 4.1425E+25  2.7134E-05  9.9997E-01  7.0624E+03  8.1828E-05  1.6554E-12  3.4489E-13  1.9863E-04
 4.1518E+25  2.6933E-05  9.9997E-01  7.0622E+03  8.1828E-05  1.6694E-12  3.4489E-13  1.9682E-04
 4.1610E+25  2.7213E-05  9.9997E-01  7.0620E+03  8.1828E-05  1.6523E-12  3.4490E-13  1.9506E-04
 4.1703E+25  2.7496E-05  9.9997E-01  7.0618E+03  8.1828E-05  1.6354E-12  3.4491E-13  1.9330E-04
 4.1796E+25  2.7635E-05  9.9997E-01  7.0616E+03  8.1828E-05  1.6255E-12  3.4492E-13  1.9154E-04
 4.1888E+25  2.7477E-05  9.9997E-01  7.0614E+03  8.1828E-05  1.6365E-12  3.4493E-13  1.8979E-04
 4.1981E+25  2.7761E-05  9.9997E-01  7.0612E+03  8.1828E-05  1.6198E-12  3.4493E-13  1.8805E-04
 4.2073E+25  2.8046E-05  9.9997E-01  7.0610E+03  8.1828E-05  1.6034E-12  3.4494E-13  1.8633E-04
 4.2166E+25  2.8157E-05  9.9997E-01  7.0608E+03  8.1828E-05  1.5955E-12  3.4495E-13  1.8465E-04
 4.2258E+25  2.8024E-05  9.9997E-01  7.0606E+03  8.1828E-05  1.6047E-12  3.4496E-13  1.8299E-04
 4.2351E+25  2.8310E-05  9.9997E-01  7.0604E+03  8.1828E-05  1.5885E-12  3.4496E-13  1.8138E-04
 4.2443E+25  2.8598E-05  9.9997E-01  7.0603E+03  8.1828E-05  1.5726E-12  3.4497E-13  1.7979E-04
 4.2536E+25  2.8701E-05  9.9997E-01  7.0601E+03  8.1828E-05  1.5654E-12  3.4498E-13  1.7820E-04
 4.2629E+25  2.8573E-05  9.9997E-01  7.0599E+03  8.1828E-05  1.5739E-12  3.4498E-13  1.7661E-04
 4.2721E+25  2.8863E-05  9.9997E-01  7.0597E+03  8.1828E-05  1.5582E-12  3.4499E-13  1.7503E-04
 4.2814E+25  2.9152E-05  9.9997E-01  7.0595E+03  8.1828E-05  1.5428E-12  3.4500E-13  1.7347E-04
 4.2906E+25  2.9267E-05  9.9997E-01  7.0594E+03  8.1828E-05  1.5352E-12  3.4501E-13  1.7192E-04
 4.2999E+25  2.9126E-05  9.9997E-01  7.0592E+03  8.1828E-05  1.5442E-12  3.4501E-13  1.7040E-04
 4.3091E+25  2.9417E-05  9.9997E-01  7.0590E+03  8.1828E-05  1.5290E-12  3.4502E-13  1.6890E-04
 4.3184E+25  2.9709E-05  9.9997E-01  7.0589E+03  8.1828E-05  1.5139E-12  3.4502E-13  1.6746E-04
 4.3277E+25  2.9856E-05  9.9997E-01  7.0587E+03  8.1828E-05  1.5050E-12  3.4503E-13  1.6602E-04
 4.3369E+25  2.9680E-05  9.9997E-01  7.0585E+03  8.1828E-05  1.5154E-12  3.4504E-13  1.6458E-04
 4.3462E+25  2.9973E-05  9.9997E-01  7.0584E+03  8.1828E-05  1.5007E-12  3.4504E-13  1.6315E-04
 4.3554E+25  3.0269E-05  9.9997E-01  7.0582E+03  8.1828E-05  1.4860E-12  3.4505E-13  1.6173E-04
 4.3647E+25  3.0469E-05  9.9997E-01  7.0580E+03  8.1828E-05  1.4748E-12  3.4506E-13  1.6031E-04
 4.3739E+25  3.0238E-05  9.9997E-01  7.0579E+03  8.1828E-05  1.4876E-12  3.4506E-13  1.5891E-04
 4.3832E+25  3.0531E-05  9.9997E-01  7.0577E+03  8.1828E-05  1.4733E-12  3.4507E-13  1.5754E-04
 4.3925E+25  3.0832E-05  9.9997E-01  7.0576E+03  8.1828E-05  1.4590E-12  3.4508E-13  1.5618E-04
 4.4017E+25  3.1106E-05  9.9997E-01  7.0574E+03  8.1828E-05  1.4449E-12  3.4508E-13  1.5487E-04
 4.4110E+25  3.0798E-05  9.9997E-01  7.0573E+03  8.1828E-05  1.4604E-12  3.4509E-13  1.5357E-04
 4.4202E+25  3.1093E-05  9.9997E-01  7.0571E+03  8.1828E-05  1.4468E-12  3.4509E-13  1.5227E-04
 4.4295E+25  3.1396E-05  9.9997E-01  7.0570E+03  8.1828E-05  1.4328E-12  3.4510E-13  1.5098E-04
 4.4387E+25  3.1698E-05  9.9997E-01  7.0568E+03  8.1828E-05  1.4192E-12  3.4511E-13  1.4969E-04
 4.4480E+25  3.1432E-05  9.9997E-01  7.0567E+03  8.1828E-05  1.4299E-12  3.4511E-13  1.4841E-04
 4.4573E+25  3.1657E-05  9.9997E-01  7.0565E+03  8.1828E-05  1.4211E-12  3.4512E-13  1.4714E-04
 4.4665E+25  3.1963E-05  9.9997E-01  7.0564E+03  8.1828E-05  1.4075E-12  3.4512E-13  1.4590E-04
 4.4758E+25  3.2268E-05  9.9997E-01  7.0562E+03  8.1828E-05  1.3942E-12  3.4513E-13  1.4466E-04
 4.4850E+25  3.2117E-05  9.9997E-01  7.0561E+03  8.1828E-05  1.3994E-12  3.4513E-13  1.4347E-04
 4.4943E+25  3.2226E-05  9.9997E-01  7.0560E+03  8.1828E-05  1.3961E-12  3.4514E-13  1.4229E-04
 4.5035E+25  3.2531E-05  9.9997E-01  7.0558E+03  8.1828E-05  1.3830E-12  3.4515E-13  1.4112E-04
 4.5128E+25  3.2841E-05  9.9997E-01  7.0557E+03  8.1828E-05  1.3700E-12  3.4515E-13  1.3995E-04
 4.5221E+25  3.2830E-05  9.9997E-01  7.0555E+03  8.1828E-05  1.3690E-12  3.4516E-13  1.3879E-04
 4.5313E+25  3.2797E-05  9.9997E-01  7.0554E+03  8.1828E-05  1.3718E-12  3.4516E-13  1.3763E-04
 4.5406E+25  3.3102E-05  9.9997E-01  7.0553E+03  8.1828E-05  1.3592E-12  3.4517E-13  1.3648E-04
 4.5498E+25  3.3416E-05  9.9997E-01  7.0551E+03  8.1828E-05  1.3465E-12  3.4517E-13  1.3534E-04
 4.5591E+25  3.3574E-05  9.9997E-01  7.0550E+03  8.1828E-05  1.3388E-12  3.4518E-13  1.3422E-04
 4.5683E+25  3.3368E-05  9.9997E-01  7.0549E+03  8.1828E-05  1.3485E-12  3.4518E-13  1.3312E-04
 4.5776E+25  3.3677E-05  9.9997E-01  7.0547E+03  8.1828E-05  1.3361E-12  3.4519E-13  1.3205E-04
 4.5869E+25  3.3993E-05  9.9997E-01  7.0546E+03  8.1828E-05  1.3237E-12  3.4519E-13  1.3099E-04
 4.5961E+25  3.4303E-05  9.9997E-01  7.0545E+03  8.1828E-05  1.3116E-12  3.4520E-13  1.2994E-04
 4.6054E+25  3.3986E-05  9.9997E-01  7.0544E+03  8.1828E-05  1.3228E-12  3.4520E-13  1.2888E-04
 4.6146E+25  3.4257E-05  9.9997E-01  7.0542E+03  8.1828E-05  1.3135E-12  3.4521E-13  1.2783E-04
 4.6239E+25  3.4570E-05  9.9997E-01  7.0541E+03  8.1828E-05  1.3017E-12  3.4521E-13  1.2679E-04
 4.6331E+25  3.4891E-05  9.9997E-01  7.0540E+03  8.1828E-05  1.2897E-12  3.4522E-13  1.2575E-04
 4.6424E+25  3.4779E-05  9.9997E-01  7.0539E+03  8.1828E-05  1.2925E-12  3.4522E-13  1.2473E-04
 4.6517E+25  3.4837E-05  9.9997E-01  7.0538E+03  8.1828E-05  1.2917E-12  3.4523E-13  1.2372E-04
 4.6609E+25  3.5152E-05  9.9996E-01  7.0536E+03  8.1828E-05  1.2801E-12  3.4523E-13  1.2273E-04
 4.6702E+25  3.5477E-05  9.9996E-01  7.0535E+03  8.1828E-05  1.2685E-12  3.4524E-13  1.2177E-04
 4.6794E+25  3.5612E-05  9.9996E-01  7.0534E+03  8.1828E-05  1.2623E-12  3.4524E-13  1.2082E-04
 4.6887E+25  3.5418E-05  9.9996E-01  7.0533E+03  8.1828E-05  1.2706E-12  3.4525E-13  1.1986E-04
 4.6979E+25  3.5741E-05  9.9996E-01  7.0532E+03  8.1828E-05  1.2591E-12  3.4525E-13  1.1891E-04
 4.7072E+25  3.6062E-05  9.9996E-01  7.0530E+03  8.1828E-05  1.2480E-12  3.4525E-13  1.1797E-04
 4.7165E+25  3.6389E-05  9.9996E-01  7.0529E+03  8.1828E-05  1.2367E-12  3.4526E-13  1.1703E-04
 4.7257E+25  3.6091E-05  9.9996E-01  7.0528E+03  8.1828E-05  1.2457E-12  3.4526E-13  1.1609E-04
 4.7350E+25  3.6330E-05  9.9996E-01  7.0527E+03  8.1828E-05  1.2388E-12  3.4527E-13  1.1517E-04
 4.7442E+25  3.6652E-05  9.9996E-01  7.0526E+03  8.1828E-05  1.2279E-12  3.4527E-13  1.1426E-04
 4.7535E+25  3.6984E-05  9.9996E-01  7.0525E+03  8.1828E-05  1.2169E-12  3.4528E-13  1.1335E-04
 4.7627E+25  3.6986E-05  9.9996E-01  7.0524E+03  8.1828E-05  1.2155E-12  3.4528E-13  1.1249E-04
 4.7720E+25  3.6918E-05  9.9996E-01  7.0523E+03  8.1828E-05  1.2191E-12  3.4529E-13  1.1163E-04
 4.7813E+25  3.7250E-05  9.9996E-01  7.0522E+03  8.1828E-05  1.2082E-12  3.4529E-13  1.1077E-04
 4.7905E+25  3.7576E-05  9.9996E-01  7.0521E+03  8.1828E-05  1.1978E-12  3.4529E-13  1.0991E-04
 4.7998E+25  3.7900E-05  9.9996E-01  7.0520E+03  8.1828E-05  1.1871E-12  3.4530E-13  1.0906E-04
 4.8090E+25  3.7528E-05  9.9996E-01  7.0519E+03  8.1828E-05  1.1985E-12  3.4530E-13  1.0821E-04
 4.8183E+25  3.7846E-05  9.9996E-01  7.0518E+03  8.1828E-05  1.1893E-12  3.4531E-13  1.0737E-04
 4.8275E+25  3.8178E-05  9.9996E-01  7.0516E+03  8.1828E-05  1.1789E-12  3.4531E-13  1.0653E-04
 4.8368E+25  3.8514E-05  9.9996E-01  7.0515E+03  8.1828E-05  1.1687E-12  3.4531E-13  1.0570E-04
 4.8461E+25  3.8479E-05  9.9996E-01  7.0514E+03  8.1828E-05  1.1685E-12  3.4532E-13  1.0489E-04
 4.8553E+25  3.8442E-05  9.9996E-01  7.0513E+03  8.1828E-05  1.1709E-12  3.4532E-13  1.0409E-04
 4.8646E+25  3.8784E-05  9.9996E-01  7.0512E+03  8.1828E-05  1.1606E-12  3.4533E-13  1.0331E-04
 4.8738E+25  3.9116E-05  9.9996E-01  7.0511E+03  8.1828E-05  1.1507E-12  3.4533E-13  1.0254E-04
 4.8831E+25  3.9450E-05  9.9996E-01  7.0510E+03  8.1828E-05  1.1407E-12  3.4533E-13  1.0177E-04
 4.8923E+25  3.9074E-05  9.9996E-01  7.0510E+03  8.1828E-05  1.1510E-12  3.4534E-13  1.0100E-04
 4.9016E+25  3.9387E-05  9.9996E-01  7.0509E+03  8.1828E-05  1.1429E-12  3.4534E-13  1.0023E-04
 4.9109E+25  3.9730E-05  9.9996E-01  7.0508E+03  8.1828E-05  1.1330E-12  3.4535E-13  9.9470E-05
 4.9201E+25  4.0067E-05  9.9996E-01  7.0507E+03  8.1828E-05  1.1235E-12  3.4535E-13  9.8709E-05
 4.9294E+25  4.0100E-05  9.9996E-01  7.0506E+03  8.1828E-05  1.1213E-12  3.4535E-13  9.7958E-05
 4.9386E+25  3.9991E-05  9.9996E-01  7.0505E+03  8.1828E-05  1.1256E-12  3.4536E-13  9.7217E-05
 4.9479E+25  4.0341E-05  9.9996E-01  7.0504E+03  8.1828E-05  1.1159E-12  3.4536E-13  9.6482E-05
 4.9571E+25  4.0686E-05  9.9996E-01  7.0503E+03  8.1828E-05  1.1064E-12  3.4536E-13  9.5771E-05
 4.9664E+25  4.1030E-05  9.9996E-01  7.0502E+03  8.1828E-05  1.0971E-12  3.4537E-13  9.5075E-05
 4.9757E+25  4.0747E-05  9.9996E-01  7.0501E+03  8.1828E-05  1.1036E-12  3.4537E-13  9.4381E-05
 4.9849E+25  4.0951E-05  9.9996E-01  7.0500E+03  8.1828E-05  1.0993E-12  3.4537E-13  9.3686E-05
 4.9942E+25  4.1305E-05  9.9996E-01  7.0499E+03  8.1828E-05  1.0899E-12  3.4538E-13  9.2993E-05
 5.0034E+25  4.1652E-05  9.9996E-01  7.0498E+03  8.1828E-05  1.0808E-12  3.4538E-13  9.2303E-05
 5.0127E+25  4.1853E-05  9.9996E-01  7.0497E+03  8.1828E-05  1.0744E-12  3.4539E-13  9.1616E-05
 5.0219E+25  4.1574E-05  9.9996E-01  7.0497E+03  8.1828E-05  1.0828E-12  3.4539E-13  9.0932E-05
 5.0312E+25  4.1922E-05  9.9996E-01  7.0496E+03  8.1828E-05  1.0739E-12  3.4539E-13  9.0256E-05
 5.0405E+25  4.2281E-05  9.9996E-01  7.0495E+03  8.1828E-05  1.0648E-12  3.4540E-13  8.9588E-05
 5.0497E+25  4.2629E-05  9.9996E-01  7.0494E+03  8.1828E-05  1.0560E-12  3.4540E-13  8.8924E-05
 5.0590E+25  4.2568E-05  9.9996E-01  7.0493E+03  8.1828E-05  1.0565E-12  3.4540E-13  8.8283E-05
 5.0682E+25  4.2549E-05  9.9996E-01  7.0493E+03  8.1828E-05  1.0580E-12  3.4541E-13  8.7657E-05
 5.0775E+25  4.2904E-05  9.9996E-01  7.0492E+03  8.1828E-05  1.0493E-12  3.4541E-13  8.7032E-05
 5.0867E+25  4.3267E-05  9.9996E-01  7.0491E+03  8.1828E-05  1.0405E-12  3.4541E-13  8.6407E-05
 5.0960E+25  4.3617E-05  9.9996E-01  7.0490E+03  8.1828E-05  1.0321E-12  3.4542E-13  8.5782E-05
 5.1053E+25  4.3314E-05  9.9996E-01  7.0489E+03  8.1828E-05  1.0383E-12  3.4542E-13  8.5162E-05
 5.1145E+25  4.3536E-05  9.9996E-01  7.0488E+03  8.1828E-05  1.0341E-12  3.4542E-13  8.4543E-05
 5.1238E+25  4.3897E-05  9.9996E-01  7.0488E+03  8.1828E-05  1.0256E-12  3.4542E-13  8.3926E-05
 5.1330E+25  4.4264E-05  9.9996E-01  7.0487E+03  8.1828E-05  1.0171E-12  3.4543E-13  8.3315E-05
 5.1423E+25  4.4530E-05  9.9996E-01  7.0486E+03  8.1828E-05  1.0100E-12  3.4543E-13  8.2712E-05
 5.1515E+25  4.4180E-05  9.9996E-01  7.0485E+03  8.1828E-05  1.0191E-12  3.4543E-13  8.2113E-05
 5.1608E+25  4.4535E-05  9.9996E-01  7.0485E+03  8.1828E-05  1.0109E-12  3.4544E-13  8.1526E-05
 5.1701E+25  4.4902E-05  9.9996E-01  7.0484E+03  8.1828E-05  1.0027E-12  3.4544E-13  8.0961E-05
 5.1793E+25  4.5272E-05  9.9995E-01  7.0483E+03  8.1828E-05  9.9452E-13  3.4544E-13  8.0399E-05
 5.1886E+25  4.5347E-05  9.9995E-01  7.0482E+03  8.1828E-05  9.9179E-13  3.4545E-13  7.9837E-05
 5.1978E+25  4.5187E-05  9.9995E-01  7.0481E+03  8.1828E-05  9.9640E-13  3.4545E-13  7.9274E-05
 5.2071E+25  4.5546E-05  9.9995E-01  7.0481E+03  8.1828E-05  9.8854E-13  3.4545E-13  7.8714E-05
 5.2163E+25  4.5917E-05  9.9995E-01  7.0480E+03  8.1828E-05  9.8059E-13  3.4546E-13  7.8157E-05
 5.2256E+25  4.6292E-05  9.9995E-01  7.0479E+03  8.1828E-05  9.7264E-13  3.4546E-13  7.7602E-05
 5.2349E+25  4.6200E-05  9.9995E-01  7.0478E+03  8.1828E-05  9.7352E-13  3.4546E-13  7.7048E-05
 5.2441E+25  4.6206E-05  9.9995E-01  7.0478E+03  8.1828E-05  9.7446E-13  3.4546E-13  7.6502E-05
 5.2534E+25  4.6569E-05  9.9995E-01  7.0477E+03  8.1828E-05  9.6685E-13  3.4547E-13  7.5960E-05
 5.2626E+25  4.6945E-05  9.9995E-01  7.0476E+03  8.1828E-05  9.5916E-13  3.4547E-13  7.5421E-05
 5.2719E+25  4.7324E-05  9.9995E-01  7.0475E+03  8.1828E-05  9.5145E-13  3.4547E-13  7.4903E-05
 5.2811E+25  4.7089E-05  9.9995E-01  7.0475E+03  8.1828E-05  9.5517E-13  3.4548E-13  7.4395E-05
 5.2904E+25  4.7237E-05  9.9995E-01  7.0474E+03  8.1828E-05  9.5323E-13  3.4548E-13  7.3891E-05
 5.2997E+25  4.7606E-05  9.9995E-01  7.0474E+03  8.1828E-05  9.4583E-13  3.4548E-13  7.3385E-05
 5.3089E+25  4.7984E-05  9.9995E-01  7.0473E+03  8.1828E-05  9.3843E-13  3.4548E-13  7.2880E-05
 5.3182E+25  4.8367E-05  9.9995E-01  7.0472E+03  8.1828E-05  9.3094E-13  3.4549E-13  7.2377E-05
 5.3274E+25  4.8018E-05  9.9995E-01  7.0471E+03  8.1828E-05  9.3675E-13  3.4549E-13  7.1876E-05
 5.3367E+25  4.8281E-05  9.9995E-01  7.0471E+03  8.1828E-05  9.3265E-13  3.4549E-13  7.1377E-05
 5.3459E+25  4.8655E-05  9.9995E-01  7.0470E+03  8.1828E-05  9.2546E-13  3.4549E-13  7.0879E-05
 5.3552E+25  4.9034E-05  9.9995E-01  7.0469E+03  8.1828E-05  9.1835E-13  3.4550E-13  7.0388E-05
 5.3645E+25  4.9413E-05  9.9995E-01  7.0469E+03  8.1828E-05  9.1107E-13  3.4550E-13  6.9901E-05
 5.3737E+25  4.8995E-05  9.9995E-01  7.0468E+03  8.1828E-05  9.1829E-13  3.4550E-13  6.9416E-05
 5.3830E+25  4.9338E-05  9.9995E-01  7.0467E+03  8.1828E-05  9.1271E-13  3.4550E-13  6.8950E-05
 5.3922E+25  4.9718E-05  9.9995E-01  7.0467E+03  8.1828E-05  9.0572E-13  3.4551E-13  6.8494E-05
 5.4015E+25  5.0098E-05  9.9995E-01  7.0466E+03  8.1828E-05  8.9887E-13  3.4551E-13  6.8040E-05
 5.4107E+25  5.0458E-05  9.9995E-01  7.0465E+03  8.1828E-05  8.9181E-13  3.4551E-13  6.7586E-05
 5.4200E+25  5.0027E-05  9.9995E-01  7.0465E+03  8.1828E-05  8.9980E-13  3.4551E-13  6.7133E-05
 5.4292E+25  5.0407E-05  9.9995E-01  7.0464E+03  8.1828E-05  8.9337E-13  3.4552E-13  6.6680E-05
 5.4385E+25  5.0794E-05  9.9995E-01  7.0464E+03  8.1828E-05  8.8656E-13  3.4552E-13  6.6230E-05
 5.4478E+25  5.1176E-05  9.9995E-01  7.0463E+03  8.1828E-05  8.7996E-13  3.4552E-13  6.5781E-05
 5.4570E+25  5.1511E-05  9.9995E-01  7.0462E+03  8.1828E-05  8.7328E-13  3.4553E-13  6.5333E-05
 5.4663E+25  5.1104E-05  9.9995E-01  7.0462E+03  8.1828E-05  8.8118E-13  3.4553E-13  6.4890E-05
 5.4755E+25  5.1490E-05  9.9995E-01  7.0461E+03  8.1828E-05  8.7463E-13  3.4553E-13  6.4451E-05
 5.4848E+25  5.1884E-05  9.9995E-01  7.0460E+03  8.1828E-05  8.6797E-13  3.4553E-13  6.4013E-05
 5.4940E+25  5.2269E-05  9.9995E-01  7.0460E+03  8.1828E-05  8.6157E-13  3.4553E-13  6.3587E-05
 5.5033E+25  5.2601E-05  9.9995E-01  7.0459E+03  8.1828E-05  8.5522E-13  3.4554E-13  6.3176E-05
 5.5126E+25  5.2202E-05  9.9995E-01  7.0459E+03  8.1828E-05  8.6268E-13  3.4554E-13  6.2768E-05
 5.5218E+25  5.2585E-05  9.9995E-01  7.0458E+03  8.1828E-05  8.5644E-13  3.4554E-13  6.2361E-05
 5.5311E+25  5.2987E-05  9.9995E-01  7.0457E+03  8.1828E-05  8.4993E-13  3.4554E-13  6.1953E-05
 5.5403E+25  5.3379E-05  9.9995E-01  7.0457E+03  8.1828E-05  8.4367E-13  3.4555E-13  6.1546E-05
 5.5496E+25  5.3731E-05  9.9995E-01  7.0456E+03  8.1828E-05  8.3743E-13  3.4555E-13  6.1140E-05
 5.5588E+25  5.3312E-05  9.9995E-01  7.0456E+03  8.1828E-05  8.4461E-13  3.4555E-13  6.0737E-05
 5.5681E+25  5.3698E-05  9.9995E-01  7.0455E+03  8.1828E-05  8.3867E-13  3.4555E-13  6.0334E-05
 5.5774E+25  5.4103E-05  9.9995E-01  7.0455E+03  8.1828E-05  8.3242E-13  3.4556E-13  5.9933E-05
 5.5866E+25  5.4504E-05  9.9995E-01  7.0454E+03  8.1828E-05  8.2629E-13  3.4556E-13  5.9537E-05
 5.5959E+25  5.4881E-05  9.9995E-01  7.0453E+03  8.1828E-05  8.2032E-13  3.4556E-13  5.9142E-05
 5.6051E+25  5.4458E-05  9.9995E-01  7.0453E+03  8.1828E-05  8.2643E-13  3.4556E-13  5.8750E-05
 5.6144E+25  5.4831E-05  9.9995E-01  7.0452E+03  8.1828E-05  8.2137E-13  3.4556E-13  5.8373E-05
 5.6236E+25  5.5234E-05  9.9994E-01  7.0452E+03  8.1828E-05  8.1542E-13  3.4557E-13  5.8004E-05
 5.6329E+25  5.5643E-05  9.9994E-01  7.0451E+03  8.1828E-05  8.0941E-13  3.4557E-13  5.7638E-05
 5.6422E+25  5.6037E-05  9.9994E-01  7.0451E+03  8.1828E-05  8.0362E-13  3.4557E-13  5.7273E-05
 5.6514E+25  5.5660E-05  9.9994E-01  7.0450E+03  8.1828E-05  8.0837E-13  3.4557E-13  5.6907E-05
 5.6607E+25  5.5980E-05  9.9994E-01  7.0450E+03  8.1828E-05  8.0453E-13  3.4558E-13  5.6542E-05
 5.6699E+25  5.6377E-05  9.9994E-01  7.0449E+03  8.1828E-05  7.9890E-13  3.4558E-13  5.6178E-05
 5.6792E+25  5.6795E-05  9.9994E-01  7.0448E+03  8.1828E-05  7.9301E-13  3.4558E-13  5.5816E-05
 5.6884E+25  5.7204E-05  9.9994E-01  7.0448E+03  8.1828E-05  7.8731E-13  3.4558E-13  5.5454E-05
 5.6977E+25  5.6917E-05  9.9994E-01  7.0447E+03  8.1828E-05  7.9048E-13  3.4558E-13  5.5094E-05
 5.7070E+25  5.7139E-05  9.9994E-01  7.0447E+03  8.1828E-05  7.8826E-13  3.4559E-13  5.4738E-05
 5.7162E+25  5.7544E-05  9.9994E-01  7.0446E+03  8.1828E-05  7.8269E-13  3.4559E-13  5.4384E-05
 5.7255E+25  5.7963E-05  9.9994E-01  7.0446E+03  8.1828E-05  7.7706E-13  3.4559E-13  5.4031E-05
 5.7347E+25  5.8380E-05  9.9994E-01  7.0445E+03  8.1828E-05  7.7150E-13  3.4559E-13  5.3691E-05
 5.7440E+25  5.8228E-05  9.9994E-01  7.0445E+03  8.1828E-05  7.7267E-13  3.4559E-13  5.3361E-05
 5.7532E+25  5.8312E-05  9.9994E-01  7.0444E+03  8.1828E-05  7.7243E-13  3.4560E-13  5.3032E-05
 5.7625E+25  5.8732E-05  9.9994E-01  7.0444E+03  8.1828E-05  7.6688E-13  3.4560E-13  5.2705E-05
 5.7718E+25  5.9142E-05  9.9994E-01  7.0443E+03  8.1828E-05  7.6160E-13  3.4560E-13  5.2376E-05
 5.7810E+25  5.9571E-05  9.9994E-01  7.0443E+03  8.1828E-05  7.5610E-13  3.4560E-13  5.2048E-05
 5.7903E+25  5.9594E-05  9.9994E-01  7.0442E+03  8.1828E-05  7.5496E-13  3.4560E-13  5.1721E-05
 5.7995E+25  5.9500E-05  9.9994E-01  7.0442E+03  8.1828E-05  7.5703E-13  3.4561E-13  5.1396E-05
 5.8088E+25  5.9930E-05  9.9994E-01  7.0441E+03  8.1828E-05  7.5159E-13  3.4561E-13  5.1071E-05
 5.8180E+25  6.0346E-05  9.9994E-01  7.0441E+03  8.1828E-05  7.4639E-13  3.4561E-13  5.0747E-05
 5.8273E+25  6.0777E-05  9.9994E-01  7.0440E+03  8.1828E-05  7.4113E-13  3.4561E-13  5.0426E-05
 5.8366E+25  6.1005E-05  9.9994E-01  7.0440E+03  8.1828E-05  7.3753E-13  3.4561E-13  5.0107E-05
 5.8458E+25  6.0712E-05  9.9994E-01  7.0439E+03  8.1828E-05  7.4191E-13  3.4562E-13  4.9790E-05
 5.8551E+25  6.1142E-05  9.9994E-01  7.0439E+03  8.1828E-05  7.3671E-13  3.4562E-13  4.9478E-05
 5.8643E+25  6.1576E-05  9.9994E-01  7.0438E+03  8.1828E-05  7.3150E-13  3.4562E-13  4.9180E-05
 5.8736E+25  6.1994E-05  9.9994E-01  7.0438E+03  8.1828E-05  7.2660E-13  3.4562E-13  4.8884E-05
 5.8828E+25  6.2418E-05  9.9994E-01  7.0437E+03  8.1828E-05  7.2146E-13  3.4562E-13  4.8590E-05
 5.8921E+25  6.1994E-05  9.9994E-01  7.0437E+03  8.1828E-05  7.2599E-13  3.4563E-13  4.8296E-05
 5.9014E+25  6.2371E-05  9.9994E-01  7.0436E+03  8.1828E-05  7.2221E-13  3.4563E-13  4.8001E-05
 5.9106E+25  6.2812E-05  9.9994E-01  7.0436E+03  8.1828E-05  7.1714E-13  3.4563E-13  4.7708E-05
 5.9199E+25  6.3243E-05  9.9994E-01  7.0435E+03  8.1828E-05  7.1224E-13  3.4563E-13  4.7415E-05
 5.9291E+25  6.3679E-05  9.9994E-01  7.0435E+03  8.1828E-05  7.0739E-13  3.4563E-13  4.7124E-05
 5.9384E+25  6.3487E-05  9.9994E-01  7.0434E+03  8.1828E-05  7.0875E-13  3.4564E-13  4.6832E-05
 5.9476E+25  6.3629E-05  9.9994E-01  7.0434E+03  8.1828E-05  7.0793E-13  3.4564E-13  4.6542E-05
 5.9569E+25  6.4065E-05  9.9994E-01  7.0433E+03  8.1828E-05  7.0314E-13  3.4564E-13  4.6255E-05
 5.9662E+25  6.4512E-05  9.9994E-01  7.0433E+03  8.1828E-05  6.9827E-13  3.4564E-13  4.5969E-05
 5.9754E+25  6.4941E-05  9.9994E-01  7.0433E+03  8.1828E-05  6.9364E-13  3.4564E-13  4.5684E-05
 5.9847E+25  6.5043E-05  9.9993E-01  7.0432E+03  8.1828E-05  6.9181E-13  3.4564E-13  4.5407E-05
 5.9939E+25  6.4908E-05  9.9994E-01  7.0432E+03  8.1828E-05  6.9401E-13  3.4565E-13  4.5140E-05
 6.0032E+25  6.5341E-05  9.9993E-01  7.0431E+03  8.1828E-05  6.8940E-13  3.4565E-13  4.4875E-05
 6.0124E+25  6.5789E-05  9.9993E-01  7.0431E+03  8.1828E-05  6.8473E-13  3.4565E-13  4.4612E-05
 6.0217E+25  6.6239E-05  9.9993E-01  7.0430E+03  8.1828E-05  6.8005E-13  3.4565E-13  4.4348E-05
 6.0310E+25  6.6634E-05  9.9993E-01  7.0430E+03  8.1828E-05  6.7563E-13  3.4565E-13  4.4084E-05
 6.0402E+25  6.6213E-05  9.9993E-01  7.0430E+03  8.1828E-05  6.8005E-13  3.4565E-13  4.3821E-05
 6.0495E+25  6.6648E-05  9.9993E-01  7.0429E+03  8.1828E-05  6.7591E-13  3.4566E-13  4.3559E-05
 6.0587E+25  6.7087E-05  9.9993E-01  7.0429E+03  8.1828E-05  6.7149E-13  3.4566E-13  4.3297E-05
 6.0680E+25  6.7545E-05  9.9993E-01  7.0428E+03  8.1828E-05  6.6695E-13  3.4566E-13  4.3036E-05
 6.0772E+25  6.7995E-05  9.9993E-01  7.0428E+03  8.1828E-05  6.6251E-13  3.4566E-13  4.2776E-05
 6.0865E+25  6.7827E-05  9.9993E-01  7.0427E+03  8.1828E-05  6.6347E-13  3.4566E-13  4.2518E-05
 6.0958E+25  6.7970E-05  9.9993E-01  7.0427E+03  8.1828E-05  6.6277E-13  3.4567E-13  4.2261E-05
 6.1050E+25  6.8419E-05  9.9993E-01  7.0426E+03  8.1828E-05  6.5842E-13  3.4567E-13  4.2004E-05
 6.1143E+25  6.8867E-05  9.9993E-01  7.0426E+03  8.1828E-05  6.5416E-13  3.4567E-13  4.1754E-05
 6.1235E+25  6.9332E-05  9.9993E-01  7.0425E+03  8.1828E-05  6.4977E-13  3.4567E-13  4.1514E-05
 6.1328E+25  6.9537E-05  9.9993E-01  7.0425E+03  8.1828E-05  6.4714E-13  3.4567E-13  4.1276E-05
 6.1420E+25  6.9312E-05  9.9993E-01  7.0425E+03  8.1828E-05  6.4997E-13  3.4567E-13  4.1040E-05
 6.1513E+25  6.9768E-05  9.9993E-01  7.0424E+03  8.1828E-05  6.4571E-13  3.4568E-13  4.0804E-05
 6.1606E+25  7.0224E-05  9.9993E-01  7.0424E+03  8.1828E-05  6.4151E-13  3.4568E-13  4.0567E-05
 6.1698E+25  7.0681E-05  9.9993E-01  7.0423E+03  8.1828E-05  6.3738E-13  3.4568E-13  4.0331E-05
 6.1791E+25  7.1150E-05  9.9993E-01  7.0423E+03  8.1828E-05  6.3316E-13  3.4568E-13  4.0095E-05
 6.1883E+25  7.0829E-05  9.9993E-01  7.0423E+03  8.1828E-05  6.3539E-13  3.4568E-13  3.9861E-05
 6.1976E+25  7.1140E-05  9.9993E-01  7.0422E+03  8.1828E-05  6.3328E-13  3.4568E-13  3.9626E-05
 6.2068E+25  7.1602E-05  9.9993E-01  7.0422E+03  8.1828E-05  6.2919E-13  3.4569E-13  3.9392E-05
 6.2161E+25  7.2063E-05  9.9993E-01  7.0421E+03  8.1828E-05  6.2515E-13  3.4569E-13  3.9160E-05
 6.2254E+25  7.2530E-05  9.9993E-01  7.0421E+03  8.1828E-05  6.2116E-13  3.4569E-13  3.8929E-05
 6.2346E+25  7.2657E-05  9.9993E-01  7.0420E+03  8.1828E-05  6.1940E-13  3.4569E-13  3.8699E-05
 6.2439E+25  7.2526E-05  9.9993E-01  7.0420E+03  8.1828E-05  6.2118E-13  3.4569E-13  3.8470E-05
 6.2531E+25  7.3003E-05  9.9993E-01  7.0420E+03  8.1828E-05  6.1713E-13  3.4569E-13  3.8251E-05
 6.2624E+25  7.3471E-05  9.9993E-01  7.0419E+03  8.1828E-05  6.1320E-13  3.4570E-13  3.8037E-05
 6.2716E+25  7.3939E-05  9.9993E-01  7.0419E+03  8.1828E-05  6.0931E-13  3.4570E-13  3.7823E-05
 6.2809E+25  7.4405E-05  9.9993E-01  7.0418E+03  8.1828E-05  6.0545E-13  3.4570E-13  3.7613E-05
 6.2902E+25  7.4073E-05  9.9993E-01  7.0418E+03  8.1828E-05  6.0764E-13  3.4570E-13  3.7401E-05
 6.2994E+25  7.4418E-05  9.9993E-01  7.0418E+03  8.1828E-05  6.0541E-13  3.4570E-13  3.7189E-05
 6.3087E+25  7.4902E-05  9.9993E-01  7.0417E+03  8.1828E-05  6.0150E-13  3.4570E-13  3.6977E-05
 6.3179E+25  7.5377E-05  9.9992E-01  7.0417E+03  8.1828E-05  5.9772E-13  3.4570E-13  3.6766E-05
 6.3272E+25  7.5851E-05  9.9992E-01  7.0417E+03  8.1828E-05  5.9397E-13  3.4571E-13  3.6556E-05
 6.3364E+25  7.5986E-05  9.9992E-01  7.0416E+03  8.1828E-05  5.9231E-13  3.4571E-13  3.6347E-05
 6.3457E+25  7.5881E-05  9.9992E-01  7.0416E+03  8.1828E-05  5.9374E-13  3.4571E-13  3.6137E-05
 6.3550E+25  7.6347E-05  9.9992E-01  7.0415E+03  8.1828E-05  5.9013E-13  3.4571E-13  3.5929E-05
 6.3642E+25  7.6838E-05  9.9992E-01  7.0415E+03  8.1828E-05  5.8635E-13  3.4571E-13  3.5722E-05
 6.3735E+25  7.7319E-05  9.9992E-01  7.0414E+03  8.1828E-05  5.8271E-13  3.4571E-13  3.5515E-05
 6.3827E+25  7.7796E-05  9.9992E-01  7.0414E+03  8.1828E-05  5.7910E-13  3.4572E-13  3.5310E-05
 6.3920E+25  7.7520E-05  9.9992E-01  7.0414E+03  8.1828E-05  5.8063E-13  3.4572E-13  3.5114E-05
 6.4012E+25  7.7841E-05  9.9992E-01  7.0413E+03  8.1828E-05  5.7880E-13  3.4572E-13  3.4921E-05
 6.4105E+25  7.8315E-05  9.9992E-01  7.0413E+03  8.1828E-05  5.7532E-13  3.4572E-13  3.4731E-05
 6.4198E+25  7.8813E-05  9.9992E-01  7.0413E+03  8.1828E-05  5.7168E-13  3.4572E-13  3.4542E-05
 6.4290E+25  7.9300E-05  9.9992E-01  7.0412E+03  8.1828E-05  5.6817E-13  3.4572E-13  3.4352E-05
 6.4383E+25  7.9554E-05  9.9992E-01  7.0412E+03  8.1828E-05  5.6576E-13  3.4572E-13  3.4162E-05
 6.4475E+25  7.9346E-05  9.9992E-01  7.0412E+03  8.1828E-05  5.6784E-13  3.4573E-13  3.3973E-05
 6.4568E+25  7.9841E-05  9.9992E-01  7.0411E+03  8.1828E-05  5.6431E-13  3.4573E-13  3.3784E-05
 6.4660E+25  8.0322E-05  9.9992E-01  7.0411E+03  8.1828E-05  5.6096E-13  3.4573E-13  3.3596E-05
 6.4753E+25  8.0827E-05  9.9992E-01  7.0410E+03  8.1828E-05  5.5745E-13  3.4573E-13  3.3408E-05
 6.4846E+25  8.1319E-05  9.9992E-01  7.0410E+03  8.1828E-05  5.5407E-13  3.4573E-13  3.3220E-05
 6.4938E+25  8.1213E-05  9.9992E-01  7.0410E+03  8.1828E-05  5.5422E-13  3.4573E-13  3.3033E-05
 6.5031E+25  8.1380E-05  9.9992E-01  7.0409E+03  8.1828E-05  5.5367E-13  3.4574E-13  3.2847E-05
 6.5123E+25  8.1882E-05  9.9992E-01  7.0409E+03  8.1828E-05  5.5027E-13  3.4574E-13  3.2662E-05
 6.5216E+25  8.2369E-05  9.9992E-01  7.0408E+03  8.1828E-05  5.4702E-13  3.4574E-13  3.2476E-05
 6.5308E+25  8.2881E-05  9.9992E-01  7.0408E+03  8.1828E-05  5.4365E-13  3.4574E-13  3.2297E-05
 6.5401E+25  8.3338E-05  9.9992E-01  7.0408E+03  8.1828E-05  5.4039E-13  3.4574E-13  3.2124E-05
 6.5494E+25  8.2981E-05  9.9992E-01  7.0407E+03  8.1828E-05  5.4271E-13  3.4574E-13  3.1952E-05
 6.5586E+25  8.3456E-05  9.9992E-01  7.0407E+03  8.1828E-05  5.3990E-13  3.4574E-13  3.1783E-05
 6.5679E+25  8.3964E-05  9.9992E-01  7.0406E+03  8.1828E-05  5.3664E-13  3.4575E-13  3.1614E-05
 6.5771E+25  8.4458E-05  9.9992E-01  7.0406E+03  8.1828E-05  5.3350E-13  3.4575E-13  3.1444E-05
 6.5864E+25  8.4976E-05  9.9992E-01  7.0406E+03  8.1828E-05  5.3026E-13  3.4575E-13  3.1274E-05
 6.5956E+25  8.5140E-05  9.9991E-01  7.0406E+03  8.1828E-05  5.2870E-13  3.4575E-13  3.1105E-05
 6.6049E+25  8.5077E-05  9.9991E-01  7.0405E+03  8.1828E-05  5.2962E-13  3.4575E-13  3.0936E-05
 6.6142E+25  8.5576E-05  9.9991E-01  7.0405E+03  8.1828E-05  5.2654E-13  3.4575E-13  3.0767E-05
 6.6234E+25  8.6089E-05  9.9991E-01  7.0404E+03  8.1828E-05  5.2341E-13  3.4575E-13  3.0599E-05
 6.6327E+25  8.6592E-05  9.9991E-01  7.0404E+03  8.1828E-05  5.2037E-13  3.4576E-13  3.0431E-05
 6.6419E+25  8.7112E-05  9.9991E-01  7.0404E+03  8.1828E-05  5.1726E-13  3.4576E-13  3.0264E-05
 6.6512E+25  8.6997E-05  9.9991E-01  7.0403E+03  8.1828E-05  5.1744E-13  3.4576E-13  3.0097E-05
 6.6604E+25  8.7235E-05  9.9991E-01  7.0403E+03  8.1828E-05  5.1653E-13  3.4576E-13  2.9931E-05
 6.6697E+25  8.7740E-05  9.9991E-01  7.0403E+03  8.1828E-05  5.1356E-13  3.4576E-13  2.9765E-05
 6.6789E+25  8.8257E-05  9.9991E-01  7.0402E+03  8.1828E-05  5.1056E-13  3.4576E-13  2.9606E-05
 6.6882E+25  8.8770E-05  9.9991E-01  7.0402E+03  8.1828E-05  5.0760E-13  3.4577E-13  2.9452E-05
 6.6975E+25  8.9264E-05  9.9991E-01  7.0401E+03  8.1828E-05  5.0465E-13  3.4577E-13  2.9297E-05
 6.7067E+25  8.8954E-05  9.9991E-01  7.0401E+03  8.1828E-05  5.0623E-13  3.4577E-13  2.9147E-05
 6.7160E+25  8.9436E-05  9.9991E-01  7.0401E+03  8.1828E-05  5.0385E-13  3.4577E-13  2.8995E-05
 6.7252E+25  8.9952E-05  9.9991E-01  7.0400E+03  8.1828E-05  5.0094E-13  3.4577E-13  2.8843E-05
 6.7345E+25  9.0471E-05  9.9991E-01  7.0400E+03  8.1828E-05  4.9808E-13  3.4577E-13  2.8691E-05
 6.7437E+25  9.0995E-05  9.9991E-01  7.0400E+03  8.1828E-05  4.9520E-13  3.4577E-13  2.8539E-05
 6.7530E+25  9.1286E-05  9.9991E-01  7.0399E+03  8.1828E-05  4.9316E-13  3.4577E-13  2.8388E-05
 6.7623E+25  9.1159E-05  9.9991E-01  7.0399E+03  8.1828E-05  4.9432E-13  3.4578E-13  2.8237E-05
 6.7715E+25  9.1681E-05  9.9991E-01  7.0399E+03  8.1828E-05  4.9152E-13  3.4578E-13  2.8087E-05
 6.7808E+25  9.2212E-05  9.9991E-01  7.0398E+03  8.1828E-05  4.8867E-13  3.4578E-13  2.7936E-05
 6.7900E+25  9.2733E-05  9.9991E-01  7.0398E+03  8.1828E-05  4.8594E-13  3.4578E-13  2.7786E-05
 6.7993E+25  9.3266E-05  9.9991E-01  7.0397E+03  8.1828E-05  4.8316E-13  3.4578E-13  2.7637E-05
 6.8085E+25  9.3345E-05  9.9991E-01  7.0397E+03  8.1828E-05  4.8230E-13  3.4578E-13  2.7488E-05
 6.8178E+25  9.3449E-05  9.9991E-01  7.0397E+03  8.1828E-05  4.8223E-13  3.4578E-13  2.7339E-05
 6.8271E+25  9.3978E-05  9.9991E-01  7.0396E+03  8.1828E-05  4.7951E-13  3.4579E-13  2.7195E-05
 6.8363E+25  9.4519E-05  9.9991E-01  7.0396E+03  8.1828E-05  4.7676E-13  3.4579E-13  2.7056E-05
 6.8456E+25  9.5046E-05  9.9990E-01  7.0396E+03  8.1828E-05  4.7412E-13  3.4579E-13  2.6917E-05
 6.8548E+25  9.5581E-05  9.9990E-01  7.0395E+03  8.1828E-05  4.7146E-13  3.4579E-13  2.6782E-05
 6.8641E+25  9.5485E-05  9.9990E-01  7.0395E+03  8.1828E-05  4.7151E-13  3.4579E-13  2.6647E-05
 6.8733E+25  9.5785E-05  9.9990E-01  7.0395E+03  8.1828E-05  4.7047E-13  3.4579E-13  2.6510E-05
 6.8826E+25  9.6327E-05  9.9990E-01  7.0394E+03  8.1828E-05  4.6782E-13  3.4580E-13  2.6374E-05
 6.8919E+25  9.6871E-05  9.9990E-01  7.0394E+03  8.1828E-05  4.6521E-13  3.4580E-13  2.6239E-05
 6.9011E+25  9.7411E-05  9.9990E-01  7.0393E+03  8.1828E-05  4.6261E-13  3.4580E-13  2.6103E-05
 6.9104E+25  9.7933E-05  9.9990E-01  7.0393E+03  8.1828E-05  4.6009E-13  3.4580E-13  2.5968E-05
 6.9196E+25  9.7714E-05  9.9990E-01  7.0393E+03  8.1828E-05  4.6083E-13  3.4580E-13  2.5833E-05
 6.9289E+25  9.8172E-05  9.9990E-01  7.0392E+03  8.1828E-05  4.5905E-13  3.4580E-13  2.5698E-05
 6.9381E+25  9.8726E-05  9.9990E-01  7.0392E+03  8.1828E-05  4.5647E-13  3.4580E-13  2.5564E-05
 6.9474E+25  9.9272E-05  9.9990E-01  7.0392E+03  8.1828E-05  4.5396E-13  3.4581E-13  2.5430E-05
 6.9567E+25  9.9826E-05  9.9990E-01  7.0391E+03  8.1828E-05  4.5144E-13  3.4581E-13  2.5296E-05
 6.9659E+25  1.0029E-04  9.9990E-01  7.0391E+03  8.1828E-05  4.4900E-13  3.4581E-13  2.5163E-05
 6.9752E+25  1.0007E-04  9.9990E-01  7.0391E+03  8.1828E-05  4.5028E-13  3.4581E-13  2.5030E-05
 6.9844E+25  1.0061E-04  9.9990E-01  7.0390E+03  8.1828E-05  4.4792E-13  3.4581E-13  2.4903E-05
 6.9937E+25  1.0117E-04  9.9990E-01  7.0390E+03  8.1828E-05  4.4544E-13  3.4581E-13  2.4779E-05
 7.0029E+25  1.0173E-04  9.9990E-01  7.0389E+03  8.1828E-05  4.4300E-13  3.4581E-13  2.4655E-05
 7.0122E+25  1.0229E-04  9.9990E-01  7.0389E+03  8.1828E-05  4.4058E-13  3.4582E-13  2.4534E-05
 7.0215E+25  1.0264E-04  9.9990E-01  7.0389E+03  8.1828E-05  4.3867E-13  3.4582E-13  2.4413E-05
 7.0307E+25  1.0256E-04  9.9990E-01  7.0389E+03  8.1828E-05  4.3941E-13  3.4582E-13  2.4291E-05
 7.0400E+25  1.0311E-04  9.9990E-01  7.0388E+03  8.1828E-05  4.3706E-13  3.4582E-13  2.4170E-05
 7.0492E+25  1.0367E-04  9.9990E-01  7.0388E+03  8.1828E-05  4.3471E-13  3.4582E-13  2.4048E-05
 7.0585E+25  1.0424E-04  9.9990E-01  7.0387E+03  8.1828E-05  4.3235E-13  3.4582E-13  2.3927E-05
 7.0677E+25  1.0480E-04  9.9990E-01  7.0387E+03  8.1828E-05  4.3002E-13  3.4582E-13  2.3806E-05
 7.0770E+25  1.0507E-04  9.9989E-01  7.0387E+03  8.1828E-05  4.2855E-13  3.4582E-13  2.3686E-05
 7.0863E+25  1.0511E-04  9.9989E-01  7.0387E+03  8.1828E-05  4.2876E-13  3.4583E-13  2.3565E-05
 7.0955E+25  1.0567E-04  9.9989E-01  7.0386E+03  8.1828E-05  4.2649E-13  3.4583E-13  2.3445E-05
 7.1048E+25  1.0623E-04  9.9989E-01  7.0385E+03  8.1828E-05  4.2426E-13  3.4583E-13  2.3325E-05
 7.1140E+25  1.0680E-04  9.9989E-01  7.0385E+03  8.1828E-05  4.2198E-13  3.4583E-13  2.3205E-05
 7.1233E+25  1.0738E-04  9.9989E-01  7.0385E+03  8.1828E-05  4.1973E-13  3.4583E-13  2.3086E-05
 7.1325E+25  1.0758E-04  9.9989E-01  7.0385E+03  8.1828E-05  4.1859E-13  3.4583E-13  2.2967E-05
 7.1418E+25  1.0772E-04  9.9989E-01  7.0384E+03  8.1828E-05  4.1838E-13  3.4583E-13  2.2852E-05
 7.1511E+25  1.0828E-04  9.9989E-01  7.0384E+03  8.1828E-05  4.1622E-13  3.4584E-13  2.2740E-05
 7.1603E+25  1.0885E-04  9.9989E-01  7.0383E+03  8.1828E-05  4.1405E-13  3.4584E-13  2.2629E-05
 7.1696E+25  1.0942E-04  9.9989E-01  7.0383E+03  8.1828E-05  4.1189E-13  3.4584E-13  2.2521E-05
 7.1788E+25  1.1000E-04  9.9989E-01  7.0383E+03  8.1828E-05  4.0972E-13  3.4584E-13  2.2413E-05
 7.1881E+25  1.1016E-04  9.9989E-01  7.0382E+03  8.1828E-05  4.0881E-13  3.4584E-13  2.2304E-05
 7.1973E+25  1.1039E-04  9.9989E-01  7.0382E+03  8.1828E-05  4.0828E-13  3.4584E-13  2.2195E-05
 7.2066E+25  1.1096E-04  9.9989E-01  7.0382E+03  8.1828E-05  4.0619E-13  3.4584E-13  2.2087E-05
 7.2159E+25  1.1153E-04  9.9989E-01  7.0381E+03  8.1828E-05  4.0411E-13  3.4585E-13  2.1978E-05
 7.2251E+25  1.1210E-04  9.9989E-01  7.0381E+03  8.1828E-05  4.0205E-13  3.4585E-13  2.1870E-05
 7.2344E+25  1.1269E-04  9.9989E-01  7.0380E+03  8.1828E-05  3.9996E-13  3.4585E-13  2.1763E-05
 7.2436E+25  1.1282E-04  9.9989E-01  7.0380E+03  8.1828E-05  3.9919E-13  3.4585E-13  2.1655E-05
 7.2529E+25  1.1311E-04  9.9989E-01  7.0380E+03  8.1828E-05  3.9846E-13  3.4585E-13  2.1547E-05
 7.2621E+25  1.1369E-04  9.9989E-01  7.0379E+03  8.1828E-05  3.9642E-13  3.4585E-13  2.1439E-05
 7.2714E+25  1.1427E-04  9.9989E-01  7.0379E+03  8.1828E-05  3.9444E-13  3.4586E-13  2.1332E-05
 7.2807E+25  1.1485E-04  9.9989E-01  7.0379E+03  8.1828E-05  3.9245E-13  3.4586E-13  2.1225E-05
 7.2899E+25  1.1543E-04  9.9988E-01  7.0378E+03  8.1828E-05  3.9046E-13  3.4586E-13  2.1118E-05
 7.2992E+25  1.1556E-04  9.9988E-01  7.0378E+03  8.1828E-05  3.8976E-13  3.4586E-13  2.1012E-05
 7.3084E+25  1.1590E-04  9.9988E-01  7.0378E+03  8.1828E-05  3.8890E-13  3.4586E-13  2.0911E-05
 7.3177E+25  1.1649E-04  9.9988E-01  7.0377E+03  8.1828E-05  3.8693E-13  3.4586E-13  2.0811E-05
 7.3269E+25  1.1707E-04  9.9988E-01  7.0377E+03  8.1828E-05  3.8499E-13  3.4586E-13  2.0712E-05
 7.3362E+25  1.1765E-04  9.9988E-01  7.0376E+03  8.1828E-05  3.8310E-13  3.4587E-13  2.0616E-05
 7.3455E+25  1.1824E-04  9.9988E-01  7.0376E+03  8.1828E-05  3.8119E-13  3.4587E-13  2.0519E-05
 7.3547E+25  1.1837E-04  9.9988E-01  7.0376E+03  8.1828E-05  3.8050E-13  3.4587E-13  2.0422E-05
 7.3640E+25  1.1874E-04  9.9988E-01  7.0375E+03  8.1828E-05  3.7961E-13  3.4587E-13  2.0325E-05
 7.3732E+25  1.1934E-04  9.9988E-01  7.0375E+03  8.1828E-05  3.7768E-13  3.4587E-13  2.0228E-05
 7.3825E+25  1.1994E-04  9.9988E-01  7.0374E+03  8.1828E-05  3.7581E-13  3.4587E-13  2.0131E-05
 7.3917E+25  1.2053E-04  9.9988E-01  7.0374E+03  8.1828E-05  3.7397E-13  3.4588E-13  2.0035E-05
 7.4010E+25  1.2111E-04  9.9988E-01  7.0374E+03  8.1828E-05  3.7215E-13  3.4588E-13  1.9938E-05
 7.4103E+25  1.2127E-04  9.9988E-01  7.0374E+03  8.1828E-05  3.7143E-13  3.4588E-13  1.9842E-05
 7.4195E+25  1.2165E-04  9.9988E-01  7.0373E+03  8.1828E-05  3.7054E-13  3.4588E-13  1.9745E-05
 7.4288E+25  1.2225E-04  9.9988E-01  7.0373E+03  8.1828E-05  3.6870E-13  3.4588E-13  1.9649E-05
 7.4380E+25  1.2287E-04  9.9988E-01  7.0372E+03  8.1828E-05  3.6686E-13  3.4588E-13  1.9553E-05
 7.4473E+25  1.2347E-04  9.9988E-01  7.0372E+03  8.1828E-05  3.6508E-13  3.4588E-13  1.9458E-05
 7.4565E+25  1.2406E-04  9.9988E-01  7.0371E+03  8.1828E-05  3.6333E-13  3.4589E-13  1.9362E-05
 7.4658E+25  1.2425E-04  9.9988E-01  7.0371E+03  8.1828E-05  3.6253E-13  3.4589E-13  1.9267E-05
 7.4751E+25  1.2462E-04  9.9988E-01  7.0371E+03  8.1828E-05  3.6170E-13  3.4589E-13  1.9175E-05
 7.4843E+25  1.2523E-04  9.9987E-01  7.0370E+03  8.1828E-05  3.5994E-13  3.4589E-13  1.9086E-05
 7.4936E+25  1.2585E-04  9.9987E-01  7.0370E+03  8.1828E-05  3.5817E-13  3.4589E-13  1.8997E-05
 7.5028E+25  1.2647E-04  9.9987E-01  7.0369E+03  8.1828E-05  3.5642E-13  3.4589E-13  1.8911E-05
 7.5121E+25  1.2707E-04  9.9987E-01  7.0369E+03  8.1828E-05  3.5472E-13  3.4589E-13  1.8825E-05
 7.5213E+25  1.2731E-04  9.9987E-01  7.0369E+03  8.1828E-05  3.5384E-13  3.4589E-13  1.8738E-05
 7.5306E+25  1.2767E-04  9.9987E-01  7.0369E+03  8.1828E-05  3.5307E-13  3.4590E-13  1.8651E-05
 7.5399E+25  1.2828E-04  9.9987E-01  7.0368E+03  8.1828E-05  3.5139E-13  3.4590E-13  1.8564E-05
 7.5491E+25  1.2890E-04  9.9987E-01  7.0367E+03  8.1828E-05  3.4971E-13  3.4590E-13  1.8478E-05
 7.5584E+25  1.2953E-04  9.9987E-01  7.0367E+03  8.1828E-05  3.4801E-13  3.4590E-13  1.8392E-05
 7.5676E+25  1.3015E-04  9.9987E-01  7.0367E+03  8.1828E-05  3.4634E-13  3.4590E-13  1.8306E-05
 7.5769E+25  1.3046E-04  9.9987E-01  7.0367E+03  8.1828E-05  3.4533E-13  3.4590E-13  1.8220E-05
 7.5861E+25  1.3079E-04  9.9987E-01  7.0366E+03  8.1828E-05  3.4466E-13  3.4591E-13  1.8133E-05
 7.5954E+25  1.3140E-04  9.9987E-01  7.0366E+03  8.1828E-05  3.4305E-13  3.4591E-13  1.8047E-05
 7.6047E+25  1.3202E-04  9.9987E-01  7.0365E+03  8.1828E-05  3.4144E-13  3.4591E-13  1.7961E-05
 7.6139E+25  1.3265E-04  9.9987E-01  7.0365E+03  8.1828E-05  3.3983E-13  3.4591E-13  1.7876E-05
 7.6232E+25  1.3329E-04  9.9987E-01  7.0364E+03  8.1828E-05  3.3821E-13  3.4591E-13  1.7790E-05
 7.6324E+25  1.3368E-04  9.9987E-01  7.0364E+03  8.1828E-05  3.3703E-13  3.4591E-13  1.7704E-05
 7.6417E+25  1.3398E-04  9.9987E-01  7.0364E+03  8.1828E-05  3.3644E-13  3.4592E-13  1.7620E-05
 7.6509E+25  1.3460E-04  9.9987E-01  7.0363E+03  8.1828E-05  3.3491E-13  3.4592E-13  1.7540E-05
 7.6602E+25  1.3522E-04  9.9986E-01  7.0363E+03  8.1828E-05  3.3337E-13  3.4592E-13  1.7460E-05
 7.6695E+25  1.3585E-04  9.9986E-01  7.0362E+03  8.1828E-05  3.3184E-13  3.4592E-13  1.7380E-05
 7.6787E+25  1.3649E-04  9.9986E-01  7.0362E+03  8.1828E-05  3.3029E-13  3.4592E-13  1.7303E-05
 7.6880E+25  1.3696E-04  9.9986E-01  7.0362E+03  8.1828E-05  3.2898E-13  3.4592E-13  1.7227E-05
 7.6972E+25  1.3725E-04  9.9986E-01  7.0361E+03  8.1828E-05  3.2843E-13  3.4593E-13  1.7149E-05
 7.7065E+25  1.3787E-04  9.9986E-01  7.0361E+03  8.1828E-05  3.2697E-13  3.4593E-13  1.7072E-05
 7.7157E+25  1.3849E-04  9.9986E-01  7.0360E+03  8.1828E-05  3.2551E-13  3.4593E-13  1.6994E-05
 7.7250E+25  1.3912E-04  9.9986E-01  7.0360E+03  8.1828E-05  3.2403E-13  3.4593E-13  1.6917E-05
 7.7343E+25  1.3976E-04  9.9986E-01  7.0359E+03  8.1828E-05  3.2257E-13  3.4593E-13  1.6840E-05
 7.7435E+25  1.4031E-04  9.9986E-01  7.0359E+03  8.1828E-05  3.2115E-13  3.4593E-13  1.6763E-05
 7.7528E+25  1.4059E-04  9.9986E-01  7.0359E+03  8.1828E-05  3.2066E-13  3.4594E-13  1.6686E-05
 7.7620E+25  1.4122E-04  9.9986E-01  7.0358E+03  8.1828E-05  3.1922E-13  3.4594E-13  1.6609E-05
 7.7713E+25  1.4184E-04  9.9986E-01  7.0358E+03  8.1828E-05  3.1782E-13  3.4594E-13  1.6532E-05
 7.7805E+25  1.4247E-04  9.9986E-01  7.0357E+03  8.1828E-05  3.1642E-13  3.4594E-13  1.6456E-05
 7.7898E+25  1.4311E-04  9.9986E-01  7.0357E+03  8.1828E-05  3.1501E-13  3.4594E-13  1.6379E-05
 7.7991E+25  1.4371E-04  9.9986E-01  7.0357E+03  8.1828E-05  3.1362E-13  3.4594E-13  1.6302E-05
 7.8083E+25  1.4399E-04  9.9986E-01  7.0356E+03  8.1828E-05  3.1303E-13  3.4595E-13  1.6226E-05
 7.8176E+25  1.4463E-04  9.9986E-01  7.0356E+03  8.1828E-05  3.1170E-13  3.4595E-13  1.6150E-05
 7.8268E+25  1.4527E-04  9.9985E-01  7.0355E+03  8.1828E-05  3.1032E-13  3.4595E-13  1.6077E-05
 7.8361E+25  1.4590E-04  9.9985E-01  7.0355E+03  8.1828E-05  3.0899E-13  3.4595E-13  1.6006E-05
 7.8453E+25  1.4654E-04  9.9985E-01  7.0354E+03  8.1828E-05  3.0766E-13  3.4595E-13  1.5935E-05
 7.8546E+25  1.4717E-04  9.9985E-01  7.0354E+03  8.1828E-05  3.0630E-13  3.4595E-13  1.5866E-05
 7.8638E+25  1.4749E-04  9.9985E-01  7.0354E+03  8.1828E-05  3.0557E-13  3.4596E-13  1.5797E-05
 7.8731E+25  1.4811E-04  9.9985E-01  7.0353E+03  8.1828E-05  3.0439E-13  3.4596E-13  1.5728E-05
 7.8824E+25  1.4877E-04  9.9985E-01  7.0352E+03  8.1828E-05  3.0305E-13  3.4596E-13  1.5659E-05
 7.8916E+25  1.4941E-04  9.9985E-01  7.0352E+03  8.1828E-05  3.0173E-13  3.4596E-13  1.5590E-05
 7.9009E+25  1.5005E-04  9.9985E-01  7.0351E+03  8.1828E-05  3.0046E-13  3.4596E-13  1.5521E-05
 7.9101E+25  1.5068E-04  9.9985E-01  7.0351E+03  8.1828E-05  2.9919E-13  3.4597E-13  1.5452E-05
 7.9194E+25  1.5110E-04  9.9985E-01  7.0351E+03  8.1828E-05  2.9827E-13  3.4597E-13  1.5383E-05
 7.9286E+25  1.5166E-04  9.9985E-01  7.0350E+03  8.1828E-05  2.9729E-13  3.4597E-13  1.5315E-05
 7.9379E+25  1.5233E-04  9.9985E-01  7.0350E+03  8.1828E-05  2.9598E-13  3.4597E-13  1.5246E-05
 7.9472E+25  1.5299E-04  9.9985E-01  7.0349E+03  8.1828E-05  2.9470E-13  3.4597E-13  1.5177E-05
 7.9564E+25  1.5364E-04  9.9985E-01  7.0349E+03  8.1828E-05  2.9345E-13  3.4598E-13  1.5108E-05
 7.9657E+25  1.5428E-04  9.9985E-01  7.0348E+03  8.1828E-05  2.9223E-13  3.4598E-13  1.5040E-05
 7.9749E+25  1.5478E-04  9.9985E-01  7.0348E+03  8.1828E-05  2.9121E-13  3.4598E-13  1.4972E-05
 7.9842E+25  1.5530E-04  9.9984E-01  7.0348E+03  8.1828E-05  2.9031E-13  3.4598E-13  1.4903E-05
 7.9934E+25  1.5595E-04  9.9984E-01  7.0347E+03  8.1828E-05  2.8911E-13  3.4598E-13  1.4835E-05
 8.0027E+25  1.5663E-04  9.9984E-01  7.0346E+03  8.1828E-05  2.8786E-13  3.4598E-13  1.4768E-05
 8.0120E+25  1.5729E-04  9.9984E-01  7.0346E+03  8.1828E-05  2.8664E-13  3.4599E-13  1.4703E-05
 8.0212E+25  1.5795E-04  9.9984E-01  7.0346E+03  8.1828E-05  2.8545E-13  3.4599E-13  1.4639E-05
 8.0305E+25  1.5852E-04  9.9984E-01  7.0345E+03  8.1828E-05  2.8435E-13  3.4599E-13  1.4576E-05
 8.0397E+25  1.5901E-04  9.9984E-01  7.0345E+03  8.1828E-05  2.8354E-13  3.4599E-13  1.4515E-05
 8.0490E+25  1.5967E-04  9.9984E-01  7.0344E+03  8.1828E-05  2.8237E-13  3.4599E-13  1.4453E-05
 8.0582E+25  1.6033E-04  9.9984E-01  7.0344E+03  8.1828E-05  2.8122E-13  3.4600E-13  1.4392E-05
 8.0675E+25  1.6101E-04  9.9984E-01  7.0343E+03  8.1828E-05  2.8003E-13  3.4600E-13  1.4330E-05
 8.0768E+25  1.6169E-04  9.9984E-01  7.0343E+03  8.1828E-05  2.7886E-13  3.4600E-13  1.4269E-05
 8.0860E+25  1.6233E-04  9.9984E-01  7.0342E+03  8.1828E-05  2.7773E-13  3.4600E-13  1.4207E-05
 8.0953E+25  1.6282E-04  9.9984E-01  7.0342E+03  8.1828E-05  2.7689E-13  3.4600E-13  1.4146E-05
 8.1045E+25  1.6347E-04  9.9984E-01  7.0342E+03  8.1828E-05  2.7581E-13  3.4600E-13  1.4084E-05
 8.1138E+25  1.6414E-04  9.9984E-01  7.0341E+03  8.1828E-05  2.7470E-13  3.4601E-13  1.4023E-05
 8.1230E+25  1.6480E-04  9.9984E-01  7.0340E+03  8.1828E-05  2.7361E-13  3.4601E-13  1.3962E-05
 8.1323E+25  1.6548E-04  9.9983E-01  7.0340E+03  8.1828E-05  2.7248E-13  3.4601E-13  1.3900E-05
 8.1416E+25  1.6616E-04  9.9983E-01  7.0339E+03  8.1828E-05  2.7135E-13  3.4601E-13  1.3839E-05
 8.1508E+25  1.6673E-04  9.9983E-01  7.0339E+03  8.1828E-05  2.7040E-13  3.4601E-13  1.3778E-05
 8.1601E+25  1.6736E-04  9.9983E-01  7.0339E+03  8.1828E-05  2.6941E-13  3.4602E-13  1.3716E-05
 8.1693E+25  1.6802E-04  9.9983E-01  7.0338E+03  8.1828E-05  2.6835E-13  3.4602E-13  1.3655E-05
 8.1786E+25  1.6868E-04  9.9983E-01  7.0337E+03  8.1828E-05  2.6731E-13  3.4602E-13  1.3594E-05
 8.1878E+25  1.6935E-04  9.9983E-01  7.0337E+03  8.1828E-05  2.6627E-13  3.4602E-13  1.3534E-05
 8.1971E+25  1.7004E-04  9.9983E-01  7.0336E+03  8.1828E-05  2.6519E-13  3.4603E-13  1.3476E-05
 8.2064E+25  1.7069E-04  9.9983E-01  7.0336E+03  8.1828E-05  2.6415E-13  3.4603E-13  1.3418E-05
 8.2156E+25  1.7132E-04  9.9983E-01  7.0336E+03  8.1828E-05  2.6319E-13  3.4603E-13  1.3361E-05
 8.2249E+25  1.7199E-04  9.9983E-01  7.0335E+03  8.1828E-05  2.6217E-13  3.4603E-13  1.3306E-05
 8.2341E+25  1.7265E-04  9.9983E-01  7.0334E+03  8.1828E-05  2.6116E-13  3.4603E-13  1.3252E-05
 8.2434E+25  1.7331E-04  9.9983E-01  7.0334E+03  8.1828E-05  2.6018E-13  3.4604E-13  1.3197E-05
 8.2526E+25  1.7398E-04  9.9983E-01  7.0333E+03  8.1828E-05  2.5918E-13  3.4604E-13  1.3142E-05
 8.2619E+25  1.7467E-04  9.9983E-01  7.0333E+03  8.1828E-05  2.5816E-13  3.4604E-13  1.3087E-05
 8.2712E+25  1.7536E-04  9.9982E-01  7.0332E+03  8.1828E-05  2.5714E-13  3.4604E-13  1.3032E-05
 8.2804E+25  1.7603E-04  9.9982E-01  7.0332E+03  8.1828E-05  2.5616E-13  3.4604E-13  1.2977E-05
 8.2897E+25  1.7670E-04  9.9982E-01  7.0331E+03  8.1828E-05  2.5519E-13  3.4605E-13  1.2922E-05
 8.2989E+25  1.7737E-04  9.9982E-01  7.0331E+03  8.1828E-05  2.5423E-13  3.4605E-13  1.2868E-05
 8.3082E+25  1.7803E-04  9.9982E-01  7.0330E+03  8.1828E-05  2.5329E-13  3.4605E-13  1.2813E-05
 8.3174E+25  1.7870E-04  9.9982E-01  7.0330E+03  8.1828E-05  2.5235E-13  3.4605E-13  1.2758E-05
 8.3267E+25  1.7944E-04  9.9982E-01  7.0329E+03  8.1828E-05  2.5132E-13  3.4605E-13  1.2703E-05
 8.3360E+25  1.8015E-04  9.9982E-01  7.0329E+03  8.1828E-05  2.5032E-13  3.4606E-13  1.2649E-05
 8.3452E+25  1.8082E-04  9.9982E-01  7.0328E+03  8.1828E-05  2.4938E-13  3.4606E-13  1.2594E-05
 8.3545E+25  1.8149E-04  9.9982E-01  7.0327E+03  8.1828E-05  2.4847E-13  3.4606E-13  1.2539E-05
 8.3637E+25  1.8217E-04  9.9982E-01  7.0327E+03  8.1828E-05  2.4755E-13  3.4606E-13  1.2485E-05
 8.3730E+25  1.8283E-04  9.9982E-01  7.0326E+03  8.1828E-05  2.4665E-13  3.4606E-13  1.2430E-05
 8.3822E+25  1.8356E-04  9.9982E-01  7.0326E+03  8.1828E-05  2.4570E-13  3.4607E-13  1.2376E-05
 8.3915E+25  1.8431E-04  9.9982E-01  7.0325E+03  8.1828E-05  2.4468E-13  3.4607E-13  1.2325E-05
 8.4008E+25  1.8501E-04  9.9981E-01  7.0325E+03  8.1828E-05  2.4376E-13  3.4607E-13  1.2273E-05
 8.4100E+25  1.8570E-04  9.9981E-01  7.0324E+03  8.1828E-05  2.4285E-13  3.4607E-13  1.2222E-05
 8.4193E+25  1.8636E-04  9.9981E-01  7.0323E+03  8.1828E-05  2.4198E-13  3.4608E-13  1.2173E-05
 8.4285E+25  1.8704E-04  9.9981E-01  7.0323E+03  8.1828E-05  2.4111E-13  3.4608E-13  1.2125E-05
 8.4378E+25  1.8774E-04  9.9981E-01  7.0323E+03  8.1828E-05  2.4024E-13  3.4608E-13  1.2076E-05
 8.4470E+25  1.8856E-04  9.9981E-01  7.0322E+03  8.1828E-05  2.3917E-13  3.4608E-13  1.2027E-05
 8.4563E+25  1.8924E-04  9.9981E-01  7.0322E+03  8.1828E-05  2.3831E-13  3.4608E-13  1.1978E-05
 8.4656E+25  1.8995E-04  9.9981E-01  7.0321E+03  8.1828E-05  2.3743E-13  3.4609E-13  1.1929E-05
 8.4748E+25  1.9064E-04  9.9981E-01  7.0320E+03  8.1828E-05  2.3656E-13  3.4609E-13  1.1880E-05
 8.4841E+25  1.9131E-04  9.9981E-01  7.0320E+03  8.1828E-05  2.3573E-13  3.4609E-13  1.1831E-05
 8.4933E+25  1.9199E-04  9.9981E-01  7.0319E+03  8.1828E-05  2.3490E-13  3.4609E-13  1.1782E-05
 8.5026E+25  1.9286E-04  9.9981E-01  7.0319E+03  8.1828E-05  2.3389E-13  3.4609E-13  1.1734E-05
 8.5118E+25  1.9358E-04  9.9981E-01  7.0318E+03  8.1828E-05  2.3296E-13  3.4610E-13  1.1685E-05
 8.5211E+25  1.9425E-04  9.9981E-01  7.0317E+03  8.1828E-05  2.3217E-13  3.4610E-13  1.1636E-05
 8.5304E+25  1.9496E-04  9.9981E-01  7.0317E+03  8.1828E-05  2.3133E-13  3.4610E-13  1.1587E-05
 8.5396E+25  1.9566E-04  9.9980E-01  7.0316E+03  8.1828E-05  2.3050E-13  3.4611E-13  1.1538E-05
 8.5489E+25  1.9634E-04  9.9980E-01  7.0316E+03  8.1828E-05  2.2970E-13  3.4611E-13  1.1489E-05
 8.5581E+25  1.9713E-04  9.9980E-01  7.0315E+03  8.1828E-05  2.2886E-13  3.4611E-13  1.1441E-05
 8.5674E+25  1.9801E-04  9.9980E-01  7.0315E+03  8.1828E-05  2.2776E-13  3.4611E-13  1.1392E-05
 8.5766E+25  1.9868E-04  9.9980E-01  7.0314E+03  8.1828E-05  2.2699E-13  3.4611E-13  1.1343E-05
 8.5859E+25  1.9934E-04  9.9980E-01  7.0313E+03  8.1828E-05  2.2625E-13  3.4612E-13  1.1296E-05
 8.5952E+25  2.0004E-04  9.9980E-01  7.0313E+03  8.1828E-05  2.2546E-13  3.4612E-13  1.1251E-05
 8.6044E+25  2.0075E-04  9.9980E-01  7.0312E+03  8.1828E-05  2.2467E-13  3.4612E-13  1.1205E-05
 8.6137E+25  2.0146E-04  9.9980E-01  7.0311E+03  8.1828E-05  2.2390E-13  3.4612E-13  1.1160E-05
 8.6229E+25  2.0244E-04  9.9980E-01  7.0311E+03  8.1828E-05  2.2285E-13  3.4613E-13  1.1116E-05
 8.6322E+25  2.0318E-04  9.9980E-01  7.0310E+03  8.1828E-05  2.2198E-13  3.4613E-13  1.1073E-05
 8.6414E+25  2.0385E-04  9.9980E-01  7.0310E+03  8.1828E-05  2.2125E-13  3.4613E-13  1.1029E-05
 8.6507E+25  2.0451E-04  9.9980E-01  7.0309E+03  8.1828E-05  2.2053E-13  3.4613E-13  1.0986E-05
 8.6600E+25  2.0519E-04  9.9979E-01  7.0308E+03  8.1828E-05  2.1982E-13  3.4614E-13  1.0942E-05
 8.6692E+25  2.0590E-04  9.9979E-01  7.0308E+03  8.1828E-05  2.1906E-13  3.4614E-13  1.0899E-05
 8.6785E+25  2.0681E-04  9.9979E-01  7.0307E+03  8.1828E-05  2.1819E-13  3.4614E-13  1.0855E-05
 8.6877E+25  2.0772E-04  9.9979E-01  7.0307E+03  8.1828E-05  2.1713E-13  3.4614E-13  1.0811E-05
 8.6970E+25  2.0840E-04  9.9979E-01  7.0306E+03  8.1828E-05  2.1643E-13  3.4615E-13  1.0768E-05
 8.7062E+25  2.0908E-04  9.9979E-01  7.0305E+03  8.1828E-05  2.1572E-13  3.4615E-13  1.0725E-05
 8.7155E+25  2.0975E-04  9.9979E-01  7.0305E+03  8.1828E-05  2.1504E-13  3.4615E-13  1.0681E-05
 8.7248E+25  2.1041E-04  9.9979E-01  7.0304E+03  8.1828E-05  2.1437E-13  3.4615E-13  1.0637E-05
 8.7340E+25  2.1115E-04  9.9979E-01  7.0303E+03  8.1828E-05  2.1367E-13  3.4616E-13  1.0594E-05
 8.7433E+25  2.1230E-04  9.9979E-01  7.0303E+03  8.1828E-05  2.1254E-13  3.4616E-13  1.0550E-05
 8.7525E+25  2.1302E-04  9.9979E-01  7.0302E+03  8.1828E-05  2.1174E-13  3.4616E-13  1.0507E-05
 8.7618E+25  2.1368E-04  9.9979E-01  7.0301E+03  8.1828E-05  2.1109E-13  3.4616E-13  1.0463E-05
 8.7710E+25  2.1437E-04  9.9979E-01  7.0301E+03  8.1828E-05  2.1041E-13  3.4617E-13  1.0420E-05
 8.7803E+25  2.1504E-04  9.9978E-01  7.0300E+03  8.1828E-05  2.0976E-13  3.4617E-13  1.0376E-05
 8.7896E+25  2.1570E-04  9.9978E-01  7.0300E+03  8.1828E-05  2.0911E-13  3.4617E-13  1.0334E-05
 8.7988E+25  2.1666E-04  9.9978E-01  7.0299E+03  8.1828E-05  2.0832E-13  3.4617E-13  1.0293E-05
 8.8081E+25  2.1768E-04  9.9978E-01  7.0298E+03  8.1828E-05  2.0722E-13  3.4618E-13  1.0252E-05
 8.8173E+25  2.1838E-04  9.9978E-01  7.0298E+03  8.1828E-05  2.0656E-13  3.4618E-13  1.0212E-05
 8.8266E+25  2.1903E-04  9.9978E-01  7.0297E+03  8.1828E-05  2.0594E-13  3.4618E-13  1.0173E-05
 8.8358E+25  2.1971E-04  9.9978E-01  7.0296E+03  8.1828E-05  2.0531E-13  3.4618E-13  1.0135E-05
 8.8451E+25  2.2039E-04  9.9978E-01  7.0296E+03  8.1828E-05  2.0468E-13  3.4619E-13  1.0096E-05
 8.8544E+25  2.2110E-04  9.9978E-01  7.0295E+03  8.1828E-05  2.0406E-13  3.4619E-13  1.0057E-05
 8.8636E+25  2.2229E-04  9.9978E-01  7.0295E+03  8.1828E-05  2.0302E-13  3.4619E-13  1.0018E-05
 8.8729E+25  2.2307E-04  9.9978E-01  7.0294E+03  8.1828E-05  2.0223E-13  3.4619E-13  9.9791E-06
 8.8821E+25  2.2377E-04  9.9978E-01  7.0293E+03  8.1828E-05  2.0159E-13  3.4620E-13  9.9403E-06
 8.8914E+25  2.2444E-04  9.9978E-01  7.0292E+03  8.1828E-05  2.0098E-13  3.4620E-13  9.9015E-06
 8.9006E+25  2.2510E-04  9.9977E-01  7.0292E+03  8.1828E-05  2.0041E-13  3.4620E-13  9.8627E-06
 8.9099E+25  2.2579E-04  9.9977E-01  7.0291E+03  8.1828E-05  1.9980E-13  3.4621E-13  9.8240E-06
 8.9192E+25  2.2671E-04  9.9977E-01  7.0290E+03  8.1828E-05  1.9913E-13  3.4621E-13  9.7852E-06
 8.9284E+25  2.2785E-04  9.9977E-01  7.0290E+03  8.1828E-05  1.9798E-13  3.4621E-13  9.7463E-06
 8.9377E+25  2.2851E-04  9.9977E-01  7.0289E+03  8.1828E-05  1.9742E-13  3.4621E-13  9.7073E-06
 8.9469E+25  2.2920E-04  9.9977E-01  7.0288E+03  8.1828E-05  1.9683E-13  3.4622E-13  9.6685E-06
 8.9562E+25  2.2989E-04  9.9977E-01  7.0287E+03  8.1828E-05  1.9623E-13  3.4622E-13  9.6296E-06
 8.9654E+25  2.3054E-04  9.9977E-01  7.0287E+03  8.1828E-05  1.9568E-13  3.4622E-13  9.5908E-06
 8.9747E+25  2.3124E-04  9.9977E-01  7.0286E+03  8.1828E-05  1.9512E-13  3.4622E-13  9.5520E-06
 8.9840E+25  2.3247E-04  9.9977E-01  7.0286E+03  8.1828E-05  1.9420E-13  3.4623E-13  9.5131E-06
 8.9932E+25  2.3336E-04  9.9977E-01  7.0285E+03  8.1828E-05  1.9332E-13  3.4623E-13  9.4747E-06
 9.0025E+25  2.3401E-04  9.9977E-01  7.0284E+03  8.1828E-05  1.9278E-13  3.4623E-13  9.4378E-06
 9.0117E+25  2.3467E-04  9.9977E-01  7.0283E+03  8.1828E-05  1.9225E-13  3.4624E-13  9.4012E-06
 9.0210E+25  2.3536E-04  9.9976E-01  7.0283E+03  8.1828E-05  1.9169E-13  3.4624E-13  9.3645E-06
 9.0302E+25  2.3604E-04  9.9976E-01  7.0282E+03  8.1828E-05  1.9113E-13  3.4624E-13  9.3287E-06
 9.0395E+25  2.3681E-04  9.9976E-01  7.0281E+03  8.1828E-05  1.9062E-13  3.4624E-13  9.2946E-06
 9.0487E+25  2.3821E-04  9.9976E-01  7.0281E+03  8.1828E-05  1.8946E-13  3.4625E-13  9.2602E-06
 9.0580E+25  2.3889E-04  9.9976E-01  7.0280E+03  8.1828E-05  1.8885E-13  3.4625E-13  9.2256E-06
 9.0673E+25  2.3955E-04  9.9976E-01  7.0279E+03  8.1828E-05  1.8834E-13  3.4625E-13  9.1909E-06
 9.0765E+25  2.4019E-04  9.9976E-01  7.0278E+03  8.1828E-05  1.8783E-13  3.4626E-13  9.1563E-06
 9.0858E+25  2.4086E-04  9.9976E-01  7.0278E+03  8.1828E-05  1.8732E-13  3.4626E-13  9.1216E-06
 9.0950E+25  2.4156E-04  9.9976E-01  7.0277E+03  8.1828E-05  1.8679E-13  3.4626E-13  9.0871E-06
 9.1043E+25  2.4260E-04  9.9976E-01  7.0276E+03  8.1828E-05  1.8615E-13  3.4626E-13  9.0525E-06
 9.1135E+25  2.4380E-04  9.9976E-01  7.0276E+03  8.1828E-05  1.8506E-13  3.4627E-13  9.0180E-06
 9.1228E+25  2.4446E-04  9.9976E-01  7.0275E+03  8.1828E-05  1.8456E-13  3.4627E-13  8.9835E-06
 9.1321E+25  2.4511E-04  9.9975E-01  7.0274E+03  8.1828E-05  1.8408E-13  3.4627E-13  8.9489E-06
 9.1413E+25  2.4576E-04  9.9975E-01  7.0273E+03  8.1828E-05  1.8359E-13  3.4628E-13  8.9142E-06
 9.1506E+25  2.4640E-04  9.9975E-01  7.0273E+03  8.1828E-05  1.8312E-13  3.4628E-13  8.8795E-06
 9.1598E+25  2.4710E-04  9.9975E-01  7.0272E+03  8.1828E-05  1.8263E-13  3.4628E-13  8.8448E-06
 9.1691E+25  2.4844E-04  9.9975E-01  7.0271E+03  8.1828E-05  1.8178E-13  3.4628E-13  8.8102E-06
 9.1783E+25  2.4938E-04  9.9975E-01  7.0271E+03  8.1828E-05  1.8093E-13  3.4629E-13  8.7755E-06
 9.1876E+25  2.5004E-04  9.9975E-01  7.0270E+03  8.1828E-05  1.8046E-13  3.4629E-13  8.7409E-06
 9.1969E+25  2.5068E-04  9.9975E-01  7.0269E+03  8.1828E-05  1.7999E-13  3.4629E-13  8.7063E-06
 9.2061E+25  2.5133E-04  9.9975E-01  7.0268E+03  8.1828E-05  1.7953E-13  3.4630E-13  8.6718E-06
 9.2154E+25  2.5198E-04  9.9975E-01  7.0268E+03  8.1828E-05  1.7907E-13  3.4630E-13  8.6385E-06
 9.2246E+25  2.5271E-04  9.9975E-01  7.0267E+03  8.1828E-05  1.7863E-13  3.4630E-13  8.6056E-06
 9.2339E+25  2.5423E-04  9.9975E-01  7.0266E+03  8.1828E-05  1.7763E-13  3.4630E-13  8.5729E-06
 9.2431E+25  2.5500E-04  9.9975E-01  7.0265E+03  8.1828E-05  1.7695E-13  3.4631E-13  8.5405E-06
 9.2524E+25  2.5562E-04  9.9974E-01  7.0265E+03  8.1828E-05  1.7652E-13  3.4631E-13  8.5097E-06
