 4.6285E+22  3.2747E-11  1.0000E+00  1.1656E+04  8.1828E-05  1.0464E-06  2.2789E-13  1.0000E+00
 1.3886E+23  2.2917E-10  1.0000E+00  1.1660E+04  8.1828E-05  1.4948E-07  2.2783E-13  1.0000E+00
 2.3143E+23  6.2156E-10  1.0000E+00  1.1672E+04  8.1828E-05  5.5072E-08  2.2763E-13  1.0000E+00
 3.2400E+23  1.2084E-09  1.0000E+00  1.1699E+04  8.1828E-05  2.8280E-08  2.2718E-13  1.0000E+00
 4.1657E+23  1.9862E-09  1.0000E+00  1.1748E+04  8.1828E-05  1.7154E-08  2.2638E-13  1.0000E+00
 5.0914E+23  2.9490E-09  1.0000E+00  1.1827E+04  8.1828E-05  1.1498E-08  2.2511E-13  1.0000E+00
 6.0171E+23  4.0842E-09  1.0000E+00  1.1949E+04  8.1828E-05  8.2407E-09  2.2316E-13  1.0000E+00
 6.9428E+23  5.3794E-09  1.0000E+00  1.2124E+04  8.1828E-05  6.1910E-09  2.2042E-13  1.0000E+00
 7.8685E+23  6.8005E-09  1.0000E+00  1.2382E+04  8.1828E-05  4.8233E-09  2.1652E-13  1.0000E+00
 8.7942E+23  8.3200E-09  1.0000E+00  1.2740E+04  8.1828E-05  3.8616E-09  2.1132E-13  1.0000E+00
 9.7199E+23  9.9179E-09  1.0000E+00  1.3175E+04  8.1828E-05  3.1615E-09  2.0536E-13  1.0000E+00
 1.0646E+24  1.1616E-08  1.0000E+00  1.3612E+04  8.1828E-05  2.6359E-09  1.9970E-13  1.0000E+00
 1.1571E+24  1.3492E-08  1.0000E+00  1.3930E+04  8.1828E-05  2.2315E-09  1.9579E-13  1.0000E+00
 1.2497E+24  1.5602E-08  1.0000E+00  1.4101E+04  8.1828E-05  1.9126E-09  1.9375E-13  1.0000E+00
 1.3423E+24  1.7902E-08  1.0000E+00  1.4195E+04  8.1828E-05  1.6587E-09  1.9264E-13  1.0000E+00
 1.4348E+24  2.0357E-08  1.0000E+00  1.4295E+04  8.1828E-05  1.4512E-09  1.9147E-13  9.9999E-01
 1.5274E+24  2.2942E-08  1.0000E+00  1.4396E+04  8.1828E-05  1.2811E-09  1.9033E-13  9.9999E-01
 1.6200E+24  2.5690E-08  1.0000E+00  1.4489E+04  8.1828E-05  1.1387E-09  1.8927E-13  9.9999E-01
 1.7126E+24  2.8576E-08  1.0000E+00  1.4580E+04  8.1828E-05  1.0190E-09  1.8825E-13  9.9999E-01
 1.8051E+24  3.1615E-08  1.0000E+00  1.4662E+04  8.1828E-05  9.1725E-10  1.8734E-13  9.9999E-01
 1.8977E+24  3.4798E-08  1.0000E+00  1.4741E+04  8.1828E-05  8.3007E-10  1.8647E-13  9.9999E-01
 1.9903E+24  3.8141E-08  1.0000E+00  1.4818E+04  8.1828E-05  7.5444E-10  1.8564E-13  9.9999E-01
 2.0828E+24  4.1616E-08  1.0000E+00  1.4892E+04  8.1828E-05  6.8891E-10  1.8484E-13  9.9999E-01
 2.1754E+24  4.5215E-08  1.0000E+00  1.4965E+04  8.1828E-05  6.3181E-10  1.8407E-13  9.9999E-01
 2.2680E+24  4.8988E-08  1.0000E+00  1.5035E+04  8.1828E-05  5.8116E-10  1.8332E-13  9.9999E-01
 2.3605E+24  5.2901E-08  1.0000E+00  1.5103E+04  8.1828E-05  5.3638E-10  1.8260E-13  9.9999E-01
 2.4531E+24  5.6943E-08  1.0000E+00  1.5167E+04  8.1828E-05  4.9677E-10  1.8194E-13  9.9999E-01
 2.5457E+24  6.1121E-08  1.0000E+00  1.5231E+04  8.1828E-05  4.6136E-10  1.8127E-13  9.9998E-01
 2.6383E+24  6.5471E-08  1.0000E+00  1.5295E+04  8.1828E-05  4.2940E-10  1.8062E-13  9.9998E-01
 2.7308E+24  6.9941E-08  1.0000E+00  1.5354E+04  8.1828E-05  4.0082E-10  1.8002E-13  9.9998E-01
 2.8234E+24  7.4522E-08  1.0000E+00  1.5414E+04  8.1828E-05  3.7509E-10  1.7941E-13  9.9998E-01
 2.9160E+24  7.9274E-08  1.0000E+00  1.5471E+04  8.1828E-05  3.5166E-10  1.7884E-13  9.9998E-01
 3.0085E+24  8.4219E-08  1.0000E+00  1.5526E+04  8.1828E-05  3.3015E-10  1.7829E-13  9.9998E-01
 3.1011E+24  8.9247E-08  1.0000E+00  1.5582E+04  8.1828E-05  3.1072E-10  1.7773E-13  9.9998E-01
 3.1937E+24  9.4352E-08  1.0000E+00  1.5635E+04  8.1828E-05  2.9317E-10  1.7721E-13  9.9998E-01
 3.2862E+24  9.9688E-08  1.0000E+00  1.5687E+04  8.1828E-05  2.7680E-10  1.7670E-13  9.9997E-01
 3.3788E+24  1.0509E-07  1.0000E+00  1.5738E+04  8.1828E-05  2.6195E-10  1.7621E-13  9.9997E-01
 3.4714E+24  1.1063E-07  1.0000E+00  1.5787E+04  8.1828E-05  2.4826E-10  1.7572E-13  9.9997E-01
 3.5640E+24  1.1638E-07  1.0000E+00  1.5836E+04  8.1828E-05  2.3546E-10  1.7525E-13  9.9997E-01
 3.6565E+24  1.2235E-07  1.0000E+00  1.5882E+04  8.1828E-05  2.2349E-10  1.7481E-13  9.9997E-01
 3.7491E+24  1.2819E-07  1.0000E+00  1.5929E+04  8.1828E-05  2.1283E-10  1.7436E-13  9.9997E-01
 3.8417E+24  1.3437E-07  1.0000E+00  1.5975E+04  8.1828E-05  2.0261E-10  1.7392E-13  9.9997E-01
 3.9342E+24  1.4065E-07  1.0000E+00  1.6019E+04  8.1828E-05  1.9319E-10  1.7351E-13  9.9996E-01
 4.0268E+24  1.4707E-07  1.0000E+00  1.6064E+04  8.1828E-05  1.8437E-10  1.7309E-13  9.9996E-01
 4.1194E+24  1.5348E-07  1.0000E+00  1.6106E+04  8.1828E-05  1.7633E-10  1.7270E-13  9.9996E-01
 4.2120E+24  1.6035E-07  1.0000E+00  1.6147E+04  8.1828E-05  1.6845E-10  1.7231E-13  9.9996E-01
 4.3045E+24  1.6706E-07  1.0000E+00  1.6188E+04  8.1828E-05  1.6139E-10  1.7193E-13  9.9996E-01
 4.3971E+24  1.7386E-07  1.0000E+00  1.6229E+04  8.1828E-05  1.5479E-10  1.7156E-13  9.9996E-01
 4.4897E+24  1.8102E-07  1.0000E+00  1.6268E+04  8.1828E-05  1.4840E-10  1.7120E-13  9.9995E-01
 4.5822E+24  1.8828E-07  1.0000E+00  1.6307E+04  8.1828E-05  1.4243E-10  1.7084E-13  9.9995E-01
 4.6748E+24  1.9564E-07  1.0000E+00  1.6345E+04  8.1828E-05  1.3683E-10  1.7049E-13  9.9995E-01
 4.7674E+24  2.0311E-07  1.0000E+00  1.6382E+04  8.1828E-05  1.3158E-10  1.7016E-13  9.9995E-01
 4.8599E+24  2.1069E-07  1.0000E+00  1.6419E+04  8.1828E-05  1.2663E-10  1.6982E-13  9.9995E-01
 4.9525E+24  2.1840E-07  1.0000E+00  1.6455E+04  8.1828E-05  1.2196E-10  1.6950E-13  9.9994E-01
 5.0451E+24  2.2626E-07  1.0000E+00  1.6490E+04  8.1828E-05  1.1754E-10  1.6919E-13  9.9994E-01
 5.1377E+24  2.3426E-07  1.0000E+00  1.6525E+04  8.1828E-05  1.1335E-10  1.6888E-13  9.9994E-01
 5.2302E+24  2.4244E-07  1.0000E+00  1.6559E+04  8.1828E-05  1.0936E-10  1.6857E-13  9.9994E-01
 5.3228E+24  2.5080E-07  1.0000E+00  1.6593E+04  8.1828E-05  1.0555E-10  1.6827E-13  9.9994E-01
 5.4154E+24  2.5937E-07  1.0000E+00  1.6626E+04  8.1828E-05  1.0192E-10  1.6798E-13  9.9993E-01
 5.5079E+24  2.6762E-07  1.0000E+00  1.6659E+04  8.1828E-05  9.8631E-11  1.6769E-13  9.9993E-01
 5.6005E+24  2.7609E-07  1.0000E+00  1.6691E+04  8.1828E-05  9.5469E-11  1.6741E-13  9.9993E-01
 5.6931E+24  2.8519E-07  1.0000E+00  1.6723E+04  8.1828E-05  9.2293E-11  1.6713E-13  9.9993E-01
 5.7856E+24  2.9457E-07  1.0000E+00  1.6754E+04  8.1828E-05  8.9232E-11  1.6686E-13  9.9992E-01
 5.8782E+24  3.0265E-07  1.0000E+00  1.6784E+04  8.1828E-05  8.6732E-11  1.6659E-13  9.9992E-01
 5.9708E+24  3.1238E-07  1.0000E+00  1.6814E+04  8.1828E-05  8.3920E-11  1.6633E-13  9.9992E-01
 6.0634E+24  3.2204E-07  1.0000E+00  1.6844E+04  8.1828E-05  8.1297E-11  1.6608E-13  9.9992E-01
 6.1559E+24  3.3068E-07  1.0000E+00  1.6873E+04  8.1828E-05  7.9071E-11  1.6583E-13  9.9991E-01
 6.2485E+24  3.4131E-07  1.0000E+00  1.6901E+04  8.1828E-05  7.6513E-11  1.6559E-13  9.9991E-01
 6.3411E+24  3.4992E-07  1.0000E+00  1.6930E+04  8.1828E-05  7.4537E-11  1.6534E-13  9.9991E-01
 6.4336E+24  3.6077E-07  1.0000E+00  1.6958E+04  8.1828E-05  7.2207E-11  1.6511E-13  9.9991E-01
 6.5262E+24  3.6986E-07  1.0000E+00  1.6985E+04  8.1828E-05  7.0347E-11  1.6487E-13  9.9990E-01
 6.6188E+24  3.8098E-07  1.0000E+00  1.7012E+04  8.1828E-05  6.8213E-11  1.6464E-13  9.9990E-01
 6.7113E+24  3.9007E-07  1.0000E+00  1.7039E+04  8.1828E-05  6.6546E-11  1.6441E-13  9.9990E-01
 6.8039E+24  4.0189E-07  1.0000E+00  1.7066E+04  8.1828E-05  6.4515E-11  1.6419E-13  9.9990E-01
 6.8965E+24  4.1075E-07  1.0000E+00  1.7092E+04  8.1828E-05  6.3051E-11  1.6397E-13  9.9989E-01
 6.9891E+24  4.2247E-07  1.0000E+00  1.7118E+04  8.1828E-05  6.1234E-11  1.6375E-13  9.9989E-01
 7.0816E+24  4.3311E-07  1.0000E+00  1.7143E+04  8.1828E-05  5.9664E-11  1.6354E-13  9.9989E-01
 7.1742E+24  4.4336E-07  1.0000E+00  1.7168E+04  8.1828E-05  5.8220E-11  1.6333E-13  9.9989E-01
 7.2668E+24  4.5549E-07  1.0000E+00  1.7193E+04  8.1828E-05  5.6610E-11  1.6313E-13  9.9988E-01
 7.3593E+24  4.6586E-07  1.0000E+00  1.7218E+04  8.1828E-05  5.5291E-11  1.6292E-13  9.9988E-01
 7.4519E+24  4.7685E-07  1.0000E+00  1.7242E+04  8.1828E-05  5.3959E-11  1.6272E-13  9.9988E-01
 7.5445E+24  4.8917E-07  1.0000E+00  1.7266E+04  8.1828E-05  5.2547E-11  1.6252E-13  9.9987E-01
 7.6371E+24  5.0077E-07  1.0000E+00  1.7290E+04  8.1828E-05  5.1278E-11  1.6233E-13  9.9987E-01
 7.7296E+24  5.1112E-07  1.0000E+00  1.7313E+04  8.1828E-05  5.0188E-11  1.6214E-13  9.9986E-01
 7.8222E+24  5.2362E-07  1.0000E+00  1.7336E+04  8.1828E-05  4.8942E-11  1.6195E-13  9.9985E-01
 7.9148E+24  5.3620E-07  1.0000E+00  1.7359E+04  8.1828E-05  4.7746E-11  1.6176E-13  9.9984E-01
 8.0073E+24  5.4840E-07  1.0000E+00  1.7382E+04  8.1828E-05  4.6639E-11  1.6157E-13  9.9981E-01
 8.0999E+24  5.5903E-07  1.0000E+00  1.7404E+04  8.1828E-05  4.5709E-11  1.6139E-13  9.9976E-01
 8.1925E+24  5.7181E-07  1.0000E+00  1.7426E+04  8.1828E-05  4.4645E-11  1.6122E-13  9.9967E-01
 8.2850E+24  5.8471E-07  1.0000E+00  1.7447E+04  8.1828E-05  4.3621E-11  1.6105E-13  9.9948E-01
 8.3776E+24  5.9769E-07  1.0000E+00  1.7467E+04  8.1828E-05  4.2636E-11  1.6088E-13  9.9915E-01
 8.4702E+24  6.1077E-07  1.0000E+00  1.7486E+04  8.1828E-05  4.1688E-11  1.6073E-13  9.9852E-01
 8.5628E+24  6.2292E-07  1.0000E+00  1.7502E+04  8.1828E-05  4.0842E-11  1.6060E-13  9.9739E-01
 8.6553E+24  6.3532E-07  1.0000E+00  1.7514E+04  8.1828E-05  4.0019E-11  1.6051E-13  9.9536E-01
 8.7479E+24  6.4886E-07  1.0000E+00  1.7520E+04  8.1828E-05  3.9163E-11  1.6046E-13  9.9178E-01
 8.8405E+24  6.6270E-07  1.0000E+00  1.7514E+04  8.1828E-05  3.8335E-11  1.6051E-13  9.8559E-01
 8.9330E+24  6.7694E-07  1.0000E+00  1.7490E+04  8.1828E-05  3.7536E-11  1.6071E-13  9.7511E-01
 9.0256E+24  6.9183E-07  1.0000E+00  1.7437E+04  8.1828E-05  3.6763E-11  1.6116E-13  9.5784E-01
 9.1182E+24  7.0772E-07  1.0000E+00  1.7337E+04  8.1828E-05  3.6013E-11  1.6199E-13  9.3036E-01
 9.2107E+24  7.2508E-07  1.0000E+00  1.7171E+04  8.1828E-05  3.5287E-11  1.6339E-13  8.8868E-01
 9.3033E+24  7.4462E-07  1.0000E+00  1.6914E+04  8.1828E-05  3.4584E-11  1.6560E-13  8.2941E-01
 9.3959E+24  7.6740E-07  1.0000E+00  1.6549E+04  8.1828E-05  3.3895E-11  1.6883E-13  7.5185E-01
 9.4885E+24  7.9405E-07  1.0000E+00  1.6074E+04  8.1828E-05  3.3227E-11  1.7323E-13  6.6006E-01
 9.5810E+24  8.2417E-07  1.0000E+00  1.5506E+04  8.1828E-05  3.2614E-11  1.7876E-13  5.6260E-01
 9.6736E+24  8.5873E-07  1.0000E+00  1.4885E+04  8.1828E-05  3.2013E-11  1.8523E-13  4.6937E-01
 9.7662E+24  8.9762E-07  1.0000E+00  1.4253E+04  8.1828E-05  3.1402E-11  1.9231E-13  3.8761E-01
 9.8587E+24  9.3923E-07  1.0000E+00  1.3645E+04  8.1828E-05  3.0806E-11  1.9964E-13  3.2018E-01
 9.9513E+24  9.8262E-07  1.0000E+00  1.3083E+04  8.1828E-05  3.0223E-11  2.0694E-13  2.6652E-01
 1.0044E+25  1.0270E-06  1.0000E+00  1.2575E+04  8.1828E-05  2.9653E-11  2.1403E-13  2.2441E-01
 1.0136E+25  1.0718E-06  1.0000E+00  1.2120E+04  8.1828E-05  2.9095E-11  2.2080E-13  1.9134E-01
 1.0229E+25  1.1159E-06  1.0000E+00  1.1717E+04  8.1828E-05  2.8568E-11  2.2719E-13  1.6512E-01
 1.0322E+25  1.1567E-06  1.0000E+00  1.1359E+04  8.1828E-05  2.8131E-11  2.3320E-13  1.4407E-01
 1.0414E+25  1.2008E-06  1.0000E+00  1.1041E+04  8.1828E-05  2.7614E-11  2.3883E-13  1.2692E-01
 1.0507E+25  1.2447E-06  1.0000E+00  1.0757E+04  8.1828E-05  2.7110E-11  2.4409E-13  1.1276E-01
 1.0599E+25  1.2882E-06  1.0000E+00  1.0503E+04  8.1828E-05  2.6617E-11  2.4901E-13  1.0091E-01
 1.0692E+25  1.3314E-06  1.0000E+00  1.0274E+04  8.1828E-05  2.6137E-11  2.5362E-13  9.0889E-02
 1.0784E+25  1.3692E-06  1.0000E+00  1.0068E+04  8.1828E-05  2.5763E-11  2.5793E-13  8.2322E-02
 1.0877E+25  1.4110E-06  1.0000E+00  9.8816E+03  8.1828E-05  2.5321E-11  2.6197E-13  7.4932E-02
 1.0970E+25  1.4530E-06  1.0000E+00  9.7119E+03  8.1828E-05  2.4879E-11  2.6576E-13  6.8507E-02
 1.1062E+25  1.4948E-06  1.0000E+00  9.5572E+03  8.1828E-05  2.4448E-11  2.6932E-13  6.2881E-02
 1.1155E+25  1.5364E-06  1.0000E+00  9.4156E+03  8.1828E-05  2.4029E-11  2.7266E-13  5.7921E-02
 1.1247E+25  1.5764E-06  1.0000E+00  9.2857E+03  8.1828E-05  2.3639E-11  2.7581E-13  5.3525E-02
 1.1340E+25  1.6132E-06  1.0000E+00  9.1661E+03  8.1828E-05  2.3307E-11  2.7878E-13  4.9608E-02
 1.1432E+25  1.6541E-06  1.0000E+00  9.0557E+03  8.1828E-05  2.2920E-11  2.8157E-13  4.6099E-02
 1.1525E+25  1.6947E-06  1.0000E+00  8.9537E+03  8.1828E-05  2.2544E-11  2.8421E-13  4.2945E-02
 1.1618E+25  1.7353E-06  1.0000E+00  8.8590E+03  8.1828E-05  2.2177E-11  2.8671E-13  4.0097E-02
 1.1710E+25  1.7756E-06  1.0000E+00  8.7711E+03  8.1828E-05  2.1822E-11  2.8907E-13  3.7516E-02
 1.1803E+25  1.8159E-06  1.0000E+00  8.6893E+03  8.1828E-05  2.1475E-11  2.9131E-13  3.5169E-02
 1.1895E+25  1.8559E-06  1.0000E+00  8.6129E+03  8.1828E-05  2.1139E-11  2.9342E-13  3.3029E-02
 1.1988E+25  1.8955E-06  1.0000E+00  8.5416E+03  8.1828E-05  2.0810E-11  2.9543E-13  3.1071E-02
 1.2080E+25  1.9321E-06  1.0000E+00  8.4749E+03  8.1828E-05  2.0531E-11  2.9734E-13  2.9277E-02
 1.2173E+25  1.9722E-06  1.0000E+00  8.4123E+03  8.1828E-05  2.0215E-11  2.9915E-13  2.7626E-02
 1.2266E+25  2.0121E-06  1.0000E+00  8.3535E+03  8.1828E-05  1.9910E-11  3.0087E-13  2.6105E-02
 1.2358E+25  2.0522E-06  1.0000E+00  8.2983E+03  8.1828E-05  1.9609E-11  3.0251E-13  2.4700E-02
 1.2451E+25  2.0922E-06  1.0000E+00  8.2463E+03  8.1828E-05  1.9318E-11  3.0407E-13  2.3399E-02
 1.2543E+25  2.1322E-06  1.0000E+00  8.1973E+03  8.1828E-05  1.9033E-11  3.0555E-13  2.2193E-02
 1.2636E+25  2.1722E-06  1.0000E+00  8.1511E+03  8.1828E-05  1.8754E-11  3.0697E-13  2.1073E-02
 1.2728E+25  2.2124E-06  1.0000E+00  8.1074E+03  8.1828E-05  1.8481E-11  3.0832E-13  2.0031E-02
 1.2821E+25  2.2526E-06  1.0000E+00  8.0661E+03  8.1828E-05  1.8215E-11  3.0961E-13  1.9059E-02
 1.2914E+25  2.2929E-06  1.0000E+00  8.0270E+03  8.1828E-05  1.7955E-11  3.1084E-13  1.8152E-02
 1.3006E+25  2.3334E-06  1.0000E+00  7.9899E+03  8.1828E-05  1.7700E-11  3.1202E-13  1.7304E-02
 1.3099E+25  2.3741E-06  1.0000E+00  7.9547E+03  8.1828E-05  1.7449E-11  3.1314E-13  1.6509E-02
 1.3191E+25  2.4148E-06  1.0000E+00  7.9213E+03  8.1828E-05  1.7204E-11  3.1422E-13  1.5765E-02
 1.3284E+25  2.4559E-06  1.0000E+00  7.8896E+03  8.1828E-05  1.6963E-11  3.1525E-13  1.5066E-02
 1.3376E+25  2.4971E-06  1.0000E+00  7.8594E+03  8.1828E-05  1.6727E-11  3.1623E-13  1.4409E-02
 1.3469E+25  2.5387E-06  1.0000E+00  7.8307E+03  8.1828E-05  1.6494E-11  3.1718E-13  1.3791E-02
 1.3562E+25  2.5800E-06  1.0000E+00  7.8033E+03  8.1828E-05  1.6271E-11  3.1808E-13  1.3209E-02
 1.3654E+25  2.6172E-06  1.0000E+00  7.7772E+03  8.1828E-05  1.6078E-11  3.1895E-13  1.2660E-02
 1.3747E+25  2.6582E-06  1.0000E+00  7.7523E+03  8.1828E-05  1.5861E-11  3.1978E-13  1.2142E-02
 1.3839E+25  2.7002E-06  1.0000E+00  7.7285E+03  8.1828E-05  1.5647E-11  3.2058E-13  1.1652E-02
 1.3932E+25  2.7426E-06  1.0000E+00  7.7058E+03  8.1828E-05  1.5436E-11  3.2135E-13  1.1189E-02
 1.4024E+25  2.7855E-06  1.0000E+00  7.6841E+03  8.1828E-05  1.5228E-11  3.2209E-13  1.0750E-02
 1.4117E+25  2.8289E-06  1.0000E+00  7.6633E+03  8.1828E-05  1.5023E-11  3.2280E-13  1.0335E-02
 1.4210E+25  2.8728E-06  1.0000E+00  7.6434E+03  8.1828E-05  1.4819E-11  3.2348E-13  9.9414E-03
 1.4302E+25  2.9172E-06  1.0000E+00  7.6244E+03  8.1828E-05  1.4618E-11  3.2414E-13  9.5677E-03
 1.4395E+25  2.9566E-06  1.0000E+00  7.6062E+03  8.1828E-05  1.4453E-11  3.2477E-13  9.2126E-03
 1.4487E+25  2.9934E-06  1.0000E+00  7.5887E+03  8.1828E-05  1.4293E-11  3.2538E-13  8.8754E-03
 1.4580E+25  3.0384E-06  1.0000E+00  7.5719E+03  8.1828E-05  1.4102E-11  3.2597E-13  8.5544E-03
 1.4672E+25  3.0842E-06  1.0000E+00  7.5558E+03  8.1828E-05  1.3913E-11  3.2653E-13  8.2489E-03
 1.4765E+25  3.1307E-06  1.0000E+00  7.5403E+03  8.1828E-05  1.3725E-11  3.2707E-13  7.9581E-03
 1.4858E+25  3.1780E-06  1.0000E+00  7.5254E+03  8.1828E-05  1.3539E-11  3.2760E-13  7.6810E-03
 1.4950E+25  3.2138E-06  1.0000E+00  7.5111E+03  8.1828E-05  1.3412E-11  3.2810E-13  7.4162E-03
 1.5043E+25  3.2538E-06  1.0000E+00  7.4974E+03  8.1828E-05  1.3258E-11  3.2859E-13  7.1641E-03
 1.5135E+25  3.3022E-06  1.0000E+00  7.4842E+03  8.1828E-05  1.3080E-11  3.2906E-13  6.9233E-03
 1.5228E+25  3.3514E-06  1.0000E+00  7.4715E+03  8.1828E-05  1.2902E-11  3.2952E-13  6.6928E-03
 1.5320E+25  3.4018E-06  1.0000E+00  7.4592E+03  8.1828E-05  1.2726E-11  3.2996E-13  6.4729E-03
 1.5413E+25  3.4312E-06  1.0000E+00  7.4474E+03  8.1828E-05  1.2636E-11  3.3038E-13  6.2623E-03
 1.5506E+25  3.4777E-06  1.0000E+00  7.4360E+03  8.1828E-05  1.2474E-11  3.3079E-13  6.0609E-03
 1.5598E+25  3.5294E-06  1.0000E+00  7.4251E+03  8.1828E-05  1.2304E-11  3.3119E-13  5.8682E-03
 1.5691E+25  3.5822E-06  1.0000E+00  7.4145E+03  8.1828E-05  1.2134E-11  3.3157E-13  5.6831E-03
 1.5783E+25  3.6162E-06  1.0000E+00  7.4043E+03  8.1828E-05  1.2038E-11  3.3194E-13  5.5064E-03
 1.5876E+25  3.6585E-06  1.0000E+00  7.3945E+03  8.1828E-05  1.1903E-11  3.3230E-13  5.3363E-03
 1.5968E+25  3.7133E-06  1.0000E+00  7.3850E+03  8.1828E-05  1.1738E-11  3.3264E-13  5.1737E-03
 1.6061E+25  3.7692E-06  1.0000E+00  7.3758E+03  8.1828E-05  1.1574E-11  3.3298E-13  5.0170E-03
 1.6154E+25  3.7958E-06  1.0000E+00  7.3669E+03  8.1828E-05  1.1508E-11  3.3330E-13  4.8670E-03
 1.6246E+25  3.8463E-06  1.0000E+00  7.3583E+03  8.1828E-05  1.1360E-11  3.3362E-13  4.7227E-03
 1.6339E+25  3.9044E-06  1.0000E+00  7.3500E+03  8.1828E-05  1.1200E-11  3.3392E-13  4.5842E-03
 1.6431E+25  3.9516E-06  1.0000E+00  7.3420E+03  8.1828E-05  1.1080E-11  3.3422E-13  4.4509E-03
 1.6524E+25  3.9819E-06  1.0000E+00  7.3342E+03  8.1828E-05  1.0998E-11  3.3451E-13  4.3227E-03
 1.6616E+25  4.0426E-06  1.0000E+00  7.3267E+03  8.1828E-05  1.0841E-11  3.3478E-13  4.1993E-03
 1.6709E+25  4.1040E-06  1.0000E+00  7.3195E+03  8.1828E-05  1.0687E-11  3.3505E-13  4.0807E-03
 1.6802E+25  4.1221E-06  1.0000E+00  7.3124E+03  8.1828E-05  1.0649E-11  3.3531E-13  3.9663E-03
 1.6894E+25  4.1837E-06  1.0000E+00  7.3056E+03  8.1828E-05  1.0495E-11  3.3557E-13  3.8563E-03
 1.6987E+25  4.2490E-06  1.0000E+00  7.2990E+03  8.1828E-05  1.0341E-11  3.3581E-13  3.7499E-03
 1.7079E+25  4.2712E-06  1.0000E+00  7.2926E+03  8.1828E-05  1.0299E-11  3.3605E-13  3.6479E-03
 1.7172E+25  4.3290E-06  1.0000E+00  7.2864E+03  8.1828E-05  1.0162E-11  3.3628E-13  3.5490E-03
 1.7264E+25  4.3973E-06  1.0000E+00  7.2804E+03  8.1828E-05  1.0009E-11  3.3651E-13  3.4542E-03
 1.7357E+25  4.4186E-06  1.0000E+00  7.2746E+03  8.1828E-05  9.9720E-12  3.3673E-13  3.3620E-03
 1.7450E+25  4.4786E-06  1.0000E+00  7.2689E+03  8.1828E-05  9.8381E-12  3.3694E-13  3.2736E-03
 1.7542E+25  4.5501E-06  1.0000E+00  7.2634E+03  8.1828E-05  9.6886E-12  3.3715E-13  3.1879E-03
 1.7635E+25  4.5635E-06  1.0000E+00  7.2581E+03  8.1828E-05  9.6705E-12  3.3735E-13  3.1053E-03
 1.7727E+25  4.6331E-06  1.0000E+00  7.2529E+03  8.1828E-05  9.5243E-12  3.3754E-13  3.0255E-03
 1.7820E+25  4.6976E-06  1.0000E+00  7.2479E+03  8.1828E-05  9.4034E-12  3.3773E-13  2.9481E-03
 1.7912E+25  4.7163E-06  1.0000E+00  7.2430E+03  8.1828E-05  9.3653E-12  3.3792E-13  2.8738E-03
 1.8005E+25  4.7933E-06  1.0000E+00  7.2382E+03  8.1828E-05  9.2187E-12  3.3809E-13  2.8014E-03
 1.8097E+25  4.8386E-06  1.0000E+00  7.2337E+03  8.1828E-05  9.1418E-12  3.3827E-13  2.7318E-03
 1.8190E+25  4.8785E-06  1.0000E+00  7.2292E+03  8.1828E-05  9.0656E-12  3.3844E-13  2.6642E-03
 1.8283E+25  4.9599E-06  1.0000E+00  7.2248E+03  8.1828E-05  8.9203E-12  3.3860E-13  2.5987E-03
 1.8375E+25  4.9763E-06  1.0000E+00  7.2206E+03  8.1828E-05  8.8999E-12  3.3876E-13  2.5357E-03
 1.8468E+25  5.0475E-06  9.9999E-01  7.2164E+03  8.1828E-05  8.7725E-12  3.3892E-13  2.4742E-03
 1.8560E+25  5.1094E-06  9.9999E-01  7.2125E+03  8.1828E-05  8.6748E-12  3.3907E-13  2.4151E-03
 1.8653E+25  5.1349E-06  9.9999E-01  7.2086E+03  8.1828E-05  8.6295E-12  3.3922E-13  2.3576E-03
 1.8745E+25  5.2240E-06  9.9999E-01  7.2047E+03  8.1828E-05  8.4856E-12  3.3937E-13  2.3017E-03
 1.8838E+25  5.2423E-06  9.9999E-01  7.2011E+03  8.1828E-05  8.4640E-12  3.3951E-13  2.2479E-03
 1.8931E+25  5.3146E-06  9.9999E-01  7.1975E+03  8.1828E-05  8.3464E-12  3.3964E-13  2.1955E-03
 1.9023E+25  5.3740E-06  9.9999E-01  7.1940E+03  8.1828E-05  8.2622E-12  3.3978E-13  2.1447E-03
 1.9116E+25  5.4061E-06  9.9999E-01  7.1906E+03  8.1828E-05  8.2107E-12  3.3991E-13  2.0957E-03
 1.9208E+25  5.5028E-06  9.9999E-01  7.1872E+03  8.1828E-05  8.0693E-12  3.4004E-13  2.0476E-03
 1.9301E+25  5.5021E-06  9.9999E-01  7.1840E+03  8.1828E-05  8.0772E-12  3.4016E-13  2.0013E-03
 1.9393E+25  5.5978E-06  9.9999E-01  7.1809E+03  8.1828E-05  7.9367E-12  3.4028E-13  1.9565E-03
 1.9486E+25  5.6321E-06  9.9999E-01  7.1778E+03  8.1828E-05  7.8959E-12  3.4040E-13  1.9125E-03
 1.9579E+25  5.6941E-06  9.9999E-01  7.1748E+03  8.1828E-05  7.8070E-12  3.4051E-13  1.8703E-03
 1.9671E+25  5.7623E-06  9.9999E-01  7.1719E+03  8.1828E-05  7.7218E-12  3.4062E-13  1.8292E-03
 1.9764E+25  5.7918E-06  9.9999E-01  7.1690E+03  8.1828E-05  7.6796E-12  3.4073E-13  1.7889E-03
 1.9856E+25  5.8917E-06  9.9999E-01  7.1662E+03  8.1828E-05  7.5557E-12  3.4084E-13  1.7502E-03
 1.9949E+25  5.8910E-06  9.9999E-01  7.1635E+03  8.1828E-05  7.5546E-12  3.4094E-13  1.7125E-03
 2.0041E+25  6.0020E-06  9.9999E-01  7.1609E+03  8.1828E-05  7.4163E-12  3.4105E-13  1.6755E-03
 2.0134E+25  6.0107E-06  9.9999E-01  7.1583E+03  8.1828E-05  7.4123E-12  3.4115E-13  1.6400E-03
 2.0227E+25  6.1058E-06  9.9999E-01  7.1558E+03  8.1828E-05  7.2938E-12  3.4124E-13  1.6053E-03
 2.0319E+25  6.1384E-06  9.9999E-01  7.1533E+03  8.1828E-05  7.2615E-12  3.4134E-13  1.5713E-03
 2.0412E+25  6.2112E-06  9.9999E-01  7.1509E+03  8.1828E-05  7.1733E-12  3.4143E-13  1.5386E-03
 2.0504E+25  6.2656E-06  9.9999E-01  7.1486E+03  8.1828E-05  7.1173E-12  3.4152E-13  1.5067E-03
 2.0597E+25  6.3184E-06  9.9999E-01  7.1463E+03  8.1828E-05  7.0546E-12  3.4161E-13  1.4755E-03
 2.0689E+25  6.3924E-06  9.9999E-01  7.1441E+03  8.1828E-05  6.9792E-12  3.4170E-13  1.4452E-03
 2.0782E+25  6.4275E-06  9.9999E-01  7.1419E+03  8.1828E-05  6.9378E-12  3.4178E-13  1.4159E-03
 2.0875E+25  6.5190E-06  9.9999E-01  7.1398E+03  8.1828E-05  6.8465E-12  3.4186E-13  1.3870E-03
 2.0967E+25  6.5387E-06  9.9999E-01  7.1377E+03  8.1828E-05  6.8225E-12  3.4194E-13  1.3591E-03
 2.1060E+25  6.6451E-06  9.9999E-01  7.1357E+03  8.1828E-05  6.7192E-12  3.4202E-13  1.3321E-03
 2.1152E+25  6.6520E-06  9.9999E-01  7.1337E+03  8.1828E-05  6.7088E-12  3.4210E-13  1.3055E-03
 2.1245E+25  6.7707E-06  9.9999E-01  7.1317E+03  8.1828E-05  6.5971E-12  3.4217E-13  1.2795E-03
 2.1337E+25  6.7677E-06  9.9999E-01  7.1298E+03  8.1828E-05  6.5966E-12  3.4225E-13  1.2545E-03
 2.1430E+25  6.8956E-06  9.9999E-01  7.1280E+03  8.1828E-05  6.4798E-12  3.4232E-13  1.2300E-03
 2.1523E+25  6.8860E-06  9.9999E-01  7.1261E+03  8.1828E-05  6.4856E-12  3.4239E-13  1.2059E-03
 2.1615E+25  7.0198E-06  9.9999E-01  7.1244E+03  8.1828E-05  6.3673E-12  3.4246E-13  1.1827E-03
 2.1708E+25  7.0069E-06  9.9999E-01  7.1226E+03  8.1828E-05  6.3759E-12  3.4253E-13  1.1601E-03
 2.1800E+25  7.1436E-06  9.9999E-01  7.1209E+03  8.1828E-05  6.2591E-12  3.4259E-13  1.1378E-03
 2.1893E+25  7.1305E-06  9.9999E-01  7.1193E+03  8.1828E-05  6.2673E-12  3.4266E-13  1.1161E-03
 2.1985E+25  7.2666E-06  9.9999E-01  7.1176E+03  8.1828E-05  6.1552E-12  3.4272E-13  1.0952E-03
 2.2078E+25  7.2571E-06  9.9999E-01  7.1161E+03  8.1828E-05  6.1598E-12  3.4278E-13  1.0746E-03
 2.2171E+25  7.3887E-06  9.9999E-01  7.1145E+03  8.1828E-05  6.0554E-12  3.4284E-13  1.0544E-03
 2.2263E+25  7.3869E-06  9.9999E-01  7.1130E+03  8.1828E-05  6.0532E-12  3.4290E-13  1.0348E-03
 2.2356E+25  7.5099E-06  9.9999E-01  7.1115E+03  8.1828E-05  5.9595E-12  3.4296E-13  1.0159E-03
 2.2448E+25  7.5202E-06  9.9999E-01  7.1100E+03  8.1828E-05  5.9476E-12  3.4302E-13  9.9717E-04
 2.2541E+25  7.6301E-06  9.9999E-01  7.1086E+03  8.1828E-05  5.8672E-12  3.4307E-13  9.7881E-04
 2.2633E+25  7.6570E-06  9.9999E-01  7.1072E+03  8.1828E-05  5.8428E-12  3.4313E-13  9.6105E-04
 2.2726E+25  7.7494E-06  9.9999E-01  7.1058E+03  8.1828E-05  5.7784E-12  3.4318E-13  9.4384E-04
 2.2819E+25  7.7976E-06  9.9999E-01  7.1045E+03  8.1828E-05  5.7389E-12  3.4323E-13  9.2681E-04
 2.2911E+25  7.8677E-06  9.9999E-01  7.1031E+03  8.1828E-05  5.6930E-12  3.4329E-13  9.1010E-04
 2.3004E+25  7.9421E-06  9.9999E-01  7.1019E+03  8.1828E-05  5.6360E-12  3.4334E-13  8.9399E-04
 2.3096E+25  7.9849E-06  9.9999E-01  7.1006E+03  8.1828E-05  5.6107E-12  3.4339E-13  8.7827E-04
 2.3189E+25  8.0906E-06  9.9999E-01  7.0994E+03  8.1828E-05  5.5338E-12  3.4343E-13  8.6273E-04
 2.3281E+25  8.1013E-06  9.9999E-01  7.0981E+03  8.1828E-05  5.5315E-12  3.4348E-13  8.4751E-04
 2.3374E+25  8.2435E-06  9.9999E-01  7.0970E+03  8.1828E-05  5.4324E-12  3.4353E-13  8.3283E-04
 2.3467E+25  8.2165E-06  9.9999E-01  7.0958E+03  8.1828E-05  5.4551E-12  3.4357E-13  8.1850E-04
 2.3559E+25  8.3780E-06  9.9999E-01  7.0946E+03  8.1828E-05  5.3505E-12  3.4362E-13  8.0432E-04
 2.3652E+25  8.3535E-06  9.9999E-01  7.0935E+03  8.1828E-05  5.3627E-12  3.4366E-13  7.9040E-04
 2.3744E+25  8.4931E-06  9.9999E-01  7.0924E+03  8.1828E-05  5.2792E-12  3.4371E-13  7.7697E-04
 2.3837E+25  8.5136E-06  9.9999E-01  7.0914E+03  8.1828E-05  5.2629E-12  3.4375E-13  7.6388E-04
 2.3929E+25  8.6066E-06  9.9999E-01  7.0903E+03  8.1828E-05  5.2106E-12  3.4379E-13  7.5091E-04
 2.4022E+25  8.6786E-06  9.9999E-01  7.0892E+03  8.1828E-05  5.1638E-12  3.4383E-13  7.3818E-04
 2.4115E+25  8.7190E-06  9.9999E-01  7.0882E+03  8.1828E-05  5.1445E-12  3.4387E-13  7.2586E-04
 2.4207E+25  8.8490E-06  9.9999E-01  7.0872E+03  8.1828E-05  5.0653E-12  3.4391E-13  7.1389E-04
 2.4300E+25  8.8301E-06  9.9999E-01  7.0863E+03  8.1828E-05  5.0807E-12  3.4395E-13  7.0204E-04
 2.4392E+25  8.9966E-06  9.9999E-01  7.0853E+03  8.1828E-05  4.9871E-12  3.4399E-13  6.9034E-04
 2.4485E+25  8.9682E-06  9.9999E-01  7.0844E+03  8.1828E-05  4.9995E-12  3.4402E-13  6.7899E-04
 2.4577E+25  9.1076E-06  9.9999E-01  7.0834E+03  8.1828E-05  4.9272E-12  3.4406E-13  6.6802E-04
 2.4670E+25  9.1475E-06  9.9999E-01  7.0825E+03  8.1828E-05  4.9022E-12  3.4409E-13  6.5719E-04
 2.4763E+25  9.2168E-06  9.9999E-01  7.0816E+03  8.1828E-05  4.8698E-12  3.4413E-13  6.4649E-04
 2.4855E+25  9.3325E-06  9.9999E-01  7.0808E+03  8.1828E-05  4.8058E-12  3.4416E-13  6.3599E-04
 2.4948E+25  9.3246E-06  9.9999E-01  7.0799E+03  8.1828E-05  4.8143E-12  3.4420E-13  6.2587E-04
 2.5040E+25  9.4947E-06  9.9999E-01  7.0791E+03  8.1828E-05  4.7283E-12  3.4423E-13  6.1597E-04
 2.5133E+25  9.4602E-06  9.9999E-01  7.0782E+03  8.1828E-05  4.7422E-12  3.4426E-13  6.0616E-04
 2.5225E+25  9.6025E-06  9.9999E-01  7.0774E+03  8.1828E-05  4.6761E-12  3.4429E-13  5.9647E-04
 2.5318E+25  9.6558E-06  9.9999E-01  7.0766E+03  8.1828E-05  4.6467E-12  3.4433E-13  5.8708E-04
 2.5411E+25  9.7080E-06  9.9999E-01  7.0759E+03  8.1828E-05  4.6260E-12  3.4436E-13  5.7800E-04
 2.5503E+25  9.8580E-06  9.9999E-01  7.0751E+03  8.1828E-05  4.5521E-12  3.4439E-13  5.6902E-04
 2.5596E+25  9.8121E-06  9.9999E-01  7.0743E+03  8.1828E-05  4.5776E-12  3.4442E-13  5.6013E-04
 2.5688E+25  9.9861E-06  9.9999E-01  7.0736E+03  8.1828E-05  4.4980E-12  3.4445E-13  5.5138E-04
 2.5781E+25  9.9959E-06  9.9999E-01  7.0728E+03  8.1828E-05  4.4902E-12  3.4447E-13  5.4293E-04
 2.5873E+25  1.0090E-05  9.9999E-01  7.0721E+03  8.1828E-05  4.4524E-12  3.4450E-13  5.3472E-04
 2.5966E+25  1.0210E-05  9.9999E-01  7.0714E+03  8.1828E-05  4.3966E-12  3.4453E-13  5.2657E-04
 2.6059E+25  1.0191E-05  9.9999E-01  7.0707E+03  8.1828E-05  4.4087E-12  3.4456E-13  5.1852E-04
 2.6151E+25  1.0368E-05  9.9999E-01  7.0701E+03  8.1828E-05  4.3338E-12  3.4458E-13  5.1061E-04
 2.6244E+25  1.0355E-05  9.9999E-01  7.0694E+03  8.1828E-05  4.3358E-12  3.4461E-13  5.0299E-04
 2.6336E+25  1.0469E-05  9.9999E-01  7.0687E+03  8.1828E-05  4.2924E-12  3.4464E-13  4.9554E-04
 2.6429E+25  1.0583E-05  9.9999E-01  7.0681E+03  8.1828E-05  4.2431E-12  3.4466E-13  4.8813E-04
 2.6521E+25  1.0568E-05  9.9999E-01  7.0675E+03  8.1828E-05  4.2529E-12  3.4469E-13  4.8081E-04
 2.6614E+25  1.0748E-05  9.9999E-01  7.0668E+03  8.1828E-05  4.1821E-12  3.4471E-13  4.7365E-04
 2.6707E+25  1.0736E-05  9.9999E-01  7.0662E+03  8.1828E-05  4.1833E-12  3.4474E-13  4.6674E-04
 2.6799E+25  1.0846E-05  9.9999E-01  7.0656E+03  8.1828E-05  4.1445E-12  3.4476E-13  4.5997E-04
 2.6892E+25  1.0978E-05  9.9999E-01  7.0650E+03  8.1828E-05  4.0915E-12  3.4478E-13  4.5325E-04
 2.6984E+25  1.0942E-05  9.9999E-01  7.0644E+03  8.1828E-05  4.1087E-12  3.4481E-13  4.4660E-04
 2.7077E+25  1.1124E-05  9.9999E-01  7.0639E+03  8.1828E-05  4.0416E-12  3.4483E-13  4.4008E-04
 2.7169E+25  1.1141E-05  9.9999E-01  7.0633E+03  8.1828E-05  4.0325E-12  3.4485E-13  4.3378E-04
 2.7262E+25  1.1220E-05  9.9999E-01  7.0628E+03  8.1828E-05  4.0076E-12  3.4487E-13  4.2763E-04
 2.7355E+25  1.1397E-05  9.9999E-01  7.0622E+03  8.1828E-05  3.9432E-12  3.4489E-13  4.2152E-04
 2.7447E+25  1.1314E-05  9.9999E-01  7.0617E+03  8.1828E-05  3.9737E-12  3.4492E-13  4.1547E-04
 2.7540E+25  1.1498E-05  9.9999E-01  7.0611E+03  8.1828E-05  3.9113E-12  3.4494E-13  4.0951E-04
 2.7632E+25  1.1571E-05  9.9999E-01  7.0606E+03  8.1828E-05  3.8833E-12  3.4496E-13  4.0376E-04
 2.7725E+25  1.1590E-05  9.9999E-01  7.0601E+03  8.1828E-05  3.8806E-12  3.4498E-13  3.9816E-04
 2.7817E+25  1.1777E-05  9.9999E-01  7.0596E+03  8.1828E-05  3.8193E-12  3.4500E-13  3.9259E-04
 2.7910E+25  1.1748E-05  9.9999E-01  7.0591E+03  8.1828E-05  3.8254E-12  3.4502E-13  3.8709E-04
 2.8003E+25  1.1868E-05  9.9999E-01  7.0586E+03  8.1828E-05  3.7903E-12  3.4504E-13  3.8163E-04
 2.8095E+25  1.2031E-05  9.9999E-01  7.0581E+03  8.1828E-05  3.7359E-12  3.4505E-13  3.7635E-04
 2.8188E+25  1.1956E-05  9.9999E-01  7.0577E+03  8.1828E-05  3.7628E-12  3.4507E-13  3.7123E-04
 2.8280E+25  1.2146E-05  9.9999E-01  7.0572E+03  8.1828E-05  3.7042E-12  3.4509E-13  3.6618E-04
 2.8373E+25  1.2221E-05  9.9999E-01  7.0567E+03  8.1828E-05  3.6783E-12  3.4511E-13  3.6116E-04
 2.8465E+25  1.2233E-05  9.9999E-01  7.0563E+03  8.1828E-05  3.6780E-12  3.4513E-13  3.5619E-04
 2.8558E+25  1.2424E-05  9.9999E-01  7.0558E+03  8.1828E-05  3.6216E-12  3.4514E-13  3.5131E-04
 2.8651E+25  1.2415E-05  9.9999E-01  7.0554E+03  8.1828E-05  3.6212E-12  3.4516E-13  3.4659E-04
 2.8743E+25  1.2511E-05  9.9999E-01  7.0550E+03  8.1828E-05  3.5969E-12  3.4518E-13  3.4199E-04
 2.8836E+25  1.2703E-05  9.9999E-01  7.0546E+03  8.1828E-05  3.5424E-12  3.4520E-13  3.3742E-04
 2.8928E+25  1.2616E-05  9.9999E-01  7.0541E+03  8.1828E-05  3.5642E-12  3.4521E-13  3.3289E-04
 2.9021E+25  1.2788E-05  9.9999E-01  7.0537E+03  8.1828E-05  3.5193E-12  3.4523E-13  3.2840E-04
 2.9113E+25  1.2935E-05  9.9999E-01  7.0533E+03  8.1828E-05  3.4763E-12  3.4524E-13  3.2404E-04
 2.9206E+25  1.2869E-05  9.9999E-01  7.0529E+03  8.1828E-05  3.4974E-12  3.4526E-13  3.1979E-04
 2.9299E+25  1.3065E-05  9.9999E-01  7.0526E+03  8.1828E-05  3.4450E-12  3.4528E-13  3.1564E-04
 2.9391E+25  1.3150E-05  9.9999E-01  7.0522E+03  8.1828E-05  3.4197E-12  3.4529E-13  3.1151E-04
 2.9484E+25  1.3146E-05  9.9999E-01  7.0518E+03  8.1828E-05  3.4242E-12  3.4531E-13  3.0740E-04
 2.9576E+25  1.3343E-05  9.9999E-01  7.0514E+03  8.1828E-05  3.3736E-12  3.4532E-13  3.0335E-04
 2.9669E+25  1.3372E-05  9.9999E-01  7.0510E+03  8.1828E-05  3.3635E-12  3.4534E-13  2.9942E-04
 2.9761E+25  1.3422E-05  9.9999E-01  7.0507E+03  8.1828E-05  3.3540E-12  3.4535E-13  2.9560E-04
 2.9854E+25  1.3621E-05  9.9999E-01  7.0503E+03  8.1828E-05  3.3051E-12  3.4536E-13  2.9185E-04
 2.9947E+25  1.3600E-05  9.9999E-01  7.0500E+03  8.1828E-05  3.3073E-12  3.4538E-13  2.8810E-04
 3.0039E+25  1.3699E-05  9.9999E-01  7.0496E+03  8.1828E-05  3.2866E-12  3.4539E-13  2.8439E-04
 3.0132E+25  1.3899E-05  9.9999E-01  7.0493E+03  8.1828E-05  3.2392E-12  3.4540E-13  2.8072E-04
 3.0224E+25  1.3836E-05  9.9999E-01  7.0489E+03  8.1828E-05  3.2513E-12  3.4542E-13  2.7717E-04
 3.0317E+25  1.3975E-05  9.9999E-01  7.0486E+03  8.1828E-05  3.2220E-12  3.4543E-13  2.7370E-04
 3.0409E+25  1.4177E-05  9.9999E-01  7.0483E+03  8.1828E-05  3.1760E-12  3.4544E-13  2.7031E-04
 3.0502E+25  1.4080E-05  9.9999E-01  7.0480E+03  8.1828E-05  3.1954E-12  3.4546E-13  2.6692E-04
 3.0594E+25  1.4251E-05  9.9999E-01  7.0476E+03  8.1828E-05  3.1598E-12  3.4547E-13  2.6355E-04
 3.0687E+25  1.4453E-05  9.9999E-01  7.0473E+03  8.1828E-05  3.1151E-12  3.4548E-13  2.6023E-04
 3.0780E+25  1.4333E-05  9.9999E-01  7.0470E+03  8.1828E-05  3.1396E-12  3.4549E-13  2.5699E-04
 3.0872E+25  1.4527E-05  9.9999E-01  7.0467E+03  8.1828E-05  3.1001E-12  3.4551E-13  2.5384E-04
 3.0965E+25  1.4727E-05  9.9999E-01  7.0464E+03  8.1828E-05  3.0566E-12  3.4552E-13  2.5077E-04
 3.1057E+25  1.4598E-05  9.9999E-01  7.0461E+03  8.1828E-05  3.0839E-12  3.4553E-13  2.4769E-04
 3.1150E+25  1.4803E-05  9.9999E-01  7.0458E+03  8.1828E-05  3.0426E-12  3.4554E-13  2.4464E-04
 3.1242E+25  1.5002E-05  9.9998E-01  7.0455E+03  8.1828E-05  3.0003E-12  3.4555E-13  2.4162E-04
 3.1335E+25  1.4869E-05  9.9999E-01  7.0452E+03  8.1828E-05  3.0284E-12  3.4556E-13  2.3867E-04
 3.1428E+25  1.5078E-05  9.9998E-01  7.0450E+03  8.1828E-05  2.9872E-12  3.4558E-13  2.3579E-04
 3.1520E+25  1.5282E-05  9.9998E-01  7.0447E+03  8.1828E-05  2.9461E-12  3.4559E-13  2.3300E-04
 3.1613E+25  1.5145E-05  9.9998E-01  7.0444E+03  8.1828E-05  2.9730E-12  3.4560E-13  2.3022E-04
 3.1705E+25  1.5354E-05  9.9998E-01  7.0441E+03  8.1828E-05  2.9339E-12  3.4561E-13  2.2745E-04
 3.1798E+25  1.5563E-05  9.9998E-01  7.0439E+03  8.1828E-05  2.8939E-12  3.4562E-13  2.2471E-04
 3.1890E+25  1.5428E-05  9.9998E-01  7.0436E+03  8.1828E-05  2.9178E-12  3.4563E-13  2.2199E-04
 3.1983E+25  1.5629E-05  9.9998E-01  7.0433E+03  8.1828E-05  2.8825E-12  3.4564E-13  2.1936E-04
 3.2076E+25  1.5842E-05  9.9998E-01  7.0431E+03  8.1828E-05  2.8436E-12  3.4565E-13  2.1679E-04
 3.2168E+25  1.5724E-05  9.9998E-01  7.0428E+03  8.1828E-05  2.8626E-12  3.4566E-13  2.1429E-04
 3.2261E+25  1.5903E-05  9.9998E-01  7.0426E+03  8.1828E-05  2.8329E-12  3.4567E-13  2.1178E-04
 3.2353E+25  1.6118E-05  9.9998E-01  7.0423E+03  8.1828E-05  2.7952E-12  3.4568E-13  2.0929E-04
 3.2446E+25  1.6032E-05  9.9998E-01  7.0421E+03  8.1828E-05  2.8076E-12  3.4569E-13  2.0681E-04
 3.2538E+25  1.6177E-05  9.9998E-01  7.0419E+03  8.1828E-05  2.7852E-12  3.4570E-13  2.0438E-04
 3.2631E+25  1.6394E-05  9.9998E-01  7.0416E+03  8.1828E-05  2.7484E-12  3.4571E-13  2.0202E-04
 3.2724E+25  1.6352E-05  9.9998E-01  7.0414E+03  8.1828E-05  2.7528E-12  3.4572E-13  1.9972E-04
 3.2816E+25  1.6450E-05  9.9998E-01  7.0412E+03  8.1828E-05  2.7392E-12  3.4573E-13  1.9746E-04
 3.2909E+25  1.6669E-05  9.9998E-01  7.0409E+03  8.1828E-05  2.7032E-12  3.4573E-13  1.9519E-04
 3.3001E+25  1.6685E-05  9.9998E-01  7.0407E+03  8.1828E-05  2.6980E-12  3.4574E-13  1.9295E-04
 3.3094E+25  1.6722E-05  9.9998E-01  7.0405E+03  8.1828E-05  2.6948E-12  3.4575E-13  1.9071E-04
 3.3186E+25  1.6943E-05  9.9998E-01  7.0403E+03  8.1828E-05  2.6597E-12  3.4576E-13  1.8853E-04
 3.3279E+25  1.7031E-05  9.9998E-01  7.0401E+03  8.1828E-05  2.6434E-12  3.4577E-13  1.8640E-04
 3.3372E+25  1.6993E-05  9.9998E-01  7.0399E+03  8.1828E-05  2.6520E-12  3.4578E-13  1.8433E-04
 3.3464E+25  1.7217E-05  9.9998E-01  7.0397E+03  8.1828E-05  2.6175E-12  3.4579E-13  1.8229E-04
 3.3557E+25  1.7389E-05  9.9998E-01  7.0394E+03  8.1828E-05  2.5892E-12  3.4579E-13  1.8024E-04
 3.3649E+25  1.7263E-05  9.9998E-01  7.0392E+03  8.1828E-05  2.6106E-12  3.4580E-13  1.7822E-04
 3.3742E+25  1.7490E-05  9.9998E-01  7.0390E+03  8.1828E-05  2.5768E-12  3.4581E-13  1.7620E-04
 3.3834E+25  1.7715E-05  9.9998E-01  7.0388E+03  8.1828E-05  2.5441E-12  3.4582E-13  1.7423E-04
 3.3927E+25  1.7578E-05  9.9998E-01  7.0386E+03  8.1828E-05  2.5616E-12  3.4583E-13  1.7230E-04
 3.4020E+25  1.7761E-05  9.9998E-01  7.0384E+03  8.1828E-05  2.5376E-12  3.4583E-13  1.7043E-04
 3.4112E+25  1.7988E-05  9.9998E-01  7.0383E+03  8.1828E-05  2.5056E-12  3.4584E-13  1.6858E-04
 3.4205E+25  1.7959E-05  9.9998E-01  7.0381E+03  8.1828E-05  2.5073E-12  3.4585E-13  1.6674E-04
 3.4297E+25  1.8031E-05  9.9998E-01  7.0379E+03  8.1828E-05  2.4997E-12  3.4586E-13  1.6490E-04
 3.4390E+25  1.8261E-05  9.9998E-01  7.0377E+03  8.1828E-05  2.4684E-12  3.4586E-13  1.6308E-04
 3.4482E+25  1.8356E-05  9.9998E-01  7.0375E+03  8.1828E-05  2.4531E-12  3.4587E-13  1.6129E-04
 3.4575E+25  1.8300E-05  9.9998E-01  7.0373E+03  8.1828E-05  2.4632E-12  3.4588E-13  1.5954E-04
 3.4668E+25  1.8533E-05  9.9998E-01  7.0372E+03  8.1828E-05  2.4322E-12  3.4589E-13  1.5783E-04
 3.4760E+25  1.8758E-05  9.9998E-01  7.0370E+03  8.1828E-05  2.4022E-12  3.4589E-13  1.5617E-04
 3.4853E+25  1.8577E-05  9.9998E-01  7.0368E+03  8.1828E-05  2.4250E-12  3.4590E-13  1.5450E-04
 3.4945E+25  1.8803E-05  9.9998E-01  7.0366E+03  8.1828E-05  2.3974E-12  3.4591E-13  1.5285E-04
 3.5038E+25  1.9037E-05  9.9998E-01  7.0365E+03  8.1828E-05  2.3680E-12  3.4591E-13  1.5120E-04
 3.5130E+25  1.8994E-05  9.9998E-01  7.0363E+03  8.1828E-05  2.3710E-12  3.4592E-13  1.4956E-04
 3.5223E+25  1.9071E-05  9.9998E-01  7.0361E+03  8.1828E-05  2.3638E-12  3.4593E-13  1.4797E-04
 3.5316E+25  1.9308E-05  9.9998E-01  7.0360E+03  8.1828E-05  2.3349E-12  3.4593E-13  1.4641E-04
 3.5408E+25  1.9435E-05  9.9998E-01  7.0358E+03  8.1828E-05  2.3173E-12  3.4594E-13  1.4489E-04
 3.5501E+25  1.9338E-05  9.9998E-01  7.0357E+03  8.1828E-05  2.3314E-12  3.4594E-13  1.4340E-04
 3.5593E+25  1.9578E-05  9.9998E-01  7.0355E+03  8.1828E-05  2.3028E-12  3.4595E-13  1.4189E-04
 3.5686E+25  1.9816E-05  9.9998E-01  7.0353E+03  8.1828E-05  2.2751E-12  3.4596E-13  1.4040E-04
 3.5778E+25  1.9681E-05  9.9998E-01  7.0352E+03  8.1828E-05  2.2885E-12  3.4596E-13  1.3892E-04
 3.5871E+25  1.9845E-05  9.9998E-01  7.0350E+03  8.1828E-05  2.2719E-12  3.4597E-13  1.3746E-04
 3.5964E+25  2.0086E-05  9.9998E-01  7.0349E+03  8.1828E-05  2.2447E-12  3.4598E-13  1.3604E-04
 3.6056E+25  2.0153E-05  9.9998E-01  7.0347E+03  8.1828E-05  2.2350E-12  3.4598E-13  1.3463E-04
 3.6149E+25  2.0110E-05  9.9998E-01  7.0346E+03  8.1828E-05  2.2420E-12  3.4599E-13  1.3328E-04
 3.6241E+25  2.0355E-05  9.9998E-01  7.0344E+03  8.1828E-05  2.2150E-12  3.4599E-13  1.3193E-04
 3.6334E+25  2.0597E-05  9.9998E-01  7.0343E+03  8.1828E-05  2.1890E-12  3.4600E-13  1.3058E-04
 3.6426E+25  2.0421E-05  9.9998E-01  7.0342E+03  8.1828E-05  2.2058E-12  3.4600E-13  1.2924E-04
 3.6519E+25  2.0622E-05  9.9998E-01  7.0340E+03  8.1828E-05  2.1866E-12  3.4601E-13  1.2790E-04
 3.6612E+25  2.0867E-05  9.9998E-01  7.0339E+03  8.1828E-05  2.1608E-12  3.4602E-13  1.2659E-04
 3.6704E+25  2.0926E-05  9.9998E-01  7.0337E+03  8.1828E-05  2.1526E-12  3.4602E-13  1.2530E-04
 3.6797E+25  2.0885E-05  9.9998E-01  7.0336E+03  8.1828E-05  2.1590E-12  3.4603E-13  1.2405E-04
 3.6889E+25  2.1135E-05  9.9998E-01  7.0335E+03  8.1828E-05  2.1335E-12  3.4603E-13  1.2283E-04
 3.6982E+25  2.1382E-05  9.9998E-01  7.0333E+03  8.1828E-05  2.1089E-12  3.4604E-13  1.2161E-04
 3.7074E+25  2.1220E-05  9.9998E-01  7.0332E+03  8.1828E-05  2.1229E-12  3.4604E-13  1.2040E-04
 3.7167E+25  2.1399E-05  9.9998E-01  7.0331E+03  8.1828E-05  2.1073E-12  3.4605E-13  1.1919E-04
 3.7260E+25  2.1650E-05  9.9998E-01  7.0329E+03  8.1828E-05  2.0829E-12  3.4605E-13  1.1799E-04
 3.7352E+25  2.1761E-05  9.9998E-01  7.0328E+03  8.1828E-05  2.0701E-12  3.4606E-13  1.1680E-04
 3.7445E+25  2.1662E-05  9.9998E-01  7.0327E+03  8.1828E-05  2.0818E-12  3.4606E-13  1.1564E-04
 3.7537E+25  2.1916E-05  9.9998E-01  7.0326E+03  8.1828E-05  2.0577E-12  3.4607E-13  1.1450E-04
 3.7630E+25  2.2168E-05  9.9998E-01  7.0324E+03  8.1828E-05  2.0343E-12  3.4607E-13  1.1340E-04
 3.7722E+25  2.2082E-05  9.9998E-01  7.0323E+03  8.1828E-05  2.0401E-12  3.4608E-13  1.1231E-04
 3.7815E+25  2.2178E-05  9.9998E-01  7.0322E+03  8.1828E-05  2.0335E-12  3.4608E-13  1.1121E-04
 3.7908E+25  2.2435E-05  9.9998E-01  7.0321E+03  8.1828E-05  2.0101E-12  3.4609E-13  1.1012E-04
 3.8000E+25  2.2664E-05  9.9998E-01  7.0320E+03  8.1828E-05  1.9878E-12  3.4609E-13  1.0904E-04
 3.8093E+25  2.2441E-05  9.9998E-01  7.0319E+03  8.1828E-05  2.0097E-12  3.4610E-13  1.0796E-04
 3.8185E+25  2.2697E-05  9.9998E-01  7.0317E+03  8.1828E-05  1.9870E-12  3.4610E-13  1.0692E-04
 3.8278E+25  2.2956E-05  9.9998E-01  7.0316E+03  8.1828E-05  1.9646E-12  3.4610E-13  1.0588E-04
 3.8370E+25  2.3016E-05  9.9998E-01  7.0315E+03  8.1828E-05  1.9575E-12  3.4611E-13  1.0488E-04
 3.8463E+25  2.2958E-05  9.9998E-01  7.0314E+03  8.1828E-05  1.9645E-12  3.4611E-13  1.0389E-04
 3.8556E+25  2.3220E-05  9.9998E-01  7.0313E+03  8.1828E-05  1.9424E-12  3.4612E-13  1.0291E-04
 3.8648E+25  2.3480E-05  9.9998E-01  7.0312E+03  8.1828E-05  1.9209E-12  3.4612E-13  1.0192E-04
 3.8741E+25  2.3380E-05  9.9998E-01  7.0311E+03  8.1828E-05  1.9271E-12  3.4613E-13  1.0095E-04
 3.8833E+25  2.3479E-05  9.9998E-01  7.0310E+03  8.1828E-05  1.9210E-12  3.4613E-13  9.9973E-05
 3.8926E+25  2.3745E-05  9.9998E-01  7.0309E+03  8.1828E-05  1.8995E-12  3.4613E-13  9.9015E-05
 3.9018E+25  2.4001E-05  9.9998E-01  7.0308E+03  8.1828E-05  1.8788E-12  3.4614E-13  9.8076E-05
 3.9111E+25  2.3764E-05  9.9998E-01  7.0307E+03  8.1828E-05  1.8964E-12  3.4614E-13  9.7153E-05
 3.9204E+25  2.4003E-05  9.9998E-01  7.0306E+03  8.1828E-05  1.8791E-12  3.4615E-13  9.6265E-05
 3.9296E+25  2.4272E-05  9.9998E-01  7.0305E+03  8.1828E-05  1.8583E-12  3.4615E-13  9.5379E-05
 3.9389E+25  2.4425E-05  9.9998E-01  7.0304E+03  8.1828E-05  1.8448E-12  3.4616E-13  9.4492E-05
 3.9481E+25  2.4265E-05  9.9998E-01  7.0303E+03  8.1828E-05  1.8589E-12  3.4616E-13  9.3609E-05
 3.9574E+25  2.4530E-05  9.9998E-01  7.0302E+03  8.1828E-05  1.8389E-12  3.4616E-13  9.2731E-05
 3.9666E+25  2.4801E-05  9.9998E-01  7.0301E+03  8.1828E-05  1.8187E-12  3.4617E-13  9.1855E-05
 3.9759E+25  2.4841E-05  9.9998E-01  7.0300E+03  8.1828E-05  1.8139E-12  3.4617E-13  9.0998E-05
 3.9852E+25  2.4790E-05  9.9998E-01  7.0299E+03  8.1828E-05  1.8196E-12  3.4617E-13  9.0156E-05
 3.9944E+25  2.5060E-05  9.9997E-01  7.0298E+03  8.1828E-05  1.8000E-12  3.4618E-13  8.9330E-05
 4.0037E+25  2.5333E-05  9.9997E-01  7.0297E+03  8.1828E-05  1.7806E-12  3.4618E-13  8.8532E-05
 4.0129E+25  2.5274E-05  9.9997E-01  7.0296E+03  8.1828E-05  1.7829E-12  3.4619E-13  8.7735E-05
 4.0222E+25  2.5318E-05  9.9997E-01  7.0295E+03  8.1828E-05  1.7817E-12  3.4619E-13  8.6940E-05
 4.0314E+25  2.5592E-05  9.9997E-01  7.0294E+03  8.1828E-05  1.7627E-12  3.4619E-13  8.6146E-05
 4.0407E+25  2.5867E-05  9.9997E-01  7.0293E+03  8.1828E-05  1.7439E-12  3.4620E-13  8.5356E-05
 4.0500E+25  2.5724E-05  9.9997E-01  7.0292E+03  8.1828E-05  1.7517E-12  3.4620E-13  8.4571E-05
 4.0592E+25  2.5849E-05  9.9997E-01  7.0292E+03  8.1828E-05  1.7452E-12  3.4620E-13  8.3798E-05
 4.0685E+25  2.6126E-05  9.9997E-01  7.0291E+03  8.1828E-05  1.7267E-12  3.4621E-13  8.3039E-05
 4.0777E+25  2.6403E-05  9.9997E-01  7.0290E+03  8.1828E-05  1.7085E-12  3.4621E-13  8.2292E-05
 4.0870E+25  2.6193E-05  9.9997E-01  7.0289E+03  8.1828E-05  1.7204E-12  3.4621E-13  8.1574E-05
 4.0962E+25  2.6383E-05  9.9997E-01  7.0288E+03  8.1828E-05  1.7099E-12  3.4622E-13  8.0861E-05
 4.1055E+25  2.6663E-05  9.9997E-01  7.0287E+03  8.1828E-05  1.6920E-12  3.4622E-13  8.0145E-05
 4.1148E+25  2.6940E-05  9.9997E-01  7.0286E+03  8.1828E-05  1.6743E-12  3.4622E-13  7.9429E-05
 4.1240E+25  2.6684E-05  9.9997E-01  7.0286E+03  8.1828E-05  1.6890E-12  3.4623E-13  7.8720E-05
 4.1333E+25  2.6919E-05  9.9997E-01  7.0285E+03  8.1828E-05  1.6759E-12  3.4623E-13  7.8014E-05
 4.1425E+25  2.7202E-05  9.9997E-01  7.0284E+03  8.1828E-05  1.6585E-12  3.4623E-13  7.7313E-05
 4.1518E+25  2.7477E-05  9.9997E-01  7.0283E+03  8.1828E-05  1.6414E-12  3.4624E-13  7.6629E-05
 4.1610E+25  2.7197E-05  9.9997E-01  7.0282E+03  8.1828E-05  1.6576E-12  3.4624E-13  7.5951E-05
 4.1703E+25  2.7457E-05  9.9997E-01  7.0282E+03  8.1828E-05  1.6431E-12  3.4624E-13  7.5299E-05
 4.1796E+25  2.7743E-05  9.9997E-01  7.0281E+03  8.1828E-05  1.6262E-12  3.4625E-13  7.4656E-05
 4.1888E+25  2.8019E-05  9.9997E-01  7.0280E+03  8.1828E-05  1.6095E-12  3.4625E-13  7.4015E-05
 4.1981E+25  2.7729E-05  9.9997E-01  7.0279E+03  8.1828E-05  1.6260E-12  3.4625E-13  7.3371E-05
 4.2073E+25  2.7999E-05  9.9997E-01  7.0279E+03  8.1828E-05  1.6113E-12  3.4625E-13  7.2733E-05
 4.2166E+25  2.8286E-05  9.9997E-01  7.0278E+03  8.1828E-05  1.5951E-12  3.4626E-13  7.2098E-05
 4.2258E+25  2.8569E-05  9.9997E-01  7.0277E+03  8.1828E-05  1.5787E-12  3.4626E-13  7.1461E-05
 4.2351E+25  2.8276E-05  9.9997E-01  7.0276E+03  8.1828E-05  1.5943E-12  3.4626E-13  7.0841E-05
 4.2443E+25  2.8543E-05  9.9997E-01  7.0276E+03  8.1828E-05  1.5807E-12  3.4627E-13  7.0228E-05
 4.2536E+25  2.8831E-05  9.9997E-01  7.0275E+03  8.1828E-05  1.5649E-12  3.4627E-13  6.9624E-05
 4.2629E+25  2.9123E-05  9.9997E-01  7.0274E+03  8.1828E-05  1.5490E-12  3.4627E-13  6.9046E-05
 4.2721E+25  2.8845E-05  9.9997E-01  7.0274E+03  8.1828E-05  1.5627E-12  3.4627E-13  6.8470E-05
 4.2814E+25  2.9089E-05  9.9997E-01  7.0273E+03  8.1828E-05  1.5511E-12  3.4628E-13  6.7894E-05
 4.2906E+25  2.9379E-05  9.9997E-01  7.0272E+03  8.1828E-05  1.5358E-12  3.4628E-13  6.7317E-05
 4.2999E+25  2.9678E-05  9.9997E-01  7.0271E+03  8.1828E-05  1.5203E-12  3.4628E-13  6.6743E-05
 4.3091E+25  2.9440E-05  9.9997E-01  7.0271E+03  8.1828E-05  1.5310E-12  3.4629E-13  6.6171E-05
 4.3184E+25  2.9637E-05  9.9997E-01  7.0270E+03  8.1828E-05  1.5224E-12  3.4629E-13  6.5604E-05
 4.3277E+25  2.9930E-05  9.9997E-01  7.0270E+03  8.1828E-05  1.5075E-12  3.4629E-13  6.5049E-05
 4.3369E+25  3.0231E-05  9.9997E-01  7.0269E+03  8.1828E-05  1.4925E-12  3.4629E-13  6.4497E-05
 4.3462E+25  3.0062E-05  9.9997E-01  7.0268E+03  8.1828E-05  1.4993E-12  3.4630E-13  6.3957E-05
 4.3554E+25  3.0189E-05  9.9997E-01  7.0268E+03  8.1828E-05  1.4946E-12  3.4630E-13  6.3440E-05
 4.3647E+25  3.0483E-05  9.9997E-01  7.0267E+03  8.1828E-05  1.4802E-12  3.4630E-13  6.2923E-05
 4.3739E+25  3.0786E-05  9.9997E-01  7.0266E+03  8.1828E-05  1.4657E-12  3.4630E-13  6.2406E-05
 4.3832E+25  3.0711E-05  9.9997E-01  7.0266E+03  8.1828E-05  1.4676E-12  3.4631E-13  6.1889E-05
 4.3925E+25  3.0742E-05  9.9997E-01  7.0265E+03  8.1828E-05  1.4678E-12  3.4631E-13  6.1373E-05
 4.4017E+25  3.1040E-05  9.9997E-01  7.0264E+03  8.1828E-05  1.4537E-12  3.4631E-13  6.0862E-05
 4.4110E+25  3.1342E-05  9.9997E-01  7.0264E+03  8.1828E-05  1.4397E-12  3.4631E-13  6.0349E-05
 4.4202E+25  3.1386E-05  9.9997E-01  7.0263E+03  8.1828E-05  1.4361E-12  3.4632E-13  5.9849E-05
 4.4295E+25  3.1297E-05  9.9997E-01  7.0263E+03  8.1828E-05  1.4418E-12  3.4632E-13  5.9354E-05
 4.4387E+25  3.1599E-05  9.9997E-01  7.0262E+03  8.1828E-05  1.4280E-12  3.4632E-13  5.8866E-05
 4.4480E+25  3.1901E-05  9.9997E-01  7.0261E+03  8.1828E-05  1.4145E-12  3.4632E-13  5.8401E-05
 4.4573E+25  3.2087E-05  9.9997E-01  7.0261E+03  8.1828E-05  1.4047E-12  3.4633E-13  5.7936E-05
 4.4665E+25  3.1857E-05  9.9997E-01  7.0260E+03  8.1828E-05  1.4164E-12  3.4633E-13  5.7473E-05
 4.4758E+25  3.2161E-05  9.9997E-01  7.0260E+03  8.1828E-05  1.4031E-12  3.4633E-13  5.7009E-05
 4.4850E+25  3.2464E-05  9.9997E-01  7.0259E+03  8.1828E-05  1.3900E-12  3.4633E-13  5.6546E-05
 4.4943E+25  3.2772E-05  9.9997E-01  7.0258E+03  8.1828E-05  1.3767E-12  3.4633E-13  5.6086E-05
 4.5035E+25  3.2463E-05  9.9997E-01  7.0258E+03  8.1828E-05  1.3887E-12  3.4634E-13  5.5627E-05
 4.5128E+25  3.2724E-05  9.9997E-01  7.0257E+03  8.1828E-05  1.3790E-12  3.4634E-13  5.5174E-05
 4.5221E+25  3.3032E-05  9.9997E-01  7.0257E+03  8.1828E-05  1.3661E-12  3.4634E-13  5.4728E-05
 4.5313E+25  3.3343E-05  9.9997E-01  7.0256E+03  8.1828E-05  1.3534E-12  3.4634E-13  5.4284E-05
 4.5406E+25  3.3213E-05  9.9997E-01  7.0256E+03  8.1828E-05  1.3572E-12  3.4635E-13  5.3858E-05
 4.5498E+25  3.3290E-05  9.9997E-01  7.0255E+03  8.1828E-05  1.3556E-12  3.4635E-13  5.3442E-05
 4.5591E+25  3.3602E-05  9.9997E-01  7.0255E+03  8.1828E-05  1.3430E-12  3.4635E-13  5.3028E-05
 4.5683E+25  3.3913E-05  9.9997E-01  7.0254E+03  8.1828E-05  1.3307E-12  3.4635E-13  5.2612E-05
 4.5776E+25  3.3995E-05  9.9997E-01  7.0254E+03  8.1828E-05  1.3260E-12  3.4635E-13  5.2195E-05
 4.5869E+25  3.3862E-05  9.9997E-01  7.0253E+03  8.1828E-05  1.3327E-12  3.4636E-13  5.1782E-05
 4.5961E+25  3.4173E-05  9.9997E-01  7.0253E+03  8.1828E-05  1.3206E-12  3.4636E-13  5.1370E-05
 4.6054E+25  3.4488E-05  9.9997E-01  7.0252E+03  8.1828E-05  1.3085E-12  3.4636E-13  5.0958E-05
 4.6146E+25  3.4792E-05  9.9997E-01  7.0251E+03  8.1828E-05  1.2965E-12  3.4636E-13  5.0555E-05
 4.6239E+25  3.4451E-05  9.9997E-01  7.0251E+03  8.1828E-05  1.3090E-12  3.4636E-13  5.0155E-05
 4.6331E+25  3.4747E-05  9.9997E-01  7.0251E+03  8.1828E-05  1.2988E-12  3.4637E-13  4.9759E-05
 4.6424E+25  3.5066E-05  9.9996E-01  7.0250E+03  8.1828E-05  1.2869E-12  3.4637E-13  4.9382E-05
 4.6517E+25  3.5385E-05  9.9996E-01  7.0250E+03  8.1828E-05  1.2754E-12  3.4637E-13  4.9009E-05
 4.6609E+25  3.5276E-05  9.9996E-01  7.0249E+03  8.1828E-05  1.2779E-12  3.4637E-13  4.8637E-05
 4.6702E+25  3.5328E-05  9.9996E-01  7.0249E+03  8.1828E-05  1.2774E-12  3.4637E-13  4.8263E-05
 4.6794E+25  3.5646E-05  9.9996E-01  7.0248E+03  8.1828E-05  1.2661E-12  3.4638E-13  4.7891E-05
 4.6887E+25  3.5968E-05  9.9996E-01  7.0248E+03  8.1828E-05  1.2547E-12  3.4638E-13  4.7521E-05
 4.6979E+25  3.6147E-05  9.9996E-01  7.0247E+03  8.1828E-05  1.2471E-12  3.4638E-13  4.7151E-05
 4.7072E+25  3.5911E-05  9.9996E-01  7.0247E+03  8.1828E-05  1.2567E-12  3.4638E-13  4.6783E-05
 4.7165E+25  3.6228E-05  9.9996E-01  7.0246E+03  8.1828E-05  1.2457E-12  3.4638E-13  4.6421E-05
 4.7257E+25  3.6555E-05  9.9996E-01  7.0246E+03  8.1828E-05  1.2346E-12  3.4638E-13  4.6062E-05
 4.7350E+25  3.6879E-05  9.9996E-01  7.0245E+03  8.1828E-05  1.2237E-12  3.4639E-13  4.5706E-05
 4.7442E+25  3.6667E-05  9.9996E-01  7.0245E+03  8.1828E-05  1.2295E-12  3.4639E-13  4.5368E-05
 4.7535E+25  3.6819E-05  9.9996E-01  7.0244E+03  8.1828E-05  1.2257E-12  3.4639E-13  4.5033E-05
 4.7627E+25  3.7141E-05  9.9996E-01  7.0244E+03  8.1828E-05  1.2151E-12  3.4639E-13  4.4701E-05
 4.7720E+25  3.7473E-05  9.9996E-01  7.0244E+03  8.1828E-05  1.2044E-12  3.4639E-13  4.4366E-05
 4.7813E+25  3.7601E-05  9.9996E-01  7.0243E+03  8.1828E-05  1.1989E-12  3.4640E-13  4.4032E-05
 4.7905E+25  3.7409E-05  9.9996E-01  7.0243E+03  8.1828E-05  1.2065E-12  3.4640E-13  4.3699E-05
 4.7998E+25  3.7736E-05  9.9996E-01  7.0242E+03  8.1828E-05  1.1960E-12  3.4640E-13  4.3368E-05
 4.8090E+25  3.8068E-05  9.9996E-01  7.0242E+03  8.1828E-05  1.1856E-12  3.4640E-13  4.3038E-05
 4.8183E+25  3.8400E-05  9.9996E-01  7.0241E+03  8.1828E-05  1.1753E-12  3.4640E-13  4.2712E-05
 4.8275E+25  3.8174E-05  9.9996E-01  7.0241E+03  8.1828E-05  1.1810E-12  3.4640E-13  4.2389E-05
 4.8368E+25  3.8335E-05  9.9996E-01  7.0240E+03  8.1828E-05  1.1773E-12  3.4641E-13  4.2068E-05
 4.8461E+25  3.8663E-05  9.9996E-01  7.0240E+03  8.1828E-05  1.1673E-12  3.4641E-13  4.1759E-05
 4.8553E+25  3.9003E-05  9.9996E-01  7.0240E+03  8.1828E-05  1.1572E-12  3.4641E-13  4.1459E-05
 4.8646E+25  3.9180E-05  9.9996E-01  7.0239E+03  8.1828E-05  1.1506E-12  3.4641E-13  4.1161E-05
 4.8738E+25  3.8931E-05  9.9996E-01  7.0239E+03  8.1828E-05  1.1593E-12  3.4641E-13  4.0862E-05
 4.8831E+25  3.9271E-05  9.9996E-01  7.0238E+03  8.1828E-05  1.1493E-12  3.4641E-13  4.0563E-05
 4.8923E+25  3.9603E-05  9.9996E-01  7.0238E+03  8.1828E-05  1.1397E-12  3.4642E-13  4.0265E-05
 4.9016E+25  3.9948E-05  9.9996E-01  7.0238E+03  8.1828E-05  1.1298E-12  3.4642E-13  3.9967E-05
 4.9109E+25  3.9809E-05  9.9996E-01  7.0237E+03  8.1828E-05  1.1325E-12  3.4642E-13  3.9671E-05
 4.9201E+25  3.9874E-05  9.9996E-01  7.0237E+03  8.1828E-05  1.1319E-12  3.4642E-13  3.9375E-05
 4.9294E+25  4.0216E-05  9.9996E-01  7.0236E+03  8.1828E-05  1.1223E-12  3.4642E-13  3.9085E-05
 4.9386E+25  4.0555E-05  9.9996E-01  7.0236E+03  8.1828E-05  1.1129E-12  3.4642E-13  3.8796E-05
 4.9479E+25  4.0881E-05  9.9996E-01  7.0236E+03  8.1828E-05  1.1035E-12  3.4643E-13  3.8510E-05
 4.9571E+25  4.0489E-05  9.9996E-01  7.0235E+03  8.1828E-05  1.1141E-12  3.4643E-13  3.8237E-05
 4.9664E+25  4.0828E-05  9.9996E-01  7.0235E+03  8.1828E-05  1.1055E-12  3.4643E-13  3.7969E-05
 4.9757E+25  4.1171E-05  9.9996E-01  7.0235E+03  8.1828E-05  1.0963E-12  3.4643E-13  3.7703E-05
 4.9849E+25  4.1519E-05  9.9996E-01  7.0234E+03  8.1828E-05  1.0871E-12  3.4643E-13  3.7435E-05
 4.9942E+25  4.1585E-05  9.9996E-01  7.0234E+03  8.1828E-05  1.0841E-12  3.4643E-13  3.7167E-05
 5.0034E+25  4.1437E-05  9.9996E-01  7.0233E+03  8.1828E-05  1.0893E-12  3.4643E-13  3.6901E-05
 5.0127E+25  4.1792E-05  9.9996E-01  7.0233E+03  8.1828E-05  1.0800E-12  3.4644E-13  3.6634E-05
 5.0219E+25  4.2138E-05  9.9996E-01  7.0233E+03  8.1828E-05  1.0711E-12  3.4644E-13  3.6369E-05
 5.0312E+25  4.2492E-05  9.9996E-01  7.0232E+03  8.1828E-05  1.0622E-12  3.4644E-13  3.6105E-05
 5.0405E+25  4.2308E-05  9.9996E-01  7.0232E+03  8.1828E-05  1.0656E-12  3.4644E-13  3.5845E-05
 5.0497E+25  4.2408E-05  9.9996E-01  7.0232E+03  8.1828E-05  1.0644E-12  3.4644E-13  3.5585E-05
 5.0590E+25  4.2768E-05  9.9996E-01  7.0231E+03  8.1828E-05  1.0554E-12  3.4644E-13  3.5328E-05
 5.0682E+25  4.3117E-05  9.9996E-01  7.0231E+03  8.1828E-05  1.0468E-12  3.4644E-13  3.5085E-05
 5.0775E+25  4.3465E-05  9.9996E-01  7.0231E+03  8.1828E-05  1.0382E-12  3.4645E-13  3.4845E-05
 5.0867E+25  4.3074E-05  9.9996E-01  7.0230E+03  8.1828E-05  1.0469E-12  3.4645E-13  3.4607E-05
 5.0960E+25  4.3390E-05  9.9996E-01  7.0230E+03  8.1828E-05  1.0403E-12  3.4645E-13  3.4367E-05
 5.1053E+25  4.3754E-05  9.9996E-01  7.0230E+03  8.1828E-05  1.0316E-12  3.4645E-13  3.4127E-05
 5.1145E+25  4.4107E-05  9.9996E-01  7.0229E+03  8.1828E-05  1.0234E-12  3.4645E-13  3.3889E-05
 5.1238E+25  4.4297E-05  9.9996E-01  7.0229E+03  8.1828E-05  1.0178E-12  3.4645E-13  3.3650E-05
 5.1330E+25  4.4026E-05  9.9996E-01  7.0228E+03  8.1828E-05  1.0252E-12  3.4645E-13  3.3413E-05
 5.1423E+25  4.4384E-05  9.9996E-01  7.0228E+03  8.1828E-05  1.0170E-12  3.4646E-13  3.3176E-05
 5.1515E+25  4.4752E-05  9.9996E-01  7.0228E+03  8.1828E-05  1.0086E-12  3.4646E-13  3.2942E-05
 5.1608E+25  4.5109E-05  9.9995E-01  7.0227E+03  8.1828E-05  1.0006E-12  3.4646E-13  3.2709E-05
 5.1701E+25  4.5124E-05  9.9995E-01  7.0227E+03  8.1828E-05  9.9916E-13  3.4646E-13  3.2478E-05
 5.1793E+25  4.5027E-05  9.9995E-01  7.0227E+03  8.1828E-05  1.0025E-12  3.4646E-13  3.2256E-05
 5.1886E+25  4.5389E-05  9.9995E-01  7.0227E+03  8.1828E-05  9.9451E-13  3.4646E-13  3.2040E-05
 5.1978E+25  4.5762E-05  9.9995E-01  7.0226E+03  8.1828E-05  9.8640E-13  3.4646E-13  3.1826E-05
 5.2071E+25  4.6124E-05  9.9995E-01  7.0226E+03  8.1828E-05  9.7864E-13  3.4646E-13  3.1613E-05
 5.2163E+25  4.5987E-05  9.9995E-01  7.0225E+03  8.1828E-05  9.8042E-13  3.4647E-13  3.1398E-05
 5.2256E+25  4.6040E-05  9.9995E-01  7.0225E+03  8.1828E-05  9.8042E-13  3.4647E-13  3.1185E-05
 5.2349E+25  4.6406E-05  9.9995E-01  7.0225E+03  8.1828E-05  9.7274E-13  3.4647E-13  3.0971E-05
 5.2441E+25  4.6784E-05  9.9995E-01  7.0225E+03  8.1828E-05  9.6487E-13  3.4647E-13  3.0758E-05
 5.2534E+25  4.7150E-05  9.9995E-01  7.0224E+03  8.1828E-05  9.5734E-13  3.4647E-13  3.0546E-05
 5.2626E+25  4.6887E-05  9.9995E-01  7.0224E+03  8.1828E-05  9.6164E-13  3.4647E-13  3.0334E-05
 5.2719E+25  4.7066E-05  9.9995E-01  7.0224E+03  8.1828E-05  9.5906E-13  3.4647E-13  3.0126E-05
 5.2811E+25  4.7434E-05  9.9995E-01  7.0223E+03  8.1828E-05  9.5165E-13  3.4647E-13  2.9918E-05
 5.2904E+25  4.7817E-05  9.9995E-01  7.0223E+03  8.1828E-05  9.4403E-13  3.4648E-13  2.9712E-05
 5.2997E+25  4.8186E-05  9.9995E-01  7.0223E+03  8.1828E-05  9.3669E-13  3.4648E-13  2.9516E-05
 5.3089E+25  4.7827E-05  9.9995E-01  7.0222E+03  8.1828E-05  9.4284E-13  3.4648E-13  2.9324E-05
 5.3182E+25  4.8106E-05  9.9995E-01  7.0222E+03  8.1828E-05  9.3835E-13  3.4648E-13  2.9134E-05
 5.3274E+25  4.8476E-05  9.9995E-01  7.0222E+03  8.1828E-05  9.3122E-13  3.4648E-13  2.8942E-05
 5.3367E+25  4.8864E-05  9.9995E-01  7.0222E+03  8.1828E-05  9.2383E-13  3.4648E-13  2.8750E-05
 5.3459E+25  4.9228E-05  9.9995E-01  7.0221E+03  8.1828E-05  9.1667E-13  3.4648E-13  2.8559E-05
 5.3552E+25  4.8813E-05  9.9995E-01  7.0221E+03  8.1828E-05  9.2402E-13  3.4648E-13  2.8368E-05
 5.3645E+25  4.9158E-05  9.9995E-01  7.0221E+03  8.1828E-05  9.1828E-13  3.4649E-13  2.8178E-05
 5.3737E+25  4.9531E-05  9.9995E-01  7.0220E+03  8.1828E-05  9.1138E-13  3.4649E-13  2.7988E-05
 5.3830E+25  4.9923E-05  9.9995E-01  7.0220E+03  8.1828E-05  9.0425E-13  3.4649E-13  2.7799E-05
 5.3922E+25  5.0276E-05  9.9995E-01  7.0220E+03  8.1828E-05  8.9725E-13  3.4649E-13  2.7612E-05
 5.4015E+25  4.9844E-05  9.9995E-01  7.0219E+03  8.1828E-05  9.0525E-13  3.4649E-13  2.7426E-05
 5.4107E+25  5.0224E-05  9.9995E-01  7.0219E+03  8.1828E-05  8.9882E-13  3.4649E-13  2.7241E-05
 5.4200E+25  5.0602E-05  9.9995E-01  7.0219E+03  8.1828E-05  8.9209E-13  3.4649E-13  2.7066E-05
 5.4292E+25  5.0994E-05  9.9995E-01  7.0219E+03  8.1828E-05  8.8527E-13  3.4649E-13  2.6894E-05
 5.4385E+25  5.1343E-05  9.9995E-01  7.0218E+03  8.1828E-05  8.7843E-13  3.4649E-13  2.6724E-05
 5.4478E+25  5.0911E-05  9.9995E-01  7.0218E+03  8.1828E-05  8.8646E-13  3.4650E-13  2.6553E-05
 5.4570E+25  5.1302E-05  9.9995E-01  7.0218E+03  8.1828E-05  8.7994E-13  3.4650E-13  2.6381E-05
 5.4663E+25  5.1688E-05  9.9995E-01  7.0218E+03  8.1828E-05  8.7336E-13  3.4650E-13  2.6211E-05
 5.4755E+25  5.2078E-05  9.9995E-01  7.0217E+03  8.1828E-05  8.6686E-13  3.4650E-13  2.6040E-05
 5.4848E+25  5.2440E-05  9.9995E-01  7.0217E+03  8.1828E-05  8.6019E-13  3.4650E-13  2.5869E-05
 5.4940E+25  5.2006E-05  9.9995E-01  7.0217E+03  8.1828E-05  8.6767E-13  3.4650E-13  2.5699E-05
 5.5033E+25  5.2394E-05  9.9995E-01  7.0216E+03  8.1828E-05  8.6161E-13  3.4650E-13  2.5530E-05
 5.5126E+25  5.2788E-05  9.9995E-01  7.0216E+03  8.1828E-05  8.5518E-13  3.4650E-13  2.5363E-05
 5.5218E+25  5.3177E-05  9.9995E-01  7.0216E+03  8.1828E-05  8.4895E-13  3.4650E-13  2.5195E-05
 5.5311E+25  5.3562E-05  9.9995E-01  7.0216E+03  8.1828E-05  8.4248E-13  3.4651E-13  2.5029E-05
 5.5403E+25  5.3134E-05  9.9995E-01  7.0215E+03  8.1828E-05  8.4898E-13  3.4651E-13  2.4868E-05
 5.5496E+25  5.3499E-05  9.9995E-01  7.0215E+03  8.1828E-05  8.4384E-13  3.4651E-13  2.4714E-05
 5.5588E+25  5.3901E-05  9.9995E-01  7.0215E+03  8.1828E-05  8.3753E-13  3.4651E-13  2.4561E-05
 5.5681E+25  5.4294E-05  9.9995E-01  7.0215E+03  8.1828E-05  8.3146E-13  3.4651E-13  2.4409E-05
 5.5774E+25  5.4694E-05  9.9995E-01  7.0214E+03  8.1828E-05  8.2529E-13  3.4651E-13  2.4256E-05
 5.5866E+25  5.4308E-05  9.9995E-01  7.0214E+03  8.1828E-05  8.3042E-13  3.4651E-13  2.4103E-05
 5.5959E+25  5.4619E-05  9.9995E-01  7.0214E+03  8.1828E-05  8.2653E-13  3.4651E-13  2.3950E-05
 5.6051E+25  5.5028E-05  9.9994E-01  7.0214E+03  8.1828E-05  8.2040E-13  3.4651E-13  2.3798E-05
 5.6144E+25  5.5430E-05  9.9994E-01  7.0213E+03  8.1828E-05  8.1443E-13  3.4651E-13  2.3647E-05
 5.6236E+25  5.5831E-05  9.9994E-01  7.0213E+03  8.1828E-05  8.0859E-13  3.4652E-13  2.3494E-05
 5.6329E+25  5.5530E-05  9.9994E-01  7.0213E+03  8.1828E-05  8.1207E-13  3.4652E-13  2.3343E-05
 5.6422E+25  5.5762E-05  9.9994E-01  7.0213E+03  8.1828E-05  8.0959E-13  3.4652E-13  2.3193E-05
 5.6514E+25  5.6170E-05  9.9994E-01  7.0212E+03  8.1828E-05  8.0375E-13  3.4652E-13  2.3044E-05
 5.6607E+25  5.6580E-05  9.9994E-01  7.0212E+03  8.1828E-05  7.9790E-13  3.4652E-13  2.2895E-05
 5.6699E+25  5.6983E-05  9.9994E-01  7.0212E+03  8.1828E-05  7.9226E-13  3.4652E-13  2.2754E-05
 5.6792E+25  5.6801E-05  9.9994E-01  7.0212E+03  8.1828E-05  7.9389E-13  3.4652E-13  2.2616E-05
 5.6884E+25  5.6923E-05  9.9994E-01  7.0211E+03  8.1828E-05  7.9308E-13  3.4652E-13  2.2480E-05
 5.6977E+25  5.7323E-05  9.9994E-01  7.0211E+03  8.1828E-05  7.8759E-13  3.4652E-13  2.2344E-05
 5.7070E+25  5.7744E-05  9.9994E-01  7.0211E+03  8.1828E-05  7.8183E-13  3.4652E-13  2.2207E-05
 5.7162E+25  5.8157E-05  9.9994E-01  7.0211E+03  8.1828E-05  7.7627E-13  3.4653E-13  2.2071E-05
 5.7255E+25  5.8117E-05  9.9994E-01  7.0210E+03  8.1828E-05  7.7593E-13  3.4653E-13  2.1934E-05
 5.7347E+25  5.8094E-05  9.9994E-01  7.0210E+03  8.1828E-05  7.7714E-13  3.4653E-13  2.1798E-05
 5.7440E+25  5.8503E-05  9.9994E-01  7.0210E+03  8.1828E-05  7.7168E-13  3.4653E-13  2.1663E-05
 5.7532E+25  5.8923E-05  9.9994E-01  7.0210E+03  8.1828E-05  7.6621E-13  3.4653E-13  2.1527E-05
 5.7625E+25  5.9344E-05  9.9994E-01  7.0209E+03  8.1828E-05  7.6076E-13  3.4653E-13  2.1392E-05
 5.7718E+25  5.9485E-05  9.9994E-01  7.0209E+03  8.1828E-05  7.5807E-13  3.4653E-13  2.1258E-05
 5.7810E+25  5.9279E-05  9.9994E-01  7.0209E+03  8.1828E-05  7.6161E-13  3.4653E-13  2.1124E-05
 5.7903E+25  5.9704E-05  9.9994E-01  7.0209E+03  8.1828E-05  7.5617E-13  3.4653E-13  2.0990E-05
 5.7995E+25  6.0113E-05  9.9994E-01  7.0209E+03  8.1828E-05  7.5104E-13  3.4653E-13  2.0863E-05
 5.8088E+25  6.0546E-05  9.9994E-01  7.0208E+03  8.1828E-05  7.4567E-13  3.4653E-13  2.0739E-05
 5.8180E+25  6.0908E-05  9.9994E-01  7.0208E+03  8.1828E-05  7.4046E-13  3.4654E-13  2.0617E-05
 5.8273E+25  6.0480E-05  9.9994E-01  7.0208E+03  8.1828E-05  7.4640E-13  3.4654E-13  2.0496E-05
 5.8366E+25  6.0913E-05  9.9994E-01  7.0208E+03  8.1828E-05  7.4119E-13  3.4654E-13  2.0374E-05
 5.8458E+25  6.1335E-05  9.9994E-01  7.0207E+03  8.1828E-05  7.3606E-13  3.4654E-13  2.0252E-05
 5.8551E+25  6.1763E-05  9.9994E-01  7.0207E+03  8.1828E-05  7.3100E-13  3.4654E-13  2.0130E-05
 5.8643E+25  6.2196E-05  9.9994E-01  7.0207E+03  8.1828E-05  7.2587E-13  3.4654E-13  2.0009E-05
 5.8736E+25  6.1888E-05  9.9994E-01  7.0207E+03  8.1828E-05  7.2868E-13  3.4654E-13  1.9887E-05
 5.8828E+25  6.2137E-05  9.9994E-01  7.0206E+03  8.1828E-05  7.2660E-13  3.4654E-13  1.9766E-05
 5.8921E+25  6.2576E-05  9.9994E-01  7.0206E+03  8.1828E-05  7.2151E-13  3.4654E-13  1.9645E-05
 5.9014E+25  6.2997E-05  9.9994E-01  7.0206E+03  8.1828E-05  7.1666E-13  3.4654E-13  1.9525E-05
 5.9106E+25  6.3440E-05  9.9994E-01  7.0206E+03  8.1828E-05  7.1167E-13  3.4654E-13  1.9405E-05
 5.9199E+25  6.3407E-05  9.9994E-01  7.0206E+03  8.1828E-05  7.1122E-13  3.4655E-13  1.9286E-05
 5.9291E+25  6.3383E-05  9.9994E-01  7.0205E+03  8.1828E-05  7.1231E-13  3.4655E-13  1.9168E-05
 5.9384E+25  6.3824E-05  9.9994E-01  7.0205E+03  8.1828E-05  7.0740E-13  3.4655E-13  1.9056E-05
 5.9476E+25  6.4265E-05  9.9994E-01  7.0205E+03  8.1828E-05  7.0252E-13  3.4655E-13  1.8946E-05
 5.9569E+25  6.4695E-05  9.9994E-01  7.0205E+03  8.1828E-05  6.9789E-13  3.4655E-13  1.8838E-05
 5.9662E+25  6.4973E-05  9.9994E-01  7.0204E+03  8.1828E-05  6.9409E-13  3.4655E-13  1.8730E-05
 5.9754E+25  6.4660E-05  9.9994E-01  7.0204E+03  8.1828E-05  6.9825E-13  3.4655E-13  1.8621E-05
 5.9847E+25  6.5091E-05  9.9993E-01  7.0204E+03  8.1828E-05  6.9364E-13  3.4655E-13  1.8512E-05
 5.9939E+25  6.5542E-05  9.9993E-01  7.0204E+03  8.1828E-05  6.8888E-13  3.4655E-13  1.8403E-05
 6.0032E+25  6.5982E-05  9.9993E-01  7.0204E+03  8.1828E-05  6.8425E-13  3.4655E-13  1.8295E-05
 6.0124E+25  6.6424E-05  9.9993E-01  7.0203E+03  8.1828E-05  6.7970E-13  3.4655E-13  1.8186E-05
 6.0217E+25  6.6112E-05  9.9993E-01  7.0203E+03  8.1828E-05  6.8218E-13  3.4656E-13  1.8078E-05
 6.0310E+25  6.6391E-05  9.9993E-01  7.0203E+03  8.1828E-05  6.8004E-13  3.4656E-13  1.7970E-05
 6.0402E+25  6.6833E-05  9.9993E-01  7.0203E+03  8.1828E-05  6.7557E-13  3.4656E-13  1.7862E-05
 6.0495E+25  6.7291E-05  9.9993E-01  7.0202E+03  8.1828E-05  6.7098E-13  3.4656E-13  1.7756E-05
 6.0587E+25  6.7732E-05  9.9993E-01  7.0202E+03  8.1828E-05  6.6658E-13  3.4656E-13  1.7649E-05
 6.0680E+25  6.7775E-05  9.9993E-01  7.0202E+03  8.1828E-05  6.6543E-13  3.4656E-13  1.7543E-05
 6.0772E+25  6.7711E-05  9.9993E-01  7.0202E+03  8.1828E-05  6.6680E-13  3.4656E-13  1.7444E-05
 6.0865E+25  6.8156E-05  9.9993E-01  7.0202E+03  8.1828E-05  6.6245E-13  3.4656E-13  1.7346E-05
 6.0958E+25  6.8609E-05  9.9993E-01  7.0201E+03  8.1828E-05  6.5810E-13  3.4656E-13  1.7249E-05
 6.1050E+25  6.9073E-05  9.9993E-01  7.0201E+03  8.1828E-05  6.5367E-13  3.4656E-13  1.7152E-05
 6.1143E+25  6.9472E-05  9.9993E-01  7.0201E+03  8.1828E-05  6.4950E-13  3.4656E-13  1.7055E-05
 6.1235E+25  6.9063E-05  9.9993E-01  7.0201E+03  8.1828E-05  6.5343E-13  3.4656E-13  1.6958E-05
 6.1328E+25  6.9505E-05  9.9993E-01  7.0201E+03  8.1828E-05  6.4961E-13  3.4657E-13  1.6861E-05
 6.1420E+25  6.9955E-05  9.9993E-01  7.0200E+03  8.1828E-05  6.4542E-13  3.4657E-13  1.6764E-05
 6.1513E+25  7.0417E-05  9.9993E-01  7.0200E+03  8.1828E-05  6.4121E-13  3.4657E-13  1.6668E-05
 6.1606E+25  7.0885E-05  9.9993E-01  7.0200E+03  8.1828E-05  6.3695E-13  3.4657E-13  1.6571E-05
 6.1698E+25  7.0784E-05  9.9993E-01  7.0200E+03  8.1828E-05  6.3716E-13  3.4657E-13  1.6474E-05
 6.1791E+25  7.0872E-05  9.9993E-01  7.0200E+03  8.1828E-05  6.3708E-13  3.4657E-13  1.6378E-05
 6.1883E+25  7.1333E-05  9.9993E-01  7.0199E+03  8.1828E-05  6.3297E-13  3.4657E-13  1.6283E-05
 6.1976E+25  7.1789E-05  9.9993E-01  7.0199E+03  8.1828E-05  6.2894E-13  3.4657E-13  1.6187E-05
 6.2068E+25  7.2259E-05  9.9993E-01  7.0199E+03  8.1828E-05  6.2487E-13  3.4657E-13  1.6092E-05
 6.2161E+25  7.2619E-05  9.9993E-01  7.0199E+03  8.1828E-05  6.2104E-13  3.4657E-13  1.6001E-05
 6.2254E+25  7.2255E-05  9.9993E-01  7.0199E+03  8.1828E-05  6.2491E-13  3.4657E-13  1.5913E-05
 6.2346E+25  7.2729E-05  9.9993E-01  7.0198E+03  8.1828E-05  6.2083E-13  3.4657E-13  1.5826E-05
 6.2439E+25  7.3197E-05  9.9993E-01  7.0198E+03  8.1828E-05  6.1686E-13  3.4658E-13  1.5740E-05
 6.2531E+25  7.3659E-05  9.9993E-01  7.0198E+03  8.1828E-05  6.1299E-13  3.4658E-13  1.5654E-05
 6.2624E+25  7.4136E-05  9.9993E-01  7.0198E+03  8.1828E-05  6.0906E-13  3.4658E-13  1.5567E-05
 6.2716E+25  7.4033E-05  9.9993E-01  7.0198E+03  8.1828E-05  6.0920E-13  3.4658E-13  1.5480E-05
 6.2809E+25  7.4142E-05  9.9993E-01  7.0197E+03  8.1828E-05  6.0901E-13  3.4658E-13  1.5394E-05
 6.2902E+25  7.4623E-05  9.9993E-01  7.0197E+03  8.1828E-05  6.0508E-13  3.4658E-13  1.5308E-05
 6.2994E+25  7.5097E-05  9.9992E-01  7.0197E+03  8.1828E-05  6.0127E-13  3.4658E-13  1.5222E-05
 6.3087E+25  7.5566E-05  9.9992E-01  7.0197E+03  8.1828E-05  5.9753E-13  3.4658E-13  1.5135E-05
 6.3179E+25  7.5962E-05  9.9992E-01  7.0197E+03  8.1828E-05  5.9376E-13  3.4658E-13  1.5049E-05
 6.3272E+25  7.5597E-05  9.9992E-01  7.0196E+03  8.1828E-05  5.9728E-13  3.4658E-13  1.4963E-05
 6.3364E+25  7.6067E-05  9.9992E-01  7.0196E+03  8.1828E-05  5.9362E-13  3.4658E-13  1.4878E-05
 6.3457E+25  7.6553E-05  9.9992E-01  7.0196E+03  8.1828E-05  5.8983E-13  3.4658E-13  1.4792E-05
 6.3550E+25  7.7034E-05  9.9992E-01  7.0196E+03  8.1828E-05  5.8615E-13  3.4658E-13  1.4708E-05
 6.3642E+25  7.7510E-05  9.9992E-01  7.0196E+03  8.1828E-05  5.8255E-13  3.4659E-13  1.4628E-05
 6.3735E+25  7.7498E-05  9.9992E-01  7.0195E+03  8.1828E-05  5.8201E-13  3.4659E-13  1.4549E-05
 6.3827E+25  7.7552E-05  9.9992E-01  7.0195E+03  8.1828E-05  5.8223E-13  3.4659E-13  1.4472E-05
 6.3920E+25  7.8029E-05  9.9992E-01  7.0195E+03  8.1828E-05  5.7870E-13  3.4659E-13  1.4395E-05
 6.4012E+25  7.8523E-05  9.9992E-01  7.0195E+03  8.1828E-05  5.7505E-13  3.4659E-13  1.4318E-05
 6.4105E+25  7.9010E-05  9.9992E-01  7.0195E+03  8.1828E-05  5.7151E-13  3.4659E-13  1.4241E-05
 6.4198E+25  7.9472E-05  9.9992E-01  7.0194E+03  8.1828E-05  5.6802E-13  3.4659E-13  1.4164E-05
 6.4290E+25  7.9119E-05  9.9992E-01  7.0194E+03  8.1828E-05  5.7025E-13  3.4659E-13  1.4087E-05
 6.4383E+25  7.9548E-05  9.9992E-01  7.0194E+03  8.1828E-05  5.6763E-13  3.4659E-13  1.4010E-05
 6.4475E+25  8.0030E-05  9.9992E-01  7.0194E+03  8.1828E-05  5.6424E-13  3.4659E-13  1.3933E-05
 6.4568E+25  8.0532E-05  9.9992E-01  7.0194E+03  8.1828E-05  5.6071E-13  3.4659E-13  1.3856E-05
 6.4660E+25  8.1025E-05  9.9992E-01  7.0193E+03  8.1828E-05  5.5731E-13  3.4659E-13  1.3779E-05
 6.4753E+25  8.1196E-05  9.9992E-01  7.0193E+03  8.1828E-05  5.5550E-13  3.4659E-13  1.3702E-05
 6.4846E+25  8.1086E-05  9.9992E-01  7.0193E+03  8.1828E-05  5.5689E-13  3.4660E-13  1.3626E-05
 6.4938E+25  8.1585E-05  9.9992E-01  7.0193E+03  8.1828E-05  5.5347E-13  3.4660E-13  1.3550E-05
 6.5031E+25  8.2072E-05  9.9992E-01  7.0193E+03  8.1828E-05  5.5021E-13  3.4660E-13  1.3474E-05
 6.5123E+25  8.2582E-05  9.9992E-01  7.0192E+03  8.1828E-05  5.4681E-13  3.4660E-13  1.3401E-05
 6.5216E+25  8.3077E-05  9.9992E-01  7.0192E+03  8.1828E-05  5.4353E-13  3.4660E-13  1.3331E-05
 6.5308E+25  8.2929E-05  9.9992E-01  7.0192E+03  8.1828E-05  5.4392E-13  3.4660E-13  1.3261E-05
 6.5401E+25  8.3156E-05  9.9992E-01  7.0192E+03  8.1828E-05  5.4304E-13  3.4660E-13  1.3193E-05
 6.5494E+25  8.3664E-05  9.9992E-01  7.0192E+03  8.1828E-05  5.3974E-13  3.4660E-13  1.3124E-05
 6.5586E+25  8.4156E-05  9.9992E-01  7.0191E+03  8.1828E-05  5.3659E-13  3.4660E-13  1.3055E-05
 6.5679E+25  8.4673E-05  9.9992E-01  7.0191E+03  8.1828E-05  5.3332E-13  3.4660E-13  1.2987E-05
 6.5771E+25  8.5121E-05  9.9991E-01  7.0191E+03  8.1828E-05  5.3015E-13  3.4660E-13  1.2918E-05
 6.5864E+25  8.4784E-05  9.9992E-01  7.0191E+03  8.1828E-05  5.3239E-13  3.4660E-13  1.2849E-05
 6.5956E+25  8.5271E-05  9.9991E-01  7.0191E+03  8.1828E-05  5.2957E-13  3.4660E-13  1.2781E-05
 6.6049E+25  8.5785E-05  9.9991E-01  7.0190E+03  8.1828E-05  5.2641E-13  3.4661E-13  1.2712E-05
 6.6142E+25  8.6285E-05  9.9991E-01  7.0190E+03  8.1828E-05  5.2336E-13  3.4661E-13  1.2644E-05
 6.6234E+25  8.6806E-05  9.9991E-01  7.0190E+03  8.1828E-05  5.2022E-13  3.4661E-13  1.2575E-05
 6.6327E+25  8.6990E-05  9.9991E-01  7.0190E+03  8.1828E-05  5.1856E-13  3.4661E-13  1.2507E-05
 6.6419E+25  8.6928E-05  9.9991E-01  7.0190E+03  8.1828E-05  5.1949E-13  3.4661E-13  1.2439E-05
 6.6512E+25  8.7433E-05  9.9991E-01  7.0190E+03  8.1828E-05  5.1650E-13  3.4661E-13  1.2370E-05
 6.6604E+25  8.7950E-05  9.9991E-01  7.0189E+03  8.1828E-05  5.1347E-13  3.4661E-13  1.2303E-05
 6.6697E+25  8.8459E-05  9.9991E-01  7.0189E+03  8.1828E-05  5.1050E-13  3.4661E-13  1.2239E-05
 6.6789E+25  8.8981E-05  9.9991E-01  7.0189E+03  8.1828E-05  5.0751E-13  3.4661E-13  1.2176E-05
 6.6882E+25  8.8923E-05  9.9991E-01  7.0189E+03  8.1828E-05  5.0731E-13  3.4661E-13  1.2114E-05
 6.6975E+25  8.9128E-05  9.9991E-01  7.0189E+03  8.1828E-05  5.0670E-13  3.4661E-13  1.2054E-05
 6.7067E+25  8.9640E-05  9.9991E-01  7.0188E+03  8.1828E-05  5.0379E-13  3.4661E-13  1.1993E-05
 6.7160E+25  9.0160E-05  9.9991E-01  7.0188E+03  8.1828E-05  5.0090E-13  3.4662E-13  1.1931E-05
 6.7252E+25  9.0682E-05  9.9991E-01  7.0188E+03  8.1828E-05  4.9800E-13  3.4662E-13  1.1870E-05
 6.7345E+25  9.1186E-05  9.9991E-01  7.0188E+03  8.1828E-05  4.9516E-13  3.4662E-13  1.1809E-05
 6.7437E+25  9.0944E-05  9.9991E-01  7.0188E+03  8.1828E-05  4.9615E-13  3.4662E-13  1.1748E-05
 6.7530E+25  9.1371E-05  9.9991E-01  7.0187E+03  8.1828E-05  4.9428E-13  3.4662E-13  1.1686E-05
 6.7623E+25  9.1899E-05  9.9991E-01  7.0187E+03  8.1828E-05  4.9142E-13  3.4662E-13  1.1625E-05
 6.7715E+25  9.2419E-05  9.9991E-01  7.0187E+03  8.1828E-05  4.8866E-13  3.4662E-13  1.1564E-05
 6.7808E+25  9.2951E-05  9.9991E-01  7.0187E+03  8.1828E-05  4.8586E-13  3.4662E-13  1.1503E-05
 6.7900E+25  9.3341E-05  9.9991E-01  7.0186E+03  8.1828E-05  4.8333E-13  3.4662E-13  1.1442E-05
 6.7993E+25  9.3137E-05  9.9991E-01  7.0186E+03  8.1828E-05  4.8492E-13  3.4662E-13  1.1381E-05
 6.8085E+25  9.3665E-05  9.9991E-01  7.0186E+03  8.1828E-05  4.8218E-13  3.4662E-13  1.1320E-05
 6.8178E+25  9.4204E-05  9.9991E-01  7.0186E+03  8.1828E-05  4.7942E-13  3.4662E-13  1.1260E-05
 6.8271E+25  9.4730E-05  9.9991E-01  7.0186E+03  8.1828E-05  4.7676E-13  3.4662E-13  1.1202E-05
 6.8363E+25  9.5265E-05  9.9990E-01  7.0185E+03  8.1828E-05  4.7408E-13  3.4663E-13  1.1146E-05
 6.8456E+25  9.5479E-05  9.9990E-01  7.0185E+03  8.1828E-05  4.7252E-13  3.4663E-13  1.1091E-05
 6.8548E+25  9.5473E-05  9.9990E-01  7.0185E+03  8.1828E-05  4.7308E-13  3.4663E-13  1.1036E-05
 6.8641E+25  9.6013E-05  9.9990E-01  7.0185E+03  8.1828E-05  4.7041E-13  3.4663E-13  1.0983E-05
 6.8733E+25  9.6558E-05  9.9990E-01  7.0185E+03  8.1828E-05  4.6777E-13  3.4663E-13  1.0928E-05
 6.8826E+25  9.7093E-05  9.9990E-01  7.0185E+03  8.1828E-05  4.6517E-13  3.4663E-13  1.0873E-05
 6.8919E+25  9.7627E-05  9.9990E-01  7.0184E+03  8.1828E-05  4.6262E-13  3.4663E-13  1.0819E-05
 6.9011E+25  9.7698E-05  9.9990E-01  7.0184E+03  8.1828E-05  4.6182E-13  3.4663E-13  1.0764E-05
 6.9104E+25  9.7860E-05  9.9990E-01  7.0184E+03  8.1828E-05  4.6157E-13  3.4663E-13  1.0710E-05
 6.9196E+25  9.8413E-05  9.9990E-01  7.0184E+03  8.1828E-05  4.5897E-13  3.4663E-13  1.0655E-05
 6.9289E+25  9.8958E-05  9.9990E-01  7.0184E+03  8.1828E-05  4.5645E-13  3.4663E-13  1.0601E-05
 6.9381E+25  9.9510E-05  9.9990E-01  7.0183E+03  8.1828E-05  4.5390E-13  3.4663E-13  1.0546E-05
 6.9474E+25  1.0004E-04  9.9990E-01  7.0183E+03  8.1828E-05  4.5145E-13  3.4664E-13  1.0491E-05
 6.9567E+25  9.9998E-05  9.9990E-01  7.0183E+03  8.1828E-05  4.5126E-13  3.4664E-13  1.0437E-05
 6.9659E+25  1.0030E-04  9.9990E-01  7.0183E+03  8.1828E-05  4.5035E-13  3.4664E-13  1.0383E-05
 6.9752E+25  1.0086E-04  9.9990E-01  7.0183E+03  8.1828E-05  4.4785E-13  3.4664E-13  1.0329E-05
 6.9844E+25  1.0142E-04  9.9990E-01  7.0182E+03  8.1828E-05  4.4540E-13  3.4664E-13  1.0275E-05
 6.9937E+25  1.0198E-04  9.9990E-01  7.0182E+03  8.1828E-05  4.4295E-13  3.4664E-13  1.0225E-05
 7.0029E+25  1.0251E-04  9.9990E-01  7.0182E+03  8.1828E-05  4.4057E-13  3.4664E-13  1.0175E-05
 7.0122E+25  1.0238E-04  9.9990E-01  7.0182E+03  8.1828E-05  4.4085E-13  3.4664E-13  1.0125E-05
 7.0215E+25  1.0281E-04  9.9990E-01  7.0182E+03  8.1828E-05  4.3941E-13  3.4664E-13  1.0077E-05
 7.0307E+25  1.0337E-04  9.9990E-01  7.0181E+03  8.1828E-05  4.3704E-13  3.4664E-13  1.0029E-05
 7.0400E+25  1.0393E-04  9.9990E-01  7.0181E+03  8.1828E-05  4.3466E-13  3.4664E-13  9.9804E-06
 7.0492E+25  1.0449E-04  9.9990E-01  7.0181E+03  8.1828E-05  4.3232E-13  3.4664E-13  9.9318E-06
 7.0585E+25  1.0501E-04  9.9989E-01  7.0181E+03  8.1828E-05  4.2998E-13  3.4664E-13  9.8833E-06
 7.0677E+25  1.0486E-04  9.9990E-01  7.0181E+03  8.1828E-05  4.3058E-13  3.4665E-13  9.8344E-06
 7.0770E+25  1.0537E-04  9.9989E-01  7.0180E+03  8.1828E-05  4.2875E-13  3.4665E-13  9.7861E-06
 7.0863E+25  1.0593E-04  9.9989E-01  7.0180E+03  8.1828E-05  4.2651E-13  3.4665E-13  9.7376E-06
 7.0955E+25  1.0650E-04  9.9989E-01  7.0180E+03  8.1828E-05  4.2421E-13  3.4665E-13  9.6890E-06
 7.1048E+25  1.0707E-04  9.9989E-01  7.0180E+03  8.1828E-05  4.2194E-13  3.4665E-13  9.6402E-06
 7.1140E+25  1.0756E-04  9.9989E-01  7.0179E+03  8.1828E-05  4.1969E-13  3.4665E-13  9.5918E-06
 7.1233E+25  1.0743E-04  9.9989E-01  7.0179E+03  8.1828E-05  4.2044E-13  3.4665E-13  9.5433E-06
 7.1325E+25  1.0799E-04  9.9989E-01  7.0179E+03  8.1828E-05  4.1840E-13  3.4665E-13  9.4949E-06
 7.1418E+25  1.0856E-04  9.9989E-01  7.0179E+03  8.1828E-05  4.1622E-13  3.4665E-13  9.4466E-06
 7.1511E+25  1.0913E-04  9.9989E-01  7.0179E+03  8.1828E-05  4.1404E-13  3.4665E-13  9.3985E-06
 7.1603E+25  1.0971E-04  9.9989E-01  7.0178E+03  8.1828E-05  4.1185E-13  3.4665E-13  9.3533E-06
 7.1696E+25  1.1015E-04  9.9989E-01  7.0178E+03  8.1828E-05  4.0977E-13  3.4665E-13  9.3087E-06
 7.1788E+25  1.1011E-04  9.9989E-01  7.0178E+03  8.1828E-05  4.1040E-13  3.4666E-13  9.2643E-06
 7.1881E+25  1.1067E-04  9.9989E-01  7.0178E+03  8.1828E-05  4.0830E-13  3.4666E-13  9.2213E-06
 7.1973E+25  1.1125E-04  9.9989E-01  7.0178E+03  8.1828E-05  4.0620E-13  3.4666E-13  9.1787E-06
 7.2066E+25  1.1182E-04  9.9989E-01  7.0177E+03  8.1828E-05  4.0413E-13  3.4666E-13  9.1354E-06
 7.2159E+25  1.1240E-04  9.9989E-01  7.0177E+03  8.1828E-05  4.0202E-13  3.4666E-13  9.0919E-06
 7.2251E+25  1.1281E-04  9.9989E-01  7.0177E+03  8.1828E-05  4.0016E-13  3.4666E-13  9.0486E-06
 7.2344E+25  1.1284E-04  9.9989E-01  7.0177E+03  8.1828E-05  4.0051E-13  3.4666E-13  9.0054E-06
 7.2436E+25  1.1343E-04  9.9989E-01  7.0177E+03  8.1828E-05  3.9845E-13  3.4666E-13  8.9622E-06
 7.2529E+25  1.1400E-04  9.9989E-01  7.0176E+03  8.1828E-05  3.9645E-13  3.4666E-13  8.9191E-06
 7.2621E+25  1.1458E-04  9.9989E-01  7.0176E+03  8.1828E-05  3.9445E-13  3.4666E-13  8.8757E-06
 7.2714E+25  1.1516E-04  9.9988E-01  7.0176E+03  8.1828E-05  3.9245E-13  3.4666E-13  8.8324E-06
 7.2807E+25  1.1555E-04  9.9988E-01  7.0176E+03  8.1828E-05  3.9072E-13  3.4666E-13  8.7891E-06
 7.2899E+25  1.1565E-04  9.9988E-01  7.0176E+03  8.1828E-05  3.9087E-13  3.4667E-13  8.7458E-06
 7.2992E+25  1.1624E-04  9.9988E-01  7.0175E+03  8.1828E-05  3.8888E-13  3.4667E-13  8.7026E-06
 7.3084E+25  1.1682E-04  9.9988E-01  7.0175E+03  8.1828E-05  3.8693E-13  3.4667E-13  8.6595E-06
 7.3177E+25  1.1741E-04  9.9988E-01  7.0175E+03  8.1828E-05  3.8502E-13  3.4667E-13  8.6164E-06
 7.3269E+25  1.1799E-04  9.9988E-01  7.0175E+03  8.1828E-05  3.8309E-13  3.4667E-13  8.5742E-06
 7.3362E+25  1.1838E-04  9.9988E-01  7.0174E+03  8.1828E-05  3.8147E-13  3.4667E-13  8.5343E-06
 7.3455E+25  1.1851E-04  9.9988E-01  7.0174E+03  8.1828E-05  3.8150E-13  3.4667E-13  8.4944E-06
 7.3547E+25  1.1912E-04  9.9988E-01  7.0174E+03  8.1828E-05  3.7956E-13  3.4667E-13  8.4552E-06
 7.3640E+25  1.1971E-04  9.9988E-01  7.0174E+03  8.1828E-05  3.7767E-13  3.4667E-13  8.4173E-06
 7.3732E+25  1.2030E-04  9.9988E-01  7.0174E+03  8.1828E-05  3.7581E-13  3.4667E-13  8.3791E-06
 7.3825E+25  1.2089E-04  9.9988E-01  7.0173E+03  8.1828E-05  3.7398E-13  3.4667E-13  8.3404E-06
 7.3917E+25  1.2128E-04  9.9988E-01  7.0173E+03  8.1828E-05  3.7241E-13  3.4667E-13  8.3019E-06
 7.4010E+25  1.2145E-04  9.9988E-01  7.0173E+03  8.1828E-05  3.7235E-13  3.4668E-13  8.2634E-06
 7.4103E+25  1.2206E-04  9.9988E-01  7.0173E+03  8.1828E-05  3.7051E-13  3.4668E-13  8.2249E-06
 7.4195E+25  1.2267E-04  9.9988E-01  7.0172E+03  8.1828E-05  3.6865E-13  3.4668E-13  8.1864E-06
 7.4288E+25  1.2327E-04  9.9988E-01  7.0172E+03  8.1828E-05  3.6685E-13  3.4668E-13  8.1479E-06
 7.4380E+25  1.2386E-04  9.9988E-01  7.0172E+03  8.1828E-05  3.6509E-13  3.4668E-13  8.1095E-06
 7.4473E+25  1.2428E-04  9.9988E-01  7.0172E+03  8.1828E-05  3.6352E-13  3.4668E-13  8.0710E-06
 7.4565E+25  1.2446E-04  9.9988E-01  7.0172E+03  8.1828E-05  3.6344E-13  3.4668E-13  8.0321E-06
 7.4658E+25  1.2507E-04  9.9987E-01  7.0171E+03  8.1828E-05  3.6167E-13  3.4668E-13  7.9937E-06
 7.4751E+25  1.2569E-04  9.9987E-01  7.0171E+03  8.1828E-05  3.5989E-13  3.4668E-13  7.9552E-06
 7.4843E+25  1.2631E-04  9.9987E-01  7.0171E+03  8.1828E-05  3.5812E-13  3.4668E-13  7.9167E-06
 7.4936E+25  1.2691E-04  9.9987E-01  7.0171E+03  8.1828E-05  3.5641E-13  3.4669E-13  7.8782E-06
 7.5028E+25  1.2735E-04  9.9987E-01  7.0170E+03  8.1828E-05  3.5483E-13  3.4669E-13  7.8403E-06
 7.5121E+25  1.2754E-04  9.9987E-01  7.0170E+03  8.1828E-05  3.5474E-13  3.4669E-13  7.8044E-06
 7.5213E+25  1.2816E-04  9.9987E-01  7.0170E+03  8.1828E-05  3.5304E-13  3.4669E-13  7.7689E-06
 7.5306E+25  1.2879E-04  9.9987E-01  7.0170E+03  8.1828E-05  3.5135E-13  3.4669E-13  7.7335E-06
 7.5399E+25  1.2942E-04  9.9987E-01  7.0169E+03  8.1828E-05  3.4964E-13  3.4669E-13  7.6996E-06
 7.5491E+25  1.3003E-04  9.9987E-01  7.0169E+03  8.1828E-05  3.4796E-13  3.4669E-13  7.6659E-06
 7.5584E+25  1.3052E-04  9.9987E-01  7.0169E+03  8.1828E-05  3.4633E-13  3.4669E-13  7.6316E-06
 7.5676E+25  1.3071E-04  9.9987E-01  7.0169E+03  8.1828E-05  3.4625E-13  3.4669E-13  7.5973E-06
 7.5769E+25  1.3133E-04  9.9987E-01  7.0169E+03  8.1828E-05  3.4463E-13  3.4669E-13  7.5631E-06
 7.5861E+25  1.3196E-04  9.9987E-01  7.0168E+03  8.1828E-05  3.4301E-13  3.4669E-13  7.5287E-06
 7.5954E+25  1.3259E-04  9.9987E-01  7.0168E+03  8.1828E-05  3.4139E-13  3.4670E-13  7.4945E-06
 7.6047E+25  1.3322E-04  9.9987E-01  7.0168E+03  8.1828E-05  3.3975E-13  3.4670E-13  7.4603E-06
 7.6139E+25  1.3376E-04  9.9987E-01  7.0168E+03  8.1828E-05  3.3815E-13  3.4670E-13  7.4261E-06
 7.6232E+25  1.3397E-04  9.9987E-01  7.0167E+03  8.1828E-05  3.3785E-13  3.4670E-13  7.3917E-06
 7.6324E+25  1.3459E-04  9.9987E-01  7.0167E+03  8.1828E-05  3.3643E-13  3.4670E-13  7.3572E-06
 7.6417E+25  1.3522E-04  9.9986E-01  7.0167E+03  8.1828E-05  3.3487E-13  3.4670E-13  7.3229E-06
 7.6509E+25  1.3585E-04  9.9986E-01  7.0167E+03  8.1828E-05  3.3332E-13  3.4670E-13  7.2888E-06
 7.6602E+25  1.3649E-04  9.9986E-01  7.0166E+03  8.1828E-05  3.3177E-13  3.4670E-13  7.2543E-06
 7.6695E+25  1.3706E-04  9.9986E-01  7.0166E+03  8.1828E-05  3.3021E-13  3.4670E-13  7.2199E-06
 7.6787E+25  1.3733E-04  9.9986E-01  7.0166E+03  8.1828E-05  3.2967E-13  3.4670E-13  7.1857E-06
 7.6880E+25  1.3793E-04  9.9986E-01  7.0166E+03  8.1828E-05  3.2841E-13  3.4670E-13  7.1524E-06
 7.6972E+25  1.3856E-04  9.9986E-01  7.0165E+03  8.1828E-05  3.2694E-13  3.4671E-13  7.1205E-06
 7.7065E+25  1.3920E-04  9.9986E-01  7.0165E+03  8.1828E-05  3.2545E-13  3.4671E-13  7.0888E-06
 7.7157E+25  1.3983E-04  9.9986E-01  7.0165E+03  8.1828E-05  3.2397E-13  3.4671E-13  7.0574E-06
 7.7250E+25  1.4043E-04  9.9986E-01  7.0165E+03  8.1828E-05  3.2247E-13  3.4671E-13  7.0275E-06
 7.7343E+25  1.4076E-04  9.9986E-01  7.0165E+03  8.1828E-05  3.2173E-13  3.4671E-13  6.9974E-06
 7.7435E+25  1.4135E-04  9.9986E-01  7.0164E+03  8.1828E-05  3.2059E-13  3.4671E-13  6.9669E-06
 7.7528E+25  1.4199E-04  9.9986E-01  7.0164E+03  8.1828E-05  3.1918E-13  3.4671E-13  6.9364E-06
 7.7620E+25  1.4263E-04  9.9986E-01  7.0164E+03  8.1828E-05  3.1777E-13  3.4671E-13  6.9059E-06
 7.7713E+25  1.4327E-04  9.9986E-01  7.0163E+03  8.1828E-05  3.1635E-13  3.4671E-13  6.8755E-06
 7.7805E+25  1.4388E-04  9.9986E-01  7.0163E+03  8.1828E-05  3.1494E-13  3.4671E-13  6.8451E-06
 7.7898E+25  1.4428E-04  9.9986E-01  7.0163E+03  8.1828E-05  3.1403E-13  3.4672E-13  6.8147E-06
 7.7991E+25  1.4486E-04  9.9986E-01  7.0163E+03  8.1828E-05  3.1300E-13  3.4672E-13  6.7841E-06
 7.8083E+25  1.4551E-04  9.9985E-01  7.0162E+03  8.1828E-05  3.1161E-13  3.4672E-13  6.7536E-06
 7.8176E+25  1.4615E-04  9.9985E-01  7.0162E+03  8.1828E-05  3.1027E-13  3.4672E-13  6.7230E-06
 7.8268E+25  1.4679E-04  9.9985E-01  7.0162E+03  8.1828E-05  3.0892E-13  3.4672E-13  6.6924E-06
 7.8361E+25  1.4742E-04  9.9985E-01  7.0162E+03  8.1828E-05  3.0756E-13  3.4672E-13  6.6617E-06
 7.8453E+25  1.4787E-04  9.9985E-01  7.0161E+03  8.1828E-05  3.0655E-13  3.4672E-13  6.6311E-06
 7.8546E+25  1.4845E-04  9.9985E-01  7.0161E+03  8.1828E-05  3.0562E-13  3.4672E-13  6.6007E-06
 7.8638E+25  1.4911E-04  9.9985E-01  7.0161E+03  8.1828E-05  3.0427E-13  3.4672E-13  6.5701E-06
 7.8731E+25  1.4977E-04  9.9985E-01  7.0161E+03  8.1828E-05  3.0294E-13  3.4672E-13  6.5398E-06
 7.8824E+25  1.5041E-04  9.9985E-01  7.0160E+03  8.1828E-05  3.0166E-13  3.4673E-13  6.5113E-06
 7.8916E+25  1.5105E-04  9.9985E-01  7.0160E+03  8.1828E-05  3.0038E-13  3.4673E-13  6.4830E-06
 7.9009E+25  1.5157E-04  9.9985E-01  7.0160E+03  8.1828E-05  2.9924E-13  3.4673E-13  6.4548E-06
 7.9101E+25  1.5211E-04  9.9985E-01  7.0160E+03  8.1828E-05  2.9845E-13  3.4673E-13  6.4277E-06
 7.9194E+25  1.5280E-04  9.9985E-01  7.0159E+03  8.1828E-05  2.9713E-13  3.4673E-13  6.4012E-06
 7.9286E+25  1.5347E-04  9.9985E-01  7.0159E+03  8.1828E-05  2.9584E-13  3.4673E-13  6.3741E-06
 7.9379E+25  1.5413E-04  9.9985E-01  7.0159E+03  8.1828E-05  2.9457E-13  3.4673E-13  6.3470E-06
 7.9472E+25  1.5477E-04  9.9985E-01  7.0159E+03  8.1828E-05  2.9335E-13  3.4673E-13  6.3199E-06
 7.9564E+25  1.5534E-04  9.9984E-01  7.0158E+03  8.1828E-05  2.9217E-13  3.4673E-13  6.2928E-06
 7.9657E+25  1.5588E-04  9.9984E-01  7.0158E+03  8.1828E-05  2.9141E-13  3.4674E-13  6.2658E-06
 7.9749E+25  1.5656E-04  9.9984E-01  7.0158E+03  8.1828E-05  2.9019E-13  3.4674E-13  6.2387E-06
 7.9842E+25  1.5725E-04  9.9984E-01  7.0157E+03  8.1828E-05  2.8893E-13  3.4674E-13  6.2117E-06
 7.9934E+25  1.5793E-04  9.9984E-01  7.0157E+03  8.1828E-05  2.8770E-13  3.4674E-13  6.1846E-06
 8.0027E+25  1.5859E-04  9.9984E-01  7.0157E+03  8.1828E-05  2.8650E-13  3.4674E-13  6.1574E-06
 8.0120E+25  1.5920E-04  9.9984E-01  7.0157E+03  8.1828E-05  2.8532E-13  3.4674E-13  6.1300E-06
 8.0212E+25  1.5974E-04  9.9984E-01  7.0156E+03  8.1828E-05  2.8452E-13  3.4674E-13  6.1028E-06
 8.0305E+25  1.6042E-04  9.9984E-01  7.0156E+03  8.1828E-05  2.8338E-13  3.4674E-13  6.0756E-06
 8.0397E+25  1.6111E-04  9.9984E-01  7.0156E+03  8.1828E-05  2.8222E-13  3.4674E-13  6.0484E-06
 8.0490E+25  1.6181E-04  9.9984E-01  7.0155E+03  8.1828E-05  2.8102E-13  3.4675E-13  6.0210E-06
 8.0582E+25  1.6249E-04  9.9984E-01  7.0155E+03  8.1828E-05  2.7984E-13  3.4675E-13  5.9938E-06
 8.0675E+25  1.6314E-04  9.9984E-01  7.0155E+03  8.1828E-05  2.7870E-13  3.4675E-13  5.9671E-06
 8.0768E+25  1.6372E-04  9.9984E-01  7.0155E+03  8.1828E-05  2.7778E-13  3.4675E-13  5.9419E-06
 8.0860E+25  1.6438E-04  9.9984E-01  7.0154E+03  8.1828E-05  2.7676E-13  3.4675E-13  5.9165E-06
 8.0953E+25  1.6508E-04  9.9983E-01  7.0154E+03  8.1828E-05  2.7563E-13  3.4675E-13  5.8913E-06
 8.1045E+25  1.6577E-04  9.9983E-01  7.0154E+03  8.1828E-05  2.7453E-13  3.4675E-13  5.8674E-06
 8.1138E+25  1.6647E-04  9.9983E-01  7.0154E+03  8.1828E-05  2.7338E-13  3.4675E-13  5.8438E-06
 8.1230E+25  1.6716E-04  9.9983E-01  7.0153E+03  8.1828E-05  2.7225E-13  3.4675E-13  5.8197E-06
 8.1323E+25  1.6778E-04  9.9983E-01  7.0153E+03  8.1828E-05  2.7126E-13  3.4676E-13  5.7957E-06
 8.1416E+25  1.6845E-04  9.9983E-01  7.0153E+03  8.1828E-05  2.7029E-13  3.4676E-13  5.7715E-06
 8.1508E+25  1.6914E-04  9.9983E-01  7.0152E+03  8.1828E-05  2.6922E-13  3.4676E-13  5.7475E-06
 8.1601E+25  1.6984E-04  9.9983E-01  7.0152E+03  8.1828E-05  2.6816E-13  3.4676E-13  5.7234E-06
 8.1693E+25  1.7054E-04  9.9983E-01  7.0152E+03  8.1828E-05  2.6711E-13  3.4676E-13  5.6993E-06
 8.1786E+25  1.7125E-04  9.9983E-01  7.0152E+03  8.1828E-05  2.6602E-13  3.4676E-13  5.6753E-06
 8.1878E+25  1.7193E-04  9.9983E-01  7.0151E+03  8.1828E-05  2.6496E-13  3.4676E-13  5.6512E-06
 8.1971E+25  1.7261E-04  9.9983E-01  7.0151E+03  8.1828E-05  2.6400E-13  3.4676E-13  5.6270E-06
 8.2064E+25  1.7331E-04  9.9983E-01  7.0151E+03  8.1828E-05  2.6297E-13  3.4676E-13  5.6028E-06
 8.2156E+25  1.7400E-04  9.9983E-01  7.0150E+03  8.1828E-05  2.6195E-13  3.4677E-13  5.5785E-06
 8.2249E+25  1.7471E-04  9.9983E-01  7.0150E+03  8.1828E-05  2.6095E-13  3.4677E-13  5.5543E-06
 8.2341E+25  1.7542E-04  9.9982E-01  7.0150E+03  8.1828E-05  2.5995E-13  3.4677E-13  5.5300E-06
 8.2434E+25  1.7614E-04  9.9982E-01  7.0149E+03  8.1828E-05  2.5891E-13  3.4677E-13  5.5057E-06
 8.2526E+25  1.7686E-04  9.9982E-01  7.0149E+03  8.1828E-05  2.5788E-13  3.4677E-13  5.4815E-06
 8.2619E+25  1.7756E-04  9.9982E-01  7.0149E+03  8.1828E-05  2.5689E-13  3.4677E-13  5.4574E-06
 8.2712E+25  1.7827E-04  9.9982E-01  7.0149E+03  8.1828E-05  2.5592E-13  3.4677E-13  5.4343E-06
 8.2804E+25  1.7898E-04  9.9982E-01  7.0148E+03  8.1828E-05  2.5494E-13  3.4677E-13  5.4117E-06
 8.2897E+25  1.7969E-04  9.9982E-01  7.0148E+03  8.1828E-05  2.5399E-13  3.4678E-13  5.3892E-06
 8.2989E+25  1.8042E-04  9.9982E-01  7.0148E+03  8.1828E-05  2.5303E-13  3.4678E-13  5.3673E-06
 8.3082E+25  1.8118E-04  9.9982E-01  7.0147E+03  8.1828E-05  2.5199E-13  3.4678E-13  5.3463E-06
 8.3174E+25  1.8191E-04  9.9982E-01  7.0147E+03  8.1828E-05  2.5098E-13  3.4678E-13  5.3251E-06
 8.3267E+25  1.8262E-04  9.9982E-01  7.0147E+03  8.1828E-05  2.5004E-13  3.4678E-13  5.3037E-06
 8.3360E+25  1.8334E-04  9.9982E-01  7.0146E+03  8.1828E-05  2.4911E-13  3.4678E-13  5.2824E-06
 8.3452E+25  1.8406E-04  9.9982E-01  7.0146E+03  8.1828E-05  2.4818E-13  3.4678E-13  5.2609E-06
 8.3545E+25  1.8479E-04  9.9982E-01  7.0146E+03  8.1828E-05  2.4728E-13  3.4678E-13  5.2396E-06
 8.3637E+25  1.8557E-04  9.9981E-01  7.0146E+03  8.1828E-05  2.4630E-13  3.4679E-13  5.2181E-06
 8.3730E+25  1.8633E-04  9.9981E-01  7.0145E+03  8.1828E-05  2.4527E-13  3.4679E-13  5.1968E-06
 8.3822E+25  1.8706E-04  9.9981E-01  7.0145E+03  8.1828E-05  2.4434E-13  3.4679E-13  5.1754E-06
 8.3915E+25  1.8779E-04  9.9981E-01  7.0144E+03  8.1828E-05  2.4343E-13  3.4679E-13  5.1540E-06
 8.4008E+25  1.8852E-04  9.9981E-01  7.0144E+03  8.1828E-05  2.4256E-13  3.4679E-13  5.1324E-06
 8.4100E+25  1.8926E-04  9.9981E-01  7.0144E+03  8.1828E-05  2.4166E-13  3.4679E-13  5.1108E-06
 8.4193E+25  1.9005E-04  9.9981E-01  7.0144E+03  8.1828E-05  2.4077E-13  3.4679E-13  5.0892E-06
 8.4285E+25  1.9083E-04  9.9981E-01  7.0143E+03  8.1828E-05  2.3971E-13  3.4679E-13  5.0677E-06
 8.4378E+25  1.9158E-04  9.9981E-01  7.0143E+03  8.1828E-05  2.3882E-13  3.4680E-13  5.0461E-06
 8.4470E+25  1.9232E-04  9.9981E-01  7.0143E+03  8.1828E-05  2.3793E-13  3.4680E-13  5.0245E-06
 8.4563E+25  1.9306E-04  9.9981E-01  7.0142E+03  8.1828E-05  2.3706E-13  3.4680E-13  5.0029E-06
 8.4656E+25  1.9381E-04  9.9981E-01  7.0142E+03  8.1828E-05  2.3623E-13  3.4680E-13  4.9813E-06
 8.4748E+25  1.9460E-04  9.9981E-01  7.0142E+03  8.1828E-05  2.3538E-13  3.4680E-13  4.9609E-06
 8.4841E+25  1.9543E-04  9.9980E-01  7.0141E+03  8.1828E-05  2.3430E-13  3.4680E-13  4.9407E-06
 8.4933E+25  1.9617E-04  9.9980E-01  7.0141E+03  8.1828E-05  2.3344E-13  3.4680E-13  4.9206E-06
 8.5026E+25  1.9692E-04  9.9980E-01  7.0141E+03  8.1828E-05  2.3261E-13  3.4680E-13  4.9008E-06
 8.5118E+25  1.9768E-04  9.9980E-01  7.0140E+03  8.1828E-05  2.3176E-13  3.4681E-13  4.8822E-06
 8.5211E+25  1.9844E-04  9.9980E-01  7.0140E+03  8.1828E-05  2.3093E-13  3.4681E-13  4.8635E-06
 8.5304E+25  1.9923E-04  9.9980E-01  7.0140E+03  8.1828E-05  2.3014E-13  3.4681E-13  4.8446E-06
 8.5396E+25  2.0010E-04  9.9980E-01  7.0139E+03  8.1828E-05  2.2916E-13  3.4681E-13  4.8255E-06
 8.5489E+25  2.0087E-04  9.9980E-01  7.0139E+03  8.1828E-05  2.2817E-13  3.4681E-13  4.8065E-06
 8.5581E+25  2.0160E-04  9.9980E-01  7.0139E+03  8.1828E-05  2.2739E-13  3.4681E-13  4.7874E-06
 8.5674E+25  2.0236E-04  9.9980E-01  7.0138E+03  8.1828E-05  2.2663E-13  3.4681E-13  4.7685E-06
 8.5766E+25  2.0314E-04  9.9980E-01  7.0138E+03  8.1828E-05  2.2582E-13  3.4682E-13  4.7494E-06
 8.5859E+25  2.0394E-04  9.9980E-01  7.0138E+03  8.1828E-05  2.2502E-13  3.4682E-13  4.7304E-06
 8.5952E+25  2.0480E-04  9.9980E-01  7.0137E+03  8.1828E-05  2.2421E-13  3.4682E-13  4.7114E-06
 8.6044E+25  2.0564E-04  9.9979E-01  7.0137E+03  8.1828E-05  2.2308E-13  3.4682E-13  4.6923E-06
 8.6137E+25  2.0638E-04  9.9979E-01  7.0137E+03  8.1828E-05  2.2231E-13  3.4682E-13  4.6731E-06
 8.6229E+25  2.0713E-04  9.9979E-01  7.0136E+03  8.1828E-05  2.2158E-13  3.4682E-13  4.6539E-06
 8.6322E+25  2.0790E-04  9.9979E-01  7.0136E+03  8.1828E-05  2.2086E-13  3.4682E-13  4.6347E-06
 8.6414E+25  2.0870E-04  9.9979E-01  7.0136E+03  8.1828E-05  2.2010E-13  3.4682E-13  4.6155E-06
 8.6507E+25  2.0956E-04  9.9979E-01  7.0135E+03  8.1828E-05  2.1934E-13  3.4683E-13  4.5963E-06
 8.6600E+25  2.1047E-04  9.9979E-01  7.0135E+03  8.1828E-05  2.1824E-13  3.4683E-13  4.5771E-06
 8.6692E+25  2.1122E-04  9.9979E-01  7.0135E+03  8.1828E-05  2.1742E-13  3.4683E-13  4.5578E-06
 8.6785E+25  2.1198E-04  9.9979E-01  7.0134E+03  8.1828E-05  2.1669E-13  3.4683E-13  4.5389E-06
 8.6877E+25  2.1274E-04  9.9979E-01  7.0134E+03  8.1828E-05  2.1599E-13  3.4683E-13  4.5209E-06
 8.6970E+25  2.1353E-04  9.9979E-01  7.0134E+03  8.1828E-05  2.1530E-13  3.4683E-13  4.5029E-06
 8.7062E+25  2.1437E-04  9.9979E-01  7.0133E+03  8.1828E-05  2.1460E-13  3.4683E-13  4.4849E-06
 8.7155E+25  2.1532E-04  9.9978E-01  7.0133E+03  8.1828E-05  2.1369E-13  3.4684E-13  4.4677E-06
 8.7248E+25  2.1614E-04  9.9978E-01  7.0132E+03  8.1828E-05  2.1263E-13  3.4684E-13  4.4512E-06
 8.7340E+25  2.1689E-04  9.9978E-01  7.0132E+03  8.1828E-05  2.1197E-13  3.4684E-13  4.4345E-06
 8.7433E+25  2.1766E-04  9.9978E-01  7.0132E+03  8.1828E-05  2.1128E-13  3.4684E-13  4.4175E-06
 8.7525E+25  2.1844E-04  9.9978E-01  7.0131E+03  8.1828E-05  2.1061E-13  3.4684E-13  4.4007E-06
 8.7618E+25  2.1925E-04  9.9978E-01  7.0131E+03  8.1828E-05  2.0994E-13  3.4684E-13  4.3839E-06
 8.7710E+25  2.2016E-04  9.9978E-01  7.0131E+03  8.1828E-05  2.0930E-13  3.4684E-13  4.3670E-06
 8.7803E+25  2.2109E-04  9.9978E-01  7.0130E+03  8.1828E-05  2.0807E-13  3.4685E-13  4.3500E-06
 8.7896E+25  2.2186E-04  9.9978E-01  7.0130E+03  8.1828E-05  2.0736E-13  3.4685E-13  4.3332E-06
 8.7988E+25  2.2262E-04  9.9978E-01  7.0130E+03  8.1828E-05  2.0672E-13  3.4685E-13  4.3164E-06
 8.8081E+25  2.2340E-04  9.9978E-01  7.0129E+03  8.1828E-05  2.0608E-13  3.4685E-13  4.2994E-06
 8.8173E+25  2.2421E-04  9.9978E-01  7.0129E+03  8.1828E-05  2.0543E-13  3.4685E-13  4.2825E-06
 8.8266E+25  2.2508E-04  9.9977E-01  7.0129E+03  8.1828E-05  2.0481E-13  3.4685E-13  4.2653E-06
 8.8358E+25  2.2605E-04  9.9977E-01  7.0128E+03  8.1828E-05  2.0388E-13  3.4685E-13  4.2483E-06
 8.8451E+25  2.2686E-04  9.9977E-01  7.0128E+03  8.1828E-05  2.0295E-13  3.4686E-13  4.2312E-06
 8.8544E+25  2.2764E-04  9.9977E-01  7.0127E+03  8.1828E-05  2.0231E-13  3.4686E-13  4.2142E-06
 8.8636E+25  2.2841E-04  9.9977E-01  7.0127E+03  8.1828E-05  2.0167E-13  3.4686E-13  4.1970E-06
 8.8729E+25  2.2921E-04  9.9977E-01  7.0127E+03  8.1828E-05  2.0109E-13  3.4686E-13  4.1799E-06
 8.8821E+25  2.3006E-04  9.9977E-01  7.0126E+03  8.1828E-05  2.0047E-13  3.4686E-13  4.1628E-06
 8.8914E+25  2.3101E-04  9.9977E-01  7.0126E+03  8.1828E-05  1.9984E-13  3.4686E-13  4.1458E-06
 8.9006E+25  2.3191E-04  9.9977E-01  7.0126E+03  8.1828E-05  1.9862E-13  3.4686E-13  4.1296E-06
 8.9099E+25  2.3267E-04  9.9977E-01  7.0125E+03  8.1828E-05  1.9805E-13  3.4687E-13  4.1135E-06
 8.9192E+25  2.3346E-04  9.9977E-01  7.0125E+03  8.1828E-05  1.9745E-13  3.4687E-13  4.0975E-06
 8.9284E+25  2.3426E-04  9.9977E-01  7.0125E+03  8.1828E-05  1.9684E-13  3.4687E-13  4.0818E-06
 8.9377E+25  2.3508E-04  9.9976E-01  7.0124E+03  8.1828E-05  1.9627E-13  3.4687E-13  4.0670E-06
 8.9469E+25  2.3598E-04  9.9976E-01  7.0124E+03  8.1828E-05  1.9570E-13  3.4687E-13  4.0523E-06
 8.9562E+25  2.3697E-04  9.9976E-01  7.0123E+03  8.1828E-05  1.9474E-13  3.4687E-13  4.0374E-06
 8.9654E+25  2.3777E-04  9.9976E-01  7.0123E+03  8.1828E-05  1.9388E-13  3.4687E-13  4.0224E-06
 8.9747E+25  2.3853E-04  9.9976E-01  7.0123E+03  8.1828E-05  1.9333E-13  3.4688E-13  4.0074E-06
 8.9840E+25  2.3932E-04  9.9976E-01  7.0122E+03  8.1828E-05  1.9279E-13  3.4688E-13  3.9923E-06
 8.9932E+25  2.4014E-04  9.9976E-01  7.0122E+03  8.1828E-05  1.9222E-13  3.4688E-13  3.9774E-06
 9.0025E+25  2.4100E-04  9.9976E-01  7.0122E+03  8.1828E-05  1.9165E-13  3.4688E-13  3.9624E-06
 9.0117E+25  2.4197E-04  9.9976E-01  7.0121E+03  8.1828E-05  1.9110E-13  3.4688E-13  3.9474E-06
 9.0210E+25  2.4289E-04  9.9976E-01  7.0121E+03  8.1828E-05  1.8986E-13  3.4688E-13  3.9324E-06
 9.0302E+25  2.4364E-04  9.9976E-01  7.0121E+03  8.1828E-05  1.8934E-13  3.4689E-13  3.9174E-06
 9.0395E+25  2.4442E-04  9.9976E-01  7.0120E+03  8.1828E-05  1.8881E-13  3.4689E-13  3.9023E-06
 9.0487E+25  2.4521E-04  9.9975E-01  7.0120E+03  8.1828E-05  1.8830E-13  3.4689E-13  3.8870E-06
 9.0580E+25  2.4606E-04  9.9975E-01  7.0119E+03  8.1828E-05  1.8777E-13  3.4689E-13  3.8719E-06
 9.0673E+25  2.4697E-04  9.9975E-01  7.0119E+03  8.1828E-05  1.8724E-13  3.4689E-13  3.8567E-06
 9.0765E+25  2.4797E-04  9.9975E-01  7.0119E+03  8.1828E-05  1.8636E-13  3.4689E-13  3.8415E-06
 9.0858E+25  2.4878E-04  9.9975E-01  7.0118E+03  8.1828E-05  1.8548E-13  3.4689E-13  3.8263E-06
 9.0950E+25  2.4954E-04  9.9975E-01  7.0118E+03  8.1828E-05  1.8497E-13  3.4690E-13  3.8111E-06
 9.1043E+25  2.5032E-04  9.9975E-01  7.0118E+03  8.1828E-05  1.8448E-13  3.4690E-13  3.7958E-06
 9.1135E+25  2.5113E-04  9.9975E-01  7.0117E+03  8.1828E-05  1.8398E-13  3.4690E-13  3.7807E-06
 9.1228E+25  2.5199E-04  9.9975E-01  7.0117E+03  8.1828E-05  1.8351E-13  3.4690E-13  3.7663E-06
 9.1321E+25  2.5296E-04  9.9975E-01  7.0116E+03  8.1828E-05  1.8300E-13  3.4690E-13  3.7520E-06
 9.1413E+25  2.5391E-04  9.9975E-01  7.0116E+03  8.1828E-05  1.8181E-13  3.4690E-13  3.7377E-06
 9.1506E+25  2.5466E-04  9.9975E-01  7.0116E+03  8.1828E-05  1.8129E-13  3.4690E-13  3.7236E-06
 9.1598E+25  2.5543E-04  9.9974E-01  7.0115E+03  8.1828E-05  1.8080E-13  3.4691E-13  3.7105E-06
 9.1691E+25  2.5622E-04  9.9974E-01  7.0115E+03  8.1828E-05  1.8033E-13  3.4691E-13  3.6975E-06
 9.1783E+25  2.5705E-04  9.9974E-01  7.0114E+03  8.1828E-05  1.7986E-13  3.4691E-13  3.6843E-06
 9.1876E+25  2.5793E-04  9.9974E-01  7.0114E+03  8.1828E-05  1.7940E-13  3.4691E-13  3.6710E-06
 9.1969E+25  2.5894E-04  9.9974E-01  7.0114E+03  8.1828E-05  1.7872E-13  3.4691E-13  3.6577E-06
 9.2061E+25  2.5979E-04  9.9974E-01  7.0113E+03  8.1828E-05  1.7770E-13  3.4691E-13  3.6444E-06
 9.2154E+25  2.6054E-04  9.9974E-01  7.0113E+03  8.1828E-05  1.7725E-13  3.4692E-13  3.6311E-06
 9.2246E+25  2.6131E-04  9.9974E-01  7.0113E+03  8.1828E-05  1.7681E-13  3.4692E-13  3.6177E-06
 9.2339E+25  2.6211E-04  9.9974E-01  7.0112E+03  8.1828E-05  1.7635E-13  3.4692E-13  3.6044E-06
 9.2431E+25  2.6295E-04  9.9974E-01  7.0112E+03  8.1828E-05  1.7591E-13  3.4692E-13  3.5911E-06
 9.2524E+25  2.6388E-04  9.9974E-01  7.0111E+03  8.1828E-05  1.7547E-13  3.4692E-13  3.5778E-06
