 4.6285E+22  3.2766E-11  1.0000E+00  1.1646E+04  8.1828E-05  1.0464E-06  2.2805E-13  1.0000E+00
 1.3886E+23  2.2931E-10  1.0000E+00  1.1650E+04  8.1828E-05  1.4948E-07  2.2799E-13  1.0000E+00
 2.3143E+23  6.2193E-10  1.0000E+00  1.1663E+04  8.1828E-05  5.5072E-08  2.2778E-13  1.0000E+00
 3.2400E+23  1.2091E-09  1.0000E+00  1.1690E+04  8.1828E-05  2.8280E-08  2.2734E-13  1.0000E+00
 4.1657E+23  1.9874E-09  1.0000E+00  1.1738E+04  8.1828E-05  1.7154E-08  2.2654E-13  1.0000E+00
 5.0914E+23  2.9507E-09  1.0000E+00  1.1817E+04  8.1828E-05  1.1498E-08  2.2526E-13  1.0000E+00
 6.0171E+23  4.0866E-09  1.0000E+00  1.1939E+04  8.1828E-05  8.2406E-09  2.2331E-13  1.0000E+00
 6.9428E+23  5.3824E-09  1.0000E+00  1.2115E+04  8.1828E-05  6.1909E-09  2.2056E-13  1.0000E+00
 7.8685E+23  6.8040E-09  1.0000E+00  1.2373E+04  8.1828E-05  4.8233E-09  2.1665E-13  1.0000E+00
 8.7942E+23  8.3243E-09  1.0000E+00  1.2731E+04  8.1828E-05  3.8616E-09  2.1145E-13  1.0000E+00
 9.7199E+23  9.9226E-09  1.0000E+00  1.3166E+04  8.1828E-05  3.1615E-09  2.0548E-13  1.0000E+00
 1.0646E+24  1.1621E-08  1.0000E+00  1.3604E+04  8.1828E-05  2.6359E-09  1.9981E-13  1.0000E+00
 1.1571E+24  1.3498E-08  1.0000E+00  1.3921E+04  8.1828E-05  2.2315E-09  1.9589E-13  1.0000E+00
 1.2497E+24  1.5609E-08  1.0000E+00  1.4092E+04  8.1828E-05  1.9126E-09  1.9385E-13  1.0000E+00
 1.3423E+24  1.7910E-08  1.0000E+00  1.4187E+04  8.1828E-05  1.6587E-09  1.9273E-13  1.0000E+00
 1.4348E+24  2.0367E-08  1.0000E+00  1.4287E+04  8.1828E-05  1.4511E-09  1.9157E-13  9.9999E-01
 1.5274E+24  2.2950E-08  1.0000E+00  1.4387E+04  8.1828E-05  1.2812E-09  1.9042E-13  9.9999E-01
 1.6200E+24  2.5700E-08  1.0000E+00  1.4481E+04  8.1828E-05  1.1387E-09  1.8936E-13  9.9999E-01
 1.7126E+24  2.8589E-08  1.0000E+00  1.4572E+04  8.1828E-05  1.0189E-09  1.8834E-13  9.9999E-01
 1.8051E+24  3.1626E-08  1.0000E+00  1.4654E+04  8.1828E-05  9.1730E-10  1.8743E-13  9.9999E-01
 1.8977E+24  3.4812E-08  1.0000E+00  1.4733E+04  8.1828E-05  8.3006E-10  1.8656E-13  9.9999E-01
 1.9903E+24  3.8156E-08  1.0000E+00  1.4810E+04  8.1828E-05  7.5444E-10  1.8572E-13  9.9999E-01
 2.0828E+24  4.1634E-08  1.0000E+00  1.4884E+04  8.1828E-05  6.8887E-10  1.8492E-13  9.9999E-01
 2.1754E+24  4.5231E-08  1.0000E+00  1.4957E+04  8.1828E-05  6.3184E-10  1.8415E-13  9.9999E-01
 2.2680E+24  4.9008E-08  1.0000E+00  1.5027E+04  8.1828E-05  5.8114E-10  1.8340E-13  9.9999E-01
 2.3605E+24  5.2922E-08  1.0000E+00  1.5096E+04  8.1828E-05  5.3637E-10  1.8268E-13  9.9999E-01
 2.4531E+24  5.6965E-08  1.0000E+00  1.5159E+04  8.1828E-05  4.9677E-10  1.8202E-13  9.9999E-01
 2.5457E+24  6.1143E-08  1.0000E+00  1.5224E+04  8.1828E-05  4.6137E-10  1.8135E-13  9.9998E-01
 2.6383E+24  6.5493E-08  1.0000E+00  1.5287E+04  8.1828E-05  4.2941E-10  1.8070E-13  9.9998E-01
 2.7308E+24  6.9971E-08  1.0000E+00  1.5346E+04  8.1828E-05  4.0079E-10  1.8010E-13  9.9998E-01
 2.8234E+24  7.4545E-08  1.0000E+00  1.5407E+04  8.1828E-05  3.7511E-10  1.7949E-13  9.9998E-01
 2.9160E+24  7.9306E-08  1.0000E+00  1.5463E+04  8.1828E-05  3.5165E-10  1.7892E-13  9.9998E-01
 3.0085E+24  8.4252E-08  1.0000E+00  1.5518E+04  8.1828E-05  3.3014E-10  1.7837E-13  9.9998E-01
 3.1011E+24  8.9270E-08  1.0000E+00  1.5575E+04  8.1828E-05  3.1075E-10  1.7781E-13  9.9998E-01
 3.1937E+24  9.4386E-08  1.0000E+00  1.5627E+04  8.1828E-05  2.9317E-10  1.7728E-13  9.9998E-01
 3.2862E+24  9.9723E-08  1.0000E+00  1.5679E+04  8.1828E-05  2.7681E-10  1.7678E-13  9.9997E-01
 3.3788E+24  1.0514E-07  1.0000E+00  1.5730E+04  8.1828E-05  2.6192E-10  1.7628E-13  9.9997E-01
 3.4714E+24  1.1066E-07  1.0000E+00  1.5780E+04  8.1828E-05  2.4826E-10  1.7580E-13  9.9997E-01
 3.5640E+24  1.1641E-07  1.0000E+00  1.5829E+04  8.1828E-05  2.3547E-10  1.7533E-13  9.9997E-01
 3.6565E+24  1.2239E-07  1.0000E+00  1.5875E+04  8.1828E-05  2.2350E-10  1.7488E-13  9.9997E-01
 3.7491E+24  1.2825E-07  1.0000E+00  1.5922E+04  8.1828E-05  2.1281E-10  1.7443E-13  9.9997E-01
 3.8417E+24  1.3441E-07  1.0000E+00  1.5968E+04  8.1828E-05  2.0263E-10  1.7400E-13  9.9997E-01
 3.9342E+24  1.4070E-07  1.0000E+00  1.6012E+04  8.1828E-05  1.9317E-10  1.7358E-13  9.9996E-01
 4.0268E+24  1.4711E-07  1.0000E+00  1.6056E+04  8.1828E-05  1.8439E-10  1.7316E-13  9.9996E-01
 4.1194E+24  1.5354E-07  1.0000E+00  1.6098E+04  8.1828E-05  1.7632E-10  1.7277E-13  9.9996E-01
 4.2120E+24  1.6042E-07  1.0000E+00  1.6140E+04  8.1828E-05  1.6844E-10  1.7238E-13  9.9996E-01
 4.3045E+24  1.6710E-07  1.0000E+00  1.6181E+04  8.1828E-05  1.6140E-10  1.7200E-13  9.9996E-01
 4.3971E+24  1.7392E-07  1.0000E+00  1.6221E+04  8.1828E-05  1.5478E-10  1.7163E-13  9.9996E-01
 4.4897E+24  1.8109E-07  1.0000E+00  1.6261E+04  8.1828E-05  1.4839E-10  1.7126E-13  9.9995E-01
 4.5822E+24  1.8835E-07  1.0000E+00  1.6300E+04  8.1828E-05  1.4242E-10  1.7091E-13  9.9995E-01
 4.6748E+24  1.9570E-07  1.0000E+00  1.6338E+04  8.1828E-05  1.3683E-10  1.7056E-13  9.9995E-01
 4.7674E+24  2.0318E-07  1.0000E+00  1.6375E+04  8.1828E-05  1.3158E-10  1.7022E-13  9.9995E-01
 4.8599E+24  2.1076E-07  1.0000E+00  1.6412E+04  8.1828E-05  1.2663E-10  1.6989E-13  9.9995E-01
 4.9525E+24  2.1847E-07  1.0000E+00  1.6448E+04  8.1828E-05  1.2196E-10  1.6957E-13  9.9994E-01
 5.0451E+24  2.2633E-07  1.0000E+00  1.6483E+04  8.1828E-05  1.1754E-10  1.6925E-13  9.9994E-01
 5.1377E+24  2.3434E-07  1.0000E+00  1.6518E+04  8.1828E-05  1.1335E-10  1.6894E-13  9.9994E-01
 5.2302E+24  2.4251E-07  1.0000E+00  1.6552E+04  8.1828E-05  1.0936E-10  1.6864E-13  9.9994E-01
 5.3228E+24  2.5088E-07  1.0000E+00  1.6586E+04  8.1828E-05  1.0556E-10  1.6834E-13  9.9994E-01
 5.4154E+24  2.5945E-07  1.0000E+00  1.6619E+04  8.1828E-05  1.0192E-10  1.6804E-13  9.9993E-01
 5.5079E+24  2.6774E-07  1.0000E+00  1.6652E+04  8.1828E-05  9.8617E-11  1.6775E-13  9.9993E-01
 5.6005E+24  2.7616E-07  1.0000E+00  1.6684E+04  8.1828E-05  9.5474E-11  1.6747E-13  9.9993E-01
 5.6931E+24  2.8526E-07  1.0000E+00  1.6716E+04  8.1828E-05  9.2298E-11  1.6719E-13  9.9993E-01
 5.7856E+24  2.9465E-07  1.0000E+00  1.6746E+04  8.1828E-05  8.9237E-11  1.6692E-13  9.9992E-01
 5.8782E+24  3.0278E-07  1.0000E+00  1.6777E+04  8.1828E-05  8.6721E-11  1.6666E-13  9.9992E-01
 5.9708E+24  3.1245E-07  1.0000E+00  1.6807E+04  8.1828E-05  8.3926E-11  1.6640E-13  9.9992E-01
 6.0634E+24  3.2218E-07  1.0000E+00  1.6836E+04  8.1828E-05  8.1287E-11  1.6614E-13  9.9992E-01
 6.1559E+24  3.3076E-07  1.0000E+00  1.6866E+04  8.1828E-05  7.9078E-11  1.6589E-13  9.9991E-01
 6.2485E+24  3.4138E-07  1.0000E+00  1.6894E+04  8.1828E-05  7.6520E-11  1.6565E-13  9.9991E-01
 6.3411E+24  3.5007E-07  1.0000E+00  1.6923E+04  8.1828E-05  7.4529E-11  1.6540E-13  9.9991E-01
 6.4336E+24  3.6085E-07  1.0000E+00  1.6951E+04  8.1828E-05  7.2215E-11  1.6517E-13  9.9991E-01
 6.5262E+24  3.7001E-07  1.0000E+00  1.6978E+04  8.1828E-05  7.0340E-11  1.6493E-13  9.9990E-01
 6.6188E+24  3.8106E-07  1.0000E+00  1.7005E+04  8.1828E-05  6.8221E-11  1.6470E-13  9.9990E-01
 6.7113E+24  3.9023E-07  1.0000E+00  1.7032E+04  8.1828E-05  6.6540E-11  1.6447E-13  9.9989E-01
 6.8039E+24  4.0205E-07  1.0000E+00  1.7058E+04  8.1828E-05  6.4509E-11  1.6425E-13  9.9987E-01
 6.8965E+24  4.1083E-07  1.0000E+00  1.7085E+04  8.1828E-05  6.3059E-11  1.6403E-13  9.9984E-01
 6.9891E+24  4.2264E-07  1.0000E+00  1.7110E+04  8.1828E-05  6.1228E-11  1.6382E-13  9.9978E-01
 7.0816E+24  4.3319E-07  1.0000E+00  1.7135E+04  8.1828E-05  5.9672E-11  1.6361E-13  9.9965E-01
 7.1742E+24  4.4356E-07  1.0000E+00  1.7159E+04  8.1828E-05  5.8215E-11  1.6341E-13  9.9942E-01
 7.2668E+24  4.5572E-07  1.0000E+00  1.7182E+04  8.1828E-05  5.6605E-11  1.6322E-13  9.9896E-01
 7.3593E+24  4.6602E-07  1.0000E+00  1.7203E+04  8.1828E-05  5.5300E-11  1.6305E-13  9.9810E-01
 7.4519E+24  4.7723E-07  1.0000E+00  1.7220E+04  8.1828E-05  5.3955E-11  1.6291E-13  9.9651E-01
 7.5445E+24  4.8972E-07  1.0000E+00  1.7232E+04  8.1828E-05  5.2542E-11  1.6282E-13  9.9364E-01
 7.6371E+24  5.0144E-07  1.0000E+00  1.7233E+04  8.1828E-05  5.1288E-11  1.6281E-13  9.8854E-01
 7.7296E+24  5.1243E-07  1.0000E+00  1.7219E+04  8.1828E-05  5.0183E-11  1.6293E-13  9.7969E-01
 7.8222E+24  5.2583E-07  1.0000E+00  1.7179E+04  8.1828E-05  4.8933E-11  1.6328E-13  9.6475E-01
 7.9148E+24  5.3997E-07  1.0000E+00  1.7096E+04  8.1828E-05  4.7731E-11  1.6399E-13  9.4040E-01
 8.0073E+24  5.5418E-07  1.0000E+00  1.6951E+04  8.1828E-05  4.6664E-11  1.6526E-13  9.0249E-01
 8.0999E+24  5.6936E-07  1.0000E+00  1.6719E+04  8.1828E-05  4.5688E-11  1.6732E-13  8.4703E-01
 8.1925E+24  5.8857E-07  1.0000E+00  1.6377E+04  8.1828E-05  4.4613E-11  1.7042E-13  7.7224E-01
 8.2850E+24  6.1105E-07  1.0000E+00  1.5920E+04  8.1828E-05  4.3566E-11  1.7475E-13  6.8099E-01
 8.3776E+24  6.3724E-07  1.0000E+00  1.5360E+04  8.1828E-05  4.2553E-11  1.8033E-13  5.8142E-01
 8.4702E+24  6.6394E-07  1.0000E+00  1.4735E+04  8.1828E-05  4.1775E-11  1.8697E-13  4.8412E-01
 8.5628E+24  6.9697E-07  1.0000E+00  1.4092E+04  8.1828E-05  4.0827E-11  1.9432E-13  3.9764E-01
 8.6553E+24  7.3277E-07  1.0000E+00  1.3469E+04  8.1828E-05  3.9894E-11  2.0200E-13  3.2593E-01
 8.7479E+24  7.6906E-07  1.0000E+00  1.2891E+04  8.1828E-05  3.9051E-11  2.0969E-13  2.6891E-01
 8.8405E+24  8.0425E-07  1.0000E+00  1.2370E+04  8.1828E-05  3.8330E-11  2.1716E-13  2.2438E-01
 8.9330E+24  8.4328E-07  1.0000E+00  1.1905E+04  8.1828E-05  3.7467E-11  2.2429E-13  1.8966E-01
 9.0256E+24  8.8159E-07  1.0000E+00  1.1495E+04  8.1828E-05  3.6664E-11  2.3100E-13  1.6237E-01
 9.1182E+24  9.1607E-07  1.0000E+00  1.1132E+04  8.1828E-05  3.6039E-11  2.3730E-13  1.4063E-01
 9.2107E+24  9.5518E-07  1.0000E+00  1.0811E+04  8.1828E-05  3.5240E-11  2.4317E-13  1.2305E-01
 9.3033E+24  9.9254E-07  1.0000E+00  1.0527E+04  8.1828E-05  3.4519E-11  2.4864E-13  1.0864E-01
 9.3959E+24  1.0263E-06  1.0000E+00  1.0273E+04  8.1828E-05  3.3936E-11  2.5374E-13  9.6662E-02
 9.4885E+24  1.0648E-06  1.0000E+00  1.0046E+04  8.1828E-05  3.3204E-11  2.5849E-13  8.6590E-02
 9.5810E+24  1.1009E-06  1.0000E+00  9.8425E+03  8.1828E-05  3.2557E-11  2.6292E-13  7.8029E-02
 9.6736E+24  1.1340E-06  1.0000E+00  9.6588E+03  8.1828E-05  3.2015E-11  2.6705E-13  7.0685E-02
 9.7662E+24  1.1718E-06  1.0000E+00  9.4925E+03  8.1828E-05  3.1348E-11  2.7091E-13  6.4329E-02
 9.8587E+24  1.2080E-06  1.0000E+00  9.3415E+03  8.1828E-05  3.0736E-11  2.7452E-13  5.8791E-02
 9.9513E+24  1.2396E-06  1.0000E+00  9.2038E+03  8.1828E-05  3.0262E-11  2.7790E-13  5.3930E-02
 1.0044E+25  1.2768E-06  1.0000E+00  9.0779E+03  8.1828E-05  2.9656E-11  2.8107E-13  4.9640E-02
 1.0136E+25  1.3139E-06  1.0000E+00  8.9625E+03  8.1828E-05  2.9070E-11  2.8405E-13  4.5831E-02
 1.0229E+25  1.3453E-06  1.0000E+00  8.8564E+03  8.1828E-05  2.8619E-11  2.8684E-13  4.2435E-02
 1.0322E+25  1.3802E-06  1.0000E+00  8.7586E+03  8.1828E-05  2.8111E-11  2.8947E-13  3.9392E-02
 1.0414E+25  1.4169E-06  1.0000E+00  8.6682E+03  8.1828E-05  2.7577E-11  2.9194E-13  3.6654E-02
 1.0507E+25  1.4534E-06  1.0000E+00  8.5845E+03  8.1828E-05  2.7062E-11  2.9427E-13  3.4182E-02
 1.0599E+25  1.4848E-06  1.0000E+00  8.5068E+03  8.1828E-05  2.6650E-11  2.9647E-13  3.1941E-02
 1.0692E+25  1.5192E-06  1.0000E+00  8.4346E+03  8.1828E-05  2.6203E-11  2.9855E-13  2.9905E-02
 1.0784E+25  1.5554E-06  1.0000E+00  8.3674E+03  8.1828E-05  2.5734E-11  3.0051E-13  2.8048E-02
 1.0877E+25  1.5915E-06  1.0000E+00  8.3046E+03  8.1828E-05  2.5279E-11  3.0236E-13  2.6350E-02
 1.0970E+25  1.6276E-06  1.0000E+00  8.2459E+03  8.1828E-05  2.4838E-11  3.0412E-13  2.4794E-02
 1.1062E+25  1.6611E-06  1.0000E+00  8.1910E+03  8.1828E-05  2.4443E-11  3.0578E-13  2.3364E-02
 1.1155E+25  1.6939E-06  1.0000E+00  8.1395E+03  8.1828E-05  2.4079E-11  3.0736E-13  2.2047E-02
 1.1247E+25  1.7300E-06  1.0000E+00  8.0912E+03  8.1828E-05  2.3672E-11  3.0886E-13  2.0831E-02
 1.1340E+25  1.7659E-06  1.0000E+00  8.0457E+03  8.1828E-05  2.3280E-11  3.1028E-13  1.9707E-02
 1.1432E+25  1.8021E-06  1.0000E+00  8.0029E+03  8.1828E-05  2.2897E-11  3.1163E-13  1.8665E-02
 1.1525E+25  1.8380E-06  1.0000E+00  7.9626E+03  8.1828E-05  2.2526E-11  3.1292E-13  1.7698E-02
 1.1618E+25  1.8740E-06  1.0000E+00  7.9246E+03  8.1828E-05  2.2167E-11  3.1414E-13  1.6800E-02
 1.1710E+25  1.9102E-06  1.0000E+00  7.8887E+03  8.1828E-05  2.1814E-11  3.1530E-13  1.5962E-02
 1.1803E+25  1.9462E-06  1.0000E+00  7.8547E+03  8.1828E-05  2.1474E-11  3.1641E-13  1.5182E-02
 1.1895E+25  1.9823E-06  1.0000E+00  7.8226E+03  8.1828E-05  2.1142E-11  3.1747E-13  1.4452E-02
 1.1988E+25  2.0185E-06  1.0000E+00  7.7921E+03  8.1828E-05  2.0817E-11  3.1848E-13  1.3770E-02
 1.2080E+25  2.0546E-06  1.0000E+00  7.7633E+03  8.1828E-05  2.0501E-11  3.1944E-13  1.3132E-02
 1.2173E+25  2.0909E-06  1.0000E+00  7.7359E+03  8.1828E-05  2.0195E-11  3.2036E-13  1.2533E-02
 1.2266E+25  2.1274E-06  1.0000E+00  7.7098E+03  8.1828E-05  1.9896E-11  3.2124E-13  1.1970E-02
 1.2358E+25  2.1647E-06  1.0000E+00  7.6851E+03  8.1828E-05  1.9597E-11  3.2208E-13  1.1442E-02
 1.2451E+25  2.2017E-06  1.0000E+00  7.6616E+03  8.1828E-05  1.9310E-11  3.2288E-13  1.0944E-02
 1.2543E+25  2.2387E-06  1.0000E+00  7.6392E+03  8.1828E-05  1.9030E-11  3.2365E-13  1.0476E-02
 1.2636E+25  2.2757E-06  1.0000E+00  7.6178E+03  8.1828E-05  1.8755E-11  3.2439E-13  1.0034E-02
 1.2728E+25  2.3130E-06  1.0000E+00  7.5975E+03  8.1828E-05  1.8485E-11  3.2509E-13  9.6171E-03
 1.2821E+25  2.3507E-06  1.0000E+00  7.5780E+03  8.1828E-05  1.8220E-11  3.2577E-13  9.2231E-03
 1.2914E+25  2.3887E-06  1.0000E+00  7.5595E+03  8.1828E-05  1.7960E-11  3.2642E-13  8.8508E-03
 1.3006E+25  2.4270E-06  1.0000E+00  7.5418E+03  8.1828E-05  1.7705E-11  3.2704E-13  8.4986E-03
 1.3099E+25  2.4657E-06  1.0000E+00  7.5249E+03  8.1828E-05  1.7454E-11  3.2763E-13  8.1646E-03
 1.3191E+25  2.5048E-06  1.0000E+00  7.5087E+03  8.1828E-05  1.7207E-11  3.2821E-13  7.8479E-03
 1.3284E+25  2.5443E-06  1.0000E+00  7.4932E+03  8.1828E-05  1.6964E-11  3.2876E-13  7.5480E-03
 1.3376E+25  2.5842E-06  1.0000E+00  7.4783E+03  8.1828E-05  1.6725E-11  3.2929E-13  7.2631E-03
 1.3469E+25  2.6246E-06  1.0000E+00  7.4641E+03  8.1828E-05  1.6489E-11  3.2980E-13  6.9920E-03
 1.3562E+25  2.6655E-06  1.0000E+00  7.4505E+03  8.1828E-05  1.6256E-11  3.3028E-13  6.7345E-03
 1.3654E+25  2.7030E-06  1.0000E+00  7.4374E+03  8.1828E-05  1.6055E-11  3.3075E-13  6.4899E-03
 1.3747E+25  2.7374E-06  1.0000E+00  7.4249E+03  8.1828E-05  1.5867E-11  3.3121E-13  6.2564E-03
 1.3839E+25  2.7788E-06  1.0000E+00  7.4128E+03  8.1828E-05  1.5647E-11  3.3164E-13  6.0343E-03
 1.3932E+25  2.8209E-06  1.0000E+00  7.4013E+03  8.1828E-05  1.5430E-11  3.3206E-13  5.8226E-03
 1.4024E+25  2.8636E-06  1.0000E+00  7.3901E+03  8.1828E-05  1.5215E-11  3.3247E-13  5.6205E-03
 1.4117E+25  2.9071E-06  1.0000E+00  7.3795E+03  8.1828E-05  1.5003E-11  3.3286E-13  5.4279E-03
 1.4210E+25  2.9502E-06  1.0000E+00  7.3692E+03  8.1828E-05  1.4801E-11  3.3323E-13  5.2435E-03
 1.4302E+25  2.9794E-06  1.0000E+00  7.3593E+03  8.1828E-05  1.4670E-11  3.3360E-13  5.0677E-03
 1.4395E+25  3.0231E-06  1.0000E+00  7.3498E+03  8.1828E-05  1.4467E-11  3.3395E-13  4.8998E-03
 1.4487E+25  3.0683E-06  1.0000E+00  7.3406E+03  8.1828E-05  1.4266E-11  3.3428E-13  4.7386E-03
 1.4580E+25  3.1144E-06  1.0000E+00  7.3318E+03  8.1828E-05  1.4066E-11  3.3461E-13  4.5849E-03
 1.4672E+25  3.1605E-06  1.0000E+00  7.3232E+03  8.1828E-05  1.3875E-11  3.3492E-13  4.4373E-03
 1.4765E+25  3.1872E-06  1.0000E+00  7.3151E+03  8.1828E-05  1.3770E-11  3.3523E-13  4.2965E-03
 1.4858E+25  3.2336E-06  1.0000E+00  7.3071E+03  8.1828E-05  1.3579E-11  3.3552E-13  4.1609E-03
 1.4950E+25  3.2819E-06  1.0000E+00  7.2995E+03  8.1828E-05  1.3388E-11  3.3581E-13  4.0312E-03
 1.5043E+25  3.3315E-06  1.0000E+00  7.2921E+03  8.1828E-05  1.3198E-11  3.3608E-13  3.9068E-03
 1.5135E+25  3.3638E-06  1.0000E+00  7.2850E+03  8.1828E-05  1.3087E-11  3.3635E-13  3.7875E-03
 1.5228E+25  3.4040E-06  1.0000E+00  7.2781E+03  8.1828E-05  1.2934E-11  3.3660E-13  3.6728E-03
 1.5320E+25  3.4552E-06  1.0000E+00  7.2715E+03  8.1828E-05  1.2750E-11  3.3685E-13  3.5626E-03
 1.5413E+25  3.5074E-06  1.0000E+00  7.2651E+03  8.1828E-05  1.2568E-11  3.3709E-13  3.4568E-03
 1.5506E+25  3.5370E-06  1.0000E+00  7.2589E+03  8.1828E-05  1.2476E-11  3.3732E-13  3.3552E-03
 1.5598E+25  3.5809E-06  1.0000E+00  7.2529E+03  8.1828E-05  1.2324E-11  3.3755E-13  3.2572E-03
 1.5691E+25  3.6352E-06  1.0000E+00  7.2471E+03  8.1828E-05  1.2147E-11  3.3777E-13  3.1632E-03
 1.5783E+25  3.6867E-06  1.0000E+00  7.2415E+03  8.1828E-05  1.1989E-11  3.3798E-13  3.0724E-03
 1.5876E+25  3.7093E-06  1.0000E+00  7.2360E+03  8.1828E-05  1.1917E-11  3.3819E-13  2.9856E-03
 1.5968E+25  3.7657E-06  1.0000E+00  7.2308E+03  8.1828E-05  1.1744E-11  3.3838E-13  2.9013E-03
 1.6061E+25  3.8237E-06  1.0000E+00  7.2257E+03  8.1828E-05  1.1571E-11  3.3858E-13  2.8207E-03
 1.6154E+25  3.8522E-06  1.0000E+00  7.2207E+03  8.1828E-05  1.1497E-11  3.3877E-13  2.7424E-03
 1.6246E+25  3.8990E-06  1.0000E+00  7.2160E+03  8.1828E-05  1.1358E-11  3.3895E-13  2.6675E-03
 1.6339E+25  3.9598E-06  1.0000E+00  7.2113E+03  8.1828E-05  1.1189E-11  3.3912E-13  2.5949E-03
 1.6431E+25  3.9976E-06  1.0000E+00  7.2068E+03  8.1828E-05  1.1094E-11  3.3929E-13  2.5250E-03
 1.6524E+25  4.0359E-06  1.0000E+00  7.2025E+03  8.1828E-05  1.0987E-11  3.3946E-13  2.4576E-03
 1.6616E+25  4.0997E-06  1.0000E+00  7.1982E+03  8.1828E-05  1.0820E-11  3.3962E-13  2.3922E-03
 1.6709E+25  4.1409E-06  1.0000E+00  7.1942E+03  8.1828E-05  1.0723E-11  3.3978E-13  2.3297E-03
 1.6802E+25  4.1770E-06  1.0000E+00  7.1902E+03  8.1828E-05  1.0628E-11  3.3993E-13  2.2686E-03
 1.6894E+25  4.2437E-06  1.0000E+00  7.1863E+03  8.1828E-05  1.0465E-11  3.4008E-13  2.2101E-03
 1.6987E+25  4.2823E-06  1.0000E+00  7.1826E+03  8.1828E-05  1.0380E-11  3.4022E-13  2.1533E-03
 1.7079E+25  4.3226E-06  1.0000E+00  7.1789E+03  8.1828E-05  1.0281E-11  3.4036E-13  2.0984E-03
 1.7172E+25  4.3926E-06  1.0000E+00  7.1754E+03  8.1828E-05  1.0120E-11  3.4049E-13  2.0456E-03
 1.7264E+25  4.4212E-06  1.0000E+00  7.1719E+03  8.1828E-05  1.0064E-11  3.4063E-13  1.9941E-03
 1.7357E+25  4.4733E-06  1.0000E+00  7.1686E+03  8.1828E-05  9.9445E-12  3.4075E-13  1.9446E-03
 1.7450E+25  4.5471E-06  1.0000E+00  7.1654E+03  8.1828E-05  9.7860E-12  3.4088E-13  1.8965E-03
 1.7542E+25  4.5575E-06  1.0000E+00  7.1622E+03  8.1828E-05  9.7726E-12  3.4100E-13  1.8499E-03
 1.7635E+25  4.6297E-06  1.0000E+00  7.1591E+03  8.1828E-05  9.6171E-12  3.4112E-13  1.8051E-03
 1.7727E+25  4.6860E-06  1.0000E+00  7.1562E+03  8.1828E-05  9.5099E-12  3.4123E-13  1.7614E-03
 1.7820E+25  4.7126E-06  1.0000E+00  7.1532E+03  8.1828E-05  9.4532E-12  3.4135E-13  1.7191E-03
 1.7912E+25  4.7925E-06  1.0000E+00  7.1504E+03  8.1828E-05  9.2980E-12  3.4145E-13  1.6783E-03
 1.8005E+25  4.8188E-06  1.0000E+00  7.1477E+03  8.1828E-05  9.2555E-12  3.4156E-13  1.6384E-03
 1.8097E+25  4.8780E-06  1.0000E+00  7.1450E+03  8.1828E-05  9.1398E-12  3.4166E-13  1.6001E-03
 1.8190E+25  4.9468E-06  1.0000E+00  7.1424E+03  8.1828E-05  9.0207E-12  3.4176E-13  1.5629E-03
 1.8283E+25  4.9640E-06  1.0000E+00  7.1399E+03  8.1828E-05  8.9858E-12  3.4186E-13  1.5265E-03
 1.8375E+25  5.0508E-06  9.9999E-01  7.1374E+03  8.1828E-05  8.8335E-12  3.4196E-13  1.4916E-03
 1.8468E+25  5.0752E-06  9.9999E-01  7.1350E+03  8.1828E-05  8.7986E-12  3.4205E-13  1.4576E-03
 1.8560E+25  5.1398E-06  9.9999E-01  7.1326E+03  8.1828E-05  8.6845E-12  3.4214E-13  1.4243E-03
 1.8653E+25  5.2026E-06  9.9999E-01  7.1304E+03  8.1828E-05  8.5870E-12  3.4223E-13  1.3925E-03
 1.8745E+25  5.2295E-06  9.9999E-01  7.1281E+03  8.1828E-05  8.5390E-12  3.4232E-13  1.3613E-03
 1.8838E+25  5.3241E-06  9.9999E-01  7.1260E+03  8.1828E-05  8.3891E-12  3.4240E-13  1.3308E-03
 1.8931E+25  5.3262E-06  9.9999E-01  7.1239E+03  8.1828E-05  8.3929E-12  3.4248E-13  1.3017E-03
 1.9023E+25  5.4176E-06  9.9999E-01  7.1218E+03  8.1828E-05  8.2476E-12  3.4256E-13  1.2732E-03
 1.9116E+25  5.4523E-06  9.9999E-01  7.1198E+03  8.1828E-05  8.2022E-12  3.4264E-13  1.2453E-03
 1.9208E+25  5.5121E-06  9.9999E-01  7.1178E+03  8.1828E-05  8.1091E-12  3.4272E-13  1.2184E-03
 1.9301E+25  5.5786E-06  9.9999E-01  7.1159E+03  8.1828E-05  8.0195E-12  3.4279E-13  1.1923E-03
 1.9393E+25  5.6076E-06  9.9999E-01  7.1140E+03  8.1828E-05  7.9738E-12  3.4286E-13  1.1667E-03
 1.9486E+25  5.7046E-06  9.9999E-01  7.1122E+03  8.1828E-05  7.8447E-12  3.4293E-13  1.1420E-03
 1.9579E+25  5.7048E-06  9.9999E-01  7.1105E+03  8.1828E-05  7.8411E-12  3.4300E-13  1.1180E-03
 1.9671E+25  5.8146E-06  9.9999E-01  7.1087E+03  8.1828E-05  7.6940E-12  3.4307E-13  1.0944E-03
 1.9764E+25  5.8195E-06  9.9999E-01  7.1070E+03  8.1828E-05  7.6941E-12  3.4314E-13  1.0716E-03
 1.9856E+25  5.9164E-06  9.9999E-01  7.1054E+03  8.1828E-05  7.5639E-12  3.4320E-13  1.0495E-03
 1.9949E+25  5.9438E-06  9.9999E-01  7.1038E+03  8.1828E-05  7.5356E-12  3.4327E-13  1.0279E-03
 2.0041E+25  6.0197E-06  9.9999E-01  7.1022E+03  8.1828E-05  7.4363E-12  3.4333E-13  1.0067E-03
 2.0134E+25  6.0678E-06  9.9999E-01  7.1007E+03  8.1828E-05  7.3838E-12  3.4339E-13  9.8643E-04
 2.0227E+25  6.1249E-06  9.9999E-01  7.0991E+03  8.1828E-05  7.3107E-12  3.4345E-13  9.6651E-04
 2.0319E+25  6.1915E-06  9.9999E-01  7.0977E+03  8.1828E-05  7.2383E-12  3.4350E-13  9.4692E-04
 2.0412E+25  6.2320E-06  9.9999E-01  7.0962E+03  8.1828E-05  7.1870E-12  3.4356E-13  9.2804E-04
 2.0504E+25  6.3148E-06  9.9999E-01  7.0948E+03  8.1828E-05  7.0990E-12  3.4361E-13  9.0975E-04
 2.0597E+25  6.3413E-06  9.9999E-01  7.0935E+03  8.1828E-05  7.0650E-12  3.4367E-13  8.9173E-04
 2.0689E+25  6.4377E-06  9.9999E-01  7.0921E+03  8.1828E-05  6.9653E-12  3.4372E-13  8.7411E-04
 2.0782E+25  6.4529E-06  9.9999E-01  7.0908E+03  8.1828E-05  6.9446E-12  3.4377E-13  8.5719E-04
 2.0875E+25  6.5601E-06  9.9999E-01  7.0895E+03  8.1828E-05  6.8370E-12  3.4382E-13  8.4058E-04
 2.0967E+25  6.5668E-06  9.9999E-01  7.0883E+03  8.1828E-05  6.8258E-12  3.4387E-13  8.2424E-04
 2.1060E+25  6.6818E-06  9.9999E-01  7.0870E+03  8.1828E-05  6.7140E-12  3.4392E-13  8.0843E-04
 2.1152E+25  6.6833E-06  9.9999E-01  7.0858E+03  8.1828E-05  6.7084E-12  3.4397E-13  7.9316E-04
 2.1245E+25  6.8031E-06  9.9999E-01  7.0847E+03  8.1828E-05  6.5958E-12  3.4401E-13  7.7808E-04
 2.1337E+25  6.8024E-06  9.9999E-01  7.0835E+03  8.1828E-05  6.5924E-12  3.4406E-13  7.6326E-04
 2.1430E+25  6.9237E-06  9.9999E-01  7.0824E+03  8.1828E-05  6.4823E-12  3.4410E-13  7.4899E-04
 2.1523E+25  6.9242E-06  9.9999E-01  7.0813E+03  8.1828E-05  6.4778E-12  3.4414E-13  7.3512E-04
 2.1615E+25  7.0437E-06  9.9999E-01  7.0802E+03  8.1828E-05  6.3732E-12  3.4419E-13  7.2145E-04
 2.1708E+25  7.0489E-06  9.9999E-01  7.0792E+03  8.1828E-05  6.3644E-12  3.4423E-13  7.0802E-04
 2.1800E+25  7.1630E-06  9.9999E-01  7.0781E+03  8.1828E-05  6.2684E-12  3.4427E-13  6.9510E-04
 2.1893E+25  7.1768E-06  9.9999E-01  7.0771E+03  8.1828E-05  6.2522E-12  3.4431E-13  6.8248E-04
 2.1985E+25  7.2816E-06  9.9999E-01  7.0761E+03  8.1828E-05  6.1675E-12  3.4435E-13  6.7003E-04
 2.2078E+25  7.3079E-06  9.9999E-01  7.0752E+03  8.1828E-05  6.1412E-12  3.4439E-13  6.5780E-04
 2.2171E+25  7.3994E-06  9.9999E-01  7.0742E+03  8.1828E-05  6.0704E-12  3.4442E-13  6.4609E-04
 2.2263E+25  7.4424E-06  9.9999E-01  7.0733E+03  8.1828E-05  6.0312E-12  3.4446E-13  6.3462E-04
 2.2356E+25  7.5165E-06  9.9999E-01  7.0724E+03  8.1828E-05  5.9769E-12  3.4450E-13  6.2328E-04
 2.2448E+25  7.5805E-06  9.9999E-01  7.0715E+03  8.1828E-05  5.9223E-12  3.4453E-13  6.1214E-04
 2.2541E+25  7.6326E-06  9.9999E-01  7.0706E+03  8.1828E-05  5.8870E-12  3.4456E-13  6.0143E-04
 2.2633E+25  7.7224E-06  9.9999E-01  7.0697E+03  8.1828E-05  5.8144E-12  3.4460E-13  5.9097E-04
 2.2726E+25  7.7478E-06  9.9999E-01  7.0689E+03  8.1828E-05  5.8004E-12  3.4463E-13  5.8065E-04
 2.2819E+25  7.8684E-06  9.9999E-01  7.0681E+03  8.1828E-05  5.7074E-12  3.4466E-13  5.7049E-04
 2.2911E+25  7.8620E-06  9.9999E-01  7.0673E+03  8.1828E-05  5.7171E-12  3.4470E-13  5.6068E-04
 2.3004E+25  8.0148E-06  9.9999E-01  7.0665E+03  8.1828E-05  5.6068E-12  3.4473E-13  5.5116E-04
 2.3096E+25  7.9789E-06  9.9999E-01  7.0657E+03  8.1828E-05  5.6314E-12  3.4476E-13  5.4173E-04
 2.3189E+25  8.1314E-06  9.9999E-01  7.0649E+03  8.1828E-05  5.5289E-12  3.4479E-13  5.3242E-04
 2.3281E+25  8.1290E-06  9.9999E-01  7.0642E+03  8.1828E-05  5.5265E-12  3.4482E-13  5.2341E-04
 2.3374E+25  8.2446E-06  9.9999E-01  7.0635E+03  8.1828E-05  5.4538E-12  3.4485E-13  5.1471E-04
 2.3467E+25  8.2859E-06  9.9999E-01  7.0628E+03  8.1828E-05  5.4226E-12  3.4487E-13  5.0611E-04
 2.3559E+25  8.3568E-06  9.9999E-01  7.0621E+03  8.1828E-05  5.3813E-12  3.4490E-13  4.9761E-04
 2.3652E+25  8.4478E-06  9.9999E-01  7.0614E+03  8.1828E-05  5.3194E-12  3.4493E-13  4.8929E-04
 2.3744E+25  8.4680E-06  9.9999E-01  7.0607E+03  8.1828E-05  5.3113E-12  3.4496E-13  4.8127E-04
 2.3837E+25  8.6147E-06  9.9999E-01  7.0600E+03  8.1828E-05  5.2169E-12  3.4498E-13  4.7344E-04
 2.3929E+25  8.5777E-06  9.9999E-01  7.0594E+03  8.1828E-05  5.2441E-12  3.4501E-13  4.6567E-04
 2.4022E+25  8.7388E-06  9.9999E-01  7.0587E+03  8.1828E-05  5.1478E-12  3.4503E-13  4.5802E-04
 2.4115E+25  8.7340E-06  9.9999E-01  7.0581E+03  8.1828E-05  5.1466E-12  3.4506E-13  4.5060E-04
 2.4207E+25  8.8482E-06  9.9999E-01  7.0575E+03  8.1828E-05  5.0846E-12  3.4508E-13  4.4342E-04
 2.4300E+25  8.9094E-06  9.9999E-01  7.0569E+03  8.1828E-05  5.0459E-12  3.4511E-13  4.3633E-04
 2.4392E+25  8.9566E-06  9.9999E-01  7.0563E+03  8.1828E-05  5.0237E-12  3.4513E-13  4.2930E-04
 2.4485E+25  9.0906E-06  9.9999E-01  7.0557E+03  8.1828E-05  4.9458E-12  3.4515E-13  4.2241E-04
 2.4577E+25  9.0637E-06  9.9999E-01  7.0551E+03  8.1828E-05  4.9649E-12  3.4517E-13  4.1576E-04
 2.4670E+25  9.2288E-06  9.9999E-01  7.0546E+03  8.1828E-05  4.8764E-12  3.4520E-13  4.0929E-04
 2.4763E+25  9.2179E-06  9.9999E-01  7.0540E+03  8.1828E-05  4.8782E-12  3.4522E-13  4.0288E-04
 2.4855E+25  9.3350E-06  9.9999E-01  7.0535E+03  8.1828E-05  4.8214E-12  3.4524E-13  3.9653E-04
 2.4948E+25  9.4091E-06  9.9999E-01  7.0529E+03  8.1828E-05  4.7796E-12  3.4526E-13  3.9032E-04
 2.5040E+25  9.4402E-06  9.9999E-01  7.0524E+03  8.1828E-05  4.7681E-12  3.4528E-13  3.8432E-04
 2.5133E+25  9.6046E-06  9.9999E-01  7.0519E+03  8.1828E-05  4.6846E-12  3.4530E-13  3.7847E-04
 2.5225E+25  9.5462E-06  9.9999E-01  7.0514E+03  8.1828E-05  4.7138E-12  3.4532E-13  3.7266E-04
 2.5318E+25  9.7127E-06  9.9999E-01  7.0509E+03  8.1828E-05  4.6351E-12  3.4534E-13  3.6690E-04
 2.5411E+25  9.7443E-06  9.9999E-01  7.0504E+03  8.1828E-05  4.6163E-12  3.4536E-13  3.6130E-04
 2.5503E+25  9.8156E-06  9.9999E-01  7.0499E+03  8.1828E-05  4.5869E-12  3.4538E-13  3.5587E-04
 2.5596E+25  9.9533E-06  9.9999E-01  7.0495E+03  8.1828E-05  4.5197E-12  3.4540E-13  3.5058E-04
 2.5688E+25  9.9174E-06  9.9999E-01  7.0490E+03  8.1828E-05  4.5402E-12  3.4542E-13  3.4530E-04
 2.5781E+25  1.0089E-05  9.9999E-01  7.0485E+03  8.1828E-05  4.4631E-12  3.4544E-13  3.4008E-04
 2.5873E+25  1.0097E-05  9.9999E-01  7.0481E+03  8.1828E-05  4.4557E-12  3.4545E-13  3.3498E-04
 2.5966E+25  1.0190E-05  9.9999E-01  7.0477E+03  8.1828E-05  4.4195E-12  3.4547E-13  3.3006E-04
 2.6059E+25  1.0319E-05  9.9999E-01  7.0472E+03  8.1828E-05  4.3603E-12  3.4549E-13  3.2527E-04
 2.6151E+25  1.0289E-05  9.9999E-01  7.0468E+03  8.1828E-05  4.3771E-12  3.4550E-13  3.2048E-04
 2.6244E+25  1.0464E-05  9.9999E-01  7.0464E+03  8.1828E-05  4.3043E-12  3.4552E-13  3.1576E-04
 2.6336E+25  1.0471E-05  9.9999E-01  7.0460E+03  8.1828E-05  4.2975E-12  3.4554E-13  3.1110E-04
 2.6429E+25  1.0561E-05  9.9999E-01  7.0456E+03  8.1828E-05  4.2648E-12  3.4555E-13  3.0661E-04
 2.6521E+25  1.0707E-05  9.9999E-01  7.0452E+03  8.1828E-05  4.2033E-12  3.4557E-13  3.0225E-04
 2.6614E+25  1.0658E-05  9.9999E-01  7.0448E+03  8.1828E-05  4.2263E-12  3.4558E-13  2.9791E-04
 2.6707E+25  1.0836E-05  9.9999E-01  7.0444E+03  8.1828E-05  4.1574E-12  3.4560E-13  2.9362E-04
 2.6799E+25  1.0868E-05  9.9999E-01  7.0440E+03  8.1828E-05  4.1414E-12  3.4561E-13  2.8937E-04
 2.6892E+25  1.0931E-05  9.9999E-01  7.0436E+03  8.1828E-05  4.1215E-12  3.4563E-13  2.8527E-04
 2.6984E+25  1.1109E-05  9.9999E-01  7.0433E+03  8.1828E-05  4.0545E-12  3.4564E-13  2.8128E-04
 2.7077E+25  1.1034E-05  9.9999E-01  7.0429E+03  8.1828E-05  4.0804E-12  3.4566E-13  2.7735E-04
 2.7169E+25  1.1204E-05  9.9999E-01  7.0426E+03  8.1828E-05  4.0212E-12  3.4567E-13  2.7345E-04
 2.7262E+25  1.1290E-05  9.9999E-01  7.0422E+03  8.1828E-05  3.9875E-12  3.4569E-13  2.6957E-04
 2.7355E+25  1.1297E-05  9.9999E-01  7.0419E+03  8.1828E-05  3.9884E-12  3.4570E-13  2.6579E-04
 2.7447E+25  1.1480E-05  9.9999E-01  7.0415E+03  8.1828E-05  3.9250E-12  3.4571E-13  2.6213E-04
 2.7540E+25  1.1464E-05  9.9999E-01  7.0412E+03  8.1828E-05  3.9272E-12  3.4573E-13  2.5856E-04
 2.7632E+25  1.1570E-05  9.9999E-01  7.0409E+03  8.1828E-05  3.8946E-12  3.4574E-13  2.5502E-04
 2.7725E+25  1.1739E-05  9.9999E-01  7.0405E+03  8.1828E-05  3.8354E-12  3.4575E-13  2.5150E-04
 2.7817E+25  1.1660E-05  9.9999E-01  7.0402E+03  8.1828E-05  3.8649E-12  3.4576E-13  2.4801E-04
 2.7910E+25  1.1845E-05  9.9999E-01  7.0399E+03  8.1828E-05  3.8048E-12  3.4578E-13  2.4464E-04
 2.8003E+25  1.1925E-05  9.9999E-01  7.0396E+03  8.1828E-05  3.7757E-12  3.4579E-13  2.4134E-04
 2.8095E+25  1.1933E-05  9.9999E-01  7.0393E+03  8.1828E-05  3.7769E-12  3.4580E-13  2.3814E-04
 2.8188E+25  1.2120E-05  9.9999E-01  7.0390E+03  8.1828E-05  3.7186E-12  3.4581E-13  2.3494E-04
 2.8280E+25  1.2116E-05  9.9999E-01  7.0387E+03  8.1828E-05  3.7165E-12  3.4582E-13  2.3177E-04
 2.8373E+25  1.2206E-05  9.9999E-01  7.0384E+03  8.1828E-05  3.6927E-12  3.4584E-13  2.2863E-04
 2.8465E+25  1.2396E-05  9.9999E-01  7.0381E+03  8.1828E-05  3.6360E-12  3.4585E-13  2.2559E-04
 2.8558E+25  1.2313E-05  9.9999E-01  7.0379E+03  8.1828E-05  3.6576E-12  3.4586E-13  2.2264E-04
 2.8651E+25  1.2480E-05  9.9999E-01  7.0376E+03  8.1828E-05  3.6119E-12  3.4587E-13  2.1975E-04
 2.8743E+25  1.2623E-05  9.9999E-01  7.0373E+03  8.1828E-05  3.5676E-12  3.4588E-13  2.1685E-04
 2.8836E+25  1.2563E-05  9.9999E-01  7.0371E+03  8.1828E-05  3.5881E-12  3.4589E-13  2.1399E-04
 2.8928E+25  1.2755E-05  9.9999E-01  7.0368E+03  8.1828E-05  3.5344E-12  3.4590E-13  2.1115E-04
 2.9021E+25  1.2835E-05  9.9999E-01  7.0365E+03  8.1828E-05  3.5092E-12  3.4591E-13  2.0842E-04
 2.9113E+25  1.2836E-05  9.9999E-01  7.0363E+03  8.1828E-05  3.5121E-12  3.4592E-13  2.0575E-04
 2.9206E+25  1.3030E-05  9.9999E-01  7.0360E+03  8.1828E-05  3.4600E-12  3.4593E-13  2.0314E-04
 2.9299E+25  1.3051E-05  9.9999E-01  7.0358E+03  8.1828E-05  3.4511E-12  3.4594E-13  2.0052E-04
 2.9391E+25  1.3109E-05  9.9999E-01  7.0355E+03  8.1828E-05  3.4393E-12  3.4595E-13  1.9793E-04
 2.9484E+25  1.3306E-05  9.9999E-01  7.0353E+03  8.1828E-05  3.3885E-12  3.4596E-13  1.9536E-04
 2.9576E+25  1.3275E-05  9.9999E-01  7.0350E+03  8.1828E-05  3.3933E-12  3.4597E-13  1.9288E-04
 2.9669E+25  1.3382E-05  9.9999E-01  7.0348E+03  8.1828E-05  3.3693E-12  3.4598E-13  1.9046E-04
 2.9761E+25  1.3581E-05  9.9999E-01  7.0346E+03  8.1828E-05  3.3200E-12  3.4599E-13  1.8810E-04
 2.9854E+25  1.3505E-05  9.9999E-01  7.0344E+03  8.1828E-05  3.3356E-12  3.4600E-13  1.8574E-04
 2.9947E+25  1.3656E-05  9.9999E-01  7.0341E+03  8.1828E-05  3.3020E-12  3.4601E-13  1.8340E-04
 3.0039E+25  1.3855E-05  9.9999E-01  7.0339E+03  8.1828E-05  3.2541E-12  3.4601E-13  1.8107E-04
 3.0132E+25  1.3745E-05  9.9999E-01  7.0337E+03  8.1828E-05  3.2782E-12  3.4602E-13  1.7880E-04
 3.0224E+25  1.3929E-05  9.9999E-01  7.0335E+03  8.1828E-05  3.2373E-12  3.4603E-13  1.7660E-04
 3.0317E+25  1.4119E-05  9.9999E-01  7.0333E+03  8.1828E-05  3.1910E-12  3.4604E-13  1.7445E-04
 3.0409E+25  1.4002E-05  9.9999E-01  7.0331E+03  8.1828E-05  3.2208E-12  3.4605E-13  1.7233E-04
 3.0502E+25  1.4203E-05  9.9999E-01  7.0329E+03  8.1828E-05  3.1752E-12  3.4606E-13  1.7020E-04
 3.0594E+25  1.4376E-05  9.9999E-01  7.0326E+03  8.1828E-05  3.1341E-12  3.4607E-13  1.6810E-04
 3.0687E+25  1.4273E-05  9.9999E-01  7.0324E+03  8.1828E-05  3.1596E-12  3.4607E-13  1.6602E-04
 3.0780E+25  1.4476E-05  9.9999E-01  7.0322E+03  8.1828E-05  3.1154E-12  3.4608E-13  1.6401E-04
 3.0872E+25  1.4641E-05  9.9999E-01  7.0321E+03  8.1828E-05  3.0773E-12  3.4609E-13  1.6205E-04
 3.0965E+25  1.4545E-05  9.9999E-01  7.0319E+03  8.1828E-05  3.1008E-12  3.4610E-13  1.6013E-04
 3.1057E+25  1.4750E-05  9.9999E-01  7.0317E+03  8.1828E-05  3.0578E-12  3.4610E-13  1.5821E-04
 3.1150E+25  1.4916E-05  9.9999E-01  7.0315E+03  8.1828E-05  3.0208E-12  3.4611E-13  1.5630E-04
 3.1242E+25  1.4816E-05  9.9999E-01  7.0313E+03  8.1828E-05  3.0442E-12  3.4612E-13  1.5441E-04
 3.1335E+25  1.5023E-05  9.9998E-01  7.0311E+03  8.1828E-05  3.0024E-12  3.4613E-13  1.5255E-04
 3.1428E+25  1.5200E-05  9.9998E-01  7.0309E+03  8.1828E-05  2.9645E-12  3.4613E-13  1.5075E-04
 3.1520E+25  1.5087E-05  9.9998E-01  7.0308E+03  8.1828E-05  2.9897E-12  3.4614E-13  1.4900E-04
 3.1613E+25  1.5296E-05  9.9998E-01  7.0306E+03  8.1828E-05  2.9490E-12  3.4615E-13  1.4727E-04
 3.1705E+25  1.5494E-05  9.9998E-01  7.0304E+03  8.1828E-05  2.9086E-12  3.4615E-13  1.4554E-04
 3.1798E+25  1.5358E-05  9.9998E-01  7.0302E+03  8.1828E-05  2.9369E-12  3.4616E-13  1.4383E-04
 3.1890E+25  1.5568E-05  9.9998E-01  7.0301E+03  8.1828E-05  2.8975E-12  3.4617E-13  1.4212E-04
 3.1983E+25  1.5780E-05  9.9998E-01  7.0299E+03  8.1828E-05  2.8582E-12  3.4617E-13  1.4045E-04
 3.2076E+25  1.5647E-05  9.9998E-01  7.0297E+03  8.1828E-05  2.8807E-12  3.4618E-13  1.3883E-04
 3.2168E+25  1.5840E-05  9.9998E-01  7.0296E+03  8.1828E-05  2.8479E-12  3.4619E-13  1.3726E-04
 3.2261E+25  1.6056E-05  9.9998E-01  7.0294E+03  8.1828E-05  2.8097E-12  3.4619E-13  1.3571E-04
 3.2353E+25  1.5956E-05  9.9998E-01  7.0293E+03  8.1828E-05  2.8246E-12  3.4620E-13  1.3415E-04
 3.2446E+25  1.6112E-05  9.9998E-01  7.0291E+03  8.1828E-05  2.8000E-12  3.4620E-13  1.3260E-04
 3.2538E+25  1.6329E-05  9.9998E-01  7.0290E+03  8.1828E-05  2.7629E-12  3.4621E-13  1.3107E-04
 3.2631E+25  1.6278E-05  9.9998E-01  7.0288E+03  8.1828E-05  2.7687E-12  3.4622E-13  1.2957E-04
 3.2724E+25  1.6383E-05  9.9998E-01  7.0287E+03  8.1828E-05  2.7538E-12  3.4622E-13  1.2810E-04
 3.2816E+25  1.6600E-05  9.9998E-01  7.0285E+03  8.1828E-05  2.7178E-12  3.4623E-13  1.2668E-04
 3.2909E+25  1.6613E-05  9.9998E-01  7.0284E+03  8.1828E-05  2.7130E-12  3.4623E-13  1.2528E-04
 3.3001E+25  1.6653E-05  9.9998E-01  7.0282E+03  8.1828E-05  2.7091E-12  3.4624E-13  1.2388E-04
 3.3094E+25  1.6872E-05  9.9998E-01  7.0281E+03  8.1828E-05  2.6741E-12  3.4625E-13  1.2248E-04
 3.3186E+25  1.6960E-05  9.9998E-01  7.0279E+03  8.1828E-05  2.6576E-12  3.4625E-13  1.2110E-04
 3.3279E+25  1.6923E-05  9.9998E-01  7.0278E+03  8.1828E-05  2.6662E-12  3.4626E-13  1.1973E-04
 3.3372E+25  1.7143E-05  9.9998E-01  7.0277E+03  8.1828E-05  2.6319E-12  3.4626E-13  1.1841E-04
 3.3464E+25  1.7321E-05  9.9998E-01  7.0275E+03  8.1828E-05  2.6023E-12  3.4627E-13  1.1712E-04
 3.3557E+25  1.7191E-05  9.9998E-01  7.0274E+03  8.1828E-05  2.6247E-12  3.4627E-13  1.1585E-04
 3.3649E+25  1.7414E-05  9.9998E-01  7.0273E+03  8.1828E-05  2.5911E-12  3.4628E-13  1.1459E-04
 3.3742E+25  1.7639E-05  9.9998E-01  7.0271E+03  8.1828E-05  2.5580E-12  3.4628E-13  1.1333E-04
 3.3834E+25  1.7514E-05  9.9998E-01  7.0270E+03  8.1828E-05  2.5738E-12  3.4629E-13  1.1208E-04
 3.3927E+25  1.7684E-05  9.9998E-01  7.0269E+03  8.1828E-05  2.5516E-12  3.4629E-13  1.1084E-04
 3.4020E+25  1.7910E-05  9.9998E-01  7.0268E+03  8.1828E-05  2.5195E-12  3.4630E-13  1.0964E-04
 3.4112E+25  1.7898E-05  9.9998E-01  7.0266E+03  8.1828E-05  2.5186E-12  3.4630E-13  1.0846E-04
 3.4205E+25  1.7953E-05  9.9998E-01  7.0265E+03  8.1828E-05  2.5135E-12  3.4631E-13  1.0731E-04
 3.4297E+25  1.8180E-05  9.9998E-01  7.0264E+03  8.1828E-05  2.4822E-12  3.4631E-13  1.0618E-04
 3.4390E+25  1.8297E-05  9.9998E-01  7.0263E+03  8.1828E-05  2.4637E-12  3.4632E-13  1.0505E-04
 3.4482E+25  1.8220E-05  9.9998E-01  7.0262E+03  8.1828E-05  2.4768E-12  3.4632E-13  1.0392E-04
 3.4575E+25  1.8449E-05  9.9998E-01  7.0261E+03  8.1828E-05  2.4460E-12  3.4633E-13  1.0280E-04
 3.4668E+25  1.8680E-05  9.9998E-01  7.0259E+03  8.1828E-05  2.4156E-12  3.4633E-13  1.0169E-04
 3.4760E+25  1.8517E-05  9.9998E-01  7.0258E+03  8.1828E-05  2.4348E-12  3.4634E-13  1.0061E-04
 3.4853E+25  1.8718E-05  9.9998E-01  7.0257E+03  8.1828E-05  2.4109E-12  3.4634E-13  9.9556E-05
 3.4945E+25  1.8950E-05  9.9998E-01  7.0256E+03  8.1828E-05  2.3814E-12  3.4635E-13  9.8538E-05
 3.5038E+25  1.8942E-05  9.9998E-01  7.0255E+03  8.1828E-05  2.3800E-12  3.4635E-13  9.7517E-05
 3.5130E+25  1.8985E-05  9.9998E-01  7.0254E+03  8.1828E-05  2.3771E-12  3.4635E-13  9.6496E-05
 3.5223E+25  1.9218E-05  9.9998E-01  7.0253E+03  8.1828E-05  2.3482E-12  3.4636E-13  9.5485E-05
 3.5316E+25  1.9386E-05  9.9998E-01  7.0252E+03  8.1828E-05  2.3255E-12  3.4636E-13  9.4477E-05
 3.5408E+25  1.9249E-05  9.9998E-01  7.0251E+03  8.1828E-05  2.3445E-12  3.4637E-13  9.3482E-05
 3.5501E+25  1.9487E-05  9.9998E-01  7.0250E+03  8.1828E-05  2.3159E-12  3.4637E-13  9.2519E-05
 3.5593E+25  1.9724E-05  9.9998E-01  7.0249E+03  8.1828E-05  2.2882E-12  3.4637E-13  9.1566E-05
 3.5686E+25  1.9635E-05  9.9998E-01  7.0248E+03  8.1828E-05  2.2961E-12  3.4638E-13  9.0653E-05
 3.5778E+25  1.9753E-05  9.9998E-01  7.0247E+03  8.1828E-05  2.2848E-12  3.4638E-13  8.9736E-05
 3.5871E+25  1.9991E-05  9.9998E-01  7.0246E+03  8.1828E-05  2.2576E-12  3.4639E-13  8.8822E-05
 3.5964E+25  2.0111E-05  9.9998E-01  7.0245E+03  8.1828E-05  2.2419E-12  3.4639E-13  8.7911E-05
 3.6056E+25  2.0017E-05  9.9998E-01  7.0244E+03  8.1828E-05  2.2548E-12  3.4639E-13  8.7002E-05
 3.6149E+25  2.0259E-05  9.9998E-01  7.0243E+03  8.1828E-05  2.2278E-12  3.4640E-13  8.6110E-05
 3.6241E+25  2.0500E-05  9.9998E-01  7.0242E+03  8.1828E-05  2.2016E-12  3.4640E-13  8.5240E-05
 3.6334E+25  2.0382E-05  9.9998E-01  7.0241E+03  8.1828E-05  2.2121E-12  3.4641E-13  8.4382E-05
 3.6426E+25  2.0524E-05  9.9998E-01  7.0240E+03  8.1828E-05  2.1991E-12  3.4641E-13  8.3559E-05
 3.6519E+25  2.0767E-05  9.9998E-01  7.0239E+03  8.1828E-05  2.1734E-12  3.4641E-13  8.2735E-05
 3.6612E+25  2.0891E-05  9.9998E-01  7.0238E+03  8.1828E-05  2.1582E-12  3.4642E-13  8.1911E-05
 3.6704E+25  2.0786E-05  9.9998E-01  7.0237E+03  8.1828E-05  2.1715E-12  3.4642E-13  8.1091E-05
 3.6797E+25  2.1034E-05  9.9998E-01  7.0236E+03  8.1828E-05  2.1459E-12  3.4642E-13  8.0277E-05
 3.6889E+25  2.1279E-05  9.9998E-01  7.0235E+03  8.1828E-05  2.1212E-12  3.4643E-13  7.9468E-05
 3.6982E+25  2.1188E-05  9.9998E-01  7.0235E+03  8.1828E-05  2.1281E-12  3.4643E-13  7.8679E-05
 3.7074E+25  2.1297E-05  9.9998E-01  7.0234E+03  8.1828E-05  2.1195E-12  3.4643E-13  7.7902E-05
 3.7167E+25  2.1545E-05  9.9998E-01  7.0233E+03  8.1828E-05  2.0950E-12  3.4644E-13  7.7155E-05
 3.7260E+25  2.1733E-05  9.9998E-01  7.0232E+03  8.1828E-05  2.0747E-12  3.4644E-13  7.6416E-05
 3.7352E+25  2.1557E-05  9.9998E-01  7.0231E+03  8.1828E-05  2.0939E-12  3.4644E-13  7.5677E-05
 3.7445E+25  2.1810E-05  9.9998E-01  7.0231E+03  8.1828E-05  2.0696E-12  3.4645E-13  7.4939E-05
 3.7537E+25  2.2060E-05  9.9998E-01  7.0230E+03  8.1828E-05  2.0462E-12  3.4645E-13  7.4203E-05
 3.7630E+25  2.2059E-05  9.9998E-01  7.0229E+03  8.1828E-05  2.0441E-12  3.4645E-13  7.3473E-05
 3.7722E+25  2.2070E-05  9.9998E-01  7.0228E+03  8.1828E-05  2.0453E-12  3.4646E-13  7.2753E-05
 3.7815E+25  2.2325E-05  9.9998E-01  7.0227E+03  8.1828E-05  2.0219E-12  3.4646E-13  7.2052E-05
 3.7908E+25  2.2578E-05  9.9998E-01  7.0226E+03  8.1828E-05  1.9993E-12  3.4646E-13  7.1363E-05
 3.8000E+25  2.2395E-05  9.9998E-01  7.0226E+03  8.1828E-05  2.0135E-12  3.4647E-13  7.0695E-05
 3.8093E+25  2.2587E-05  9.9998E-01  7.0225E+03  8.1828E-05  1.9986E-12  3.4647E-13  7.0034E-05
 3.8185E+25  2.2843E-05  9.9998E-01  7.0224E+03  8.1828E-05  1.9762E-12  3.4647E-13  6.9372E-05
 3.8278E+25  2.2999E-05  9.9998E-01  7.0223E+03  8.1828E-05  1.9607E-12  3.4647E-13  6.8709E-05
 3.8370E+25  2.2845E-05  9.9998E-01  7.0223E+03  8.1828E-05  1.9760E-12  3.4648E-13  6.8052E-05
 3.8463E+25  2.3106E-05  9.9998E-01  7.0222E+03  8.1828E-05  1.9537E-12  3.4648E-13  6.7396E-05
 3.8556E+25  2.3363E-05  9.9998E-01  7.0221E+03  8.1828E-05  1.9322E-12  3.4648E-13  6.6753E-05
 3.8648E+25  2.3368E-05  9.9998E-01  7.0221E+03  8.1828E-05  1.9297E-12  3.4649E-13  6.6123E-05
 3.8741E+25  2.3363E-05  9.9998E-01  7.0220E+03  8.1828E-05  1.9322E-12  3.4649E-13  6.5506E-05
 3.8833E+25  2.3627E-05  9.9998E-01  7.0219E+03  8.1828E-05  1.9107E-12  3.4649E-13  6.4912E-05
 3.8926E+25  2.3887E-05  9.9998E-01  7.0219E+03  8.1828E-05  1.8899E-12  3.4649E-13  6.4319E-05
 3.9018E+25  2.3752E-05  9.9998E-01  7.0218E+03  8.1828E-05  1.8986E-12  3.4650E-13  6.3722E-05
 3.9111E+25  2.3884E-05  9.9998E-01  7.0217E+03  8.1828E-05  1.8902E-12  3.4650E-13  6.3129E-05
 3.9204E+25  2.4151E-05  9.9998E-01  7.0217E+03  8.1828E-05  1.8693E-12  3.4650E-13  6.2540E-05
 3.9296E+25  2.4405E-05  9.9998E-01  7.0216E+03  8.1828E-05  1.8492E-12  3.4651E-13  6.1951E-05
 3.9389E+25  2.4159E-05  9.9998E-01  7.0215E+03  8.1828E-05  1.8673E-12  3.4651E-13  6.1375E-05
 3.9481E+25  2.4408E-05  9.9998E-01  7.0215E+03  8.1828E-05  1.8497E-12  3.4651E-13  6.0808E-05
 3.9574E+25  2.4677E-05  9.9998E-01  7.0214E+03  8.1828E-05  1.8295E-12  3.4651E-13  6.0251E-05
 3.9666E+25  2.4841E-05  9.9998E-01  7.0213E+03  8.1828E-05  1.8154E-12  3.4652E-13  5.9716E-05
 3.9759E+25  2.4666E-05  9.9998E-01  7.0213E+03  8.1828E-05  1.8303E-12  3.4652E-13  5.9185E-05
 3.9852E+25  2.4935E-05  9.9998E-01  7.0212E+03  8.1828E-05  1.8106E-12  3.4652E-13  5.8650E-05
 3.9944E+25  2.5206E-05  9.9997E-01  7.0211E+03  8.1828E-05  1.7911E-12  3.4652E-13  5.8120E-05
 4.0037E+25  2.5279E-05  9.9997E-01  7.0211E+03  8.1828E-05  1.7840E-12  3.4653E-13  5.7589E-05
 4.0129E+25  2.5191E-05  9.9997E-01  7.0210E+03  8.1828E-05  1.7922E-12  3.4653E-13  5.7060E-05
 4.0222E+25  2.5464E-05  9.9997E-01  7.0210E+03  8.1828E-05  1.7731E-12  3.4653E-13  5.6539E-05
 4.0314E+25  2.5737E-05  9.9997E-01  7.0209E+03  8.1828E-05  1.7542E-12  3.4653E-13  5.6029E-05
 4.0407E+25  2.5734E-05  9.9997E-01  7.0208E+03  8.1828E-05  1.7525E-12  3.4653E-13  5.5524E-05
 4.0500E+25  2.5719E-05  9.9997E-01  7.0208E+03  8.1828E-05  1.7554E-12  3.4654E-13  5.5040E-05
 4.0592E+25  2.5995E-05  9.9997E-01  7.0207E+03  8.1828E-05  1.7369E-12  3.4654E-13  5.4563E-05
 4.0685E+25  2.6271E-05  9.9997E-01  7.0207E+03  8.1828E-05  1.7186E-12  3.4654E-13  5.4085E-05
 4.0777E+25  2.6207E-05  9.9997E-01  7.0206E+03  8.1828E-05  1.7209E-12  3.4654E-13  5.3606E-05
 4.0870E+25  2.6250E-05  9.9997E-01  7.0206E+03  8.1828E-05  1.7200E-12  3.4655E-13  5.3129E-05
 4.0962E+25  2.6528E-05  9.9997E-01  7.0205E+03  8.1828E-05  1.7020E-12  3.4655E-13  5.2657E-05
 4.1055E+25  2.6808E-05  9.9997E-01  7.0205E+03  8.1828E-05  1.6842E-12  3.4655E-13  5.2185E-05
 4.1148E+25  2.6700E-05  9.9997E-01  7.0204E+03  8.1828E-05  1.6892E-12  3.4655E-13  5.1720E-05
 4.1240E+25  2.6783E-05  9.9997E-01  7.0203E+03  8.1828E-05  1.6858E-12  3.4655E-13  5.1265E-05
 4.1333E+25  2.7064E-05  9.9997E-01  7.0203E+03  8.1828E-05  1.6683E-12  3.4656E-13  5.0818E-05
 4.1425E+25  2.7347E-05  9.9997E-01  7.0202E+03  8.1828E-05  1.6510E-12  3.4656E-13  5.0389E-05
 4.1518E+25  2.7212E-05  9.9997E-01  7.0202E+03  8.1828E-05  1.6574E-12  3.4656E-13  4.9962E-05
 4.1610E+25  2.7319E-05  9.9997E-01  7.0201E+03  8.1828E-05  1.6527E-12  3.4656E-13  4.9534E-05
 4.1703E+25  2.7602E-05  9.9997E-01  7.0201E+03  8.1828E-05  1.6358E-12  3.4656E-13  4.9106E-05
 4.1796E+25  2.7889E-05  9.9997E-01  7.0200E+03  8.1828E-05  1.6190E-12  3.4657E-13  4.8678E-05
 4.1888E+25  2.7745E-05  9.9997E-01  7.0200E+03  8.1828E-05  1.6256E-12  3.4657E-13  4.8254E-05
 4.1981E+25  2.7858E-05  9.9997E-01  7.0199E+03  8.1828E-05  1.6208E-12  3.4657E-13  4.7831E-05
 4.2073E+25  2.8142E-05  9.9997E-01  7.0199E+03  8.1828E-05  1.6045E-12  3.4657E-13  4.7419E-05
 4.2166E+25  2.8433E-05  9.9997E-01  7.0198E+03  8.1828E-05  1.5880E-12  3.4657E-13  4.7011E-05
 4.2258E+25  2.8301E-05  9.9997E-01  7.0198E+03  8.1828E-05  1.5937E-12  3.4658E-13  4.6608E-05
 4.2351E+25  2.8399E-05  9.9997E-01  7.0197E+03  8.1828E-05  1.5900E-12  3.4658E-13  4.6227E-05
 4.2443E+25  2.8685E-05  9.9997E-01  7.0197E+03  8.1828E-05  1.5741E-12  3.4658E-13  4.5845E-05
 4.2536E+25  2.8979E-05  9.9997E-01  7.0196E+03  8.1828E-05  1.5581E-12  3.4658E-13  4.5461E-05
 4.2629E+25  2.8879E-05  9.9997E-01  7.0196E+03  8.1828E-05  1.5618E-12  3.4658E-13  4.5078E-05
 4.2721E+25  2.8942E-05  9.9997E-01  7.0195E+03  8.1828E-05  1.5602E-12  3.4659E-13  4.4696E-05
 4.2814E+25  2.9230E-05  9.9997E-01  7.0195E+03  8.1828E-05  1.5448E-12  3.4659E-13  4.4316E-05
 4.2906E+25  2.9528E-05  9.9997E-01  7.0195E+03  8.1828E-05  1.5292E-12  3.4659E-13  4.3936E-05
 4.2999E+25  2.9482E-05  9.9997E-01  7.0194E+03  8.1828E-05  1.5299E-12  3.4659E-13  4.3564E-05
 4.3091E+25  2.9487E-05  9.9997E-01  7.0194E+03  8.1828E-05  1.5313E-12  3.4659E-13  4.3196E-05
 4.3184E+25  2.9778E-05  9.9997E-01  7.0193E+03  8.1828E-05  1.5164E-12  3.4660E-13  4.2836E-05
 4.3277E+25  3.0078E-05  9.9997E-01  7.0193E+03  8.1828E-05  1.5013E-12  3.4660E-13  4.2493E-05
 4.3369E+25  3.0110E-05  9.9997E-01  7.0192E+03  8.1828E-05  1.4980E-12  3.4660E-13  4.2150E-05
 4.3462E+25  3.0036E-05  9.9997E-01  7.0192E+03  8.1828E-05  1.5034E-12  3.4660E-13  4.1807E-05
 4.3554E+25  3.0329E-05  9.9997E-01  7.0191E+03  8.1828E-05  1.4889E-12  3.4660E-13  4.1464E-05
 4.3647E+25  3.0629E-05  9.9997E-01  7.0191E+03  8.1828E-05  1.4743E-12  3.4660E-13  4.1121E-05
 4.3739E+25  3.0764E-05  9.9997E-01  7.0191E+03  8.1828E-05  1.4661E-12  3.4661E-13  4.0781E-05
 4.3832E+25  3.0586E-05  9.9997E-01  7.0190E+03  8.1828E-05  1.4764E-12  3.4661E-13  4.0441E-05
 4.3925E+25  3.0883E-05  9.9997E-01  7.0190E+03  8.1828E-05  1.4621E-12  3.4661E-13  4.0104E-05
 4.4017E+25  3.1183E-05  9.9997E-01  7.0189E+03  8.1828E-05  1.4481E-12  3.4661E-13  3.9775E-05
 4.4110E+25  3.1443E-05  9.9997E-01  7.0189E+03  8.1828E-05  1.4345E-12  3.4661E-13  3.9445E-05
 4.4202E+25  3.1140E-05  9.9997E-01  7.0189E+03  8.1828E-05  1.4501E-12  3.4661E-13  3.9132E-05
 4.4295E+25  3.1439E-05  9.9997E-01  7.0188E+03  8.1828E-05  1.4363E-12  3.4662E-13  3.8826E-05
 4.4387E+25  3.1740E-05  9.9997E-01  7.0188E+03  8.1828E-05  1.4227E-12  3.4662E-13  3.8520E-05
 4.4480E+25  3.2049E-05  9.9997E-01  7.0187E+03  8.1828E-05  1.4090E-12  3.4662E-13  3.8213E-05
 4.4573E+25  3.1796E-05  9.9997E-01  7.0187E+03  8.1828E-05  1.4186E-12  3.4662E-13  3.7904E-05
 4.4665E+25  3.1999E-05  9.9997E-01  7.0187E+03  8.1828E-05  1.4112E-12  3.4662E-13  3.7599E-05
 4.4758E+25  3.2301E-05  9.9997E-01  7.0186E+03  8.1828E-05  1.3980E-12  3.4662E-13  3.7295E-05
 4.4850E+25  3.2612E-05  9.9997E-01  7.0186E+03  8.1828E-05  1.3847E-12  3.4662E-13  3.6990E-05
 4.4943E+25  3.2526E-05  9.9997E-01  7.0185E+03  8.1828E-05  1.3867E-12  3.4663E-13  3.6692E-05
 4.5035E+25  3.2558E-05  9.9997E-01  7.0185E+03  8.1828E-05  1.3870E-12  3.4663E-13  3.6397E-05
 4.5128E+25  3.2866E-05  9.9997E-01  7.0185E+03  8.1828E-05  1.3740E-12  3.4663E-13  3.6105E-05
 4.5221E+25  3.3174E-05  9.9997E-01  7.0184E+03  8.1828E-05  1.3613E-12  3.4663E-13  3.5827E-05
 4.5313E+25  3.3286E-05  9.9997E-01  7.0184E+03  8.1828E-05  1.3551E-12  3.4663E-13  3.5553E-05
 4.5406E+25  3.3123E-05  9.9997E-01  7.0184E+03  8.1828E-05  1.3633E-12  3.4663E-13  3.5278E-05
 4.5498E+25  3.3433E-05  9.9997E-01  7.0183E+03  8.1828E-05  1.3507E-12  3.4663E-13  3.5003E-05
 4.5591E+25  3.3742E-05  9.9997E-01  7.0183E+03  8.1828E-05  1.3383E-12  3.4664E-13  3.4729E-05
 4.5683E+25  3.4050E-05  9.9997E-01  7.0182E+03  8.1828E-05  1.3258E-12  3.4664E-13  3.4456E-05
 4.5776E+25  3.3715E-05  9.9997E-01  7.0182E+03  8.1828E-05  1.3383E-12  3.4664E-13  3.4182E-05
 4.5869E+25  3.4001E-05  9.9997E-01  7.0182E+03  8.1828E-05  1.3282E-12  3.4664E-13  3.3911E-05
 4.5961E+25  3.4316E-05  9.9997E-01  7.0182E+03  8.1828E-05  1.3160E-12  3.4664E-13  3.3644E-05
 4.6054E+25  3.4632E-05  9.9997E-01  7.0181E+03  8.1828E-05  1.3040E-12  3.4664E-13  3.3379E-05
 4.6146E+25  3.4519E-05  9.9997E-01  7.0181E+03  8.1828E-05  1.3067E-12  3.4665E-13  3.3117E-05
 4.6239E+25  3.4574E-05  9.9997E-01  7.0180E+03  8.1828E-05  1.3062E-12  3.4665E-13  3.2868E-05
 4.6331E+25  3.4891E-05  9.9997E-01  7.0180E+03  8.1828E-05  1.2943E-12  3.4665E-13  3.2623E-05
 4.6424E+25  3.5207E-05  9.9996E-01  7.0180E+03  8.1828E-05  1.2827E-12  3.4665E-13  3.2379E-05
 4.6517E+25  3.5364E-05  9.9996E-01  7.0179E+03  8.1828E-05  1.2756E-12  3.4665E-13  3.2132E-05
 4.6609E+25  3.5153E-05  9.9996E-01  7.0179E+03  8.1828E-05  1.2847E-12  3.4665E-13  3.1886E-05
 4.6702E+25  3.5467E-05  9.9996E-01  7.0179E+03  8.1828E-05  1.2733E-12  3.4665E-13  3.1641E-05
 4.6794E+25  3.5789E-05  9.9996E-01  7.0179E+03  8.1828E-05  1.2619E-12  3.4665E-13  3.1398E-05
 4.6887E+25  3.6111E-05  9.9996E-01  7.0178E+03  8.1828E-05  1.2506E-12  3.4666E-13  3.1154E-05
 4.6979E+25  3.5859E-05  9.9996E-01  7.0178E+03  8.1828E-05  1.2580E-12  3.4666E-13  3.0913E-05
 4.7072E+25  3.6049E-05  9.9996E-01  7.0177E+03  8.1828E-05  1.2528E-12  3.4666E-13  3.0676E-05
 4.7165E+25  3.6373E-05  9.9996E-01  7.0177E+03  8.1828E-05  1.2416E-12  3.4666E-13  3.0440E-05
 4.7257E+25  3.6697E-05  9.9996E-01  7.0177E+03  8.1828E-05  1.2307E-12  3.4666E-13  3.0212E-05
 4.7350E+25  3.6764E-05  9.9996E-01  7.0177E+03  8.1828E-05  1.2270E-12  3.4666E-13  2.9993E-05
 4.7442E+25  3.6637E-05  9.9996E-01  7.0176E+03  8.1828E-05  1.2327E-12  3.4666E-13  2.9775E-05
 4.7535E+25  3.6957E-05  9.9996E-01  7.0176E+03  8.1828E-05  1.2220E-12  3.4666E-13  2.9555E-05
 4.7627E+25  3.7287E-05  9.9996E-01  7.0176E+03  8.1828E-05  1.2112E-12  3.4667E-13  2.9336E-05
 4.7720E+25  3.7613E-05  9.9996E-01  7.0175E+03  8.1828E-05  1.2006E-12  3.4667E-13  2.9116E-05
 4.7813E+25  3.7314E-05  9.9996E-01  7.0175E+03  8.1828E-05  1.2090E-12  3.4667E-13  2.8898E-05
 4.7905E+25  3.7551E-05  9.9996E-01  7.0175E+03  8.1828E-05  1.2027E-12  3.4667E-13  2.8679E-05
 4.7998E+25  3.7878E-05  9.9996E-01  7.0174E+03  8.1828E-05  1.1923E-12  3.4667E-13  2.8461E-05
 4.8090E+25  3.8212E-05  9.9996E-01  7.0174E+03  8.1828E-05  1.1819E-12  3.4667E-13  2.8248E-05
 4.8183E+25  3.8282E-05  9.9996E-01  7.0174E+03  8.1828E-05  1.1784E-12  3.4667E-13  2.8036E-05
 4.8275E+25  3.8145E-05  9.9996E-01  7.0174E+03  8.1828E-05  1.1840E-12  3.4667E-13  2.7825E-05
 4.8368E+25  3.8474E-05  9.9996E-01  7.0173E+03  8.1828E-05  1.1738E-12  3.4667E-13  2.7626E-05
 4.8461E+25  3.8810E-05  9.9996E-01  7.0173E+03  8.1828E-05  1.1637E-12  3.4668E-13  2.7431E-05
 4.8553E+25  3.9145E-05  9.9996E-01  7.0173E+03  8.1828E-05  1.1537E-12  3.4668E-13  2.7235E-05
 4.8646E+25  3.8886E-05  9.9996E-01  7.0172E+03  8.1828E-05  1.1601E-12  3.4668E-13  2.7039E-05
 4.8738E+25  3.9078E-05  9.9996E-01  7.0172E+03  8.1828E-05  1.1557E-12  3.4668E-13  2.6843E-05
 4.8831E+25  3.9409E-05  9.9996E-01  7.0172E+03  8.1828E-05  1.1460E-12  3.4668E-13  2.6647E-05
 4.8923E+25  3.9752E-05  9.9996E-01  7.0172E+03  8.1828E-05  1.1361E-12  3.4668E-13  2.6452E-05
 4.9016E+25  3.9929E-05  9.9996E-01  7.0171E+03  8.1828E-05  1.1298E-12  3.4668E-13  2.6257E-05
 4.9109E+25  3.9678E-05  9.9996E-01  7.0171E+03  8.1828E-05  1.1383E-12  3.4668E-13  2.6062E-05
 4.9201E+25  4.0021E-05  9.9996E-01  7.0171E+03  8.1828E-05  1.1285E-12  3.4668E-13  2.5871E-05
 4.9294E+25  4.0356E-05  9.9996E-01  7.0171E+03  8.1828E-05  1.1192E-12  3.4669E-13  2.5681E-05
 4.9386E+25  4.0704E-05  9.9996E-01  7.0170E+03  8.1828E-05  1.1096E-12  3.4669E-13  2.5492E-05
 4.9479E+25  4.0592E-05  9.9996E-01  7.0170E+03  8.1828E-05  1.1113E-12  3.4669E-13  2.5315E-05
 4.9571E+25  4.0628E-05  9.9996E-01  7.0170E+03  8.1828E-05  1.1117E-12  3.4669E-13  2.5139E-05
 4.9664E+25  4.0973E-05  9.9996E-01  7.0169E+03  8.1828E-05  1.1023E-12  3.4669E-13  2.4965E-05
 4.9757E+25  4.1315E-05  9.9996E-01  7.0169E+03  8.1828E-05  1.0932E-12  3.4669E-13  2.4790E-05
 4.9849E+25  4.1659E-05  9.9996E-01  7.0169E+03  8.1828E-05  1.0840E-12  3.4669E-13  2.4614E-05
 4.9942E+25  4.1292E-05  9.9996E-01  7.0169E+03  8.1828E-05  1.0927E-12  3.4669E-13  2.4440E-05
 5.0034E+25  4.1588E-05  9.9996E-01  7.0168E+03  8.1828E-05  1.0860E-12  3.4669E-13  2.4266E-05
 5.0127E+25  4.1937E-05  9.9996E-01  7.0168E+03  8.1828E-05  1.0770E-12  3.4669E-13  2.4091E-05
 5.0219E+25  4.2285E-05  9.9996E-01  7.0168E+03  8.1828E-05  1.0681E-12  3.4670E-13  2.3917E-05
 5.0312E+25  4.2445E-05  9.9996E-01  7.0168E+03  8.1828E-05  1.0628E-12  3.4670E-13  2.3746E-05
 5.0405E+25  4.2202E-05  9.9996E-01  7.0167E+03  8.1828E-05  1.0702E-12  3.4670E-13  2.3576E-05
 5.0497E+25  4.2560E-05  9.9996E-01  7.0167E+03  8.1828E-05  1.0612E-12  3.4670E-13  2.3405E-05
 5.0590E+25  4.2911E-05  9.9996E-01  7.0167E+03  8.1828E-05  1.0525E-12  3.4670E-13  2.3242E-05
 5.0682E+25  4.3266E-05  9.9996E-01  7.0167E+03  8.1828E-05  1.0439E-12  3.4670E-13  2.3086E-05
 5.0775E+25  4.3205E-05  9.9996E-01  7.0166E+03  8.1828E-05  1.0441E-12  3.4670E-13  2.2930E-05
 5.0867E+25  4.3180E-05  9.9996E-01  7.0166E+03  8.1828E-05  1.0460E-12  3.4670E-13  2.2775E-05
 5.0960E+25  4.3543E-05  9.9996E-01  7.0166E+03  8.1828E-05  1.0373E-12  3.4670E-13  2.2617E-05
 5.1053E+25  4.3898E-05  9.9996E-01  7.0166E+03  8.1828E-05  1.0289E-12  3.4670E-13  2.2461E-05
 5.1145E+25  4.4257E-05  9.9996E-01  7.0166E+03  8.1828E-05  1.0206E-12  3.4671E-13  2.2305E-05
 5.1238E+25  4.3999E-05  9.9996E-01  7.0165E+03  8.1828E-05  1.0253E-12  3.4671E-13  2.2149E-05
 5.1330E+25  4.4170E-05  9.9996E-01  7.0165E+03  8.1828E-05  1.0226E-12  3.4671E-13  2.1994E-05
 5.1423E+25  4.4537E-05  9.9996E-01  7.0165E+03  8.1828E-05  1.0142E-12  3.4671E-13  2.1839E-05
 5.1515E+25  4.4897E-05  9.9996E-01  7.0165E+03  8.1828E-05  1.0060E-12  3.4671E-13  2.1687E-05
 5.1608E+25  4.5244E-05  9.9995E-01  7.0164E+03  8.1828E-05  9.9795E-13  3.4671E-13  2.1534E-05
 5.1701E+25  4.4843E-05  9.9996E-01  7.0164E+03  8.1828E-05  1.0064E-12  3.4671E-13  2.1384E-05
 5.1793E+25  4.5171E-05  9.9995E-01  7.0164E+03  8.1828E-05  9.9994E-13  3.4671E-13  2.1241E-05
 5.1886E+25  4.5543E-05  9.9995E-01  7.0164E+03  8.1828E-05  9.9177E-13  3.4671E-13  2.1101E-05
 5.1978E+25  4.5908E-05  9.9995E-01  7.0163E+03  8.1828E-05  9.8386E-13  3.4671E-13  2.0962E-05
 5.2071E+25  4.6141E-05  9.9995E-01  7.0163E+03  8.1828E-05  9.7776E-13  3.4671E-13  2.0823E-05
 5.2163E+25  4.5824E-05  9.9995E-01  7.0163E+03  8.1828E-05  9.8565E-13  3.4672E-13  2.0683E-05
 5.2256E+25  4.6184E-05  9.9995E-01  7.0163E+03  8.1828E-05  9.7801E-13  3.4672E-13  2.0544E-05
 5.2349E+25  4.6561E-05  9.9995E-01  7.0163E+03  8.1828E-05  9.7010E-13  3.4672E-13  2.0404E-05
 5.2441E+25  4.6931E-05  9.9995E-01  7.0162E+03  8.1828E-05  9.6241E-13  3.4672E-13  2.0265E-05
 5.2534E+25  4.7044E-05  9.9995E-01  7.0162E+03  8.1828E-05  9.5898E-13  3.4672E-13  2.0126E-05
 5.2626E+25  4.6847E-05  9.9995E-01  7.0162E+03  8.1828E-05  9.6416E-13  3.4672E-13  1.9988E-05
 5.2719E+25  4.7210E-05  9.9995E-01  7.0162E+03  8.1828E-05  9.5676E-13  3.4672E-13  1.9852E-05
 5.2811E+25  4.7591E-05  9.9995E-01  7.0161E+03  8.1828E-05  9.4911E-13  3.4672E-13  1.9715E-05
 5.2904E+25  4.7968E-05  9.9995E-01  7.0161E+03  8.1828E-05  9.4163E-13  3.4672E-13  1.9580E-05
 5.2997E+25  4.7985E-05  9.9995E-01  7.0161E+03  8.1828E-05  9.4020E-13  3.4672E-13  1.9453E-05
 5.3089E+25  4.7882E-05  9.9995E-01  7.0161E+03  8.1828E-05  9.4333E-13  3.4672E-13  1.9328E-05
 5.3182E+25  4.8249E-05  9.9995E-01  7.0161E+03  8.1828E-05  9.3615E-13  3.4673E-13  1.9205E-05
 5.3274E+25  4.8634E-05  9.9995E-01  7.0160E+03  8.1828E-05  9.2878E-13  3.4673E-13  1.9080E-05
 5.3367E+25  4.9017E-05  9.9995E-01  7.0160E+03  8.1828E-05  9.2149E-13  3.4673E-13  1.8955E-05
 5.3459E+25  4.8963E-05  9.9995E-01  7.0160E+03  8.1828E-05  9.2141E-13  3.4673E-13  1.8830E-05
 5.3552E+25  4.8930E-05  9.9995E-01  7.0160E+03  8.1828E-05  9.2314E-13  3.4673E-13  1.8706E-05
 5.3645E+25  4.9303E-05  9.9995E-01  7.0160E+03  8.1828E-05  9.1614E-13  3.4673E-13  1.8582E-05
 5.3737E+25  4.9688E-05  9.9995E-01  7.0159E+03  8.1828E-05  9.0909E-13  3.4673E-13  1.8458E-05
 5.3830E+25  5.0078E-05  9.9995E-01  7.0159E+03  8.1828E-05  9.0198E-13  3.4673E-13  1.8334E-05
 5.3922E+25  4.9983E-05  9.9995E-01  7.0159E+03  8.1828E-05  9.0260E-13  3.4673E-13  1.8212E-05
 5.4015E+25  4.9992E-05  9.9995E-01  7.0159E+03  8.1828E-05  9.0355E-13  3.4673E-13  1.8090E-05
 5.4107E+25  5.0372E-05  9.9995E-01  7.0159E+03  8.1828E-05  8.9673E-13  3.4673E-13  1.7968E-05
 5.4200E+25  5.0755E-05  9.9995E-01  7.0158E+03  8.1828E-05  8.8999E-13  3.4673E-13  1.7852E-05
 5.4292E+25  5.1152E-05  9.9995E-01  7.0158E+03  8.1828E-05  8.8307E-13  3.4673E-13  1.7740E-05
 5.4385E+25  5.1046E-05  9.9995E-01  7.0158E+03  8.1828E-05  8.8380E-13  3.4674E-13  1.7629E-05
 5.4478E+25  5.1066E-05  9.9995E-01  7.0158E+03  8.1828E-05  8.8456E-13  3.4674E-13  1.7519E-05
 5.4570E+25  5.1453E-05  9.9995E-01  7.0158E+03  8.1828E-05  8.7789E-13  3.4674E-13  1.7408E-05
 5.4663E+25  5.1837E-05  9.9995E-01  7.0157E+03  8.1828E-05  8.7142E-13  3.4674E-13  1.7297E-05
 5.4755E+25  5.2239E-05  9.9995E-01  7.0157E+03  8.1828E-05  8.6471E-13  3.4674E-13  1.7185E-05
 5.4848E+25  5.2152E-05  9.9995E-01  7.0157E+03  8.1828E-05  8.6507E-13  3.4674E-13  1.7074E-05
 5.4940E+25  5.2153E-05  9.9995E-01  7.0157E+03  8.1828E-05  8.6614E-13  3.4674E-13  1.6963E-05
 5.5033E+25  5.2549E-05  9.9995E-01  7.0157E+03  8.1828E-05  8.5960E-13  3.4674E-13  1.6853E-05
 5.5126E+25  5.2935E-05  9.9995E-01  7.0156E+03  8.1828E-05  8.5332E-13  3.4674E-13  1.6743E-05
 5.5218E+25  5.3339E-05  9.9995E-01  7.0156E+03  8.1828E-05  8.4689E-13  3.4674E-13  1.6633E-05
 5.5311E+25  5.3300E-05  9.9995E-01  7.0156E+03  8.1828E-05  8.4646E-13  3.4674E-13  1.6524E-05
 5.5403E+25  5.3255E-05  9.9995E-01  7.0156E+03  8.1828E-05  8.4823E-13  3.4674E-13  1.6416E-05
 5.5496E+25  5.3658E-05  9.9995E-01  7.0156E+03  8.1828E-05  8.4186E-13  3.4674E-13  1.6313E-05
 5.5588E+25  5.4053E-05  9.9995E-01  7.0156E+03  8.1828E-05  8.3569E-13  3.4675E-13  1.6214E-05
 5.5681E+25  5.4451E-05  9.9995E-01  7.0155E+03  8.1828E-05  8.2961E-13  3.4675E-13  1.6115E-05
 5.5774E+25  5.4488E-05  9.9995E-01  7.0155E+03  8.1828E-05  8.2803E-13  3.4675E-13  1.6017E-05
 5.5866E+25  5.4378E-05  9.9995E-01  7.0155E+03  8.1828E-05  8.3070E-13  3.4675E-13  1.5918E-05
 5.5959E+25  5.4781E-05  9.9995E-01  7.0155E+03  8.1828E-05  8.2462E-13  3.4675E-13  1.5818E-05
 5.6051E+25  5.5184E-05  9.9994E-01  7.0155E+03  8.1828E-05  8.1857E-13  3.4675E-13  1.5719E-05
 5.6144E+25  5.5581E-05  9.9994E-01  7.0154E+03  8.1828E-05  8.1273E-13  3.4675E-13  1.5621E-05
 5.6236E+25  5.5719E-05  9.9994E-01  7.0154E+03  8.1828E-05  8.0975E-13  3.4675E-13  1.5522E-05
 5.6329E+25  5.5519E-05  9.9994E-01  7.0154E+03  8.1828E-05  8.1363E-13  3.4675E-13  1.5422E-05
 5.6422E+25  5.5916E-05  9.9994E-01  7.0154E+03  8.1828E-05  8.0790E-13  3.4675E-13  1.5324E-05
 5.6514E+25  5.6330E-05  9.9994E-01  7.0154E+03  8.1828E-05  8.0195E-13  3.4675E-13  1.5227E-05
 5.6607E+25  5.6734E-05  9.9994E-01  7.0154E+03  8.1828E-05  7.9622E-13  3.4675E-13  1.5130E-05
 5.6699E+25  5.6992E-05  9.9994E-01  7.0153E+03  8.1828E-05  7.9167E-13  3.4675E-13  1.5032E-05
 5.6792E+25  5.6673E-05  9.9994E-01  7.0153E+03  8.1828E-05  7.9712E-13  3.4676E-13  1.4940E-05
 5.6884E+25  5.7073E-05  9.9994E-01  7.0153E+03  8.1828E-05  7.9150E-13  3.4676E-13  1.4851E-05
 5.6977E+25  5.7490E-05  9.9994E-01  7.0153E+03  8.1828E-05  7.8579E-13  3.4676E-13  1.4762E-05
 5.7070E+25  5.7903E-05  9.9994E-01  7.0153E+03  8.1828E-05  7.8017E-13  3.4676E-13  1.4675E-05
 5.7162E+25  5.8284E-05  9.9994E-01  7.0152E+03  8.1828E-05  7.7471E-13  3.4676E-13  1.4587E-05
 5.7255E+25  5.7867E-05  9.9994E-01  7.0152E+03  8.1828E-05  7.8008E-13  3.4676E-13  1.4498E-05
 5.7347E+25  5.8253E-05  9.9994E-01  7.0152E+03  8.1828E-05  7.7548E-13  3.4676E-13  1.4410E-05
 5.7440E+25  5.8662E-05  9.9994E-01  7.0152E+03  8.1828E-05  7.7012E-13  3.4676E-13  1.4322E-05
 5.7532E+25  5.9087E-05  9.9994E-01  7.0152E+03  8.1828E-05  7.6456E-13  3.4676E-13  1.4233E-05
 5.7625E+25  5.9498E-05  9.9994E-01  7.0152E+03  8.1828E-05  7.5920E-13  3.4676E-13  1.4146E-05
 5.7718E+25  5.9209E-05  9.9994E-01  7.0151E+03  8.1828E-05  7.6211E-13  3.4676E-13  1.4057E-05
 5.7810E+25  5.9446E-05  9.9994E-01  7.0151E+03  8.1828E-05  7.5997E-13  3.4676E-13  1.3970E-05
 5.7903E+25  5.9858E-05  9.9994E-01  7.0151E+03  8.1828E-05  7.5471E-13  3.4676E-13  1.3883E-05
 5.7995E+25  6.0286E-05  9.9994E-01  7.0151E+03  8.1828E-05  7.4939E-13  3.4676E-13  1.3796E-05
 5.8088E+25  6.0709E-05  9.9994E-01  7.0151E+03  8.1828E-05  7.4413E-13  3.4676E-13  1.3710E-05
 5.8180E+25  6.0622E-05  9.9994E-01  7.0151E+03  8.1828E-05  7.4428E-13  3.4677E-13  1.3630E-05
 5.8273E+25  6.0652E-05  9.9994E-01  7.0150E+03  8.1828E-05  7.4489E-13  3.4677E-13  1.3550E-05
 5.8366E+25  6.1081E-05  9.9994E-01  7.0150E+03  8.1828E-05  7.3963E-13  3.4677E-13  1.3472E-05
 5.8458E+25  6.1497E-05  9.9994E-01  7.0150E+03  8.1828E-05  7.3467E-13  3.4677E-13  1.3394E-05
 5.8551E+25  6.1933E-05  9.9994E-01  7.0150E+03  8.1828E-05  7.2946E-13  3.4677E-13  1.3315E-05
 5.8643E+25  6.2095E-05  9.9994E-01  7.0150E+03  8.1828E-05  7.2661E-13  3.4677E-13  1.3236E-05
 5.8736E+25  6.1873E-05  9.9994E-01  7.0150E+03  8.1828E-05  7.3021E-13  3.4677E-13  1.3158E-05
 5.8828E+25  6.2312E-05  9.9994E-01  7.0149E+03  8.1828E-05  7.2507E-13  3.4677E-13  1.3079E-05
 5.8921E+25  6.2739E-05  9.9994E-01  7.0149E+03  8.1828E-05  7.2011E-13  3.4677E-13  1.3001E-05
 5.9014E+25  6.3172E-05  9.9994E-01  7.0149E+03  8.1828E-05  7.1520E-13  3.4677E-13  1.2922E-05
 5.9106E+25  6.3578E-05  9.9994E-01  7.0149E+03  8.1828E-05  7.1023E-13  3.4677E-13  1.2844E-05
 5.9199E+25  6.3159E-05  9.9994E-01  7.0149E+03  8.1828E-05  7.1477E-13  3.4677E-13  1.2766E-05
 5.9291E+25  6.3559E-05  9.9994E-01  7.0149E+03  8.1828E-05  7.1088E-13  3.4677E-13  1.2688E-05
 5.9384E+25  6.4003E-05  9.9994E-01  7.0148E+03  8.1828E-05  7.0595E-13  3.4677E-13  1.2610E-05
 5.9476E+25  6.4430E-05  9.9994E-01  7.0148E+03  8.1828E-05  7.0125E-13  3.4677E-13  1.2534E-05
 5.9569E+25  6.4872E-05  9.9994E-01  7.0148E+03  8.1828E-05  6.9642E-13  3.4678E-13  1.2462E-05
 5.9662E+25  6.4703E-05  9.9994E-01  7.0148E+03  8.1828E-05  6.9741E-13  3.4678E-13  1.2391E-05
 5.9754E+25  6.4830E-05  9.9994E-01  7.0148E+03  8.1828E-05  6.9696E-13  3.4678E-13  1.2322E-05
 5.9847E+25  6.5276E-05  9.9993E-01  7.0148E+03  8.1828E-05  6.9223E-13  3.4678E-13  1.2252E-05
 5.9939E+25  6.5723E-05  9.9993E-01  7.0147E+03  8.1828E-05  6.8748E-13  3.4678E-13  1.2182E-05
 6.0032E+25  6.6154E-05  9.9993E-01  7.0147E+03  8.1828E-05  6.8302E-13  3.4678E-13  1.2112E-05
 6.0124E+25  6.6317E-05  9.9993E-01  7.0147E+03  8.1828E-05  6.8040E-13  3.4678E-13  1.2041E-05
 6.0217E+25  6.6132E-05  9.9993E-01  7.0147E+03  8.1828E-05  6.8327E-13  3.4678E-13  1.1971E-05
 6.0310E+25  6.6569E-05  9.9993E-01  7.0147E+03  8.1828E-05  6.7880E-13  3.4678E-13  1.1902E-05
 6.0402E+25  6.7024E-05  9.9993E-01  7.0147E+03  8.1828E-05  6.7421E-13  3.4678E-13  1.1831E-05
 6.0495E+25  6.7471E-05  9.9993E-01  7.0146E+03  8.1828E-05  6.6969E-13  3.4678E-13  1.1762E-05
 6.0587E+25  6.7893E-05  9.9993E-01  7.0146E+03  8.1828E-05  6.6533E-13  3.4678E-13  1.1692E-05
 6.0680E+25  6.7536E-05  9.9993E-01  7.0146E+03  8.1828E-05  6.6842E-13  3.4678E-13  1.1622E-05
 6.0772E+25  6.7899E-05  9.9993E-01  7.0146E+03  8.1828E-05  6.6555E-13  3.4678E-13  1.1553E-05
 6.0865E+25  6.8344E-05  9.9993E-01  7.0146E+03  8.1828E-05  6.6124E-13  3.4678E-13  1.1484E-05
 6.0958E+25  6.8806E-05  9.9993E-01  7.0146E+03  8.1828E-05  6.5680E-13  3.4679E-13  1.1419E-05
 6.1050E+25  6.9249E-05  9.9993E-01  7.0145E+03  8.1828E-05  6.5250E-13  3.4679E-13  1.1355E-05
 6.1143E+25  6.9232E-05  9.9993E-01  7.0145E+03  8.1828E-05  6.5185E-13  3.4679E-13  1.1293E-05
 6.1235E+25  6.9247E-05  9.9993E-01  7.0145E+03  8.1828E-05  6.5265E-13  3.4679E-13  1.1231E-05
 6.1328E+25  6.9700E-05  9.9993E-01  7.0145E+03  8.1828E-05  6.4841E-13  3.4679E-13  1.1169E-05
 6.1420E+25  7.0154E-05  9.9993E-01  7.0145E+03  8.1828E-05  6.4424E-13  3.4679E-13  1.1106E-05
 6.1513E+25  7.0620E-05  9.9993E-01  7.0145E+03  8.1828E-05  6.3996E-13  3.4679E-13  1.1043E-05
 6.1606E+25  7.0989E-05  9.9993E-01  7.0145E+03  8.1828E-05  6.3585E-13  3.4679E-13  1.0981E-05
 6.1698E+25  7.0622E-05  9.9993E-01  7.0144E+03  8.1828E-05  6.3981E-13  3.4679E-13  1.0919E-05
 6.1791E+25  7.1079E-05  9.9993E-01  7.0144E+03  8.1828E-05  6.3591E-13  3.4679E-13  1.0856E-05
 6.1883E+25  7.1537E-05  9.9993E-01  7.0144E+03  8.1828E-05  6.3182E-13  3.4679E-13  1.0794E-05
 6.1976E+25  7.1999E-05  9.9993E-01  7.0144E+03  8.1828E-05  6.2779E-13  3.4679E-13  1.0732E-05
 6.2068E+25  7.2462E-05  9.9993E-01  7.0144E+03  8.1828E-05  6.2367E-13  3.4679E-13  1.0670E-05
 6.2161E+25  7.2365E-05  9.9993E-01  7.0144E+03  8.1828E-05  6.2371E-13  3.4679E-13  1.0608E-05
 6.2254E+25  7.2481E-05  9.9993E-01  7.0143E+03  8.1828E-05  6.2369E-13  3.4679E-13  1.0546E-05
 6.2346E+25  7.2948E-05  9.9993E-01  7.0143E+03  8.1828E-05  6.1970E-13  3.4679E-13  1.0485E-05
 6.2439E+25  7.3412E-05  9.9993E-01  7.0143E+03  8.1828E-05  6.1576E-13  3.4679E-13  1.0427E-05
 6.2531E+25  7.3878E-05  9.9993E-01  7.0143E+03  8.1828E-05  6.1187E-13  3.4680E-13  1.0371E-05
 6.2624E+25  7.4243E-05  9.9993E-01  7.0143E+03  8.1828E-05  6.0789E-13  3.4680E-13  1.0315E-05
 6.2716E+25  7.3901E-05  9.9993E-01  7.0143E+03  8.1828E-05  6.1175E-13  3.4680E-13  1.0260E-05
 6.2809E+25  7.4383E-05  9.9993E-01  7.0143E+03  8.1828E-05  6.0784E-13  3.4680E-13  1.0204E-05
 6.2902E+25  7.4855E-05  9.9993E-01  7.0142E+03  8.1828E-05  6.0400E-13  3.4680E-13  1.0149E-05
 6.2994E+25  7.5325E-05  9.9992E-01  7.0142E+03  8.1828E-05  6.0020E-13  3.4680E-13  1.0093E-05
 6.3087E+25  7.5787E-05  9.9992E-01  7.0142E+03  8.1828E-05  5.9645E-13  3.4680E-13  1.0037E-05
 6.3179E+25  7.5740E-05  9.9992E-01  7.0142E+03  8.1828E-05  5.9603E-13  3.4680E-13  9.9818E-06
 6.3272E+25  7.5836E-05  9.9992E-01  7.0142E+03  8.1828E-05  5.9629E-13  3.4680E-13  9.9265E-06
 6.3364E+25  7.6324E-05  9.9992E-01  7.0142E+03  8.1828E-05  5.9249E-13  3.4680E-13  9.8710E-06
 6.3457E+25  7.6803E-05  9.9992E-01  7.0141E+03  8.1828E-05  5.8879E-13  3.4680E-13  9.8149E-06
 6.3550E+25  7.7276E-05  9.9992E-01  7.0141E+03  8.1828E-05  5.8511E-13  3.4680E-13  9.7598E-06
 6.3642E+25  7.7678E-05  9.9992E-01  7.0141E+03  8.1828E-05  5.8151E-13  3.4680E-13  9.7047E-06
 6.3735E+25  7.7365E-05  9.9992E-01  7.0141E+03  8.1828E-05  5.8418E-13  3.4680E-13  9.6494E-06
 6.3827E+25  7.7813E-05  9.9992E-01  7.0141E+03  8.1828E-05  5.8127E-13  3.4680E-13  9.5944E-06
 6.3920E+25  7.8308E-05  9.9992E-01  7.0141E+03  8.1828E-05  5.7760E-13  3.4680E-13  9.5423E-06
 6.4012E+25  7.8791E-05  9.9992E-01  7.0140E+03  8.1828E-05  5.7404E-13  3.4681E-13  9.4916E-06
 6.4105E+25  7.9262E-05  9.9992E-01  7.0140E+03  8.1828E-05  5.7048E-13  3.4681E-13  9.4416E-06
 6.4198E+25  7.9326E-05  9.9992E-01  7.0140E+03  8.1828E-05  5.6921E-13  3.4681E-13  9.3928E-06
 6.4290E+25  7.9353E-05  9.9992E-01  7.0140E+03  8.1828E-05  5.7011E-13  3.4681E-13  9.3438E-06
 6.4383E+25  7.9834E-05  9.9992E-01  7.0140E+03  8.1828E-05  5.6670E-13  3.4681E-13  9.2941E-06
 6.4475E+25  8.0334E-05  9.9992E-01  7.0140E+03  8.1828E-05  5.6317E-13  3.4681E-13  9.2444E-06
 6.4568E+25  8.0820E-05  9.9992E-01  7.0140E+03  8.1828E-05  5.5973E-13  3.4681E-13  9.1950E-06
 6.4660E+25  8.1266E-05  9.9992E-01  7.0139E+03  8.1828E-05  5.5630E-13  3.4681E-13  9.1456E-06
 6.4753E+25  8.1048E-05  9.9992E-01  7.0139E+03  8.1828E-05  5.5753E-13  3.4681E-13  9.0961E-06
 6.4846E+25  8.1412E-05  9.9992E-01  7.0139E+03  8.1828E-05  5.5587E-13  3.4681E-13  9.0467E-06
 6.4938E+25  8.1900E-05  9.9992E-01  7.0139E+03  8.1828E-05  5.5256E-13  3.4681E-13  8.9971E-06
 6.5031E+25  8.2404E-05  9.9992E-01  7.0139E+03  8.1828E-05  5.4917E-13  3.4681E-13  8.9477E-06
 6.5123E+25  8.2889E-05  9.9992E-01  7.0139E+03  8.1828E-05  5.4585E-13  3.4681E-13  8.8984E-06
 6.5216E+25  8.3157E-05  9.9992E-01  7.0138E+03  8.1828E-05  5.4306E-13  3.4681E-13  8.8490E-06
 6.5308E+25  8.3010E-05  9.9992E-01  7.0138E+03  8.1828E-05  5.4534E-13  3.4681E-13  8.8000E-06
 6.5401E+25  8.3518E-05  9.9992E-01  7.0138E+03  8.1828E-05  5.4204E-13  3.4681E-13  8.7511E-06
 6.5494E+25  8.4013E-05  9.9992E-01  7.0138E+03  8.1828E-05  5.3883E-13  3.4682E-13  8.7054E-06
 6.5586E+25  8.4520E-05  9.9992E-01  7.0138E+03  8.1828E-05  5.3558E-13  3.4682E-13  8.6604E-06
 6.5679E+25  8.4994E-05  9.9992E-01  7.0138E+03  8.1828E-05  5.3237E-13  3.4682E-13  8.6160E-06
 6.5771E+25  8.4999E-05  9.9992E-01  7.0138E+03  8.1828E-05  5.3163E-13  3.4682E-13  8.5727E-06
 6.5864E+25  8.5160E-05  9.9991E-01  7.0137E+03  8.1828E-05  5.3178E-13  3.4682E-13  8.5288E-06
 6.5956E+25  8.5673E-05  9.9991E-01  7.0137E+03  8.1828E-05  5.2861E-13  3.4682E-13  8.4848E-06
 6.6049E+25  8.6176E-05  9.9991E-01  7.0137E+03  8.1828E-05  5.2549E-13  3.4682E-13  8.4408E-06
 6.6142E+25  8.6681E-05  9.9991E-01  7.0137E+03  8.1828E-05  5.2240E-13  3.4682E-13  8.3968E-06
 6.6234E+25  8.7119E-05  9.9991E-01  7.0137E+03  8.1828E-05  5.1927E-13  3.4682E-13  8.3525E-06
 6.6327E+25  8.6953E-05  9.9991E-01  7.0137E+03  8.1828E-05  5.2027E-13  3.4682E-13  8.3087E-06
 6.6419E+25  8.7363E-05  9.9991E-01  7.0137E+03  8.1828E-05  5.1859E-13  3.4682E-13  8.2648E-06
 6.6512E+25  8.7880E-05  9.9991E-01  7.0136E+03  8.1828E-05  5.1557E-13  3.4682E-13  8.2204E-06
 6.6604E+25  8.8391E-05  9.9991E-01  7.0136E+03  8.1828E-05  5.1253E-13  3.4682E-13  8.1763E-06
 6.6697E+25  8.8887E-05  9.9991E-01  7.0136E+03  8.1828E-05  5.0958E-13  3.4682E-13  8.1324E-06
 6.6789E+25  8.9189E-05  9.9991E-01  7.0136E+03  8.1828E-05  5.0677E-13  3.4682E-13  8.0886E-06
 6.6882E+25  8.9100E-05  9.9991E-01  7.0136E+03  8.1828E-05  5.0875E-13  3.4682E-13  8.0448E-06
 6.6975E+25  8.9622E-05  9.9991E-01  7.0136E+03  8.1828E-05  5.0577E-13  3.4683E-13  8.0007E-06
 6.7067E+25  9.0141E-05  9.9991E-01  7.0135E+03  8.1828E-05  5.0289E-13  3.4683E-13  7.9598E-06
 6.7160E+25  9.0658E-05  9.9991E-01  7.0135E+03  8.1828E-05  4.9995E-13  3.4683E-13  7.9196E-06
 6.7252E+25  9.1139E-05  9.9991E-01  7.0135E+03  8.1828E-05  4.9712E-13  3.4683E-13  7.8796E-06
 6.7345E+25  9.1252E-05  9.9991E-01  7.0135E+03  8.1828E-05  4.9574E-13  3.4683E-13  7.8410E-06
 6.7437E+25  9.1406E-05  9.9991E-01  7.0135E+03  8.1828E-05  4.9621E-13  3.4683E-13  7.8024E-06
 6.7530E+25  9.1938E-05  9.9991E-01  7.0135E+03  8.1828E-05  4.9332E-13  3.4683E-13  7.7631E-06
 6.7623E+25  9.2459E-05  9.9991E-01  7.0134E+03  8.1828E-05  4.9054E-13  3.4683E-13  7.7239E-06
 6.7715E+25  9.2977E-05  9.9991E-01  7.0134E+03  8.1828E-05  4.8773E-13  3.4683E-13  7.6849E-06
 6.7808E+25  9.3434E-05  9.9991E-01  7.0134E+03  8.1828E-05  4.8499E-13  3.4683E-13  7.6457E-06
 6.7900E+25  9.3418E-05  9.9991E-01  7.0134E+03  8.1828E-05  4.8480E-13  3.4683E-13  7.6066E-06
 6.7993E+25  9.3772E-05  9.9991E-01  7.0134E+03  8.1828E-05  4.8400E-13  3.4683E-13  7.5675E-06
 6.8085E+25  9.4313E-05  9.9991E-01  7.0134E+03  8.1828E-05  4.8123E-13  3.4683E-13  7.5280E-06
 6.8178E+25  9.4838E-05  9.9991E-01  7.0133E+03  8.1828E-05  4.7854E-13  3.4683E-13  7.4887E-06
 6.8271E+25  9.5352E-05  9.9990E-01  7.0133E+03  8.1828E-05  4.7585E-13  3.4683E-13  7.4496E-06
 6.8363E+25  9.5763E-05  9.9990E-01  7.0133E+03  8.1828E-05  4.7317E-13  3.4683E-13  7.4104E-06
 6.8456E+25  9.5704E-05  9.9990E-01  7.0133E+03  8.1828E-05  4.7398E-13  3.4684E-13  7.3712E-06
 6.8548E+25  9.6202E-05  9.9990E-01  7.0133E+03  8.1828E-05  4.7212E-13  3.4684E-13  7.3321E-06
 6.8641E+25  9.6747E-05  9.9990E-01  7.0133E+03  8.1828E-05  4.6949E-13  3.4684E-13  7.2938E-06
 6.8733E+25  9.7280E-05  9.9990E-01  7.0133E+03  8.1828E-05  4.6684E-13  3.4684E-13  7.2576E-06
 6.8826E+25  9.7786E-05  9.9990E-01  7.0132E+03  8.1828E-05  4.6428E-13  3.4684E-13  7.2216E-06
 6.8919E+25  9.8104E-05  9.9990E-01  7.0132E+03  8.1828E-05  4.6173E-13  3.4684E-13  7.1865E-06
 6.9011E+25  9.8138E-05  9.9990E-01  7.0132E+03  8.1828E-05  4.6321E-13  3.4684E-13  7.1522E-06
 6.9104E+25  9.8697E-05  9.9990E-01  7.0132E+03  8.1828E-05  4.6058E-13  3.4684E-13  7.1177E-06
 6.9196E+25  9.9246E-05  9.9990E-01  7.0132E+03  8.1828E-05  4.5804E-13  3.4684E-13  7.0828E-06
 6.9289E+25  9.9787E-05  9.9990E-01  7.0132E+03  8.1828E-05  4.5547E-13  3.4684E-13  7.0480E-06
 6.9381E+25  1.0028E-04  9.9990E-01  7.0131E+03  8.1828E-05  4.5300E-13  3.4684E-13  7.0132E-06
 6.9474E+25  1.0049E-04  9.9990E-01  7.0131E+03  8.1828E-05  4.5130E-13  3.4684E-13  6.9783E-06
 6.9567E+25  1.0069E-04  9.9990E-01  7.0131E+03  8.1828E-05  4.5187E-13  3.4684E-13  6.9436E-06
 6.9659E+25  1.0126E-04  9.9990E-01  7.0131E+03  8.1828E-05  4.4937E-13  3.4684E-13  6.9089E-06
 6.9752E+25  1.0182E-04  9.9990E-01  7.0131E+03  8.1828E-05  4.4688E-13  3.4684E-13  6.8739E-06
 6.9844E+25  1.0236E-04  9.9990E-01  7.0131E+03  8.1828E-05  4.4443E-13  3.4685E-13  6.8389E-06
 6.9937E+25  1.0284E-04  9.9990E-01  7.0130E+03  8.1828E-05  4.4200E-13  3.4685E-13  6.8038E-06
 7.0029E+25  1.0299E-04  9.9990E-01  7.0130E+03  8.1828E-05  4.4100E-13  3.4685E-13  6.7690E-06
 7.0122E+25  1.0332E-04  9.9990E-01  7.0130E+03  8.1828E-05  4.4082E-13  3.4685E-13  6.7342E-06
 7.0215E+25  1.0389E-04  9.9990E-01  7.0130E+03  8.1828E-05  4.3844E-13  3.4685E-13  6.6992E-06
 7.0307E+25  1.0446E-04  9.9990E-01  7.0130E+03  8.1828E-05  4.3603E-13  3.4685E-13  6.6647E-06
 7.0400E+25  1.0500E-04  9.9990E-01  7.0130E+03  8.1828E-05  4.3368E-13  3.4685E-13  6.6323E-06
 7.0492E+25  1.0547E-04  9.9989E-01  7.0129E+03  8.1828E-05  4.3131E-13  3.4685E-13  6.6004E-06
 7.0585E+25  1.0559E-04  9.9989E-01  7.0129E+03  8.1828E-05  4.3082E-13  3.4685E-13  6.5688E-06
 7.0677E+25  1.0603E-04  9.9989E-01  7.0129E+03  8.1828E-05  4.3006E-13  3.4685E-13  6.5380E-06
 7.0770E+25  1.0660E-04  9.9989E-01  7.0129E+03  8.1828E-05  4.2779E-13  3.4685E-13  6.5077E-06
 7.0863E+25  1.0717E-04  9.9989E-01  7.0129E+03  8.1828E-05  4.2547E-13  3.4685E-13  6.4766E-06
 7.0955E+25  1.0772E-04  9.9989E-01  7.0129E+03  8.1828E-05  4.2318E-13  3.4685E-13  6.4456E-06
 7.1048E+25  1.0817E-04  9.9989E-01  7.0128E+03  8.1828E-05  4.2092E-13  3.4685E-13  6.4146E-06
 7.1140E+25  1.0830E-04  9.9989E-01  7.0128E+03  8.1828E-05  4.2079E-13  3.4685E-13  6.3838E-06
 7.1233E+25  1.0881E-04  9.9989E-01  7.0128E+03  8.1828E-05  4.1959E-13  3.4686E-13  6.3528E-06
 7.1325E+25  1.0939E-04  9.9989E-01  7.0128E+03  8.1828E-05  4.1739E-13  3.4686E-13  6.3218E-06
 7.1418E+25  1.0997E-04  9.9989E-01  7.0128E+03  8.1828E-05  4.1519E-13  3.4686E-13  6.2909E-06
 7.1511E+25  1.1051E-04  9.9989E-01  7.0128E+03  8.1828E-05  4.1298E-13  3.4686E-13  6.2597E-06
 7.1603E+25  1.1094E-04  9.9989E-01  7.0127E+03  8.1828E-05  4.1079E-13  3.4686E-13  6.2287E-06
 7.1696E+25  1.1112E-04  9.9989E-01  7.0127E+03  8.1828E-05  4.1093E-13  3.4686E-13  6.1976E-06
 7.1788E+25  1.1168E-04  9.9989E-01  7.0127E+03  8.1828E-05  4.0937E-13  3.4686E-13  6.1665E-06
 7.1881E+25  1.1227E-04  9.9989E-01  7.0127E+03  8.1828E-05  4.0725E-13  3.4686E-13  6.1353E-06
 7.1973E+25  1.1284E-04  9.9989E-01  7.0127E+03  8.1828E-05  4.0516E-13  3.4686E-13  6.1044E-06
 7.2066E+25  1.1339E-04  9.9989E-01  7.0126E+03  8.1828E-05  4.0303E-13  3.4686E-13  6.0742E-06
 7.2159E+25  1.1380E-04  9.9989E-01  7.0126E+03  8.1828E-05  4.0091E-13  3.4686E-13  6.0455E-06
 7.2251E+25  1.1404E-04  9.9989E-01  7.0126E+03  8.1828E-05  4.0127E-13  3.4686E-13  6.0170E-06
 7.2344E+25  1.1464E-04  9.9989E-01  7.0126E+03  8.1828E-05  3.9941E-13  3.4686E-13  5.9890E-06
 7.2436E+25  1.1523E-04  9.9988E-01  7.0126E+03  8.1828E-05  3.9738E-13  3.4686E-13  5.9621E-06
 7.2529E+25  1.1581E-04  9.9988E-01  7.0126E+03  8.1828E-05  3.9536E-13  3.4687E-13  5.9349E-06
 7.2621E+25  1.1635E-04  9.9988E-01  7.0125E+03  8.1828E-05  3.9333E-13  3.4687E-13  5.9072E-06
 7.2714E+25  1.1674E-04  9.9988E-01  7.0125E+03  8.1828E-05  3.9134E-13  3.4687E-13  5.8798E-06
 7.2807E+25  1.1707E-04  9.9988E-01  7.0125E+03  8.1828E-05  3.9172E-13  3.4687E-13  5.8522E-06
 7.2899E+25  1.1768E-04  9.9988E-01  7.0125E+03  8.1828E-05  3.8971E-13  3.4687E-13  5.8247E-06
 7.2992E+25  1.1828E-04  9.9988E-01  7.0125E+03  8.1828E-05  3.8774E-13  3.4687E-13  5.7972E-06
 7.3084E+25  1.1887E-04  9.9988E-01  7.0125E+03  8.1828E-05  3.8580E-13  3.4687E-13  5.7697E-06
 7.3177E+25  1.1941E-04  9.9988E-01  7.0124E+03  8.1828E-05  3.8386E-13  3.4687E-13  5.7422E-06
 7.3269E+25  1.1980E-04  9.9988E-01  7.0124E+03  8.1828E-05  3.8215E-13  3.4687E-13  5.7144E-06
 7.3362E+25  1.2020E-04  9.9988E-01  7.0124E+03  8.1828E-05  3.8223E-13  3.4687E-13  5.6868E-06
 7.3455E+25  1.2082E-04  9.9988E-01  7.0124E+03  8.1828E-05  3.8026E-13  3.4687E-13  5.6591E-06
 7.3547E+25  1.2143E-04  9.9988E-01  7.0124E+03  8.1828E-05  3.7835E-13  3.4687E-13  5.6315E-06
 7.3640E+25  1.2202E-04  9.9988E-01  7.0123E+03  8.1828E-05  3.7648E-13  3.4687E-13  5.6039E-06
 7.3732E+25  1.2256E-04  9.9988E-01  7.0123E+03  8.1828E-05  3.7462E-13  3.4687E-13  5.5762E-06
 7.3825E+25  1.2295E-04  9.9988E-01  7.0123E+03  8.1828E-05  3.7314E-13  3.4688E-13  5.5488E-06
 7.3917E+25  1.2342E-04  9.9988E-01  7.0123E+03  8.1828E-05  3.7295E-13  3.4688E-13  5.5233E-06
 7.4010E+25  1.2406E-04  9.9988E-01  7.0123E+03  8.1828E-05  3.7107E-13  3.4688E-13  5.4979E-06
 7.4103E+25  1.2468E-04  9.9988E-01  7.0122E+03  8.1828E-05  3.6920E-13  3.4688E-13  5.4727E-06
 7.4195E+25  1.2527E-04  9.9987E-01  7.0122E+03  8.1828E-05  3.6738E-13  3.4688E-13  5.4486E-06
 7.4288E+25  1.2582E-04  9.9987E-01  7.0122E+03  8.1828E-05  3.6560E-13  3.4688E-13  5.4244E-06
 7.4380E+25  1.2623E-04  9.9987E-01  7.0122E+03  8.1828E-05  3.6429E-13  3.4688E-13  5.4001E-06
 7.4473E+25  1.2674E-04  9.9987E-01  7.0122E+03  8.1828E-05  3.6390E-13  3.4688E-13  5.3758E-06
 7.4565E+25  1.2738E-04  9.9987E-01  7.0122E+03  8.1828E-05  3.6211E-13  3.4688E-13  5.3511E-06
 7.4658E+25  1.2802E-04  9.9987E-01  7.0121E+03  8.1828E-05  3.6029E-13  3.4688E-13  5.3267E-06
 7.4751E+25  1.2863E-04  9.9987E-01  7.0121E+03  8.1828E-05  3.5852E-13  3.4688E-13  5.3023E-06
 7.4843E+25  1.2919E-04  9.9987E-01  7.0121E+03  8.1828E-05  3.5679E-13  3.4688E-13  5.2779E-06
 7.4936E+25  1.2961E-04  9.9987E-01  7.0121E+03  8.1828E-05  3.5562E-13  3.4688E-13  5.2534E-06
 7.5028E+25  1.3016E-04  9.9987E-01  7.0121E+03  8.1828E-05  3.5508E-13  3.4688E-13  5.2289E-06
 7.5121E+25  1.3082E-04  9.9987E-01  7.0120E+03  8.1828E-05  3.5335E-13  3.4689E-13  5.2041E-06
 7.5213E+25  1.3146E-04  9.9987E-01  7.0120E+03  8.1828E-05  3.5163E-13  3.4689E-13  5.1796E-06
 7.5306E+25  1.3209E-04  9.9987E-01  7.0120E+03  8.1828E-05  3.4989E-13  3.4689E-13  5.1549E-06
 7.5399E+25  1.3266E-04  9.9987E-01  7.0120E+03  8.1828E-05  3.4821E-13  3.4689E-13  5.1303E-06
 7.5491E+25  1.3311E-04  9.9987E-01  7.0120E+03  8.1828E-05  3.4713E-13  3.4689E-13  5.1057E-06
 7.5584E+25  1.3370E-04  9.9987E-01  7.0119E+03  8.1828E-05  3.4646E-13  3.4689E-13  5.0810E-06
 7.5676E+25  1.3436E-04  9.9987E-01  7.0119E+03  8.1828E-05  3.4481E-13  3.4689E-13  5.0573E-06
 7.5769E+25  1.3501E-04  9.9986E-01  7.0119E+03  8.1828E-05  3.4316E-13  3.4689E-13  5.0346E-06
 7.5861E+25  1.3565E-04  9.9986E-01  7.0119E+03  8.1828E-05  3.4149E-13  3.4689E-13  5.0119E-06
 7.5954E+25  1.3624E-04  9.9986E-01  7.0119E+03  8.1828E-05  3.3984E-13  3.4689E-13  4.9896E-06
 7.6047E+25  1.3672E-04  9.9986E-01  7.0118E+03  8.1828E-05  3.3882E-13  3.4689E-13  4.9683E-06
 7.6139E+25  1.3733E-04  9.9986E-01  7.0118E+03  8.1828E-05  3.3804E-13  3.4689E-13  4.9470E-06
 7.6232E+25  1.3801E-04  9.9986E-01  7.0118E+03  8.1828E-05  3.3647E-13  3.4690E-13  4.9252E-06
 7.6324E+25  1.3867E-04  9.9986E-01  7.0118E+03  8.1828E-05  3.3488E-13  3.4690E-13  4.9033E-06
 7.6417E+25  1.3932E-04  9.9986E-01  7.0118E+03  8.1828E-05  3.3330E-13  3.4690E-13  4.8817E-06
 7.6509E+25  1.3993E-04  9.9986E-01  7.0117E+03  8.1828E-05  3.3171E-13  3.4690E-13  4.8602E-06
 7.6602E+25  1.4045E-04  9.9986E-01  7.0117E+03  8.1828E-05  3.3068E-13  3.4690E-13  4.8383E-06
 7.6695E+25  1.4109E-04  9.9986E-01  7.0117E+03  8.1828E-05  3.2983E-13  3.4690E-13  4.8165E-06
 7.6787E+25  1.4177E-04  9.9986E-01  7.0117E+03  8.1828E-05  3.2833E-13  3.4690E-13  4.7949E-06
 7.6880E+25  1.4244E-04  9.9986E-01  7.0117E+03  8.1828E-05  3.2681E-13  3.4690E-13  4.7730E-06
 7.6972E+25  1.4310E-04  9.9986E-01  7.0116E+03  8.1828E-05  3.2530E-13  3.4690E-13  4.7510E-06
 7.7065E+25  1.4373E-04  9.9986E-01  7.0116E+03  8.1828E-05  3.2378E-13  3.4690E-13  4.7292E-06
 7.7157E+25  1.4429E-04  9.9986E-01  7.0116E+03  8.1828E-05  3.2278E-13  3.4690E-13  4.7072E-06
 7.7250E+25  1.4495E-04  9.9986E-01  7.0116E+03  8.1828E-05  3.2182E-13  3.4690E-13  4.6854E-06
 7.7343E+25  1.4564E-04  9.9985E-01  7.0116E+03  8.1828E-05  3.2038E-13  3.4691E-13  4.6634E-06
 7.7435E+25  1.4632E-04  9.9985E-01  7.0115E+03  8.1828E-05  3.1894E-13  3.4691E-13  4.6415E-06
 7.7528E+25  1.4700E-04  9.9985E-01  7.0115E+03  8.1828E-05  3.1748E-13  3.4691E-13  4.6199E-06
 7.7620E+25  1.4764E-04  9.9985E-01  7.0115E+03  8.1828E-05  3.1605E-13  3.4691E-13  4.5996E-06
 7.7713E+25  1.4823E-04  9.9985E-01  7.0115E+03  8.1828E-05  3.1505E-13  3.4691E-13  4.5794E-06
 7.7805E+25  1.4892E-04  9.9985E-01  7.0114E+03  8.1828E-05  3.1405E-13  3.4691E-13  4.5593E-06
 7.7898E+25  1.4962E-04  9.9985E-01  7.0114E+03  8.1828E-05  3.1262E-13  3.4691E-13  4.5402E-06
 7.7991E+25  1.5032E-04  9.9985E-01  7.0114E+03  8.1828E-05  3.1124E-13  3.4691E-13  4.5212E-06
 7.8083E+25  1.5100E-04  9.9985E-01  7.0114E+03  8.1828E-05  3.0986E-13  3.4691E-13  4.5021E-06
 7.8176E+25  1.5166E-04  9.9985E-01  7.0114E+03  8.1828E-05  3.0847E-13  3.4691E-13  4.4829E-06
 7.8268E+25  1.5229E-04  9.9985E-01  7.0113E+03  8.1828E-05  3.0752E-13  3.4691E-13  4.4635E-06
 7.8361E+25  1.5300E-04  9.9985E-01  7.0113E+03  8.1828E-05  3.0647E-13  3.4691E-13  4.4442E-06
 7.8453E+25  1.5372E-04  9.9985E-01  7.0113E+03  8.1828E-05  3.0508E-13  3.4692E-13  4.4248E-06
 7.8546E+25  1.5443E-04  9.9985E-01  7.0113E+03  8.1828E-05  3.0373E-13  3.4692E-13  4.4057E-06
 7.8638E+25  1.5513E-04  9.9984E-01  7.0112E+03  8.1828E-05  3.0242E-13  3.4692E-13  4.3864E-06
 7.8731E+25  1.5581E-04  9.9984E-01  7.0112E+03  8.1828E-05  3.0110E-13  3.4692E-13  4.3670E-06
 7.8824E+25  1.5646E-04  9.9984E-01  7.0112E+03  8.1828E-05  3.0013E-13  3.4692E-13  4.3475E-06
 7.8916E+25  1.5719E-04  9.9984E-01  7.0112E+03  8.1828E-05  2.9911E-13  3.4692E-13  4.3280E-06
 7.9009E+25  1.5793E-04  9.9984E-01  7.0112E+03  8.1828E-05  2.9775E-13  3.4692E-13  4.3086E-06
 7.9101E+25  1.5865E-04  9.9984E-01  7.0111E+03  8.1828E-05  2.9644E-13  3.4692E-13  4.2890E-06
 7.9194E+25  1.5936E-04  9.9984E-01  7.0111E+03  8.1828E-05  2.9515E-13  3.4692E-13  4.2696E-06
 7.9286E+25  1.6006E-04  9.9984E-01  7.0111E+03  8.1828E-05  2.9389E-13  3.4692E-13  4.2500E-06
 7.9379E+25  1.6074E-04  9.9984E-01  7.0111E+03  8.1828E-05  2.9294E-13  3.4692E-13  4.2305E-06
 7.9472E+25  1.6148E-04  9.9984E-01  7.0110E+03  8.1828E-05  2.9190E-13  3.4693E-13  4.2115E-06
 7.9564E+25  1.6223E-04  9.9984E-01  7.0110E+03  8.1828E-05  2.9063E-13  3.4693E-13  4.1934E-06
 7.9657E+25  1.6298E-04  9.9984E-01  7.0110E+03  8.1828E-05  2.8933E-13  3.4693E-13  4.1754E-06
 7.9749E+25  1.6371E-04  9.9984E-01  7.0110E+03  8.1828E-05  2.8809E-13  3.4693E-13  4.1575E-06
 7.9842E+25  1.6443E-04  9.9984E-01  7.0109E+03  8.1828E-05  2.8686E-13  3.4693E-13  4.1406E-06
 7.9934E+25  1.6513E-04  9.9983E-01  7.0109E+03  8.1828E-05  2.8590E-13  3.4693E-13  4.1239E-06
 8.0027E+25  1.6589E-04  9.9983E-01  7.0109E+03  8.1828E-05  2.8487E-13  3.4693E-13  4.1069E-06
 8.0120E+25  1.6665E-04  9.9983E-01  7.0109E+03  8.1828E-05  2.8367E-13  3.4693E-13  4.0897E-06
 8.0212E+25  1.6741E-04  9.9983E-01  7.0109E+03  8.1828E-05  2.8244E-13  3.4693E-13  4.0726E-06
 8.0305E+25  1.6816E-04  9.9983E-01  7.0108E+03  8.1828E-05  2.8121E-13  3.4693E-13  4.0555E-06
 8.0397E+25  1.6890E-04  9.9983E-01  7.0108E+03  8.1828E-05  2.8003E-13  3.4694E-13  4.0384E-06
 8.0490E+25  1.6963E-04  9.9983E-01  7.0108E+03  8.1828E-05  2.7905E-13  3.4694E-13  4.0212E-06
 8.0582E+25  1.7039E-04  9.9983E-01  7.0108E+03  8.1828E-05  2.7801E-13  3.4694E-13  4.0040E-06
 8.0675E+25  1.7117E-04  9.9983E-01  7.0107E+03  8.1828E-05  2.7687E-13  3.4694E-13  3.9869E-06
 8.0768E+25  1.7194E-04  9.9983E-01  7.0107E+03  8.1828E-05  2.7572E-13  3.4694E-13  3.9697E-06
 8.0860E+25  1.7271E-04  9.9983E-01  7.0107E+03  8.1828E-05  2.7455E-13  3.4694E-13  3.9523E-06
 8.0953E+25  1.7347E-04  9.9983E-01  7.0107E+03  8.1828E-05  2.7338E-13  3.4694E-13  3.9349E-06
 8.1045E+25  1.7423E-04  9.9983E-01  7.0106E+03  8.1828E-05  2.7237E-13  3.4694E-13  3.9176E-06
 8.1138E+25  1.7500E-04  9.9982E-01  7.0106E+03  8.1828E-05  2.7134E-13  3.4694E-13  3.9004E-06
 8.1230E+25  1.7578E-04  9.9982E-01  7.0106E+03  8.1828E-05  2.7024E-13  3.4694E-13  3.8829E-06
 8.1323E+25  1.7657E-04  9.9982E-01  7.0106E+03  8.1828E-05  2.6914E-13  3.4694E-13  3.8656E-06
 8.1416E+25  1.7736E-04  9.9982E-01  7.0105E+03  8.1828E-05  2.6806E-13  3.4695E-13  3.8482E-06
 8.1508E+25  1.7814E-04  9.9982E-01  7.0105E+03  8.1828E-05  2.6693E-13  3.4695E-13  3.8320E-06
 8.1601E+25  1.7892E-04  9.9982E-01  7.0105E+03  8.1828E-05  2.6587E-13  3.4695E-13  3.8159E-06
 8.1693E+25  1.7971E-04  9.9982E-01  7.0105E+03  8.1828E-05  2.6485E-13  3.4695E-13  3.7998E-06
 8.1786E+25  1.8050E-04  9.9982E-01  7.0104E+03  8.1828E-05  2.6379E-13  3.4695E-13  3.7843E-06
 8.1878E+25  1.8129E-04  9.9982E-01  7.0104E+03  8.1828E-05  2.6274E-13  3.4695E-13  3.7695E-06
 8.1971E+25  1.8209E-04  9.9982E-01  7.0104E+03  8.1828E-05  2.6170E-13  3.4695E-13  3.7546E-06
 8.2064E+25  1.8290E-04  9.9982E-01  7.0104E+03  8.1828E-05  2.6066E-13  3.4695E-13  3.7394E-06
 8.2156E+25  1.8370E-04  9.9982E-01  7.0103E+03  8.1828E-05  2.5959E-13  3.4695E-13  3.7242E-06
 8.2249E+25  1.8451E-04  9.9982E-01  7.0103E+03  8.1828E-05  2.5853E-13  3.4695E-13  3.7091E-06
 8.2341E+25  1.8531E-04  9.9981E-01  7.0103E+03  8.1828E-05  2.5752E-13  3.4696E-13  3.6938E-06
 8.2434E+25  1.8611E-04  9.9981E-01  7.0103E+03  8.1828E-05  2.5651E-13  3.4696E-13  3.6786E-06
 8.2526E+25  1.8692E-04  9.9981E-01  7.0102E+03  8.1828E-05  2.5551E-13  3.4696E-13  3.6634E-06
 8.2619E+25  1.8774E-04  9.9981E-01  7.0102E+03  8.1828E-05  2.5453E-13  3.4696E-13  3.6483E-06
 8.2712E+25  1.8856E-04  9.9981E-01  7.0102E+03  8.1828E-05  2.5348E-13  3.4696E-13  3.6329E-06
 8.2804E+25  1.8938E-04  9.9981E-01  7.0102E+03  8.1828E-05  2.5243E-13  3.4696E-13  3.6175E-06
 8.2897E+25  1.9019E-04  9.9981E-01  7.0101E+03  8.1828E-05  2.5142E-13  3.4696E-13  3.6022E-06
 8.2989E+25  1.9101E-04  9.9981E-01  7.0101E+03  8.1828E-05  2.5046E-13  3.4696E-13  3.5868E-06
 8.3082E+25  1.9183E-04  9.9981E-01  7.0101E+03  8.1828E-05  2.4950E-13  3.4696E-13  3.5714E-06
 8.3174E+25  1.9266E-04  9.9981E-01  7.0101E+03  8.1828E-05  2.4855E-13  3.4696E-13  3.5559E-06
 8.3267E+25  1.9350E-04  9.9981E-01  7.0100E+03  8.1828E-05  2.4753E-13  3.4697E-13  3.5405E-06
 8.3360E+25  1.9433E-04  9.9981E-01  7.0100E+03  8.1828E-05  2.4650E-13  3.4697E-13  3.5251E-06
 8.3452E+25  1.9516E-04  9.9980E-01  7.0100E+03  8.1828E-05  2.4553E-13  3.4697E-13  3.5096E-06
 8.3545E+25  1.9598E-04  9.9980E-01  7.0100E+03  8.1828E-05  2.4457E-13  3.4697E-13  3.4951E-06
 8.3637E+25  1.9681E-04  9.9980E-01  7.0099E+03  8.1828E-05  2.4367E-13  3.4697E-13  3.4807E-06
 8.3730E+25  1.9766E-04  9.9980E-01  7.0099E+03  8.1828E-05  2.4274E-13  3.4697E-13  3.4664E-06
 8.3822E+25  1.9851E-04  9.9980E-01  7.0099E+03  8.1828E-05  2.4172E-13  3.4697E-13  3.4524E-06
 8.3915E+25  1.9934E-04  9.9980E-01  7.0099E+03  8.1828E-05  2.4072E-13  3.4697E-13  3.4393E-06
 8.4008E+25  2.0018E-04  9.9980E-01  7.0098E+03  8.1828E-05  2.3981E-13  3.4697E-13  3.4261E-06
 8.4100E+25  2.0102E-04  9.9980E-01  7.0098E+03  8.1828E-05  2.3889E-13  3.4698E-13  3.4126E-06
 8.4193E+25  2.0186E-04  9.9980E-01  7.0098E+03  8.1828E-05  2.3798E-13  3.4698E-13  3.3992E-06
 8.4285E+25  2.0272E-04  9.9980E-01  7.0097E+03  8.1828E-05  2.3712E-13  3.4698E-13  3.3857E-06
 8.4378E+25  2.0358E-04  9.9980E-01  7.0097E+03  8.1828E-05  2.3610E-13  3.4698E-13  3.3722E-06
 8.4470E+25  2.0442E-04  9.9980E-01  7.0097E+03  8.1828E-05  2.3507E-13  3.4698E-13  3.3588E-06
 8.4563E+25  2.0526E-04  9.9979E-01  7.0097E+03  8.1828E-05  2.3424E-13  3.4698E-13  3.3453E-06
 8.4656E+25  2.0611E-04  9.9979E-01  7.0096E+03  8.1828E-05  2.3338E-13  3.4698E-13  3.3317E-06
 8.4748E+25  2.0697E-04  9.9979E-01  7.0096E+03  8.1828E-05  2.3250E-13  3.4698E-13  3.3183E-06
 8.4841E+25  2.0783E-04  9.9979E-01  7.0096E+03  8.1828E-05  2.3164E-13  3.4698E-13  3.3047E-06
 8.4933E+25  2.0870E-04  9.9979E-01  7.0096E+03  8.1828E-05  2.3069E-13  3.4699E-13  3.2910E-06
 8.5026E+25  2.0955E-04  9.9979E-01  7.0095E+03  8.1828E-05  2.2961E-13  3.4699E-13  3.2772E-06
 8.5118E+25  2.1039E-04  9.9979E-01  7.0095E+03  8.1828E-05  2.2879E-13  3.4699E-13  3.2635E-06
 8.5211E+25  2.1124E-04  9.9979E-01  7.0095E+03  8.1828E-05  2.2801E-13  3.4699E-13  3.2499E-06
 8.5304E+25  2.1211E-04  9.9979E-01  7.0094E+03  8.1828E-05  2.2719E-13  3.4699E-13  3.2362E-06
 8.5396E+25  2.1298E-04  9.9979E-01  7.0094E+03  8.1828E-05  2.2636E-13  3.4699E-13  3.2224E-06
 8.5489E+25  2.1387E-04  9.9979E-01  7.0094E+03  8.1828E-05  2.2541E-13  3.4699E-13  3.2086E-06
 8.5581E+25  2.1473E-04  9.9979E-01  7.0094E+03  8.1828E-05  2.2433E-13  3.4699E-13  3.1951E-06
 8.5674E+25  2.1557E-04  9.9978E-01  7.0093E+03  8.1828E-05  2.2354E-13  3.4699E-13  3.1823E-06
 8.5766E+25  2.1642E-04  9.9978E-01  7.0093E+03  8.1828E-05  2.2276E-13  3.4699E-13  3.1695E-06
 8.5859E+25  2.1728E-04  9.9978E-01  7.0093E+03  8.1828E-05  2.2201E-13  3.4700E-13  3.1568E-06
 8.5952E+25  2.1817E-04  9.9978E-01  7.0093E+03  8.1828E-05  2.2125E-13  3.4700E-13  3.1446E-06
 8.6044E+25  2.1906E-04  9.9978E-01  7.0092E+03  8.1828E-05  2.2036E-13  3.4700E-13  3.1330E-06
 8.6137E+25  2.1993E-04  9.9978E-01  7.0092E+03  8.1828E-05  2.1918E-13  3.4700E-13  3.1212E-06
 8.6229E+25  2.2077E-04  9.9978E-01  7.0092E+03  8.1828E-05  2.1846E-13  3.4700E-13  3.1093E-06
 8.6322E+25  2.2163E-04  9.9978E-01  7.0091E+03  8.1828E-05  2.1770E-13  3.4700E-13  3.0974E-06
 8.6414E+25  2.2249E-04  9.9978E-01  7.0091E+03  8.1828E-05  2.1697E-13  3.4700E-13  3.0854E-06
 8.6507E+25  2.2337E-04  9.9978E-01  7.0091E+03  8.1828E-05  2.1625E-13  3.4700E-13  3.0735E-06
 8.6600E+25  2.2428E-04  9.9978E-01  7.0091E+03  8.1828E-05  2.1551E-13  3.4700E-13  3.0615E-06
 8.6692E+25  2.2516E-04  9.9977E-01  7.0090E+03  8.1828E-05  2.1425E-13  3.4701E-13  3.0495E-06
 8.6785E+25  2.2600E-04  9.9977E-01  7.0090E+03  8.1828E-05  2.1351E-13  3.4701E-13  3.0376E-06
 8.6877E+25  2.2685E-04  9.9977E-01  7.0090E+03  8.1828E-05  2.1282E-13  3.4701E-13  3.0256E-06
 8.6970E+25  2.2772E-04  9.9977E-01  7.0090E+03  8.1828E-05  2.1211E-13  3.4701E-13  3.0135E-06
 8.7062E+25  2.2860E-04  9.9977E-01  7.0089E+03  8.1828E-05  2.1141E-13  3.4701E-13  3.0013E-06
 8.7155E+25  2.2950E-04  9.9977E-01  7.0089E+03  8.1828E-05  2.1072E-13  3.4701E-13  2.9892E-06
 8.7248E+25  2.3039E-04  9.9977E-01  7.0089E+03  8.1828E-05  2.0952E-13  3.4701E-13  2.9771E-06
 8.7340E+25  2.3123E-04  9.9977E-01  7.0088E+03  8.1828E-05  2.0876E-13  3.4701E-13  2.9648E-06
 8.7433E+25  2.3209E-04  9.9977E-01  7.0088E+03  8.1828E-05  2.0806E-13  3.4701E-13  2.9526E-06
 8.7525E+25  2.3295E-04  9.9977E-01  7.0088E+03  8.1828E-05  2.0741E-13  3.4702E-13  2.9404E-06
 8.7618E+25  2.3383E-04  9.9977E-01  7.0088E+03  8.1828E-05  2.0674E-13  3.4702E-13  2.9282E-06
 8.7710E+25  2.3472E-04  9.9977E-01  7.0087E+03  8.1828E-05  2.0607E-13  3.4702E-13  2.9161E-06
 8.7803E+25  2.3562E-04  9.9976E-01  7.0087E+03  8.1828E-05  2.0496E-13  3.4702E-13  2.9045E-06
 8.7896E+25  2.3646E-04  9.9976E-01  7.0087E+03  8.1828E-05  2.0416E-13  3.4702E-13  2.8931E-06
 8.7988E+25  2.3732E-04  9.9976E-01  7.0086E+03  8.1828E-05  2.0351E-13  3.4702E-13  2.8818E-06
 8.8081E+25  2.3817E-04  9.9976E-01  7.0086E+03  8.1828E-05  2.0284E-13  3.4702E-13  2.8705E-06
 8.8173E+25  2.3905E-04  9.9976E-01  7.0086E+03  8.1828E-05  2.0221E-13  3.4702E-13  2.8602E-06
 8.8266E+25  2.3994E-04  9.9976E-01  7.0086E+03  8.1828E-05  2.0159E-13  3.4703E-13  2.8498E-06
 8.8358E+25  2.4084E-04  9.9976E-01  7.0085E+03  8.1828E-05  2.0060E-13  3.4703E-13  2.8393E-06
 8.8451E+25  2.4169E-04  9.9976E-01  7.0085E+03  8.1828E-05  1.9968E-13  3.4703E-13  2.8287E-06
 8.8544E+25  2.4253E-04  9.9976E-01  7.0085E+03  8.1828E-05  1.9908E-13  3.4703E-13  2.8182E-06
 8.8636E+25  2.4338E-04  9.9976E-01  7.0084E+03  8.1828E-05  1.9847E-13  3.4703E-13  2.8075E-06
 8.8729E+25  2.4425E-04  9.9976E-01  7.0084E+03  8.1828E-05  1.9784E-13  3.4703E-13  2.7969E-06
 8.8821E+25  2.4514E-04  9.9975E-01  7.0084E+03  8.1828E-05  1.9724E-13  3.4703E-13  2.7863E-06
 8.8914E+25  2.4604E-04  9.9975E-01  7.0084E+03  8.1828E-05  1.9644E-13  3.4703E-13  2.7757E-06
 8.9006E+25  2.4689E-04  9.9975E-01  7.0083E+03  8.1828E-05  1.9536E-13  3.4703E-13  2.7651E-06
 8.9099E+25  2.4772E-04  9.9975E-01  7.0083E+03  8.1828E-05  1.9478E-13  3.4704E-13  2.7545E-06
 8.9192E+25  2.4856E-04  9.9975E-01  7.0083E+03  8.1828E-05  1.9420E-13  3.4704E-13  2.7437E-06
 8.9284E+25  2.4943E-04  9.9975E-01  7.0082E+03  8.1828E-05  1.9365E-13  3.4704E-13  2.7329E-06
 8.9377E+25  2.5030E-04  9.9975E-01  7.0082E+03  8.1828E-05  1.9306E-13  3.4704E-13  2.7221E-06
 8.9469E+25  2.5120E-04  9.9975E-01  7.0082E+03  8.1828E-05  1.9245E-13  3.4704E-13  2.7113E-06
 8.9562E+25  2.5206E-04  9.9975E-01  7.0082E+03  8.1828E-05  1.9121E-13  3.4704E-13  2.7005E-06
 8.9654E+25  2.5289E-04  9.9975E-01  7.0081E+03  8.1828E-05  1.9064E-13  3.4704E-13  2.6897E-06
 8.9747E+25  2.5372E-04  9.9975E-01  7.0081E+03  8.1828E-05  1.9010E-13  3.4704E-13  2.6788E-06
 8.9840E+25  2.5457E-04  9.9975E-01  7.0081E+03  8.1828E-05  1.8954E-13  3.4704E-13  2.6678E-06
 8.9932E+25  2.5543E-04  9.9974E-01  7.0080E+03  8.1828E-05  1.8902E-13  3.4705E-13  2.6571E-06
 9.0025E+25  2.5631E-04  9.9974E-01  7.0080E+03  8.1828E-05  1.8847E-13  3.4705E-13  2.6469E-06
 9.0117E+25  2.5719E-04  9.9974E-01  7.0080E+03  8.1828E-05  1.8738E-13  3.4705E-13  2.6368E-06
 9.0210E+25  2.5801E-04  9.9974E-01  7.0080E+03  8.1828E-05  1.8666E-13  3.4705E-13  2.6265E-06
 9.0302E+25  2.5883E-04  9.9974E-01  7.0079E+03  8.1828E-05  1.8612E-13  3.4705E-13  2.6166E-06
 9.0395E+25  2.5966E-04  9.9974E-01  7.0079E+03  8.1828E-05  1.8561E-13  3.4705E-13  2.6075E-06
 9.0487E+25  2.6051E-04  9.9974E-01  7.0079E+03  8.1828E-05  1.8509E-13  3.4705E-13  2.5982E-06
 9.0580E+25  2.6138E-04  9.9974E-01  7.0078E+03  8.1828E-05  1.8458E-13  3.4705E-13  2.5889E-06
 9.0673E+25  2.6226E-04  9.9974E-01  7.0078E+03  8.1828E-05  1.8380E-13  3.4705E-13  2.5795E-06
 9.0765E+25  2.6308E-04  9.9974E-01  7.0078E+03  8.1828E-05  1.8280E-13  3.4706E-13  2.5701E-06
 9.0858E+25  2.6389E-04  9.9974E-01  7.0078E+03  8.1828E-05  1.8230E-13  3.4706E-13  2.5607E-06
 9.0950E+25  2.6470E-04  9.9974E-01  7.0077E+03  8.1828E-05  1.8181E-13  3.4706E-13  2.5514E-06
 9.1043E+25  2.6554E-04  9.9973E-01  7.0077E+03  8.1828E-05  1.8131E-13  3.4706E-13  2.5419E-06
 9.1135E+25  2.6638E-04  9.9973E-01  7.0077E+03  8.1828E-05  1.8084E-13  3.4706E-13  2.5325E-06
 9.1228E+25  2.6725E-04  9.9973E-01  7.0076E+03  8.1828E-05  1.8035E-13  3.4706E-13  2.5231E-06
 9.1321E+25  2.6810E-04  9.9973E-01  7.0076E+03  8.1828E-05  1.7912E-13  3.4706E-13  2.5137E-06
 9.1413E+25  2.6889E-04  9.9973E-01  7.0076E+03  8.1828E-05  1.7863E-13  3.4706E-13  2.5042E-06
 9.1506E+25  2.6969E-04  9.9973E-01  7.0076E+03  8.1828E-05  1.7815E-13  3.4706E-13  2.4946E-06
 9.1598E+25  2.7050E-04  9.9973E-01  7.0075E+03  8.1828E-05  1.7769E-13  3.4707E-13  2.4850E-06
 9.1691E+25  2.7133E-04  9.9973E-01  7.0075E+03  8.1828E-05  1.7722E-13  3.4707E-13  2.4755E-06
 9.1783E+25  2.7217E-04  9.9973E-01  7.0075E+03  8.1828E-05  1.7677E-13  3.4707E-13  2.4658E-06
 9.1876E+25  2.7303E-04  9.9973E-01  7.0075E+03  8.1828E-05  1.7589E-13  3.4707E-13  2.4562E-06
 9.1969E+25  2.7382E-04  9.9973E-01  7.0074E+03  8.1828E-05  1.7507E-13  3.4707E-13  2.4466E-06
 9.2061E+25  2.7460E-04  9.9973E-01  7.0074E+03  8.1828E-05  1.7463E-13  3.4707E-13  2.4369E-06
 9.2154E+25  2.7539E-04  9.9972E-01  7.0074E+03  8.1828E-05  1.7418E-13  3.4707E-13  2.4273E-06
 9.2246E+25  2.7620E-04  9.9972E-01  7.0073E+03  8.1828E-05  1.7375E-13  3.4707E-13  2.4178E-06
 9.2339E+25  2.7702E-04  9.9972E-01  7.0073E+03  8.1828E-05  1.7331E-13  3.4708E-13  2.4087E-06
 9.2431E+25  2.7787E-04  9.9972E-01  7.0073E+03  8.1828E-05  1.7285E-13  3.4708E-13  2.3997E-06
 9.2524E+25  2.7868E-04  9.9972E-01  7.0073E+03  8.1828E-05  1.7165E-13  3.4708E-13  2.3907E-06
