 4.6285E+22  3.2684E-11  1.0000E+00  1.1687E+04  8.1828E-05  1.0464E-06  2.2738E-13  1.0000E+00
 1.3886E+23  2.2873E-10  1.0000E+00  1.1691E+04  8.1828E-05  1.4948E-07  2.2732E-13  1.0000E+00
 2.3143E+23  6.2037E-10  1.0000E+00  1.1703E+04  8.1828E-05  5.5072E-08  2.2711E-13  1.0000E+00
 3.2400E+23  1.2061E-09  1.0000E+00  1.1730E+04  8.1828E-05  2.8280E-08  2.2667E-13  1.0000E+00
 4.1657E+23  1.9825E-09  1.0000E+00  1.1779E+04  8.1828E-05  1.7154E-08  2.2588E-13  1.0000E+00
 5.0914E+23  2.9435E-09  1.0000E+00  1.1858E+04  8.1828E-05  1.1498E-08  2.2461E-13  1.0000E+00
 6.0171E+23  4.0765E-09  1.0000E+00  1.1979E+04  8.1828E-05  8.2411E-09  2.2268E-13  1.0000E+00
 6.9428E+23  5.3694E-09  1.0000E+00  1.2155E+04  8.1828E-05  6.1913E-09  2.1995E-13  1.0000E+00
 7.8685E+23  6.7891E-09  1.0000E+00  1.2412E+04  8.1828E-05  4.8229E-09  2.1608E-13  1.0000E+00
 8.7942E+23  8.3062E-09  1.0000E+00  1.2770E+04  8.1828E-05  3.8616E-09  2.1091E-13  1.0000E+00
 9.7199E+23  9.9026E-09  1.0000E+00  1.3203E+04  8.1828E-05  3.1614E-09  2.0499E-13  1.0000E+00
 1.0646E+24  1.1599E-08  1.0000E+00  1.3640E+04  8.1828E-05  2.6358E-09  1.9936E-13  1.0000E+00
 1.1571E+24  1.3472E-08  1.0000E+00  1.3957E+04  8.1828E-05  2.2316E-09  1.9547E-13  1.0000E+00
 1.2497E+24  1.5582E-08  1.0000E+00  1.4127E+04  8.1828E-05  1.9124E-09  1.9343E-13  1.0000E+00
 1.3423E+24  1.7877E-08  1.0000E+00  1.4222E+04  8.1828E-05  1.6587E-09  1.9233E-13  1.0000E+00
 1.4348E+24  2.0327E-08  1.0000E+00  1.4322E+04  8.1828E-05  1.4514E-09  1.9117E-13  9.9999E-01
 1.5274E+24  2.2915E-08  1.0000E+00  1.4422E+04  8.1828E-05  1.2809E-09  1.9003E-13  9.9999E-01
 1.6200E+24  2.5656E-08  1.0000E+00  1.4515E+04  8.1828E-05  1.1387E-09  1.8898E-13  9.9999E-01
 1.7126E+24  2.8534E-08  1.0000E+00  1.4606E+04  8.1828E-05  1.0192E-09  1.8796E-13  9.9999E-01
 1.8051E+24  3.1579E-08  1.0000E+00  1.4688E+04  8.1828E-05  9.1710E-10  1.8706E-13  9.9999E-01
 1.8977E+24  3.4753E-08  1.0000E+00  1.4767E+04  8.1828E-05  8.3008E-10  1.8619E-13  9.9999E-01
 1.9903E+24  3.8094E-08  1.0000E+00  1.4844E+04  8.1828E-05  7.5440E-10  1.8536E-13  9.9999E-01
 2.0828E+24  4.1555E-08  1.0000E+00  1.4918E+04  8.1828E-05  6.8904E-10  1.8456E-13  9.9999E-01
 2.1754E+24  4.5166E-08  1.0000E+00  1.4990E+04  8.1828E-05  6.3172E-10  1.8379E-13  9.9999E-01
 2.2680E+24  4.8923E-08  1.0000E+00  1.5060E+04  8.1828E-05  5.8121E-10  1.8305E-13  9.9999E-01
 2.3605E+24  5.2833E-08  1.0000E+00  1.5129E+04  8.1828E-05  5.3640E-10  1.8234E-13  9.9999E-01
 2.4531E+24  5.6874E-08  1.0000E+00  1.5192E+04  8.1828E-05  4.9677E-10  1.8168E-13  9.9999E-01
 2.5457E+24  6.1050E-08  1.0000E+00  1.5257E+04  8.1828E-05  4.6134E-10  1.8101E-13  9.9998E-01
 2.6383E+24  6.5399E-08  1.0000E+00  1.5320E+04  8.1828E-05  4.2935E-10  1.8037E-13  9.9998E-01
 2.7308E+24  6.9843E-08  1.0000E+00  1.5379E+04  8.1828E-05  4.0090E-10  1.7977E-13  9.9998E-01
 2.8234E+24  7.4449E-08  1.0000E+00  1.5439E+04  8.1828E-05  3.7502E-10  1.7916E-13  9.9998E-01
 2.9160E+24  7.9171E-08  1.0000E+00  1.5495E+04  8.1828E-05  3.5171E-10  1.7859E-13  9.9998E-01
 3.0085E+24  8.4112E-08  1.0000E+00  1.5551E+04  8.1828E-05  3.3018E-10  1.7804E-13  9.9998E-01
 3.1011E+24  8.9140E-08  1.0000E+00  1.5607E+04  8.1828E-05  3.1073E-10  1.7749E-13  9.9998E-01
 3.1937E+24  9.4274E-08  1.0000E+00  1.5660E+04  8.1828E-05  2.9308E-10  1.7697E-13  9.9998E-01
 3.2862E+24  9.9560E-08  1.0000E+00  1.5711E+04  8.1828E-05  2.7684E-10  1.7646E-13  9.9997E-01
 3.3788E+24  1.0495E-07  1.0000E+00  1.5762E+04  8.1828E-05  2.6200E-10  1.7597E-13  9.9997E-01
 3.4714E+24  1.1051E-07  1.0000E+00  1.5812E+04  8.1828E-05  2.4824E-10  1.7549E-13  9.9997E-01
 3.5640E+24  1.1626E-07  1.0000E+00  1.5860E+04  8.1828E-05  2.3543E-10  1.7502E-13  9.9997E-01
 3.6565E+24  1.2223E-07  1.0000E+00  1.5907E+04  8.1828E-05  2.2345E-10  1.7458E-13  9.9997E-01
 3.7491E+24  1.2802E-07  1.0000E+00  1.5954E+04  8.1828E-05  2.1289E-10  1.7413E-13  9.9997E-01
 3.8417E+24  1.3425E-07  1.0000E+00  1.5999E+04  8.1828E-05  2.0257E-10  1.7370E-13  9.9997E-01
 3.9342E+24  1.4046E-07  1.0000E+00  1.6043E+04  8.1828E-05  1.9323E-10  1.7329E-13  9.9996E-01
 4.0268E+24  1.4695E-07  1.0000E+00  1.6088E+04  8.1828E-05  1.8432E-10  1.7287E-13  9.9996E-01
 4.1194E+24  1.5328E-07  1.0000E+00  1.6130E+04  8.1828E-05  1.7636E-10  1.7248E-13  9.9996E-01
 4.2120E+24  1.6015E-07  1.0000E+00  1.6171E+04  8.1828E-05  1.6848E-10  1.7209E-13  9.9996E-01
 4.3045E+24  1.6694E-07  1.0000E+00  1.6212E+04  8.1828E-05  1.6133E-10  1.7171E-13  9.9996E-01
 4.3971E+24  1.7365E-07  1.0000E+00  1.6252E+04  8.1828E-05  1.5480E-10  1.7134E-13  9.9996E-01
 4.4897E+24  1.8081E-07  1.0000E+00  1.6292E+04  8.1828E-05  1.4841E-10  1.7098E-13  9.9995E-01
 4.5822E+24  1.8806E-07  1.0000E+00  1.6331E+04  8.1828E-05  1.4244E-10  1.7063E-13  9.9995E-01
 4.6748E+24  1.9542E-07  1.0000E+00  1.6369E+04  8.1828E-05  1.3684E-10  1.7028E-13  9.9995E-01
 4.7674E+24  2.0289E-07  1.0000E+00  1.6406E+04  8.1828E-05  1.3158E-10  1.6994E-13  9.9995E-01
 4.8599E+24  2.1046E-07  1.0000E+00  1.6443E+04  8.1828E-05  1.2663E-10  1.6961E-13  9.9995E-01
 4.9525E+24  2.1817E-07  1.0000E+00  1.6479E+04  8.1828E-05  1.2196E-10  1.6929E-13  9.9994E-01
 5.0451E+24  2.2603E-07  1.0000E+00  1.6514E+04  8.1828E-05  1.1754E-10  1.6898E-13  9.9994E-01
 5.1377E+24  2.3403E-07  1.0000E+00  1.6548E+04  8.1828E-05  1.1334E-10  1.6867E-13  9.9994E-01
 5.2302E+24  2.4221E-07  1.0000E+00  1.6583E+04  8.1828E-05  1.0935E-10  1.6836E-13  9.9994E-01
 5.3228E+24  2.5057E-07  1.0000E+00  1.6616E+04  8.1828E-05  1.0554E-10  1.6806E-13  9.9994E-01
 5.4154E+24  2.5913E-07  1.0000E+00  1.6650E+04  8.1828E-05  1.0190E-10  1.6777E-13  9.9993E-01
 5.5079E+24  2.6722E-07  1.0000E+00  1.6682E+04  8.1828E-05  9.8676E-11  1.6748E-13  9.9993E-01
 5.6005E+24  2.7585E-07  1.0000E+00  1.6714E+04  8.1828E-05  9.5455E-11  1.6721E-13  9.9993E-01
 5.6931E+24  2.8495E-07  1.0000E+00  1.6746E+04  8.1828E-05  9.2276E-11  1.6693E-13  9.9993E-01
 5.7856E+24  2.9419E-07  1.0000E+00  1.6777E+04  8.1828E-05  8.9256E-11  1.6666E-13  9.9992E-01
 5.8782E+24  3.0235E-07  1.0000E+00  1.6807E+04  8.1828E-05  8.6728E-11  1.6639E-13  9.9992E-01
 5.9708E+24  3.1213E-07  1.0000E+00  1.6838E+04  8.1828E-05  8.3900E-11  1.6613E-13  9.9992E-01
 6.0634E+24  3.2158E-07  1.0000E+00  1.6867E+04  8.1828E-05  8.1330E-11  1.6588E-13  9.9992E-01
 6.1559E+24  3.3044E-07  1.0000E+00  1.6896E+04  8.1828E-05  7.9050E-11  1.6564E-13  9.9991E-01
 6.2485E+24  3.4106E-07  1.0000E+00  1.6924E+04  8.1828E-05  7.6491E-11  1.6539E-13  9.9991E-01
 6.3411E+24  3.4945E-07  1.0000E+00  1.6953E+04  8.1828E-05  7.4563E-11  1.6515E-13  9.9991E-01
 6.4336E+24  3.6052E-07  1.0000E+00  1.6981E+04  8.1828E-05  7.2184E-11  1.6491E-13  9.9991E-01
 6.5262E+24  3.6937E-07  1.0000E+00  1.7008E+04  8.1828E-05  7.0370E-11  1.6468E-13  9.9990E-01
 6.6188E+24  3.8074E-07  1.0000E+00  1.7035E+04  8.1828E-05  6.8189E-11  1.6445E-13  9.9990E-01
 6.7113E+24  3.8957E-07  1.0000E+00  1.7062E+04  8.1828E-05  6.6566E-11  1.6422E-13  9.9990E-01
 6.8039E+24  4.0136E-07  1.0000E+00  1.7088E+04  8.1828E-05  6.4535E-11  1.6400E-13  9.9990E-01
 6.8965E+24  4.1052E-07  1.0000E+00  1.7115E+04  8.1828E-05  6.3025E-11  1.6378E-13  9.9989E-01
 6.9891E+24  4.2193E-07  1.0000E+00  1.7140E+04  8.1828E-05  6.1252E-11  1.6356E-13  9.9989E-01
 7.0816E+24  4.3288E-07  1.0000E+00  1.7166E+04  8.1828E-05  5.9636E-11  1.6335E-13  9.9989E-01
 7.1742E+24  4.4281E-07  1.0000E+00  1.7191E+04  8.1828E-05  5.8235E-11  1.6314E-13  9.9989E-01
 7.2668E+24  4.5492E-07  1.0000E+00  1.7216E+04  8.1828E-05  5.6625E-11  1.6294E-13  9.9988E-01
 7.3593E+24  4.6565E-07  1.0000E+00  1.7240E+04  8.1828E-05  5.5262E-11  1.6273E-13  9.9988E-01
 7.4519E+24  4.7628E-07  1.0000E+00  1.7265E+04  8.1828E-05  5.3972E-11  1.6253E-13  9.9988E-01
 7.5445E+24  4.8858E-07  1.0000E+00  1.7289E+04  8.1828E-05  5.2560E-11  1.6234E-13  9.9987E-01
 7.6371E+24  5.0056E-07  1.0000E+00  1.7312E+04  8.1828E-05  5.1249E-11  1.6214E-13  9.9987E-01
 7.7296E+24  5.1054E-07  1.0000E+00  1.7336E+04  8.1828E-05  5.0197E-11  1.6195E-13  9.9987E-01
 7.8222E+24  5.2301E-07  1.0000E+00  1.7359E+04  8.1828E-05  4.8952E-11  1.6176E-13  9.9986E-01
 7.9148E+24  5.3558E-07  1.0000E+00  1.7382E+04  8.1828E-05  4.7756E-11  1.6157E-13  9.9986E-01
 8.0073E+24  5.4821E-07  1.0000E+00  1.7404E+04  8.1828E-05  4.6611E-11  1.6139E-13  9.9986E-01
 8.0999E+24  5.5841E-07  1.0000E+00  1.7427E+04  8.1828E-05  4.5715E-11  1.6121E-13  9.9986E-01
 8.1925E+24  5.7117E-07  1.0000E+00  1.7449E+04  8.1828E-05  4.4652E-11  1.6103E-13  9.9985E-01
 8.2850E+24  5.8404E-07  1.0000E+00  1.7471E+04  8.1828E-05  4.3628E-11  1.6085E-13  9.9985E-01
 8.3776E+24  5.9698E-07  1.0000E+00  1.7492E+04  8.1828E-05  4.2642E-11  1.6068E-13  9.9985E-01
 8.4702E+24  6.1002E-07  1.0000E+00  1.7514E+04  8.1828E-05  4.1693E-11  1.6051E-13  9.9984E-01
 8.5628E+24  6.2261E-07  1.0000E+00  1.7535E+04  8.1828E-05  4.0813E-11  1.6034E-13  9.9984E-01
 8.6553E+24  6.3435E-07  1.0000E+00  1.7556E+04  8.1828E-05  4.0022E-11  1.6017E-13  9.9984E-01
 8.7479E+24  6.4763E-07  1.0000E+00  1.7577E+04  8.1828E-05  3.9167E-11  1.6000E-13  9.9983E-01
 8.8405E+24  6.6103E-07  1.0000E+00  1.7597E+04  8.1828E-05  3.8340E-11  1.5984E-13  9.9983E-01
 8.9330E+24  6.7451E-07  1.0000E+00  1.7618E+04  8.1828E-05  3.7541E-11  1.5967E-13  9.9982E-01
 9.0256E+24  6.8808E-07  1.0000E+00  1.7638E+04  8.1828E-05  3.6770E-11  1.5951E-13  9.9982E-01
 9.1182E+24  7.0175E-07  1.0000E+00  1.7658E+04  8.1828E-05  3.6023E-11  1.5936E-13  9.9982E-01
 9.2107E+24  7.1550E-07  1.0000E+00  1.7678E+04  8.1828E-05  3.5301E-11  1.5920E-13  9.9981E-01
 9.3033E+24  7.2936E-07  1.0000E+00  1.7697E+04  8.1828E-05  3.4602E-11  1.5905E-13  9.9981E-01
 9.3959E+24  7.4331E-07  1.0000E+00  1.7717E+04  8.1828E-05  3.3925E-11  1.5889E-13  9.9981E-01
 9.4885E+24  7.5737E-07  1.0000E+00  1.7736E+04  8.1828E-05  3.3269E-11  1.5874E-13  9.9980E-01
 9.5810E+24  7.7153E-07  1.0000E+00  1.7755E+04  8.1828E-05  3.2632E-11  1.5859E-13  9.9980E-01
 9.6736E+24  7.8580E-07  1.0000E+00  1.7774E+04  8.1828E-05  3.2014E-11  1.5844E-13  9.9980E-01
 9.7662E+24  8.0019E-07  1.0000E+00  1.7792E+04  8.1828E-05  3.1414E-11  1.5830E-13  9.9979E-01
 9.8587E+24  8.1470E-07  1.0000E+00  1.7811E+04  8.1828E-05  3.0830E-11  1.5815E-13  9.9979E-01
 9.9513E+24  8.2934E-07  1.0000E+00  1.7829E+04  8.1828E-05  3.0263E-11  1.5801E-13  9.9978E-01
 1.0044E+25  8.4411E-07  1.0000E+00  1.7847E+04  8.1828E-05  2.9711E-11  1.5787E-13  9.9978E-01
 1.0136E+25  8.5903E-07  1.0000E+00  1.7865E+04  8.1828E-05  2.9173E-11  1.5773E-13  9.9977E-01
 1.0229E+25  8.7409E-07  1.0000E+00  1.7883E+04  8.1828E-05  2.8649E-11  1.5759E-13  9.9977E-01
 1.0322E+25  8.8930E-07  1.0000E+00  1.7901E+04  8.1828E-05  2.8138E-11  1.5745E-13  9.9976E-01
 1.0414E+25  9.0469E-07  1.0000E+00  1.7918E+04  8.1828E-05  2.7639E-11  1.5732E-13  9.9975E-01
 1.0507E+25  9.2024E-07  1.0000E+00  1.7936E+04  8.1828E-05  2.7153E-11  1.5718E-13  9.9972E-01
 1.0599E+25  9.3597E-07  1.0000E+00  1.7953E+04  8.1828E-05  2.6677E-11  1.5705E-13  9.9969E-01
 1.0692E+25  9.5189E-07  1.0000E+00  1.7970E+04  8.1828E-05  2.6212E-11  1.5692E-13  9.9962E-01
 1.0784E+25  9.6803E-07  1.0000E+00  1.7986E+04  8.1828E-05  2.5758E-11  1.5680E-13  9.9951E-01
 1.0877E+25  9.8437E-07  1.0000E+00  1.8002E+04  8.1828E-05  2.5313E-11  1.5667E-13  9.9930E-01
 1.0970E+25  1.0009E-06  1.0000E+00  1.8018E+04  8.1828E-05  2.4879E-11  1.5656E-13  9.9893E-01
 1.1062E+25  1.0151E-06  1.0000E+00  1.8031E+04  8.1828E-05  2.4516E-11  1.5645E-13  9.9827E-01
 1.1155E+25  1.0309E-06  1.0000E+00  1.8043E+04  8.1828E-05  2.4125E-11  1.5637E-13  9.9712E-01
 1.1247E+25  1.0480E-06  1.0000E+00  1.8051E+04  8.1828E-05  2.3721E-11  1.5631E-13  9.9513E-01
 1.1340E+25  1.0654E-06  1.0000E+00  1.8053E+04  8.1828E-05  2.3324E-11  1.5629E-13  9.9173E-01
 1.1432E+25  1.0834E-06  1.0000E+00  1.8045E+04  8.1828E-05  2.2935E-11  1.5636E-13  9.8600E-01
 1.1525E+25  1.1021E-06  1.0000E+00  1.8021E+04  8.1828E-05  2.2552E-11  1.5654E-13  9.7649E-01
 1.1618E+25  1.1217E-06  1.0000E+00  1.7971E+04  8.1828E-05  2.2176E-11  1.5693E-13  9.6108E-01
 1.1710E+25  1.1393E-06  1.0000E+00  1.7882E+04  8.1828E-05  2.1873E-11  1.5763E-13  9.3683E-01
 1.1803E+25  1.1597E-06  1.0000E+00  1.7735E+04  8.1828E-05  2.1558E-11  1.5879E-13  9.0019E-01
 1.1895E+25  1.1853E-06  1.0000E+00  1.7509E+04  8.1828E-05  2.1205E-11  1.6061E-13  8.4784E-01
 1.1988E+25  1.2150E-06  1.0000E+00  1.7186E+04  8.1828E-05  2.0859E-11  1.6327E-13  7.7832E-01
 1.2080E+25  1.2498E-06  1.0000E+00  1.6758E+04  8.1828E-05  2.0522E-11  1.6694E-13  6.9394E-01
 1.2173E+25  1.2905E-06  1.0000E+00  1.6235E+04  8.1828E-05  2.0194E-11  1.7165E-13  6.0139E-01
 1.2266E+25  1.3351E-06  1.0000E+00  1.5647E+04  8.1828E-05  1.9909E-11  1.7726E-13  5.0963E-01
 1.2358E+25  1.3838E-06  1.0000E+00  1.5032E+04  8.1828E-05  1.9648E-11  1.8354E-13  4.2641E-01
 1.2451E+25  1.4399E-06  1.0000E+00  1.4427E+04  8.1828E-05  1.9345E-11  1.9016E-13  3.5583E-01
 1.2543E+25  1.4987E-06  1.0000E+00  1.3856E+04  8.1828E-05  1.9050E-11  1.9688E-13  2.9850E-01
 1.2636E+25  1.5586E-06  1.0000E+00  1.3332E+04  8.1828E-05  1.8766E-11  2.0349E-13  2.5288E-01
 1.2728E+25  1.6190E-06  1.0000E+00  1.2858E+04  8.1828E-05  1.8489E-11  2.0987E-13  2.1675E-01
 1.2821E+25  1.6791E-06  1.0000E+00  1.2433E+04  8.1828E-05  1.8221E-11  2.1594E-13  1.8796E-01
 1.2914E+25  1.7387E-06  1.0000E+00  1.2052E+04  8.1828E-05  1.7959E-11  2.2170E-13  1.6476E-01
 1.3006E+25  1.7976E-06  1.0000E+00  1.1712E+04  8.1828E-05  1.7704E-11  2.2713E-13  1.4582E-01
 1.3099E+25  1.8558E-06  1.0000E+00  1.1407E+04  8.1828E-05  1.7454E-11  2.3224E-13  1.3015E-01
 1.3191E+25  1.9132E-06  1.0000E+00  1.1132E+04  8.1828E-05  1.7209E-11  2.3705E-13  1.1701E-01
 1.3284E+25  1.9697E-06  1.0000E+00  1.0884E+04  8.1828E-05  1.6970E-11  2.4157E-13  1.0588E-01
 1.3376E+25  2.0258E-06  1.0000E+00  1.0660E+04  8.1828E-05  1.6735E-11  2.4583E-13  9.6338E-02
 1.3469E+25  2.0803E-06  1.0000E+00  1.0455E+04  8.1828E-05  1.6514E-11  2.4984E-13  8.8092E-02
 1.3562E+25  2.1335E-06  1.0000E+00  1.0268E+04  8.1828E-05  1.6300E-11  2.5363E-13  8.0904E-02
 1.3654E+25  2.1873E-06  1.0000E+00  1.0097E+04  8.1828E-05  1.6080E-11  2.5720E-13  7.4594E-02
 1.3747E+25  2.2409E-06  1.0000E+00  9.9402E+03  8.1828E-05  1.5863E-11  2.6058E-13  6.9016E-02
 1.3839E+25  2.2940E-06  1.0000E+00  9.7954E+03  8.1828E-05  1.5652E-11  2.6378E-13  6.4058E-02
 1.3932E+25  2.3468E-06  1.0000E+00  9.6616E+03  8.1828E-05  1.5444E-11  2.6681E-13  5.9627E-02
 1.4024E+25  2.3992E-06  1.0000E+00  9.5377E+03  8.1828E-05  1.5241E-11  2.6968E-13  5.5648E-02
 1.4117E+25  2.4514E-06  1.0000E+00  9.4226E+03  8.1828E-05  1.5041E-11  2.7241E-13  5.2059E-02
 1.4210E+25  2.5033E-06  1.0000E+00  9.3155E+03  8.1828E-05  1.4845E-11  2.7500E-13  4.8808E-02
 1.4302E+25  2.5550E-06  1.0000E+00  9.2156E+03  8.1828E-05  1.4651E-11  2.7746E-13  4.5854E-02
 1.4395E+25  2.6067E-06  1.0000E+00  9.1222E+03  8.1828E-05  1.4462E-11  2.7981E-13  4.3159E-02
 1.4487E+25  2.6583E-06  1.0000E+00  9.0348E+03  8.1828E-05  1.4275E-11  2.8204E-13  4.0694E-02
 1.4580E+25  2.7099E-06  1.0000E+00  8.9528E+03  8.1828E-05  1.4091E-11  2.8417E-13  3.8432E-02
 1.4672E+25  2.7614E-06  1.0000E+00  8.8758E+03  8.1828E-05  1.3910E-11  2.8620E-13  3.6351E-02
 1.4765E+25  2.8130E-06  1.0000E+00  8.8034E+03  8.1828E-05  1.3732E-11  2.8813E-13  3.4431E-02
 1.4858E+25  2.8607E-06  1.0000E+00  8.7351E+03  8.1828E-05  1.3579E-11  2.8999E-13  3.2657E-02
 1.4950E+25  2.9073E-06  1.0000E+00  8.6707E+03  8.1828E-05  1.3425E-11  2.9176E-13  3.1012E-02
 1.5043E+25  2.9584E-06  1.0000E+00  8.6099E+03  8.1828E-05  1.3257E-11  2.9345E-13  2.9486E-02
 1.5135E+25  3.0098E-06  1.0000E+00  8.5524E+03  8.1828E-05  1.3091E-11  2.9507E-13  2.8066E-02
 1.5228E+25  3.0616E-06  1.0000E+00  8.4979E+03  8.1828E-05  1.2926E-11  2.9662E-13  2.6743E-02
 1.5320E+25  3.1137E-06  1.0000E+00  8.4462E+03  8.1828E-05  1.2763E-11  2.9811E-13  2.5508E-02
 1.5413E+25  3.1661E-06  1.0000E+00  8.3972E+03  8.1828E-05  1.2602E-11  2.9954E-13  2.4353E-02
 1.5506E+25  3.2189E-06  1.0000E+00  8.3506E+03  8.1828E-05  1.2443E-11  3.0091E-13  2.3272E-02
 1.5598E+25  3.2588E-06  1.0000E+00  8.3063E+03  8.1828E-05  1.2340E-11  3.0222E-13  2.2258E-02
 1.5691E+25  3.3089E-06  1.0000E+00  8.2642E+03  8.1828E-05  1.2191E-11  3.0348E-13  2.1305E-02
 1.5783E+25  3.3620E-06  1.0000E+00  8.2240E+03  8.1828E-05  1.2039E-11  3.0470E-13  2.0409E-02
 1.5876E+25  3.4157E-06  1.0000E+00  8.1858E+03  8.1828E-05  1.1888E-11  3.0586E-13  1.9566E-02
 1.5968E+25  3.4700E-06  1.0000E+00  8.1493E+03  8.1828E-05  1.1738E-11  3.0698E-13  1.8772E-02
 1.6061E+25  3.5221E-06  1.0000E+00  8.1144E+03  8.1828E-05  1.1602E-11  3.0806E-13  1.8021E-02
 1.6154E+25  3.5584E-06  1.0000E+00  8.0811E+03  8.1828E-05  1.1513E-11  3.0910E-13  1.7313E-02
 1.6246E+25  3.6131E-06  1.0000E+00  8.0492E+03  8.1828E-05  1.1369E-11  3.1010E-13  1.6643E-02
 1.6339E+25  3.6689E-06  1.0000E+00  8.0187E+03  8.1828E-05  1.1225E-11  3.1106E-13  1.6008E-02
 1.6431E+25  3.7256E-06  1.0000E+00  7.9895E+03  8.1828E-05  1.1082E-11  3.1199E-13  1.5407E-02
 1.6524E+25  3.7741E-06  1.0000E+00  7.9615E+03  8.1828E-05  1.0970E-11  3.1289E-13  1.4837E-02
 1.6616E+25  3.8127E-06  1.0000E+00  7.9347E+03  8.1828E-05  1.0880E-11  3.1375E-13  1.4296E-02
 1.6709E+25  3.8705E-06  1.0000E+00  7.9089E+03  8.1828E-05  1.0742E-11  3.1458E-13  1.3782E-02
 1.6802E+25  3.9294E-06  1.0000E+00  7.8842E+03  8.1828E-05  1.0603E-11  3.1539E-13  1.3293E-02
 1.6894E+25  3.9860E-06  1.0000E+00  7.8605E+03  8.1828E-05  1.0478E-11  3.1617E-13  1.2828E-02
 1.6987E+25  4.0160E-06  1.0000E+00  7.8377E+03  8.1828E-05  1.0417E-11  3.1692E-13  1.2385E-02
 1.7079E+25  4.0763E-06  1.0000E+00  7.8157E+03  8.1828E-05  1.0283E-11  3.1764E-13  1.1963E-02
 1.7172E+25  4.1380E-06  1.0000E+00  7.7946E+03  8.1828E-05  1.0148E-11  3.1834E-13  1.1560E-02
 1.7264E+25  4.1910E-06  1.0000E+00  7.7744E+03  8.1828E-05  1.0042E-11  3.1902E-13  1.1176E-02
 1.7357E+25  4.2243E-06  1.0000E+00  7.7548E+03  8.1828E-05  9.9757E-12  3.1967E-13  1.0809E-02
 1.7450E+25  4.2882E-06  1.0000E+00  7.7360E+03  8.1828E-05  9.8434E-12  3.2031E-13  1.0459E-02
 1.7542E+25  4.3535E-06  1.0000E+00  7.7178E+03  8.1828E-05  9.7117E-12  3.2092E-13  1.0124E-02
 1.7635E+25  4.3883E-06  1.0000E+00  7.7003E+03  8.1828E-05  9.6541E-12  3.2151E-13  9.8030E-03
 1.7727E+25  4.4402E-06  1.0000E+00  7.6834E+03  8.1828E-05  9.5511E-12  3.2209E-13  9.4959E-03
 1.7820E+25  4.5078E-06  1.0000E+00  7.6672E+03  8.1828E-05  9.4216E-12  3.2265E-13  9.2022E-03
 1.7912E+25  4.5593E-06  1.0000E+00  7.6514E+03  8.1828E-05  9.3328E-12  3.2319E-13  8.9202E-03
 1.8005E+25  4.5951E-06  1.0000E+00  7.6362E+03  8.1828E-05  9.2682E-12  3.2371E-13  8.6502E-03
 1.8097E+25  4.6657E-06  1.0000E+00  7.6216E+03  8.1828E-05  9.1402E-12  3.2421E-13  8.3913E-03
 1.8190E+25  4.7275E-06  1.0000E+00  7.6074E+03  8.1828E-05  9.0367E-12  3.2471E-13  8.1423E-03
 1.8283E+25  4.7529E-06  1.0000E+00  7.5937E+03  8.1828E-05  8.9951E-12  3.2518E-13  7.9039E-03
 1.8375E+25  4.8268E-06  1.0000E+00  7.5804E+03  8.1828E-05  8.8679E-12  3.2565E-13  7.6741E-03
 1.8468E+25  4.8923E-06  1.0000E+00  7.5676E+03  8.1828E-05  8.7638E-12  3.2609E-13  7.4539E-03
 1.8560E+25  4.9153E-06  1.0000E+00  7.5552E+03  8.1828E-05  8.7284E-12  3.2653E-13  7.2417E-03
 1.8653E+25  4.9922E-06  1.0000E+00  7.5432E+03  8.1828E-05  8.6031E-12  3.2695E-13  7.0379E-03
 1.8745E+25  5.0533E-06  9.9999E-01  7.5315E+03  8.1828E-05  8.5126E-12  3.2736E-13  6.8416E-03
 1.8838E+25  5.0820E-06  9.9999E-01  7.5203E+03  8.1828E-05  8.4688E-12  3.2776E-13  6.6525E-03
 1.8931E+25  5.1631E-06  9.9999E-01  7.5093E+03  8.1828E-05  8.3440E-12  3.2815E-13  6.4707E-03
 1.9023E+25  5.2105E-06  9.9999E-01  7.4987E+03  8.1828E-05  8.2806E-12  3.2853E-13  6.2952E-03
 1.9116E+25  5.2541E-06  9.9999E-01  7.4885E+03  8.1828E-05  8.2151E-12  3.2889E-13  6.1263E-03
 1.9208E+25  5.3398E-06  9.9999E-01  7.4785E+03  8.1828E-05  8.0908E-12  3.2925E-13  5.9631E-03
 1.9301E+25  5.3639E-06  9.9999E-01  7.4689E+03  8.1828E-05  8.0659E-12  3.2959E-13  5.8061E-03
 1.9393E+25  5.4326E-06  9.9999E-01  7.4595E+03  8.1828E-05  7.9664E-12  3.2993E-13  5.6542E-03
 1.9486E+25  5.5102E-06  9.9999E-01  7.4504E+03  8.1828E-05  7.8651E-12  3.3026E-13  5.5079E-03
 1.9579E+25  5.5260E-06  9.9999E-01  7.4416E+03  8.1828E-05  7.8449E-12  3.3058E-13  5.3664E-03
 1.9671E+25  5.6183E-06  9.9999E-01  7.4330E+03  8.1828E-05  7.7219E-12  3.3088E-13  5.2298E-03
 1.9764E+25  5.6575E-06  9.9999E-01  7.4247E+03  8.1828E-05  7.6786E-12  3.3119E-13  5.0979E-03
 1.9856E+25  5.7143E-06  9.9999E-01  7.4166E+03  8.1828E-05  7.6038E-12  3.3148E-13  4.9701E-03
 1.9949E+25  5.8016E-06  9.9999E-01  7.4087E+03  8.1828E-05  7.4989E-12  3.3177E-13  4.8471E-03
 2.0041E+25  5.8109E-06  9.9999E-01  7.4010E+03  8.1828E-05  7.4883E-12  3.3204E-13  4.7274E-03
 2.0134E+25  5.9111E-06  9.9999E-01  7.3936E+03  8.1828E-05  7.3663E-12  3.3231E-13  4.6124E-03
 2.0227E+25  5.9427E-06  9.9999E-01  7.3864E+03  8.1828E-05  7.3363E-12  3.3258E-13  4.5003E-03
 2.0319E+25  6.0110E-06  9.9999E-01  7.3793E+03  8.1828E-05  7.2534E-12  3.3284E-13  4.3925E-03
 2.0412E+25  6.0849E-06  9.9999E-01  7.3725E+03  8.1828E-05  7.1741E-12  3.3309E-13  4.2877E-03
 2.0504E+25  6.1113E-06  9.9999E-01  7.3658E+03  8.1828E-05  7.1433E-12  3.3333E-13  4.1862E-03
 2.0597E+25  6.2211E-06  9.9999E-01  7.3594E+03  8.1828E-05  7.0215E-12  3.3357E-13  4.0882E-03
 2.0689E+25  6.2190E-06  9.9999E-01  7.3530E+03  8.1828E-05  7.0322E-12  3.3380E-13  3.9927E-03
 2.0782E+25  6.3259E-06  9.9999E-01  7.3469E+03  8.1828E-05  6.9131E-12  3.3403E-13  3.9008E-03
 2.0875E+25  6.3585E-06  9.9999E-01  7.3409E+03  8.1828E-05  6.8858E-12  3.3425E-13  3.8110E-03
 2.0967E+25  6.4318E-06  9.9999E-01  7.3351E+03  8.1828E-05  6.8068E-12  3.3446E-13  3.7243E-03
 2.1060E+25  6.4977E-06  9.9999E-01  7.3294E+03  8.1828E-05  6.7455E-12  3.3467E-13  3.6403E-03
 2.1152E+25  6.5393E-06  9.9999E-01  7.3238E+03  8.1828E-05  6.7019E-12  3.3488E-13  3.5583E-03
 2.1245E+25  6.6365E-06  9.9999E-01  7.3185E+03  8.1828E-05  6.6113E-12  3.3509E-13  3.4794E-03
 2.1337E+25  6.6481E-06  9.9999E-01  7.3132E+03  8.1828E-05  6.5988E-12  3.3528E-13  3.4023E-03
 2.1430E+25  6.7731E-06  9.9999E-01  7.3081E+03  8.1828E-05  6.4828E-12  3.3548E-13  3.3275E-03
 2.1523E+25  6.7607E-06  9.9999E-01  7.3031E+03  8.1828E-05  6.4968E-12  3.3566E-13  3.2553E-03
 2.1615E+25  6.8902E-06  9.9999E-01  7.2982E+03  8.1828E-05  6.3761E-12  3.3585E-13  3.1845E-03
 2.1708E+25  6.8938E-06  9.9999E-01  7.2934E+03  8.1828E-05  6.3796E-12  3.3602E-13  3.1162E-03
 2.1800E+25  7.0066E-06  9.9999E-01  7.2888E+03  8.1828E-05  6.2756E-12  3.3620E-13  3.0498E-03
 2.1893E+25  7.0285E-06  9.9999E-01  7.2842E+03  8.1828E-05  6.2628E-12  3.3637E-13  2.9848E-03
 2.1985E+25  7.1253E-06  9.9999E-01  7.2798E+03  8.1828E-05  6.1764E-12  3.3653E-13  2.9222E-03
 2.2078E+25  7.1626E-06  9.9999E-01  7.2755E+03  8.1828E-05  6.1506E-12  3.3669E-13  2.8610E-03
 2.2171E+25  7.2463E-06  9.9999E-01  7.2713E+03  8.1828E-05  6.0780E-12  3.3685E-13  2.8013E-03
 2.2263E+25  7.2960E-06  9.9999E-01  7.2672E+03  8.1828E-05  6.0429E-12  3.3701E-13  2.7438E-03
 2.2356E+25  7.3698E-06  9.9999E-01  7.2631E+03  8.1828E-05  5.9808E-12  3.3716E-13  2.6874E-03
 2.2448E+25  7.4283E-06  9.9999E-01  7.2592E+03  8.1828E-05  5.9397E-12  3.3730E-13  2.6324E-03
 2.2541E+25  7.4961E-06  9.9999E-01  7.2554E+03  8.1828E-05  5.8843E-12  3.3745E-13  2.5794E-03
 2.2633E+25  7.5597E-06  9.9999E-01  7.2516E+03  8.1828E-05  5.8407E-12  3.3759E-13  2.5274E-03
 2.2726E+25  7.6252E-06  9.9999E-01  7.2479E+03  8.1828E-05  5.7887E-12  3.3773E-13  2.4766E-03
 2.2819E+25  7.6900E-06  9.9999E-01  7.2444E+03  8.1828E-05  5.7457E-12  3.3786E-13  2.4277E-03
 2.2911E+25  7.7572E-06  9.9999E-01  7.2408E+03  8.1828E-05  5.6940E-12  3.3800E-13  2.3797E-03
 2.3004E+25  7.8196E-06  9.9999E-01  7.2374E+03  8.1828E-05  5.6542E-12  3.3813E-13  2.3328E-03
 2.3096E+25  7.8926E-06  9.9999E-01  7.2341E+03  8.1828E-05  5.5999E-12  3.3825E-13  2.2875E-03
 2.3189E+25  7.9480E-06  9.9999E-01  7.2308E+03  8.1828E-05  5.5664E-12  3.3838E-13  2.2432E-03
 2.3281E+25  8.0313E-06  9.9999E-01  7.2276E+03  8.1828E-05  5.5066E-12  3.3850E-13  2.1997E-03
 2.3374E+25  8.0754E-06  9.9999E-01  7.2245E+03  8.1828E-05  5.4819E-12  3.3862E-13  2.1578E-03
 2.3467E+25  8.1736E-06  9.9999E-01  7.2214E+03  8.1828E-05  5.4138E-12  3.3873E-13  2.1168E-03
 2.3559E+25  8.2016E-06  9.9999E-01  7.2184E+03  8.1828E-05  5.4006E-12  3.3885E-13  2.0765E-03
 2.3652E+25  8.3197E-06  9.9999E-01  7.2155E+03  8.1828E-05  5.3218E-12  3.3896E-13  2.0375E-03
 2.3744E+25  8.3267E-06  9.9999E-01  7.2126E+03  8.1828E-05  5.3224E-12  3.3907E-13  1.9995E-03
 2.3837E+25  8.4698E-06  9.9999E-01  7.2098E+03  8.1828E-05  5.2303E-12  3.3917E-13  1.9622E-03
 2.3929E+25  8.4507E-06  9.9999E-01  7.2070E+03  8.1828E-05  5.2471E-12  3.3928E-13  1.9258E-03
 2.4022E+25  8.6177E-06  9.9999E-01  7.2043E+03  8.1828E-05  5.1460E-12  3.3938E-13  1.8906E-03
 2.4115E+25  8.5797E-06  9.9999E-01  7.2017E+03  8.1828E-05  5.1680E-12  3.3948E-13  1.8560E-03
 2.4207E+25  8.7424E-06  9.9999E-01  7.1991E+03  8.1828E-05  5.0759E-12  3.3958E-13  1.8221E-03
 2.4300E+25  8.7351E-06  9.9999E-01  7.1966E+03  8.1828E-05  5.0777E-12  3.3968E-13  1.7892E-03
 2.4392E+25  8.8645E-06  9.9999E-01  7.1941E+03  8.1828E-05  5.0084E-12  3.3977E-13  1.7572E-03
 2.4485E+25  8.8966E-06  9.9999E-01  7.1917E+03  8.1828E-05  4.9879E-12  3.3987E-13  1.7256E-03
 2.4577E+25  8.9853E-06  9.9999E-01  7.1893E+03  8.1828E-05  4.9433E-12  3.3996E-13  1.6948E-03
 2.4670E+25  9.0628E-06  9.9999E-01  7.1870E+03  8.1828E-05  4.8985E-12  3.4004E-13  1.6651E-03
 2.4763E+25  9.1045E-06  9.9999E-01  7.1847E+03  8.1828E-05  4.8808E-12  3.4013E-13  1.6358E-03
 2.4855E+25  9.2344E-06  9.9999E-01  7.1824E+03  8.1828E-05  4.8096E-12  3.4022E-13  1.6070E-03
 2.4948E+25  9.2223E-06  9.9999E-01  7.1802E+03  8.1828E-05  4.8205E-12  3.4030E-13  1.5791E-03
 2.5040E+25  9.3961E-06  9.9999E-01  7.1781E+03  8.1828E-05  4.7320E-12  3.4038E-13  1.5519E-03
 2.5133E+25  9.3540E-06  9.9999E-01  7.1760E+03  8.1828E-05  4.7513E-12  3.4047E-13  1.5251E-03
 2.5225E+25  9.5137E-06  9.9999E-01  7.1739E+03  8.1828E-05  4.6756E-12  3.4055E-13  1.4988E-03
 2.5318E+25  9.5338E-06  9.9999E-01  7.1719E+03  8.1828E-05  4.6632E-12  3.4062E-13  1.4734E-03
 2.5411E+25  9.6295E-06  9.9999E-01  7.1699E+03  8.1828E-05  4.6212E-12  3.4070E-13  1.4486E-03
 2.5503E+25  9.7202E-06  9.9999E-01  7.1679E+03  8.1828E-05  4.5755E-12  3.4077E-13  1.4240E-03
 2.5596E+25  9.7439E-06  9.9999E-01  7.1660E+03  8.1828E-05  4.5686E-12  3.4085E-13  1.4000E-03
 2.5688E+25  9.9125E-06  9.9999E-01  7.1642E+03  8.1828E-05  4.4883E-12  3.4092E-13  1.3767E-03
 2.5781E+25  9.8563E-06  9.9999E-01  7.1623E+03  8.1828E-05  4.5181E-12  3.4099E-13  1.3540E-03
 2.5873E+25  1.0034E-05  9.9999E-01  7.1605E+03  8.1828E-05  4.4387E-12  3.4106E-13  1.3315E-03
 2.5966E+25  1.0044E-05  9.9999E-01  7.1587E+03  8.1828E-05  4.4319E-12  3.4113E-13  1.3095E-03
 2.6059E+25  1.0146E-05  9.9999E-01  7.1570E+03  8.1828E-05  4.3913E-12  3.4120E-13  1.2882E-03
 2.6151E+25  1.0247E-05  9.9999E-01  7.1553E+03  8.1828E-05  4.3454E-12  3.4126E-13  1.2673E-03
 2.6244E+25  1.0256E-05  9.9999E-01  7.1536E+03  8.1828E-05  4.3454E-12  3.4133E-13  1.2467E-03
 2.6336E+25  1.0437E-05  9.9999E-01  7.1520E+03  8.1828E-05  4.2707E-12  3.4139E-13  1.2264E-03
 2.6429E+25  1.0385E-05  9.9999E-01  7.1504E+03  8.1828E-05  4.2897E-12  3.4145E-13  1.2069E-03
 2.6521E+25  1.0546E-05  9.9999E-01  7.1488E+03  8.1828E-05  4.2281E-12  3.4151E-13  1.1877E-03
 2.6614E+25  1.0600E-05  9.9999E-01  7.1472E+03  8.1828E-05  4.2040E-12  3.4157E-13  1.1688E-03
 2.6707E+25  1.0654E-05  9.9999E-01  7.1457E+03  8.1828E-05  4.1866E-12  3.4163E-13  1.1501E-03
 2.6799E+25  1.0823E-05  9.9999E-01  7.1442E+03  8.1828E-05  4.1186E-12  3.4169E-13  1.1321E-03
 2.6892E+25  1.0760E-05  9.9999E-01  7.1427E+03  8.1828E-05  4.1466E-12  3.4175E-13  1.1145E-03
 2.6984E+25  1.0944E-05  9.9999E-01  7.1413E+03  8.1828E-05  4.0774E-12  3.4180E-13  1.0971E-03
 2.7077E+25  1.0973E-05  9.9999E-01  7.1398E+03  8.1828E-05  4.0639E-12  3.4186E-13  1.0799E-03
 2.7169E+25  1.1048E-05  9.9999E-01  7.1384E+03  8.1828E-05  4.0401E-12  3.4191E-13  1.0632E-03
 2.7262E+25  1.1209E-05  9.9999E-01  7.1371E+03  8.1828E-05  3.9793E-12  3.4197E-13  1.0471E-03
 2.7355E+25  1.1151E-05  9.9999E-01  7.1357E+03  8.1828E-05  4.0038E-12  3.4202E-13  1.0310E-03
 2.7447E+25  1.1338E-05  9.9999E-01  7.1344E+03  8.1828E-05  3.9383E-12  3.4207E-13  1.0152E-03
 2.7540E+25  1.1369E-05  9.9999E-01  7.1331E+03  8.1828E-05  3.9250E-12  3.4212E-13  9.9974E-04
 2.7632E+25  1.1439E-05  9.9999E-01  7.1318E+03  8.1828E-05  3.9045E-12  3.4217E-13  9.8477E-04
 2.7725E+25  1.1620E-05  9.9999E-01  7.1306E+03  8.1828E-05  3.8411E-12  3.4222E-13  9.7006E-04
 2.7817E+25  1.1538E-05  9.9999E-01  7.1293E+03  8.1828E-05  3.8717E-12  3.4227E-13  9.5547E-04
 2.7910E+25  1.1728E-05  9.9999E-01  7.1281E+03  8.1828E-05  3.8096E-12  3.4231E-13  9.4112E-04
 2.8003E+25  1.1789E-05  9.9999E-01  7.1269E+03  8.1828E-05  3.7872E-12  3.4236E-13  9.2717E-04
 2.8095E+25  1.1825E-05  9.9999E-01  7.1257E+03  8.1828E-05  3.7790E-12  3.4241E-13  9.1363E-04
 2.8188E+25  1.2018E-05  9.9999E-01  7.1246E+03  8.1828E-05  3.7188E-12  3.4245E-13  9.0022E-04
 2.8280E+25  1.1960E-05  9.9999E-01  7.1234E+03  8.1828E-05  3.7343E-12  3.4250E-13  8.8695E-04
 2.8373E+25  1.2114E-05  9.9999E-01  7.1223E+03  8.1828E-05  3.6902E-12  3.4254E-13  8.7393E-04
 2.8465E+25  1.2237E-05  9.9999E-01  7.1212E+03  8.1828E-05  3.6506E-12  3.4258E-13  8.6132E-04
 2.8558E+25  1.2208E-05  9.9999E-01  7.1202E+03  8.1828E-05  3.6626E-12  3.4262E-13  8.4899E-04
 2.8651E+25  1.2403E-05  9.9999E-01  7.1191E+03  8.1828E-05  3.6054E-12  3.4266E-13  8.3677E-04
 2.8743E+25  1.2421E-05  9.9999E-01  7.1180E+03  8.1828E-05  3.5976E-12  3.4271E-13  8.2466E-04
 2.8836E+25  1.2495E-05  9.9999E-01  7.1170E+03  8.1828E-05  3.5795E-12  3.4275E-13  8.1285E-04
 2.8928E+25  1.2693E-05  9.9999E-01  7.1160E+03  8.1828E-05  3.5239E-12  3.4278E-13  8.0139E-04
 2.9021E+25  1.2608E-05  9.9999E-01  7.1150E+03  8.1828E-05  3.5453E-12  3.4282E-13  7.9016E-04
 2.9113E+25  1.2783E-05  9.9999E-01  7.1140E+03  8.1828E-05  3.5000E-12  3.4286E-13  7.7900E-04
 2.9206E+25  1.2913E-05  9.9999E-01  7.1130E+03  8.1828E-05  3.4621E-12  3.4290E-13  7.6796E-04
 2.9299E+25  1.2871E-05  9.9999E-01  7.1121E+03  8.1828E-05  3.4765E-12  3.4294E-13  7.5719E-04
 2.9391E+25  1.3071E-05  9.9999E-01  7.1112E+03  8.1828E-05  3.4238E-12  3.4297E-13  7.4675E-04
 2.9484E+25  1.3115E-05  9.9999E-01  7.1103E+03  8.1828E-05  3.4097E-12  3.4301E-13  7.3649E-04
 2.9576E+25  1.3157E-05  9.9999E-01  7.1094E+03  8.1828E-05  3.4018E-12  3.4304E-13  7.2630E-04
 2.9669E+25  1.3360E-05  9.9999E-01  7.1085E+03  8.1828E-05  3.3506E-12  3.4308E-13  7.1623E-04
 2.9761E+25  1.3322E-05  9.9999E-01  7.1076E+03  8.1828E-05  3.3576E-12  3.4311E-13  7.0638E-04
 2.9854E+25  1.3443E-05  9.9999E-01  7.1067E+03  8.1828E-05  3.3303E-12  3.4315E-13  6.9683E-04
 2.9947E+25  1.3647E-05  9.9999E-01  7.1059E+03  8.1828E-05  3.2803E-12  3.4318E-13  6.8746E-04
 3.0039E+25  1.3537E-05  9.9999E-01  7.1050E+03  8.1828E-05  3.3055E-12  3.4321E-13  6.7815E-04
 3.0132E+25  1.3730E-05  9.9999E-01  7.1042E+03  8.1828E-05  3.2617E-12  3.4324E-13  6.6894E-04
 3.0224E+25  1.3883E-05  9.9999E-01  7.1034E+03  8.1828E-05  3.2232E-12  3.4328E-13  6.5989E-04
 3.0317E+25  1.3810E-05  9.9999E-01  7.1026E+03  8.1828E-05  3.2431E-12  3.4331E-13  6.5112E-04
 3.0409E+25  1.4016E-05  9.9999E-01  7.1018E+03  8.1828E-05  3.1957E-12  3.4334E-13  6.4256E-04
 3.0502E+25  1.4113E-05  9.9999E-01  7.1011E+03  8.1828E-05  3.1712E-12  3.4337E-13  6.3405E-04
 3.0594E+25  1.4095E-05  9.9999E-01  7.1003E+03  8.1828E-05  3.1784E-12  3.4340E-13  6.2562E-04
 3.0687E+25  1.4303E-05  9.9999E-01  7.0995E+03  8.1828E-05  3.1323E-12  3.4343E-13  6.1731E-04
 3.0780E+25  1.4351E-05  9.9999E-01  7.0988E+03  8.1828E-05  3.1193E-12  3.4346E-13  6.0922E-04
 3.0872E+25  1.4379E-05  9.9999E-01  7.0981E+03  8.1828E-05  3.1162E-12  3.4348E-13  6.0136E-04
 3.0965E+25  1.4590E-05  9.9999E-01  7.0974E+03  8.1828E-05  3.0715E-12  3.4351E-13  5.9359E-04
 3.1057E+25  1.4597E-05  9.9999E-01  7.0966E+03  8.1828E-05  3.0673E-12  3.4354E-13  5.8587E-04
 3.1150E+25  1.4663E-05  9.9999E-01  7.0959E+03  8.1828E-05  3.0566E-12  3.4357E-13  5.7823E-04
 3.1242E+25  1.4876E-05  9.9999E-01  7.0953E+03  8.1828E-05  3.0130E-12  3.4359E-13  5.7076E-04
 3.1335E+25  1.4851E-05  9.9999E-01  7.0946E+03  8.1828E-05  3.0155E-12  3.4362E-13  5.6349E-04
 3.1428E+25  1.4946E-05  9.9999E-01  7.0939E+03  8.1828E-05  2.9992E-12  3.4365E-13  5.5639E-04
 3.1520E+25  1.5162E-05  9.9998E-01  7.0933E+03  8.1828E-05  2.9567E-12  3.4367E-13  5.4933E-04
 3.1613E+25  1.5114E-05  9.9998E-01  7.0926E+03  8.1828E-05  2.9636E-12  3.4370E-13  5.4232E-04
 3.1705E+25  1.5229E-05  9.9998E-01  7.0920E+03  8.1828E-05  2.9440E-12  3.4372E-13  5.3540E-04
 3.1798E+25  1.5447E-05  9.9998E-01  7.0913E+03  8.1828E-05  2.9026E-12  3.4375E-13  5.2867E-04
 3.1890E+25  1.5386E-05  9.9998E-01  7.0907E+03  8.1828E-05  2.9117E-12  3.4377E-13  5.2211E-04
 3.1983E+25  1.5512E-05  9.9998E-01  7.0901E+03  8.1828E-05  2.8909E-12  3.4380E-13  5.1566E-04
 3.2076E+25  1.5732E-05  9.9998E-01  7.0895E+03  8.1828E-05  2.8506E-12  3.4382E-13  5.0924E-04
 3.2168E+25  1.5668E-05  9.9998E-01  7.0889E+03  8.1828E-05  2.8598E-12  3.4384E-13  5.0288E-04
 3.2261E+25  1.5794E-05  9.9998E-01  7.0883E+03  8.1828E-05  2.8397E-12  3.4387E-13  4.9660E-04
 3.2353E+25  1.6016E-05  9.9998E-01  7.0877E+03  8.1828E-05  2.8005E-12  3.4389E-13  4.9050E-04
 3.2446E+25  1.5960E-05  9.9998E-01  7.0872E+03  8.1828E-05  2.8080E-12  3.4391E-13  4.8456E-04
 3.2538E+25  1.6075E-05  9.9998E-01  7.0866E+03  8.1828E-05  2.7904E-12  3.4393E-13  4.7869E-04
 3.2631E+25  1.6299E-05  9.9998E-01  7.0861E+03  8.1828E-05  2.7523E-12  3.4395E-13  4.7286E-04
 3.2724E+25  1.6263E-05  9.9998E-01  7.0855E+03  8.1828E-05  2.7561E-12  3.4398E-13  4.6707E-04
 3.2816E+25  1.6356E-05  9.9998E-01  7.0850E+03  8.1828E-05  2.7429E-12  3.4400E-13  4.6136E-04
 3.2909E+25  1.6582E-05  9.9998E-01  7.0844E+03  8.1828E-05  2.7059E-12  3.4402E-13  4.5581E-04
 3.3001E+25  1.6577E-05  9.9998E-01  7.0839E+03  8.1828E-05  2.7043E-12  3.4404E-13  4.5041E-04
 3.3094E+25  1.6637E-05  9.9998E-01  7.0834E+03  8.1828E-05  2.6971E-12  3.4406E-13  4.4508E-04
 3.3186E+25  1.6863E-05  9.9998E-01  7.0829E+03  8.1828E-05  2.6611E-12  3.4408E-13  4.3977E-04
 3.3279E+25  1.6903E-05  9.9998E-01  7.0824E+03  8.1828E-05  2.6525E-12  3.4410E-13  4.3450E-04
 3.3372E+25  1.6916E-05  9.9998E-01  7.0819E+03  8.1828E-05  2.6529E-12  3.4412E-13  4.2930E-04
 3.3464E+25  1.7143E-05  9.9998E-01  7.0814E+03  8.1828E-05  2.6180E-12  3.4414E-13  4.2424E-04
 3.3557E+25  1.7241E-05  9.9998E-01  7.0809E+03  8.1828E-05  2.6009E-12  3.4416E-13  4.1929E-04
 3.3649E+25  1.7195E-05  9.9998E-01  7.0805E+03  8.1828E-05  2.6103E-12  3.4417E-13  4.1445E-04
 3.3742E+25  1.7423E-05  9.9998E-01  7.0800E+03  8.1828E-05  2.5763E-12  3.4419E-13  4.0961E-04
 3.3834E+25  1.7592E-05  9.9998E-01  7.0795E+03  8.1828E-05  2.5493E-12  3.4421E-13  4.0481E-04
 3.3927E+25  1.7473E-05  9.9998E-01  7.0791E+03  8.1828E-05  2.5692E-12  3.4423E-13  4.0006E-04
 3.4020E+25  1.7702E-05  9.9998E-01  7.0786E+03  8.1828E-05  2.5361E-12  3.4425E-13  3.9542E-04
 3.4112E+25  1.7934E-05  9.9998E-01  7.0782E+03  8.1828E-05  2.5031E-12  3.4427E-13  3.9089E-04
 3.4205E+25  1.7772E-05  9.9998E-01  7.0777E+03  8.1828E-05  2.5242E-12  3.4428E-13  3.8647E-04
 3.4297E+25  1.7979E-05  9.9998E-01  7.0773E+03  8.1828E-05  2.4973E-12  3.4430E-13  3.8207E-04
 3.4390E+25  1.8216E-05  9.9998E-01  7.0769E+03  8.1828E-05  2.4649E-12  3.4432E-13  3.7770E-04
 3.4482E+25  1.8144E-05  9.9998E-01  7.0764E+03  8.1828E-05  2.4724E-12  3.4433E-13  3.7336E-04
 3.4575E+25  1.8256E-05  9.9998E-01  7.0760E+03  8.1828E-05  2.4596E-12  3.4435E-13  3.6908E-04
 3.4668E+25  1.8493E-05  9.9998E-01  7.0756E+03  8.1828E-05  2.4282E-12  3.4437E-13  3.6492E-04
 3.4760E+25  1.8534E-05  9.9998E-01  7.0752E+03  8.1828E-05  2.4207E-12  3.4438E-13  3.6086E-04
 3.4853E+25  1.8533E-05  9.9998E-01  7.0748E+03  8.1828E-05  2.4231E-12  3.4440E-13  3.5686E-04
 3.4945E+25  1.8769E-05  9.9998E-01  7.0744E+03  8.1828E-05  2.3928E-12  3.4441E-13  3.5288E-04
 3.5038E+25  1.8938E-05  9.9998E-01  7.0740E+03  8.1828E-05  2.3693E-12  3.4443E-13  3.4892E-04
 3.5130E+25  1.8808E-05  9.9998E-01  7.0736E+03  8.1828E-05  2.3880E-12  3.4444E-13  3.4499E-04
 3.5223E+25  1.9045E-05  9.9998E-01  7.0732E+03  8.1828E-05  2.3584E-12  3.4446E-13  3.4115E-04
 3.5316E+25  1.9287E-05  9.9998E-01  7.0729E+03  8.1828E-05  2.3288E-12  3.4447E-13  3.3739E-04
 3.5408E+25  1.9154E-05  9.9998E-01  7.0725E+03  8.1828E-05  2.3430E-12  3.4449E-13  3.3373E-04
 3.5501E+25  1.9320E-05  9.9998E-01  7.0721E+03  8.1828E-05  2.3251E-12  3.4450E-13  3.3011E-04
 3.5593E+25  1.9564E-05  9.9998E-01  7.0718E+03  8.1828E-05  2.2963E-12  3.4452E-13  3.2650E-04
 3.5686E+25  1.9586E-05  9.9998E-01  7.0714E+03  8.1828E-05  2.2915E-12  3.4453E-13  3.2291E-04
 3.5778E+25  1.9595E-05  9.9998E-01  7.0711E+03  8.1828E-05  2.2927E-12  3.4454E-13  3.1936E-04
 3.5871E+25  1.9837E-05  9.9998E-01  7.0707E+03  8.1828E-05  2.2648E-12  3.4456E-13  3.1589E-04
 3.5964E+25  2.0036E-05  9.9998E-01  7.0703E+03  8.1828E-05  2.2403E-12  3.4457E-13  3.1248E-04
 3.6056E+25  1.9868E-05  9.9998E-01  7.0700E+03  8.1828E-05  2.2614E-12  3.4459E-13  3.0917E-04
 3.6149E+25  2.0110E-05  9.9998E-01  7.0697E+03  8.1828E-05  2.2343E-12  3.4460E-13  3.0589E-04
 3.6241E+25  2.0359E-05  9.9998E-01  7.0693E+03  8.1828E-05  2.2070E-12  3.4461E-13  3.0261E-04
 3.6334E+25  2.0284E-05  9.9998E-01  7.0690E+03  8.1828E-05  2.2132E-12  3.4463E-13  2.9936E-04
 3.6426E+25  2.0383E-05  9.9998E-01  7.0687E+03  8.1828E-05  2.2045E-12  3.4464E-13  2.9614E-04
 3.6519E+25  2.0631E-05  9.9998E-01  7.0684E+03  8.1828E-05  2.1781E-12  3.4465E-13  2.9298E-04
 3.6612E+25  2.0766E-05  9.9998E-01  7.0680E+03  8.1828E-05  2.1619E-12  3.4466E-13  2.8989E-04
 3.6704E+25  2.0655E-05  9.9998E-01  7.0677E+03  8.1828E-05  2.1757E-12  3.4468E-13  2.8688E-04
 3.6797E+25  2.0902E-05  9.9998E-01  7.0674E+03  8.1828E-05  2.1501E-12  3.4469E-13  2.8390E-04
 3.6889E+25  2.1156E-05  9.9998E-01  7.0671E+03  8.1828E-05  2.1243E-12  3.4470E-13  2.8093E-04
 3.6982E+25  2.1037E-05  9.9998E-01  7.0668E+03  8.1828E-05  2.1344E-12  3.4471E-13  2.7798E-04
 3.7074E+25  2.1174E-05  9.9998E-01  7.0665E+03  8.1828E-05  2.1226E-12  3.4472E-13  2.7505E-04
 3.7167E+25  2.1427E-05  9.9998E-01  7.0662E+03  8.1828E-05  2.0977E-12  3.4473E-13  2.7217E-04
 3.7260E+25  2.1554E-05  9.9998E-01  7.0659E+03  8.1828E-05  2.0833E-12  3.4475E-13  2.6936E-04
 3.7352E+25  2.1445E-05  9.9998E-01  7.0656E+03  8.1828E-05  2.0960E-12  3.4476E-13  2.6661E-04
 3.7445E+25  2.1696E-05  9.9998E-01  7.0654E+03  8.1828E-05  2.0718E-12  3.4477E-13  2.6391E-04
 3.7537E+25  2.1955E-05  9.9998E-01  7.0651E+03  8.1828E-05  2.0475E-12  3.4478E-13  2.6121E-04
 3.7630E+25  2.1851E-05  9.9998E-01  7.0648E+03  8.1828E-05  2.0552E-12  3.4479E-13  2.5853E-04
 3.7722E+25  2.1967E-05  9.9998E-01  7.0645E+03  8.1828E-05  2.0464E-12  3.4480E-13  2.5587E-04
 3.7815E+25  2.2223E-05  9.9998E-01  7.0643E+03  8.1828E-05  2.0230E-12  3.4481E-13  2.5323E-04
 3.7908E+25  2.2407E-05  9.9998E-01  7.0640E+03  8.1828E-05  2.0044E-12  3.4482E-13  2.5066E-04
 3.8000E+25  2.2236E-05  9.9998E-01  7.0637E+03  8.1828E-05  2.0218E-12  3.4483E-13  2.4813E-04
 3.8093E+25  2.2491E-05  9.9998E-01  7.0635E+03  8.1828E-05  1.9990E-12  3.4484E-13  2.4568E-04
 3.8185E+25  2.2753E-05  9.9998E-01  7.0632E+03  8.1828E-05  1.9760E-12  3.4485E-13  2.4324E-04
 3.8278E+25  2.2732E-05  9.9998E-01  7.0629E+03  8.1828E-05  1.9759E-12  3.4486E-13  2.4080E-04
 3.8370E+25  2.2760E-05  9.9998E-01  7.0627E+03  8.1828E-05  1.9754E-12  3.4487E-13  2.3838E-04
 3.8463E+25  2.3019E-05  9.9998E-01  7.0624E+03  8.1828E-05  1.9533E-12  3.4488E-13  2.3598E-04
 3.8556E+25  2.3284E-05  9.9998E-01  7.0622E+03  8.1828E-05  1.9310E-12  3.4489E-13  2.3361E-04
 3.8648E+25  2.3072E-05  9.9998E-01  7.0619E+03  8.1828E-05  1.9471E-12  3.4490E-13  2.3129E-04
 3.8741E+25  2.3288E-05  9.9998E-01  7.0617E+03  8.1828E-05  1.9309E-12  3.4491E-13  2.2902E-04
 3.8833E+25  2.3551E-05  9.9998E-01  7.0615E+03  8.1828E-05  1.9094E-12  3.4492E-13  2.2681E-04
 3.8926E+25  2.3687E-05  9.9998E-01  7.0612E+03  8.1828E-05  1.8965E-12  3.4493E-13  2.2460E-04
 3.9018E+25  2.3555E-05  9.9998E-01  7.0610E+03  8.1828E-05  1.9091E-12  3.4494E-13  2.2240E-04
 3.9111E+25  2.3817E-05  9.9998E-01  7.0607E+03  8.1828E-05  1.8881E-12  3.4495E-13  2.2021E-04
 3.9204E+25  2.4087E-05  9.9998E-01  7.0605E+03  8.1828E-05  1.8671E-12  3.4496E-13  2.1804E-04
 3.9296E+25  2.4059E-05  9.9998E-01  7.0603E+03  8.1828E-05  1.8674E-12  3.4497E-13  2.1590E-04
 3.9389E+25  2.4085E-05  9.9998E-01  7.0601E+03  8.1828E-05  1.8673E-12  3.4498E-13  2.1381E-04
 3.9481E+25  2.4350E-05  9.9998E-01  7.0598E+03  8.1828E-05  1.8470E-12  3.4499E-13  2.1176E-04
 3.9574E+25  2.4624E-05  9.9998E-01  7.0596E+03  8.1828E-05  1.8265E-12  3.4500E-13  2.0976E-04
 3.9666E+25  2.4445E-05  9.9998E-01  7.0594E+03  8.1828E-05  1.8380E-12  3.4500E-13  2.0776E-04
 3.9759E+25  2.4617E-05  9.9998E-01  7.0592E+03  8.1828E-05  1.8271E-12  3.4501E-13  2.0577E-04
 3.9852E+25  2.4886E-05  9.9998E-01  7.0590E+03  8.1828E-05  1.8073E-12  3.4502E-13  2.0379E-04
 3.9944E+25  2.5129E-05  9.9997E-01  7.0588E+03  8.1828E-05  1.7882E-12  3.4503E-13  2.0182E-04
 4.0037E+25  2.4882E-05  9.9998E-01  7.0586E+03  8.1828E-05  1.8077E-12  3.4504E-13  1.9988E-04
 4.0129E+25  2.5152E-05  9.9997E-01  7.0584E+03  8.1828E-05  1.7883E-12  3.4505E-13  1.9799E-04
 4.0222E+25  2.5425E-05  9.9997E-01  7.0581E+03  8.1828E-05  1.7692E-12  3.4505E-13  1.9612E-04
 4.0314E+25  2.5554E-05  9.9997E-01  7.0579E+03  8.1828E-05  1.7585E-12  3.4506E-13  1.9431E-04
 4.0407E+25  2.5416E-05  9.9997E-01  7.0577E+03  8.1828E-05  1.7698E-12  3.4507E-13  1.9251E-04
 4.0500E+25  2.5690E-05  9.9997E-01  7.0576E+03  8.1828E-05  1.7510E-12  3.4508E-13  1.9071E-04
 4.0592E+25  2.5966E-05  9.9997E-01  7.0574E+03  8.1828E-05  1.7325E-12  3.4508E-13  1.8891E-04
 4.0685E+25  2.5997E-05  9.9997E-01  7.0572E+03  8.1828E-05  1.7286E-12  3.4509E-13  1.8713E-04
 4.0777E+25  2.5954E-05  9.9997E-01  7.0570E+03  8.1828E-05  1.7333E-12  3.4510E-13  1.8537E-04
 4.0870E+25  2.6229E-05  9.9997E-01  7.0568E+03  8.1828E-05  1.7151E-12  3.4511E-13  1.8364E-04
 4.0962E+25  2.6510E-05  9.9997E-01  7.0566E+03  8.1828E-05  1.6970E-12  3.4512E-13  1.8194E-04
 4.1055E+25  2.6458E-05  9.9997E-01  7.0564E+03  8.1828E-05  1.6987E-12  3.4512E-13  1.8029E-04
 4.1148E+25  2.6494E-05  9.9997E-01  7.0562E+03  8.1828E-05  1.6982E-12  3.4513E-13  1.7866E-04
 4.1240E+25  2.6771E-05  9.9997E-01  7.0560E+03  8.1828E-05  1.6805E-12  3.4514E-13  1.7703E-04
 4.1333E+25  2.7056E-05  9.9997E-01  7.0559E+03  8.1828E-05  1.6629E-12  3.4514E-13  1.7541E-04
 4.1425E+25  2.6938E-05  9.9997E-01  7.0557E+03  8.1828E-05  1.6685E-12  3.4515E-13  1.7379E-04
 4.1518E+25  2.7036E-05  9.9997E-01  7.0555E+03  8.1828E-05  1.6642E-12  3.4516E-13  1.7219E-04
 4.1610E+25  2.7316E-05  9.9997E-01  7.0553E+03  8.1828E-05  1.6471E-12  3.4517E-13  1.7061E-04
 4.1703E+25  2.7604E-05  9.9997E-01  7.0552E+03  8.1828E-05  1.6300E-12  3.4517E-13  1.6906E-04
 4.1796E+25  2.7438E-05  9.9997E-01  7.0550E+03  8.1828E-05  1.6382E-12  3.4518E-13  1.6754E-04
 4.1888E+25  2.7580E-05  9.9997E-01  7.0548E+03  8.1828E-05  1.6315E-12  3.4519E-13  1.6606E-04
 4.1981E+25  2.7863E-05  9.9997E-01  7.0547E+03  8.1828E-05  1.6149E-12  3.4519E-13  1.6459E-04
 4.2073E+25  2.8153E-05  9.9997E-01  7.0545E+03  8.1828E-05  1.5983E-12  3.4520E-13  1.6312E-04
 4.2166E+25  2.7959E-05  9.9997E-01  7.0543E+03  8.1828E-05  1.6077E-12  3.4520E-13  1.6166E-04
 4.2258E+25  2.8127E-05  9.9997E-01  7.0542E+03  8.1828E-05  1.5999E-12  3.4521E-13  1.6020E-04
 4.2351E+25  2.8413E-05  9.9997E-01  7.0540E+03  8.1828E-05  1.5837E-12  3.4522E-13  1.5875E-04
 4.2443E+25  2.8705E-05  9.9997E-01  7.0538E+03  8.1828E-05  1.5677E-12  3.4522E-13  1.5733E-04
 4.2536E+25  2.8503E-05  9.9997E-01  7.0537E+03  8.1828E-05  1.5772E-12  3.4523E-13  1.5594E-04
 4.2629E+25  2.8675E-05  9.9997E-01  7.0535E+03  8.1828E-05  1.5694E-12  3.4524E-13  1.5457E-04
 4.2721E+25  2.8965E-05  9.9997E-01  7.0534E+03  8.1828E-05  1.5536E-12  3.4524E-13  1.5324E-04
 4.2814E+25  2.9259E-05  9.9997E-01  7.0532E+03  8.1828E-05  1.5381E-12  3.4525E-13  1.5191E-04
 4.2906E+25  2.9069E-05  9.9997E-01  7.0531E+03  8.1828E-05  1.5466E-12  3.4525E-13  1.5058E-04
 4.2999E+25  2.9227E-05  9.9997E-01  7.0529E+03  8.1828E-05  1.5398E-12  3.4526E-13  1.4926E-04
 4.3091E+25  2.9520E-05  9.9997E-01  7.0528E+03  8.1828E-05  1.5245E-12  3.4527E-13  1.4794E-04
 4.3184E+25  2.9815E-05  9.9997E-01  7.0526E+03  8.1828E-05  1.5095E-12  3.4527E-13  1.4664E-04
 4.3277E+25  2.9658E-05  9.9997E-01  7.0525E+03  8.1828E-05  1.5159E-12  3.4528E-13  1.4536E-04
 4.3369E+25  2.9781E-05  9.9997E-01  7.0523E+03  8.1828E-05  1.5113E-12  3.4528E-13  1.4409E-04
 4.3462E+25  3.0077E-05  9.9997E-01  7.0522E+03  8.1828E-05  1.4964E-12  3.4529E-13  1.4285E-04
 4.3554E+25  3.0374E-05  9.9997E-01  7.0520E+03  8.1828E-05  1.4818E-12  3.4530E-13  1.4165E-04
 4.3647E+25  3.0272E-05  9.9997E-01  7.0519E+03  8.1828E-05  1.4853E-12  3.4530E-13  1.4045E-04
 4.3739E+25  3.0337E-05  9.9997E-01  7.0518E+03  8.1828E-05  1.4836E-12  3.4531E-13  1.3925E-04
 4.3832E+25  3.0636E-05  9.9997E-01  7.0516E+03  8.1828E-05  1.4692E-12  3.4531E-13  1.3806E-04
 4.3925E+25  3.0935E-05  9.9997E-01  7.0515E+03  8.1828E-05  1.4550E-12  3.4532E-13  1.3687E-04
 4.4017E+25  3.0910E-05  9.9997E-01  7.0513E+03  8.1828E-05  1.4547E-12  3.4532E-13  1.3569E-04
 4.4110E+25  3.0897E-05  9.9997E-01  7.0512E+03  8.1828E-05  1.4568E-12  3.4533E-13  1.3453E-04
 4.4202E+25  3.1198E-05  9.9997E-01  7.0511E+03  8.1828E-05  1.4428E-12  3.4533E-13  1.3338E-04
 4.4295E+25  3.1499E-05  9.9997E-01  7.0509E+03  8.1828E-05  1.4290E-12  3.4534E-13  1.3225E-04
 4.4387E+25  3.1574E-05  9.9997E-01  7.0508E+03  8.1828E-05  1.4242E-12  3.4534E-13  1.3116E-04
 4.4480E+25  3.1461E-05  9.9997E-01  7.0507E+03  8.1828E-05  1.4308E-12  3.4535E-13  1.3008E-04
 4.4573E+25  3.1761E-05  9.9997E-01  7.0506E+03  8.1828E-05  1.4173E-12  3.4535E-13  1.2900E-04
 4.4665E+25  3.2066E-05  9.9997E-01  7.0504E+03  8.1828E-05  1.4038E-12  3.4536E-13  1.2792E-04
 4.4758E+25  3.2264E-05  9.9997E-01  7.0503E+03  8.1828E-05  1.3938E-12  3.4536E-13  1.2685E-04
 4.4850E+25  3.2026E-05  9.9997E-01  7.0502E+03  8.1828E-05  1.4056E-12  3.4537E-13  1.2578E-04
 4.4943E+25  3.2326E-05  9.9997E-01  7.0501E+03  8.1828E-05  1.3925E-12  3.4537E-13  1.2472E-04
 4.5035E+25  3.2636E-05  9.9997E-01  7.0499E+03  8.1828E-05  1.3794E-12  3.4538E-13  1.2368E-04
 4.5128E+25  3.2940E-05  9.9997E-01  7.0498E+03  8.1828E-05  1.3665E-12  3.4538E-13  1.2265E-04
 4.5221E+25  3.2634E-05  9.9997E-01  7.0497E+03  8.1828E-05  1.3782E-12  3.4539E-13  1.2164E-04
 4.5313E+25  3.2897E-05  9.9997E-01  7.0496E+03  8.1828E-05  1.3685E-12  3.4539E-13  1.2066E-04
 4.5406E+25  3.3208E-05  9.9997E-01  7.0495E+03  8.1828E-05  1.3557E-12  3.4540E-13  1.1969E-04
 4.5498E+25  3.3519E-05  9.9997E-01  7.0493E+03  8.1828E-05  1.3431E-12  3.4540E-13  1.1871E-04
 4.5591E+25  3.3373E-05  9.9997E-01  7.0492E+03  8.1828E-05  1.3476E-12  3.4541E-13  1.1774E-04
 4.5683E+25  3.3471E-05  9.9997E-01  7.0491E+03  8.1828E-05  1.3450E-12  3.4541E-13  1.1678E-04
 4.5776E+25  3.3780E-05  9.9997E-01  7.0490E+03  8.1828E-05  1.3328E-12  3.4542E-13  1.1582E-04
 4.5869E+25  3.4097E-05  9.9997E-01  7.0489E+03  8.1828E-05  1.3204E-12  3.4542E-13  1.1486E-04
 4.5961E+25  3.4144E-05  9.9997E-01  7.0488E+03  8.1828E-05  1.3172E-12  3.4542E-13  1.1393E-04
 4.6054E+25  3.4047E-05  9.9997E-01  7.0487E+03  8.1828E-05  1.3224E-12  3.4543E-13  1.1300E-04
 4.6146E+25  3.4357E-05  9.9997E-01  7.0486E+03  8.1828E-05  1.3104E-12  3.4543E-13  1.1209E-04
 4.6239E+25  3.4677E-05  9.9997E-01  7.0484E+03  8.1828E-05  1.2984E-12  3.4544E-13  1.1121E-04
 4.6331E+25  3.4949E-05  9.9997E-01  7.0483E+03  8.1828E-05  1.2869E-12  3.4544E-13  1.1034E-04
 4.6424E+25  3.4622E-05  9.9997E-01  7.0482E+03  8.1828E-05  1.3005E-12  3.4545E-13  1.0946E-04
 4.6517E+25  3.4940E-05  9.9997E-01  7.0481E+03  8.1828E-05  1.2886E-12  3.4545E-13  1.0858E-04
 4.6609E+25  3.5258E-05  9.9996E-01  7.0480E+03  8.1828E-05  1.2770E-12  3.4545E-13  1.0771E-04
 4.6702E+25  3.5581E-05  9.9996E-01  7.0479E+03  8.1828E-05  1.2654E-12  3.4546E-13  1.0685E-04
 4.6794E+25  3.5406E-05  9.9996E-01  7.0478E+03  8.1828E-05  1.2704E-12  3.4546E-13  1.0599E-04
 4.6887E+25  3.5525E-05  9.9996E-01  7.0477E+03  8.1828E-05  1.2675E-12  3.4547E-13  1.0514E-04
 4.6979E+25  3.5842E-05  9.9996E-01  7.0476E+03  8.1828E-05  1.2563E-12  3.4547E-13  1.0430E-04
 4.7072E+25  3.6170E-05  9.9996E-01  7.0475E+03  8.1828E-05  1.2449E-12  3.4547E-13  1.0348E-04
 4.7165E+25  3.6271E-05  9.9996E-01  7.0474E+03  8.1828E-05  1.2401E-12  3.4548E-13  1.0269E-04
 4.7257E+25  3.6108E-05  9.9996E-01  7.0473E+03  8.1828E-05  1.2471E-12  3.4548E-13  1.0190E-04
 4.7350E+25  3.6434E-05  9.9996E-01  7.0472E+03  8.1828E-05  1.2359E-12  3.4549E-13  1.0111E-04
 4.7442E+25  3.6758E-05  9.9996E-01  7.0471E+03  8.1828E-05  1.2250E-12  3.4549E-13  1.0032E-04
 4.7535E+25  3.7087E-05  9.9996E-01  7.0470E+03  8.1828E-05  1.2141E-12  3.4549E-13  9.9536E-05
 4.7627E+25  3.6779E-05  9.9996E-01  7.0469E+03  8.1828E-05  1.2231E-12  3.4550E-13  9.8757E-05
 4.7720E+25  3.7026E-05  9.9996E-01  7.0468E+03  8.1828E-05  1.2162E-12  3.4550E-13  9.7978E-05
 4.7813E+25  3.7351E-05  9.9996E-01  7.0467E+03  8.1828E-05  1.2056E-12  3.4551E-13  9.7211E-05
 4.7905E+25  3.7685E-05  9.9996E-01  7.0466E+03  8.1828E-05  1.1949E-12  3.4551E-13  9.6454E-05
 4.7998E+25  3.7708E-05  9.9996E-01  7.0465E+03  8.1828E-05  1.1929E-12  3.4551E-13  9.5702E-05
 4.8090E+25  3.7617E-05  9.9996E-01  7.0465E+03  8.1828E-05  1.1971E-12  3.4552E-13  9.4980E-05
 4.8183E+25  3.7953E-05  9.9996E-01  7.0464E+03  8.1828E-05  1.1865E-12  3.4552E-13  9.4269E-05
 4.8275E+25  3.8281E-05  9.9996E-01  7.0463E+03  8.1828E-05  1.1764E-12  3.4552E-13  9.3559E-05
 4.8368E+25  3.8617E-05  9.9996E-01  7.0462E+03  8.1828E-05  1.1660E-12  3.4553E-13  9.2848E-05
 4.8461E+25  3.8271E-05  9.9996E-01  7.0461E+03  8.1828E-05  1.1756E-12  3.4553E-13  9.2140E-05
 4.8553E+25  3.8551E-05  9.9996E-01  7.0460E+03  8.1828E-05  1.1682E-12  3.4553E-13  9.1435E-05
 4.8646E+25  3.8887E-05  9.9996E-01  7.0459E+03  8.1828E-05  1.1581E-12  3.4554E-13  9.0734E-05
 4.8738E+25  3.9225E-05  9.9996E-01  7.0458E+03  8.1828E-05  1.1481E-12  3.4554E-13  9.0035E-05
 4.8831E+25  3.9269E-05  9.9996E-01  7.0457E+03  8.1828E-05  1.1456E-12  3.4554E-13  8.9349E-05
 4.8923E+25  3.9150E-05  9.9996E-01  7.0457E+03  8.1828E-05  1.1504E-12  3.4555E-13  8.8668E-05
 4.9016E+25  3.9495E-05  9.9996E-01  7.0456E+03  8.1828E-05  1.1403E-12  3.4555E-13  8.7995E-05
 4.9109E+25  3.9832E-05  9.9996E-01  7.0455E+03  8.1828E-05  1.1306E-12  3.4555E-13  8.7350E-05
 4.9201E+25  4.0177E-05  9.9996E-01  7.0454E+03  8.1828E-05  1.1209E-12  3.4556E-13  8.6710E-05
 4.9294E+25  3.9888E-05  9.9996E-01  7.0453E+03  8.1828E-05  1.1279E-12  3.4556E-13  8.6072E-05
 4.9386E+25  4.0101E-05  9.9996E-01  7.0452E+03  8.1828E-05  1.1231E-12  3.4556E-13  8.5433E-05
 4.9479E+25  4.0449E-05  9.9996E-01  7.0452E+03  8.1828E-05  1.1134E-12  3.4557E-13  8.4797E-05
 4.9571E+25  4.0789E-05  9.9996E-01  7.0451E+03  8.1828E-05  1.1042E-12  3.4557E-13  8.4163E-05
 4.9664E+25  4.0961E-05  9.9996E-01  7.0450E+03  8.1828E-05  1.0984E-12  3.4557E-13  8.3532E-05
 4.9757E+25  4.0712E-05  9.9996E-01  7.0449E+03  8.1828E-05  1.1063E-12  3.4558E-13  8.2903E-05
 4.9849E+25  4.1062E-05  9.9996E-01  7.0448E+03  8.1828E-05  1.0969E-12  3.4558E-13  8.2285E-05
 4.9942E+25  4.1413E-05  9.9996E-01  7.0448E+03  8.1828E-05  1.0876E-12  3.4558E-13  8.1672E-05
 5.0034E+25  4.1757E-05  9.9996E-01  7.0447E+03  8.1828E-05  1.0786E-12  3.4559E-13  8.1066E-05
 5.0127E+25  4.1644E-05  9.9996E-01  7.0446E+03  8.1828E-05  1.0804E-12  3.4559E-13  8.0485E-05
 5.0219E+25  4.1677E-05  9.9996E-01  7.0445E+03  8.1828E-05  1.0807E-12  3.4559E-13  7.9910E-05
 5.0312E+25  4.2033E-05  9.9996E-01  7.0445E+03  8.1828E-05  1.0716E-12  3.4560E-13  7.9336E-05
 5.0405E+25  4.2387E-05  9.9996E-01  7.0444E+03  8.1828E-05  1.0626E-12  3.4560E-13  7.8761E-05
 5.0497E+25  4.2732E-05  9.9996E-01  7.0443E+03  8.1828E-05  1.0539E-12  3.4560E-13  7.8188E-05
 5.0590E+25  4.2363E-05  9.9996E-01  7.0442E+03  8.1828E-05  1.0622E-12  3.4560E-13  7.7617E-05
 5.0682E+25  4.2653E-05  9.9996E-01  7.0442E+03  8.1828E-05  1.0560E-12  3.4561E-13  7.7049E-05
 5.0775E+25  4.3016E-05  9.9996E-01  7.0441E+03  8.1828E-05  1.0471E-12  3.4561E-13  7.6483E-05
 5.0867E+25  4.3372E-05  9.9996E-01  7.0440E+03  8.1828E-05  1.0385E-12  3.4561E-13  7.5925E-05
 5.0960E+25  4.3539E-05  9.9996E-01  7.0439E+03  8.1828E-05  1.0334E-12  3.4562E-13  7.5371E-05
 5.1053E+25  4.3291E-05  9.9996E-01  7.0439E+03  8.1828E-05  1.0405E-12  3.4562E-13  7.4822E-05
 5.1145E+25  4.3642E-05  9.9996E-01  7.0438E+03  8.1828E-05  1.0321E-12  3.4562E-13  7.4292E-05
 5.1238E+25  4.4009E-05  9.9996E-01  7.0437E+03  8.1828E-05  1.0235E-12  3.4562E-13  7.3774E-05
 5.1330E+25  4.4368E-05  9.9996E-01  7.0437E+03  8.1828E-05  1.0152E-12  3.4563E-13  7.3259E-05
 5.1423E+25  4.4323E-05  9.9996E-01  7.0436E+03  8.1828E-05  1.0152E-12  3.4563E-13  7.2742E-05
 5.1515E+25  4.4286E-05  9.9996E-01  7.0435E+03  8.1828E-05  1.0171E-12  3.4563E-13  7.2226E-05
 5.1608E+25  4.4642E-05  9.9996E-01  7.0435E+03  8.1828E-05  1.0091E-12  3.4564E-13  7.1712E-05
 5.1701E+25  4.5014E-05  9.9995E-01  7.0434E+03  8.1828E-05  1.0007E-12  3.4564E-13  7.1201E-05
 5.1793E+25  4.5376E-05  9.9995E-01  7.0433E+03  8.1828E-05  9.9270E-13  3.4564E-13  7.0691E-05
 5.1886E+25  4.5141E-05  9.9995E-01  7.0432E+03  8.1828E-05  9.9682E-13  3.4564E-13  7.0183E-05
 5.1978E+25  4.5293E-05  9.9995E-01  7.0432E+03  8.1828E-05  9.9454E-13  3.4565E-13  6.9684E-05
 5.2071E+25  4.5654E-05  9.9995E-01  7.0431E+03  8.1828E-05  9.8673E-13  3.4565E-13  6.9187E-05
 5.2163E+25  4.6030E-05  9.9995E-01  7.0430E+03  8.1828E-05  9.7866E-13  3.4565E-13  6.8695E-05
 5.2256E+25  4.6390E-05  9.9995E-01  7.0430E+03  8.1828E-05  9.7089E-13  3.4565E-13  6.8226E-05
 5.2349E+25  4.6002E-05  9.9995E-01  7.0429E+03  8.1828E-05  9.7837E-13  3.4566E-13  6.7760E-05
 5.2441E+25  4.6313E-05  9.9995E-01  7.0429E+03  8.1828E-05  9.7268E-13  3.4566E-13  6.7298E-05
 5.2534E+25  4.6677E-05  9.9995E-01  7.0428E+03  8.1828E-05  9.6512E-13  3.4566E-13  6.6834E-05
 5.2626E+25  4.7058E-05  9.9995E-01  7.0427E+03  8.1828E-05  9.5731E-13  3.4566E-13  6.6370E-05
 5.2719E+25  4.7340E-05  9.9995E-01  7.0427E+03  8.1828E-05  9.5054E-13  3.4567E-13  6.5910E-05
 5.2811E+25  4.6973E-05  9.9995E-01  7.0426E+03  8.1828E-05  9.5905E-13  3.4567E-13  6.5450E-05
 5.2904E+25  4.7345E-05  9.9995E-01  7.0425E+03  8.1828E-05  9.5150E-13  3.4567E-13  6.4992E-05
 5.2997E+25  4.7713E-05  9.9995E-01  7.0425E+03  8.1828E-05  9.4420E-13  3.4567E-13  6.4537E-05
 5.3089E+25  4.8098E-05  9.9995E-01  7.0424E+03  8.1828E-05  9.3664E-13  3.4568E-13  6.4088E-05
 5.3182E+25  4.8272E-05  9.9995E-01  7.0423E+03  8.1828E-05  9.3221E-13  3.4568E-13  6.3641E-05
 5.3274E+25  4.8013E-05  9.9995E-01  7.0423E+03  8.1828E-05  9.3832E-13  3.4568E-13  6.3199E-05
 5.3367E+25  4.8391E-05  9.9995E-01  7.0422E+03  8.1828E-05  9.3098E-13  3.4568E-13  6.2776E-05
 5.3459E+25  4.8761E-05  9.9995E-01  7.0422E+03  8.1828E-05  9.2391E-13  3.4569E-13  6.2359E-05
 5.3552E+25  4.9151E-05  9.9995E-01  7.0421E+03  8.1828E-05  9.1661E-13  3.4569E-13  6.1943E-05
 5.3645E+25  4.9244E-05  9.9995E-01  7.0420E+03  8.1828E-05  9.1384E-13  3.4569E-13  6.1527E-05
 5.3737E+25  4.9064E-05  9.9995E-01  7.0420E+03  8.1828E-05  9.1824E-13  3.4569E-13  6.1110E-05
 5.3830E+25  4.9449E-05  9.9995E-01  7.0419E+03  8.1828E-05  9.1109E-13  3.4570E-13  6.0696E-05
 5.3922E+25  4.9824E-05  9.9995E-01  7.0419E+03  8.1828E-05  9.0422E-13  3.4570E-13  6.0283E-05
 5.4015E+25  5.0216E-05  9.9995E-01  7.0418E+03  8.1828E-05  8.9719E-13  3.4570E-13  5.9872E-05
 5.4107E+25  5.0255E-05  9.9995E-01  7.0418E+03  8.1828E-05  8.9547E-13  3.4570E-13  5.9461E-05
 5.4200E+25  5.0129E-05  9.9995E-01  7.0417E+03  8.1828E-05  8.9876E-13  3.4570E-13  5.9057E-05
 5.4292E+25  5.0520E-05  9.9995E-01  7.0417E+03  8.1828E-05  8.9180E-13  3.4571E-13  5.8654E-05
 5.4385E+25  5.0901E-05  9.9995E-01  7.0416E+03  8.1828E-05  8.8510E-13  3.4571E-13  5.8254E-05
 5.4478E+25  5.1293E-05  9.9995E-01  7.0415E+03  8.1828E-05  8.7839E-13  3.4571E-13  5.7869E-05
 5.4570E+25  5.1306E-05  9.9995E-01  7.0415E+03  8.1828E-05  8.7717E-13  3.4571E-13  5.7494E-05
 5.4663E+25  5.1209E-05  9.9995E-01  7.0414E+03  8.1828E-05  8.7979E-13  3.4572E-13  5.7121E-05
 5.4755E+25  5.1604E-05  9.9995E-01  7.0414E+03  8.1828E-05  8.7309E-13  3.4572E-13  5.6747E-05
 5.4848E+25  5.1993E-05  9.9995E-01  7.0413E+03  8.1828E-05  8.6654E-13  3.4572E-13  5.6373E-05
 5.4940E+25  5.2383E-05  9.9995E-01  7.0413E+03  8.1828E-05  8.6012E-13  3.4572E-13  5.6000E-05
 5.5033E+25  5.2397E-05  9.9995E-01  7.0412E+03  8.1828E-05  8.5894E-13  3.4572E-13  5.5629E-05
 5.5126E+25  5.2307E-05  9.9995E-01  7.0412E+03  8.1828E-05  8.6135E-13  3.4573E-13  5.5259E-05
 5.5218E+25  5.2702E-05  9.9995E-01  7.0411E+03  8.1828E-05  8.5492E-13  3.4573E-13  5.4889E-05
 5.5311E+25  5.3098E-05  9.9995E-01  7.0411E+03  8.1828E-05  8.4853E-13  3.4573E-13  5.4523E-05
 5.5403E+25  5.3489E-05  9.9995E-01  7.0410E+03  8.1828E-05  8.4235E-13  3.4573E-13  5.4161E-05
 5.5496E+25  5.3530E-05  9.9995E-01  7.0409E+03  8.1828E-05  8.4078E-13  3.4573E-13  5.3799E-05
 5.5588E+25  5.3420E-05  9.9995E-01  7.0409E+03  8.1828E-05  8.4342E-13  3.4574E-13  5.3442E-05
 5.5681E+25  5.3813E-05  9.9995E-01  7.0408E+03  8.1828E-05  8.3731E-13  3.4574E-13  5.3101E-05
 5.5774E+25  5.4218E-05  9.9995E-01  7.0408E+03  8.1828E-05  8.3104E-13  3.4574E-13  5.2765E-05
 5.5866E+25  5.4613E-05  9.9995E-01  7.0407E+03  8.1828E-05  8.2501E-13  3.4574E-13  5.2430E-05
 5.5959E+25  5.4706E-05  9.9995E-01  7.0407E+03  8.1828E-05  8.2273E-13  3.4574E-13  5.2095E-05
 5.6051E+25  5.4548E-05  9.9995E-01  7.0406E+03  8.1828E-05  8.2603E-13  3.4575E-13  5.1760E-05
 5.6144E+25  5.4938E-05  9.9995E-01  7.0406E+03  8.1828E-05  8.2015E-13  3.4575E-13  5.1426E-05
 5.6236E+25  5.5350E-05  9.9994E-01  7.0405E+03  8.1828E-05  8.1406E-13  3.4575E-13  5.1093E-05
 5.6329E+25  5.5755E-05  9.9994E-01  7.0405E+03  8.1828E-05  8.0814E-13  3.4575E-13  5.0760E-05
 5.6422E+25  5.5925E-05  9.9994E-01  7.0404E+03  8.1828E-05  8.0482E-13  3.4575E-13  5.0429E-05
 5.6514E+25  5.5686E-05  9.9994E-01  7.0404E+03  8.1828E-05  8.0917E-13  3.4576E-13  5.0100E-05
 5.6607E+25  5.6088E-05  9.9994E-01  7.0403E+03  8.1828E-05  8.0336E-13  3.4576E-13  4.9775E-05
 5.6699E+25  5.6498E-05  9.9994E-01  7.0403E+03  8.1828E-05  7.9756E-13  3.4576E-13  4.9450E-05
 5.6792E+25  5.6910E-05  9.9994E-01  7.0402E+03  8.1828E-05  7.9176E-13  3.4576E-13  4.9129E-05
 5.6884E+25  5.7193E-05  9.9994E-01  7.0402E+03  8.1828E-05  7.8697E-13  3.4576E-13  4.8823E-05
 5.6977E+25  5.6839E-05  9.9994E-01  7.0402E+03  8.1828E-05  7.9277E-13  3.4577E-13  4.8520E-05
 5.7070E+25  5.7254E-05  9.9994E-01  7.0401E+03  8.1828E-05  7.8700E-13  3.4577E-13  4.8220E-05
 5.7162E+25  5.7657E-05  9.9994E-01  7.0401E+03  8.1828E-05  7.8155E-13  3.4577E-13  4.7920E-05
 5.7255E+25  5.8080E-05  9.9994E-01  7.0400E+03  8.1828E-05  7.7584E-13  3.4577E-13  4.7619E-05
 5.7347E+25  5.8477E-05  9.9994E-01  7.0400E+03  8.1828E-05  7.7032E-13  3.4577E-13  4.7319E-05
 5.7440E+25  5.8044E-05  9.9994E-01  7.0399E+03  8.1828E-05  7.7573E-13  3.4578E-13  4.7020E-05
 5.7532E+25  5.8431E-05  9.9994E-01  7.0399E+03  8.1828E-05  7.7120E-13  3.4578E-13  4.6722E-05
 5.7625E+25  5.8841E-05  9.9994E-01  7.0398E+03  8.1828E-05  7.6580E-13  3.4578E-13  4.6425E-05
 5.7718E+25  5.9265E-05  9.9994E-01  7.0398E+03  8.1828E-05  7.6036E-13  3.4578E-13  4.6129E-05
 5.7810E+25  5.9686E-05  9.9994E-01  7.0397E+03  8.1828E-05  7.5496E-13  3.4578E-13  4.5836E-05
 5.7903E+25  5.9389E-05  9.9994E-01  7.0397E+03  8.1828E-05  7.5794E-13  3.4578E-13  4.5544E-05
 5.7995E+25  5.9622E-05  9.9994E-01  7.0396E+03  8.1828E-05  7.5582E-13  3.4579E-13  4.5253E-05
 5.8088E+25  6.0048E-05  9.9994E-01  7.0396E+03  8.1828E-05  7.5042E-13  3.4579E-13  4.4973E-05
 5.8180E+25  6.0461E-05  9.9994E-01  7.0396E+03  8.1828E-05  7.4533E-13  3.4579E-13  4.4701E-05
 5.8273E+25  6.0896E-05  9.9994E-01  7.0395E+03  8.1828E-05  7.4000E-13  3.4579E-13  4.4431E-05
 5.8366E+25  6.0804E-05  9.9994E-01  7.0395E+03  8.1828E-05  7.4029E-13  3.4579E-13  4.4163E-05
 5.8458E+25  6.0828E-05  9.9994E-01  7.0394E+03  8.1828E-05  7.4084E-13  3.4579E-13  4.3893E-05
 5.8551E+25  6.1264E-05  9.9994E-01  7.0394E+03  8.1828E-05  7.3558E-13  3.4580E-13  4.3623E-05
 5.8643E+25  6.1687E-05  9.9994E-01  7.0393E+03  8.1828E-05  7.3051E-13  3.4580E-13  4.3355E-05
 5.8736E+25  6.2119E-05  9.9994E-01  7.0393E+03  8.1828E-05  7.2546E-13  3.4580E-13  4.3088E-05
 5.8828E+25  6.2265E-05  9.9994E-01  7.0393E+03  8.1828E-05  7.2294E-13  3.4580E-13  4.2821E-05
 5.8921E+25  6.2061E-05  9.9994E-01  7.0392E+03  8.1828E-05  7.2612E-13  3.4580E-13  4.2554E-05
 5.9014E+25  6.2494E-05  9.9994E-01  7.0392E+03  8.1828E-05  7.2111E-13  3.4581E-13  4.2290E-05
 5.9106E+25  6.2935E-05  9.9994E-01  7.0391E+03  8.1828E-05  7.1606E-13  3.4581E-13  4.2027E-05
 5.9199E+25  6.3356E-05  9.9994E-01  7.0391E+03  8.1828E-05  7.1129E-13  3.4581E-13  4.1765E-05
 5.9291E+25  6.3763E-05  9.9994E-01  7.0390E+03  8.1828E-05  7.0632E-13  3.4581E-13  4.1505E-05
 5.9384E+25  6.3328E-05  9.9994E-01  7.0390E+03  8.1828E-05  7.1128E-13  3.4581E-13  4.1257E-05
 5.9476E+25  6.3744E-05  9.9994E-01  7.0390E+03  8.1828E-05  7.0697E-13  3.4581E-13  4.1013E-05
 5.9569E+25  6.4188E-05  9.9994E-01  7.0389E+03  8.1828E-05  7.0209E-13  3.4582E-13  4.0771E-05
 5.9662E+25  6.4629E-05  9.9994E-01  7.0389E+03  8.1828E-05  6.9728E-13  3.4582E-13  4.0531E-05
 5.9754E+25  6.5064E-05  9.9993E-01  7.0388E+03  8.1828E-05  6.9265E-13  3.4582E-13  4.0289E-05
 5.9847E+25  6.4850E-05  9.9994E-01  7.0388E+03  8.1828E-05  6.9418E-13  3.4582E-13  4.0048E-05
 5.9939E+25  6.5026E-05  9.9993E-01  7.0388E+03  8.1828E-05  6.9303E-13  3.4582E-13  3.9807E-05
 6.0032E+25  6.5461E-05  9.9993E-01  7.0387E+03  8.1828E-05  6.8846E-13  3.4582E-13  3.9568E-05
 6.0124E+25  6.5914E-05  9.9993E-01  7.0387E+03  8.1828E-05  6.8373E-13  3.4582E-13  3.9328E-05
 6.0217E+25  6.6354E-05  9.9993E-01  7.0386E+03  8.1828E-05  6.7918E-13  3.4583E-13  3.9089E-05
 6.0310E+25  6.6457E-05  9.9993E-01  7.0386E+03  8.1828E-05  6.7742E-13  3.4583E-13  3.8852E-05
 6.0402E+25  6.6324E-05  9.9993E-01  7.0386E+03  8.1828E-05  6.7950E-13  3.4583E-13  3.8616E-05
 6.0495E+25  6.6765E-05  9.9993E-01  7.0385E+03  8.1828E-05  6.7501E-13  3.4583E-13  3.8381E-05
 6.0587E+25  6.7212E-05  9.9993E-01  7.0385E+03  8.1828E-05  6.7054E-13  3.4583E-13  3.8147E-05
 6.0680E+25  6.7671E-05  9.9993E-01  7.0384E+03  8.1828E-05  6.6600E-13  3.4583E-13  3.7923E-05
 6.0772E+25  6.8083E-05  9.9993E-01  7.0384E+03  8.1828E-05  6.6168E-13  3.4584E-13  3.7704E-05
 6.0865E+25  6.7669E-05  9.9993E-01  7.0384E+03  8.1828E-05  6.6557E-13  3.4584E-13  3.7487E-05
 6.0958E+25  6.8091E-05  9.9993E-01  7.0383E+03  8.1828E-05  6.6189E-13  3.4584E-13  3.7272E-05
 6.1050E+25  6.8537E-05  9.9993E-01  7.0383E+03  8.1828E-05  6.5757E-13  3.4584E-13  3.7055E-05
 6.1143E+25  6.8994E-05  9.9993E-01  7.0382E+03  8.1828E-05  6.5324E-13  3.4584E-13  3.6839E-05
 6.1235E+25  6.9458E-05  9.9993E-01  7.0382E+03  8.1828E-05  6.4885E-13  3.4584E-13  3.6623E-05
 6.1328E+25  6.9346E-05  9.9993E-01  7.0382E+03  8.1828E-05  6.4922E-13  3.4585E-13  3.6408E-05
 6.1420E+25  6.9436E-05  9.9993E-01  7.0381E+03  8.1828E-05  6.4908E-13  3.4585E-13  3.6194E-05
 6.1513E+25  6.9892E-05  9.9993E-01  7.0381E+03  8.1828E-05  6.4485E-13  3.4585E-13  3.5979E-05
 6.1606E+25  7.0343E-05  9.9993E-01  7.0381E+03  8.1828E-05  6.4070E-13  3.4585E-13  3.5766E-05
 6.1698E+25  7.0810E-05  9.9993E-01  7.0380E+03  8.1828E-05  6.3650E-13  3.4585E-13  3.5554E-05
 6.1791E+25  7.1122E-05  9.9993E-01  7.0380E+03  8.1828E-05  6.3300E-13  3.4585E-13  3.5342E-05
 6.1883E+25  7.0797E-05  9.9993E-01  7.0379E+03  8.1828E-05  6.3663E-13  3.4585E-13  3.5132E-05
 6.1976E+25  7.1265E-05  9.9993E-01  7.0379E+03  8.1828E-05  6.3243E-13  3.4586E-13  3.4925E-05
 6.2068E+25  7.1727E-05  9.9993E-01  7.0379E+03  8.1828E-05  6.2836E-13  3.4586E-13  3.4727E-05
 6.2161E+25  7.2185E-05  9.9993E-01  7.0378E+03  8.1828E-05  6.2438E-13  3.4586E-13  3.4531E-05
 6.2254E+25  7.2658E-05  9.9993E-01  7.0378E+03  8.1828E-05  6.2031E-13  3.4586E-13  3.4338E-05
 6.2346E+25  7.2470E-05  9.9993E-01  7.0378E+03  8.1828E-05  6.2125E-13  3.4586E-13  3.4145E-05
 6.2439E+25  7.2656E-05  9.9993E-01  7.0377E+03  8.1828E-05  6.2036E-13  3.4586E-13  3.3951E-05
 6.2531E+25  7.3129E-05  9.9993E-01  7.0377E+03  8.1828E-05  6.1633E-13  3.4586E-13  3.3758E-05
 6.2624E+25  7.3598E-05  9.9993E-01  7.0376E+03  8.1828E-05  6.1240E-13  3.4587E-13  3.3565E-05
 6.2716E+25  7.4063E-05  9.9993E-01  7.0376E+03  8.1828E-05  6.0856E-13  3.4587E-13  3.3372E-05
 6.2809E+25  7.4344E-05  9.9993E-01  7.0376E+03  8.1828E-05  6.0562E-13  3.4587E-13  3.3180E-05
 6.2902E+25  7.4079E-05  9.9993E-01  7.0375E+03  8.1828E-05  6.0842E-13  3.4587E-13  3.2988E-05
 6.2994E+25  7.4550E-05  9.9993E-01  7.0375E+03  8.1828E-05  6.0460E-13  3.4587E-13  3.2797E-05
 6.3087E+25  7.5028E-05  9.9992E-01  7.0375E+03  8.1828E-05  6.0074E-13  3.4587E-13  3.2607E-05
 6.3179E+25  7.5506E-05  9.9992E-01  7.0374E+03  8.1828E-05  5.9694E-13  3.4587E-13  3.2418E-05
 6.3272E+25  7.5976E-05  9.9992E-01  7.0374E+03  8.1828E-05  5.9325E-13  3.4588E-13  3.2229E-05
 6.3364E+25  7.5814E-05  9.9992E-01  7.0374E+03  8.1828E-05  5.9390E-13  3.4588E-13  3.2044E-05
 6.3457E+25  7.6001E-05  9.9992E-01  7.0373E+03  8.1828E-05  5.9304E-13  3.4588E-13  3.1867E-05
 6.3550E+25  7.6482E-05  9.9992E-01  7.0373E+03  8.1828E-05  5.8935E-13  3.4588E-13  3.1691E-05
 6.3642E+25  7.6965E-05  9.9992E-01  7.0372E+03  8.1828E-05  5.8563E-13  3.4588E-13  3.1518E-05
 6.3735E+25  7.7451E-05  9.9992E-01  7.0372E+03  8.1828E-05  5.8197E-13  3.4588E-13  3.1346E-05
 6.3827E+25  7.7789E-05  9.9992E-01  7.0372E+03  8.1828E-05  5.7883E-13  3.4588E-13  3.1172E-05
 6.3920E+25  7.7485E-05  9.9992E-01  7.0372E+03  8.1828E-05  5.8172E-13  3.4589E-13  3.0999E-05
 6.4012E+25  7.7963E-05  9.9992E-01  7.0371E+03  8.1828E-05  5.7813E-13  3.4589E-13  3.0826E-05
 6.4105E+25  7.8451E-05  9.9992E-01  7.0371E+03  8.1828E-05  5.7457E-13  3.4589E-13  3.0654E-05
 6.4198E+25  7.8941E-05  9.9992E-01  7.0370E+03  8.1828E-05  5.7098E-13  3.4589E-13  3.0482E-05
 6.4290E+25  7.9433E-05  9.9992E-01  7.0370E+03  8.1828E-05  5.6745E-13  3.4589E-13  3.0310E-05
 6.4383E+25  7.9383E-05  9.9992E-01  7.0370E+03  8.1828E-05  5.6722E-13  3.4589E-13  3.0139E-05
 6.4475E+25  7.9479E-05  9.9992E-01  7.0369E+03  8.1828E-05  5.6713E-13  3.4589E-13  2.9968E-05
 6.4568E+25  7.9966E-05  9.9992E-01  7.0369E+03  8.1828E-05  5.6367E-13  3.4590E-13  2.9798E-05
 6.4660E+25  8.0459E-05  9.9992E-01  7.0369E+03  8.1828E-05  5.6024E-13  3.4590E-13  2.9629E-05
 6.4753E+25  8.0957E-05  9.9992E-01  7.0368E+03  8.1828E-05  5.5678E-13  3.4590E-13  2.9460E-05
 6.4846E+25  8.1432E-05  9.9992E-01  7.0368E+03  8.1828E-05  5.5338E-13  3.4590E-13  2.9300E-05
 6.4938E+25  8.1066E-05  9.9992E-01  7.0368E+03  8.1828E-05  5.5562E-13  3.4590E-13  2.9142E-05
 6.5031E+25  8.1514E-05  9.9992E-01  7.0367E+03  8.1828E-05  5.5299E-13  3.4590E-13  2.8986E-05
 6.5123E+25  8.2009E-05  9.9992E-01  7.0367E+03  8.1828E-05  5.4963E-13  3.4590E-13  2.8832E-05
 6.5216E+25  8.2506E-05  9.9992E-01  7.0366E+03  8.1828E-05  5.4635E-13  3.4591E-13  2.8677E-05
 6.5308E+25  8.3013E-05  9.9992E-01  7.0366E+03  8.1828E-05  5.4300E-13  3.4591E-13  2.8522E-05
 6.5401E+25  8.3200E-05  9.9992E-01  7.0366E+03  8.1828E-05  5.4124E-13  3.4591E-13  2.8367E-05
 6.5494E+25  8.3090E-05  9.9992E-01  7.0366E+03  8.1828E-05  5.4249E-13  3.4591E-13  2.8213E-05
 6.5586E+25  8.3591E-05  9.9992E-01  7.0365E+03  8.1828E-05  5.3926E-13  3.4591E-13  2.8059E-05
 6.5679E+25  8.4095E-05  9.9992E-01  7.0365E+03  8.1828E-05  5.3601E-13  3.4591E-13  2.7905E-05
 6.5771E+25  8.4595E-05  9.9992E-01  7.0364E+03  8.1828E-05  5.3287E-13  3.4591E-13  2.7751E-05
 6.5864E+25  8.5111E-05  9.9991E-01  7.0364E+03  8.1828E-05  5.2962E-13  3.4591E-13  2.7598E-05
 6.5956E+25  8.4987E-05  9.9992E-01  7.0364E+03  8.1828E-05  5.2988E-13  3.4592E-13  2.7445E-05
 6.6049E+25  8.5207E-05  9.9991E-01  7.0364E+03  8.1828E-05  5.2902E-13  3.4592E-13  2.7293E-05
 6.6142E+25  8.5710E-05  9.9991E-01  7.0363E+03  8.1828E-05  5.2594E-13  3.4592E-13  2.7142E-05
 6.6234E+25  8.6224E-05  9.9991E-01  7.0363E+03  8.1828E-05  5.2280E-13  3.4592E-13  2.6991E-05
 6.6327E+25  8.6727E-05  9.9991E-01  7.0362E+03  8.1828E-05  5.1978E-13  3.4592E-13  2.6849E-05
 6.6419E+25  8.7217E-05  9.9991E-01  7.0362E+03  8.1828E-05  5.1664E-13  3.4592E-13  2.6708E-05
 6.6512E+25  8.6880E-05  9.9991E-01  7.0362E+03  8.1828E-05  5.1855E-13  3.4592E-13  2.6568E-05
 6.6604E+25  8.7369E-05  9.9991E-01  7.0362E+03  8.1828E-05  5.1595E-13  3.4592E-13  2.6430E-05
 6.6697E+25  8.7875E-05  9.9991E-01  7.0361E+03  8.1828E-05  5.1298E-13  3.4593E-13  2.6292E-05
 6.6789E+25  8.8396E-05  9.9991E-01  7.0361E+03  8.1828E-05  5.0997E-13  3.4593E-13  2.6153E-05
 6.6882E+25  8.8905E-05  9.9991E-01  7.0361E+03  8.1828E-05  5.0705E-13  3.4593E-13  2.6015E-05
 6.6975E+25  8.9163E-05  9.9991E-01  7.0360E+03  8.1828E-05  5.0509E-13  3.4593E-13  2.5876E-05
 6.7067E+25  8.9050E-05  9.9991E-01  7.0360E+03  8.1828E-05  5.0622E-13  3.4593E-13  2.5739E-05
 6.7160E+25  8.9575E-05  9.9991E-01  7.0360E+03  8.1828E-05  5.0326E-13  3.4593E-13  2.5601E-05
 6.7252E+25  9.0087E-05  9.9991E-01  7.0359E+03  8.1828E-05  5.0040E-13  3.4593E-13  2.5463E-05
 6.7345E+25  9.0612E-05  9.9991E-01  7.0359E+03  8.1828E-05  4.9751E-13  3.4594E-13  2.5326E-05
 6.7437E+25  9.1129E-05  9.9991E-01  7.0359E+03  8.1828E-05  4.9468E-13  3.4594E-13  2.5190E-05
 6.7530E+25  9.1153E-05  9.9991E-01  7.0358E+03  8.1828E-05  4.9408E-13  3.4594E-13  2.5053E-05
 6.7623E+25  9.1295E-05  9.9991E-01  7.0358E+03  8.1828E-05  4.9378E-13  3.4594E-13  2.4918E-05
 6.7715E+25  9.1826E-05  9.9991E-01  7.0358E+03  8.1828E-05  4.9094E-13  3.4594E-13  2.4782E-05
 6.7808E+25  9.2347E-05  9.9991E-01  7.0357E+03  8.1828E-05  4.8816E-13  3.4594E-13  2.4653E-05
 6.7900E+25  9.2874E-05  9.9991E-01  7.0357E+03  8.1828E-05  4.8540E-13  3.4594E-13  2.4526E-05
 6.7993E+25  9.3397E-05  9.9991E-01  7.0357E+03  8.1828E-05  4.8264E-13  3.4594E-13  2.4401E-05
 6.8085E+25  9.3221E-05  9.9991E-01  7.0356E+03  8.1828E-05  4.8317E-13  3.4595E-13  2.4278E-05
 6.8178E+25  9.3590E-05  9.9991E-01  7.0356E+03  8.1828E-05  4.8169E-13  3.4595E-13  2.4154E-05
 6.8271E+25  9.4121E-05  9.9991E-01  7.0356E+03  8.1828E-05  4.7898E-13  3.4595E-13  2.4030E-05
 6.8363E+25  9.4658E-05  9.9991E-01  7.0355E+03  8.1828E-05  4.7625E-13  3.4595E-13  2.3906E-05
 6.8456E+25  9.5186E-05  9.9990E-01  7.0355E+03  8.1828E-05  4.7362E-13  3.4595E-13  2.3782E-05
 6.8548E+25  9.5679E-05  9.9990E-01  7.0355E+03  8.1828E-05  4.7095E-13  3.4595E-13  2.3659E-05
 6.8641E+25  9.5401E-05  9.9990E-01  7.0354E+03  8.1828E-05  4.7234E-13  3.4595E-13  2.3536E-05
 6.8733E+25  9.5931E-05  9.9990E-01  7.0354E+03  8.1828E-05  4.6995E-13  3.4595E-13  2.3413E-05
 6.8826E+25  9.6468E-05  9.9990E-01  7.0354E+03  8.1828E-05  4.6733E-13  3.4596E-13  2.3290E-05
 6.8919E+25  9.7016E-05  9.9990E-01  7.0353E+03  8.1828E-05  4.6469E-13  3.4596E-13  2.3167E-05
 6.9011E+25  9.7550E-05  9.9990E-01  7.0353E+03  8.1828E-05  4.6215E-13  3.4596E-13  2.3045E-05
 6.9104E+25  9.7898E-05  9.9990E-01  7.0353E+03  8.1828E-05  4.6008E-13  3.4596E-13  2.2923E-05
 6.9196E+25  9.7770E-05  9.9990E-01  7.0353E+03  8.1828E-05  4.6111E-13  3.4596E-13  2.2802E-05
 6.9289E+25  9.8320E-05  9.9990E-01  7.0352E+03  8.1828E-05  4.5854E-13  3.4596E-13  2.2681E-05
 6.9381E+25  9.8869E-05  9.9990E-01  7.0352E+03  8.1828E-05  4.5599E-13  3.4596E-13  2.2567E-05
 6.9474E+25  9.9421E-05  9.9990E-01  7.0351E+03  8.1828E-05  4.5347E-13  3.4597E-13  2.2454E-05
 6.9567E+25  9.9968E-05  9.9990E-01  7.0351E+03  8.1828E-05  4.5097E-13  3.4597E-13  2.2342E-05
 6.9659E+25  1.0017E-04  9.9990E-01  7.0351E+03  8.1828E-05  4.4964E-13  3.4597E-13  2.2232E-05
 6.9752E+25  1.0021E-04  9.9990E-01  7.0351E+03  8.1828E-05  4.4988E-13  3.4597E-13  2.2122E-05
 6.9844E+25  1.0076E-04  9.9990E-01  7.0350E+03  8.1828E-05  4.4744E-13  3.4597E-13  2.2011E-05
 6.9937E+25  1.0132E-04  9.9990E-01  7.0350E+03  8.1828E-05  4.4496E-13  3.4597E-13  2.1900E-05
 7.0029E+25  1.0188E-04  9.9990E-01  7.0349E+03  8.1828E-05  4.4255E-13  3.4597E-13  2.1789E-05
 7.0122E+25  1.0244E-04  9.9990E-01  7.0349E+03  8.1828E-05  4.4011E-13  3.4597E-13  2.1679E-05
 7.0215E+25  1.0253E-04  9.9990E-01  7.0349E+03  8.1828E-05  4.3932E-13  3.4597E-13  2.1569E-05
 7.0307E+25  1.0271E-04  9.9990E-01  7.0349E+03  8.1828E-05  4.3895E-13  3.4598E-13  2.1459E-05
 7.0400E+25  1.0326E-04  9.9990E-01  7.0348E+03  8.1828E-05  4.3662E-13  3.4598E-13  2.1349E-05
 7.0492E+25  1.0383E-04  9.9990E-01  7.0348E+03  8.1828E-05  4.3425E-13  3.4598E-13  2.1239E-05
 7.0585E+25  1.0439E-04  9.9990E-01  7.0347E+03  8.1828E-05  4.3190E-13  3.4598E-13  2.1130E-05
 7.0677E+25  1.0496E-04  9.9990E-01  7.0347E+03  8.1828E-05  4.2957E-13  3.4598E-13  2.1021E-05
 7.0770E+25  1.0497E-04  9.9990E-01  7.0347E+03  8.1828E-05  4.2912E-13  3.4598E-13  2.0912E-05
 7.0863E+25  1.0526E-04  9.9989E-01  7.0347E+03  8.1828E-05  4.2833E-13  3.4598E-13  2.0804E-05
 7.0955E+25  1.0582E-04  9.9989E-01  7.0346E+03  8.1828E-05  4.2608E-13  3.4599E-13  2.0701E-05
 7.1048E+25  1.0638E-04  9.9989E-01  7.0346E+03  8.1828E-05  4.2382E-13  3.4599E-13  2.0600E-05
 7.1140E+25  1.0696E-04  9.9989E-01  7.0345E+03  8.1828E-05  4.2155E-13  3.4599E-13  2.0499E-05
 7.1233E+25  1.0752E-04  9.9989E-01  7.0345E+03  8.1828E-05  4.1930E-13  3.4599E-13  2.0401E-05
 7.1325E+25  1.0749E-04  9.9989E-01  7.0345E+03  8.1828E-05  4.1910E-13  3.4599E-13  2.0302E-05
 7.1418E+25  1.0787E-04  9.9989E-01  7.0345E+03  8.1828E-05  4.1798E-13  3.4599E-13  2.0203E-05
 7.1511E+25  1.0843E-04  9.9989E-01  7.0344E+03  8.1828E-05  4.1580E-13  3.4599E-13  2.0104E-05
 7.1603E+25  1.0900E-04  9.9989E-01  7.0344E+03  8.1828E-05  4.1365E-13  3.4600E-13  2.0005E-05
 7.1696E+25  1.0958E-04  9.9989E-01  7.0343E+03  8.1828E-05  4.1147E-13  3.4600E-13  1.9907E-05
 7.1788E+25  1.1015E-04  9.9989E-01  7.0343E+03  8.1828E-05  4.0930E-13  3.4600E-13  1.9809E-05
 7.1881E+25  1.1009E-04  9.9989E-01  7.0343E+03  8.1828E-05  4.0926E-13  3.4600E-13  1.9710E-05
 7.1973E+25  1.1054E-04  9.9989E-01  7.0343E+03  8.1828E-05  4.0788E-13  3.4600E-13  1.9612E-05
 7.2066E+25  1.1111E-04  9.9989E-01  7.0342E+03  8.1828E-05  4.0580E-13  3.4600E-13  1.9514E-05
 7.2159E+25  1.1168E-04  9.9989E-01  7.0342E+03  8.1828E-05  4.0373E-13  3.4600E-13  1.9416E-05
 7.2251E+25  1.1226E-04  9.9989E-01  7.0341E+03  8.1828E-05  4.0166E-13  3.4601E-13  1.9318E-05
 7.2344E+25  1.1283E-04  9.9989E-01  7.0341E+03  8.1828E-05  3.9957E-13  3.4601E-13  1.9220E-05
 7.2436E+25  1.1277E-04  9.9989E-01  7.0341E+03  8.1828E-05  3.9959E-13  3.4601E-13  1.9123E-05
 7.2529E+25  1.1327E-04  9.9989E-01  7.0341E+03  8.1828E-05  3.9807E-13  3.4601E-13  1.9028E-05
 7.2621E+25  1.1384E-04  9.9989E-01  7.0340E+03  8.1828E-05  3.9605E-13  3.4601E-13  1.8936E-05
 7.2714E+25  1.1442E-04  9.9989E-01  7.0340E+03  8.1828E-05  3.9407E-13  3.4601E-13  1.8846E-05
 7.2807E+25  1.1500E-04  9.9989E-01  7.0339E+03  8.1828E-05  3.9208E-13  3.4601E-13  1.8756E-05
 7.2899E+25  1.1557E-04  9.9988E-01  7.0339E+03  8.1828E-05  3.9008E-13  3.4601E-13  1.8669E-05
 7.2992E+25  1.1552E-04  9.9988E-01  7.0339E+03  8.1828E-05  3.9011E-13  3.4601E-13  1.8580E-05
 7.3084E+25  1.1605E-04  9.9988E-01  7.0338E+03  8.1828E-05  3.8853E-13  3.4602E-13  1.8492E-05
 7.3177E+25  1.1664E-04  9.9988E-01  7.0338E+03  8.1828E-05  3.8656E-13  3.4602E-13  1.8404E-05
 7.3269E+25  1.1722E-04  9.9988E-01  7.0338E+03  8.1828E-05  3.8464E-13  3.4602E-13  1.8315E-05
 7.3362E+25  1.1781E-04  9.9988E-01  7.0337E+03  8.1828E-05  3.8274E-13  3.4602E-13  1.8228E-05
 7.3455E+25  1.1837E-04  9.9988E-01  7.0337E+03  8.1828E-05  3.8084E-13  3.4602E-13  1.8140E-05
 7.3547E+25  1.1835E-04  9.9988E-01  7.0337E+03  8.1828E-05  3.8080E-13  3.4602E-13  1.8052E-05
 7.3640E+25  1.1890E-04  9.9988E-01  7.0336E+03  8.1828E-05  3.7924E-13  3.4602E-13  1.7964E-05
 7.3732E+25  1.1950E-04  9.9988E-01  7.0336E+03  8.1828E-05  3.7733E-13  3.4603E-13  1.7876E-05
 7.3825E+25  1.2009E-04  9.9988E-01  7.0336E+03  8.1828E-05  3.7546E-13  3.4603E-13  1.7789E-05
 7.3917E+25  1.2068E-04  9.9988E-01  7.0335E+03  8.1828E-05  3.7364E-13  3.4603E-13  1.7701E-05
 7.4010E+25  1.2125E-04  9.9988E-01  7.0335E+03  8.1828E-05  3.7181E-13  3.4603E-13  1.7614E-05
 7.4103E+25  1.2125E-04  9.9988E-01  7.0335E+03  8.1828E-05  3.7169E-13  3.4603E-13  1.7527E-05
 7.4195E+25  1.2181E-04  9.9988E-01  7.0334E+03  8.1828E-05  3.7020E-13  3.4603E-13  1.7441E-05
 7.4288E+25  1.2242E-04  9.9988E-01  7.0334E+03  8.1828E-05  3.6835E-13  3.4603E-13  1.7359E-05
 7.4380E+25  1.2303E-04  9.9988E-01  7.0333E+03  8.1828E-05  3.6652E-13  3.4604E-13  1.7278E-05
 7.4473E+25  1.2362E-04  9.9988E-01  7.0333E+03  8.1828E-05  3.6475E-13  3.4604E-13  1.7197E-05
 7.4565E+25  1.2420E-04  9.9988E-01  7.0333E+03  8.1828E-05  3.6301E-13  3.4604E-13  1.7119E-05
 7.4658E+25  1.2424E-04  9.9988E-01  7.0333E+03  8.1828E-05  3.6276E-13  3.4604E-13  1.7041E-05
 7.4751E+25  1.2478E-04  9.9988E-01  7.0332E+03  8.1828E-05  3.6137E-13  3.4604E-13  1.6962E-05
 7.4843E+25  1.2540E-04  9.9987E-01  7.0332E+03  8.1828E-05  3.5961E-13  3.4604E-13  1.6883E-05
 7.4936E+25  1.2602E-04  9.9987E-01  7.0331E+03  8.1828E-05  3.5783E-13  3.4605E-13  1.6804E-05
 7.5028E+25  1.2663E-04  9.9987E-01  7.0331E+03  8.1828E-05  3.5610E-13  3.4605E-13  1.6725E-05
 7.5121E+25  1.2722E-04  9.9987E-01  7.0331E+03  8.1828E-05  3.5441E-13  3.4605E-13  1.6647E-05
 7.5213E+25  1.2730E-04  9.9987E-01  7.0331E+03  8.1828E-05  3.5403E-13  3.4605E-13  1.6568E-05
 7.5306E+25  1.2783E-04  9.9987E-01  7.0330E+03  8.1828E-05  3.5276E-13  3.4605E-13  1.6490E-05
 7.5399E+25  1.2845E-04  9.9987E-01  7.0330E+03  8.1828E-05  3.5107E-13  3.4605E-13  1.6411E-05
 7.5491E+25  1.2907E-04  9.9987E-01  7.0329E+03  8.1828E-05  3.4939E-13  3.4605E-13  1.6333E-05
 7.5584E+25  1.2970E-04  9.9987E-01  7.0329E+03  8.1828E-05  3.4769E-13  3.4606E-13  1.6255E-05
 7.5676E+25  1.3030E-04  9.9987E-01  7.0329E+03  8.1828E-05  3.4604E-13  3.4606E-13  1.6177E-05
 7.5769E+25  1.3045E-04  9.9987E-01  7.0328E+03  8.1828E-05  3.4548E-13  3.4606E-13  1.6099E-05
 7.5861E+25  1.3095E-04  9.9987E-01  7.0328E+03  8.1828E-05  3.4436E-13  3.4606E-13  1.6021E-05
 7.5954E+25  1.3157E-04  9.9987E-01  7.0327E+03  8.1828E-05  3.4275E-13  3.4606E-13  1.5945E-05
 7.6047E+25  1.3219E-04  9.9987E-01  7.0327E+03  8.1828E-05  3.4114E-13  3.4606E-13  1.5873E-05
 7.6139E+25  1.3282E-04  9.9987E-01  7.0326E+03  8.1828E-05  3.3952E-13  3.4606E-13  1.5800E-05
 7.6232E+25  1.3346E-04  9.9987E-01  7.0326E+03  8.1828E-05  3.3790E-13  3.4607E-13  1.5728E-05
 7.6324E+25  1.3368E-04  9.9987E-01  7.0326E+03  8.1828E-05  3.3715E-13  3.4607E-13  1.5659E-05
 7.6417E+25  1.3415E-04  9.9987E-01  7.0326E+03  8.1828E-05  3.3616E-13  3.4607E-13  1.5589E-05
 7.6509E+25  1.3476E-04  9.9987E-01  7.0325E+03  8.1828E-05  3.3463E-13  3.4607E-13  1.5518E-05
 7.6602E+25  1.3539E-04  9.9986E-01  7.0325E+03  8.1828E-05  3.3308E-13  3.4607E-13  1.5448E-05
 7.6695E+25  1.3602E-04  9.9986E-01  7.0324E+03  8.1828E-05  3.3155E-13  3.4607E-13  1.5378E-05
 7.6787E+25  1.3666E-04  9.9986E-01  7.0324E+03  8.1828E-05  3.2999E-13  3.4607E-13  1.5307E-05
 7.6880E+25  1.3699E-04  9.9986E-01  7.0324E+03  8.1828E-05  3.2904E-13  3.4607E-13  1.5237E-05
 7.6972E+25  1.3742E-04  9.9986E-01  7.0324E+03  8.1828E-05  3.2817E-13  3.4608E-13  1.5167E-05
 7.7065E+25  1.3804E-04  9.9986E-01  7.0323E+03  8.1828E-05  3.2670E-13  3.4608E-13  1.5097E-05
 7.7157E+25  1.3866E-04  9.9986E-01  7.0323E+03  8.1828E-05  3.2523E-13  3.4608E-13  1.5027E-05
 7.7250E+25  1.3929E-04  9.9986E-01  7.0322E+03  8.1828E-05  3.2375E-13  3.4608E-13  1.4957E-05
 7.7343E+25  1.3993E-04  9.9986E-01  7.0322E+03  8.1828E-05  3.2229E-13  3.4608E-13  1.4887E-05
 7.7435E+25  1.4035E-04  9.9986E-01  7.0322E+03  8.1828E-05  3.2118E-13  3.4608E-13  1.4818E-05
 7.7528E+25  1.4076E-04  9.9986E-01  7.0321E+03  8.1828E-05  3.2039E-13  3.4609E-13  1.4748E-05
 7.7620E+25  1.4139E-04  9.9986E-01  7.0321E+03  8.1828E-05  3.1897E-13  3.4609E-13  1.4678E-05
 7.7713E+25  1.4201E-04  9.9986E-01  7.0320E+03  8.1828E-05  3.1756E-13  3.4609E-13  1.4610E-05
 7.7805E+25  1.4264E-04  9.9986E-01  7.0320E+03  8.1828E-05  3.1616E-13  3.4609E-13  1.4545E-05
 7.7898E+25  1.4328E-04  9.9986E-01  7.0319E+03  8.1828E-05  3.1475E-13  3.4609E-13  1.4480E-05
 7.7991E+25  1.4377E-04  9.9986E-01  7.0319E+03  8.1828E-05  3.1355E-13  3.4609E-13  1.4415E-05
 7.8083E+25  1.4416E-04  9.9986E-01  7.0319E+03  8.1828E-05  3.1283E-13  3.4609E-13  1.4353E-05
 7.8176E+25  1.4481E-04  9.9986E-01  7.0318E+03  8.1828E-05  3.1144E-13  3.4610E-13  1.4291E-05
 7.8268E+25  1.4544E-04  9.9985E-01  7.0318E+03  8.1828E-05  3.1008E-13  3.4610E-13  1.4228E-05
 7.8361E+25  1.4607E-04  9.9985E-01  7.0317E+03  8.1828E-05  3.0874E-13  3.4610E-13  1.4165E-05
 7.8453E+25  1.4671E-04  9.9985E-01  7.0317E+03  8.1828E-05  3.0741E-13  3.4610E-13  1.4102E-05
 7.8546E+25  1.4728E-04  9.9985E-01  7.0317E+03  8.1828E-05  3.0609E-13  3.4610E-13  1.4040E-05
 7.8638E+25  1.4763E-04  9.9985E-01  7.0316E+03  8.1828E-05  3.0550E-13  3.4610E-13  1.3977E-05
 7.8731E+25  1.4829E-04  9.9985E-01  7.0316E+03  8.1828E-05  3.0413E-13  3.4611E-13  1.3915E-05
 7.8824E+25  1.4895E-04  9.9985E-01  7.0315E+03  8.1828E-05  3.0280E-13  3.4611E-13  1.3852E-05
 7.8916E+25  1.4958E-04  9.9985E-01  7.0315E+03  8.1828E-05  3.0150E-13  3.4611E-13  1.3790E-05
 7.9009E+25  1.5022E-04  9.9985E-01  7.0315E+03  8.1828E-05  3.0023E-13  3.4611E-13  1.3727E-05
 7.9101E+25  1.5084E-04  9.9985E-01  7.0314E+03  8.1828E-05  2.9896E-13  3.4611E-13  1.3665E-05
 7.9194E+25  1.5120E-04  9.9985E-01  7.0314E+03  8.1828E-05  2.9823E-13  3.4611E-13  1.3602E-05
 7.9286E+25  1.5184E-04  9.9985E-01  7.0313E+03  8.1828E-05  2.9704E-13  3.4612E-13  1.3540E-05
 7.9379E+25  1.5251E-04  9.9985E-01  7.0313E+03  8.1828E-05  2.9573E-13  3.4612E-13  1.3478E-05
 7.9472E+25  1.5317E-04  9.9985E-01  7.0312E+03  8.1828E-05  2.9446E-13  3.4612E-13  1.3416E-05
 7.9564E+25  1.5381E-04  9.9985E-01  7.0312E+03  8.1828E-05  2.9322E-13  3.4612E-13  1.3355E-05
 7.9657E+25  1.5445E-04  9.9985E-01  7.0312E+03  8.1828E-05  2.9201E-13  3.4612E-13  1.3297E-05
 7.9749E+25  1.5488E-04  9.9985E-01  7.0312E+03  8.1828E-05  2.9114E-13  3.4612E-13  1.3239E-05
 7.9842E+25  1.5547E-04  9.9984E-01  7.0311E+03  8.1828E-05  2.9009E-13  3.4613E-13  1.3182E-05
 7.9934E+25  1.5614E-04  9.9984E-01  7.0310E+03  8.1828E-05  2.8887E-13  3.4613E-13  1.3127E-05
 8.0027E+25  1.5682E-04  9.9984E-01  7.0310E+03  8.1828E-05  2.8762E-13  3.4613E-13  1.3071E-05
 8.0120E+25  1.5747E-04  9.9984E-01  7.0309E+03  8.1828E-05  2.8642E-13  3.4613E-13  1.3015E-05
 8.0212E+25  1.5812E-04  9.9984E-01  7.0309E+03  8.1828E-05  2.8523E-13  3.4613E-13  1.2959E-05
 8.0305E+25  1.5864E-04  9.9984E-01  7.0309E+03  8.1828E-05  2.8425E-13  3.4613E-13  1.2903E-05
 8.0397E+25  1.5919E-04  9.9984E-01  7.0309E+03  8.1828E-05  2.8333E-13  3.4614E-13  1.2847E-05
 8.0490E+25  1.5985E-04  9.9984E-01  7.0308E+03  8.1828E-05  2.8216E-13  3.4614E-13  1.2791E-05
 8.0582E+25  1.6052E-04  9.9984E-01  7.0307E+03  8.1828E-05  2.8099E-13  3.4614E-13  1.2736E-05
 8.0675E+25  1.6120E-04  9.9984E-01  7.0307E+03  8.1828E-05  2.7980E-13  3.4614E-13  1.2680E-05
 8.0768E+25  1.6187E-04  9.9984E-01  7.0306E+03  8.1828E-05  2.7865E-13  3.4614E-13  1.2624E-05
 8.0860E+25  1.6246E-04  9.9984E-01  7.0306E+03  8.1828E-05  2.7757E-13  3.4614E-13  1.2568E-05
 8.0953E+25  1.6300E-04  9.9984E-01  7.0306E+03  8.1828E-05  2.7671E-13  3.4615E-13  1.2512E-05
 8.1045E+25  1.6365E-04  9.9984E-01  7.0305E+03  8.1828E-05  2.7561E-13  3.4615E-13  1.2457E-05
 8.1138E+25  1.6432E-04  9.9984E-01  7.0305E+03  8.1828E-05  2.7450E-13  3.4615E-13  1.2401E-05
 8.1230E+25  1.6499E-04  9.9984E-01  7.0304E+03  8.1828E-05  2.7339E-13  3.4615E-13  1.2345E-05
 8.1323E+25  1.6568E-04  9.9983E-01  7.0304E+03  8.1828E-05  2.7226E-13  3.4616E-13  1.2290E-05
 8.1416E+25  1.6633E-04  9.9983E-01  7.0303E+03  8.1828E-05  2.7115E-13  3.4616E-13  1.2235E-05
 8.1508E+25  1.6689E-04  9.9983E-01  7.0303E+03  8.1828E-05  2.7026E-13  3.4616E-13  1.2183E-05
 8.1601E+25  1.6755E-04  9.9983E-01  7.0303E+03  8.1828E-05  2.6922E-13  3.4616E-13  1.2131E-05
 8.1693E+25  1.6820E-04  9.9983E-01  7.0302E+03  8.1828E-05  2.6817E-13  3.4616E-13  1.2080E-05
 8.1786E+25  1.6887E-04  9.9983E-01  7.0301E+03  8.1828E-05  2.6711E-13  3.4616E-13  1.2030E-05
 8.1878E+25  1.6954E-04  9.9983E-01  7.0301E+03  8.1828E-05  2.6606E-13  3.4617E-13  1.1981E-05
 8.1971E+25  1.7023E-04  9.9983E-01  7.0301E+03  8.1828E-05  2.6498E-13  3.4617E-13  1.1931E-05
 8.2064E+25  1.7086E-04  9.9983E-01  7.0300E+03  8.1828E-05  2.6398E-13  3.4617E-13  1.1881E-05
 8.2156E+25  1.7151E-04  9.9983E-01  7.0300E+03  8.1828E-05  2.6300E-13  3.4617E-13  1.1831E-05
 8.2249E+25  1.7218E-04  9.9983E-01  7.0299E+03  8.1828E-05  2.6199E-13  3.4617E-13  1.1781E-05
 8.2341E+25  1.7283E-04  9.9983E-01  7.0299E+03  8.1828E-05  2.6098E-13  3.4617E-13  1.1731E-05
 8.2434E+25  1.7350E-04  9.9983E-01  7.0298E+03  8.1828E-05  2.5999E-13  3.4618E-13  1.1681E-05
 8.2526E+25  1.7418E-04  9.9983E-01  7.0298E+03  8.1828E-05  2.5899E-13  3.4618E-13  1.1632E-05
 8.2619E+25  1.7487E-04  9.9983E-01  7.0297E+03  8.1828E-05  2.5796E-13  3.4618E-13  1.1582E-05
 8.2712E+25  1.7556E-04  9.9982E-01  7.0297E+03  8.1828E-05  2.5695E-13  3.4618E-13  1.1532E-05
 8.2804E+25  1.7622E-04  9.9982E-01  7.0296E+03  8.1828E-05  2.5598E-13  3.4618E-13  1.1482E-05
 8.2897E+25  1.7689E-04  9.9982E-01  7.0296E+03  8.1828E-05  2.5502E-13  3.4619E-13  1.1433E-05
 8.2989E+25  1.7755E-04  9.9982E-01  7.0295E+03  8.1828E-05  2.5405E-13  3.4619E-13  1.1383E-05
 8.3082E+25  1.7822E-04  9.9982E-01  7.0295E+03  8.1828E-05  2.5311E-13  3.4619E-13  1.1333E-05
 8.3174E+25  1.7890E-04  9.9982E-01  7.0295E+03  8.1828E-05  2.5217E-13  3.4619E-13  1.1284E-05
 8.3267E+25  1.7965E-04  9.9982E-01  7.0294E+03  8.1828E-05  2.5111E-13  3.4619E-13  1.1234E-05
 8.3360E+25  1.8034E-04  9.9982E-01  7.0294E+03  8.1828E-05  2.5014E-13  3.4620E-13  1.1186E-05
 8.3452E+25  1.8101E-04  9.9982E-01  7.0293E+03  8.1828E-05  2.4921E-13  3.4620E-13  1.1139E-05
 8.3545E+25  1.8168E-04  9.9982E-01  7.0292E+03  8.1828E-05  2.4830E-13  3.4620E-13  1.1093E-05
 8.3637E+25  1.8236E-04  9.9982E-01  7.0292E+03  8.1828E-05  2.4738E-13  3.4620E-13  1.1046E-05
 8.3730E+25  1.8302E-04  9.9982E-01  7.0292E+03  8.1828E-05  2.4649E-13  3.4620E-13  1.1002E-05
 8.3822E+25  1.8379E-04  9.9982E-01  7.0291E+03  8.1828E-05  2.4549E-13  3.4620E-13  1.0958E-05
 8.3915E+25  1.8451E-04  9.9982E-01  7.0291E+03  8.1828E-05  2.4450E-13  3.4621E-13  1.0914E-05
 8.4008E+25  1.8521E-04  9.9981E-01  7.0290E+03  8.1828E-05  2.4358E-13  3.4621E-13  1.0869E-05
 8.4100E+25  1.8589E-04  9.9981E-01  7.0289E+03  8.1828E-05  2.4268E-13  3.4621E-13  1.0825E-05
 8.4193E+25  1.8656E-04  9.9981E-01  7.0289E+03  8.1828E-05  2.4182E-13  3.4621E-13  1.0781E-05
 8.4285E+25  1.8724E-04  9.9981E-01  7.0288E+03  8.1828E-05  2.4094E-13  3.4622E-13  1.0736E-05
 8.4378E+25  1.8799E-04  9.9981E-01  7.0288E+03  8.1828E-05  2.4002E-13  3.4622E-13  1.0692E-05
 8.4470E+25  1.8875E-04  9.9981E-01  7.0288E+03  8.1828E-05  2.3901E-13  3.4622E-13  1.0648E-05
 8.4563E+25  1.8945E-04  9.9981E-01  7.0287E+03  8.1828E-05  2.3814E-13  3.4622E-13  1.0603E-05
 8.4656E+25  1.9015E-04  9.9981E-01  7.0286E+03  8.1828E-05  2.3726E-13  3.4622E-13  1.0559E-05
 8.4748E+25  1.9084E-04  9.9981E-01  7.0286E+03  8.1828E-05  2.3640E-13  3.4623E-13  1.0514E-05
 8.4841E+25  1.9150E-04  9.9981E-01  7.0285E+03  8.1828E-05  2.3558E-13  3.4623E-13  1.0470E-05
 8.4933E+25  1.9222E-04  9.9981E-01  7.0285E+03  8.1828E-05  2.3474E-13  3.4623E-13  1.0426E-05
 8.5026E+25  1.9311E-04  9.9981E-01  7.0285E+03  8.1828E-05  2.3365E-13  3.4623E-13  1.0381E-05
 8.5118E+25  1.9377E-04  9.9981E-01  7.0284E+03  8.1828E-05  2.3282E-13  3.4623E-13  1.0337E-05
 8.5211E+25  1.9446E-04  9.9981E-01  7.0283E+03  8.1828E-05  2.3201E-13  3.4624E-13  1.0293E-05
 8.5304E+25  1.9517E-04  9.9980E-01  7.0283E+03  8.1828E-05  2.3117E-13  3.4624E-13  1.0249E-05
 8.5396E+25  1.9587E-04  9.9980E-01  7.0282E+03  8.1828E-05  2.3034E-13  3.4624E-13  1.0207E-05
 8.5489E+25  1.9654E-04  9.9980E-01  7.0282E+03  8.1828E-05  2.2956E-13  3.4624E-13  1.0165E-05
 8.5581E+25  1.9743E-04  9.9980E-01  7.0281E+03  8.1828E-05  2.2860E-13  3.4624E-13  1.0124E-05
 8.5674E+25  1.9821E-04  9.9980E-01  7.0281E+03  8.1828E-05  2.2762E-13  3.4625E-13  1.0083E-05
 8.5766E+25  1.9888E-04  9.9980E-01  7.0280E+03  8.1828E-05  2.2685E-13  3.4625E-13  1.0044E-05
 8.5859E+25  1.9955E-04  9.9980E-01  7.0279E+03  8.1828E-05  2.2610E-13  3.4625E-13  1.0005E-05
 8.5952E+25  2.0026E-04  9.9980E-01  7.0279E+03  8.1828E-05  2.2531E-13  3.4625E-13  9.9652E-06
 8.6044E+25  2.0096E-04  9.9980E-01  7.0278E+03  8.1828E-05  2.2452E-13  3.4626E-13  9.9256E-06
 8.6137E+25  2.0173E-04  9.9980E-01  7.0278E+03  8.1828E-05  2.2375E-13  3.4626E-13  9.8860E-06
 8.6229E+25  2.0270E-04  9.9980E-01  7.0277E+03  8.1828E-05  2.2260E-13  3.4626E-13  9.8464E-06
 8.6322E+25  2.0338E-04  9.9980E-01  7.0277E+03  8.1828E-05  2.2184E-13  3.4626E-13  9.8069E-06
 8.6414E+25  2.0405E-04  9.9980E-01  7.0276E+03  8.1828E-05  2.2111E-13  3.4626E-13  9.7674E-06
 8.6507E+25  2.0471E-04  9.9980E-01  7.0276E+03  8.1828E-05  2.2041E-13  3.4627E-13  9.7280E-06
 8.6600E+25  2.0541E-04  9.9979E-01  7.0275E+03  8.1828E-05  2.1967E-13  3.4627E-13  9.6885E-06
 8.6692E+25  2.0613E-04  9.9979E-01  7.0274E+03  8.1828E-05  2.1892E-13  3.4627E-13  9.6488E-06
 8.6785E+25  2.0715E-04  9.9979E-01  7.0274E+03  8.1828E-05  2.1791E-13  3.4627E-13  9.6092E-06
 8.6877E+25  2.0793E-04  9.9979E-01  7.0273E+03  8.1828E-05  2.1701E-13  3.4628E-13  9.5696E-06
 8.6970E+25  2.0862E-04  9.9979E-01  7.0273E+03  8.1828E-05  2.1629E-13  3.4628E-13  9.5300E-06
 8.7062E+25  2.0929E-04  9.9979E-01  7.0272E+03  8.1828E-05  2.1560E-13  3.4628E-13  9.4905E-06
 8.7155E+25  2.0995E-04  9.9979E-01  7.0272E+03  8.1828E-05  2.1491E-13  3.4628E-13  9.4510E-06
 8.7248E+25  2.1063E-04  9.9979E-01  7.0271E+03  8.1828E-05  2.1424E-13  3.4629E-13  9.4115E-06
 8.7340E+25  2.1149E-04  9.9979E-01  7.0270E+03  8.1828E-05  2.1349E-13  3.4629E-13  9.3722E-06
 8.7433E+25  2.1256E-04  9.9979E-01  7.0270E+03  8.1828E-05  2.1229E-13  3.4629E-13  9.3346E-06
 8.7525E+25  2.1323E-04  9.9979E-01  7.0269E+03  8.1828E-05  2.1162E-13  3.4629E-13  9.2975E-06
 8.7618E+25  2.1391E-04  9.9979E-01  7.0269E+03  8.1828E-05  2.1096E-13  3.4629E-13  9.2604E-06
 8.7710E+25  2.1459E-04  9.9979E-01  7.0268E+03  8.1828E-05  2.1028E-13  3.4630E-13  9.2241E-06
 8.7803E+25  2.1526E-04  9.9978E-01  7.0267E+03  8.1828E-05  2.0963E-13  3.4630E-13  9.1893E-06
 8.7896E+25  2.1594E-04  9.9978E-01  7.0267E+03  8.1828E-05  2.0900E-13  3.4630E-13  9.1544E-06
 8.7988E+25  2.1705E-04  9.9978E-01  7.0267E+03  8.1828E-05  2.0802E-13  3.4630E-13  9.1191E-06
 8.8081E+25  2.1791E-04  9.9978E-01  7.0266E+03  8.1828E-05  2.0709E-13  3.4631E-13  9.0837E-06
 8.8173E+25  2.1859E-04  9.9978E-01  7.0265E+03  8.1828E-05  2.0644E-13  3.4631E-13  9.0485E-06
 8.8266E+25  2.1925E-04  9.9978E-01  7.0264E+03  8.1828E-05  2.0583E-13  3.4631E-13  9.0132E-06
 8.8358E+25  2.1994E-04  9.9978E-01  7.0264E+03  8.1828E-05  2.0518E-13  3.4631E-13  8.9780E-06
 8.8451E+25  2.2061E-04  9.9978E-01  7.0263E+03  8.1828E-05  2.0456E-13  3.4632E-13  8.9428E-06
 8.8544E+25  2.2143E-04  9.9978E-01  7.0263E+03  8.1828E-05  2.0395E-13  3.4632E-13  8.9077E-06
 8.8636E+25  2.2261E-04  9.9978E-01  7.0262E+03  8.1828E-05  2.0273E-13  3.4632E-13  8.8725E-06
 8.8729E+25  2.2331E-04  9.9978E-01  7.0262E+03  8.1828E-05  2.0210E-13  3.4632E-13  8.8372E-06
 8.8821E+25  2.2400E-04  9.9978E-01  7.0261E+03  8.1828E-05  2.0147E-13  3.4633E-13  8.8018E-06
 8.8914E+25  2.2466E-04  9.9978E-01  7.0260E+03  8.1828E-05  2.0088E-13  3.4633E-13  8.7665E-06
 8.9006E+25  2.2534E-04  9.9977E-01  7.0260E+03  8.1828E-05  2.0029E-13  3.4633E-13  8.7312E-06
 8.9099E+25  2.2603E-04  9.9977E-01  7.0259E+03  8.1828E-05  1.9968E-13  3.4633E-13  8.6960E-06
 8.9192E+25  2.2715E-04  9.9977E-01  7.0259E+03  8.1828E-05  1.9882E-13  3.4633E-13  8.6607E-06
 8.9284E+25  2.2807E-04  9.9977E-01  7.0258E+03  8.1828E-05  1.9788E-13  3.4634E-13  8.6255E-06
 8.9377E+25  2.2875E-04  9.9977E-01  7.0257E+03  8.1828E-05  1.9731E-13  3.4634E-13  8.5902E-06
 8.9469E+25  2.2944E-04  9.9977E-01  7.0257E+03  8.1828E-05  1.9671E-13  3.4634E-13  8.5557E-06
 8.9562E+25  2.3012E-04  9.9977E-01  7.0256E+03  8.1828E-05  1.9612E-13  3.4635E-13  8.5224E-06
 8.9654E+25  2.3078E-04  9.9977E-01  7.0255E+03  8.1828E-05  1.9558E-13  3.4635E-13  8.4892E-06
 8.9747E+25  2.3156E-04  9.9977E-01  7.0255E+03  8.1828E-05  1.9500E-13  3.4635E-13  8.4560E-06
 8.9840E+25  2.3288E-04  9.9977E-01  7.0254E+03  8.1828E-05  1.9389E-13  3.4635E-13  8.4241E-06
 8.9932E+25  2.3359E-04  9.9977E-01  7.0254E+03  8.1828E-05  1.9322E-13  3.4635E-13  8.3933E-06
 9.0025E+25  2.3424E-04  9.9977E-01  7.0253E+03  8.1828E-05  1.9269E-13  3.4636E-13  8.3621E-06
 9.0117E+25  2.3492E-04  9.9977E-01  7.0252E+03  8.1828E-05  1.9214E-13  3.4636E-13  8.3307E-06
 9.0210E+25  2.3561E-04  9.9976E-01  7.0251E+03  8.1828E-05  1.9158E-13  3.4636E-13  8.2991E-06
 9.0302E+25  2.3628E-04  9.9976E-01  7.0251E+03  8.1828E-05  1.9104E-13  3.4637E-13  8.2677E-06
 9.0395E+25  2.3730E-04  9.9976E-01  7.0250E+03  8.1828E-05  1.9040E-13  3.4637E-13  8.2364E-06
 9.0487E+25  2.3848E-04  9.9976E-01  7.0250E+03  8.1828E-05  1.8927E-13  3.4637E-13  8.2050E-06
 9.0580E+25  2.3913E-04  9.9976E-01  7.0249E+03  8.1828E-05  1.8875E-13  3.4637E-13  8.1737E-06
 9.0673E+25  2.3979E-04  9.9976E-01  7.0248E+03  8.1828E-05  1.8824E-13  3.4638E-13  8.1424E-06
 9.0765E+25  2.4044E-04  9.9976E-01  7.0248E+03  8.1828E-05  1.8774E-13  3.4638E-13  8.1111E-06
 9.0858E+25  2.4113E-04  9.9976E-01  7.0247E+03  8.1828E-05  1.8722E-13  3.4638E-13  8.0796E-06
 9.0950E+25  2.4185E-04  9.9976E-01  7.0246E+03  8.1828E-05  1.8669E-13  3.4638E-13  8.0482E-06
 9.1043E+25  2.4311E-04  9.9976E-01  7.0246E+03  8.1828E-05  1.8584E-13  3.4639E-13  8.0166E-06
 9.1135E+25  2.4405E-04  9.9976E-01  7.0245E+03  8.1828E-05  1.8496E-13  3.4639E-13  7.9852E-06
 9.1228E+25  2.4470E-04  9.9976E-01  7.0244E+03  8.1828E-05  1.8447E-13  3.4639E-13  7.9537E-06
 9.1321E+25  2.4536E-04  9.9975E-01  7.0244E+03  8.1828E-05  1.8398E-13  3.4639E-13  7.9223E-06
 9.1413E+25  2.4601E-04  9.9975E-01  7.0243E+03  8.1828E-05  1.8350E-13  3.4640E-13  7.8909E-06
 9.1506E+25  2.4667E-04  9.9975E-01  7.0242E+03  8.1828E-05  1.8303E-13  3.4640E-13  7.8594E-06
 9.1598E+25  2.4746E-04  9.9975E-01  7.0242E+03  8.1828E-05  1.8253E-13  3.4640E-13  7.8283E-06
 9.1691E+25  2.4892E-04  9.9975E-01  7.0241E+03  8.1828E-05  1.8146E-13  3.4640E-13  7.7984E-06
 9.1783E+25  2.4964E-04  9.9975E-01  7.0241E+03  8.1828E-05  1.8084E-13  3.4641E-13  7.7687E-06
 9.1876E+25  2.5030E-04  9.9975E-01  7.0240E+03  8.1828E-05  1.8036E-13  3.4641E-13  7.7390E-06
 9.1969E+25  2.5094E-04  9.9975E-01  7.0239E+03  8.1828E-05  1.7990E-13  3.4641E-13  7.7100E-06
 9.2061E+25  2.5160E-04  9.9975E-01  7.0238E+03  8.1828E-05  1.7944E-13  3.4641E-13  7.6824E-06
 9.2154E+25  2.5225E-04  9.9975E-01  7.0238E+03  8.1828E-05  1.7899E-13  3.4642E-13  7.6549E-06
 9.2246E+25  2.5320E-04  9.9975E-01  7.0237E+03  8.1828E-05  1.7853E-13  3.4642E-13  7.6268E-06
 9.2339E+25  2.5461E-04  9.9975E-01  7.0237E+03  8.1828E-05  1.7732E-13  3.4642E-13  7.5988E-06
 9.2431E+25  2.5525E-04  9.9974E-01  7.0236E+03  8.1828E-05  1.7687E-13  3.4643E-13  7.5709E-06
 9.2524E+25  2.5590E-04  9.9974E-01  7.0235E+03  8.1828E-05  1.7643E-13  3.4643E-13  7.5430E-06
