 4.6285E+22  3.2796E-11  1.0000E+00  1.1632E+04  8.1828E-05  1.0464E-06  2.2829E-13  1.0000E+00
 1.3886E+23  2.2951E-10  1.0000E+00  1.1636E+04  8.1828E-05  1.4948E-07  2.2823E-13  1.0000E+00
 2.3143E+23  6.2249E-10  1.0000E+00  1.1648E+04  8.1828E-05  5.5072E-08  2.2802E-13  1.0000E+00
 3.2400E+23  1.2102E-09  1.0000E+00  1.1675E+04  8.1828E-05  2.8280E-08  2.2758E-13  1.0000E+00
 4.1657E+23  1.9892E-09  1.0000E+00  1.1724E+04  8.1828E-05  1.7154E-08  2.2678E-13  1.0000E+00
 5.0914E+23  2.9532E-09  1.0000E+00  1.1803E+04  8.1828E-05  1.1498E-08  2.2549E-13  1.0000E+00
 6.0171E+23  4.0903E-09  1.0000E+00  1.1925E+04  8.1828E-05  8.2404E-09  2.2354E-13  1.0000E+00
 6.9428E+23  5.3871E-09  1.0000E+00  1.2101E+04  8.1828E-05  6.1908E-09  2.2078E-13  1.0000E+00
 7.8685E+23  6.8094E-09  1.0000E+00  1.2359E+04  8.1828E-05  4.8235E-09  2.1686E-13  1.0000E+00
 8.7942E+23  8.3308E-09  1.0000E+00  1.2718E+04  8.1828E-05  3.8616E-09  2.1164E-13  1.0000E+00
 9.7199E+23  9.9297E-09  1.0000E+00  1.3153E+04  8.1828E-05  3.1616E-09  2.0566E-13  1.0000E+00
 1.0646E+24  1.1629E-08  1.0000E+00  1.3591E+04  8.1828E-05  2.6359E-09  1.9997E-13  1.0000E+00
 1.1571E+24  1.3507E-08  1.0000E+00  1.3909E+04  8.1828E-05  2.2314E-09  1.9604E-13  1.0000E+00
 1.2497E+24  1.5618E-08  1.0000E+00  1.4080E+04  8.1828E-05  1.9127E-09  1.9399E-13  1.0000E+00
 1.3423E+24  1.7921E-08  1.0000E+00  1.4175E+04  8.1828E-05  1.6587E-09  1.9288E-13  1.0000E+00
 1.4348E+24  2.0381E-08  1.0000E+00  1.4275E+04  8.1828E-05  1.4510E-09  1.9171E-13  9.9999E-01
 1.5274E+24  2.2963E-08  1.0000E+00  1.4375E+04  8.1828E-05  1.2813E-09  1.9056E-13  9.9999E-01
 1.6200E+24  2.5716E-08  1.0000E+00  1.4469E+04  8.1828E-05  1.1387E-09  1.8950E-13  9.9999E-01
 1.7126E+24  2.8609E-08  1.0000E+00  1.4560E+04  8.1828E-05  1.0189E-09  1.8848E-13  9.9999E-01
 1.8051E+24  3.1643E-08  1.0000E+00  1.4642E+04  8.1828E-05  9.1737E-10  1.8756E-13  9.9999E-01
 1.8977E+24  3.4833E-08  1.0000E+00  1.4721E+04  8.1828E-05  8.3005E-10  1.8669E-13  9.9999E-01
 1.9903E+24  3.8178E-08  1.0000E+00  1.4798E+04  8.1828E-05  7.5446E-10  1.8585E-13  9.9999E-01
 2.0828E+24  4.1663E-08  1.0000E+00  1.4873E+04  8.1828E-05  6.8880E-10  1.8505E-13  9.9999E-01
 2.1754E+24  4.5254E-08  1.0000E+00  1.4945E+04  8.1828E-05  6.3189E-10  1.8428E-13  9.9999E-01
 2.2680E+24  4.9038E-08  1.0000E+00  1.5015E+04  8.1828E-05  5.8112E-10  1.8353E-13  9.9999E-01
 2.3605E+24  5.2953E-08  1.0000E+00  1.5084E+04  8.1828E-05  5.3636E-10  1.8281E-13  9.9999E-01
 2.4531E+24  5.6997E-08  1.0000E+00  1.5147E+04  8.1828E-05  4.9677E-10  1.8214E-13  9.9999E-01
 2.5457E+24  6.1176E-08  1.0000E+00  1.5212E+04  8.1828E-05  4.6138E-10  1.8147E-13  9.9998E-01
 2.6383E+24  6.5527E-08  1.0000E+00  1.5275E+04  8.1828E-05  4.2943E-10  1.8082E-13  9.9998E-01
 2.7308E+24  7.0017E-08  1.0000E+00  1.5334E+04  8.1828E-05  4.0076E-10  1.8022E-13  9.9998E-01
 2.8234E+24  7.4580E-08  1.0000E+00  1.5395E+04  8.1828E-05  3.7515E-10  1.7960E-13  9.9998E-01
 2.9160E+24  7.9355E-08  1.0000E+00  1.5451E+04  8.1828E-05  3.5163E-10  1.7904E-13  9.9998E-01
 3.0085E+24  8.4302E-08  1.0000E+00  1.5507E+04  8.1828E-05  3.3012E-10  1.7848E-13  9.9998E-01
 3.1011E+24  8.9305E-08  1.0000E+00  1.5563E+04  8.1828E-05  3.1079E-10  1.7792E-13  9.9998E-01
 3.1937E+24  9.4437E-08  1.0000E+00  1.5616E+04  8.1828E-05  2.9317E-10  1.7740E-13  9.9998E-01
 3.2862E+24  9.9775E-08  1.0000E+00  1.5668E+04  8.1828E-05  2.7681E-10  1.7689E-13  9.9997E-01
 3.3788E+24  1.0521E-07  1.0000E+00  1.5719E+04  8.1828E-05  2.6188E-10  1.7639E-13  9.9997E-01
 3.4714E+24  1.1072E-07  1.0000E+00  1.5769E+04  8.1828E-05  2.4827E-10  1.7591E-13  9.9997E-01
 3.5640E+24  1.1647E-07  1.0000E+00  1.5817E+04  8.1828E-05  2.3548E-10  1.7544E-13  9.9997E-01
 3.6565E+24  1.2244E-07  1.0000E+00  1.5864E+04  8.1828E-05  2.2351E-10  1.7499E-13  9.9997E-01
 3.7491E+24  1.2833E-07  1.0000E+00  1.5911E+04  8.1828E-05  2.1279E-10  1.7454E-13  9.9997E-01
 3.8417E+24  1.3447E-07  1.0000E+00  1.5957E+04  8.1828E-05  2.0265E-10  1.7410E-13  9.9996E-01
 3.9342E+24  1.4079E-07  1.0000E+00  1.6000E+04  8.1828E-05  1.9315E-10  1.7369E-13  9.9996E-01
 4.0268E+24  1.4716E-07  1.0000E+00  1.6045E+04  8.1828E-05  1.8441E-10  1.7327E-13  9.9995E-01
 4.1194E+24  1.5363E-07  1.0000E+00  1.6087E+04  8.1828E-05  1.7631E-10  1.7287E-13  9.9993E-01
 4.2120E+24  1.6051E-07  1.0000E+00  1.6129E+04  8.1828E-05  1.6843E-10  1.7249E-13  9.9989E-01
 4.3045E+24  1.6716E-07  1.0000E+00  1.6169E+04  8.1828E-05  1.6143E-10  1.7211E-13  9.9978E-01
 4.3971E+24  1.7403E-07  1.0000E+00  1.6208E+04  8.1828E-05  1.5478E-10  1.7175E-13  9.9955E-01
 4.4897E+24  1.8122E-07  1.0000E+00  1.6245E+04  8.1828E-05  1.4839E-10  1.7142E-13  9.9903E-01
 4.5822E+24  1.8851E-07  1.0000E+00  1.6279E+04  8.1828E-05  1.4242E-10  1.7112E-13  9.9795E-01
 4.6748E+24  1.9595E-07  1.0000E+00  1.6307E+04  8.1828E-05  1.3682E-10  1.7088E-13  9.9577E-01
 4.7674E+24  2.0357E-07  1.0000E+00  1.6324E+04  8.1828E-05  1.3157E-10  1.7076E-13  9.9153E-01
 4.8599E+24  2.1134E-07  1.0000E+00  1.6326E+04  8.1828E-05  1.2662E-10  1.7072E-13  9.8355E-01
 4.9525E+24  2.1945E-07  1.0000E+00  1.6301E+04  8.1828E-05  1.2195E-10  1.7099E-13  9.6915E-01
 5.0451E+24  2.2805E-07  1.0000E+00  1.6228E+04  8.1828E-05  1.1753E-10  1.7172E-13  9.4432E-01
 5.1377E+24  2.3737E-07  1.0000E+00  1.6084E+04  8.1828E-05  1.1333E-10  1.7319E-13  9.0390E-01
 5.2302E+24  2.4774E-07  1.0000E+00  1.5838E+04  8.1828E-05  1.0934E-10  1.7568E-13  8.4285E-01
 5.3228E+24  2.5960E-07  1.0000E+00  1.5464E+04  8.1828E-05  1.0554E-10  1.7956E-13  7.5912E-01
 5.4154E+24  2.7336E-07  1.0000E+00  1.4956E+04  8.1828E-05  1.0193E-10  1.8502E-13  6.5698E-01
 5.5079E+24  2.8931E-07  1.0000E+00  1.4340E+04  8.1828E-05  9.8503E-11  1.9203E-13  5.4738E-01
 5.6005E+24  3.0737E-07  1.0000E+00  1.3665E+04  8.1828E-05  9.5253E-11  2.0024E-13  4.4340E-01
 5.6931E+24  3.2722E-07  1.0000E+00  1.2989E+04  8.1828E-05  9.2169E-11  2.0915E-13  3.5425E-01
 5.7856E+24  3.4838E-07  1.0000E+00  1.2354E+04  8.1828E-05  8.9238E-11  2.1823E-13  2.8297E-01
 5.8782E+24  3.7036E-07  1.0000E+00  1.1781E+04  8.1828E-05  8.6449E-11  2.2710E-13  2.2810E-01
 5.9708E+24  3.9281E-07  1.0000E+00  1.1277E+04  8.1828E-05  8.3796E-11  2.3554E-13  1.8640E-01
 6.0634E+24  4.1544E-07  1.0000E+00  1.0838E+04  8.1828E-05  8.1277E-11  2.4342E-13  1.5460E-01
 6.1559E+24  4.3824E-07  1.0000E+00  1.0459E+04  8.1828E-05  7.8852E-11  2.5070E-13  1.3005E-01
 6.2485E+24  4.6104E-07  1.0000E+00  1.0129E+04  8.1828E-05  7.6537E-11  2.5739E-13  1.1081E-01
 6.3411E+24  4.8383E-07  1.0000E+00  9.8428E+03  8.1828E-05  7.4324E-11  2.6353E-13  9.5458E-02
 6.4336E+24  5.0658E-07  1.0000E+00  9.5924E+03  8.1828E-05  7.2205E-11  2.6916E-13  8.3043E-02
 6.5262E+24  5.2931E-07  1.0000E+00  9.3728E+03  8.1828E-05  7.0175E-11  2.7430E-13  7.2848E-02
 6.6188E+24  5.5207E-07  1.0000E+00  9.1790E+03  8.1828E-05  6.8225E-11  2.7902E-13  6.4373E-02
 6.7113E+24  5.7487E-07  1.0000E+00  9.0073E+03  8.1828E-05  6.6349E-11  2.8335E-13  5.7253E-02
 6.8039E+24  5.9777E-07  1.0000E+00  8.8543E+03  8.1828E-05  6.4543E-11  2.8733E-13  5.1209E-02
 6.8965E+24  6.2086E-07  1.0000E+00  8.7177E+03  8.1828E-05  6.2794E-11  2.9099E-13  4.6039E-02
 6.9891E+24  6.4404E-07  1.0000E+00  8.5951E+03  8.1828E-05  6.1112E-11  2.9435E-13  4.1581E-02
 7.0816E+24  6.6549E-07  1.0000E+00  8.4846E+03  8.1828E-05  5.9661E-11  2.9746E-13  3.7707E-02
 7.1742E+24  6.8886E-07  1.0000E+00  8.3846E+03  8.1828E-05  5.8095E-11  3.0033E-13  3.4322E-02
 7.2668E+24  7.1263E-07  1.0000E+00  8.2941E+03  8.1828E-05  5.6569E-11  3.0299E-13  3.1349E-02
 7.3593E+24  7.3628E-07  1.0000E+00  8.2117E+03  8.1828E-05  5.5123E-11  3.0545E-13  2.8724E-02
 7.4519E+24  7.5773E-07  1.0000E+00  8.1365E+03  8.1828E-05  5.3897E-11  3.0773E-13  2.6392E-02
 7.5445E+24  7.8242E-07  1.0000E+00  8.0677E+03  8.1828E-05  5.2494E-11  3.0985E-13  2.4316E-02
 7.6371E+24  8.0642E-07  1.0000E+00  8.0047E+03  8.1828E-05  5.1204E-11  3.1182E-13  2.2458E-02
 7.7296E+24  8.2842E-07  1.0000E+00  7.9467E+03  8.1828E-05  5.0087E-11  3.1366E-13  2.0788E-02
 7.8222E+24  8.5463E-07  1.0000E+00  7.8935E+03  8.1828E-05  4.8772E-11  3.1537E-13  1.9287E-02
 7.9148E+24  8.7602E-07  1.0000E+00  7.8442E+03  8.1828E-05  4.7787E-11  3.1696E-13  1.7927E-02
 8.0073E+24  9.0237E-07  1.0000E+00  7.7987E+03  8.1828E-05  4.6571E-11  3.1846E-13  1.6696E-02
 8.0999E+24  9.2491E-07  1.0000E+00  7.7565E+03  8.1828E-05  4.5607E-11  3.1985E-13  1.5578E-02
 8.1925E+24  9.5132E-07  1.0000E+00  7.7173E+03  8.1828E-05  4.4488E-11  3.2116E-13  1.4557E-02
 8.2850E+24  9.7380E-07  1.0000E+00  7.6810E+03  8.1828E-05  4.3605E-11  3.2238E-13  1.3626E-02
 8.3776E+24  1.0020E-06  1.0000E+00  7.6471E+03  8.1828E-05  4.2502E-11  3.2353E-13  1.2772E-02
 8.4702E+24  1.0228E-06  1.0000E+00  7.6156E+03  8.1828E-05  4.1759E-11  3.2461E-13  1.1991E-02
 8.5628E+24  1.0512E-06  1.0000E+00  7.5860E+03  8.1828E-05  4.0738E-11  3.2563E-13  1.1270E-02
 8.6553E+24  1.0755E-06  1.0000E+00  7.5585E+03  8.1828E-05  3.9908E-11  3.2658E-13  1.0609E-02
 8.7479E+24  1.1004E-06  1.0000E+00  7.5327E+03  8.1828E-05  3.9103E-11  3.2749E-13  9.9967E-03
 8.8405E+24  1.1288E-06  1.0000E+00  7.5086E+03  8.1828E-05  3.8200E-11  3.2833E-13  9.4319E-03
 8.9330E+24  1.1525E-06  1.0000E+00  7.4858E+03  8.1828E-05  3.7489E-11  3.2914E-13  8.9080E-03
 9.0256E+24  1.1785E-06  1.0000E+00  7.4645E+03  8.1828E-05  3.6735E-11  3.2989E-13  8.4232E-03
 9.1182E+24  1.2070E-06  1.0000E+00  7.4445E+03  8.1828E-05  3.5934E-11  3.3061E-13  7.9720E-03
 9.2107E+24  1.2341E-06  1.0000E+00  7.4256E+03  8.1828E-05  3.5201E-11  3.3128E-13  7.5534E-03
 9.3033E+24  1.2576E-06  1.0000E+00  7.4078E+03  8.1828E-05  3.4604E-11  3.3192E-13  7.1623E-03
 9.3959E+24  1.2863E-06  1.0000E+00  7.3911E+03  8.1828E-05  3.3885E-11  3.3253E-13  6.7989E-03
 9.4885E+24  1.3151E-06  1.0000E+00  7.3752E+03  8.1828E-05  3.3192E-11  3.3310E-13  6.4585E-03
 9.5810E+24  1.3438E-06  1.0000E+00  7.3602E+03  8.1828E-05  3.2524E-11  3.3365E-13  6.1407E-03
 9.6736E+24  1.3683E-06  1.0000E+00  7.3461E+03  8.1828E-05  3.1983E-11  3.3416E-13  5.8434E-03
 9.7662E+24  1.3962E-06  1.0000E+00  7.3326E+03  8.1828E-05  3.1385E-11  3.3465E-13  5.5640E-03
 9.8587E+24  1.4254E-06  1.0000E+00  7.3200E+03  8.1828E-05  3.0780E-11  3.3512E-13  5.3035E-03
 9.9513E+24  1.4546E-06  1.0000E+00  7.3079E+03  8.1828E-05  3.0195E-11  3.3557E-13  5.0571E-03
 1.0044E+25  1.4840E-06  1.0000E+00  7.2965E+03  8.1828E-05  2.9629E-11  3.3599E-13  4.8271E-03
 1.0136E+25  1.5134E-06  1.0000E+00  7.2856E+03  8.1828E-05  2.9082E-11  3.3639E-13  4.6097E-03
 1.0229E+25  1.5427E-06  1.0000E+00  7.2753E+03  8.1828E-05  2.8553E-11  3.3677E-13  4.4050E-03
 1.0322E+25  1.5700E-06  1.0000E+00  7.2655E+03  8.1828E-05  2.8085E-11  3.3714E-13  4.2130E-03
 1.0414E+25  1.5993E-06  1.0000E+00  7.2562E+03  8.1828E-05  2.7597E-11  3.3749E-13  4.0307E-03
 1.0507E+25  1.6294E-06  1.0000E+00  7.2473E+03  8.1828E-05  2.7108E-11  3.3782E-13  3.8593E-03
 1.0599E+25  1.6599E-06  1.0000E+00  7.2388E+03  8.1828E-05  2.6632E-11  3.3814E-13  3.6973E-03
 1.0692E+25  1.6904E-06  1.0000E+00  7.2307E+03  8.1828E-05  2.6171E-11  3.3844E-13  3.5436E-03
 1.0784E+25  1.7211E-06  1.0000E+00  7.2230E+03  8.1828E-05  2.5722E-11  3.3873E-13  3.3987E-03
 1.0877E+25  1.7521E-06  1.0000E+00  7.2157E+03  8.1828E-05  2.5285E-11  3.3901E-13  3.2613E-03
 1.0970E+25  1.7833E-06  1.0000E+00  7.2087E+03  8.1828E-05  2.4860E-11  3.3927E-13  3.1309E-03
 1.1062E+25  1.8147E-06  1.0000E+00  7.2020E+03  8.1828E-05  2.4445E-11  3.3952E-13  3.0076E-03
 1.1155E+25  1.8463E-06  1.0000E+00  7.1955E+03  8.1828E-05  2.4040E-11  3.3977E-13  2.8902E-03
 1.1247E+25  1.8782E-06  1.0000E+00  7.1894E+03  8.1828E-05  2.3646E-11  3.4000E-13  2.7787E-03
 1.1340E+25  1.9104E-06  1.0000E+00  7.1835E+03  8.1828E-05  2.3261E-11  3.4022E-13  2.6732E-03
 1.1432E+25  1.9428E-06  1.0000E+00  7.1779E+03  8.1828E-05  2.2884E-11  3.4044E-13  2.5723E-03
 1.1525E+25  1.9756E-06  1.0000E+00  7.1725E+03  8.1828E-05  2.2516E-11  3.4064E-13  2.4766E-03
 1.1618E+25  2.0087E-06  1.0000E+00  7.1674E+03  8.1828E-05  2.2156E-11  3.4084E-13  2.3857E-03
 1.1710E+25  2.0422E-06  1.0000E+00  7.1624E+03  8.1828E-05  2.1803E-11  3.4103E-13  2.2986E-03
 1.1803E+25  2.0760E-06  1.0000E+00  7.1577E+03  8.1828E-05  2.1457E-11  3.4121E-13  2.2161E-03
 1.1895E+25  2.1088E-06  1.0000E+00  7.1531E+03  8.1828E-05  2.1137E-11  3.4139E-13  2.1369E-03
 1.1988E+25  2.1396E-06  1.0000E+00  7.1487E+03  8.1828E-05  2.0840E-11  3.4155E-13  2.0618E-03
 1.2080E+25  2.1736E-06  1.0000E+00  7.1445E+03  8.1828E-05  2.0520E-11  3.4172E-13  1.9899E-03
 1.2173E+25  2.2083E-06  1.0000E+00  7.1405E+03  8.1828E-05  2.0205E-11  3.4187E-13  1.9214E-03
 1.2266E+25  2.2435E-06  1.0000E+00  7.1366E+03  8.1828E-05  1.9895E-11  3.4202E-13  1.8554E-03
 1.2358E+25  2.2792E-06  1.0000E+00  7.1329E+03  8.1828E-05  1.9590E-11  3.4216E-13  1.7930E-03
 1.2451E+25  2.3154E-06  1.0000E+00  7.1293E+03  8.1828E-05  1.9290E-11  3.4230E-13  1.7329E-03
 1.2543E+25  2.3521E-06  1.0000E+00  7.1258E+03  8.1828E-05  1.8996E-11  3.4244E-13  1.6754E-03
 1.2636E+25  2.3894E-06  1.0000E+00  7.1225E+03  8.1828E-05  1.8705E-11  3.4256E-13  1.6204E-03
 1.2728E+25  2.4179E-06  1.0000E+00  7.1193E+03  8.1828E-05  1.8498E-11  3.4269E-13  1.5680E-03
 1.2821E+25  2.4534E-06  1.0000E+00  7.1162E+03  8.1828E-05  1.8228E-11  3.4281E-13  1.5172E-03
 1.2914E+25  2.4915E-06  1.0000E+00  7.1132E+03  8.1828E-05  1.7954E-11  3.4292E-13  1.4690E-03
 1.3006E+25  2.5304E-06  1.0000E+00  7.1103E+03  8.1828E-05  1.7683E-11  3.4303E-13  1.4226E-03
 1.3099E+25  2.5699E-06  1.0000E+00  7.1075E+03  8.1828E-05  1.7416E-11  3.4314E-13  1.3782E-03
 1.3191E+25  2.6091E-06  1.0000E+00  7.1049E+03  8.1828E-05  1.7161E-11  3.4325E-13  1.3352E-03
 1.3284E+25  2.6353E-06  1.0000E+00  7.1023E+03  8.1828E-05  1.6997E-11  3.4334E-13  1.2944E-03
 1.3376E+25  2.6749E-06  1.0000E+00  7.0998E+03  8.1828E-05  1.6744E-11  3.4344E-13  1.2550E-03
 1.3469E+25  2.7162E-06  1.0000E+00  7.0974E+03  8.1828E-05  1.6493E-11  3.4354E-13  1.2170E-03
 1.3562E+25  2.7585E-06  1.0000E+00  7.0951E+03  8.1828E-05  1.6244E-11  3.4363E-13  1.1806E-03
 1.3654E+25  2.7975E-06  1.0000E+00  7.0928E+03  8.1828E-05  1.6028E-11  3.4371E-13  1.1456E-03
 1.3747E+25  2.8242E-06  1.0000E+00  7.0907E+03  8.1828E-05  1.5874E-11  3.4380E-13  1.1121E-03
 1.3839E+25  2.8674E-06  1.0000E+00  7.0885E+03  8.1828E-05  1.5637E-11  3.4388E-13  1.0795E-03
 1.3932E+25  2.9117E-06  1.0000E+00  7.0865E+03  8.1828E-05  1.5402E-11  3.4396E-13  1.0484E-03
 1.4024E+25  2.9573E-06  1.0000E+00  7.0846E+03  8.1828E-05  1.5167E-11  3.4403E-13  1.0185E-03
 1.4117E+25  2.9801E-06  1.0000E+00  7.0827E+03  8.1828E-05  1.5062E-11  3.4411E-13  9.8939E-04
 1.4210E+25  3.0241E-06  1.0000E+00  7.0808E+03  8.1828E-05  1.4837E-11  3.4418E-13  9.6154E-04
 1.4302E+25  3.0710E-06  1.0000E+00  7.0790E+03  8.1828E-05  1.4613E-11  3.4425E-13  9.3465E-04
 1.4395E+25  3.1175E-06  1.0000E+00  7.0773E+03  8.1828E-05  1.4402E-11  3.4432E-13  9.0885E-04
 1.4487E+25  3.1391E-06  1.0000E+00  7.0756E+03  8.1828E-05  1.4304E-11  3.4438E-13  8.8386E-04
 1.4580E+25  3.1873E-06  1.0000E+00  7.0740E+03  8.1828E-05  1.4087E-11  3.4445E-13  8.5943E-04
 1.4672E+25  3.2372E-06  1.0000E+00  7.0725E+03  8.1828E-05  1.3871E-11  3.4451E-13  8.3651E-04
 1.4765E+25  3.2738E-06  1.0000E+00  7.0709E+03  8.1828E-05  1.3726E-11  3.4457E-13  8.1403E-04
 1.4858E+25  3.3060E-06  1.0000E+00  7.0695E+03  8.1828E-05  1.3586E-11  3.4462E-13  7.9223E-04
 1.4950E+25  3.3581E-06  1.0000E+00  7.0680E+03  8.1828E-05  1.3378E-11  3.4468E-13  7.7131E-04
 1.5043E+25  3.4090E-06  1.0000E+00  7.0666E+03  8.1828E-05  1.3184E-11  3.4473E-13  7.5101E-04
 1.5135E+25  3.4283E-06  1.0000E+00  7.0653E+03  8.1828E-05  1.3110E-11  3.4479E-13  7.3153E-04
 1.5228E+25  3.4820E-06  1.0000E+00  7.0640E+03  8.1828E-05  1.2906E-11  3.4484E-13  7.1272E-04
 1.5320E+25  3.5377E-06  1.0000E+00  7.0627E+03  8.1828E-05  1.2705E-11  3.4489E-13  6.9418E-04
 1.5413E+25  3.5595E-06  1.0000E+00  7.0615E+03  8.1828E-05  1.2636E-11  3.4494E-13  6.7667E-04
 1.5506E+25  3.6094E-06  1.0000E+00  7.0603E+03  8.1828E-05  1.2455E-11  3.4498E-13  6.5963E-04
 1.5598E+25  3.6677E-06  1.0000E+00  7.0591E+03  8.1828E-05  1.2258E-11  3.4503E-13  6.4295E-04
 1.5691E+25  3.6921E-06  1.0000E+00  7.0580E+03  8.1828E-05  1.2186E-11  3.4507E-13  6.2699E-04
 1.5783E+25  3.7406E-06  1.0000E+00  7.0569E+03  8.1828E-05  1.2022E-11  3.4512E-13  6.1146E-04
 1.5876E+25  3.8018E-06  1.0000E+00  7.0558E+03  8.1828E-05  1.1830E-11  3.4516E-13  5.9640E-04
 1.5968E+25  3.8234E-06  1.0000E+00  7.0548E+03  8.1828E-05  1.1771E-11  3.4520E-13  5.8198E-04
 1.6061E+25  3.8760E-06  1.0000E+00  7.0538E+03  8.1828E-05  1.1605E-11  3.4524E-13  5.6784E-04
 1.6154E+25  3.9404E-06  1.0000E+00  7.0528E+03  8.1828E-05  1.1417E-11  3.4528E-13  5.5405E-04
 1.6246E+25  3.9532E-06  1.0000E+00  7.0519E+03  8.1828E-05  1.1388E-11  3.4531E-13  5.4094E-04
 1.6339E+25  4.0163E-06  1.0000E+00  7.0510E+03  8.1828E-05  1.1203E-11  3.4535E-13  5.2818E-04
 1.6431E+25  4.0727E-06  1.0000E+00  7.0500E+03  8.1828E-05  1.1056E-11  3.4539E-13  5.1562E-04
 1.6524E+25  4.0923E-06  1.0000E+00  7.0492E+03  8.1828E-05  1.0997E-11  3.4542E-13  5.0354E-04
 1.6616E+25  4.1618E-06  1.0000E+00  7.0483E+03  8.1828E-05  1.0814E-11  3.4545E-13  4.9190E-04
 1.6709E+25  4.2005E-06  1.0000E+00  7.0475E+03  8.1828E-05  1.0722E-11  3.4549E-13  4.8054E-04
 1.6802E+25  4.2398E-06  1.0000E+00  7.0467E+03  8.1828E-05  1.0616E-11  3.4552E-13  4.6949E-04
 1.6894E+25  4.3130E-06  1.0000E+00  7.0459E+03  8.1828E-05  1.0437E-11  3.4555E-13  4.5886E-04
 1.6987E+25  4.3262E-06  1.0000E+00  7.0451E+03  8.1828E-05  1.0413E-11  3.4558E-13  4.4839E-04
 1.7079E+25  4.3935E-06  1.0000E+00  7.0444E+03  8.1828E-05  1.0247E-11  3.4561E-13  4.3827E-04
 1.7172E+25  4.4459E-06  1.0000E+00  7.0436E+03  8.1828E-05  1.0134E-11  3.4564E-13  4.2859E-04
 1.7264E+25  4.4742E-06  1.0000E+00  7.0429E+03  8.1828E-05  1.0064E-11  3.4567E-13  4.1910E-04
 1.7357E+25  4.5537E-06  1.0000E+00  7.0422E+03  8.1828E-05  9.8888E-12  3.4569E-13  4.0973E-04
 1.7450E+25  4.5685E-06  1.0000E+00  7.0416E+03  8.1828E-05  9.8641E-12  3.4572E-13  4.0072E-04
 1.7542E+25  4.6374E-06  1.0000E+00  7.0409E+03  8.1828E-05  9.7115E-12  3.4575E-13  3.9212E-04
 1.7635E+25  4.6882E-06  1.0000E+00  7.0403E+03  8.1828E-05  9.6139E-12  3.4577E-13  3.8361E-04
 1.7727E+25  4.7216E-06  1.0000E+00  7.0396E+03  8.1828E-05  9.5391E-12  3.4580E-13  3.7527E-04
 1.7820E+25  4.8066E-06  1.0000E+00  7.0390E+03  8.1828E-05  9.3742E-12  3.4582E-13  3.6729E-04
 1.7912E+25  4.8087E-06  1.0000E+00  7.0384E+03  8.1828E-05  9.3714E-12  3.4584E-13  3.5951E-04
 1.8005E+25  4.8957E-06  1.0000E+00  7.0378E+03  8.1828E-05  9.2016E-12  3.4587E-13  3.5186E-04
 1.8097E+25  4.9263E-06  1.0000E+00  7.0373E+03  8.1828E-05  9.1517E-12  3.4589E-13  3.4447E-04
 1.8190E+25  4.9843E-06  1.0000E+00  7.0367E+03  8.1828E-05  9.0389E-12  3.4591E-13  3.3737E-04
 1.8283E+25  5.0459E-06  9.9999E-01  7.0362E+03  8.1828E-05  8.9357E-12  3.4593E-13  3.3032E-04
 1.8375E+25  5.0738E-06  9.9999E-01  7.0356E+03  8.1828E-05  8.8802E-12  3.4595E-13  3.2341E-04
 1.8468E+25  5.1650E-06  9.9999E-01  7.0351E+03  8.1828E-05  8.7292E-12  3.4597E-13  3.1685E-04
 1.8560E+25  5.1654E-06  9.9999E-01  7.0346E+03  8.1828E-05  8.7250E-12  3.4599E-13  3.1046E-04
 1.8653E+25  5.2644E-06  9.9999E-01  7.0341E+03  8.1828E-05  8.5600E-12  3.4601E-13  3.0415E-04
 1.8745E+25  5.2780E-06  9.9999E-01  7.0336E+03  8.1828E-05  8.5448E-12  3.4603E-13  2.9791E-04
 1.8838E+25  5.3595E-06  9.9999E-01  7.0332E+03  8.1828E-05  8.4087E-12  3.4605E-13  2.9195E-04
 1.8931E+25  5.3964E-06  9.9999E-01  7.0327E+03  8.1828E-05  8.3581E-12  3.4607E-13  2.8624E-04
 1.9023E+25  5.4560E-06  9.9999E-01  7.0323E+03  8.1828E-05  8.2607E-12  3.4609E-13  2.8054E-04
 1.9116E+25  5.5151E-06  9.9999E-01  7.0318E+03  8.1828E-05  8.1790E-12  3.4610E-13  2.7496E-04
 1.9208E+25  5.5540E-06  9.9999E-01  7.0314E+03  8.1828E-05  8.1155E-12  3.4612E-13  2.6958E-04
 1.9301E+25  5.6337E-06  9.9999E-01  7.0310E+03  8.1828E-05  8.0075E-12  3.4614E-13  2.6437E-04
 1.9393E+25  5.6536E-06  9.9999E-01  7.0306E+03  8.1828E-05  7.9731E-12  3.4615E-13  2.5923E-04
 1.9486E+25  5.7520E-06  9.9999E-01  7.0302E+03  8.1828E-05  7.8432E-12  3.4617E-13  2.5419E-04
 1.9579E+25  5.7552E-06  9.9999E-01  7.0298E+03  8.1828E-05  7.8330E-12  3.4618E-13  2.4936E-04
 1.9671E+25  5.8692E-06  9.9999E-01  7.0294E+03  8.1828E-05  7.6857E-12  3.4620E-13  2.4465E-04
 1.9764E+25  5.8598E-06  9.9999E-01  7.0290E+03  8.1828E-05  7.6952E-12  3.4621E-13  2.3998E-04
 1.9856E+25  5.9814E-06  9.9999E-01  7.0287E+03  8.1828E-05  7.5375E-12  3.4623E-13  2.3538E-04
 1.9949E+25  5.9711E-06  9.9999E-01  7.0283E+03  8.1828E-05  7.5568E-12  3.4624E-13  2.3100E-04
 2.0041E+25  6.0907E-06  9.9999E-01  7.0280E+03  8.1828E-05  7.4027E-12  3.4626E-13  2.2676E-04
 2.0134E+25  6.0872E-06  9.9999E-01  7.0276E+03  8.1828E-05  7.4132E-12  3.4627E-13  2.2255E-04
 2.0227E+25  6.2022E-06  9.9999E-01  7.0273E+03  8.1828E-05  7.2700E-12  3.4628E-13  2.1838E-04
 2.0319E+25  6.2029E-06  9.9999E-01  7.0269E+03  8.1828E-05  7.2753E-12  3.4630E-13  2.1434E-04
 2.0412E+25  6.3162E-06  9.9999E-01  7.0266E+03  8.1828E-05  7.1393E-12  3.4631E-13  2.1048E-04
 2.0504E+25  6.3184E-06  9.9999E-01  7.0263E+03  8.1828E-05  7.1428E-12  3.4632E-13  2.0668E-04
 2.0597E+25  6.4326E-06  9.9999E-01  7.0260E+03  8.1828E-05  7.0104E-12  3.4633E-13  2.0293E-04
 2.0689E+25  6.4334E-06  9.9999E-01  7.0257E+03  8.1828E-05  7.0156E-12  3.4635E-13  1.9923E-04
 2.0782E+25  6.5518E-06  9.9999E-01  7.0254E+03  8.1828E-05  6.8833E-12  3.4636E-13  1.9568E-04
 2.0875E+25  6.5480E-06  9.9999E-01  7.0251E+03  8.1828E-05  6.8932E-12  3.4637E-13  1.9223E-04
 2.0967E+25  6.6737E-06  9.9999E-01  7.0248E+03  8.1828E-05  6.7579E-12  3.4638E-13  1.8882E-04
 2.1060E+25  6.6620E-06  9.9999E-01  7.0245E+03  8.1828E-05  6.7755E-12  3.4639E-13  1.8545E-04
 2.1152E+25  6.7985E-06  9.9999E-01  7.0243E+03  8.1828E-05  6.6341E-12  3.4640E-13  1.8220E-04
 2.1245E+25  6.7756E-06  9.9999E-01  7.0240E+03  8.1828E-05  6.6623E-12  3.4641E-13  1.7907E-04
 2.1337E+25  6.9180E-06  9.9999E-01  7.0237E+03  8.1828E-05  6.5245E-12  3.4642E-13  1.7597E-04
 2.1430E+25  6.8970E-06  9.9999E-01  7.0235E+03  8.1828E-05  6.5406E-12  3.4643E-13  1.7290E-04
 2.1523E+25  7.0327E-06  9.9999E-01  7.0232E+03  8.1828E-05  6.4193E-12  3.4644E-13  1.6987E-04
 2.1615E+25  7.0258E-06  9.9999E-01  7.0230E+03  8.1828E-05  6.4202E-12  3.4645E-13  1.6700E-04
 2.1708E+25  7.1459E-06  9.9999E-01  7.0228E+03  8.1828E-05  6.3179E-12  3.4646E-13  1.6420E-04
 2.1800E+25  7.1588E-06  9.9999E-01  7.0225E+03  8.1828E-05  6.3010E-12  3.4647E-13  1.6142E-04
 2.1893E+25  7.2583E-06  9.9999E-01  7.0223E+03  8.1828E-05  6.2203E-12  3.4648E-13  1.5865E-04
 2.1985E+25  7.2956E-06  9.9999E-01  7.0220E+03  8.1828E-05  6.1831E-12  3.4649E-13  1.5596E-04
 2.2078E+25  7.3699E-06  9.9999E-01  7.0218E+03  8.1828E-05  6.1265E-12  3.4650E-13  1.5336E-04
 2.2171E+25  7.4362E-06  9.9999E-01  7.0216E+03  8.1828E-05  6.0664E-12  3.4651E-13  1.5088E-04
 2.2263E+25  7.4806E-06  9.9999E-01  7.0214E+03  8.1828E-05  6.0360E-12  3.4652E-13  1.4838E-04
 2.2356E+25  7.5808E-06  9.9999E-01  7.0212E+03  8.1828E-05  5.9510E-12  3.4652E-13  1.4590E-04
 2.2448E+25  7.5907E-06  9.9999E-01  7.0210E+03  8.1828E-05  5.9486E-12  3.4653E-13  1.4347E-04
 2.2541E+25  7.7292E-06  9.9999E-01  7.0208E+03  8.1828E-05  5.8369E-12  3.4654E-13  1.4116E-04
 2.2633E+25  7.7001E-06  9.9999E-01  7.0206E+03  8.1828E-05  5.8643E-12  3.4655E-13  1.3888E-04
 2.2726E+25  7.8523E-06  9.9999E-01  7.0204E+03  8.1828E-05  5.7508E-12  3.4656E-13  1.3665E-04
 2.2819E+25  7.8380E-06  9.9999E-01  7.0202E+03  8.1828E-05  5.7562E-12  3.4656E-13  1.3442E-04
 2.2911E+25  7.9614E-06  9.9999E-01  7.0200E+03  8.1828E-05  5.6722E-12  3.4657E-13  1.3224E-04
 2.3004E+25  7.9937E-06  9.9999E-01  7.0198E+03  8.1828E-05  5.6442E-12  3.4658E-13  1.3015E-04
 2.3096E+25  8.0692E-06  9.9999E-01  7.0196E+03  8.1828E-05  5.5967E-12  3.4659E-13  1.2811E-04
 2.3189E+25  8.1543E-06  9.9999E-01  7.0194E+03  8.1828E-05  5.5331E-12  3.4659E-13  1.2608E-04
 2.3281E+25  8.1763E-06  9.9999E-01  7.0193E+03  8.1828E-05  5.5235E-12  3.4660E-13  1.2408E-04
 2.3374E+25  8.3196E-06  9.9999E-01  7.0191E+03  8.1828E-05  5.4235E-12  3.4661E-13  1.2211E-04
 2.3467E+25  8.2826E-06  9.9999E-01  7.0189E+03  8.1828E-05  5.4527E-12  3.4661E-13  1.2022E-04
 2.3559E+25  8.4401E-06  9.9999E-01  7.0188E+03  8.1828E-05  5.3511E-12  3.4662E-13  1.1839E-04
 2.3652E+25  8.4372E-06  9.9999E-01  7.0186E+03  8.1828E-05  5.3480E-12  3.4663E-13  1.1656E-04
 2.3744E+25  8.5456E-06  9.9999E-01  7.0184E+03  8.1828E-05  5.2853E-12  3.4663E-13  1.1475E-04
 2.3837E+25  8.6115E-06  9.9999E-01  7.0183E+03  8.1828E-05  5.2399E-12  3.4664E-13  1.1295E-04
 2.3929E+25  8.6499E-06  9.9999E-01  7.0181E+03  8.1828E-05  5.2216E-12  3.4665E-13  1.1122E-04
 2.4022E+25  8.7912E-06  9.9999E-01  7.0180E+03  8.1828E-05  5.1330E-12  3.4665E-13  1.0957E-04
 2.4115E+25  8.7536E-06  9.9999E-01  7.0178E+03  8.1828E-05  5.1599E-12  3.4666E-13  1.0794E-04
 2.4207E+25  8.9154E-06  9.9999E-01  7.0177E+03  8.1828E-05  5.0664E-12  3.4666E-13  1.0630E-04
 2.4300E+25  8.9167E-06  9.9999E-01  7.0175E+03  8.1828E-05  5.0608E-12  3.4667E-13  1.0468E-04
 2.4392E+25  9.0178E-06  9.9999E-01  7.0174E+03  8.1828E-05  5.0090E-12  3.4668E-13  1.0309E-04
 2.4485E+25  9.1067E-06  9.9999E-01  7.0172E+03  8.1828E-05  4.9553E-12  3.4668E-13  1.0157E-04
 2.4577E+25  9.1194E-06  9.9999E-01  7.0171E+03  8.1828E-05  4.9532E-12  3.4669E-13  1.0009E-04
 2.4670E+25  9.2842E-06  9.9999E-01  7.0170E+03  8.1828E-05  4.8650E-12  3.4669E-13  9.8625E-05
 2.4763E+25  9.2380E-06  9.9999E-01  7.0168E+03  8.1828E-05  4.8854E-12  3.4670E-13  9.7173E-05
 2.4855E+25  9.3854E-06  9.9999E-01  7.0167E+03  8.1828E-05  4.8131E-12  3.4670E-13  9.5718E-05
 2.4948E+25  9.4383E-06  9.9999E-01  7.0166E+03  8.1828E-05  4.7814E-12  3.4671E-13  9.4315E-05
 2.5040E+25  9.4846E-06  9.9999E-01  7.0165E+03  8.1828E-05  4.7628E-12  3.4671E-13  9.2956E-05
 2.5133E+25  9.6454E-06  9.9999E-01  7.0163E+03  8.1828E-05  4.6795E-12  3.4672E-13  9.1642E-05
 2.5225E+25  9.5836E-06  9.9999E-01  7.0162E+03  8.1828E-05  4.7132E-12  3.4672E-13  9.0324E-05
 2.5318E+25  9.7519E-06  9.9999E-01  7.0161E+03  8.1828E-05  4.6325E-12  3.4673E-13  8.9012E-05
 2.5411E+25  9.7883E-06  9.9999E-01  7.0160E+03  8.1828E-05  4.6107E-12  3.4673E-13  8.7723E-05
 2.5503E+25  9.8487E-06  9.9999E-01  7.0159E+03  8.1828E-05  4.5870E-12  3.4674E-13  8.6471E-05
 2.5596E+25  1.0008E-05  9.9999E-01  7.0157E+03  8.1828E-05  4.5095E-12  3.4674E-13  8.5267E-05
 2.5688E+25  9.9450E-06  9.9999E-01  7.0156E+03  8.1828E-05  4.5426E-12  3.4674E-13  8.4080E-05
 2.5781E+25  1.0117E-05  9.9999E-01  7.0155E+03  8.1828E-05  4.4657E-12  3.4675E-13  8.2897E-05
 2.5873E+25  1.0159E-05  9.9999E-01  7.0154E+03  8.1828E-05  4.4428E-12  3.4675E-13  8.1719E-05
 2.5966E+25  1.0211E-05  9.9999E-01  7.0153E+03  8.1828E-05  4.4244E-12  3.4676E-13  8.0556E-05
 2.6059E+25  1.0383E-05  9.9999E-01  7.0152E+03  8.1828E-05  4.3499E-12  3.4676E-13  7.9450E-05
 2.6151E+25  1.0314E-05  9.9999E-01  7.0151E+03  8.1828E-05  4.3773E-12  3.4677E-13  7.8357E-05
 2.6244E+25  1.0479E-05  9.9999E-01  7.0150E+03  8.1828E-05  4.3115E-12  3.4677E-13  7.7307E-05
 2.6336E+25  1.0552E-05  9.9999E-01  7.0149E+03  8.1828E-05  4.2775E-12  3.4677E-13  7.6238E-05
 2.6429E+25  1.0571E-05  9.9999E-01  7.0148E+03  8.1828E-05  4.2739E-12  3.4678E-13  7.5183E-05
 2.6521E+25  1.0749E-05  9.9999E-01  7.0147E+03  8.1828E-05  4.2034E-12  3.4678E-13  7.4136E-05
 2.6614E+25  1.0713E-05  9.9999E-01  7.0146E+03  8.1828E-05  4.2131E-12  3.4679E-13  7.3123E-05
 2.6707E+25  1.0839E-05  9.9999E-01  7.0145E+03  8.1828E-05  4.1684E-12  3.4679E-13  7.2158E-05
 2.6799E+25  1.0969E-05  9.9999E-01  7.0144E+03  8.1828E-05  4.1149E-12  3.4679E-13  7.1200E-05
 2.6892E+25  1.0929E-05  9.9999E-01  7.0143E+03  8.1828E-05  4.1342E-12  3.4680E-13  7.0258E-05
 2.6984E+25  1.1109E-05  9.9999E-01  7.0142E+03  8.1828E-05  4.0674E-12  3.4680E-13  6.9303E-05
 2.7077E+25  1.1141E-05  9.9999E-01  7.0141E+03  8.1828E-05  4.0512E-12  3.4680E-13  6.8358E-05
 2.7169E+25  1.1196E-05  9.9999E-01  7.0141E+03  8.1828E-05  4.0355E-12  3.4681E-13  6.7446E-05
 2.7262E+25  1.1379E-05  9.9999E-01  7.0140E+03  8.1828E-05  3.9708E-12  3.4681E-13  6.6551E-05
 2.7355E+25  1.1318E-05  9.9999E-01  7.0139E+03  8.1828E-05  3.9883E-12  3.4681E-13  6.5702E-05
 2.7447E+25  1.1465E-05  9.9999E-01  7.0138E+03  8.1828E-05  3.9411E-12  3.4682E-13  6.4855E-05
 2.7540E+25  1.1598E-05  9.9999E-01  7.0137E+03  8.1828E-05  3.8919E-12  3.4682E-13  6.4000E-05
 2.7632E+25  1.1550E-05  9.9999E-01  7.0136E+03  8.1828E-05  3.9120E-12  3.4682E-13  6.3156E-05
 2.7725E+25  1.1735E-05  9.9999E-01  7.0136E+03  8.1828E-05  3.8506E-12  3.4683E-13  6.2320E-05
 2.7817E+25  1.1787E-05  9.9999E-01  7.0135E+03  8.1828E-05  3.8294E-12  3.4683E-13  6.1506E-05
 2.7910E+25  1.1818E-05  9.9999E-01  7.0134E+03  8.1828E-05  3.8235E-12  3.4683E-13  6.0732E-05
 2.8003E+25  1.2005E-05  9.9999E-01  7.0133E+03  8.1828E-05  3.7639E-12  3.4684E-13  5.9960E-05
 2.8095E+25  1.1980E-05  9.9999E-01  7.0133E+03  8.1828E-05  3.7678E-12  3.4684E-13  5.9206E-05
 2.8188E+25  1.2087E-05  9.9999E-01  7.0132E+03  8.1828E-05  3.7386E-12  3.4684E-13  5.8444E-05
 2.8280E+25  1.2274E-05  9.9999E-01  7.0131E+03  8.1828E-05  3.6808E-12  3.4684E-13  5.7690E-05
 2.8373E+25  1.2182E-05  9.9999E-01  7.0130E+03  8.1828E-05  3.7063E-12  3.4685E-13  5.6945E-05
 2.8465E+25  1.2356E-05  9.9999E-01  7.0130E+03  8.1828E-05  3.6572E-12  3.4685E-13  5.6232E-05
 2.8558E+25  1.2497E-05  9.9999E-01  7.0129E+03  8.1828E-05  3.6123E-12  3.4685E-13  5.5536E-05
 2.8651E+25  1.2435E-05  9.9999E-01  7.0128E+03  8.1828E-05  3.6339E-12  3.4686E-13  5.4860E-05
 2.8743E+25  1.2625E-05  9.9999E-01  7.0128E+03  8.1828E-05  3.5792E-12  3.4686E-13  5.4166E-05
 2.8836E+25  1.2711E-05  9.9999E-01  7.0127E+03  8.1828E-05  3.5513E-12  3.4686E-13  5.3493E-05
 2.8928E+25  1.2703E-05  9.9999E-01  7.0126E+03  8.1828E-05  3.5574E-12  3.4686E-13  5.2812E-05
 2.9021E+25  1.2896E-05  9.9999E-01  7.0126E+03  8.1828E-05  3.5043E-12  3.4687E-13  5.2157E-05
 2.9113E+25  1.2932E-05  9.9999E-01  7.0125E+03  8.1828E-05  3.4907E-12  3.4687E-13  5.1516E-05
 2.9206E+25  1.2971E-05  9.9999E-01  7.0124E+03  8.1828E-05  3.4840E-12  3.4687E-13  5.0900E-05
 2.9299E+25  1.3166E-05  9.9999E-01  7.0124E+03  8.1828E-05  3.4323E-12  3.4687E-13  5.0287E-05
 2.9391E+25  1.3159E-05  9.9999E-01  7.0123E+03  8.1828E-05  3.4304E-12  3.4688E-13  4.9680E-05
 2.9484E+25  1.3239E-05  9.9999E-01  7.0123E+03  8.1828E-05  3.4134E-12  3.4688E-13  4.9063E-05
 2.9576E+25  1.3437E-05  9.9999E-01  7.0122E+03  8.1828E-05  3.3632E-12  3.4688E-13  4.8458E-05
 2.9669E+25  1.3393E-05  9.9999E-01  7.0121E+03  8.1828E-05  3.3705E-12  3.4688E-13  4.7868E-05
 2.9761E+25  1.3508E-05  9.9999E-01  7.0121E+03  8.1828E-05  3.3456E-12  3.4689E-13  4.7295E-05
 2.9854E+25  1.3708E-05  9.9999E-01  7.0120E+03  8.1828E-05  3.2968E-12  3.4689E-13  4.6742E-05
 2.9947E+25  1.3635E-05  9.9999E-01  7.0120E+03  8.1828E-05  3.3109E-12  3.4689E-13  4.6197E-05
 3.0039E+25  1.3777E-05  9.9999E-01  7.0119E+03  8.1828E-05  3.2803E-12  3.4689E-13  4.5647E-05
 3.0132E+25  1.3978E-05  9.9999E-01  7.0119E+03  8.1828E-05  3.2330E-12  3.4689E-13  4.5104E-05
 3.0224E+25  1.3885E-05  9.9999E-01  7.0118E+03  8.1828E-05  3.2514E-12  3.4690E-13  4.4558E-05
 3.0317E+25  1.4046E-05  9.9999E-01  7.0117E+03  8.1828E-05  3.2176E-12  3.4690E-13  4.4018E-05
 3.0409E+25  1.4248E-05  9.9999E-01  7.0117E+03  8.1828E-05  3.1716E-12  3.4690E-13  4.3506E-05
 3.0502E+25  1.4144E-05  9.9999E-01  7.0116E+03  8.1828E-05  3.1921E-12  3.4690E-13  4.3003E-05
 3.0594E+25  1.4314E-05  9.9999E-01  7.0116E+03  8.1828E-05  3.1573E-12  3.4691E-13  4.2518E-05
 3.0687E+25  1.4519E-05  9.9999E-01  7.0115E+03  8.1828E-05  3.1126E-12  3.4691E-13  4.2031E-05
 3.0780E+25  1.4411E-05  9.9999E-01  7.0115E+03  8.1828E-05  3.1330E-12  3.4691E-13  4.1539E-05
 3.0872E+25  1.4583E-05  9.9999E-01  7.0114E+03  8.1828E-05  3.0992E-12  3.4691E-13  4.1053E-05
 3.0965E+25  1.4789E-05  9.9999E-01  7.0114E+03  8.1828E-05  3.0557E-12  3.4691E-13  4.0570E-05
 3.1057E+25  1.4686E-05  9.9999E-01  7.0113E+03  8.1828E-05  3.0741E-12  3.4692E-13  4.0096E-05
 3.1150E+25  1.4851E-05  9.9999E-01  7.0113E+03  8.1828E-05  3.0433E-12  3.4692E-13  3.9639E-05
 3.1242E+25  1.5060E-05  9.9998E-01  7.0112E+03  8.1828E-05  3.0010E-12  3.4692E-13  3.9200E-05
 3.1335E+25  1.4972E-05  9.9999E-01  7.0112E+03  8.1828E-05  3.0154E-12  3.4692E-13  3.8767E-05
 3.1428E+25  1.5119E-05  9.9998E-01  7.0112E+03  8.1828E-05  2.9894E-12  3.4692E-13  3.8330E-05
 3.1520E+25  1.5330E-05  9.9998E-01  7.0111E+03  8.1828E-05  2.9483E-12  3.4692E-13  3.7895E-05
 3.1613E+25  1.5267E-05  9.9998E-01  7.0111E+03  8.1828E-05  2.9570E-12  3.4693E-13  3.7456E-05
 3.1705E+25  1.5387E-05  9.9998E-01  7.0110E+03  8.1828E-05  2.9374E-12  3.4693E-13  3.7028E-05
 3.1798E+25  1.5599E-05  9.9998E-01  7.0110E+03  8.1828E-05  2.8975E-12  3.4693E-13  3.6616E-05
 3.1890E+25  1.5574E-05  9.9998E-01  7.0109E+03  8.1828E-05  2.8988E-12  3.4693E-13  3.6204E-05
 3.1983E+25  1.5654E-05  9.9998E-01  7.0109E+03  8.1828E-05  2.8872E-12  3.4693E-13  3.5816E-05
 3.2076E+25  1.5868E-05  9.9998E-01  7.0108E+03  8.1828E-05  2.8485E-12  3.4693E-13  3.5425E-05
 3.2168E+25  1.5891E-05  9.9998E-01  7.0108E+03  8.1828E-05  2.8410E-12  3.4694E-13  3.5037E-05
 3.2261E+25  1.5921E-05  9.9998E-01  7.0108E+03  8.1828E-05  2.8388E-12  3.4694E-13  3.4647E-05
 3.2353E+25  1.6136E-05  9.9998E-01  7.0107E+03  8.1828E-05  2.8011E-12  3.4694E-13  3.4260E-05
 3.2446E+25  1.6219E-05  9.9998E-01  7.0107E+03  8.1828E-05  2.7835E-12  3.4694E-13  3.3873E-05
 3.2538E+25  1.6188E-05  9.9998E-01  7.0106E+03  8.1828E-05  2.7921E-12  3.4694E-13  3.3505E-05
 3.2631E+25  1.6404E-05  9.9998E-01  7.0106E+03  8.1828E-05  2.7554E-12  3.4694E-13  3.3144E-05
 3.2724E+25  1.6560E-05  9.9998E-01  7.0106E+03  8.1828E-05  2.7263E-12  3.4695E-13  3.2794E-05
 3.2816E+25  1.6455E-05  9.9998E-01  7.0105E+03  8.1828E-05  2.7469E-12  3.4695E-13  3.2446E-05
 3.2909E+25  1.6671E-05  9.9998E-01  7.0105E+03  8.1828E-05  2.7114E-12  3.4695E-13  3.2095E-05
 3.3001E+25  1.6889E-05  9.9998E-01  7.0105E+03  8.1828E-05  2.6758E-12  3.4695E-13  3.1749E-05
 3.3094E+25  1.6745E-05  9.9998E-01  7.0104E+03  8.1828E-05  2.6968E-12  3.4695E-13  3.1402E-05
 3.3186E+25  1.6938E-05  9.9998E-01  7.0104E+03  8.1828E-05  2.6687E-12  3.4695E-13  3.1061E-05
 3.3279E+25  1.7160E-05  9.9998E-01  7.0103E+03  8.1828E-05  2.6342E-12  3.4695E-13  3.0726E-05
 3.3372E+25  1.7104E-05  9.9998E-01  7.0103E+03  8.1828E-05  2.6396E-12  3.4696E-13  3.0400E-05
 3.3464E+25  1.7205E-05  9.9998E-01  7.0103E+03  8.1828E-05  2.6274E-12  3.4696E-13  3.0093E-05
 3.3557E+25  1.7428E-05  9.9998E-01  7.0102E+03  8.1828E-05  2.5938E-12  3.4696E-13  2.9779E-05
 3.3649E+25  1.7480E-05  9.9998E-01  7.0102E+03  8.1828E-05  2.5829E-12  3.4696E-13  2.9469E-05
 3.3742E+25  1.7471E-05  9.9998E-01  7.0102E+03  8.1828E-05  2.5874E-12  3.4696E-13  2.9154E-05
 3.3834E+25  1.7695E-05  9.9998E-01  7.0101E+03  8.1828E-05  2.5548E-12  3.4696E-13  2.8844E-05
 3.3927E+25  1.7869E-05  9.9998E-01  7.0101E+03  8.1828E-05  2.5265E-12  3.4696E-13  2.8536E-05
 3.4020E+25  1.7737E-05  9.9998E-01  7.0101E+03  8.1828E-05  2.5487E-12  3.4697E-13  2.8239E-05
 3.4112E+25  1.7961E-05  9.9998E-01  7.0100E+03  8.1828E-05  2.5171E-12  3.4697E-13  2.7944E-05
 3.4205E+25  1.8188E-05  9.9998E-01  7.0100E+03  8.1828E-05  2.4854E-12  3.4697E-13  2.7660E-05
 3.4297E+25  1.8088E-05  9.9998E-01  7.0100E+03  8.1828E-05  2.4964E-12  3.4697E-13  2.7386E-05
 3.4390E+25  1.8227E-05  9.9998E-01  7.0099E+03  8.1828E-05  2.4804E-12  3.4697E-13  2.7109E-05
 3.4482E+25  1.8456E-05  9.9998E-01  7.0099E+03  8.1828E-05  2.4495E-12  3.4697E-13  2.6828E-05
 3.4575E+25  1.8502E-05  9.9998E-01  7.0099E+03  8.1828E-05  2.4402E-12  3.4697E-13  2.6552E-05
 3.4668E+25  1.8493E-05  9.9998E-01  7.0098E+03  8.1828E-05  2.4448E-12  3.4697E-13  2.6271E-05
 3.4760E+25  1.8723E-05  9.9998E-01  7.0098E+03  8.1828E-05  2.4150E-12  3.4698E-13  2.6001E-05
 3.4853E+25  1.8933E-05  9.9998E-01  7.0098E+03  8.1828E-05  2.3851E-12  3.4698E-13  2.5735E-05
 3.4945E+25  1.8760E-05  9.9998E-01  7.0098E+03  8.1828E-05  2.4098E-12  3.4698E-13  2.5477E-05
 3.5038E+25  1.8989E-05  9.9998E-01  7.0097E+03  8.1828E-05  2.3813E-12  3.4698E-13  2.5229E-05
 3.5130E+25  1.9222E-05  9.9998E-01  7.0097E+03  8.1828E-05  2.3522E-12  3.4698E-13  2.4981E-05
 3.5223E+25  1.9182E-05  9.9998E-01  7.0097E+03  8.1828E-05  2.3539E-12  3.4698E-13  2.4735E-05
 3.5316E+25  1.9255E-05  9.9998E-01  7.0096E+03  8.1828E-05  2.3485E-12  3.4698E-13  2.4486E-05
 3.5408E+25  1.9489E-05  9.9998E-01  7.0096E+03  8.1828E-05  2.3203E-12  3.4698E-13  2.4236E-05
 3.5501E+25  1.9642E-05  9.9998E-01  7.0096E+03  8.1828E-05  2.2986E-12  3.4698E-13  2.3992E-05
 3.5593E+25  1.9521E-05  9.9998E-01  7.0096E+03  8.1828E-05  2.3168E-12  3.4699E-13  2.3745E-05
 3.5686E+25  1.9755E-05  9.9998E-01  7.0095E+03  8.1828E-05  2.2894E-12  3.4699E-13  2.3512E-05
 3.5778E+25  1.9991E-05  9.9998E-01  7.0095E+03  8.1828E-05  2.2619E-12  3.4699E-13  2.3279E-05
 3.5871E+25  1.9914E-05  9.9998E-01  7.0095E+03  8.1828E-05  2.2678E-12  3.4699E-13  2.3062E-05
 3.5964E+25  2.0022E-05  9.9998E-01  7.0095E+03  8.1828E-05  2.2592E-12  3.4699E-13  2.2842E-05
 3.6056E+25  2.0260E-05  9.9998E-01  7.0094E+03  8.1828E-05  2.2326E-12  3.4699E-13  2.2618E-05
 3.6149E+25  2.0404E-05  9.9998E-01  7.0094E+03  8.1828E-05  2.2129E-12  3.4699E-13  2.2398E-05
 3.6241E+25  2.0288E-05  9.9998E-01  7.0094E+03  8.1828E-05  2.2298E-12  3.4699E-13  2.2178E-05
 3.6334E+25  2.0527E-05  9.9998E-01  7.0094E+03  8.1828E-05  2.2039E-12  3.4699E-13  2.1955E-05
 3.6426E+25  2.0766E-05  9.9998E-01  7.0093E+03  8.1828E-05  2.1780E-12  3.4700E-13  2.1741E-05
 3.6519E+25  2.0701E-05  9.9998E-01  7.0093E+03  8.1828E-05  2.1818E-12  3.4700E-13  2.1527E-05
 3.6612E+25  2.0794E-05  9.9998E-01  7.0093E+03  8.1828E-05  2.1760E-12  3.4700E-13  2.1320E-05
 3.6704E+25  2.1036E-05  9.9998E-01  7.0093E+03  8.1828E-05  2.1509E-12  3.4700E-13  2.1123E-05
 3.6797E+25  2.1223E-05  9.9998E-01  7.0092E+03  8.1828E-05  2.1274E-12  3.4700E-13  2.0929E-05
 3.6889E+25  2.1061E-05  9.9998E-01  7.0092E+03  8.1828E-05  2.1489E-12  3.4700E-13  2.0732E-05
 3.6982E+25  2.1304E-05  9.9998E-01  7.0092E+03  8.1828E-05  2.1243E-12  3.4700E-13  2.0533E-05
 3.7074E+25  2.1547E-05  9.9998E-01  7.0092E+03  8.1828E-05  2.0999E-12  3.4700E-13  2.0336E-05
 3.7167E+25  2.1547E-05  9.9998E-01  7.0091E+03  8.1828E-05  2.0962E-12  3.4700E-13  2.0140E-05
 3.7260E+25  2.1573E-05  9.9998E-01  7.0091E+03  8.1828E-05  2.0984E-12  3.4700E-13  1.9944E-05
 3.7352E+25  2.1818E-05  9.9998E-01  7.0091E+03  8.1828E-05  2.0747E-12  3.4700E-13  1.9755E-05
 3.7445E+25  2.2051E-05  9.9998E-01  7.0091E+03  8.1828E-05  2.0510E-12  3.4701E-13  1.9568E-05
 3.7537E+25  2.1895E-05  9.9998E-01  7.0090E+03  8.1828E-05  2.0647E-12  3.4701E-13  1.9388E-05
 3.7630E+25  2.2088E-05  9.9998E-01  7.0090E+03  8.1828E-05  2.0500E-12  3.4701E-13  1.9214E-05
 3.7722E+25  2.2336E-05  9.9998E-01  7.0090E+03  8.1828E-05  2.0271E-12  3.4701E-13  1.9038E-05
 3.7815E+25  2.2458E-05  9.9998E-01  7.0090E+03  8.1828E-05  2.0110E-12  3.4701E-13  1.8863E-05
 3.7908E+25  2.2358E-05  9.9998E-01  7.0090E+03  8.1828E-05  2.0261E-12  3.4701E-13  1.8689E-05
 3.8000E+25  2.2608E-05  9.9998E-01  7.0089E+03  8.1828E-05  2.0036E-12  3.4701E-13  1.8510E-05
 3.8093E+25  2.2853E-05  9.9998E-01  7.0089E+03  8.1828E-05  1.9811E-12  3.4701E-13  1.8335E-05
 3.8185E+25  2.2828E-05  9.9998E-01  7.0089E+03  8.1828E-05  1.9795E-12  3.4701E-13  1.8166E-05
 3.8278E+25  2.2880E-05  9.9998E-01  7.0089E+03  8.1828E-05  1.9806E-12  3.4701E-13  1.7995E-05
 3.8370E+25  2.3132E-05  9.9998E-01  7.0089E+03  8.1828E-05  1.9588E-12  3.4701E-13  1.7831E-05
 3.8463E+25  2.3365E-05  9.9998E-01  7.0088E+03  8.1828E-05  1.9371E-12  3.4701E-13  1.7675E-05
 3.8556E+25  2.3224E-05  9.9998E-01  7.0088E+03  8.1828E-05  1.9478E-12  3.4702E-13  1.7518E-05
 3.8648E+25  2.3407E-05  9.9998E-01  7.0088E+03  8.1828E-05  1.9368E-12  3.4702E-13  1.7361E-05
 3.8741E+25  2.3659E-05  9.9998E-01  7.0088E+03  8.1828E-05  1.9158E-12  3.4702E-13  1.7204E-05
 3.8833E+25  2.3838E-05  9.9998E-01  7.0088E+03  8.1828E-05  1.8950E-12  3.4702E-13  1.7048E-05
 3.8926E+25  2.3681E-05  9.9998E-01  7.0087E+03  8.1828E-05  1.9156E-12  3.4702E-13  1.6893E-05
 3.9018E+25  2.3938E-05  9.9998E-01  7.0087E+03  8.1828E-05  1.8948E-12  3.4702E-13  1.6734E-05
 3.9111E+25  2.4188E-05  9.9998E-01  7.0087E+03  8.1828E-05  1.8743E-12  3.4702E-13  1.6583E-05
 3.9204E+25  2.4258E-05  9.9998E-01  7.0087E+03  8.1828E-05  1.8634E-12  3.4702E-13  1.6433E-05
 3.9296E+25  2.4215E-05  9.9998E-01  7.0087E+03  8.1828E-05  1.8744E-12  3.4702E-13  1.6286E-05
 3.9389E+25  2.4474E-05  9.9998E-01  7.0086E+03  8.1828E-05  1.8543E-12  3.4702E-13  1.6148E-05
 3.9481E+25  2.4720E-05  9.9998E-01  7.0086E+03  8.1828E-05  1.8343E-12  3.4702E-13  1.6009E-05
 3.9574E+25  2.4699E-05  9.9998E-01  7.0086E+03  8.1828E-05  1.8317E-12  3.4702E-13  1.5869E-05
 3.9666E+25  2.4756E-05  9.9998E-01  7.0086E+03  8.1828E-05  1.8346E-12  3.4702E-13  1.5728E-05
 3.9759E+25  2.5015E-05  9.9997E-01  7.0086E+03  8.1828E-05  1.8152E-12  3.4703E-13  1.5589E-05
 3.9852E+25  2.5252E-05  9.9997E-01  7.0086E+03  8.1828E-05  1.7958E-12  3.4703E-13  1.5449E-05
 3.9944E+25  2.5164E-05  9.9997E-01  7.0085E+03  8.1828E-05  1.7999E-12  3.4703E-13  1.5311E-05
 4.0037E+25  2.5302E-05  9.9997E-01  7.0085E+03  8.1828E-05  1.7964E-12  3.4703E-13  1.5175E-05
 4.0129E+25  2.5562E-05  9.9997E-01  7.0085E+03  8.1828E-05  1.7776E-12  3.4703E-13  1.5039E-05
 4.0222E+25  2.5783E-05  9.9997E-01  7.0085E+03  8.1828E-05  1.7587E-12  3.4703E-13  1.4908E-05
 4.0314E+25  2.5655E-05  9.9997E-01  7.0085E+03  8.1828E-05  1.7680E-12  3.4703E-13  1.4784E-05
 4.0407E+25  2.5855E-05  9.9997E-01  7.0085E+03  8.1828E-05  1.7595E-12  3.4703E-13  1.4661E-05
 4.0500E+25  2.6113E-05  9.9997E-01  7.0084E+03  8.1828E-05  1.7412E-12  3.4703E-13  1.4538E-05
 4.0592E+25  2.6315E-05  9.9997E-01  7.0084E+03  8.1828E-05  1.7229E-12  3.4703E-13  1.4412E-05
 4.0685E+25  2.6175E-05  9.9997E-01  7.0084E+03  8.1828E-05  1.7361E-12  3.4703E-13  1.4287E-05
 4.0777E+25  2.6414E-05  9.9997E-01  7.0084E+03  8.1828E-05  1.7238E-12  3.4703E-13  1.4162E-05
 4.0870E+25  2.6673E-05  9.9997E-01  7.0084E+03  8.1828E-05  1.7061E-12  3.4703E-13  1.4038E-05
 4.0962E+25  2.6849E-05  9.9997E-01  7.0083E+03  8.1828E-05  1.6883E-12  3.4703E-13  1.3916E-05
 4.1055E+25  2.6720E-05  9.9997E-01  7.0083E+03  8.1828E-05  1.7042E-12  3.4703E-13  1.3796E-05
 4.1148E+25  2.6982E-05  9.9997E-01  7.0083E+03  8.1828E-05  1.6894E-12  3.4704E-13  1.3674E-05
 4.1240E+25  2.7238E-05  9.9997E-01  7.0083E+03  8.1828E-05  1.6722E-12  3.4704E-13  1.3563E-05
 4.1333E+25  2.7392E-05  9.9997E-01  7.0083E+03  8.1828E-05  1.6549E-12  3.4704E-13  1.3454E-05
 4.1425E+25  2.7286E-05  9.9997E-01  7.0083E+03  8.1828E-05  1.6723E-12  3.4704E-13  1.3343E-05
 4.1518E+25  2.7557E-05  9.9997E-01  7.0083E+03  8.1828E-05  1.6561E-12  3.4704E-13  1.3233E-05
 4.1610E+25  2.7812E-05  9.9997E-01  7.0082E+03  8.1828E-05  1.6394E-12  3.4704E-13  1.3122E-05
 4.1703E+25  2.7952E-05  9.9997E-01  7.0082E+03  8.1828E-05  1.6226E-12  3.4704E-13  1.3011E-05
 4.1796E+25  2.7868E-05  9.9997E-01  7.0082E+03  8.1828E-05  1.6405E-12  3.4704E-13  1.2899E-05
 4.1888E+25  2.8143E-05  9.9997E-01  7.0082E+03  8.1828E-05  1.6239E-12  3.4704E-13  1.2788E-05
 4.1981E+25  2.8396E-05  9.9997E-01  7.0082E+03  8.1828E-05  1.6077E-12  3.4704E-13  1.2679E-05
 4.2073E+25  2.8533E-05  9.9997E-01  7.0082E+03  8.1828E-05  1.5914E-12  3.4704E-13  1.2573E-05
 4.2166E+25  2.8461E-05  9.9997E-01  7.0082E+03  8.1828E-05  1.6087E-12  3.4704E-13  1.2468E-05
 4.2258E+25  2.8737E-05  9.9997E-01  7.0081E+03  8.1828E-05  1.5928E-12  3.4704E-13  1.2366E-05
 4.2351E+25  2.8994E-05  9.9997E-01  7.0081E+03  8.1828E-05  1.5769E-12  3.4704E-13  1.2270E-05
 4.2443E+25  2.9130E-05  9.9997E-01  7.0081E+03  8.1828E-05  1.5611E-12  3.4704E-13  1.2173E-05
 4.2536E+25  2.9068E-05  9.9997E-01  7.0081E+03  8.1828E-05  1.5772E-12  3.4704E-13  1.2074E-05
 4.2629E+25  2.9345E-05  9.9997E-01  7.0081E+03  8.1828E-05  1.5626E-12  3.4704E-13  1.1975E-05
 4.2721E+25  2.9597E-05  9.9997E-01  7.0081E+03  8.1828E-05  1.5472E-12  3.4705E-13  1.1876E-05
 4.2814E+25  2.9754E-05  9.9997E-01  7.0081E+03  8.1828E-05  1.5318E-12  3.4705E-13  1.1778E-05
 4.2906E+25  2.9689E-05  9.9997E-01  7.0080E+03  8.1828E-05  1.5457E-12  3.4705E-13  1.1679E-05
 4.2999E+25  2.9962E-05  9.9997E-01  7.0080E+03  8.1828E-05  1.5333E-12  3.4705E-13  1.1582E-05
 4.3091E+25  3.0222E-05  9.9997E-01  7.0080E+03  8.1828E-05  1.5183E-12  3.4705E-13  1.1486E-05
 4.3184E+25  3.0386E-05  9.9997E-01  7.0080E+03  8.1828E-05  1.5034E-12  3.4705E-13  1.1392E-05
 4.3277E+25  3.0332E-05  9.9997E-01  7.0080E+03  8.1828E-05  1.5145E-12  3.4705E-13  1.1304E-05
 4.3369E+25  3.0595E-05  9.9997E-01  7.0080E+03  8.1828E-05  1.5049E-12  3.4705E-13  1.1216E-05
 4.3462E+25  3.0855E-05  9.9997E-01  7.0080E+03  8.1828E-05  1.4904E-12  3.4705E-13  1.1129E-05
 4.3554E+25  3.1040E-05  9.9997E-01  7.0079E+03  8.1828E-05  1.4758E-12  3.4705E-13  1.1042E-05
 4.3647E+25  3.0996E-05  9.9997E-01  7.0079E+03  8.1828E-05  1.4835E-12  3.4705E-13  1.0954E-05
 4.3739E+25  3.1240E-05  9.9997E-01  7.0079E+03  8.1828E-05  1.4774E-12  3.4705E-13  1.0866E-05
 4.3832E+25  3.1508E-05  9.9997E-01  7.0079E+03  8.1828E-05  1.4632E-12  3.4705E-13  1.0779E-05
 4.3925E+25  3.1705E-05  9.9997E-01  7.0079E+03  8.1828E-05  1.4490E-12  3.4705E-13  1.0690E-05
 4.4017E+25  3.1684E-05  9.9997E-01  7.0079E+03  8.1828E-05  1.4527E-12  3.4705E-13  1.0605E-05
 4.4110E+25  3.1907E-05  9.9997E-01  7.0079E+03  8.1828E-05  1.4506E-12  3.4705E-13  1.0517E-05
 4.4202E+25  3.2173E-05  9.9997E-01  7.0079E+03  8.1828E-05  1.4367E-12  3.4705E-13  1.0432E-05
 4.4295E+25  3.2388E-05  9.9997E-01  7.0078E+03  8.1828E-05  1.4230E-12  3.4705E-13  1.0352E-05
 4.4387E+25  3.2400E-05  9.9997E-01  7.0078E+03  8.1828E-05  1.4222E-12  3.4705E-13  1.0274E-05
 4.4480E+25  3.2581E-05  9.9997E-01  7.0078E+03  8.1828E-05  1.4246E-12  3.4706E-13  1.0198E-05
 4.4573E+25  3.2864E-05  9.9997E-01  7.0078E+03  8.1828E-05  1.4111E-12  3.4706E-13  1.0119E-05
 4.4665E+25  3.3089E-05  9.9997E-01  7.0078E+03  8.1828E-05  1.3977E-12  3.4706E-13  1.0042E-05
 4.4758E+25  3.3138E-05  9.9997E-01  7.0078E+03  8.1828E-05  1.3920E-12  3.4706E-13  9.9638E-06
 4.4850E+25  3.3286E-05  9.9997E-01  7.0078E+03  8.1828E-05  1.3994E-12  3.4706E-13  9.8852E-06
 4.4943E+25  3.3564E-05  9.9997E-01  7.0078E+03  8.1828E-05  1.3860E-12  3.4706E-13  9.8075E-06
 4.5035E+25  3.3805E-05  9.9997E-01  7.0077E+03  8.1828E-05  1.3731E-12  3.4706E-13  9.7289E-06
 4.5128E+25  3.3912E-05  9.9997E-01  7.0077E+03  8.1828E-05  1.3621E-12  3.4706E-13  9.6527E-06
 4.5221E+25  3.3998E-05  9.9997E-01  7.0077E+03  8.1828E-05  1.3748E-12  3.4706E-13  9.5767E-06
 4.5313E+25  3.4294E-05  9.9997E-01  7.0077E+03  8.1828E-05  1.3617E-12  3.4706E-13  9.5004E-06
 4.5406E+25  3.4544E-05  9.9997E-01  7.0077E+03  8.1828E-05  1.3491E-12  3.4706E-13  9.4295E-06
 4.5498E+25  3.4696E-05  9.9997E-01  7.0077E+03  8.1828E-05  1.3364E-12  3.4706E-13  9.3613E-06
 4.5591E+25  3.4756E-05  9.9997E-01  7.0077E+03  8.1828E-05  1.3471E-12  3.4706E-13  9.2933E-06
 4.5683E+25  3.5037E-05  9.9996E-01  7.0077E+03  8.1828E-05  1.3380E-12  3.4706E-13  9.2243E-06
 4.5776E+25  3.5300E-05  9.9996E-01  7.0076E+03  8.1828E-05  1.3257E-12  3.4706E-13  9.1534E-06
 4.5869E+25  3.5496E-05  9.9996E-01  7.0076E+03  8.1828E-05  1.3133E-12  3.4706E-13  9.0847E-06
 4.5961E+25  3.5546E-05  9.9996E-01  7.0076E+03  8.1828E-05  1.3178E-12  3.4706E-13  9.0155E-06
 4.6054E+25  3.5809E-05  9.9996E-01  7.0076E+03  8.1828E-05  1.3149E-12  3.4706E-13  8.9455E-06
 4.6146E+25  3.6085E-05  9.9996E-01  7.0076E+03  8.1828E-05  1.3028E-12  3.4706E-13  8.8766E-06
 4.6239E+25  3.6305E-05  9.9996E-01  7.0076E+03  8.1828E-05  1.2908E-12  3.4706E-13  8.8082E-06
 4.6331E+25  3.6384E-05  9.9996E-01  7.0076E+03  8.1828E-05  1.2888E-12  3.4706E-13  8.7403E-06
 4.6424E+25  3.6604E-05  9.9996E-01  7.0076E+03  8.1828E-05  1.2924E-12  3.4707E-13  8.6731E-06
 4.6517E+25  3.6892E-05  9.9996E-01  7.0076E+03  8.1828E-05  1.2805E-12  3.4707E-13  8.6103E-06
 4.6609E+25  3.7129E-05  9.9996E-01  7.0075E+03  8.1828E-05  1.2688E-12  3.4707E-13  8.5486E-06
 4.6702E+25  3.7261E-05  9.9996E-01  7.0075E+03  8.1828E-05  1.2603E-12  3.4707E-13  8.4876E-06
 4.6794E+25  3.7425E-05  9.9996E-01  7.0075E+03  8.1828E-05  1.2705E-12  3.4707E-13  8.4267E-06
 4.6887E+25  3.7721E-05  9.9996E-01  7.0075E+03  8.1828E-05  1.2587E-12  3.4707E-13  8.3650E-06
 4.6979E+25  3.7990E-05  9.9996E-01  7.0075E+03  8.1828E-05  1.2474E-12  3.4707E-13  8.3027E-06
 4.7072E+25  3.8160E-05  9.9996E-01  7.0075E+03  8.1828E-05  1.2360E-12  3.4707E-13  8.2411E-06
 4.7165E+25  3.8281E-05  9.9996E-01  7.0075E+03  8.1828E-05  1.2454E-12  3.4707E-13  8.1795E-06
 4.7257E+25  3.8592E-05  9.9996E-01  7.0075E+03  8.1828E-05  1.2374E-12  3.4707E-13  8.1173E-06
 4.7350E+25  3.8853E-05  9.9996E-01  7.0074E+03  8.1828E-05  1.2263E-12  3.4707E-13  8.0565E-06
 4.7442E+25  3.9080E-05  9.9996E-01  7.0074E+03  8.1828E-05  1.2153E-12  3.4707E-13  7.9964E-06
 4.7535E+25  3.9204E-05  9.9996E-01  7.0074E+03  8.1828E-05  1.2176E-12  3.4707E-13  7.9349E-06
 4.7627E+25  3.9466E-05  9.9996E-01  7.0074E+03  8.1828E-05  1.2167E-12  3.4707E-13  7.8788E-06
 4.7720E+25  3.9773E-05  9.9996E-01  7.0074E+03  8.1828E-05  1.2057E-12  3.4707E-13  7.8239E-06
 4.7813E+25  4.0014E-05  9.9996E-01  7.0074E+03  8.1828E-05  1.1949E-12  3.4707E-13  7.7696E-06
 4.7905E+25  4.0151E-05  9.9996E-01  7.0074E+03  8.1828E-05  1.1904E-12  3.4707E-13  7.7148E-06
 4.7998E+25  4.0403E-05  9.9996E-01  7.0074E+03  8.1828E-05  1.1964E-12  3.4707E-13  7.6598E-06
 4.8090E+25  4.0703E-05  9.9996E-01  7.0074E+03  8.1828E-05  1.1855E-12  3.4707E-13  7.6050E-06
 4.8183E+25  4.0970E-05  9.9996E-01  7.0074E+03  8.1828E-05  1.1750E-12  3.4707E-13  7.5509E-06
 4.8275E+25  4.1175E-05  9.9996E-01  7.0073E+03  8.1828E-05  1.1645E-12  3.4707E-13  7.4952E-06
 4.8368E+25  4.1349E-05  9.9996E-01  7.0073E+03  8.1828E-05  1.1757E-12  3.4707E-13  7.4403E-06
 4.8461E+25  4.1672E-05  9.9996E-01  7.0073E+03  8.1828E-05  1.1658E-12  3.4708E-13  7.3856E-06
 4.8553E+25  4.1968E-05  9.9996E-01  7.0073E+03  8.1828E-05  1.1555E-12  3.4708E-13  7.3312E-06
 4.8646E+25  4.2189E-05  9.9996E-01  7.0073E+03  8.1828E-05  1.1453E-12  3.4708E-13  7.2774E-06
 4.8738E+25  4.2366E-05  9.9996E-01  7.0073E+03  8.1828E-05  1.1493E-12  3.4708E-13  7.2240E-06
 4.8831E+25  4.2685E-05  9.9996E-01  7.0073E+03  8.1828E-05  1.1465E-12  3.4708E-13  7.1742E-06
 4.8923E+25  4.2983E-05  9.9996E-01  7.0073E+03  8.1828E-05  1.1363E-12  3.4708E-13  7.1265E-06
 4.9016E+25  4.3241E-05  9.9996E-01  7.0073E+03  8.1828E-05  1.1264E-12  3.4708E-13  7.0781E-06
 4.9109E+25  4.3447E-05  9.9996E-01  7.0072E+03  8.1828E-05  1.1235E-12  3.4708E-13  7.0297E-06
 4.9201E+25  4.3711E-05  9.9996E-01  7.0072E+03  8.1828E-05  1.1276E-12  3.4708E-13  6.9802E-06
 4.9294E+25  4.4041E-05  9.9996E-01  7.0072E+03  8.1828E-05  1.1175E-12  3.4708E-13  6.9316E-06
 4.9386E+25  4.4347E-05  9.9996E-01  7.0072E+03  8.1828E-05  1.1077E-12  3.4708E-13  6.8826E-06
 4.9479E+25  4.4552E-05  9.9996E-01  7.0072E+03  8.1828E-05  1.0984E-12  3.4708E-13  6.8345E-06
 4.9571E+25  4.4798E-05  9.9996E-01  7.0072E+03  8.1828E-05  1.1090E-12  3.4708E-13  6.7850E-06
 4.9664E+25  4.5147E-05  9.9995E-01  7.0072E+03  8.1828E-05  1.0991E-12  3.4708E-13  6.7362E-06
 4.9757E+25  4.5442E-05  9.9995E-01  7.0072E+03  8.1828E-05  1.0894E-12  3.4708E-13  6.6884E-06
 4.9849E+25  4.5719E-05  9.9995E-01  7.0072E+03  8.1828E-05  1.0800E-12  3.4708E-13  6.6399E-06
 4.9942E+25  4.5945E-05  9.9995E-01  7.0072E+03  8.1828E-05  1.0844E-12  3.4708E-13  6.5922E-06
 5.0034E+25  4.6268E-05  9.9995E-01  7.0071E+03  8.1828E-05  1.0811E-12  3.4708E-13  6.5486E-06
 5.0127E+25  4.6608E-05  9.9995E-01  7.0071E+03  8.1828E-05  1.0715E-12  3.4708E-13  6.5050E-06
 5.0219E+25  4.6909E-05  9.9995E-01  7.0071E+03  8.1828E-05  1.0623E-12  3.4708E-13  6.4627E-06
 5.0312E+25  4.7135E-05  9.9995E-01  7.0071E+03  8.1828E-05  1.0603E-12  3.4708E-13  6.4198E-06
 5.0405E+25  4.7451E-05  9.9995E-01  7.0071E+03  8.1828E-05  1.0633E-12  3.4708E-13  6.3768E-06
 5.0497E+25  4.7823E-05  9.9995E-01  7.0071E+03  8.1828E-05  1.0539E-12  3.4708E-13  6.3327E-06
 5.0590E+25  4.8113E-05  9.9995E-01  7.0071E+03  8.1828E-05  1.0447E-12  3.4708E-13  6.2889E-06
 5.0682E+25  4.8393E-05  9.9995E-01  7.0071E+03  8.1828E-05  1.0367E-12  3.4709E-13  6.2458E-06
 5.0775E+25  4.8690E-05  9.9995E-01  7.0071E+03  8.1828E-05  1.0457E-12  3.4709E-13  6.2025E-06
 5.0867E+25  4.9038E-05  9.9995E-01  7.0070E+03  8.1828E-05  1.0366E-12  3.4709E-13  6.1592E-06
 5.0960E+25  4.9394E-05  9.9995E-01  7.0070E+03  8.1828E-05  1.0275E-12  3.4709E-13  6.1156E-06
 5.1053E+25  4.9701E-05  9.9995E-01  7.0070E+03  8.1828E-05  1.0188E-12  3.4709E-13  6.0732E-06
 5.1145E+25  4.9957E-05  9.9995E-01  7.0070E+03  8.1828E-05  1.0234E-12  3.4709E-13  6.0304E-06
 5.1238E+25  5.0342E-05  9.9995E-01  7.0070E+03  8.1828E-05  1.0195E-12  3.4709E-13  5.9890E-06
 5.1330E+25  5.0699E-05  9.9995E-01  7.0070E+03  8.1828E-05  1.0106E-12  3.4709E-13  5.9514E-06
 5.1423E+25  5.1028E-05  9.9995E-01  7.0070E+03  8.1828E-05  1.0020E-12  3.4709E-13  5.9131E-06
 5.1515E+25  5.1318E-05  9.9995E-01  7.0070E+03  8.1828E-05  1.0008E-12  3.4709E-13  5.8755E-06
 5.1608E+25  5.1683E-05  9.9995E-01  7.0070E+03  8.1828E-05  1.0026E-12  3.4709E-13  5.8370E-06
 5.1701E+25  5.2047E-05  9.9995E-01  7.0070E+03  8.1828E-05  9.9404E-13  3.4709E-13  5.7989E-06
 5.1793E+25  5.2408E-05  9.9995E-01  7.0069E+03  8.1828E-05  9.8539E-13  3.4709E-13  5.7602E-06
 5.1886E+25  5.2737E-05  9.9995E-01  7.0069E+03  8.1828E-05  9.7885E-13  3.4709E-13  5.7210E-06
 5.1978E+25  5.3044E-05  9.9995E-01  7.0069E+03  8.1828E-05  9.8601E-13  3.4709E-13  5.6825E-06
 5.2071E+25  5.3471E-05  9.9995E-01  7.0069E+03  8.1828E-05  9.7761E-13  3.4709E-13  5.6438E-06
 5.2163E+25  5.3850E-05  9.9995E-01  7.0069E+03  8.1828E-05  9.6914E-13  3.4709E-13  5.6053E-06
 5.2256E+25  5.4169E-05  9.9995E-01  7.0069E+03  8.1828E-05  9.6091E-13  3.4709E-13  5.5674E-06
 5.2349E+25  5.4515E-05  9.9995E-01  7.0069E+03  8.1828E-05  9.6616E-13  3.4709E-13  5.5287E-06
 5.2441E+25  5.4925E-05  9.9995E-01  7.0069E+03  8.1828E-05  9.6134E-13  3.4709E-13  5.4908E-06
 5.2534E+25  5.5325E-05  9.9994E-01  7.0069E+03  8.1828E-05  9.5318E-13  3.4709E-13  5.4555E-06
 5.2626E+25  5.5684E-05  9.9994E-01  7.0068E+03  8.1828E-05  9.4494E-13  3.4709E-13  5.4210E-06
 5.2719E+25  5.6035E-05  9.9994E-01  7.0068E+03  8.1828E-05  9.4521E-13  3.4709E-13  5.3878E-06
 5.2811E+25  5.6438E-05  9.9994E-01  7.0068E+03  8.1828E-05  9.4530E-13  3.4709E-13  5.3540E-06
 5.2904E+25  5.6833E-05  9.9994E-01  7.0068E+03  8.1828E-05  9.3732E-13  3.4710E-13  5.3201E-06
 5.2997E+25  5.7266E-05  9.9994E-01  7.0068E+03  8.1828E-05  9.2928E-13  3.4710E-13  5.2860E-06
 5.3089E+25  5.7604E-05  9.9994E-01  7.0068E+03  8.1828E-05  9.2479E-13  3.4710E-13  5.2518E-06
 5.3182E+25  5.7995E-05  9.9994E-01  7.0068E+03  8.1828E-05  9.2944E-13  3.4710E-13  5.2176E-06
 5.3274E+25  5.8445E-05  9.9994E-01  7.0068E+03  8.1828E-05  9.2161E-13  3.4710E-13  5.1831E-06
 5.3367E+25  5.8864E-05  9.9994E-01  7.0068E+03  8.1828E-05  9.1387E-13  3.4710E-13  5.1484E-06
 5.3459E+25  5.9236E-05  9.9994E-01  7.0068E+03  8.1828E-05  9.0602E-13  3.4710E-13  5.1142E-06
 5.3552E+25  5.9642E-05  9.9994E-01  7.0067E+03  8.1828E-05  9.1277E-13  3.4710E-13  5.0801E-06
 5.3645E+25  6.0103E-05  9.9994E-01  7.0067E+03  8.1828E-05  9.0610E-13  3.4710E-13  5.0464E-06
 5.3737E+25  6.0497E-05  9.9994E-01  7.0067E+03  8.1828E-05  8.9855E-13  3.4710E-13  5.0120E-06
 5.3830E+25  6.0941E-05  9.9994E-01  7.0067E+03  8.1828E-05  8.9090E-13  3.4710E-13  4.9800E-06
 5.3922E+25  6.1348E-05  9.9994E-01  7.0067E+03  8.1828E-05  8.9326E-13  3.4710E-13  4.9500E-06
 5.4015E+25  6.1778E-05  9.9994E-01  7.0067E+03  8.1828E-05  8.9080E-13  3.4710E-13  4.9196E-06
 5.4107E+25  6.2254E-05  9.9994E-01  7.0067E+03  8.1828E-05  8.8334E-13  3.4710E-13  4.8900E-06
 5.4200E+25  6.2694E-05  9.9994E-01  7.0067E+03  8.1828E-05  8.7599E-13  3.4710E-13  4.8601E-06
 5.4292E+25  6.3088E-05  9.9994E-01  7.0067E+03  8.1828E-05  8.7438E-13  3.4710E-13  4.8295E-06
 5.4385E+25  6.3546E-05  9.9994E-01  7.0066E+03  8.1828E-05  8.7565E-13  3.4710E-13  4.7995E-06
 5.4478E+25  6.4054E-05  9.9994E-01  7.0066E+03  8.1828E-05  8.6831E-13  3.4710E-13  4.7690E-06
 5.4570E+25  6.4480E-05  9.9994E-01  7.0066E+03  8.1828E-05  8.6116E-13  3.4710E-13  4.7387E-06
 5.4663E+25  6.4920E-05  9.9994E-01  7.0066E+03  8.1828E-05  8.5614E-13  3.4710E-13  4.7085E-06
 5.4755E+25  6.5398E-05  9.9993E-01  7.0066E+03  8.1828E-05  8.6058E-13  3.4710E-13  4.6772E-06
 5.4848E+25  6.5878E-05  9.9993E-01  7.0066E+03  8.1828E-05  8.5353E-13  3.4710E-13  4.6467E-06
 5.4940E+25  6.6354E-05  9.9993E-01  7.0066E+03  8.1828E-05  8.4642E-13  3.4710E-13  4.6166E-06
 5.5033E+25  6.6825E-05  9.9993E-01  7.0066E+03  8.1828E-05  8.3945E-13  3.4711E-13  4.5863E-06
 5.5126E+25  6.7286E-05  9.9993E-01  7.0066E+03  8.1828E-05  8.4479E-13  3.4711E-13  4.5566E-06
 5.5218E+25  6.7767E-05  9.9993E-01  7.0065E+03  8.1828E-05  8.3882E-13  3.4711E-13  4.5288E-06
 5.5311E+25  6.8289E-05  9.9993E-01  7.0065E+03  8.1828E-05  8.3187E-13  3.4711E-13  4.5020E-06
 5.5403E+25  6.8796E-05  9.9993E-01  7.0065E+03  8.1828E-05  8.2505E-13  3.4711E-13  4.4758E-06
 5.5496E+25  6.9221E-05  9.9993E-01  7.0065E+03  8.1828E-05  8.2735E-13  3.4711E-13  4.4489E-06
 5.5588E+25  6.9765E-05  9.9993E-01  7.0065E+03  8.1828E-05  8.2423E-13  3.4711E-13  4.4226E-06
 5.5681E+25  7.0289E-05  9.9993E-01  7.0065E+03  8.1828E-05  8.1755E-13  3.4711E-13  4.3954E-06
 5.5774E+25  7.0783E-05  9.9993E-01  7.0065E+03  8.1828E-05  8.1076E-13  3.4711E-13  4.3685E-06
 5.5866E+25  7.1261E-05  9.9993E-01  7.0065E+03  8.1828E-05  8.1038E-13  3.4711E-13  4.3418E-06
 5.5959E+25  7.1809E-05  9.9993E-01  7.0065E+03  8.1828E-05  8.0992E-13  3.4711E-13  4.3147E-06
 5.6051E+25  7.2352E-05  9.9993E-01  7.0064E+03  8.1828E-05  8.0326E-13  3.4711E-13  4.2876E-06
 5.6144E+25  7.2841E-05  9.9993E-01  7.0064E+03  8.1828E-05  7.9669E-13  3.4711E-13  4.2606E-06
 5.6236E+25  7.3387E-05  9.9993E-01  7.0064E+03  8.1828E-05  7.9376E-13  3.4711E-13  4.2334E-06
 5.6329E+25  7.3911E-05  9.9993E-01  7.0064E+03  8.1828E-05  7.9581E-13  3.4711E-13  4.2060E-06
 5.6422E+25  7.4454E-05  9.9993E-01  7.0064E+03  8.1828E-05  7.8915E-13  3.4711E-13  4.1792E-06
 5.6514E+25  7.5005E-05  9.9992E-01  7.0064E+03  8.1828E-05  7.8279E-13  3.4711E-13  4.1525E-06
 5.6607E+25  7.5549E-05  9.9992E-01  7.0064E+03  8.1828E-05  7.7759E-13  3.4711E-13  4.1285E-06
 5.6699E+25  7.6067E-05  9.9992E-01  7.0064E+03  8.1828E-05  7.8178E-13  3.4711E-13  4.1043E-06
 5.6792E+25  7.6631E-05  9.9992E-01  7.0064E+03  8.1828E-05  7.7529E-13  3.4711E-13  4.0808E-06
 5.6884E+25  7.7230E-05  9.9992E-01  7.0063E+03  8.1828E-05  7.6891E-13  3.4711E-13  4.0577E-06
 5.6977E+25  7.7775E-05  9.9992E-01  7.0063E+03  8.1828E-05  7.6273E-13  3.4711E-13  4.0336E-06
 5.7070E+25  7.8305E-05  9.9992E-01  7.0063E+03  8.1828E-05  7.6701E-13  3.4712E-13  4.0097E-06
 5.7162E+25  7.8905E-05  9.9992E-01  7.0063E+03  8.1828E-05  7.6162E-13  3.4712E-13  3.9862E-06
 5.7255E+25  7.9515E-05  9.9992E-01  7.0063E+03  8.1828E-05  7.5527E-13  3.4712E-13  3.9620E-06
 5.7347E+25  8.0042E-05  9.9992E-01  7.0063E+03  8.1828E-05  7.4920E-13  3.4712E-13  3.9382E-06
 5.7440E+25  8.0608E-05  9.9992E-01  7.0063E+03  8.1828E-05  7.5148E-13  3.4712E-13  3.9142E-06
 5.7532E+25  8.1246E-05  9.9992E-01  7.0063E+03  8.1828E-05  7.4794E-13  3.4712E-13  3.8899E-06
 5.7625E+25  8.1842E-05  9.9992E-01  7.0062E+03  8.1828E-05  7.4186E-13  3.4712E-13  3.8662E-06
 5.7718E+25  8.2407E-05  9.9992E-01  7.0062E+03  8.1828E-05  7.3575E-13  3.4712E-13  3.8422E-06
 5.7810E+25  8.2990E-05  9.9992E-01  7.0062E+03  8.1828E-05  7.3641E-13  3.4712E-13  3.8177E-06
 5.7903E+25  8.3635E-05  9.9992E-01  7.0062E+03  8.1828E-05  7.3439E-13  3.4712E-13  3.7937E-06
 5.7995E+25  8.4211E-05  9.9992E-01  7.0062E+03  8.1828E-05  7.2857E-13  3.4712E-13  3.7716E-06
 5.8088E+25  8.4854E-05  9.9992E-01  7.0062E+03  8.1828E-05  7.2258E-13  3.4712E-13  3.7501E-06
 5.8180E+25  8.5454E-05  9.9991E-01  7.0062E+03  8.1828E-05  7.2156E-13  3.4712E-13  3.7291E-06
 5.8273E+25  8.6078E-05  9.9991E-01  7.0062E+03  8.1828E-05  7.2109E-13  3.4712E-13  3.7082E-06
 5.8366E+25  8.6693E-05  9.9991E-01  7.0062E+03  8.1828E-05  7.1527E-13  3.4712E-13  3.6875E-06
 5.8458E+25  8.7344E-05  9.9991E-01  7.0061E+03  8.1828E-05  7.0959E-13  3.4712E-13  3.6665E-06
 5.8551E+25  8.7969E-05  9.9991E-01  7.0061E+03  8.1828E-05  7.0710E-13  3.4712E-13  3.6449E-06
 5.8643E+25  8.8559E-05  9.9991E-01  7.0061E+03  8.1828E-05  7.0793E-13  3.4712E-13  3.6240E-06
 5.8736E+25  8.9243E-05  9.9991E-01  7.0061E+03  8.1828E-05  7.0219E-13  3.4712E-13  3.6028E-06
 5.8828E+25  8.9904E-05  9.9991E-01  7.0061E+03  8.1828E-05  6.9662E-13  3.4712E-13  3.5815E-06
 5.8921E+25  9.0560E-05  9.9991E-01  7.0061E+03  8.1828E-05  6.9308E-13  3.4712E-13  3.5602E-06
 5.9014E+25  9.1140E-05  9.9991E-01  7.0061E+03  8.1828E-05  6.9480E-13  3.4713E-13  3.5388E-06
 5.9106E+25  9.1848E-05  9.9991E-01  7.0061E+03  8.1828E-05  6.8934E-13  3.4713E-13  3.5174E-06
 5.9199E+25  9.2526E-05  9.9991E-01  7.0060E+03  8.1828E-05  6.8376E-13  3.4713E-13  3.4961E-06
 5.9291E+25  9.3174E-05  9.9991E-01  7.0060E+03  8.1828E-05  6.7934E-13  3.4713E-13  3.4750E-06
 5.9384E+25  9.3796E-05  9.9991E-01  7.0060E+03  8.1828E-05  6.8194E-13  3.4713E-13  3.4532E-06
 5.9476E+25  9.4517E-05  9.9991E-01  7.0060E+03  8.1828E-05  6.7652E-13  3.4713E-13  3.4337E-06
 5.9569E+25  9.5226E-05  9.9990E-01  7.0060E+03  8.1828E-05  6.7114E-13  3.4713E-13  3.4148E-06
 5.9662E+25  9.5856E-05  9.9990E-01  7.0060E+03  8.1828E-05  6.6581E-13  3.4713E-13  3.3961E-06
 5.9754E+25  9.6533E-05  9.9990E-01  7.0060E+03  8.1828E-05  6.6922E-13  3.4713E-13  3.3780E-06
 5.9847E+25  9.7229E-05  9.9990E-01  7.0060E+03  8.1828E-05  6.6385E-13  3.4713E-13  3.3591E-06
 5.9939E+25  9.7964E-05  9.9990E-01  7.0059E+03  8.1828E-05  6.5869E-13  3.4713E-13  3.3405E-06
 6.0032E+25  9.8610E-05  9.9990E-01  7.0059E+03  8.1828E-05  6.5342E-13  3.4713E-13  3.3220E-06
 6.0124E+25  9.9324E-05  9.9990E-01  7.0059E+03  8.1828E-05  6.5573E-13  3.4713E-13  3.3027E-06
 6.0217E+25  1.0003E-04  9.9990E-01  7.0059E+03  8.1828E-05  6.5146E-13  3.4713E-13  3.2841E-06
 6.0310E+25  1.0076E-04  9.9990E-01  7.0059E+03  8.1828E-05  6.4626E-13  3.4713E-13  3.2654E-06
 6.0402E+25  1.0144E-04  9.9990E-01  7.0059E+03  8.1828E-05  6.4125E-13  3.4713E-13  3.2462E-06
 6.0495E+25  1.0216E-04  9.9990E-01  7.0059E+03  8.1828E-05  6.4251E-13  3.4713E-13  3.2274E-06
 6.0587E+25  1.0289E-04  9.9990E-01  7.0058E+03  8.1828E-05  6.3915E-13  3.4713E-13  3.2083E-06
 6.0680E+25  1.0361E-04  9.9990E-01  7.0058E+03  8.1828E-05  6.3409E-13  3.4713E-13  3.1894E-06
 6.0772E+25  1.0433E-04  9.9990E-01  7.0058E+03  8.1828E-05  6.2914E-13  3.4714E-13  3.1705E-06
 6.0865E+25  1.0504E-04  9.9989E-01  7.0058E+03  8.1828E-05  6.2961E-13  3.4714E-13  3.1515E-06
 6.0958E+25  1.0581E-04  9.9989E-01  7.0058E+03  8.1828E-05  6.2692E-13  3.4714E-13  3.1337E-06
 6.1050E+25  1.0654E-04  9.9989E-01  7.0058E+03  8.1828E-05  6.2209E-13  3.4714E-13  3.1164E-06
 6.1143E+25  1.0728E-04  9.9989E-01  7.0058E+03  8.1828E-05  6.1717E-13  3.4714E-13  3.0998E-06
 6.1235E+25  1.0800E-04  9.9989E-01  7.0058E+03  8.1828E-05  6.1698E-13  3.4714E-13  3.0836E-06
 6.1328E+25  1.0877E-04  9.9989E-01  7.0057E+03  8.1828E-05  6.1490E-13  3.4714E-13  3.0672E-06
 6.1420E+25  1.0950E-04  9.9989E-01  7.0057E+03  8.1828E-05  6.1013E-13  3.4714E-13  3.0507E-06
 6.1513E+25  1.1027E-04  9.9989E-01  7.0057E+03  8.1828E-05  6.0547E-13  3.4714E-13  3.0339E-06
 6.1606E+25  1.1101E-04  9.9989E-01  7.0057E+03  8.1828E-05  6.0444E-13  3.4714E-13  3.0175E-06
 6.1698E+25  1.1178E-04  9.9989E-01  7.0057E+03  8.1828E-05  6.0310E-13  3.4714E-13  3.0009E-06
 6.1791E+25  1.1255E-04  9.9989E-01  7.0057E+03  8.1828E-05  5.9839E-13  3.4714E-13  2.9837E-06
 6.1883E+25  1.1331E-04  9.9989E-01  7.0057E+03  8.1828E-05  5.9380E-13  3.4714E-13  2.9674E-06
 6.1976E+25  1.1409E-04  9.9989E-01  7.0057E+03  8.1828E-05  5.9225E-13  3.4714E-13  2.9503E-06
 6.2068E+25  1.1485E-04  9.9989E-01  7.0056E+03  8.1828E-05  5.9136E-13  3.4714E-13  2.9335E-06
 6.2161E+25  1.1563E-04  9.9988E-01  7.0056E+03  8.1828E-05  5.8683E-13  3.4714E-13  2.9166E-06
 6.2254E+25  1.1640E-04  9.9988E-01  7.0056E+03  8.1828E-05  5.8232E-13  3.4714E-13  2.8998E-06
 6.2346E+25  1.1720E-04  9.9988E-01  7.0056E+03  8.1828E-05  5.8021E-13  3.4714E-13  2.8828E-06
 6.2439E+25  1.1795E-04  9.9988E-01  7.0056E+03  8.1828E-05  5.7981E-13  3.4714E-13  2.8661E-06
 6.2531E+25  1.1878E-04  9.9988E-01  7.0056E+03  8.1828E-05  5.7544E-13  3.4715E-13  2.8509E-06
 6.2624E+25  1.1955E-04  9.9988E-01  7.0056E+03  8.1828E-05  5.7100E-13  3.4715E-13  2.8359E-06
 6.2716E+25  1.2037E-04  9.9988E-01  7.0055E+03  8.1828E-05  5.6835E-13  3.4715E-13  2.8206E-06
 6.2809E+25  1.2112E-04  9.9988E-01  7.0055E+03  8.1828E-05  5.6845E-13  3.4715E-13  2.8064E-06
 6.2902E+25  1.2197E-04  9.9988E-01  7.0055E+03  8.1828E-05  5.6413E-13  3.4715E-13  2.7920E-06
 6.2994E+25  1.2274E-04  9.9988E-01  7.0055E+03  8.1828E-05  5.5992E-13  3.4715E-13  2.7772E-06
 6.3087E+25  1.2357E-04  9.9988E-01  7.0055E+03  8.1828E-05  5.5671E-13  3.4715E-13  2.7625E-06
 6.3179E+25  1.2433E-04  9.9988E-01  7.0055E+03  8.1828E-05  5.5718E-13  3.4715E-13  2.7476E-06
 6.3272E+25  1.2518E-04  9.9987E-01  7.0055E+03  8.1828E-05  5.5304E-13  3.4715E-13  2.7329E-06
 6.3364E+25  1.2598E-04  9.9987E-01  7.0054E+03  8.1828E-05  5.4888E-13  3.4715E-13  2.7183E-06
 6.3457E+25  1.2683E-04  9.9987E-01  7.0054E+03  8.1828E-05  5.4531E-13  3.4715E-13  2.7030E-06
 6.3550E+25  1.2759E-04  9.9987E-01  7.0054E+03  8.1828E-05  5.4614E-13  3.4715E-13  2.6883E-06
 6.3642E+25  1.2845E-04  9.9987E-01  7.0054E+03  8.1828E-05  5.4204E-13  3.4715E-13  2.6733E-06
 6.3735E+25  1.2926E-04  9.9987E-01  7.0054E+03  8.1828E-05  5.3805E-13  3.4715E-13  2.6582E-06
 6.3827E+25  1.3010E-04  9.9987E-01  7.0054E+03  8.1828E-05  5.3408E-13  3.4715E-13  2.6433E-06
 6.3920E+25  1.3088E-04  9.9987E-01  7.0054E+03  8.1828E-05  5.3523E-13  3.4715E-13  2.6284E-06
 6.4012E+25  1.3175E-04  9.9987E-01  7.0053E+03  8.1828E-05  5.3128E-13  3.4715E-13  2.6132E-06
 6.4105E+25  1.3257E-04  9.9987E-01  7.0053E+03  8.1828E-05  5.2733E-13  3.4716E-13  2.5994E-06
 6.4198E+25  1.3342E-04  9.9987E-01  7.0053E+03  8.1828E-05  5.2350E-13  3.4716E-13  2.5862E-06
 6.4290E+25  1.3422E-04  9.9987E-01  7.0053E+03  8.1828E-05  5.2402E-13  3.4716E-13  2.5728E-06
 6.4383E+25  1.3509E-04  9.9986E-01  7.0053E+03  8.1828E-05  5.2067E-13  3.4716E-13  2.5601E-06
 6.4475E+25  1.3593E-04  9.9986E-01  7.0053E+03  8.1828E-05  5.1685E-13  3.4716E-13  2.5472E-06
 6.4568E+25  1.3677E-04  9.9986E-01  7.0053E+03  8.1828E-05  5.1305E-13  3.4716E-13  2.5342E-06
 6.4660E+25  1.3758E-04  9.9986E-01  7.0052E+03  8.1828E-05  5.1293E-13  3.4716E-13  2.5212E-06
 6.4753E+25  1.3845E-04  9.9986E-01  7.0052E+03  8.1828E-05  5.1026E-13  3.4716E-13  2.5080E-06
 6.4846E+25  1.3930E-04  9.9986E-01  7.0052E+03  8.1828E-05  5.0651E-13  3.4716E-13  2.4949E-06
 6.4938E+25  1.4015E-04  9.9986E-01  7.0052E+03  8.1828E-05  5.0281E-13  3.4716E-13  2.4818E-06
 6.5031E+25  1.4097E-04  9.9986E-01  7.0052E+03  8.1828E-05  5.0202E-13  3.4716E-13  2.4688E-06
 6.5123E+25  1.4184E-04  9.9986E-01  7.0052E+03  8.1828E-05  4.9994E-13  3.4716E-13  2.4555E-06
 6.5216E+25  1.4270E-04  9.9986E-01  7.0052E+03  8.1828E-05  4.9637E-13  3.4716E-13  2.4420E-06
 6.5308E+25  1.4358E-04  9.9986E-01  7.0051E+03  8.1828E-05  4.9276E-13  3.4716E-13  2.4289E-06
 6.5401E+25  1.4441E-04  9.9986E-01  7.0051E+03  8.1828E-05  4.9130E-13  3.4716E-13  2.4155E-06
 6.5494E+25  1.4527E-04  9.9985E-01  7.0051E+03  8.1828E-05  4.8979E-13  3.4716E-13  2.4022E-06
 6.5586E+25  1.4612E-04  9.9985E-01  7.0051E+03  8.1828E-05  4.8633E-13  3.4716E-13  2.3888E-06
 6.5679E+25  1.4700E-04  9.9985E-01  7.0051E+03  8.1828E-05  4.8288E-13  3.4717E-13  2.3757E-06
 6.5771E+25  1.4785E-04  9.9985E-01  7.0051E+03  8.1828E-05  4.8082E-13  3.4717E-13  2.3637E-06
 6.5864E+25  1.4872E-04  9.9985E-01  7.0050E+03  8.1828E-05  4.7981E-13  3.4717E-13  2.3517E-06
 6.5956E+25  1.4955E-04  9.9985E-01  7.0050E+03  8.1828E-05  4.7644E-13  3.4717E-13  2.3401E-06
 6.6049E+25  1.5044E-04  9.9985E-01  7.0050E+03  8.1828E-05  4.7313E-13  3.4717E-13  2.3290E-06
 6.6142E+25  1.5129E-04  9.9985E-01  7.0050E+03  8.1828E-05  4.7053E-13  3.4717E-13  2.3177E-06
 6.6234E+25  1.5218E-04  9.9985E-01  7.0050E+03  8.1828E-05  4.7005E-13  3.4717E-13  2.3058E-06
 6.6327E+25  1.5304E-04  9.9985E-01  7.0050E+03  8.1828E-05  4.6672E-13  3.4717E-13  2.2944E-06
 6.6419E+25  1.5393E-04  9.9985E-01  7.0050E+03  8.1828E-05  4.6350E-13  3.4717E-13  2.2829E-06
 6.6512E+25  1.5478E-04  9.9985E-01  7.0049E+03  8.1828E-05  4.6039E-13  3.4717E-13  2.2711E-06
 6.6604E+25  1.5564E-04  9.9984E-01  7.0049E+03  8.1828E-05  4.6046E-13  3.4717E-13  2.2595E-06
 6.6697E+25  1.5650E-04  9.9984E-01  7.0049E+03  8.1828E-05  4.5724E-13  3.4717E-13  2.2478E-06
 6.6789E+25  1.5742E-04  9.9984E-01  7.0049E+03  8.1828E-05  4.5403E-13  3.4717E-13  2.2362E-06
 6.6882E+25  1.5828E-04  9.9984E-01  7.0049E+03  8.1828E-05  4.5095E-13  3.4717E-13  2.2245E-06
 6.6975E+25  1.5914E-04  9.9984E-01  7.0049E+03  8.1828E-05  4.5045E-13  3.4717E-13  2.2123E-06
 6.7067E+25  1.5999E-04  9.9984E-01  7.0049E+03  8.1828E-05  4.4791E-13  3.4717E-13  2.2007E-06
 6.7160E+25  1.6088E-04  9.9984E-01  7.0048E+03  8.1828E-05  4.4481E-13  3.4717E-13  2.1889E-06
 6.7252E+25  1.6174E-04  9.9984E-01  7.0048E+03  8.1828E-05  4.4174E-13  3.4718E-13  2.1769E-06
 6.7345E+25  1.6265E-04  9.9984E-01  7.0048E+03  8.1828E-05  4.4054E-13  3.4718E-13  2.1651E-06
 6.7437E+25  1.6352E-04  9.9984E-01  7.0048E+03  8.1828E-05  4.3871E-13  3.4718E-13  2.1544E-06
 6.7530E+25  1.6439E-04  9.9984E-01  7.0048E+03  8.1828E-05  4.3575E-13  3.4718E-13  2.1437E-06
 6.7623E+25  1.6525E-04  9.9983E-01  7.0048E+03  8.1828E-05  4.3277E-13  3.4718E-13  2.1333E-06
 6.7715E+25  1.6610E-04  9.9983E-01  7.0047E+03  8.1828E-05  4.3081E-13  3.4718E-13  2.1234E-06
 6.7808E+25  1.6699E-04  9.9983E-01  7.0047E+03  8.1828E-05  4.2964E-13  3.4718E-13  2.1135E-06
 6.7900E+25  1.6788E-04  9.9983E-01  7.0047E+03  8.1828E-05  4.2681E-13  3.4718E-13  2.1032E-06
 6.7993E+25  1.6878E-04  9.9983E-01  7.0047E+03  8.1828E-05  4.2398E-13  3.4718E-13  2.0930E-06
 6.8085E+25  1.6962E-04  9.9983E-01  7.0047E+03  8.1828E-05  4.2138E-13  3.4718E-13  2.0826E-06
 6.8178E+25  1.7049E-04  9.9983E-01  7.0047E+03  8.1828E-05  4.2072E-13  3.4718E-13  2.0724E-06
 6.8271E+25  1.7135E-04  9.9983E-01  7.0047E+03  8.1828E-05  4.1799E-13  3.4718E-13  2.0622E-06
 6.8363E+25  1.7224E-04  9.9983E-01  7.0046E+03  8.1828E-05  4.1528E-13  3.4718E-13  2.0518E-06
 6.8456E+25  1.7311E-04  9.9983E-01  7.0046E+03  8.1828E-05  4.1257E-13  3.4718E-13  2.0413E-06
 6.8548E+25  1.7401E-04  9.9983E-01  7.0046E+03  8.1828E-05  4.1165E-13  3.4718E-13  2.0309E-06
 6.8641E+25  1.7487E-04  9.9983E-01  7.0046E+03  8.1828E-05  4.0932E-13  3.4718E-13  2.0206E-06
 6.8733E+25  1.7575E-04  9.9982E-01  7.0046E+03  8.1828E-05  4.0671E-13  3.4718E-13  2.0100E-06
 6.8826E+25  1.7660E-04  9.9982E-01  7.0046E+03  8.1828E-05  4.0412E-13  3.4719E-13  1.9993E-06
 6.8919E+25  1.7745E-04  9.9982E-01  7.0045E+03  8.1828E-05  4.0255E-13  3.4719E-13  1.9890E-06
 6.9011E+25  1.7833E-04  9.9982E-01  7.0045E+03  8.1828E-05  4.0091E-13  3.4719E-13  1.9783E-06
 6.9104E+25  1.7920E-04  9.9982E-01  7.0045E+03  8.1828E-05  3.9830E-13  3.4719E-13  1.9680E-06
 6.9196E+25  1.8011E-04  9.9982E-01  7.0045E+03  8.1828E-05  3.9579E-13  3.4719E-13  1.9586E-06
 6.9289E+25  1.8097E-04  9.9982E-01  7.0045E+03  8.1828E-05  3.9362E-13  3.4719E-13  1.9492E-06
 6.9381E+25  1.8181E-04  9.9982E-01  7.0045E+03  8.1828E-05  3.9265E-13  3.4719E-13  1.9400E-06
 6.9474E+25  1.8267E-04  9.9982E-01  7.0045E+03  8.1828E-05  3.9013E-13  3.4719E-13  1.9312E-06
 6.9567E+25  1.8354E-04  9.9982E-01  7.0044E+03  8.1828E-05  3.8762E-13  3.4719E-13  1.9225E-06
 6.9659E+25  1.8440E-04  9.9982E-01  7.0044E+03  8.1828E-05  3.8522E-13  3.4719E-13  1.9135E-06
 6.9752E+25  1.8526E-04  9.9981E-01  7.0044E+03  8.1828E-05  3.8415E-13  3.4719E-13  1.9044E-06
 6.9844E+25  1.8614E-04  9.9981E-01  7.0044E+03  8.1828E-05  3.8210E-13  3.4719E-13  1.8954E-06
 6.9937E+25  1.8702E-04  9.9981E-01  7.0044E+03  8.1828E-05  3.7971E-13  3.4719E-13  1.8861E-06
 7.0029E+25  1.8786E-04  9.9981E-01  7.0044E+03  8.1828E-05  3.7729E-13  3.4719E-13  1.8770E-06
 7.0122E+25  1.8870E-04  9.9981E-01  7.0043E+03  8.1828E-05  3.7556E-13  3.4719E-13  1.8679E-06
 7.0215E+25  1.8955E-04  9.9981E-01  7.0043E+03  8.1828E-05  3.7416E-13  3.4719E-13  1.8587E-06
 7.0307E+25  1.9040E-04  9.9981E-01  7.0043E+03  8.1828E-05  3.7190E-13  3.4720E-13  1.8494E-06
 7.0400E+25  1.9125E-04  9.9981E-01  7.0043E+03  8.1828E-05  3.6963E-13  3.4720E-13  1.8400E-06
 7.0492E+25  1.9211E-04  9.9981E-01  7.0043E+03  8.1828E-05  3.6731E-13  3.4720E-13  1.8308E-06
 7.0585E+25  1.9299E-04  9.9981E-01  7.0043E+03  8.1828E-05  3.6630E-13  3.4720E-13  1.8216E-06
 7.0677E+25  1.9383E-04  9.9981E-01  7.0043E+03  8.1828E-05  3.6418E-13  3.4720E-13  1.8119E-06
 7.0770E+25  1.9469E-04  9.9981E-01  7.0042E+03  8.1828E-05  3.6203E-13  3.4720E-13  1.8027E-06
 7.0863E+25  1.9551E-04  9.9980E-01  7.0042E+03  8.1828E-05  3.5987E-13  3.4720E-13  1.7934E-06
 7.0955E+25  1.9635E-04  9.9980E-01  7.0042E+03  8.1828E-05  3.5819E-13  3.4720E-13  1.7850E-06
 7.1048E+25  1.9718E-04  9.9980E-01  7.0042E+03  8.1828E-05  3.5661E-13  3.4720E-13  1.7765E-06
 7.1140E+25  1.9802E-04  9.9980E-01  7.0042E+03  8.1828E-05  3.5453E-13  3.4720E-13  1.7684E-06
 7.1233E+25  1.9886E-04  9.9980E-01  7.0042E+03  8.1828E-05  3.5247E-13  3.4720E-13  1.7605E-06
 7.1325E+25  1.9973E-04  9.9980E-01  7.0042E+03  8.1828E-05  3.5043E-13  3.4720E-13  1.7527E-06
 7.1418E+25  2.0056E-04  9.9980E-01  7.0041E+03  8.1828E-05  3.4924E-13  3.4720E-13  1.7448E-06
 7.1511E+25  2.0138E-04  9.9980E-01  7.0041E+03  8.1828E-05  3.4718E-13  3.4720E-13  1.7368E-06
 7.1603E+25  2.0221E-04  9.9980E-01  7.0041E+03  8.1828E-05  3.4520E-13  3.4720E-13  1.7288E-06
 7.1696E+25  2.0302E-04  9.9980E-01  7.0041E+03  8.1828E-05  3.4322E-13  3.4720E-13  1.7208E-06
 7.1788E+25  2.0385E-04  9.9980E-01  7.0041E+03  8.1828E-05  3.4162E-13  3.4721E-13  1.7127E-06
 7.1881E+25  2.0467E-04  9.9980E-01  7.0041E+03  8.1828E-05  3.4009E-13  3.4721E-13  1.7045E-06
 7.1973E+25  2.0550E-04  9.9979E-01  7.0040E+03  8.1828E-05  3.3808E-13  3.4721E-13  1.6965E-06
 7.2066E+25  2.0633E-04  9.9979E-01  7.0040E+03  8.1828E-05  3.3618E-13  3.4721E-13  1.6883E-06
 7.2159E+25  2.0719E-04  9.9979E-01  7.0040E+03  8.1828E-05  3.3428E-13  3.4721E-13  1.6800E-06
 7.2251E+25  2.0797E-04  9.9979E-01  7.0040E+03  8.1828E-05  3.3296E-13  3.4721E-13  1.6717E-06
 7.2344E+25  2.0880E-04  9.9979E-01  7.0040E+03  8.1828E-05  3.3122E-13  3.4721E-13  1.6634E-06
 7.2436E+25  2.0958E-04  9.9979E-01  7.0040E+03  8.1828E-05  3.2930E-13  3.4721E-13  1.6552E-06
 7.2529E+25  2.1039E-04  9.9979E-01  7.0040E+03  8.1828E-05  3.2744E-13  3.4721E-13  1.6469E-06
 7.2621E+25  2.1119E-04  9.9979E-01  7.0039E+03  8.1828E-05  3.2575E-13  3.4721E-13  1.6383E-06
 7.2714E+25  2.1198E-04  9.9979E-01  7.0039E+03  8.1828E-05  3.2436E-13  3.4721E-13  1.6305E-06
 7.2807E+25  2.1280E-04  9.9979E-01  7.0039E+03  8.1828E-05  3.2263E-13  3.4721E-13  1.6230E-06
 7.2899E+25  2.1361E-04  9.9979E-01  7.0039E+03  8.1828E-05  3.2081E-13  3.4721E-13  1.6155E-06
 7.2992E+25  2.1442E-04  9.9979E-01  7.0039E+03  8.1828E-05  3.1901E-13  3.4721E-13  1.6081E-06
 7.3084E+25  2.1522E-04  9.9978E-01  7.0039E+03  8.1828E-05  3.1750E-13  3.4721E-13  1.6014E-06
 7.3177E+25  2.1599E-04  9.9978E-01  7.0038E+03  8.1828E-05  3.1595E-13  3.4721E-13  1.5945E-06
 7.3269E+25  2.1679E-04  9.9978E-01  7.0038E+03  8.1828E-05  3.1429E-13  3.4721E-13  1.5874E-06
 7.3362E+25  2.1755E-04  9.9978E-01  7.0038E+03  8.1828E-05  3.1262E-13  3.4722E-13  1.5804E-06
 7.3455E+25  2.1835E-04  9.9978E-01  7.0038E+03  8.1828E-05  3.1088E-13  3.4722E-13  1.5732E-06
 7.3547E+25  2.1913E-04  9.9978E-01  7.0038E+03  8.1828E-05  3.0940E-13  3.4722E-13  1.5662E-06
 7.3640E+25  2.1990E-04  9.9978E-01  7.0038E+03  8.1828E-05  3.0784E-13  3.4722E-13  1.5591E-06
 7.3732E+25  2.2068E-04  9.9978E-01  7.0038E+03  8.1828E-05  3.0622E-13  3.4722E-13  1.5519E-06
 7.3825E+25  2.2147E-04  9.9978E-01  7.0037E+03  8.1828E-05  3.0467E-13  3.4722E-13  1.5446E-06
 7.3917E+25  2.2224E-04  9.9978E-01  7.0037E+03  8.1828E-05  3.0305E-13  3.4722E-13  1.5374E-06
 7.4010E+25  2.2301E-04  9.9978E-01  7.0037E+03  8.1828E-05  3.0153E-13  3.4722E-13  1.5301E-06
 7.4103E+25  2.2376E-04  9.9978E-01  7.0037E+03  8.1828E-05  3.0001E-13  3.4722E-13  1.5228E-06
 7.4195E+25  2.2451E-04  9.9978E-01  7.0037E+03  8.1828E-05  2.9845E-13  3.4722E-13  1.5154E-06
 7.4288E+25  2.2528E-04  9.9977E-01  7.0037E+03  8.1828E-05  2.9694E-13  3.4722E-13  1.5079E-06
 7.4380E+25  2.2601E-04  9.9977E-01  7.0037E+03  8.1828E-05  2.9547E-13  3.4722E-13  1.5007E-06
 7.4473E+25  2.2677E-04  9.9977E-01  7.0036E+03  8.1828E-05  2.9391E-13  3.4722E-13  1.4934E-06
 7.4565E+25  2.2754E-04  9.9977E-01  7.0036E+03  8.1828E-05  2.9240E-13  3.4722E-13  1.4859E-06
 7.4658E+25  2.2828E-04  9.9977E-01  7.0036E+03  8.1828E-05  2.9097E-13  3.4722E-13  1.4792E-06
 7.4751E+25  2.2906E-04  9.9977E-01  7.0036E+03  8.1828E-05  2.8949E-13  3.4722E-13  1.4726E-06
 7.4843E+25  2.2980E-04  9.9977E-01  7.0036E+03  8.1828E-05  2.8805E-13  3.4722E-13  1.4660E-06
 7.4936E+25  2.3051E-04  9.9977E-01  7.0036E+03  8.1828E-05  2.8656E-13  3.4723E-13  1.4598E-06
 7.5028E+25  2.3126E-04  9.9977E-01  7.0036E+03  8.1828E-05  2.8509E-13  3.4723E-13  1.4538E-06
 7.5121E+25  2.3198E-04  9.9977E-01  7.0035E+03  8.1828E-05  2.8369E-13  3.4723E-13  1.4475E-06
 7.5213E+25  2.3269E-04  9.9977E-01  7.0035E+03  8.1828E-05  2.8231E-13  3.4723E-13  1.4414E-06
 7.5306E+25  2.3343E-04  9.9977E-01  7.0035E+03  8.1828E-05  2.8088E-13  3.4723E-13  1.4351E-06
 7.5399E+25  2.3415E-04  9.9977E-01  7.0035E+03  8.1828E-05  2.7941E-13  3.4723E-13  1.4287E-06
 7.5491E+25  2.3485E-04  9.9977E-01  7.0035E+03  8.1828E-05  2.7806E-13  3.4723E-13  1.4225E-06
 7.5584E+25  2.3560E-04  9.9976E-01  7.0035E+03  8.1828E-05  2.7667E-13  3.4723E-13  1.4162E-06
 7.5676E+25  2.3631E-04  9.9976E-01  7.0035E+03  8.1828E-05  2.7538E-13  3.4723E-13  1.4099E-06
 7.5769E+25  2.3702E-04  9.9976E-01  7.0034E+03  8.1828E-05  2.7397E-13  3.4723E-13  1.4036E-06
 7.5861E+25  2.3776E-04  9.9976E-01  7.0034E+03  8.1828E-05  2.7248E-13  3.4723E-13  1.3970E-06
 7.5954E+25  2.3843E-04  9.9976E-01  7.0034E+03  8.1828E-05  2.7122E-13  3.4723E-13  1.3905E-06
 7.6047E+25  2.3912E-04  9.9976E-01  7.0034E+03  8.1828E-05  2.6994E-13  3.4723E-13  1.3841E-06
 7.6139E+25  2.3984E-04  9.9976E-01  7.0034E+03  8.1828E-05  2.6864E-13  3.4723E-13  1.3775E-06
 7.6232E+25  2.4051E-04  9.9976E-01  7.0034E+03  8.1828E-05  2.6736E-13  3.4723E-13  1.3709E-06
 7.6324E+25  2.4119E-04  9.9976E-01  7.0034E+03  8.1828E-05  2.6579E-13  3.4723E-13  1.3643E-06
 7.6417E+25  2.4190E-04  9.9976E-01  7.0033E+03  8.1828E-05  2.6460E-13  3.4723E-13  1.3578E-06
 7.6509E+25  2.4257E-04  9.9976E-01  7.0033E+03  8.1828E-05  2.6340E-13  3.4723E-13  1.3515E-06
 7.6602E+25  2.4326E-04  9.9976E-01  7.0033E+03  8.1828E-05  2.6220E-13  3.4724E-13  1.3454E-06
 7.6695E+25  2.4396E-04  9.9976E-01  7.0033E+03  8.1828E-05  2.6095E-13  3.4724E-13  1.3395E-06
 7.6787E+25  2.4466E-04  9.9976E-01  7.0033E+03  8.1828E-05  2.5938E-13  3.4724E-13  1.3337E-06
 7.6880E+25  2.4528E-04  9.9975E-01  7.0033E+03  8.1828E-05  2.5819E-13  3.4724E-13  1.3283E-06
 7.6972E+25  2.4597E-04  9.9975E-01  7.0033E+03  8.1828E-05  2.5706E-13  3.4724E-13  1.3229E-06
 7.7065E+25  2.4664E-04  9.9975E-01  7.0032E+03  8.1828E-05  2.5594E-13  3.4724E-13  1.3175E-06
 7.7157E+25  2.4727E-04  9.9975E-01  7.0032E+03  8.1828E-05  2.5481E-13  3.4724E-13  1.3118E-06
 7.7250E+25  2.4793E-04  9.9975E-01  7.0032E+03  8.1828E-05  2.5321E-13  3.4724E-13  1.3064E-06
 7.7343E+25  2.4861E-04  9.9975E-01  7.0032E+03  8.1828E-05  2.5205E-13  3.4724E-13  1.3008E-06
 7.7435E+25  2.4924E-04  9.9975E-01  7.0032E+03  8.1828E-05  2.5093E-13  3.4724E-13  1.2952E-06
 7.7528E+25  2.4988E-04  9.9975E-01  7.0032E+03  8.1828E-05  2.4987E-13  3.4724E-13  1.2896E-06
 7.7620E+25  2.5057E-04  9.9975E-01  7.0032E+03  8.1828E-05  2.4880E-13  3.4724E-13  1.2840E-06
 7.7713E+25  2.5119E-04  9.9975E-01  7.0031E+03  8.1828E-05  2.4742E-13  3.4724E-13  1.2784E-06
 7.7805E+25  2.5185E-04  9.9975E-01  7.0031E+03  8.1828E-05  2.4606E-13  3.4724E-13  1.2728E-06
 7.7898E+25  2.5249E-04  9.9975E-01  7.0031E+03  8.1828E-05  2.4505E-13  3.4724E-13  1.2670E-06
 7.7991E+25  2.5310E-04  9.9975E-01  7.0031E+03  8.1828E-05  2.4400E-13  3.4724E-13  1.2612E-06
 7.8083E+25  2.5373E-04  9.9975E-01  7.0031E+03  8.1828E-05  2.4300E-13  3.4724E-13  1.2554E-06
 7.8176E+25  2.5433E-04  9.9975E-01  7.0031E+03  8.1828E-05  2.4187E-13  3.4724E-13  1.2497E-06
 7.8268E+25  2.5500E-04  9.9975E-01  7.0031E+03  8.1828E-05  2.4034E-13  3.4725E-13  1.2438E-06
 7.8361E+25  2.5558E-04  9.9974E-01  7.0031E+03  8.1828E-05  2.3932E-13  3.4725E-13  1.2379E-06
 7.8453E+25  2.5619E-04  9.9974E-01  7.0030E+03  8.1828E-05  2.3837E-13  3.4725E-13  1.2320E-06
 7.8546E+25  2.5682E-04  9.9974E-01  7.0030E+03  8.1828E-05  2.3738E-13  3.4725E-13  1.2268E-06
 7.8638E+25  2.5744E-04  9.9974E-01  7.0030E+03  8.1828E-05  2.3644E-13  3.4725E-13  1.2216E-06
 7.8731E+25  2.5802E-04  9.9974E-01  7.0030E+03  8.1828E-05  2.3495E-13  3.4725E-13  1.2161E-06
 7.8824E+25  2.5864E-04  9.9974E-01  7.0030E+03  8.1828E-05  2.3384E-13  3.4725E-13  1.2111E-06
 7.8916E+25  2.5927E-04  9.9974E-01  7.0030E+03  8.1828E-05  2.3289E-13  3.4725E-13  1.2064E-06
 7.9009E+25  2.5985E-04  9.9974E-01  7.0030E+03  8.1828E-05  2.3198E-13  3.4725E-13  1.2017E-06
 7.9101E+25  2.6042E-04  9.9974E-01  7.0030E+03  8.1828E-05  2.3107E-13  3.4725E-13  1.1967E-06
 7.9194E+25  2.6104E-04  9.9974E-01  7.0029E+03  8.1828E-05  2.3000E-13  3.4725E-13  1.1919E-06
 7.9286E+25  2.6161E-04  9.9974E-01  7.0029E+03  8.1828E-05  2.2850E-13  3.4725E-13  1.1869E-06
 7.9379E+25  2.6217E-04  9.9974E-01  7.0029E+03  8.1828E-05  2.2762E-13  3.4725E-13  1.1821E-06
 7.9472E+25  2.6275E-04  9.9974E-01  7.0029E+03  8.1828E-05  2.2675E-13  3.4725E-13  1.1771E-06
 7.9564E+25  2.6335E-04  9.9974E-01  7.0029E+03  8.1828E-05  2.2587E-13  3.4725E-13  1.1722E-06
 7.9657E+25  2.6390E-04  9.9974E-01  7.0029E+03  8.1828E-05  2.2503E-13  3.4725E-13  1.1673E-06
 7.9749E+25  2.6446E-04  9.9974E-01  7.0029E+03  8.1828E-05  2.2368E-13  3.4725E-13  1.1622E-06
 7.9842E+25  2.6504E-04  9.9973E-01  7.0029E+03  8.1828E-05  2.2252E-13  3.4725E-13  1.1572E-06
 7.9934E+25  2.6563E-04  9.9973E-01  7.0028E+03  8.1828E-05  2.2169E-13  3.4725E-13  1.1521E-06
 8.0027E+25  2.6618E-04  9.9973E-01  7.0028E+03  8.1828E-05  2.2087E-13  3.4726E-13  1.1471E-06
 8.0120E+25  2.6672E-04  9.9973E-01  7.0028E+03  8.1828E-05  2.2005E-13  3.4726E-13  1.1419E-06
 8.0212E+25  2.6728E-04  9.9973E-01  7.0028E+03  8.1828E-05  2.1925E-13  3.4726E-13  1.1367E-06
 8.0305E+25  2.6785E-04  9.9973E-01  7.0028E+03  8.1828E-05  2.1768E-13  3.4726E-13  1.1316E-06
 8.0397E+25  2.6839E-04  9.9973E-01  7.0028E+03  8.1828E-05  2.1680E-13  3.4726E-13  1.1265E-06
 8.0490E+25  2.6890E-04  9.9973E-01  7.0028E+03  8.1828E-05  2.1603E-13  3.4726E-13  1.1212E-06
 8.0582E+25  2.6945E-04  9.9973E-01  7.0028E+03  8.1828E-05  2.1525E-13  3.4726E-13  1.1163E-06
 8.0675E+25  2.7001E-04  9.9973E-01  7.0027E+03  8.1828E-05  2.1449E-13  3.4726E-13  1.1117E-06
 8.0768E+25  2.7052E-04  9.9973E-01  7.0027E+03  8.1828E-05  2.1363E-13  3.4726E-13  1.1071E-06
 8.0860E+25  2.7104E-04  9.9973E-01  7.0027E+03  8.1828E-05  2.1210E-13  3.4726E-13  1.1025E-06
 8.0953E+25  2.7158E-04  9.9973E-01  7.0027E+03  8.1828E-05  2.1135E-13  3.4726E-13  1.0982E-06
 8.1045E+25  2.7213E-04  9.9973E-01  7.0027E+03  8.1828E-05  2.1061E-13  3.4726E-13  1.0941E-06
 8.1138E+25  2.7262E-04  9.9973E-01  7.0027E+03  8.1828E-05  2.0988E-13  3.4726E-13  1.0898E-06
 8.1230E+25  2.7315E-04  9.9973E-01  7.0027E+03  8.1828E-05  2.0917E-13  3.4726E-13  1.0854E-06
 8.1323E+25  2.7366E-04  9.9973E-01  7.0027E+03  8.1828E-05  2.0825E-13  3.4726E-13  1.0812E-06
 8.1416E+25  2.7421E-04  9.9973E-01  7.0026E+03  8.1828E-05  2.0683E-13  3.4726E-13  1.0767E-06
 8.1508E+25  2.7467E-04  9.9973E-01  7.0026E+03  8.1828E-05  2.0614E-13  3.4726E-13  1.0724E-06
 8.1601E+25  2.7518E-04  9.9972E-01  7.0026E+03  8.1828E-05  2.0544E-13  3.4726E-13  1.0680E-06
 8.1693E+25  2.7566E-04  9.9972E-01  7.0026E+03  8.1828E-05  2.0476E-13  3.4726E-13  1.0637E-06
 8.1786E+25  2.7619E-04  9.9972E-01  7.0026E+03  8.1828E-05  2.0407E-13  3.4726E-13  1.0593E-06
 8.1878E+25  2.7668E-04  9.9972E-01  7.0026E+03  8.1828E-05  2.0319E-13  3.4726E-13  1.0548E-06
 8.1971E+25  2.7717E-04  9.9972E-01  7.0026E+03  8.1828E-05  2.0180E-13  3.4727E-13  1.0504E-06
 8.2064E+25  2.7764E-04  9.9972E-01  7.0026E+03  8.1828E-05  2.0116E-13  3.4727E-13  1.0458E-06
 8.2156E+25  2.7814E-04  9.9972E-01  7.0025E+03  8.1828E-05  2.0050E-13  3.4727E-13  1.0413E-06
 8.2249E+25  2.7865E-04  9.9972E-01  7.0025E+03  8.1828E-05  1.9986E-13  3.4727E-13  1.0368E-06
 8.2341E+25  2.7910E-04  9.9972E-01  7.0025E+03  8.1828E-05  1.9921E-13  3.4727E-13  1.0322E-06
 8.2434E+25  2.7959E-04  9.9972E-01  7.0025E+03  8.1828E-05  1.9844E-13  3.4727E-13  1.0276E-06
 8.2526E+25  2.8007E-04  9.9972E-01  7.0025E+03  8.1828E-05  1.9700E-13  3.4727E-13  1.0230E-06
 8.2619E+25  2.8057E-04  9.9972E-01  7.0025E+03  8.1828E-05  1.9639E-13  3.4727E-13  1.0185E-06
 8.2712E+25  2.8100E-04  9.9972E-01  7.0025E+03  8.1828E-05  1.9578E-13  3.4727E-13  1.0142E-06
 8.2804E+25  2.8146E-04  9.9972E-01  7.0025E+03  8.1828E-05  1.9517E-13  3.4727E-13  1.0100E-06
 8.2897E+25  2.8192E-04  9.9972E-01  7.0025E+03  8.1828E-05  1.9457E-13  3.4727E-13  1.0059E-06
 8.2989E+25  2.8239E-04  9.9972E-01  7.0024E+03  8.1828E-05  1.9397E-13  3.4727E-13  1.0020E-06
 8.3082E+25  2.8286E-04  9.9972E-01  7.0024E+03  8.1828E-05  1.9246E-13  3.4727E-13  9.9831E-07
 8.3174E+25  2.8327E-04  9.9972E-01  7.0024E+03  8.1828E-05  1.9184E-13  3.4727E-13  9.9454E-07
 8.3267E+25  2.8374E-04  9.9972E-01  7.0024E+03  8.1828E-05  1.9126E-13  3.4727E-13  9.9075E-07
 8.3360E+25  2.8418E-04  9.9972E-01  7.0024E+03  8.1828E-05  1.9070E-13  3.4727E-13  9.8698E-07
 8.3452E+25  2.8464E-04  9.9972E-01  7.0024E+03  8.1828E-05  1.9013E-13  3.4727E-13  9.8304E-07
 8.3545E+25  2.8508E-04  9.9971E-01  7.0024E+03  8.1828E-05  1.8957E-13  3.4727E-13  9.7928E-07
 8.3637E+25  2.8551E-04  9.9971E-01  7.0024E+03  8.1828E-05  1.8837E-13  3.4727E-13  9.7535E-07
 8.3730E+25  2.8597E-04  9.9971E-01  7.0024E+03  8.1828E-05  1.8748E-13  3.4727E-13  9.7154E-07
 8.3822E+25  2.8639E-04  9.9971E-01  7.0023E+03  8.1828E-05  1.8695E-13  3.4727E-13  9.6764E-07
 8.3915E+25  2.8684E-04  9.9971E-01  7.0023E+03  8.1828E-05  1.8641E-13  3.4727E-13  9.6379E-07
 8.4008E+25  2.8724E-04  9.9971E-01  7.0023E+03  8.1828E-05  1.8589E-13  3.4727E-13  9.5980E-07
 8.4100E+25  2.8765E-04  9.9971E-01  7.0023E+03  8.1828E-05  1.8536E-13  3.4728E-13  9.5583E-07
 8.4193E+25  2.8809E-04  9.9971E-01  7.0023E+03  8.1828E-05  1.8460E-13  3.4728E-13  9.5187E-07
 8.4285E+25  2.8851E-04  9.9971E-01  7.0023E+03  8.1828E-05  1.8332E-13  3.4728E-13  9.4788E-07
 8.4378E+25  2.8894E-04  9.9971E-01  7.0023E+03  8.1828E-05  1.8281E-13  3.4728E-13  9.4383E-07
 8.4470E+25  2.8932E-04  9.9971E-01  7.0023E+03  8.1828E-05  1.8232E-13  3.4728E-13  9.3982E-07
 8.4563E+25  2.8972E-04  9.9971E-01  7.0023E+03  8.1828E-05  1.8182E-13  3.4728E-13  9.3573E-07
 8.4656E+25  2.9014E-04  9.9971E-01  7.0023E+03  8.1828E-05  1.8133E-13  3.4728E-13  9.3160E-07
 8.4748E+25  2.9056E-04  9.9971E-01  7.0022E+03  8.1828E-05  1.8084E-13  3.4728E-13  9.2758E-07
 8.4841E+25  2.9097E-04  9.9971E-01  7.0022E+03  8.1828E-05  1.7966E-13  3.4728E-13  9.2383E-07
 8.4933E+25  2.9135E-04  9.9971E-01  7.0022E+03  8.1828E-05  1.7888E-13  3.4728E-13  9.2009E-07
 8.5026E+25  2.9174E-04  9.9971E-01  7.0022E+03  8.1828E-05  1.7839E-13  3.4728E-13  9.1625E-07
 8.5118E+25  2.9216E-04  9.9971E-01  7.0022E+03  8.1828E-05  1.7794E-13  3.4728E-13  9.1265E-07
 8.5211E+25  2.9255E-04  9.9971E-01  7.0022E+03  8.1828E-05  1.7747E-13  3.4728E-13  9.0944E-07
 8.5304E+25  2.9294E-04  9.9971E-01  7.0022E+03  8.1828E-05  1.7701E-13  3.4728E-13  9.0623E-07
 8.5396E+25  2.9331E-04  9.9971E-01  7.0022E+03  8.1828E-05  1.7652E-13  3.4728E-13  9.0279E-07
 8.5489E+25  2.9369E-04  9.9971E-01  7.0022E+03  8.1828E-05  1.7511E-13  3.4728E-13  8.9944E-07
 8.5581E+25  2.9408E-04  9.9971E-01  7.0022E+03  8.1828E-05  1.7466E-13  3.4728E-13  8.9604E-07
 8.5674E+25  2.9445E-04  9.9971E-01  7.0021E+03  8.1828E-05  1.7422E-13  3.4728E-13  8.9268E-07
 8.5766E+25  2.9483E-04  9.9971E-01  7.0021E+03  8.1828E-05  1.7378E-13  3.4728E-13  8.8922E-07
 8.5859E+25  2.9520E-04  9.9970E-01  7.0021E+03  8.1828E-05  1.7335E-13  3.4728E-13  8.8586E-07
 8.5952E+25  2.9556E-04  9.9970E-01  7.0021E+03  8.1828E-05  1.7292E-13  3.4728E-13  8.8240E-07
 8.6044E+25  2.9592E-04  9.9970E-01  7.0021E+03  8.1828E-05  1.7225E-13  3.4728E-13  8.7900E-07
 8.6137E+25  2.9631E-04  9.9970E-01  7.0021E+03  8.1828E-05  1.7110E-13  3.4728E-13  8.7553E-07
 8.6229E+25  2.9667E-04  9.9970E-01  7.0021E+03  8.1828E-05  1.7068E-13  3.4728E-13  8.7204E-07
 8.6322E+25  2.9703E-04  9.9970E-01  7.0021E+03  8.1828E-05  1.7026E-13  3.4728E-13  8.6854E-07
 8.6414E+25  2.9738E-04  9.9970E-01  7.0021E+03  8.1828E-05  1.6984E-13  3.4729E-13  8.6494E-07
 8.6507E+25  2.9772E-04  9.9970E-01  7.0021E+03  8.1828E-05  1.6945E-13  3.4729E-13  8.6142E-07
 8.6600E+25  2.9812E-04  9.9970E-01  7.0020E+03  8.1828E-05  1.6904E-13  3.4729E-13  8.5786E-07
 8.6692E+25  2.9845E-04  9.9970E-01  7.0020E+03  8.1828E-05  1.6833E-13  3.4729E-13  8.5427E-07
 8.6785E+25  2.9881E-04  9.9970E-01  7.0020E+03  8.1828E-05  1.6729E-13  3.4729E-13  8.5068E-07
 8.6877E+25  2.9914E-04  9.9970E-01  7.0020E+03  8.1828E-05  1.6690E-13  3.4729E-13  8.4707E-07
 8.6970E+25  2.9947E-04  9.9970E-01  7.0020E+03  8.1828E-05  1.6651E-13  3.4729E-13  8.4341E-07
 8.7062E+25  2.9981E-04  9.9970E-01  7.0020E+03  8.1828E-05  1.6612E-13  3.4729E-13  8.4008E-07
 8.7155E+25  3.0016E-04  9.9970E-01  7.0020E+03  8.1828E-05  1.6574E-13  3.4729E-13  8.3681E-07
 8.7248E+25  3.0049E-04  9.9970E-01  7.0020E+03  8.1828E-05  1.6537E-13  3.4729E-13  8.3351E-07
 8.7340E+25  3.0083E-04  9.9970E-01  7.0020E+03  8.1828E-05  1.6474E-13  3.4729E-13  8.3017E-07
 8.7433E+25  3.0117E-04  9.9970E-01  7.0020E+03  8.1828E-05  1.6368E-13  3.4729E-13  8.2723E-07
 8.7525E+25  3.0147E-04  9.9970E-01  7.0020E+03  8.1828E-05  1.6332E-13  3.4729E-13  8.2445E-07
 8.7618E+25  3.0182E-04  9.9970E-01  7.0019E+03  8.1828E-05  1.6296E-13  3.4729E-13  8.2153E-07
 8.7710E+25  3.0213E-04  9.9970E-01  7.0019E+03  8.1828E-05  1.6259E-13  3.4729E-13  8.1853E-07
 8.7803E+25  3.0246E-04  9.9970E-01  7.0019E+03  8.1828E-05  1.6224E-13  3.4729E-13  8.1548E-07
 8.7896E+25  3.0278E-04  9.9970E-01  7.0019E+03  8.1828E-05  1.6188E-13  3.4729E-13  8.1249E-07
 8.7988E+25  3.0311E-04  9.9970E-01  7.0019E+03  8.1828E-05  1.6147E-13  3.4729E-13  8.0956E-07
 8.8081E+25  3.0340E-04  9.9970E-01  7.0019E+03  8.1828E-05  1.6026E-13  3.4729E-13  8.0645E-07
 8.8173E+25  3.0374E-04  9.9970E-01  7.0019E+03  8.1828E-05  1.5992E-13  3.4729E-13  8.0350E-07
 8.8266E+25  3.0405E-04  9.9970E-01  7.0019E+03  8.1828E-05  1.5959E-13  3.4729E-13  8.0041E-07
 8.8358E+25  3.0435E-04  9.9970E-01  7.0019E+03  8.1828E-05  1.5925E-13  3.4729E-13  7.9741E-07
 8.8451E+25  3.0465E-04  9.9970E-01  7.0019E+03  8.1828E-05  1.5892E-13  3.4729E-13  7.9430E-07
 8.8544E+25  3.0496E-04  9.9970E-01  7.0019E+03  8.1828E-05  1.5859E-13  3.4729E-13  7.9124E-07
 8.8636E+25  3.0523E-04  9.9969E-01  7.0018E+03  8.1828E-05  1.5826E-13  3.4729E-13  7.8804E-07
 8.8729E+25  3.0557E-04  9.9969E-01  7.0018E+03  8.1828E-05  1.5726E-13  3.4729E-13  7.8492E-07
 8.8821E+25  3.0586E-04  9.9969E-01  7.0018E+03  8.1828E-05  1.5671E-13  3.4729E-13  7.8177E-07
 8.8914E+25  3.0615E-04  9.9969E-01  7.0018E+03  8.1828E-05  1.5640E-13  3.4730E-13  7.7860E-07
 8.9006E+25  3.0644E-04  9.9969E-01  7.0018E+03  8.1828E-05  1.5608E-13  3.4730E-13  7.7541E-07
 8.9099E+25  3.0674E-04  9.9969E-01  7.0018E+03  8.1828E-05  1.5578E-13  3.4730E-13  7.7221E-07
 8.9192E+25  3.0701E-04  9.9969E-01  7.0018E+03  8.1828E-05  1.5546E-13  3.4730E-13  7.6900E-07
 8.9284E+25  3.0732E-04  9.9969E-01  7.0018E+03  8.1828E-05  1.5516E-13  3.4730E-13  7.6590E-07
 8.9377E+25  3.0762E-04  9.9969E-01  7.0018E+03  8.1828E-05  1.5464E-13  3.4730E-13  7.6292E-07
 8.9469E+25  3.0790E-04  9.9969E-01  7.0018E+03  8.1828E-05  1.5365E-13  3.4730E-13  7.5998E-07
 8.9562E+25  3.0817E-04  9.9969E-01  7.0018E+03  8.1828E-05  1.5336E-13  3.4730E-13  7.5703E-07
 8.9654E+25  3.0846E-04  9.9969E-01  7.0018E+03  8.1828E-05  1.5308E-13  3.4730E-13  7.5428E-07
 8.9747E+25  3.0871E-04  9.9969E-01  7.0017E+03  8.1828E-05  1.5279E-13  3.4730E-13  7.5167E-07
 8.9840E+25  3.0900E-04  9.9969E-01  7.0017E+03  8.1828E-05  1.5250E-13  3.4730E-13  7.4909E-07
 8.9932E+25  3.0928E-04  9.9969E-01  7.0017E+03  8.1828E-05  1.5222E-13  3.4730E-13  7.4652E-07
 9.0025E+25  3.0955E-04  9.9969E-01  7.0017E+03  8.1828E-05  1.5193E-13  3.4730E-13  7.4394E-07
 9.0117E+25  3.0980E-04  9.9969E-01  7.0017E+03  8.1828E-05  1.5113E-13  3.4730E-13  7.4129E-07
 9.0210E+25  3.1009E-04  9.9969E-01  7.0017E+03  8.1828E-05  1.5049E-13  3.4730E-13  7.3857E-07
 9.0302E+25  3.1034E-04  9.9969E-01  7.0017E+03  8.1828E-05  1.5022E-13  3.4730E-13  7.3593E-07
 9.0395E+25  3.1060E-04  9.9969E-01  7.0017E+03  8.1828E-05  1.4996E-13  3.4730E-13  7.3334E-07
 9.0487E+25  3.1086E-04  9.9969E-01  7.0017E+03  8.1828E-05  1.4969E-13  3.4730E-13  7.3056E-07
 9.0580E+25  3.1114E-04  9.9969E-01  7.0017E+03  8.1828E-05  1.4943E-13  3.4730E-13  7.2795E-07
 9.0673E+25  3.1137E-04  9.9969E-01  7.0017E+03  8.1828E-05  1.4916E-13  3.4730E-13  7.2523E-07
 9.0765E+25  3.1163E-04  9.9969E-01  7.0017E+03  8.1828E-05  1.4890E-13  3.4730E-13  7.2252E-07
 9.0858E+25  3.1191E-04  9.9969E-01  7.0016E+03  8.1828E-05  1.4797E-13  3.4730E-13  7.1974E-07
 9.0950E+25  3.1215E-04  9.9969E-01  7.0016E+03  8.1828E-05  1.4752E-13  3.4730E-13  7.1701E-07
 9.1043E+25  3.1242E-04  9.9969E-01  7.0016E+03  8.1828E-05  1.4727E-13  3.4730E-13  7.1418E-07
 9.1135E+25  3.1267E-04  9.9969E-01  7.0016E+03  8.1828E-05  1.4702E-13  3.4730E-13  7.1140E-07
 9.1228E+25  3.1291E-04  9.9969E-01  7.0016E+03  8.1828E-05  1.4678E-13  3.4730E-13  7.0860E-07
 9.1321E+25  3.1314E-04  9.9969E-01  7.0016E+03  8.1828E-05  1.4653E-13  3.4730E-13  7.0577E-07
 9.1413E+25  3.1339E-04  9.9969E-01  7.0016E+03  8.1828E-05  1.4629E-13  3.4730E-13  7.0294E-07
 9.1506E+25  3.1363E-04  9.9969E-01  7.0016E+03  8.1828E-05  1.4604E-13  3.4730E-13  7.0008E-07
 9.1598E+25  3.1388E-04  9.9969E-01  7.0016E+03  8.1828E-05  1.4513E-13  3.4730E-13  6.9728E-07
 9.1691E+25  3.1412E-04  9.9969E-01  7.0016E+03  8.1828E-05  1.4472E-13  3.4730E-13  6.9466E-07
 9.1783E+25  3.1435E-04  9.9969E-01  7.0016E+03  8.1828E-05  1.4449E-13  3.4730E-13  6.9202E-07
 9.1876E+25  3.1459E-04  9.9969E-01  7.0016E+03  8.1828E-05  1.4426E-13  3.4731E-13  6.8936E-07
 9.1969E+25  3.1479E-04  9.9969E-01  7.0016E+03  8.1828E-05  1.4403E-13  3.4731E-13  6.8679E-07
 9.2061E+25  3.1504E-04  9.9968E-01  7.0016E+03  8.1828E-05  1.4381E-13  3.4731E-13  6.8453E-07
 9.2154E+25  3.1527E-04  9.9968E-01  7.0015E+03  8.1828E-05  1.4358E-13  3.4731E-13  6.8234E-07
 9.2246E+25  3.1551E-04  9.9968E-01  7.0015E+03  8.1828E-05  1.4336E-13  3.4731E-13  6.7994E-07
 9.2339E+25  3.1574E-04  9.9968E-01  7.0015E+03  8.1828E-05  1.4261E-13  3.4731E-13  6.7761E-07
 9.2431E+25  3.1596E-04  9.9968E-01  7.0015E+03  8.1828E-05  1.4209E-13  3.4731E-13  6.7534E-07
 9.2524E+25  3.1620E-04  9.9968E-01  7.0015E+03  8.1828E-05  1.4188E-13  3.4731E-13  6.7303E-07
