 4.6285E+22  3.2676E-11  1.0000E+00  1.1691E+04  8.1828E-05  1.0464E-06  2.2732E-13  1.0000E+00
 1.3886E+23  2.2868E-10  1.0000E+00  1.1695E+04  8.1828E-05  1.4948E-07  2.2725E-13  1.0000E+00
 2.3143E+23  6.2022E-10  1.0000E+00  1.1707E+04  8.1828E-05  5.5072E-08  2.2705E-13  1.0000E+00
 3.2400E+23  1.2058E-09  1.0000E+00  1.1734E+04  8.1828E-05  2.8280E-08  2.2661E-13  1.0000E+00
 4.1657E+23  1.9820E-09  1.0000E+00  1.1783E+04  8.1828E-05  1.7154E-08  2.2582E-13  1.0000E+00
 5.0914E+23  2.9428E-09  1.0000E+00  1.1861E+04  8.1828E-05  1.1498E-08  2.2455E-13  1.0000E+00
 6.0171E+23  4.0756E-09  1.0000E+00  1.1983E+04  8.1828E-05  8.2411E-09  2.2262E-13  1.0000E+00
 6.9428E+23  5.3682E-09  1.0000E+00  1.2158E+04  8.1828E-05  6.1913E-09  2.1990E-13  1.0000E+00
 7.8685E+23  6.7878E-09  1.0000E+00  1.2415E+04  8.1828E-05  4.8229E-09  2.1602E-13  1.0000E+00
 8.7942E+23  8.3046E-09  1.0000E+00  1.2773E+04  8.1828E-05  3.8616E-09  2.1086E-13  1.0000E+00
 9.7199E+23  9.9008E-09  1.0000E+00  1.3206E+04  8.1828E-05  3.1614E-09  2.0494E-13  1.0000E+00
 1.0646E+24  1.1597E-08  1.0000E+00  1.3643E+04  8.1828E-05  2.6358E-09  1.9931E-13  1.0000E+00
 1.1571E+24  1.3470E-08  1.0000E+00  1.3960E+04  8.1828E-05  2.2316E-09  1.9543E-13  1.0000E+00
 1.2497E+24  1.5579E-08  1.0000E+00  1.4131E+04  8.1828E-05  1.9124E-09  1.9340E-13  1.0000E+00
 1.3423E+24  1.7874E-08  1.0000E+00  1.4225E+04  8.1828E-05  1.6587E-09  1.9229E-13  1.0000E+00
 1.4348E+24  2.0323E-08  1.0000E+00  1.4325E+04  8.1828E-05  1.4514E-09  1.9113E-13  9.9999E-01
 1.5274E+24  2.2911E-08  1.0000E+00  1.4425E+04  8.1828E-05  1.2809E-09  1.8999E-13  9.9999E-01
 1.6200E+24  2.5652E-08  1.0000E+00  1.4518E+04  8.1828E-05  1.1387E-09  1.8894E-13  9.9999E-01
 1.7126E+24  2.8529E-08  1.0000E+00  1.4609E+04  8.1828E-05  1.0192E-09  1.8793E-13  9.9999E-01
 1.8051E+24  3.1575E-08  1.0000E+00  1.4691E+04  8.1828E-05  9.1708E-10  1.8702E-13  9.9999E-01
 1.8977E+24  3.4747E-08  1.0000E+00  1.4770E+04  8.1828E-05  8.3008E-10  1.8616E-13  9.9999E-01
 1.9903E+24  3.8089E-08  1.0000E+00  1.4847E+04  8.1828E-05  7.5440E-10  1.8533E-13  9.9999E-01
 2.0828E+24  4.1548E-08  1.0000E+00  1.4921E+04  8.1828E-05  6.8906E-10  1.8453E-13  9.9999E-01
 2.1754E+24  4.5160E-08  1.0000E+00  1.4993E+04  8.1828E-05  6.3170E-10  1.8376E-13  9.9999E-01
 2.2680E+24  4.8915E-08  1.0000E+00  1.5063E+04  8.1828E-05  5.8121E-10  1.8302E-13  9.9999E-01
 2.3605E+24  5.2825E-08  1.0000E+00  1.5132E+04  8.1828E-05  5.3640E-10  1.8231E-13  9.9999E-01
 2.4531E+24  5.6866E-08  1.0000E+00  1.5195E+04  8.1828E-05  4.9677E-10  1.8165E-13  9.9999E-01
 2.5457E+24  6.1042E-08  1.0000E+00  1.5260E+04  8.1828E-05  4.6134E-10  1.8098E-13  9.9998E-01
 2.6383E+24  6.5391E-08  1.0000E+00  1.5323E+04  8.1828E-05  4.2935E-10  1.8033E-13  9.9998E-01
 2.7308E+24  6.9831E-08  1.0000E+00  1.5382E+04  8.1828E-05  4.0091E-10  1.7974E-13  9.9998E-01
 2.8234E+24  7.4440E-08  1.0000E+00  1.5442E+04  8.1828E-05  3.7501E-10  1.7913E-13  9.9998E-01
 2.9160E+24  7.9159E-08  1.0000E+00  1.5498E+04  8.1828E-05  3.5171E-10  1.7856E-13  9.9998E-01
 3.0085E+24  8.4099E-08  1.0000E+00  1.5554E+04  8.1828E-05  3.3018E-10  1.7801E-13  9.9998E-01
 3.1011E+24  8.9127E-08  1.0000E+00  1.5610E+04  8.1828E-05  3.1073E-10  1.7746E-13  9.9998E-01
 3.1937E+24  9.4265E-08  1.0000E+00  1.5663E+04  8.1828E-05  2.9306E-10  1.7694E-13  9.9998E-01
 3.2862E+24  9.9541E-08  1.0000E+00  1.5714E+04  8.1828E-05  2.7686E-10  1.7643E-13  9.9997E-01
 3.3788E+24  1.0494E-07  1.0000E+00  1.5765E+04  8.1828E-05  2.6200E-10  1.7594E-13  9.9997E-01
 3.4714E+24  1.1050E-07  1.0000E+00  1.5815E+04  8.1828E-05  2.4824E-10  1.7546E-13  9.9997E-01
 3.5640E+24  1.1624E-07  1.0000E+00  1.5863E+04  8.1828E-05  2.3543E-10  1.7499E-13  9.9997E-01
 3.6565E+24  1.2221E-07  1.0000E+00  1.5910E+04  8.1828E-05  2.2345E-10  1.7455E-13  9.9997E-01
 3.7491E+24  1.2800E-07  1.0000E+00  1.5956E+04  8.1828E-05  2.1289E-10  1.7410E-13  9.9997E-01
 3.8417E+24  1.3424E-07  1.0000E+00  1.6002E+04  8.1828E-05  2.0256E-10  1.7367E-13  9.9997E-01
 3.9342E+24  1.4044E-07  1.0000E+00  1.6046E+04  8.1828E-05  1.9324E-10  1.7326E-13  9.9996E-01
 4.0268E+24  1.4693E-07  1.0000E+00  1.6091E+04  8.1828E-05  1.8431E-10  1.7284E-13  9.9996E-01
 4.1194E+24  1.5326E-07  1.0000E+00  1.6133E+04  8.1828E-05  1.7637E-10  1.7245E-13  9.9996E-01
 4.2120E+24  1.6013E-07  1.0000E+00  1.6174E+04  8.1828E-05  1.6848E-10  1.7206E-13  9.9996E-01
 4.3045E+24  1.6692E-07  1.0000E+00  1.6215E+04  8.1828E-05  1.6132E-10  1.7169E-13  9.9996E-01
 4.3971E+24  1.7363E-07  1.0000E+00  1.6255E+04  8.1828E-05  1.5480E-10  1.7131E-13  9.9996E-01
 4.4897E+24  1.8079E-07  1.0000E+00  1.6295E+04  8.1828E-05  1.4841E-10  1.7095E-13  9.9995E-01
 4.5822E+24  1.8804E-07  1.0000E+00  1.6334E+04  8.1828E-05  1.4244E-10  1.7060E-13  9.9995E-01
 4.6748E+24  1.9539E-07  1.0000E+00  1.6372E+04  8.1828E-05  1.3684E-10  1.7025E-13  9.9995E-01
 4.7674E+24  2.0286E-07  1.0000E+00  1.6409E+04  8.1828E-05  1.3158E-10  1.6992E-13  9.9995E-01
 4.8599E+24  2.1044E-07  1.0000E+00  1.6446E+04  8.1828E-05  1.2663E-10  1.6958E-13  9.9995E-01
 4.9525E+24  2.1815E-07  1.0000E+00  1.6481E+04  8.1828E-05  1.2196E-10  1.6926E-13  9.9994E-01
 5.0451E+24  2.2600E-07  1.0000E+00  1.6517E+04  8.1828E-05  1.1754E-10  1.6895E-13  9.9994E-01
 5.1377E+24  2.3400E-07  1.0000E+00  1.6551E+04  8.1828E-05  1.1334E-10  1.6864E-13  9.9994E-01
 5.2302E+24  2.4218E-07  1.0000E+00  1.6585E+04  8.1828E-05  1.0935E-10  1.6834E-13  9.9994E-01
 5.3228E+24  2.5054E-07  1.0000E+00  1.6619E+04  8.1828E-05  1.0554E-10  1.6804E-13  9.9994E-01
 5.4154E+24  2.5910E-07  1.0000E+00  1.6652E+04  8.1828E-05  1.0190E-10  1.6775E-13  9.9993E-01
 5.5079E+24  2.6717E-07  1.0000E+00  1.6685E+04  8.1828E-05  9.8681E-11  1.6746E-13  9.9993E-01
 5.6005E+24  2.7582E-07  1.0000E+00  1.6717E+04  8.1828E-05  9.5453E-11  1.6718E-13  9.9993E-01
 5.6931E+24  2.8492E-07  1.0000E+00  1.6749E+04  8.1828E-05  9.2274E-11  1.6690E-13  9.9993E-01
 5.7856E+24  2.9414E-07  1.0000E+00  1.6780E+04  8.1828E-05  8.9261E-11  1.6664E-13  9.9992E-01
 5.8782E+24  3.0232E-07  1.0000E+00  1.6810E+04  8.1828E-05  8.6726E-11  1.6637E-13  9.9992E-01
 5.9708E+24  3.1210E-07  1.0000E+00  1.6840E+04  8.1828E-05  8.3897E-11  1.6611E-13  9.9992E-01
 6.0634E+24  3.2153E-07  1.0000E+00  1.6869E+04  8.1828E-05  8.1334E-11  1.6586E-13  9.9992E-01
 6.1559E+24  3.3041E-07  1.0000E+00  1.6898E+04  8.1828E-05  7.9047E-11  1.6561E-13  9.9991E-01
 6.2485E+24  3.4103E-07  1.0000E+00  1.6927E+04  8.1828E-05  7.6489E-11  1.6536E-13  9.9991E-01
 6.3411E+24  3.4939E-07  1.0000E+00  1.6955E+04  8.1828E-05  7.4566E-11  1.6512E-13  9.9991E-01
 6.4336E+24  3.6049E-07  1.0000E+00  1.6983E+04  8.1828E-05  7.2182E-11  1.6489E-13  9.9991E-01
 6.5262E+24  3.6931E-07  1.0000E+00  1.7011E+04  8.1828E-05  7.0373E-11  1.6465E-13  9.9990E-01
 6.6188E+24  3.8071E-07  1.0000E+00  1.7038E+04  8.1828E-05  6.8186E-11  1.6442E-13  9.9990E-01
 6.7113E+24  3.8951E-07  1.0000E+00  1.7065E+04  8.1828E-05  6.6568E-11  1.6420E-13  9.9990E-01
 6.8039E+24  4.0130E-07  1.0000E+00  1.7091E+04  8.1828E-05  6.4538E-11  1.6398E-13  9.9990E-01
 6.8965E+24  4.1049E-07  1.0000E+00  1.7117E+04  8.1828E-05  6.3022E-11  1.6376E-13  9.9989E-01
 6.9891E+24  4.2186E-07  1.0000E+00  1.7143E+04  8.1828E-05  6.1254E-11  1.6354E-13  9.9989E-01
 7.0816E+24  4.3285E-07  1.0000E+00  1.7169E+04  8.1828E-05  5.9633E-11  1.6333E-13  9.9989E-01
 7.1742E+24  4.4275E-07  1.0000E+00  1.7194E+04  8.1828E-05  5.8237E-11  1.6312E-13  9.9989E-01
 7.2668E+24  4.5485E-07  1.0000E+00  1.7219E+04  8.1828E-05  5.6627E-11  1.6291E-13  9.9988E-01
 7.3593E+24  4.6562E-07  1.0000E+00  1.7243E+04  8.1828E-05  5.5259E-11  1.6271E-13  9.9988E-01
 7.4519E+24  4.7621E-07  1.0000E+00  1.7267E+04  8.1828E-05  5.3973E-11  1.6251E-13  9.9988E-01
 7.5445E+24  4.8851E-07  1.0000E+00  1.7291E+04  8.1828E-05  5.2561E-11  1.6231E-13  9.9987E-01
 7.6371E+24  5.0053E-07  1.0000E+00  1.7315E+04  8.1828E-05  5.1246E-11  1.6212E-13  9.9987E-01
 7.7296E+24  5.1046E-07  1.0000E+00  1.7338E+04  8.1828E-05  5.0198E-11  1.6193E-13  9.9987E-01
 7.8222E+24  5.2294E-07  1.0000E+00  1.7362E+04  8.1828E-05  4.8953E-11  1.6174E-13  9.9986E-01
 7.9148E+24  5.3551E-07  1.0000E+00  1.7384E+04  8.1828E-05  4.7757E-11  1.6155E-13  9.9986E-01
 8.0073E+24  5.4815E-07  1.0000E+00  1.7407E+04  8.1828E-05  4.6610E-11  1.6137E-13  9.9986E-01
 8.0999E+24  5.5837E-07  1.0000E+00  1.7429E+04  8.1828E-05  4.5713E-11  1.6119E-13  9.9986E-01
 8.1925E+24  5.7109E-07  1.0000E+00  1.7452E+04  8.1828E-05  4.4653E-11  1.6101E-13  9.9985E-01
 8.2850E+24  5.8396E-07  1.0000E+00  1.7473E+04  8.1828E-05  4.3628E-11  1.6083E-13  9.9985E-01
 8.3776E+24  5.9690E-07  1.0000E+00  1.7495E+04  8.1828E-05  4.2643E-11  1.6066E-13  9.9985E-01
 8.4702E+24  6.0993E-07  1.0000E+00  1.7517E+04  8.1828E-05  4.1694E-11  1.6048E-13  9.9984E-01
 8.5628E+24  6.2259E-07  1.0000E+00  1.7538E+04  8.1828E-05  4.0810E-11  1.6031E-13  9.9984E-01
 8.6553E+24  6.3427E-07  1.0000E+00  1.7559E+04  8.1828E-05  4.0023E-11  1.6015E-13  9.9984E-01
 8.7479E+24  6.4755E-07  1.0000E+00  1.7579E+04  8.1828E-05  3.9168E-11  1.5998E-13  9.9983E-01
 8.8405E+24  6.6094E-07  1.0000E+00  1.7600E+04  8.1828E-05  3.8340E-11  1.5982E-13  9.9983E-01
 8.9330E+24  6.7443E-07  1.0000E+00  1.7620E+04  8.1828E-05  3.7541E-11  1.5965E-13  9.9982E-01
 9.0256E+24  6.8800E-07  1.0000E+00  1.7641E+04  8.1828E-05  3.6770E-11  1.5949E-13  9.9982E-01
 9.1182E+24  7.0166E-07  1.0000E+00  1.7661E+04  8.1828E-05  3.6024E-11  1.5933E-13  9.9982E-01
 9.2107E+24  7.1542E-07  1.0000E+00  1.7680E+04  8.1828E-05  3.5301E-11  1.5918E-13  9.9981E-01
 9.3033E+24  7.2927E-07  1.0000E+00  1.7700E+04  8.1828E-05  3.4602E-11  1.5902E-13  9.9981E-01
 9.3959E+24  7.4322E-07  1.0000E+00  1.7719E+04  8.1828E-05  3.3925E-11  1.5887E-13  9.9981E-01
 9.4885E+24  7.5728E-07  1.0000E+00  1.7738E+04  8.1828E-05  3.3269E-11  1.5872E-13  9.9980E-01
 9.5810E+24  7.7144E-07  1.0000E+00  1.7758E+04  8.1828E-05  3.2632E-11  1.5857E-13  9.9980E-01
 9.6736E+24  7.8571E-07  1.0000E+00  1.7776E+04  8.1828E-05  3.2014E-11  1.5842E-13  9.9980E-01
 9.7662E+24  8.0010E-07  1.0000E+00  1.7795E+04  8.1828E-05  3.1414E-11  1.5828E-13  9.9979E-01
 9.8587E+24  8.1461E-07  1.0000E+00  1.7814E+04  8.1828E-05  3.0830E-11  1.5813E-13  9.9979E-01
 9.9513E+24  8.2925E-07  1.0000E+00  1.7832E+04  8.1828E-05  3.0263E-11  1.5799E-13  9.9978E-01
 1.0044E+25  8.4402E-07  1.0000E+00  1.7850E+04  8.1828E-05  2.9711E-11  1.5785E-13  9.9978E-01
 1.0136E+25  8.5893E-07  1.0000E+00  1.7868E+04  8.1828E-05  2.9173E-11  1.5771E-13  9.9978E-01
 1.0229E+25  8.7399E-07  1.0000E+00  1.7886E+04  8.1828E-05  2.8649E-11  1.5757E-13  9.9977E-01
 1.0322E+25  8.8921E-07  1.0000E+00  1.7904E+04  8.1828E-05  2.8138E-11  1.5743E-13  9.9977E-01
 1.0414E+25  9.0459E-07  1.0000E+00  1.7921E+04  8.1828E-05  2.7639E-11  1.5730E-13  9.9976E-01
 1.0507E+25  9.2014E-07  1.0000E+00  1.7939E+04  8.1828E-05  2.7152E-11  1.5716E-13  9.9975E-01
 1.0599E+25  9.3587E-07  1.0000E+00  1.7956E+04  8.1828E-05  2.6677E-11  1.5703E-13  9.9974E-01
 1.0692E+25  9.5179E-07  1.0000E+00  1.7973E+04  8.1828E-05  2.6212E-11  1.5690E-13  9.9973E-01
 1.0784E+25  9.6791E-07  1.0000E+00  1.7990E+04  8.1828E-05  2.5757E-11  1.5677E-13  9.9970E-01
 1.0877E+25  9.8424E-07  1.0000E+00  1.8007E+04  8.1828E-05  2.5313E-11  1.5664E-13  9.9966E-01
 1.0970E+25  1.0007E-06  1.0000E+00  1.8023E+04  8.1828E-05  2.4879E-11  1.5652E-13  9.9958E-01
 1.1062E+25  1.0147E-06  1.0000E+00  1.8039E+04  8.1828E-05  2.4519E-11  1.5640E-13  9.9944E-01
 1.1155E+25  1.0306E-06  1.0000E+00  1.8054E+04  8.1828E-05  2.4125E-11  1.5628E-13  9.9919E-01
 1.1247E+25  1.0475E-06  1.0000E+00  1.8069E+04  8.1828E-05  2.3721E-11  1.5617E-13  9.9875E-01
 1.1340E+25  1.0647E-06  1.0000E+00  1.8082E+04  8.1828E-05  2.3324E-11  1.5607E-13  9.9797E-01
 1.1432E+25  1.0822E-06  1.0000E+00  1.8092E+04  8.1828E-05  2.2934E-11  1.5599E-13  9.9661E-01
 1.1525E+25  1.1001E-06  1.0000E+00  1.8098E+04  8.1828E-05  2.2551E-11  1.5595E-13  9.9428E-01
 1.1618E+25  1.1184E-06  1.0000E+00  1.8098E+04  8.1828E-05  2.2176E-11  1.5595E-13  9.9031E-01
 1.1710E+25  1.1334E-06  1.0000E+00  1.8085E+04  8.1828E-05  2.1883E-11  1.5605E-13  9.8366E-01
 1.1803E+25  1.1507E-06  1.0000E+00  1.8055E+04  8.1828E-05  2.1562E-11  1.5629E-13  9.7273E-01
 1.1895E+25  1.1711E-06  1.0000E+00  1.7995E+04  8.1828E-05  2.1209E-11  1.5675E-13  9.5517E-01
 1.1988E+25  1.1932E-06  1.0000E+00  1.7891E+04  8.1828E-05  2.0861E-11  1.5756E-13  9.2786E-01
 1.2080E+25  1.2176E-06  1.0000E+00  1.7725E+04  8.1828E-05  2.0520E-11  1.5887E-13  8.8723E-01
 1.2173E+25  1.2451E-06  1.0000E+00  1.7474E+04  8.1828E-05  2.0188E-11  1.6089E-13  8.3029E-01
 1.2266E+25  1.2701E-06  1.0000E+00  1.7123E+04  8.1828E-05  1.9973E-11  1.6380E-13  7.5647E-01
 1.2358E+25  1.3077E-06  1.0000E+00  1.6668E+04  8.1828E-05  1.9652E-11  1.6773E-13  6.6934E-01
 1.2451E+25  1.3515E-06  1.0000E+00  1.6125E+04  8.1828E-05  1.9340E-11  1.7266E-13  5.7642E-01
 1.2543E+25  1.4014E-06  1.0000E+00  1.5528E+04  8.1828E-05  1.9037E-11  1.7844E-13  4.8665E-01
 1.2636E+25  1.4563E-06  1.0000E+00  1.4914E+04  8.1828E-05  1.8746E-11  1.8479E-13  4.0685E-01
 1.2728E+25  1.5150E-06  1.0000E+00  1.4317E+04  8.1828E-05  1.8464E-11  1.9141E-13  3.4008E-01
 1.2821E+25  1.5714E-06  1.0000E+00  1.3758E+04  8.1828E-05  1.8244E-11  1.9807E-13  2.8620E-01
 1.2914E+25  1.6323E-06  1.0000E+00  1.3248E+04  8.1828E-05  1.7986E-11  2.0458E-13  2.4341E-01
 1.3006E+25  1.6945E-06  1.0000E+00  1.2787E+04  8.1828E-05  1.7725E-11  2.1084E-13  2.0946E-01
 1.3099E+25  1.7564E-06  1.0000E+00  1.2375E+04  8.1828E-05  1.7470E-11  2.1679E-13  1.8231E-01
 1.3191E+25  1.8176E-06  1.0000E+00  1.2005E+04  8.1828E-05  1.7222E-11  2.2243E-13  1.6035E-01
 1.3284E+25  1.8780E-06  1.0000E+00  1.1674E+04  8.1828E-05  1.6980E-11  2.2774E-13  1.4235E-01
 1.3376E+25  1.9375E-06  1.0000E+00  1.1377E+04  8.1828E-05  1.6744E-11  2.3274E-13  1.2739E-01
 1.3469E+25  1.9964E-06  1.0000E+00  1.1109E+04  8.1828E-05  1.6512E-11  2.3745E-13  1.1480E-01
 1.3562E+25  2.0543E-06  1.0000E+00  1.0867E+04  8.1828E-05  1.6287E-11  2.4188E-13  1.0410E-01
 1.3654E+25  2.1117E-06  1.0000E+00  1.0647E+04  8.1828E-05  1.6065E-11  2.4606E-13  9.4900E-02
 1.3747E+25  2.1683E-06  1.0000E+00  1.0447E+04  8.1828E-05  1.5848E-11  2.5000E-13  8.6927E-02
 1.3839E+25  2.2244E-06  1.0000E+00  1.0264E+04  8.1828E-05  1.5636E-11  2.5371E-13  7.9960E-02
 1.3932E+25  2.2799E-06  1.0000E+00  1.0096E+04  8.1828E-05  1.5427E-11  2.5723E-13  7.3829E-02
 1.4024E+25  2.3320E-06  1.0000E+00  9.9415E+03  8.1828E-05  1.5245E-11  2.6055E-13  6.8400E-02
 1.4117E+25  2.3853E-06  1.0000E+00  9.7990E+03  8.1828E-05  1.5049E-11  2.6370E-13  6.3565E-02
 1.4210E+25  2.4392E-06  1.0000E+00  9.6671E+03  8.1828E-05  1.4852E-11  2.6668E-13  5.9236E-02
 1.4302E+25  2.4929E-06  1.0000E+00  9.5449E+03  8.1828E-05  1.4660E-11  2.6951E-13  5.5343E-02
 1.4395E+25  2.5463E-06  1.0000E+00  9.4312E+03  8.1828E-05  1.4470E-11  2.7220E-13  5.1826E-02
 1.4487E+25  2.5995E-06  1.0000E+00  9.3254E+03  8.1828E-05  1.4284E-11  2.7475E-13  4.8636E-02
 1.4580E+25  2.6526E-06  1.0000E+00  9.2265E+03  8.1828E-05  1.4101E-11  2.7718E-13  4.5733E-02
 1.4672E+25  2.7055E-06  1.0000E+00  9.1341E+03  8.1828E-05  1.3920E-11  2.7950E-13  4.3083E-02
 1.4765E+25  2.7585E-06  1.0000E+00  9.0475E+03  8.1828E-05  1.3743E-11  2.8171E-13  4.0655E-02
 1.4858E+25  2.8114E-06  1.0000E+00  8.9662E+03  8.1828E-05  1.3567E-11  2.8381E-13  3.8425E-02
 1.4950E+25  2.8644E-06  1.0000E+00  8.8898E+03  8.1828E-05  1.3395E-11  2.8582E-13  3.6371E-02
 1.5043E+25  2.9151E-06  1.0000E+00  8.8178E+03  8.1828E-05  1.3239E-11  2.8774E-13  3.4475E-02
 1.5135E+25  2.9603E-06  1.0000E+00  8.7500E+03  8.1828E-05  1.3103E-11  2.8958E-13  3.2720E-02
 1.5228E+25  3.0128E-06  1.0000E+00  8.6859E+03  8.1828E-05  1.2939E-11  2.9133E-13  3.1094E-02
 1.5320E+25  3.0655E-06  1.0000E+00  8.6254E+03  8.1828E-05  1.2778E-11  2.9301E-13  2.9582E-02
 1.5413E+25  3.1184E-06  1.0000E+00  8.5681E+03  8.1828E-05  1.2619E-11  2.9462E-13  2.8175E-02
 1.5506E+25  3.1717E-06  1.0000E+00  8.5138E+03  8.1828E-05  1.2461E-11  2.9617E-13  2.6862E-02
 1.5598E+25  3.2255E-06  1.0000E+00  8.4623E+03  8.1828E-05  1.2304E-11  2.9764E-13  2.5636E-02
 1.5691E+25  3.2786E-06  1.0000E+00  8.4134E+03  8.1828E-05  1.2156E-11  2.9906E-13  2.4489E-02
 1.5783E+25  3.3179E-06  1.0000E+00  8.3669E+03  8.1828E-05  1.2057E-11  3.0042E-13  2.3414E-02
 1.5876E+25  3.3712E-06  1.0000E+00  8.3227E+03  8.1828E-05  1.1907E-11  3.0173E-13  2.2405E-02
 1.5968E+25  3.4256E-06  1.0000E+00  8.2806E+03  8.1828E-05  1.1759E-11  3.0299E-13  2.1457E-02
 1.6061E+25  3.4806E-06  1.0000E+00  8.2405E+03  8.1828E-05  1.1612E-11  3.0420E-13  2.0565E-02
 1.6154E+25  3.5363E-06  1.0000E+00  8.2022E+03  8.1828E-05  1.1466E-11  3.0536E-13  1.9725E-02
 1.6246E+25  3.5820E-06  1.0000E+00  8.1656E+03  8.1828E-05  1.1359E-11  3.0648E-13  1.8932E-02
 1.6339E+25  3.6258E-06  1.0000E+00  8.1307E+03  8.1828E-05  1.1250E-11  3.0755E-13  1.8184E-02
 1.6431E+25  3.6822E-06  1.0000E+00  8.0973E+03  8.1828E-05  1.1109E-11  3.0859E-13  1.7477E-02
 1.6524E+25  3.7394E-06  1.0000E+00  8.0654E+03  8.1828E-05  1.0969E-11  3.0959E-13  1.6808E-02
 1.6616E+25  3.7975E-06  1.0000E+00  8.0348E+03  8.1828E-05  1.0830E-11  3.1055E-13  1.6174E-02
 1.6709E+25  3.8349E-06  1.0000E+00  8.0055E+03  8.1828E-05  1.0755E-11  3.1148E-13  1.5573E-02
 1.6802E+25  3.8860E-06  1.0000E+00  7.9774E+03  8.1828E-05  1.0635E-11  3.1237E-13  1.5002E-02
 1.6894E+25  3.9453E-06  1.0000E+00  7.9505E+03  8.1828E-05  1.0500E-11  3.1324E-13  1.4461E-02
 1.6987E+25  4.0057E-06  1.0000E+00  7.9247E+03  8.1828E-05  1.0365E-11  3.1407E-13  1.3946E-02
 1.7079E+25  4.0479E-06  1.0000E+00  7.8998E+03  8.1828E-05  1.0283E-11  3.1488E-13  1.3457E-02
 1.7172E+25  4.0935E-06  1.0000E+00  7.8760E+03  8.1828E-05  1.0185E-11  3.1566E-13  1.2990E-02
 1.7264E+25  4.1556E-06  1.0000E+00  7.8531E+03  8.1828E-05  1.0053E-11  3.1641E-13  1.2546E-02
 1.7357E+25  4.2191E-06  1.0000E+00  7.8310E+03  8.1828E-05  9.9209E-12  3.1713E-13  1.2123E-02
 1.7450E+25  4.2536E-06  1.0000E+00  7.8098E+03  8.1828E-05  9.8633E-12  3.1784E-13  1.1719E-02
 1.7542E+25  4.3069E-06  1.0000E+00  7.7893E+03  8.1828E-05  9.7545E-12  3.1852E-13  1.1333E-02
 1.7635E+25  4.3723E-06  1.0000E+00  7.7697E+03  8.1828E-05  9.6252E-12  3.1917E-13  1.0965E-02
 1.7727E+25  4.4303E-06  1.0000E+00  7.7507E+03  8.1828E-05  9.5195E-12  3.1981E-13  1.0613E-02
 1.7820E+25  4.4598E-06  1.0000E+00  7.7324E+03  8.1828E-05  9.4678E-12  3.2043E-13  1.0276E-02
 1.7912E+25  4.5277E-06  1.0000E+00  7.7148E+03  8.1828E-05  9.3402E-12  3.2102E-13  9.9539E-03
 1.8005E+25  4.5975E-06  1.0000E+00  7.6977E+03  8.1828E-05  9.2124E-12  3.2160E-13  9.6449E-03
 1.8097E+25  4.6226E-06  1.0000E+00  7.6813E+03  8.1828E-05  9.1802E-12  3.2216E-13  9.3494E-03
 1.8190E+25  4.6860E-06  1.0000E+00  7.6655E+03  8.1828E-05  9.0645E-12  3.2270E-13  9.0659E-03
 1.8283E+25  4.7584E-06  1.0000E+00  7.6501E+03  8.1828E-05  8.9390E-12  3.2323E-13  8.7937E-03
 1.8375E+25  4.7908E-06  1.0000E+00  7.6353E+03  8.1828E-05  8.8946E-12  3.2374E-13  8.5331E-03
 1.8468E+25  4.8479E-06  1.0000E+00  7.6210E+03  8.1828E-05  8.7969E-12  3.2423E-13  8.2822E-03
 1.8560E+25  4.9236E-06  1.0000E+00  7.6072E+03  8.1828E-05  8.6724E-12  3.2471E-13  8.0419E-03
 1.8653E+25  4.9558E-06  1.0000E+00  7.5938E+03  8.1828E-05  8.6310E-12  3.2518E-13  7.8104E-03
 1.8745E+25  5.0134E-06  9.9999E-01  7.5808E+03  8.1828E-05  8.5373E-12  3.2563E-13  7.5881E-03
 1.8838E+25  5.0932E-06  9.9999E-01  7.5682E+03  8.1828E-05  8.4132E-12  3.2607E-13  7.3743E-03
 1.8931E+25  5.1171E-06  9.9999E-01  7.5561E+03  8.1828E-05  8.3874E-12  3.2650E-13  7.1683E-03
 1.9023E+25  5.1844E-06  9.9999E-01  7.5443E+03  8.1828E-05  8.2832E-12  3.2691E-13  6.9705E-03
 1.9116E+25  5.2654E-06  9.9999E-01  7.5329E+03  8.1828E-05  8.1671E-12  3.2731E-13  6.7794E-03
 1.9208E+25  5.2767E-06  9.9999E-01  7.5219E+03  8.1828E-05  8.1563E-12  3.2770E-13  6.5959E-03
 1.9301E+25  5.3612E-06  9.9999E-01  7.5111E+03  8.1828E-05  8.0343E-12  3.2809E-13  6.4183E-03
 1.9393E+25  5.4221E-06  9.9999E-01  7.5008E+03  8.1828E-05  7.9560E-12  3.2845E-13  6.2479E-03
 1.9486E+25  5.4541E-06  9.9999E-01  7.4906E+03  8.1828E-05  7.9122E-12  3.2881E-13  6.0827E-03
 1.9579E+25  5.5444E-06  9.9999E-01  7.4809E+03  8.1828E-05  7.7904E-12  3.2916E-13  5.9242E-03
 1.9671E+25  5.5736E-06  9.9999E-01  7.4714E+03  8.1828E-05  7.7606E-12  3.2950E-13  5.7703E-03
 1.9764E+25  5.6395E-06  9.9999E-01  7.4622E+03  8.1828E-05  7.6721E-12  3.2983E-13  5.6225E-03
 1.9856E+25  5.7202E-06  9.9999E-01  7.4532E+03  8.1828E-05  7.5743E-12  3.3016E-13  5.4791E-03
 1.9949E+25  5.7354E-06  9.9999E-01  7.4445E+03  8.1828E-05  7.5562E-12  3.3047E-13  5.3410E-03
 2.0041E+25  5.8329E-06  9.9999E-01  7.4360E+03  8.1828E-05  7.4356E-12  3.3077E-13  5.2073E-03
 2.0134E+25  5.8654E-06  9.9999E-01  7.4278E+03  8.1828E-05  7.4043E-12  3.3108E-13  5.0781E-03
 2.0227E+25  5.9318E-06  9.9999E-01  7.4198E+03  8.1828E-05  7.3226E-12  3.3136E-13  4.9532E-03
 2.0319E+25  6.0096E-06  9.9999E-01  7.4121E+03  8.1828E-05  7.2374E-12  3.3166E-13  4.8321E-03
 2.0412E+25  6.0316E-06  9.9999E-01  7.4045E+03  8.1828E-05  7.2119E-12  3.3193E-13  4.7154E-03
 2.0504E+25  6.1377E-06  9.9999E-01  7.3972E+03  8.1828E-05  7.0920E-12  3.3220E-13  4.6018E-03
 2.0597E+25  6.1478E-06  9.9999E-01  7.3900E+03  8.1828E-05  7.0892E-12  3.3246E-13  4.4926E-03
 2.0689E+25  6.2412E-06  9.9999E-01  7.3831E+03  8.1828E-05  6.9836E-12  3.3271E-13  4.3861E-03
 2.0782E+25  6.2897E-06  9.9999E-01  7.3763E+03  8.1828E-05  6.9381E-12  3.3296E-13  4.2834E-03
 2.0875E+25  6.3455E-06  9.9999E-01  7.3697E+03  8.1828E-05  6.8772E-12  3.3320E-13  4.1837E-03
 2.0967E+25  6.4312E-06  9.9999E-01  7.3633E+03  8.1828E-05  6.7937E-12  3.3344E-13  4.0868E-03
 2.1060E+25  6.4509E-06  9.9999E-01  7.3570E+03  8.1828E-05  6.7729E-12  3.3366E-13  3.9935E-03
 2.1152E+25  6.5697E-06  9.9999E-01  7.3509E+03  8.1828E-05  6.6555E-12  3.3389E-13  3.9023E-03
 2.1245E+25  6.5605E-06  9.9999E-01  7.3450E+03  8.1828E-05  6.6698E-12  3.3411E-13  3.8144E-03
 2.1337E+25  6.6809E-06  9.9999E-01  7.3392E+03  8.1828E-05  6.5505E-12  3.3432E-13  3.7289E-03
 2.1430E+25  6.6982E-06  9.9999E-01  7.3336E+03  8.1828E-05  6.5411E-12  3.3453E-13  3.6457E-03
 2.1523E+25  6.7930E-06  9.9999E-01  7.3281E+03  8.1828E-05  6.4491E-12  3.3473E-13  3.5655E-03
 2.1615E+25  6.8361E-06  9.9999E-01  7.3227E+03  8.1828E-05  6.4157E-12  3.3493E-13  3.4870E-03
 2.1708E+25  6.9071E-06  9.9999E-01  7.3175E+03  8.1828E-05  6.3489E-12  3.3512E-13  3.4111E-03
 2.1800E+25  6.9734E-06  9.9999E-01  7.3124E+03  8.1828E-05  6.2954E-12  3.3531E-13  3.3375E-03
 2.1893E+25  7.0227E-06  9.9999E-01  7.3074E+03  8.1828E-05  6.2502E-12  3.3550E-13  3.2655E-03
 2.1985E+25  7.1097E-06  9.9999E-01  7.3026E+03  8.1828E-05  6.1805E-12  3.3568E-13  3.1961E-03
 2.2078E+25  7.1407E-06  9.9999E-01  7.2978E+03  8.1828E-05  6.1525E-12  3.3586E-13  3.1284E-03
 2.2171E+25  7.2457E-06  9.9999E-01  7.2932E+03  8.1828E-05  6.0699E-12  3.3603E-13  3.0623E-03
 2.2263E+25  7.2610E-06  9.9999E-01  7.2887E+03  8.1828E-05  6.0557E-12  3.3620E-13  2.9987E-03
 2.2356E+25  7.3806E-06  9.9999E-01  7.2843E+03  8.1828E-05  5.9640E-12  3.3636E-13  2.9362E-03
 2.2448E+25  7.3837E-06  9.9999E-01  7.2800E+03  8.1828E-05  5.9600E-12  3.3652E-13  2.8755E-03
 2.2541E+25  7.5145E-06  9.9999E-01  7.2758E+03  8.1828E-05  5.8623E-12  3.3668E-13  2.8169E-03
 2.2633E+25  7.5092E-06  9.9999E-01  7.2717E+03  8.1828E-05  5.8649E-12  3.3683E-13  2.7593E-03
 2.2726E+25  7.6473E-06  9.9999E-01  7.2677E+03  8.1828E-05  5.7649E-12  3.3698E-13  2.7034E-03
 2.2819E+25  7.6372E-06  9.9999E-01  7.2638E+03  8.1828E-05  5.7709E-12  3.3713E-13  2.6494E-03
 2.2911E+25  7.7794E-06  9.9999E-01  7.2599E+03  8.1828E-05  5.6712E-12  3.3728E-13  2.5963E-03
 2.3004E+25  7.7684E-06  9.9999E-01  7.2562E+03  8.1828E-05  5.6776E-12  3.3742E-13  2.5447E-03
 2.3096E+25  7.9104E-06  9.9999E-01  7.2525E+03  8.1828E-05  5.5812E-12  3.3755E-13  2.4948E-03
 2.3189E+25  7.9028E-06  9.9999E-01  7.2489E+03  8.1828E-05  5.5848E-12  3.3769E-13  2.4457E-03
 2.3281E+25  8.0404E-06  9.9999E-01  7.2454E+03  8.1828E-05  5.4947E-12  3.3782E-13  2.3979E-03
 2.3374E+25  8.0405E-06  9.9999E-01  7.2420E+03  8.1828E-05  5.4927E-12  3.3795E-13  2.3518E-03
 2.3467E+25  8.1692E-06  9.9999E-01  7.2387E+03  8.1828E-05  5.4116E-12  3.3808E-13  2.3064E-03
 2.3559E+25  8.1818E-06  9.9999E-01  7.2354E+03  8.1828E-05  5.4012E-12  3.3820E-13  2.2621E-03
 2.3652E+25  8.2968E-06  9.9999E-01  7.2322E+03  8.1828E-05  5.3316E-12  3.3832E-13  2.2194E-03
 2.3744E+25  8.3268E-06  9.9999E-01  7.2291E+03  8.1828E-05  5.3103E-12  3.3844E-13  2.1774E-03
 2.3837E+25  8.4233E-06  9.9999E-01  7.2260E+03  8.1828E-05  5.2547E-12  3.3856E-13  2.1362E-03
 2.3929E+25  8.4758E-06  9.9999E-01  7.2230E+03  8.1828E-05  5.2199E-12  3.3867E-13  2.0965E-03
 2.4022E+25  8.5485E-06  9.9999E-01  7.2201E+03  8.1828E-05  5.1806E-12  3.3878E-13  2.0577E-03
 2.4115E+25  8.6290E-06  9.9999E-01  7.2172E+03  8.1828E-05  5.1301E-12  3.3889E-13  2.0195E-03
 2.4207E+25  8.6724E-06  9.9999E-01  7.2144E+03  8.1828E-05  5.1093E-12  3.3900E-13  1.9824E-03
 2.4300E+25  8.7866E-06  9.9999E-01  7.2116E+03  8.1828E-05  5.0407E-12  3.3910E-13  1.9464E-03
 2.4392E+25  8.7951E-06  9.9999E-01  7.2089E+03  8.1828E-05  5.0407E-12  3.3921E-13  1.9110E-03
 2.4485E+25  8.9488E-06  9.9999E-01  7.2062E+03  8.1828E-05  4.9519E-12  3.3931E-13  1.8763E-03
 2.4577E+25  8.9165E-06  9.9999E-01  7.2037E+03  8.1828E-05  4.9745E-12  3.3941E-13  1.8428E-03
 2.4670E+25  9.0890E-06  9.9999E-01  7.2011E+03  8.1828E-05  4.8813E-12  3.3950E-13  1.8100E-03
 2.4763E+25  9.0634E-06  9.9999E-01  7.1986E+03  8.1828E-05  4.8928E-12  3.3960E-13  1.7776E-03
 2.4855E+25  9.2097E-06  9.9999E-01  7.1962E+03  8.1828E-05  4.8196E-12  3.3969E-13  1.7462E-03
 2.4948E+25  9.2335E-06  9.9999E-01  7.1938E+03  8.1828E-05  4.8048E-12  3.3978E-13  1.7158E-03
 2.5040E+25  9.3288E-06  9.9999E-01  7.1915E+03  8.1828E-05  4.7603E-12  3.3987E-13  1.6857E-03
 2.5133E+25  9.4091E-06  9.9999E-01  7.1892E+03  8.1828E-05  4.7172E-12  3.3996E-13  1.6563E-03
 2.5225E+25  9.4461E-06  9.9999E-01  7.1869E+03  8.1828E-05  4.7032E-12  3.4005E-13  1.6278E-03
 2.5318E+25  9.5903E-06  9.9999E-01  7.1847E+03  8.1828E-05  4.6300E-12  3.4013E-13  1.5999E-03
 2.5411E+25  9.5623E-06  9.9999E-01  7.1826E+03  8.1828E-05  4.6479E-12  3.4021E-13  1.5724E-03
 2.5503E+25  9.7397E-06  9.9999E-01  7.1804E+03  8.1828E-05  4.5642E-12  3.4029E-13  1.5455E-03
 2.5596E+25  9.7145E-06  9.9999E-01  7.1784E+03  8.1828E-05  4.5736E-12  3.4037E-13  1.5196E-03
 2.5688E+25  9.8550E-06  9.9999E-01  7.1763E+03  8.1828E-05  4.5126E-12  3.4045E-13  1.4941E-03
 2.5781E+25  9.9056E-06  9.9999E-01  7.1743E+03  8.1828E-05  4.4870E-12  3.4053E-13  1.4689E-03
 2.5873E+25  9.9689E-06  9.9999E-01  7.1724E+03  8.1828E-05  4.4627E-12  3.4060E-13  1.4443E-03
 2.5966E+25  1.0103E-05  9.9999E-01  7.1704E+03  8.1828E-05  4.4010E-12  3.4068E-13  1.4205E-03
 2.6059E+25  1.0081E-05  9.9999E-01  7.1686E+03  8.1828E-05  4.4148E-12  3.4075E-13  1.3972E-03
 2.6151E+25  1.0261E-05  9.9999E-01  7.1667E+03  8.1828E-05  4.3379E-12  3.4082E-13  1.3740E-03
 2.6244E+25  1.0237E-05  9.9999E-01  7.1649E+03  8.1828E-05  4.3459E-12  3.4089E-13  1.3516E-03
 2.6336E+25  1.0373E-05  9.9999E-01  7.1631E+03  8.1828E-05  4.2929E-12  3.4096E-13  1.3298E-03
 2.6429E+25  1.0445E-05  9.9999E-01  7.1613E+03  8.1828E-05  4.2604E-12  3.4103E-13  1.3083E-03
 2.6521E+25  1.0482E-05  9.9999E-01  7.1596E+03  8.1828E-05  4.2494E-12  3.4109E-13  1.2871E-03
 2.6614E+25  1.0660E-05  9.9999E-01  7.1579E+03  8.1828E-05  4.1770E-12  3.4116E-13  1.2664E-03
 2.6707E+25  1.0591E-05  9.9999E-01  7.1563E+03  8.1828E-05  4.2059E-12  3.4122E-13  1.2464E-03
 2.6799E+25  1.0773E-05  9.9999E-01  7.1546E+03  8.1828E-05  4.1365E-12  3.4129E-13  1.2267E-03
 2.6892E+25  1.0807E-05  9.9999E-01  7.1530E+03  8.1828E-05  4.1211E-12  3.4135E-13  1.2072E-03
 2.6984E+25  1.0880E-05  9.9999E-01  7.1515E+03  8.1828E-05  4.0972E-12  3.4141E-13  1.1881E-03
 2.7077E+25  1.1036E-05  9.9999E-01  7.1499E+03  8.1828E-05  4.0367E-12  3.4147E-13  1.1697E-03
 2.7169E+25  1.0985E-05  9.9999E-01  7.1484E+03  8.1828E-05  4.0591E-12  3.4153E-13  1.1516E-03
 2.7262E+25  1.1171E-05  9.9999E-01  7.1469E+03  8.1828E-05  3.9921E-12  3.4158E-13  1.1336E-03
 2.7355E+25  1.1190E-05  9.9999E-01  7.1454E+03  8.1828E-05  3.9830E-12  3.4164E-13  1.1160E-03
 2.7447E+25  1.1275E-05  9.9999E-01  7.1440E+03  8.1828E-05  3.9566E-12  3.4170E-13  1.0989E-03
 2.7540E+25  1.1433E-05  9.9999E-01  7.1426E+03  8.1828E-05  3.8993E-12  3.4175E-13  1.0823E-03
 2.7632E+25  1.1377E-05  9.9999E-01  7.1412E+03  8.1828E-05  3.9222E-12  3.4181E-13  1.0658E-03
 2.7725E+25  1.1566E-05  9.9999E-01  7.1399E+03  8.1828E-05  3.8586E-12  3.4186E-13  1.0495E-03
 2.7817E+25  1.1596E-05  9.9999E-01  7.1385E+03  8.1828E-05  3.8460E-12  3.4191E-13  1.0337E-03
 2.7910E+25  1.1666E-05  9.9999E-01  7.1372E+03  8.1828E-05  3.8265E-12  3.4196E-13  1.0183E-03
 2.8003E+25  1.1853E-05  9.9999E-01  7.1359E+03  8.1828E-05  3.7650E-12  3.4201E-13  1.0032E-03
 2.8095E+25  1.1767E-05  9.9999E-01  7.1346E+03  8.1828E-05  3.7932E-12  3.4206E-13  9.8817E-04
 2.8188E+25  1.1956E-05  9.9999E-01  7.1334E+03  8.1828E-05  3.7350E-12  3.4211E-13  9.7343E-04
 2.8280E+25  1.2029E-05  9.9999E-01  7.1321E+03  8.1828E-05  3.7099E-12  3.4216E-13  9.5914E-04
 2.8373E+25  1.2052E-05  9.9999E-01  7.1310E+03  8.1828E-05  3.7059E-12  3.4220E-13  9.4520E-04
 2.8465E+25  1.2247E-05  9.9999E-01  7.1298E+03  8.1828E-05  3.6476E-12  3.4225E-13  9.3138E-04
 2.8558E+25  1.2206E-05  9.9999E-01  7.1286E+03  8.1828E-05  3.6573E-12  3.4230E-13  9.1771E-04
 2.8651E+25  1.2341E-05  9.9999E-01  7.1274E+03  8.1828E-05  3.6204E-12  3.4234E-13  9.0437E-04
 2.8743E+25  1.2490E-05  9.9999E-01  7.1263E+03  8.1828E-05  3.5749E-12  3.4238E-13  8.9142E-04
 2.8836E+25  1.2435E-05  9.9999E-01  7.1252E+03  8.1828E-05  3.5940E-12  3.4243E-13  8.7872E-04
 2.8928E+25  1.2631E-05  9.9999E-01  7.1241E+03  8.1828E-05  3.5385E-12  3.4247E-13  8.6611E-04
 2.9021E+25  1.2680E-05  9.9999E-01  7.1230E+03  8.1828E-05  3.5223E-12  3.4251E-13  8.5366E-04
 2.9113E+25  1.2722E-05  9.9999E-01  7.1220E+03  8.1828E-05  3.5139E-12  3.4255E-13  8.4154E-04
 2.9206E+25  1.2922E-05  9.9999E-01  7.1209E+03  8.1828E-05  3.4601E-12  3.4259E-13  8.2978E-04
 2.9299E+25  1.2873E-05  9.9999E-01  7.1199E+03  8.1828E-05  3.4705E-12  3.4263E-13  8.1817E-04
 2.9391E+25  1.3010E-05  9.9999E-01  7.1189E+03  8.1828E-05  3.4370E-12  3.4267E-13  8.0667E-04
 2.9484E+25  1.3187E-05  9.9999E-01  7.1179E+03  8.1828E-05  3.3886E-12  3.4271E-13  7.9531E-04
 2.9576E+25  1.3098E-05  9.9999E-01  7.1169E+03  8.1828E-05  3.4147E-12  3.4275E-13  7.8426E-04
 2.9669E+25  1.3299E-05  9.9999E-01  7.1160E+03  8.1828E-05  3.3635E-12  3.4279E-13  7.7353E-04
 2.9761E+25  1.3397E-05  9.9999E-01  7.1150E+03  8.1828E-05  3.3365E-12  3.4282E-13  7.6293E-04
 2.9854E+25  1.3384E-05  9.9999E-01  7.1141E+03  8.1828E-05  3.3427E-12  3.4286E-13  7.5242E-04
 2.9947E+25  1.3587E-05  9.9999E-01  7.1131E+03  8.1828E-05  3.2930E-12  3.4290E-13  7.4204E-04
 3.0039E+25  1.3611E-05  9.9999E-01  7.1122E+03  8.1828E-05  3.2847E-12  3.4293E-13  7.3193E-04
 3.0132E+25  1.3671E-05  9.9999E-01  7.1114E+03  8.1828E-05  3.2735E-12  3.4296E-13  7.2211E-04
 3.0224E+25  1.3877E-05  9.9999E-01  7.1105E+03  8.1828E-05  3.2251E-12  3.4300E-13  7.1243E-04
 3.0317E+25  1.3832E-05  9.9999E-01  7.1096E+03  8.1828E-05  3.2332E-12  3.4303E-13  7.0282E-04
 3.0409E+25  1.3957E-05  9.9999E-01  7.1088E+03  8.1828E-05  3.2071E-12  3.4307E-13  6.9332E-04
 3.0502E+25  1.4166E-05  9.9999E-01  7.1079E+03  8.1828E-05  3.1600E-12  3.4310E-13  6.8403E-04
 3.0594E+25  1.4060E-05  9.9999E-01  7.1071E+03  8.1828E-05  3.1816E-12  3.4313E-13  6.7501E-04
 3.0687E+25  1.4243E-05  9.9999E-01  7.1063E+03  8.1828E-05  3.1434E-12  3.4316E-13  6.6618E-04
 3.0780E+25  1.4429E-05  9.9999E-01  7.1055E+03  8.1828E-05  3.1005E-12  3.4319E-13  6.5738E-04
 3.0872E+25  1.4321E-05  9.9999E-01  7.1047E+03  8.1828E-05  3.1269E-12  3.4322E-13  6.4868E-04
 3.0965E+25  1.4529E-05  9.9999E-01  7.1039E+03  8.1828E-05  3.0822E-12  3.4325E-13  6.4012E-04
 3.1057E+25  1.4676E-05  9.9999E-01  7.1032E+03  8.1828E-05  3.0489E-12  3.4328E-13  6.3181E-04
 3.1150E+25  1.4604E-05  9.9999E-01  7.1024E+03  8.1828E-05  3.0668E-12  3.4331E-13  6.2371E-04
 3.1242E+25  1.4816E-05  9.9999E-01  7.1017E+03  8.1828E-05  3.0233E-12  3.4334E-13  6.1567E-04
 3.1335E+25  1.4932E-05  9.9999E-01  7.1010E+03  8.1828E-05  2.9974E-12  3.4337E-13  6.0770E-04
 3.1428E+25  1.4888E-05  9.9999E-01  7.1002E+03  8.1828E-05  3.0090E-12  3.4340E-13  5.9982E-04
 3.1520E+25  1.5102E-05  9.9998E-01  7.0995E+03  8.1828E-05  2.9667E-12  3.4343E-13  5.9214E-04
 3.1613E+25  1.5195E-05  9.9998E-01  7.0988E+03  8.1828E-05  2.9460E-12  3.4345E-13  5.8465E-04
 3.1705E+25  1.5172E-05  9.9998E-01  7.0981E+03  8.1828E-05  2.9534E-12  3.4348E-13  5.7732E-04
 3.1798E+25  1.5387E-05  9.9998E-01  7.0975E+03  8.1828E-05  2.9122E-12  3.4351E-13  5.7001E-04
 3.1890E+25  1.5468E-05  9.9998E-01  7.0968E+03  8.1828E-05  2.8946E-12  3.4353E-13  5.6277E-04
 3.1983E+25  1.5455E-05  9.9998E-01  7.0961E+03  8.1828E-05  2.8998E-12  3.4356E-13  5.5563E-04
 3.2076E+25  1.5672E-05  9.9998E-01  7.0955E+03  8.1828E-05  2.8598E-12  3.4359E-13  5.4870E-04
 3.2168E+25  1.5751E-05  9.9998E-01  7.0948E+03  8.1828E-05  2.8432E-12  3.4361E-13  5.4195E-04
 3.2261E+25  1.5737E-05  9.9998E-01  7.0942E+03  8.1828E-05  2.8483E-12  3.4363E-13  5.3527E-04
 3.2353E+25  1.5956E-05  9.9998E-01  7.0936E+03  8.1828E-05  2.8094E-12  3.4366E-13  5.2863E-04
 3.2446E+25  1.6043E-05  9.9998E-01  7.0930E+03  8.1828E-05  2.7918E-12  3.4368E-13  5.2205E-04
 3.2538E+25  1.6019E-05  9.9998E-01  7.0924E+03  8.1828E-05  2.7987E-12  3.4371E-13  5.1559E-04
 3.2631E+25  1.6240E-05  9.9998E-01  7.0918E+03  8.1828E-05  2.7609E-12  3.4373E-13  5.0930E-04
 3.2724E+25  1.6347E-05  9.9998E-01  7.0912E+03  8.1828E-05  2.7404E-12  3.4375E-13  5.0317E-04
 3.2816E+25  1.6300E-05  9.9998E-01  7.0906E+03  8.1828E-05  2.7509E-12  3.4378E-13  4.9710E-04
 3.2909E+25  1.6522E-05  9.9998E-01  7.0900E+03  8.1828E-05  2.7141E-12  3.4380E-13  4.9106E-04
 3.3001E+25  1.6662E-05  9.9998E-01  7.0895E+03  8.1828E-05  2.6891E-12  3.4382E-13  4.8508E-04
 3.3094E+25  1.6580E-05  9.9998E-01  7.0889E+03  8.1828E-05  2.7048E-12  3.4384E-13  4.7920E-04
 3.3186E+25  1.6804E-05  9.9998E-01  7.0884E+03  8.1828E-05  2.6690E-12  3.4386E-13  4.7348E-04
 3.3279E+25  1.6988E-05  9.9998E-01  7.0878E+03  8.1828E-05  2.6378E-12  3.4389E-13  4.6790E-04
 3.3372E+25  1.6860E-05  9.9998E-01  7.0873E+03  8.1828E-05  2.6604E-12  3.4391E-13  4.6238E-04
 3.3464E+25  1.7085E-05  9.9998E-01  7.0868E+03  8.1828E-05  2.6255E-12  3.4393E-13  4.5688E-04
 3.3557E+25  1.7313E-05  9.9998E-01  7.0862E+03  8.1828E-05  2.5905E-12  3.4395E-13  4.5143E-04
 3.3649E+25  1.7153E-05  9.9998E-01  7.0857E+03  8.1828E-05  2.6135E-12  3.4397E-13  4.4606E-04
 3.3742E+25  1.7365E-05  9.9998E-01  7.0852E+03  8.1828E-05  2.5835E-12  3.4399E-13  4.4084E-04
 3.3834E+25  1.7598E-05  9.9998E-01  7.0847E+03  8.1828E-05  2.5495E-12  3.4401E-13  4.3574E-04
 3.3927E+25  1.7497E-05  9.9998E-01  7.0842E+03  8.1828E-05  2.5620E-12  3.4403E-13  4.3072E-04
 3.4020E+25  1.7645E-05  9.9998E-01  7.0837E+03  8.1828E-05  2.5429E-12  3.4405E-13  4.2571E-04
 3.4112E+25  1.7879E-05  9.9998E-01  7.0833E+03  8.1828E-05  2.5099E-12  3.4406E-13  4.2075E-04
 3.4205E+25  1.7858E-05  9.9998E-01  7.0828E+03  8.1828E-05  2.5105E-12  3.4408E-13  4.1583E-04
 3.4297E+25  1.7924E-05  9.9998E-01  7.0823E+03  8.1828E-05  2.5037E-12  3.4410E-13  4.1105E-04
 3.4390E+25  1.8157E-05  9.9998E-01  7.0819E+03  8.1828E-05  2.4717E-12  3.4412E-13  4.0637E-04
 3.4482E+25  1.8233E-05  9.9998E-01  7.0814E+03  8.1828E-05  2.4592E-12  3.4414E-13  4.0180E-04
 3.4575E+25  1.8201E-05  9.9998E-01  7.0810E+03  8.1828E-05  2.4658E-12  3.4415E-13  3.9724E-04
 3.4668E+25  1.8435E-05  9.9998E-01  7.0805E+03  8.1828E-05  2.4347E-12  3.4417E-13  3.9270E-04
 3.4760E+25  1.8623E-05  9.9998E-01  7.0801E+03  8.1828E-05  2.4080E-12  3.4419E-13  3.8822E-04
 3.4853E+25  1.8478E-05  9.9998E-01  7.0796E+03  8.1828E-05  2.4292E-12  3.4421E-13  3.8380E-04
 3.4945E+25  1.8712E-05  9.9998E-01  7.0792E+03  8.1828E-05  2.3989E-12  3.4422E-13  3.7951E-04
 3.5038E+25  1.8954E-05  9.9998E-01  7.0788E+03  8.1828E-05  2.3685E-12  3.4424E-13  3.7531E-04
 3.5130E+25  1.8827E-05  9.9998E-01  7.0784E+03  8.1828E-05  2.3823E-12  3.4426E-13  3.7117E-04
 3.5223E+25  1.8989E-05  9.9998E-01  7.0780E+03  8.1828E-05  2.3642E-12  3.4427E-13  3.6703E-04
 3.5316E+25  1.9231E-05  9.9998E-01  7.0776E+03  8.1828E-05  2.3347E-12  3.4429E-13  3.6293E-04
 3.5408E+25  1.9244E-05  9.9998E-01  7.0771E+03  8.1828E-05  2.3309E-12  3.4430E-13  3.5887E-04
 3.5501E+25  1.9265E-05  9.9998E-01  7.0768E+03  8.1828E-05  2.3306E-12  3.4432E-13  3.5491E-04
 3.5593E+25  1.9506E-05  9.9998E-01  7.0764E+03  8.1828E-05  2.3020E-12  3.4434E-13  3.5102E-04
 3.5686E+25  1.9677E-05  9.9998E-01  7.0760E+03  8.1828E-05  2.2799E-12  3.4435E-13  3.4724E-04
 3.5778E+25  1.9540E-05  9.9998E-01  7.0756E+03  8.1828E-05  2.2981E-12  3.4437E-13  3.4347E-04
 3.5871E+25  1.9780E-05  9.9998E-01  7.0752E+03  8.1828E-05  2.2703E-12  3.4438E-13  3.3973E-04
 3.5964E+25  2.0028E-05  9.9998E-01  7.0748E+03  8.1828E-05  2.2423E-12  3.4440E-13  3.3601E-04
 3.6056E+25  1.9912E-05  9.9998E-01  7.0745E+03  8.1828E-05  2.2533E-12  3.4441E-13  3.3233E-04
 3.6149E+25  2.0055E-05  9.9998E-01  7.0741E+03  8.1828E-05  2.2394E-12  3.4442E-13  3.2875E-04
 3.6241E+25  2.0302E-05  9.9998E-01  7.0738E+03  8.1828E-05  2.2123E-12  3.4444E-13  3.2523E-04
 3.6334E+25  2.0376E-05  9.9998E-01  7.0734E+03  8.1828E-05  2.2022E-12  3.4445E-13  3.2180E-04
 3.6426E+25  2.0329E-05  9.9998E-01  7.0731E+03  8.1828E-05  2.2094E-12  3.4447E-13  3.1839E-04
 3.6519E+25  2.0575E-05  9.9998E-01  7.0727E+03  8.1828E-05  2.1832E-12  3.4448E-13  3.1499E-04
 3.6612E+25  2.0825E-05  9.9998E-01  7.0724E+03  8.1828E-05  2.1567E-12  3.4449E-13  3.1162E-04
 3.6704E+25  2.0635E-05  9.9998E-01  7.0720E+03  8.1828E-05  2.1751E-12  3.4451E-13  3.0828E-04
 3.6797E+25  2.0848E-05  9.9998E-01  7.0717E+03  8.1828E-05  2.1548E-12  3.4452E-13  3.0502E-04
 3.6889E+25  2.1100E-05  9.9998E-01  7.0714E+03  8.1828E-05  2.1291E-12  3.4453E-13  3.0182E-04
 3.6982E+25  2.1131E-05  9.9998E-01  7.0710E+03  8.1828E-05  2.1240E-12  3.4454E-13  2.9871E-04
 3.7074E+25  2.1120E-05  9.9998E-01  7.0707E+03  8.1828E-05  2.1272E-12  3.4456E-13  2.9562E-04
 3.7167E+25  2.1370E-05  9.9998E-01  7.0704E+03  8.1828E-05  2.1024E-12  3.4457E-13  2.9254E-04
 3.7260E+25  2.1624E-05  9.9998E-01  7.0701E+03  8.1828E-05  2.0774E-12  3.4458E-13  2.8947E-04
 3.7352E+25  2.1415E-05  9.9998E-01  7.0698E+03  8.1828E-05  2.0964E-12  3.4459E-13  2.8643E-04
 3.7445E+25  2.1642E-05  9.9998E-01  7.0695E+03  8.1828E-05  2.0761E-12  3.4461E-13  2.8346E-04
 3.7537E+25  2.1898E-05  9.9998E-01  7.0692E+03  8.1828E-05  2.0520E-12  3.4462E-13  2.8054E-04
 3.7630E+25  2.1947E-05  9.9998E-01  7.0689E+03  8.1828E-05  2.0455E-12  3.4463E-13  2.7770E-04
 3.7722E+25  2.1913E-05  9.9998E-01  7.0686E+03  8.1828E-05  2.0506E-12  3.4464E-13  2.7490E-04
 3.7815E+25  2.2167E-05  9.9998E-01  7.0683E+03  8.1828E-05  2.0272E-12  3.4465E-13  2.7210E-04
 3.7908E+25  2.2429E-05  9.9998E-01  7.0680E+03  8.1828E-05  2.0036E-12  3.4466E-13  2.6932E-04
 3.8000E+25  2.2255E-05  9.9998E-01  7.0677E+03  8.1828E-05  2.0173E-12  3.4468E-13  2.6655E-04
 3.8093E+25  2.2438E-05  9.9998E-01  7.0674E+03  8.1828E-05  2.0029E-12  3.4469E-13  2.6382E-04
 3.8185E+25  2.2697E-05  9.9998E-01  7.0672E+03  8.1828E-05  1.9802E-12  3.4470E-13  2.6116E-04
 3.8278E+25  2.2829E-05  9.9998E-01  7.0669E+03  8.1828E-05  1.9667E-12  3.4471E-13  2.5855E-04
 3.8370E+25  2.2707E-05  9.9998E-01  7.0666E+03  8.1828E-05  1.9793E-12  3.4472E-13  2.5600E-04
 3.8463E+25  2.2965E-05  9.9998E-01  7.0663E+03  8.1828E-05  1.9571E-12  3.4473E-13  2.5346E-04
 3.8556E+25  2.3230E-05  9.9998E-01  7.0661E+03  8.1828E-05  1.9349E-12  3.4474E-13  2.5093E-04
 3.8648E+25  2.3168E-05  9.9998E-01  7.0658E+03  8.1828E-05  1.9382E-12  3.4475E-13  2.4842E-04
 3.8741E+25  2.3234E-05  9.9998E-01  7.0655E+03  8.1828E-05  1.9346E-12  3.4476E-13  2.4592E-04
 3.8833E+25  2.3496E-05  9.9998E-01  7.0653E+03  8.1828E-05  1.9131E-12  3.4477E-13  2.4347E-04
 3.8926E+25  2.3761E-05  9.9998E-01  7.0650E+03  8.1828E-05  1.8915E-12  3.4478E-13  2.4107E-04
 3.9018E+25  2.3524E-05  9.9998E-01  7.0648E+03  8.1828E-05  1.9093E-12  3.4479E-13  2.3872E-04
 3.9111E+25  2.3765E-05  9.9998E-01  7.0645E+03  8.1828E-05  1.8916E-12  3.4480E-13  2.3643E-04
 3.9204E+25  2.4030E-05  9.9998E-01  7.0643E+03  8.1828E-05  1.8708E-12  3.4481E-13  2.3413E-04
 3.9296E+25  2.4157E-05  9.9998E-01  7.0640E+03  8.1828E-05  1.8591E-12  3.4482E-13  2.3184E-04
 3.9389E+25  2.4031E-05  9.9998E-01  7.0638E+03  8.1828E-05  1.8707E-12  3.4483E-13  2.2957E-04
 3.9481E+25  2.4297E-05  9.9998E-01  7.0636E+03  8.1828E-05  1.8503E-12  3.4484E-13  2.2731E-04
 3.9574E+25  2.4568E-05  9.9998E-01  7.0633E+03  8.1828E-05  1.8300E-12  3.4485E-13  2.2510E-04
 3.9666E+25  2.4544E-05  9.9998E-01  7.0631E+03  8.1828E-05  1.8299E-12  3.4486E-13  2.2293E-04
 3.9759E+25  2.4564E-05  9.9998E-01  7.0629E+03  8.1828E-05  1.8303E-12  3.4487E-13  2.2081E-04
 3.9852E+25  2.4832E-05  9.9998E-01  7.0626E+03  8.1828E-05  1.8106E-12  3.4488E-13  2.1873E-04
 3.9944E+25  2.5108E-05  9.9997E-01  7.0624E+03  8.1828E-05  1.7908E-12  3.4489E-13  2.1665E-04
 4.0037E+25  2.4947E-05  9.9998E-01  7.0622E+03  8.1828E-05  1.8005E-12  3.4489E-13  2.1458E-04
 4.0129E+25  2.5099E-05  9.9997E-01  7.0620E+03  8.1828E-05  1.7915E-12  3.4490E-13  2.1252E-04
 4.0222E+25  2.5370E-05  9.9997E-01  7.0617E+03  8.1828E-05  1.7724E-12  3.4491E-13  2.1048E-04
 4.0314E+25  2.5641E-05  9.9997E-01  7.0615E+03  8.1828E-05  1.7531E-12  3.4492E-13  2.0847E-04
 4.0407E+25  2.5376E-05  9.9997E-01  7.0613E+03  8.1828E-05  1.7709E-12  3.4493E-13  2.0650E-04
 4.0500E+25  2.5637E-05  9.9997E-01  7.0611E+03  8.1828E-05  1.7541E-12  3.4494E-13  2.0458E-04
 4.0592E+25  2.5911E-05  9.9997E-01  7.0609E+03  8.1828E-05  1.7355E-12  3.4495E-13  2.0270E-04
 4.0685E+25  2.6097E-05  9.9997E-01  7.0607E+03  8.1828E-05  1.7215E-12  3.4495E-13  2.0082E-04
 4.0777E+25  2.5901E-05  9.9997E-01  7.0605E+03  8.1828E-05  1.7362E-12  3.4496E-13  1.9894E-04
 4.0870E+25  2.6177E-05  9.9997E-01  7.0603E+03  8.1828E-05  1.7180E-12  3.4497E-13  1.9708E-04
 4.0962E+25  2.6454E-05  9.9997E-01  7.0601E+03  8.1828E-05  1.7000E-12  3.4498E-13  1.9523E-04
 4.1055E+25  2.6559E-05  9.9997E-01  7.0599E+03  8.1828E-05  1.6917E-12  3.4499E-13  1.9340E-04
 4.1148E+25  2.6440E-05  9.9997E-01  7.0597E+03  8.1828E-05  1.7010E-12  3.4499E-13  1.9161E-04
 4.1240E+25  2.6719E-05  9.9997E-01  7.0595E+03  8.1828E-05  1.6833E-12  3.4500E-13  1.8984E-04
 4.1333E+25  2.7000E-05  9.9997E-01  7.0593E+03  8.1828E-05  1.6658E-12  3.4501E-13  1.8814E-04
 4.1425E+25  2.7040E-05  9.9997E-01  7.0591E+03  8.1828E-05  1.6617E-12  3.4502E-13  1.8644E-04
 4.1518E+25  2.6982E-05  9.9997E-01  7.0589E+03  8.1828E-05  1.6669E-12  3.4502E-13  1.8474E-04
 4.1610E+25  2.7264E-05  9.9997E-01  7.0587E+03  8.1828E-05  1.6497E-12  3.4503E-13  1.8305E-04
 4.1703E+25  2.7548E-05  9.9997E-01  7.0585E+03  8.1828E-05  1.6328E-12  3.4504E-13  1.8137E-04
 4.1796E+25  2.7541E-05  9.9997E-01  7.0583E+03  8.1828E-05  1.6316E-12  3.4505E-13  1.7970E-04
 4.1888E+25  2.7526E-05  9.9997E-01  7.0582E+03  8.1828E-05  1.6341E-12  3.4505E-13  1.7807E-04
 4.1981E+25  2.7811E-05  9.9997E-01  7.0580E+03  8.1828E-05  1.6174E-12  3.4506E-13  1.7645E-04
 4.2073E+25  2.8097E-05  9.9997E-01  7.0578E+03  8.1828E-05  1.6010E-12  3.4507E-13  1.7488E-04
 4.2166E+25  2.8062E-05  9.9997E-01  7.0576E+03  8.1828E-05  1.6013E-12  3.4507E-13  1.7335E-04
 4.2258E+25  2.8073E-05  9.9997E-01  7.0575E+03  8.1828E-05  1.6024E-12  3.4508E-13  1.7181E-04
 4.2351E+25  2.8361E-05  9.9997E-01  7.0573E+03  8.1828E-05  1.5862E-12  3.4509E-13  1.7028E-04
 4.2443E+25  2.8650E-05  9.9997E-01  7.0571E+03  8.1828E-05  1.5702E-12  3.4509E-13  1.6876E-04
 4.2536E+25  2.8605E-05  9.9997E-01  7.0569E+03  8.1828E-05  1.5710E-12  3.4510E-13  1.6724E-04
 4.2629E+25  2.8623E-05  9.9997E-01  7.0568E+03  8.1828E-05  1.5717E-12  3.4511E-13  1.6574E-04
 4.2721E+25  2.8913E-05  9.9997E-01  7.0566E+03  8.1828E-05  1.5560E-12  3.4511E-13  1.6427E-04
 4.2814E+25  2.9204E-05  9.9997E-01  7.0564E+03  8.1828E-05  1.5405E-12  3.4512E-13  1.6281E-04
 4.2906E+25  2.9171E-05  9.9997E-01  7.0563E+03  8.1828E-05  1.5407E-12  3.4513E-13  1.6140E-04
 4.2999E+25  2.9174E-05  9.9997E-01  7.0561E+03  8.1828E-05  1.5421E-12  3.4513E-13  1.6001E-04
 4.3091E+25  2.9467E-05  9.9997E-01  7.0560E+03  8.1828E-05  1.5268E-12  3.4514E-13  1.5863E-04
 4.3184E+25  2.9761E-05  9.9997E-01  7.0558E+03  8.1828E-05  1.5118E-12  3.4515E-13  1.5724E-04
 4.3277E+25  2.9760E-05  9.9997E-01  7.0556E+03  8.1828E-05  1.5103E-12  3.4515E-13  1.5587E-04
 4.3369E+25  2.9729E-05  9.9997E-01  7.0555E+03  8.1828E-05  1.5134E-12  3.4516E-13  1.5450E-04
 4.3462E+25  3.0024E-05  9.9997E-01  7.0553E+03  8.1828E-05  1.4986E-12  3.4516E-13  1.5314E-04
 4.3554E+25  3.0320E-05  9.9997E-01  7.0552E+03  8.1828E-05  1.4840E-12  3.4517E-13  1.5181E-04
 4.3647E+25  3.0373E-05  9.9997E-01  7.0550E+03  8.1828E-05  1.4799E-12  3.4518E-13  1.5050E-04
 4.3739E+25  3.0286E-05  9.9997E-01  7.0549E+03  8.1828E-05  1.4856E-12  3.4518E-13  1.4921E-04
 4.3832E+25  3.0583E-05  9.9997E-01  7.0547E+03  8.1828E-05  1.4713E-12  3.4519E-13  1.4796E-04
 4.3925E+25  3.0881E-05  9.9997E-01  7.0546E+03  8.1828E-05  1.4571E-12  3.4519E-13  1.4671E-04
 4.4017E+25  3.1011E-05  9.9997E-01  7.0544E+03  8.1828E-05  1.4495E-12  3.4520E-13  1.4546E-04
 4.4110E+25  3.0847E-05  9.9997E-01  7.0543E+03  8.1828E-05  1.4587E-12  3.4521E-13  1.4422E-04
 4.4202E+25  3.1143E-05  9.9997E-01  7.0542E+03  8.1828E-05  1.4449E-12  3.4521E-13  1.4298E-04
 4.4295E+25  3.1447E-05  9.9997E-01  7.0540E+03  8.1828E-05  1.4309E-12  3.4522E-13  1.4176E-04
 4.4387E+25  3.1675E-05  9.9997E-01  7.0539E+03  8.1828E-05  1.4192E-12  3.4522E-13  1.4055E-04
 4.4480E+25  3.1409E-05  9.9997E-01  7.0537E+03  8.1828E-05  1.4327E-12  3.4523E-13  1.3936E-04
 4.4573E+25  3.1707E-05  9.9997E-01  7.0536E+03  8.1828E-05  1.4193E-12  3.4523E-13  1.3818E-04
 4.4665E+25  3.2014E-05  9.9997E-01  7.0535E+03  8.1828E-05  1.4057E-12  3.4524E-13  1.3705E-04
 4.4758E+25  3.2316E-05  9.9997E-01  7.0533E+03  8.1828E-05  1.3924E-12  3.4524E-13  1.3592E-04
 4.4850E+25  3.2022E-05  9.9997E-01  7.0532E+03  8.1828E-05  1.4041E-12  3.4525E-13  1.3479E-04
 4.4943E+25  3.2274E-05  9.9997E-01  7.0531E+03  8.1828E-05  1.3944E-12  3.4525E-13  1.3367E-04
 4.5035E+25  3.2583E-05  9.9997E-01  7.0529E+03  8.1828E-05  1.3812E-12  3.4526E-13  1.3255E-04
 4.5128E+25  3.2891E-05  9.9997E-01  7.0528E+03  8.1828E-05  1.3683E-12  3.4526E-13  1.3144E-04
 4.5221E+25  3.2733E-05  9.9997E-01  7.0527E+03  8.1828E-05  1.3735E-12  3.4527E-13  1.3034E-04
 4.5313E+25  3.2846E-05  9.9997E-01  7.0526E+03  8.1828E-05  1.3702E-12  3.4527E-13  1.2925E-04
 4.5406E+25  3.3153E-05  9.9997E-01  7.0524E+03  8.1828E-05  1.3575E-12  3.4528E-13  1.2818E-04
 4.5498E+25  3.3466E-05  9.9997E-01  7.0523E+03  8.1828E-05  1.3448E-12  3.4528E-13  1.2714E-04
 4.5591E+25  3.3475E-05  9.9997E-01  7.0522E+03  8.1828E-05  1.3431E-12  3.4529E-13  1.2612E-04
 4.5683E+25  3.3419E-05  9.9997E-01  7.0521E+03  8.1828E-05  1.3468E-12  3.4529E-13  1.2511E-04
 4.5776E+25  3.3727E-05  9.9997E-01  7.0519E+03  8.1828E-05  1.3345E-12  3.4530E-13  1.2409E-04
 4.5869E+25  3.4044E-05  9.9997E-01  7.0518E+03  8.1828E-05  1.3221E-12  3.4530E-13  1.2308E-04
 4.5961E+25  3.4249E-05  9.9997E-01  7.0517E+03  8.1828E-05  1.3128E-12  3.4531E-13  1.2207E-04
 4.6054E+25  3.3992E-05  9.9997E-01  7.0516E+03  8.1828E-05  1.3241E-12  3.4531E-13  1.2107E-04
 4.6146E+25  3.4306E-05  9.9997E-01  7.0515E+03  8.1828E-05  1.3120E-12  3.4532E-13  1.2008E-04
 4.6239E+25  3.4623E-05  9.9997E-01  7.0513E+03  8.1828E-05  1.3000E-12  3.4532E-13  1.1910E-04
 4.6331E+25  3.4941E-05  9.9997E-01  7.0512E+03  8.1828E-05  1.2882E-12  3.4533E-13  1.1814E-04
 4.6424E+25  3.4681E-05  9.9997E-01  7.0511E+03  8.1828E-05  1.2965E-12  3.4533E-13  1.1720E-04
 4.6517E+25  3.4889E-05  9.9997E-01  7.0510E+03  8.1828E-05  1.2902E-12  3.4534E-13  1.1628E-04
 4.6609E+25  3.5203E-05  9.9996E-01  7.0509E+03  8.1828E-05  1.2787E-12  3.4534E-13  1.1537E-04
 4.6702E+25  3.5528E-05  9.9996E-01  7.0508E+03  8.1828E-05  1.2670E-12  3.4535E-13  1.1445E-04
 4.6794E+25  3.5511E-05  9.9996E-01  7.0507E+03  8.1828E-05  1.2662E-12  3.4535E-13  1.1354E-04
 4.6887E+25  3.5470E-05  9.9996E-01  7.0506E+03  8.1828E-05  1.2691E-12  3.4535E-13  1.1263E-04
 4.6979E+25  3.5790E-05  9.9996E-01  7.0504E+03  8.1828E-05  1.2577E-12  3.4536E-13  1.1173E-04
 4.7072E+25  3.6115E-05  9.9996E-01  7.0503E+03  8.1828E-05  1.2464E-12  3.4536E-13  1.1083E-04
 4.7165E+25  3.6379E-05  9.9996E-01  7.0502E+03  8.1828E-05  1.2361E-12  3.4537E-13  1.0996E-04
 4.7257E+25  3.6052E-05  9.9996E-01  7.0501E+03  8.1828E-05  1.2487E-12  3.4537E-13  1.0908E-04
 4.7350E+25  3.6382E-05  9.9996E-01  7.0500E+03  8.1828E-05  1.2373E-12  3.4537E-13  1.0823E-04
 4.7442E+25  3.6703E-05  9.9996E-01  7.0499E+03  8.1828E-05  1.2265E-12  3.4538E-13  1.0741E-04
 4.7535E+25  3.7035E-05  9.9996E-01  7.0498E+03  8.1828E-05  1.2155E-12  3.4538E-13  1.0658E-04
 4.7627E+25  3.6884E-05  9.9996E-01  7.0497E+03  8.1828E-05  1.2192E-12  3.4539E-13  1.0576E-04
 4.7720E+25  3.6971E-05  9.9996E-01  7.0496E+03  8.1828E-05  1.2177E-12  3.4539E-13  1.0493E-04
 4.7813E+25  3.7300E-05  9.9996E-01  7.0495E+03  8.1828E-05  1.2069E-12  3.4540E-13  1.0411E-04
 4.7905E+25  3.7630E-05  9.9996E-01  7.0494E+03  8.1828E-05  1.1964E-12  3.4540E-13  1.0330E-04
 4.7998E+25  3.7817E-05  9.9996E-01  7.0493E+03  8.1828E-05  1.1892E-12  3.4540E-13  1.0249E-04
 4.8090E+25  3.7561E-05  9.9996E-01  7.0492E+03  8.1828E-05  1.1986E-12  3.4541E-13  1.0169E-04
 4.8183E+25  3.7899E-05  9.9996E-01  7.0491E+03  8.1828E-05  1.1879E-12  3.4541E-13  1.0090E-04
 4.8275E+25  3.8228E-05  9.9996E-01  7.0490E+03  8.1828E-05  1.1777E-12  3.4541E-13  1.0012E-04
 4.8368E+25  3.8567E-05  9.9996E-01  7.0489E+03  8.1828E-05  1.1674E-12  3.4542E-13  9.9372E-05
 4.8461E+25  3.8375E-05  9.9996E-01  7.0488E+03  8.1828E-05  1.1719E-12  3.4542E-13  9.8630E-05
 4.8553E+25  3.8496E-05  9.9996E-01  7.0487E+03  8.1828E-05  1.1695E-12  3.4543E-13  9.7888E-05
 4.8646E+25  3.8835E-05  9.9996E-01  7.0486E+03  8.1828E-05  1.1593E-12  3.4543E-13  9.7146E-05
 4.8738E+25  3.9168E-05  9.9996E-01  7.0485E+03  8.1828E-05  1.1495E-12  3.4543E-13  9.6407E-05
 4.8831E+25  3.9377E-05  9.9996E-01  7.0484E+03  8.1828E-05  1.1421E-12  3.4544E-13  9.5671E-05
 4.8923E+25  3.9095E-05  9.9996E-01  7.0484E+03  8.1828E-05  1.1516E-12  3.4544E-13  9.4940E-05
 4.9016E+25  3.9440E-05  9.9996E-01  7.0483E+03  8.1828E-05  1.1416E-12  3.4544E-13  9.4211E-05
 4.9109E+25  3.9780E-05  9.9996E-01  7.0482E+03  8.1828E-05  1.1318E-12  3.4545E-13  9.3497E-05
 4.9201E+25  4.0122E-05  9.9996E-01  7.0481E+03  8.1828E-05  1.1222E-12  3.4545E-13  9.2785E-05
 4.9294E+25  3.9996E-05  9.9996E-01  7.0480E+03  8.1828E-05  1.1245E-12  3.4546E-13  9.2089E-05
 4.9386E+25  4.0044E-05  9.9996E-01  7.0479E+03  8.1828E-05  1.1244E-12  3.4546E-13  9.1418E-05
 4.9479E+25  4.0394E-05  9.9996E-01  7.0478E+03  8.1828E-05  1.1147E-12  3.4546E-13  9.0751E-05
 4.9571E+25  4.0735E-05  9.9996E-01  7.0477E+03  8.1828E-05  1.1053E-12  3.4547E-13  9.0082E-05
 4.9664E+25  4.1060E-05  9.9996E-01  7.0476E+03  8.1828E-05  1.0959E-12  3.4547E-13  8.9415E-05
 4.9757E+25  4.0667E-05  9.9996E-01  7.0476E+03  8.1828E-05  1.1067E-12  3.4547E-13  8.8751E-05
 4.9849E+25  4.1005E-05  9.9996E-01  7.0475E+03  8.1828E-05  1.0981E-12  3.4547E-13  8.8089E-05
 4.9942E+25  4.1359E-05  9.9996E-01  7.0474E+03  8.1828E-05  1.0887E-12  3.4548E-13  8.7430E-05
 5.0034E+25  4.1702E-05  9.9996E-01  7.0473E+03  8.1828E-05  1.0798E-12  3.4548E-13  8.6776E-05
 5.0127E+25  4.1752E-05  9.9996E-01  7.0472E+03  8.1828E-05  1.0773E-12  3.4549E-13  8.6131E-05
 5.0219E+25  4.1624E-05  9.9996E-01  7.0472E+03  8.1828E-05  1.0818E-12  3.4549E-13  8.5491E-05
 5.0312E+25  4.1977E-05  9.9996E-01  7.0471E+03  8.1828E-05  1.0727E-12  3.4549E-13  8.4863E-05
 5.0405E+25  4.2333E-05  9.9996E-01  7.0470E+03  8.1828E-05  1.0637E-12  3.4549E-13  8.4259E-05
 5.0497E+25  4.2681E-05  9.9996E-01  7.0469E+03  8.1828E-05  1.0550E-12  3.4550E-13  8.3657E-05
 5.0590E+25  4.2465E-05  9.9996E-01  7.0468E+03  8.1828E-05  1.0592E-12  3.4550E-13  8.3057E-05
 5.0682E+25  4.2599E-05  9.9996E-01  7.0468E+03  8.1828E-05  1.0571E-12  3.4550E-13  8.2456E-05
 5.0775E+25  4.2959E-05  9.9996E-01  7.0467E+03  8.1828E-05  1.0482E-12  3.4551E-13  8.1858E-05
 5.0867E+25  4.3319E-05  9.9996E-01  7.0466E+03  8.1828E-05  1.0395E-12  3.4551E-13  8.1263E-05
 5.0960E+25  4.3640E-05  9.9996E-01  7.0465E+03  8.1828E-05  1.0312E-12  3.4551E-13  8.0669E-05
 5.1053E+25  4.3242E-05  9.9996E-01  7.0464E+03  8.1828E-05  1.0410E-12  3.4552E-13  8.0079E-05
 5.1145E+25  4.3587E-05  9.9996E-01  7.0464E+03  8.1828E-05  1.0332E-12  3.4552E-13  7.9497E-05
 5.1238E+25  4.3952E-05  9.9996E-01  7.0463E+03  8.1828E-05  1.0246E-12  3.4552E-13  7.8919E-05
 5.1330E+25  4.4315E-05  9.9996E-01  7.0462E+03  8.1828E-05  1.0162E-12  3.4553E-13  7.8347E-05
 5.1423E+25  4.4429E-05  9.9996E-01  7.0461E+03  8.1828E-05  1.0125E-12  3.4553E-13  7.7798E-05
 5.1515E+25  4.4233E-05  9.9996E-01  7.0461E+03  8.1828E-05  1.0181E-12  3.4553E-13  7.7257E-05
 5.1608E+25  4.4586E-05  9.9996E-01  7.0460E+03  8.1828E-05  1.0100E-12  3.4553E-13  7.6718E-05
 5.1701E+25  4.4957E-05  9.9996E-01  7.0459E+03  8.1828E-05  1.0017E-12  3.4554E-13  7.6178E-05
 5.1793E+25  4.5324E-05  9.9995E-01  7.0458E+03  8.1828E-05  9.9361E-13  3.4554E-13  7.5639E-05
 5.1886E+25  4.5247E-05  9.9995E-01  7.0458E+03  8.1828E-05  9.9424E-13  3.4554E-13  7.5101E-05
 5.1978E+25  4.5240E-05  9.9995E-01  7.0457E+03  8.1828E-05  9.9548E-13  3.4555E-13  7.4567E-05
 5.2071E+25  4.5597E-05  9.9995E-01  7.0456E+03  8.1828E-05  9.8768E-13  3.4555E-13  7.4034E-05
 5.2163E+25  4.5973E-05  9.9995E-01  7.0456E+03  8.1828E-05  9.7964E-13  3.4555E-13  7.3505E-05
 5.2256E+25  4.6344E-05  9.9995E-01  7.0455E+03  8.1828E-05  9.7177E-13  3.4555E-13  7.2984E-05
 5.2349E+25  4.6100E-05  9.9995E-01  7.0454E+03  8.1828E-05  9.7589E-13  3.4556E-13  7.2465E-05
 5.2441E+25  4.6259E-05  9.9995E-01  7.0454E+03  8.1828E-05  9.7358E-13  3.4556E-13  7.1955E-05
 5.2534E+25  4.6621E-05  9.9995E-01  7.0453E+03  8.1828E-05  9.6603E-13  3.4556E-13  7.1467E-05
 5.2626E+25  4.7000E-05  9.9995E-01  7.0452E+03  8.1828E-05  9.5825E-13  3.4556E-13  7.0981E-05
 5.2719E+25  4.7372E-05  9.9995E-01  7.0452E+03  8.1828E-05  9.5061E-13  3.4557E-13  7.0497E-05
 5.2811E+25  4.6993E-05  9.9995E-01  7.0451E+03  8.1828E-05  9.5746E-13  3.4557E-13  7.0011E-05
 5.2904E+25  4.7291E-05  9.9995E-01  7.0450E+03  8.1828E-05  9.5237E-13  3.4557E-13  6.9527E-05
 5.2997E+25  4.7657E-05  9.9995E-01  7.0450E+03  8.1828E-05  9.4505E-13  3.4557E-13  6.9045E-05
 5.3089E+25  4.8040E-05  9.9995E-01  7.0449E+03  8.1828E-05  9.3754E-13  3.4558E-13  6.8565E-05
 5.3182E+25  4.8380E-05  9.9995E-01  7.0448E+03  8.1828E-05  9.3012E-13  3.4558E-13  6.8086E-05
 5.3274E+25  4.7956E-05  9.9995E-01  7.0448E+03  8.1828E-05  9.3899E-13  3.4558E-13  6.7611E-05
 5.3367E+25  4.8335E-05  9.9995E-01  7.0447E+03  8.1828E-05  9.3183E-13  3.4559E-13  6.7142E-05
 5.3459E+25  4.8706E-05  9.9995E-01  7.0446E+03  8.1828E-05  9.2471E-13  3.4559E-13  6.6675E-05
 5.3552E+25  4.9092E-05  9.9995E-01  7.0446E+03  8.1828E-05  9.1748E-13  3.4559E-13  6.6217E-05
 5.3645E+25  4.9353E-05  9.9995E-01  7.0445E+03  8.1828E-05  9.1162E-13  3.4559E-13  6.5778E-05
 5.3737E+25  4.9006E-05  9.9995E-01  7.0444E+03  8.1828E-05  9.1909E-13  3.4560E-13  6.5341E-05
 5.3830E+25  4.9392E-05  9.9995E-01  7.0444E+03  8.1828E-05  9.1191E-13  3.4560E-13  6.4906E-05
 5.3922E+25  4.9770E-05  9.9995E-01  7.0443E+03  8.1828E-05  9.0498E-13  3.4560E-13  6.4470E-05
 5.4015E+25  5.0156E-05  9.9995E-01  7.0443E+03  8.1828E-05  8.9806E-13  3.4560E-13  6.4035E-05
 5.4107E+25  5.0362E-05  9.9995E-01  7.0442E+03  8.1828E-05  8.9338E-13  3.4561E-13  6.3602E-05
 5.4200E+25  5.0073E-05  9.9995E-01  7.0441E+03  8.1828E-05  8.9951E-13  3.4561E-13  6.3170E-05
 5.4292E+25  5.0462E-05  9.9995E-01  7.0441E+03  8.1828E-05  8.9260E-13  3.4561E-13  6.2740E-05
 5.4385E+25  5.0847E-05  9.9995E-01  7.0440E+03  8.1828E-05  8.8584E-13  3.4561E-13  6.2312E-05
 5.4478E+25  5.1232E-05  9.9995E-01  7.0440E+03  8.1828E-05  8.7921E-13  3.4561E-13  6.1889E-05
 5.4570E+25  5.1412E-05  9.9995E-01  7.0439E+03  8.1828E-05  8.7517E-13  3.4562E-13  6.1469E-05
 5.4663E+25  5.1156E-05  9.9995E-01  7.0438E+03  8.1828E-05  8.8050E-13  3.4562E-13  6.1052E-05
 5.4755E+25  5.1546E-05  9.9995E-01  7.0438E+03  8.1828E-05  8.7386E-13  3.4562E-13  6.0653E-05
 5.4848E+25  5.1937E-05  9.9995E-01  7.0437E+03  8.1828E-05  8.6727E-13  3.4562E-13  6.0260E-05
 5.4940E+25  5.2324E-05  9.9995E-01  7.0437E+03  8.1828E-05  8.6088E-13  3.4563E-13  5.9870E-05
 5.5033E+25  5.2502E-05  9.9995E-01  7.0436E+03  8.1828E-05  8.5702E-13  3.4563E-13  5.9478E-05
 5.5126E+25  5.2253E-05  9.9995E-01  7.0436E+03  8.1828E-05  8.6203E-13  3.4563E-13  5.9087E-05
 5.5218E+25  5.2642E-05  9.9995E-01  7.0435E+03  8.1828E-05  8.5570E-13  3.4563E-13  5.8697E-05
 5.5311E+25  5.3042E-05  9.9995E-01  7.0435E+03  8.1828E-05  8.4924E-13  3.4564E-13  5.8309E-05
 5.5403E+25  5.3432E-05  9.9995E-01  7.0434E+03  8.1828E-05  8.4304E-13  3.4564E-13  5.7922E-05
 5.5496E+25  5.3634E-05  9.9995E-01  7.0433E+03  8.1828E-05  8.3896E-13  3.4564E-13  5.7536E-05
 5.5588E+25  5.3366E-05  9.9995E-01  7.0433E+03  8.1828E-05  8.4409E-13  3.4564E-13  5.7154E-05
 5.5681E+25  5.3752E-05  9.9995E-01  7.0432E+03  8.1828E-05  8.3805E-13  3.4564E-13  5.6774E-05
 5.5774E+25  5.4159E-05  9.9995E-01  7.0432E+03  8.1828E-05  8.3174E-13  3.4565E-13  5.6397E-05
 5.5866E+25  5.4558E-05  9.9995E-01  7.0431E+03  8.1828E-05  8.2565E-13  3.4565E-13  5.6026E-05
 5.5959E+25  5.4808E-05  9.9995E-01  7.0431E+03  8.1828E-05  8.2102E-13  3.4565E-13  5.5672E-05
 5.6051E+25  5.4489E-05  9.9995E-01  7.0430E+03  8.1828E-05  8.2673E-13  3.4565E-13  5.5319E-05
 5.6144E+25  5.4883E-05  9.9995E-01  7.0430E+03  8.1828E-05  8.2077E-13  3.4565E-13  5.4970E-05
 5.6236E+25  5.5291E-05  9.9994E-01  7.0429E+03  8.1828E-05  8.1474E-13  3.4566E-13  5.4618E-05
 5.6329E+25  5.5698E-05  9.9994E-01  7.0429E+03  8.1828E-05  8.0879E-13  3.4566E-13  5.4267E-05
 5.6422E+25  5.6029E-05  9.9994E-01  7.0428E+03  8.1828E-05  8.0314E-13  3.4566E-13  5.3917E-05
 5.6514E+25  5.5627E-05  9.9994E-01  7.0427E+03  8.1828E-05  8.0985E-13  3.4566E-13  5.3569E-05
 5.6607E+25  5.6032E-05  9.9994E-01  7.0427E+03  8.1828E-05  8.0396E-13  3.4567E-13  5.3222E-05
 5.6699E+25  5.6436E-05  9.9994E-01  7.0426E+03  8.1828E-05  7.9825E-13  3.4567E-13  5.2875E-05
 5.6792E+25  5.6852E-05  9.9994E-01  7.0426E+03  8.1828E-05  7.9239E-13  3.4567E-13  5.2532E-05
 5.6884E+25  5.7246E-05  9.9994E-01  7.0425E+03  8.1828E-05  7.8675E-13  3.4567E-13  5.2191E-05
 5.6977E+25  5.6832E-05  9.9994E-01  7.0425E+03  8.1828E-05  7.9200E-13  3.4567E-13  5.1852E-05
 5.7070E+25  5.7196E-05  9.9994E-01  7.0424E+03  8.1828E-05  7.8764E-13  3.4568E-13  5.1518E-05
 5.7162E+25  5.7598E-05  9.9994E-01  7.0424E+03  8.1828E-05  7.8214E-13  3.4568E-13  5.1200E-05
 5.7255E+25  5.8020E-05  9.9994E-01  7.0423E+03  8.1828E-05  7.7646E-13  3.4568E-13  5.0883E-05
 5.7347E+25  5.8436E-05  9.9994E-01  7.0423E+03  8.1828E-05  7.7092E-13  3.4568E-13  5.0570E-05
 5.7440E+25  5.8130E-05  9.9994E-01  7.0422E+03  8.1828E-05  7.7417E-13  3.4568E-13  5.0254E-05
 5.7532E+25  5.8370E-05  9.9994E-01  7.0422E+03  8.1828E-05  7.7182E-13  3.4568E-13  4.9940E-05
 5.7625E+25  5.8785E-05  9.9994E-01  7.0421E+03  8.1828E-05  7.6635E-13  3.4569E-13  4.9626E-05
 5.7718E+25  5.9202E-05  9.9994E-01  7.0421E+03  8.1828E-05  7.6099E-13  3.4569E-13  4.9313E-05
 5.7810E+25  5.9629E-05  9.9994E-01  7.0420E+03  8.1828E-05  7.5553E-13  3.4569E-13  4.9001E-05
 5.7903E+25  5.9493E-05  9.9994E-01  7.0420E+03  8.1828E-05  7.5642E-13  3.4569E-13  4.8690E-05
 5.7995E+25  5.9560E-05  9.9994E-01  7.0420E+03  8.1828E-05  7.5643E-13  3.4569E-13  4.8380E-05
 5.8088E+25  5.9989E-05  9.9994E-01  7.0419E+03  8.1828E-05  7.5102E-13  3.4570E-13  4.8074E-05
 5.8180E+25  6.0401E-05  9.9994E-01  7.0419E+03  8.1828E-05  7.4588E-13  3.4570E-13  4.7769E-05
 5.8273E+25  6.0835E-05  9.9994E-01  7.0418E+03  8.1828E-05  7.4058E-13  3.4570E-13  4.7465E-05
 5.8366E+25  6.0908E-05  9.9994E-01  7.0418E+03  8.1828E-05  7.3887E-13  3.4570E-13  4.7175E-05
 5.8458E+25  6.0768E-05  9.9994E-01  7.0417E+03  8.1828E-05  7.4139E-13  3.4570E-13  4.6891E-05
 5.8551E+25  6.1201E-05  9.9994E-01  7.0417E+03  8.1828E-05  7.3616E-13  3.4571E-13  4.6608E-05
 5.8643E+25  6.1630E-05  9.9994E-01  7.0416E+03  8.1828E-05  7.3102E-13  3.4571E-13  4.6327E-05
 5.8736E+25  6.2055E-05  9.9994E-01  7.0416E+03  8.1828E-05  7.2604E-13  3.4571E-13  4.6044E-05
 5.8828E+25  6.2367E-05  9.9994E-01  7.0415E+03  8.1828E-05  7.2160E-13  3.4571E-13  4.5762E-05
 5.8921E+25  6.2004E-05  9.9994E-01  7.0415E+03  8.1828E-05  7.2661E-13  3.4571E-13  4.5481E-05
 5.9014E+25  6.2430E-05  9.9994E-01  7.0415E+03  8.1828E-05  7.2169E-13  3.4571E-13  4.5201E-05
 5.9106E+25  6.2872E-05  9.9994E-01  7.0414E+03  8.1828E-05  7.1662E-13  3.4572E-13  4.4922E-05
 5.9199E+25  6.3298E-05  9.9994E-01  7.0414E+03  8.1828E-05  7.1178E-13  3.4572E-13  4.4643E-05
 5.9291E+25  6.3737E-05  9.9994E-01  7.0413E+03  8.1828E-05  7.0685E-13  3.4572E-13  4.4366E-05
 5.9384E+25  6.3393E-05  9.9994E-01  7.0413E+03  8.1828E-05  7.0999E-13  3.4572E-13  4.4091E-05
 5.9476E+25  6.3685E-05  9.9994E-01  7.0412E+03  8.1828E-05  7.0747E-13  3.4572E-13  4.3817E-05
 5.9569E+25  6.4125E-05  9.9994E-01  7.0412E+03  8.1828E-05  7.0263E-13  3.4573E-13  4.3546E-05
 5.9662E+25  6.4571E-05  9.9994E-01  7.0411E+03  8.1828E-05  6.9776E-13  3.4573E-13  4.3288E-05
 5.9754E+25  6.5000E-05  9.9994E-01  7.0411E+03  8.1828E-05  6.9318E-13  3.4573E-13  4.3033E-05
 5.9847E+25  6.4949E-05  9.9994E-01  7.0411E+03  8.1828E-05  6.9296E-13  3.4573E-13  4.2781E-05
 5.9939E+25  6.4966E-05  9.9994E-01  7.0410E+03  8.1828E-05  6.9353E-13  3.4573E-13  4.2528E-05
 6.0032E+25  6.5399E-05  9.9993E-01  7.0410E+03  8.1828E-05  6.8895E-13  3.4573E-13  4.2275E-05
 6.0124E+25  6.5850E-05  9.9993E-01  7.0409E+03  8.1828E-05  6.8424E-13  3.4574E-13  4.2022E-05
 6.0217E+25  6.6295E-05  9.9993E-01  7.0409E+03  8.1828E-05  6.7962E-13  3.4574E-13  4.1770E-05
 6.0310E+25  6.6552E-05  9.9993E-01  7.0408E+03  8.1828E-05  6.7630E-13  3.4574E-13  4.1519E-05
 6.0402E+25  6.6263E-05  9.9993E-01  7.0408E+03  8.1828E-05  6.7998E-13  3.4574E-13  4.1268E-05
 6.0495E+25  6.6706E-05  9.9993E-01  7.0408E+03  8.1828E-05  6.7545E-13  3.4574E-13  4.1018E-05
 6.0587E+25  6.7147E-05  9.9993E-01  7.0407E+03  8.1828E-05  6.7105E-13  3.4574E-13  4.0770E-05
 6.0680E+25  6.7606E-05  9.9993E-01  7.0407E+03  8.1828E-05  6.6649E-13  3.4575E-13  4.0523E-05
 6.0772E+25  6.8048E-05  9.9993E-01  7.0406E+03  8.1828E-05  6.6210E-13  3.4575E-13  4.0277E-05
 6.0865E+25  6.7740E-05  9.9993E-01  7.0406E+03  8.1828E-05  6.6449E-13  3.4575E-13  4.0033E-05
 6.0958E+25  6.8029E-05  9.9993E-01  7.0405E+03  8.1828E-05  6.6234E-13  3.4575E-13  3.9801E-05
 6.1050E+25  6.8477E-05  9.9993E-01  7.0405E+03  8.1828E-05  6.5800E-13  3.4575E-13  3.9571E-05
 6.1143E+25  6.8929E-05  9.9993E-01  7.0405E+03  8.1828E-05  6.5371E-13  3.4575E-13  3.9344E-05
 6.1235E+25  6.9395E-05  9.9993E-01  7.0404E+03  8.1828E-05  6.4932E-13  3.4576E-13  3.9119E-05
 6.1328E+25  6.9442E-05  9.9993E-01  7.0404E+03  8.1828E-05  6.4816E-13  3.4576E-13  3.8891E-05
 6.1420E+25  6.9373E-05  9.9993E-01  7.0403E+03  8.1828E-05  6.4953E-13  3.4576E-13  3.8665E-05
 6.1513E+25  6.9829E-05  9.9993E-01  7.0403E+03  8.1828E-05  6.4529E-13  3.4576E-13  3.8439E-05
 6.1606E+25  7.0282E-05  9.9993E-01  7.0403E+03  8.1828E-05  6.4112E-13  3.4576E-13  3.8214E-05
 6.1698E+25  7.0744E-05  9.9993E-01  7.0402E+03  8.1828E-05  6.3695E-13  3.4576E-13  3.7989E-05
 6.1791E+25  7.1188E-05  9.9993E-01  7.0402E+03  8.1828E-05  6.3273E-13  3.4576E-13  3.7764E-05
 6.1883E+25  7.0762E-05  9.9993E-01  7.0401E+03  8.1828E-05  6.3635E-13  3.4577E-13  3.7541E-05
 6.1976E+25  7.1201E-05  9.9993E-01  7.0401E+03  8.1828E-05  6.3286E-13  3.4577E-13  3.7319E-05
 6.2068E+25  7.1663E-05  9.9993E-01  7.0401E+03  8.1828E-05  6.2879E-13  3.4577E-13  3.7098E-05
 6.2161E+25  7.2122E-05  9.9993E-01  7.0400E+03  8.1828E-05  6.2478E-13  3.4577E-13  3.6878E-05
 6.2254E+25  7.2593E-05  9.9993E-01  7.0400E+03  8.1828E-05  6.2075E-13  3.4577E-13  3.6662E-05
 6.2346E+25  7.2567E-05  9.9993E-01  7.0399E+03  8.1828E-05  6.2028E-13  3.4577E-13  3.6456E-05
 6.2439E+25  7.2588E-05  9.9993E-01  7.0399E+03  8.1828E-05  6.2079E-13  3.4578E-13  3.6251E-05
 6.2531E+25  7.3065E-05  9.9993E-01  7.0399E+03  8.1828E-05  6.1674E-13  3.4578E-13  3.6049E-05
 6.2624E+25  7.3534E-05  9.9993E-01  7.0398E+03  8.1828E-05  6.1281E-13  3.4578E-13  3.5847E-05
 6.2716E+25  7.3999E-05  9.9993E-01  7.0398E+03  8.1828E-05  6.0895E-13  3.4578E-13  3.5643E-05
 6.2809E+25  7.4426E-05  9.9993E-01  7.0398E+03  8.1828E-05  6.0506E-13  3.4578E-13  3.5440E-05
 6.2902E+25  7.4025E-05  9.9993E-01  7.0397E+03  8.1828E-05  6.0849E-13  3.4578E-13  3.5238E-05
 6.2994E+25  7.4482E-05  9.9993E-01  7.0397E+03  8.1828E-05  6.0502E-13  3.4578E-13  3.5036E-05
 6.3087E+25  7.4964E-05  9.9993E-01  7.0396E+03  8.1828E-05  6.0112E-13  3.4579E-13  3.4835E-05
 6.3179E+25  7.5440E-05  9.9992E-01  7.0396E+03  8.1828E-05  5.9734E-13  3.4579E-13  3.4634E-05
 6.3272E+25  7.5911E-05  9.9992E-01  7.0396E+03  8.1828E-05  5.9362E-13  3.4579E-13  3.4434E-05
 6.3364E+25  7.5902E-05  9.9992E-01  7.0395E+03  8.1828E-05  5.9309E-13  3.4579E-13  3.4235E-05
 6.3457E+25  7.5940E-05  9.9992E-01  7.0395E+03  8.1828E-05  5.9339E-13  3.4579E-13  3.4037E-05
 6.3550E+25  7.6413E-05  9.9992E-01  7.0394E+03  8.1828E-05  5.8975E-13  3.4579E-13  3.3839E-05
 6.3642E+25  7.6901E-05  9.9992E-01  7.0394E+03  8.1828E-05  5.8600E-13  3.4580E-13  3.3647E-05
 6.3735E+25  7.7384E-05  9.9992E-01  7.0394E+03  8.1828E-05  5.8235E-13  3.4580E-13  3.3462E-05
 6.3827E+25  7.7837E-05  9.9992E-01  7.0393E+03  8.1828E-05  5.7876E-13  3.4580E-13  3.3278E-05
 6.3920E+25  7.7459E-05  9.9992E-01  7.0393E+03  8.1828E-05  5.8137E-13  3.4580E-13  3.3097E-05
 6.4012E+25  7.7901E-05  9.9992E-01  7.0393E+03  8.1828E-05  5.7847E-13  3.4580E-13  3.2916E-05
 6.4105E+25  7.8381E-05  9.9992E-01  7.0392E+03  8.1828E-05  5.7496E-13  3.4580E-13  3.2734E-05
 6.4198E+25  7.8876E-05  9.9992E-01  7.0392E+03  8.1828E-05  5.7133E-13  3.4580E-13  3.2552E-05
 6.4290E+25  7.9366E-05  9.9992E-01  7.0392E+03  8.1828E-05  5.6782E-13  3.4581E-13  3.2371E-05
 6.4383E+25  7.9470E-05  9.9992E-01  7.0391E+03  8.1828E-05  5.6648E-13  3.4581E-13  3.2190E-05
 6.4475E+25  7.9411E-05  9.9992E-01  7.0391E+03  8.1828E-05  5.6750E-13  3.4581E-13  3.2010E-05
 6.4568E+25  7.9903E-05  9.9992E-01  7.0390E+03  8.1828E-05  5.6399E-13  3.4581E-13  3.1830E-05
 6.4660E+25  8.0388E-05  9.9992E-01  7.0390E+03  8.1828E-05  5.6062E-13  3.4581E-13  3.1650E-05
 6.4753E+25  8.0891E-05  9.9992E-01  7.0390E+03  8.1828E-05  5.5711E-13  3.4581E-13  3.1472E-05
 6.4846E+25  8.1382E-05  9.9992E-01  7.0389E+03  8.1828E-05  5.5374E-13  3.4581E-13  3.1294E-05
 6.4938E+25  8.1133E-05  9.9992E-01  7.0389E+03  8.1828E-05  5.5490E-13  3.4581E-13  3.1116E-05
 6.5031E+25  8.1445E-05  9.9992E-01  7.0389E+03  8.1828E-05  5.5334E-13  3.4582E-13  3.0941E-05
 6.5123E+25  8.1945E-05  9.9992E-01  7.0388E+03  8.1828E-05  5.4995E-13  3.4582E-13  3.0774E-05
 6.5216E+25  8.2435E-05  9.9992E-01  7.0388E+03  8.1828E-05  5.4670E-13  3.4582E-13  3.0609E-05
 6.5308E+25  8.2947E-05  9.9992E-01  7.0388E+03  8.1828E-05  5.4332E-13  3.4582E-13  3.0446E-05
 6.5401E+25  8.3279E-05  9.9992E-01  7.0387E+03  8.1828E-05  5.4061E-13  3.4582E-13  3.0284E-05
 6.5494E+25  8.3025E-05  9.9992E-01  7.0387E+03  8.1828E-05  5.4280E-13  3.4582E-13  3.0121E-05
 6.5586E+25  8.3521E-05  9.9992E-01  7.0387E+03  8.1828E-05  5.3959E-13  3.4583E-13  2.9958E-05
 6.5679E+25  8.4029E-05  9.9992E-01  7.0386E+03  8.1828E-05  5.3632E-13  3.4583E-13  2.9796E-05
 6.5771E+25  8.4524E-05  9.9992E-01  7.0386E+03  8.1828E-05  5.3320E-13  3.4583E-13  2.9634E-05
 6.5864E+25  8.5043E-05  9.9991E-01  7.0385E+03  8.1828E-05  5.2995E-13  3.4583E-13  2.9472E-05
 6.5956E+25  8.5065E-05  9.9991E-01  7.0385E+03  8.1828E-05  5.2928E-13  3.4583E-13  2.9311E-05
 6.6049E+25  8.5141E-05  9.9991E-01  7.0385E+03  8.1828E-05  5.2933E-13  3.4583E-13  2.9150E-05
 6.6142E+25  8.5641E-05  9.9991E-01  7.0384E+03  8.1828E-05  5.2624E-13  3.4583E-13  2.8989E-05
 6.6234E+25  8.6156E-05  9.9991E-01  7.0384E+03  8.1828E-05  5.2311E-13  3.4584E-13  2.8829E-05
 6.6327E+25  8.6657E-05  9.9991E-01  7.0384E+03  8.1828E-05  5.2008E-13  3.4584E-13  2.8670E-05
 6.6419E+25  8.7175E-05  9.9991E-01  7.0383E+03  8.1828E-05  5.1696E-13  3.4584E-13  2.8511E-05
 6.6512E+25  8.6928E-05  9.9991E-01  7.0383E+03  8.1828E-05  5.1798E-13  3.4584E-13  2.8355E-05
 6.6604E+25  8.7301E-05  9.9991E-01  7.0383E+03  8.1828E-05  5.1625E-13  3.4584E-13  2.8206E-05
 6.6697E+25  8.7806E-05  9.9991E-01  7.0382E+03  8.1828E-05  5.1328E-13  3.4584E-13  2.8058E-05
 6.6789E+25  8.8325E-05  9.9991E-01  7.0382E+03  8.1828E-05  5.1027E-13  3.4584E-13  2.7913E-05
 6.6882E+25  8.8835E-05  9.9991E-01  7.0382E+03  8.1828E-05  5.0734E-13  3.4585E-13  2.7768E-05
 6.6975E+25  8.9235E-05  9.9991E-01  7.0381E+03  8.1828E-05  5.0458E-13  3.4585E-13  2.7622E-05
 6.7067E+25  8.8981E-05  9.9991E-01  7.0381E+03  8.1828E-05  5.0651E-13  3.4585E-13  2.7477E-05
 6.7160E+25  8.9505E-05  9.9991E-01  7.0381E+03  8.1828E-05  5.0355E-13  3.4585E-13  2.7332E-05
 6.7252E+25  9.0017E-05  9.9991E-01  7.0380E+03  8.1828E-05  5.0068E-13  3.4585E-13  2.7187E-05
 6.7345E+25  9.0540E-05  9.9991E-01  7.0380E+03  8.1828E-05  4.9780E-13  3.4585E-13  2.7042E-05
 6.7437E+25  9.1060E-05  9.9991E-01  7.0379E+03  8.1828E-05  4.9495E-13  3.4585E-13  2.6898E-05
 6.7530E+25  9.1222E-05  9.9991E-01  7.0379E+03  8.1828E-05  4.9361E-13  3.4585E-13  2.6753E-05
 6.7623E+25  9.1226E-05  9.9991E-01  7.0379E+03  8.1828E-05  4.9405E-13  3.4586E-13  2.6610E-05
 6.7715E+25  9.1752E-05  9.9991E-01  7.0379E+03  8.1828E-05  4.9124E-13  3.4586E-13  2.6467E-05
 6.7808E+25  9.2278E-05  9.9991E-01  7.0378E+03  8.1828E-05  4.8842E-13  3.4586E-13  2.6324E-05
 6.7900E+25  9.2802E-05  9.9991E-01  7.0378E+03  8.1828E-05  4.8568E-13  3.4586E-13  2.6181E-05
 6.7993E+25  9.3332E-05  9.9991E-01  7.0377E+03  8.1828E-05  4.8290E-13  3.4586E-13  2.6040E-05
 6.8085E+25  9.3282E-05  9.9991E-01  7.0377E+03  8.1828E-05  4.8272E-13  3.4586E-13  2.5906E-05
 6.8178E+25  9.3518E-05  9.9991E-01  7.0377E+03  8.1828E-05  4.8196E-13  3.4586E-13  2.5773E-05
 6.8271E+25  9.4047E-05  9.9991E-01  7.0376E+03  8.1828E-05  4.7925E-13  3.4587E-13  2.5642E-05
 6.8363E+25  9.4587E-05  9.9991E-01  7.0376E+03  8.1828E-05  4.7651E-13  3.4587E-13  2.5512E-05
 6.8456E+25  9.5114E-05  9.9990E-01  7.0376E+03  8.1828E-05  4.7387E-13  3.4587E-13  2.5382E-05
 6.8548E+25  9.5643E-05  9.9990E-01  7.0375E+03  8.1828E-05  4.7121E-13  3.4587E-13  2.5252E-05
 6.8641E+25  9.5430E-05  9.9990E-01  7.0375E+03  8.1828E-05  4.7192E-13  3.4587E-13  2.5122E-05
 6.8733E+25  9.5857E-05  9.9990E-01  7.0375E+03  8.1828E-05  4.7022E-13  3.4587E-13  2.4992E-05
 6.8826E+25  9.6395E-05  9.9990E-01  7.0374E+03  8.1828E-05  4.6758E-13  3.4587E-13  2.4863E-05
 6.8919E+25  9.6943E-05  9.9990E-01  7.0374E+03  8.1828E-05  4.6495E-13  3.4588E-13  2.4734E-05
 6.9011E+25  9.7478E-05  9.9990E-01  7.0374E+03  8.1828E-05  4.6239E-13  3.4588E-13  2.4605E-05
 6.9104E+25  9.7954E-05  9.9990E-01  7.0373E+03  8.1828E-05  4.5984E-13  3.4588E-13  2.4476E-05
 6.9196E+25  9.7703E-05  9.9990E-01  7.0373E+03  8.1828E-05  4.6121E-13  3.4588E-13  2.4347E-05
 6.9289E+25  9.8244E-05  9.9990E-01  7.0373E+03  8.1828E-05  4.5880E-13  3.4588E-13  2.4219E-05
 6.9381E+25  9.8796E-05  9.9990E-01  7.0372E+03  8.1828E-05  4.5623E-13  3.4588E-13  2.4091E-05
 6.9474E+25  9.9344E-05  9.9990E-01  7.0372E+03  8.1828E-05  4.5373E-13  3.4588E-13  2.3964E-05
 6.9567E+25  9.9896E-05  9.9990E-01  7.0372E+03  8.1828E-05  4.5121E-13  3.4588E-13  2.3839E-05
 6.9659E+25  1.0023E-04  9.9990E-01  7.0371E+03  8.1828E-05  4.4929E-13  3.4589E-13  2.3720E-05
 6.9752E+25  1.0014E-04  9.9990E-01  7.0371E+03  8.1828E-05  4.5011E-13  3.4589E-13  2.3601E-05
 6.9844E+25  1.0068E-04  9.9990E-01  7.0371E+03  8.1828E-05  4.4769E-13  3.4589E-13  2.3484E-05
 6.9937E+25  1.0125E-04  9.9990E-01  7.0370E+03  8.1828E-05  4.4520E-13  3.4589E-13  2.3368E-05
 7.0029E+25  1.0180E-04  9.9990E-01  7.0370E+03  8.1828E-05  4.4278E-13  3.4589E-13  2.3252E-05
 7.0122E+25  1.0236E-04  9.9990E-01  7.0370E+03  8.1828E-05  4.4035E-13  3.4589E-13  2.3136E-05
 7.0215E+25  1.0259E-04  9.9990E-01  7.0369E+03  8.1828E-05  4.3899E-13  3.4589E-13  2.3019E-05
 7.0307E+25  1.0263E-04  9.9990E-01  7.0369E+03  8.1828E-05  4.3919E-13  3.4589E-13  2.2904E-05
 7.0400E+25  1.0318E-04  9.9990E-01  7.0369E+03  8.1828E-05  4.3685E-13  3.4590E-13  2.2788E-05
 7.0492E+25  1.0375E-04  9.9990E-01  7.0368E+03  8.1828E-05  4.3448E-13  3.4590E-13  2.2672E-05
 7.0585E+25  1.0431E-04  9.9990E-01  7.0368E+03  8.1828E-05  4.3213E-13  3.4590E-13  2.2557E-05
 7.0677E+25  1.0488E-04  9.9990E-01  7.0367E+03  8.1828E-05  4.2980E-13  3.4590E-13  2.2441E-05
 7.0770E+25  1.0502E-04  9.9989E-01  7.0367E+03  8.1828E-05  4.2883E-13  3.4590E-13  2.2326E-05
 7.0863E+25  1.0518E-04  9.9989E-01  7.0367E+03  8.1828E-05  4.2855E-13  3.4590E-13  2.2212E-05
 7.0955E+25  1.0574E-04  9.9989E-01  7.0367E+03  8.1828E-05  4.2629E-13  3.4590E-13  2.2097E-05
 7.1048E+25  1.0630E-04  9.9989E-01  7.0366E+03  8.1828E-05  4.2405E-13  3.4591E-13  2.1983E-05
 7.1140E+25  1.0688E-04  9.9989E-01  7.0366E+03  8.1828E-05  4.2176E-13  3.4591E-13  2.1870E-05
 7.1233E+25  1.0745E-04  9.9989E-01  7.0365E+03  8.1828E-05  4.1952E-13  3.4591E-13  2.1763E-05
 7.1325E+25  1.0754E-04  9.9989E-01  7.0365E+03  8.1828E-05  4.1884E-13  3.4591E-13  2.1657E-05
 7.1418E+25  1.0779E-04  9.9989E-01  7.0365E+03  8.1828E-05  4.1818E-13  3.4591E-13  2.1551E-05
 7.1511E+25  1.0836E-04  9.9989E-01  7.0364E+03  8.1828E-05  4.1602E-13  3.4591E-13  2.1448E-05
 7.1603E+25  1.0892E-04  9.9989E-01  7.0364E+03  8.1828E-05  4.1385E-13  3.4592E-13  2.1345E-05
 7.1696E+25  1.0950E-04  9.9989E-01  7.0364E+03  8.1828E-05  4.1168E-13  3.4592E-13  2.1241E-05
 7.1788E+25  1.1008E-04  9.9989E-01  7.0363E+03  8.1828E-05  4.0951E-13  3.4592E-13  2.1137E-05
 7.1881E+25  1.1012E-04  9.9989E-01  7.0363E+03  8.1828E-05  4.0903E-13  3.4592E-13  2.1033E-05
 7.1973E+25  1.1046E-04  9.9989E-01  7.0363E+03  8.1828E-05  4.0808E-13  3.4592E-13  2.0930E-05
 7.2066E+25  1.1103E-04  9.9989E-01  7.0362E+03  8.1828E-05  4.0600E-13  3.4592E-13  2.0826E-05
 7.2159E+25  1.1160E-04  9.9989E-01  7.0362E+03  8.1828E-05  4.0392E-13  3.4592E-13  2.0723E-05
 7.2251E+25  1.1218E-04  9.9989E-01  7.0361E+03  8.1828E-05  4.0186E-13  3.4593E-13  2.0620E-05
 7.2344E+25  1.1276E-04  9.9989E-01  7.0361E+03  8.1828E-05  3.9976E-13  3.4593E-13  2.0517E-05
 7.2436E+25  1.1279E-04  9.9989E-01  7.0361E+03  8.1828E-05  3.9938E-13  3.4593E-13  2.0414E-05
 7.2529E+25  1.1319E-04  9.9989E-01  7.0361E+03  8.1828E-05  3.9827E-13  3.4593E-13  2.0312E-05
 7.2621E+25  1.1377E-04  9.9989E-01  7.0360E+03  8.1828E-05  3.9624E-13  3.4593E-13  2.0209E-05
 7.2714E+25  1.1434E-04  9.9989E-01  7.0360E+03  8.1828E-05  3.9426E-13  3.4593E-13  2.0107E-05
 7.2807E+25  1.1492E-04  9.9989E-01  7.0359E+03  8.1828E-05  3.9227E-13  3.4593E-13  2.0008E-05
 7.2899E+25  1.1550E-04  9.9988E-01  7.0359E+03  8.1828E-05  3.9027E-13  3.4593E-13  1.9912E-05
 7.2992E+25  1.1553E-04  9.9988E-01  7.0359E+03  8.1828E-05  3.8993E-13  3.4594E-13  1.9817E-05
 7.3084E+25  1.1597E-04  9.9988E-01  7.0358E+03  8.1828E-05  3.8872E-13  3.4594E-13  1.9724E-05
 7.3177E+25  1.1656E-04  9.9988E-01  7.0358E+03  8.1828E-05  3.8675E-13  3.4594E-13  1.9632E-05
 7.3269E+25  1.1715E-04  9.9988E-01  7.0358E+03  8.1828E-05  3.8482E-13  3.4594E-13  1.9539E-05
 7.3362E+25  1.1773E-04  9.9988E-01  7.0357E+03  8.1828E-05  3.8292E-13  3.4594E-13  1.9446E-05
 7.3455E+25  1.1831E-04  9.9988E-01  7.0357E+03  8.1828E-05  3.8102E-13  3.4594E-13  1.9353E-05
 7.3547E+25  1.1836E-04  9.9988E-01  7.0357E+03  8.1828E-05  3.8064E-13  3.4594E-13  1.9261E-05
 7.3640E+25  1.1882E-04  9.9988E-01  7.0356E+03  8.1828E-05  3.7943E-13  3.4595E-13  1.9168E-05
 7.3732E+25  1.1942E-04  9.9988E-01  7.0356E+03  8.1828E-05  3.7751E-13  3.4595E-13  1.9076E-05
 7.3825E+25  1.2001E-04  9.9988E-01  7.0355E+03  8.1828E-05  3.7564E-13  3.4595E-13  1.8984E-05
 7.3917E+25  1.2060E-04  9.9988E-01  7.0355E+03  8.1828E-05  3.7380E-13  3.4595E-13  1.8891E-05
 7.4010E+25  1.2119E-04  9.9988E-01  7.0355E+03  8.1828E-05  3.7198E-13  3.4595E-13  1.8799E-05
 7.4103E+25  1.2126E-04  9.9988E-01  7.0355E+03  8.1828E-05  3.7156E-13  3.4595E-13  1.8707E-05
 7.4195E+25  1.2172E-04  9.9988E-01  7.0354E+03  8.1828E-05  3.7037E-13  3.4595E-13  1.8616E-05
 7.4288E+25  1.2233E-04  9.9988E-01  7.0354E+03  8.1828E-05  3.6853E-13  3.4596E-13  1.8524E-05
 7.4380E+25  1.2294E-04  9.9988E-01  7.0353E+03  8.1828E-05  3.6669E-13  3.4596E-13  1.8433E-05
 7.4473E+25  1.2354E-04  9.9988E-01  7.0353E+03  8.1828E-05  3.6492E-13  3.4596E-13  1.8343E-05
 7.4565E+25  1.2413E-04  9.9988E-01  7.0353E+03  8.1828E-05  3.6317E-13  3.4596E-13  1.8258E-05
 7.4658E+25  1.2424E-04  9.9988E-01  7.0352E+03  8.1828E-05  3.6264E-13  3.4596E-13  1.8172E-05
 7.4751E+25  1.2470E-04  9.9988E-01  7.0352E+03  8.1828E-05  3.6153E-13  3.4596E-13  1.8088E-05
 7.4843E+25  1.2531E-04  9.9987E-01  7.0351E+03  8.1828E-05  3.5978E-13  3.4596E-13  1.8006E-05
 7.4936E+25  1.2593E-04  9.9987E-01  7.0351E+03  8.1828E-05  3.5801E-13  3.4597E-13  1.7924E-05
 7.5028E+25  1.2655E-04  9.9987E-01  7.0351E+03  8.1828E-05  3.5626E-13  3.4597E-13  1.7841E-05
 7.5121E+25  1.2715E-04  9.9987E-01  7.0350E+03  8.1828E-05  3.5457E-13  3.4597E-13  1.7758E-05
 7.5213E+25  1.2731E-04  9.9987E-01  7.0350E+03  8.1828E-05  3.5393E-13  3.4597E-13  1.7675E-05
 7.5306E+25  1.2775E-04  9.9987E-01  7.0350E+03  8.1828E-05  3.5292E-13  3.4597E-13  1.7592E-05
 7.5399E+25  1.2836E-04  9.9987E-01  7.0349E+03  8.1828E-05  3.5123E-13  3.4597E-13  1.7510E-05
 7.5491E+25  1.2898E-04  9.9987E-01  7.0349E+03  8.1828E-05  3.4955E-13  3.4598E-13  1.7428E-05
 7.5584E+25  1.2961E-04  9.9987E-01  7.0348E+03  8.1828E-05  3.4785E-13  3.4598E-13  1.7345E-05
 7.5676E+25  1.3023E-04  9.9987E-01  7.0348E+03  8.1828E-05  3.4619E-13  3.4598E-13  1.7263E-05
 7.5769E+25  1.3045E-04  9.9987E-01  7.0348E+03  8.1828E-05  3.4540E-13  3.4598E-13  1.7180E-05
 7.5861E+25  1.3087E-04  9.9987E-01  7.0348E+03  8.1828E-05  3.4451E-13  3.4598E-13  1.7098E-05
 7.5954E+25  1.3148E-04  9.9987E-01  7.0347E+03  8.1828E-05  3.4290E-13  3.4598E-13  1.7016E-05
 7.6047E+25  1.3210E-04  9.9987E-01  7.0346E+03  8.1828E-05  3.4129E-13  3.4598E-13  1.6935E-05
 7.6139E+25  1.3274E-04  9.9987E-01  7.0346E+03  8.1828E-05  3.3968E-13  3.4599E-13  1.6853E-05
 7.6232E+25  1.3337E-04  9.9987E-01  7.0346E+03  8.1828E-05  3.3806E-13  3.4599E-13  1.6774E-05
 7.6324E+25  1.3368E-04  9.9987E-01  7.0346E+03  8.1828E-05  3.3708E-13  3.4599E-13  1.6698E-05
 7.6417E+25  1.3406E-04  9.9987E-01  7.0345E+03  8.1828E-05  3.3631E-13  3.4599E-13  1.6622E-05
 7.6509E+25  1.3468E-04  9.9987E-01  7.0345E+03  8.1828E-05  3.3478E-13  3.4599E-13  1.6547E-05
 7.6602E+25  1.3530E-04  9.9986E-01  7.0344E+03  8.1828E-05  3.3323E-13  3.4599E-13  1.6474E-05
 7.6695E+25  1.3593E-04  9.9986E-01  7.0344E+03  8.1828E-05  3.3170E-13  3.4600E-13  1.6400E-05
 7.6787E+25  1.3657E-04  9.9986E-01  7.0343E+03  8.1828E-05  3.3014E-13  3.4600E-13  1.6326E-05
 7.6880E+25  1.3697E-04  9.9986E-01  7.0343E+03  8.1828E-05  3.2901E-13  3.4600E-13  1.6252E-05
 7.6972E+25  1.3733E-04  9.9986E-01  7.0343E+03  8.1828E-05  3.2830E-13  3.4600E-13  1.6178E-05
 7.7065E+25  1.3795E-04  9.9986E-01  7.0342E+03  8.1828E-05  3.2684E-13  3.4600E-13  1.6105E-05
 7.7157E+25  1.3857E-04  9.9986E-01  7.0342E+03  8.1828E-05  3.2537E-13  3.4600E-13  1.6031E-05
 7.7250E+25  1.3921E-04  9.9986E-01  7.0341E+03  8.1828E-05  3.2389E-13  3.4601E-13  1.5957E-05
 7.7343E+25  1.3984E-04  9.9986E-01  7.0341E+03  8.1828E-05  3.2244E-13  3.4601E-13  1.5884E-05
 7.7435E+25  1.4033E-04  9.9986E-01  7.0341E+03  8.1828E-05  3.2116E-13  3.4601E-13  1.5810E-05
 7.7528E+25  1.4067E-04  9.9986E-01  7.0340E+03  8.1828E-05  3.2053E-13  3.4601E-13  1.5737E-05
 7.7620E+25  1.4130E-04  9.9986E-01  7.0340E+03  8.1828E-05  3.1910E-13  3.4601E-13  1.5663E-05
 7.7713E+25  1.4193E-04  9.9986E-01  7.0339E+03  8.1828E-05  3.1769E-13  3.4601E-13  1.5590E-05
 7.7805E+25  1.4255E-04  9.9986E-01  7.0339E+03  8.1828E-05  3.1630E-13  3.4601E-13  1.5517E-05
 7.7898E+25  1.4319E-04  9.9986E-01  7.0338E+03  8.1828E-05  3.1488E-13  3.4602E-13  1.5444E-05
 7.7991E+25  1.4375E-04  9.9986E-01  7.0338E+03  8.1828E-05  3.1355E-13  3.4602E-13  1.5373E-05
 7.8083E+25  1.4407E-04  9.9986E-01  7.0338E+03  8.1828E-05  3.1297E-13  3.4602E-13  1.5304E-05
 7.8176E+25  1.4472E-04  9.9986E-01  7.0337E+03  8.1828E-05  3.1157E-13  3.4602E-13  1.5236E-05
 7.8268E+25  1.4535E-04  9.9985E-01  7.0337E+03  8.1828E-05  3.1020E-13  3.4602E-13  1.5169E-05
 7.8361E+25  1.4599E-04  9.9985E-01  7.0336E+03  8.1828E-05  3.0887E-13  3.4602E-13  1.5103E-05
 7.8453E+25  1.4662E-04  9.9985E-01  7.0336E+03  8.1828E-05  3.0754E-13  3.4603E-13  1.5038E-05
 7.8546E+25  1.4724E-04  9.9985E-01  7.0336E+03  8.1828E-05  3.0618E-13  3.4603E-13  1.4972E-05
 7.8638E+25  1.4755E-04  9.9985E-01  7.0335E+03  8.1828E-05  3.0555E-13  3.4603E-13  1.4906E-05
 7.8731E+25  1.4820E-04  9.9985E-01  7.0335E+03  8.1828E-05  3.0426E-13  3.4603E-13  1.4840E-05
 7.8824E+25  1.4885E-04  9.9985E-01  7.0334E+03  8.1828E-05  3.0293E-13  3.4603E-13  1.4774E-05
 7.8916E+25  1.4950E-04  9.9985E-01  7.0334E+03  8.1828E-05  3.0162E-13  3.4603E-13  1.4708E-05
 7.9009E+25  1.5013E-04  9.9985E-01  7.0333E+03  8.1828E-05  3.0035E-13  3.4604E-13  1.4643E-05
 7.9101E+25  1.5076E-04  9.9985E-01  7.0333E+03  8.1828E-05  2.9908E-13  3.4604E-13  1.4577E-05
 7.9194E+25  1.5115E-04  9.9985E-01  7.0333E+03  8.1828E-05  2.9825E-13  3.4604E-13  1.4511E-05
 7.9286E+25  1.5175E-04  9.9985E-01  7.0332E+03  8.1828E-05  2.9717E-13  3.4604E-13  1.4445E-05
 7.9379E+25  1.5242E-04  9.9985E-01  7.0332E+03  8.1828E-05  2.9585E-13  3.4604E-13  1.4380E-05
 7.9472E+25  1.5307E-04  9.9985E-01  7.0331E+03  8.1828E-05  2.9458E-13  3.4605E-13  1.4314E-05
 7.9564E+25  1.5372E-04  9.9985E-01  7.0331E+03  8.1828E-05  2.9334E-13  3.4605E-13  1.4249E-05
 7.9657E+25  1.5436E-04  9.9985E-01  7.0330E+03  8.1828E-05  2.9212E-13  3.4605E-13  1.4184E-05
 7.9749E+25  1.5482E-04  9.9985E-01  7.0330E+03  8.1828E-05  2.9118E-13  3.4605E-13  1.4118E-05
 7.9842E+25  1.5538E-04  9.9984E-01  7.0330E+03  8.1828E-05  2.9020E-13  3.4605E-13  1.4056E-05
 7.9934E+25  1.5604E-04  9.9984E-01  7.0329E+03  8.1828E-05  2.8900E-13  3.4605E-13  1.3995E-05
 8.0027E+25  1.5672E-04  9.9984E-01  7.0329E+03  8.1828E-05  2.8774E-13  3.4606E-13  1.3934E-05
 8.0120E+25  1.5738E-04  9.9984E-01  7.0328E+03  8.1828E-05  2.8653E-13  3.4606E-13  1.3874E-05
 8.0212E+25  1.5803E-04  9.9984E-01  7.0328E+03  8.1828E-05  2.8534E-13  3.4606E-13  1.3816E-05
 8.0305E+25  1.5858E-04  9.9984E-01  7.0328E+03  8.1828E-05  2.8430E-13  3.4606E-13  1.3757E-05
 8.0397E+25  1.5910E-04  9.9984E-01  7.0327E+03  8.1828E-05  2.8344E-13  3.4606E-13  1.3698E-05
 8.0490E+25  1.5976E-04  9.9984E-01  7.0327E+03  8.1828E-05  2.8226E-13  3.4606E-13  1.3639E-05
 8.0582E+25  1.6042E-04  9.9984E-01  7.0326E+03  8.1828E-05  2.8111E-13  3.4607E-13  1.3580E-05
 8.0675E+25  1.6111E-04  9.9984E-01  7.0325E+03  8.1828E-05  2.7992E-13  3.4607E-13  1.3522E-05
 8.0768E+25  1.6177E-04  9.9984E-01  7.0325E+03  8.1828E-05  2.7875E-13  3.4607E-13  1.3463E-05
 8.0860E+25  1.6240E-04  9.9984E-01  7.0325E+03  8.1828E-05  2.7764E-13  3.4607E-13  1.3405E-05
 8.0953E+25  1.6291E-04  9.9984E-01  7.0324E+03  8.1828E-05  2.7682E-13  3.4607E-13  1.3346E-05
 8.1045E+25  1.6356E-04  9.9984E-01  7.0324E+03  8.1828E-05  2.7571E-13  3.4607E-13  1.3287E-05
 8.1138E+25  1.6422E-04  9.9984E-01  7.0323E+03  8.1828E-05  2.7460E-13  3.4608E-13  1.3229E-05
 8.1230E+25  1.6489E-04  9.9984E-01  7.0323E+03  8.1828E-05  2.7350E-13  3.4608E-13  1.3170E-05
 8.1323E+25  1.6558E-04  9.9983E-01  7.0322E+03  8.1828E-05  2.7237E-13  3.4608E-13  1.3111E-05
 8.1416E+25  1.6625E-04  9.9983E-01  7.0322E+03  8.1828E-05  2.7125E-13  3.4608E-13  1.3053E-05
 8.1508E+25  1.6681E-04  9.9983E-01  7.0322E+03  8.1828E-05  2.7033E-13  3.4608E-13  1.2995E-05
 8.1601E+25  1.6745E-04  9.9983E-01  7.0321E+03  8.1828E-05  2.6932E-13  3.4609E-13  1.2936E-05
 8.1693E+25  1.6811E-04  9.9983E-01  7.0320E+03  8.1828E-05  2.6826E-13  3.4609E-13  1.2880E-05
 8.1786E+25  1.6877E-04  9.9983E-01  7.0320E+03  8.1828E-05  2.6721E-13  3.4609E-13  1.2825E-05
 8.1878E+25  1.6944E-04  9.9983E-01  7.0319E+03  8.1828E-05  2.6617E-13  3.4609E-13  1.2770E-05
 8.1971E+25  1.7013E-04  9.9983E-01  7.0319E+03  8.1828E-05  2.6509E-13  3.4609E-13  1.2716E-05
 8.2064E+25  1.7078E-04  9.9983E-01  7.0319E+03  8.1828E-05  2.6407E-13  3.4610E-13  1.2664E-05
 8.2156E+25  1.7141E-04  9.9983E-01  7.0318E+03  8.1828E-05  2.6310E-13  3.4610E-13  1.2612E-05
 8.2249E+25  1.7208E-04  9.9983E-01  7.0318E+03  8.1828E-05  2.6208E-13  3.4610E-13  1.2560E-05
 8.2341E+25  1.7274E-04  9.9983E-01  7.0317E+03  8.1828E-05  2.6107E-13  3.4610E-13  1.2507E-05
 8.2434E+25  1.7341E-04  9.9983E-01  7.0316E+03  8.1828E-05  2.6008E-13  3.4610E-13  1.2455E-05
 8.2526E+25  1.7407E-04  9.9983E-01  7.0316E+03  8.1828E-05  2.5909E-13  3.4611E-13  1.2402E-05
 8.2619E+25  1.7477E-04  9.9983E-01  7.0316E+03  8.1828E-05  2.5806E-13  3.4611E-13  1.2350E-05
 8.2712E+25  1.7546E-04  9.9982E-01  7.0315E+03  8.1828E-05  2.5705E-13  3.4611E-13  1.2297E-05
 8.2804E+25  1.7612E-04  9.9982E-01  7.0315E+03  8.1828E-05  2.5607E-13  3.4611E-13  1.2245E-05
 8.2897E+25  1.7679E-04  9.9982E-01  7.0314E+03  8.1828E-05  2.5511E-13  3.4611E-13  1.2193E-05
 8.2989E+25  1.7746E-04  9.9982E-01  7.0313E+03  8.1828E-05  2.5414E-13  3.4612E-13  1.2141E-05
 8.3082E+25  1.7812E-04  9.9982E-01  7.0313E+03  8.1828E-05  2.5321E-13  3.4612E-13  1.2088E-05
 8.3174E+25  1.7880E-04  9.9982E-01  7.0313E+03  8.1828E-05  2.5226E-13  3.4612E-13  1.2036E-05
 8.3267E+25  1.7954E-04  9.9982E-01  7.0312E+03  8.1828E-05  2.5122E-13  3.4612E-13  1.1984E-05
 8.3360E+25  1.8024E-04  9.9982E-01  7.0311E+03  8.1828E-05  2.5023E-13  3.4612E-13  1.1931E-05
 8.3452E+25  1.8091E-04  9.9982E-01  7.0311E+03  8.1828E-05  2.4930E-13  3.4613E-13  1.1879E-05
 8.3545E+25  1.8158E-04  9.9982E-01  7.0310E+03  8.1828E-05  2.4838E-13  3.4613E-13  1.1827E-05
 8.3637E+25  1.8226E-04  9.9982E-01  7.0310E+03  8.1828E-05  2.4746E-13  3.4613E-13  1.1777E-05
 8.3730E+25  1.8292E-04  9.9982E-01  7.0309E+03  8.1828E-05  2.4657E-13  3.4613E-13  1.1728E-05
 8.3822E+25  1.8367E-04  9.9982E-01  7.0309E+03  8.1828E-05  2.4559E-13  3.4613E-13  1.1679E-05
 8.3915E+25  1.8441E-04  9.9982E-01  7.0308E+03  8.1828E-05  2.4459E-13  3.4614E-13  1.1631E-05
 8.4008E+25  1.8511E-04  9.9981E-01  7.0308E+03  8.1828E-05  2.4367E-13  3.4614E-13  1.1585E-05
 8.4100E+25  1.8579E-04  9.9981E-01  7.0307E+03  8.1828E-05  2.4277E-13  3.4614E-13  1.1538E-05
 8.4193E+25  1.8645E-04  9.9981E-01  7.0307E+03  8.1828E-05  2.4191E-13  3.4614E-13  1.1492E-05
 8.4285E+25  1.8713E-04  9.9981E-01  7.0306E+03  8.1828E-05  2.4103E-13  3.4615E-13  1.1445E-05
 8.4378E+25  1.8786E-04  9.9981E-01  7.0306E+03  8.1828E-05  2.4014E-13  3.4615E-13  1.1398E-05
 8.4470E+25  1.8865E-04  9.9981E-01  7.0305E+03  8.1828E-05  2.3909E-13  3.4615E-13  1.1351E-05
 8.4563E+25  1.8934E-04  9.9981E-01  7.0305E+03  8.1828E-05  2.3822E-13  3.4615E-13  1.1305E-05
 8.4656E+25  1.9005E-04  9.9981E-01  7.0304E+03  8.1828E-05  2.3735E-13  3.4615E-13  1.1258E-05
 8.4748E+25  1.9074E-04  9.9981E-01  7.0303E+03  8.1828E-05  2.3648E-13  3.4616E-13  1.1211E-05
 8.4841E+25  1.9140E-04  9.9981E-01  7.0303E+03  8.1828E-05  2.3566E-13  3.4616E-13  1.1165E-05
 8.4933E+25  1.9210E-04  9.9981E-01  7.0302E+03  8.1828E-05  2.3482E-13  3.4616E-13  1.1118E-05
 8.5026E+25  1.9298E-04  9.9981E-01  7.0302E+03  8.1828E-05  2.3377E-13  3.4616E-13  1.1071E-05
 8.5118E+25  1.9367E-04  9.9981E-01  7.0301E+03  8.1828E-05  2.3289E-13  3.4616E-13  1.1024E-05
 8.5211E+25  1.9436E-04  9.9981E-01  7.0301E+03  8.1828E-05  2.3209E-13  3.4617E-13  1.0978E-05
 8.5304E+25  1.9506E-04  9.9980E-01  7.0300E+03  8.1828E-05  2.3125E-13  3.4617E-13  1.0931E-05
 8.5396E+25  1.9576E-04  9.9980E-01  7.0299E+03  8.1828E-05  2.3042E-13  3.4617E-13  1.0885E-05
 8.5489E+25  1.9643E-04  9.9980E-01  7.0299E+03  8.1828E-05  2.2963E-13  3.4617E-13  1.0838E-05
 8.5581E+25  1.9727E-04  9.9980E-01  7.0299E+03  8.1828E-05  2.2873E-13  3.4618E-13  1.0792E-05
 8.5674E+25  1.9811E-04  9.9980E-01  7.0298E+03  8.1828E-05  2.2769E-13  3.4618E-13  1.0748E-05
 8.5766E+25  1.9878E-04  9.9980E-01  7.0297E+03  8.1828E-05  2.2692E-13  3.4618E-13  1.0705E-05
 8.5859E+25  1.9944E-04  9.9980E-01  7.0297E+03  8.1828E-05  2.2618E-13  3.4618E-13  1.0661E-05
 8.5952E+25  2.0015E-04  9.9980E-01  7.0296E+03  8.1828E-05  2.2539E-13  3.4619E-13  1.0619E-05
 8.6044E+25  2.0085E-04  9.9980E-01  7.0295E+03  8.1828E-05  2.2460E-13  3.4619E-13  1.0578E-05
 8.6137E+25  2.0157E-04  9.9980E-01  7.0295E+03  8.1828E-05  2.2383E-13  3.4619E-13  1.0536E-05
 8.6229E+25  2.0258E-04  9.9980E-01  7.0295E+03  8.1828E-05  2.2272E-13  3.4619E-13  1.0495E-05
 8.6322E+25  2.0328E-04  9.9980E-01  7.0294E+03  8.1828E-05  2.2191E-13  3.4619E-13  1.0453E-05
 8.6414E+25  2.0395E-04  9.9980E-01  7.0293E+03  8.1828E-05  2.2118E-13  3.4620E-13  1.0411E-05
 8.6507E+25  2.0460E-04  9.9980E-01  7.0293E+03  8.1828E-05  2.2047E-13  3.4620E-13  1.0370E-05
 8.6600E+25  2.0530E-04  9.9979E-01  7.0292E+03  8.1828E-05  2.1974E-13  3.4620E-13  1.0328E-05
 8.6692E+25  2.0601E-04  9.9979E-01  7.0291E+03  8.1828E-05  2.1899E-13  3.4620E-13  1.0287E-05
 8.6785E+25  2.0698E-04  9.9979E-01  7.0291E+03  8.1828E-05  2.1805E-13  3.4621E-13  1.0245E-05
 8.6877E+25  2.0782E-04  9.9979E-01  7.0290E+03  8.1828E-05  2.1707E-13  3.4621E-13  1.0204E-05
 8.6970E+25  2.0851E-04  9.9979E-01  7.0290E+03  8.1828E-05  2.1636E-13  3.4621E-13  1.0162E-05
 8.7062E+25  2.0918E-04  9.9979E-01  7.0289E+03  8.1828E-05  2.1566E-13  3.4621E-13  1.0120E-05
 8.7155E+25  2.0984E-04  9.9979E-01  7.0288E+03  8.1828E-05  2.1497E-13  3.4622E-13  1.0078E-05
 8.7248E+25  2.1051E-04  9.9979E-01  7.0288E+03  8.1828E-05  2.1431E-13  3.4622E-13  1.0037E-05
 8.7340E+25  2.1130E-04  9.9979E-01  7.0287E+03  8.1828E-05  2.1360E-13  3.4622E-13  9.9952E-06
 8.7433E+25  2.1244E-04  9.9979E-01  7.0287E+03  8.1828E-05  2.1240E-13  3.4622E-13  9.9536E-06
 8.7525E+25  2.1312E-04  9.9979E-01  7.0286E+03  8.1828E-05  2.1168E-13  3.4622E-13  9.9122E-06
 8.7618E+25  2.1379E-04  9.9979E-01  7.0285E+03  8.1828E-05  2.1103E-13  3.4623E-13  9.8713E-06
 8.7710E+25  2.1448E-04  9.9979E-01  7.0285E+03  8.1828E-05  2.1035E-13  3.4623E-13  9.8320E-06
 8.7803E+25  2.1514E-04  9.9978E-01  7.0284E+03  8.1828E-05  2.0969E-13  3.4623E-13  9.7928E-06
 8.7896E+25  2.1581E-04  9.9978E-01  7.0284E+03  8.1828E-05  2.0906E-13  3.4623E-13  9.7537E-06
 8.7988E+25  2.1685E-04  9.9978E-01  7.0283E+03  8.1828E-05  2.0818E-13  3.4624E-13  9.7162E-06
 8.8081E+25  2.1779E-04  9.9978E-01  7.0282E+03  8.1828E-05  2.0716E-13  3.4624E-13  9.6795E-06
 8.8173E+25  2.1848E-04  9.9978E-01  7.0282E+03  8.1828E-05  2.0650E-13  3.4624E-13  9.6427E-06
 8.8266E+25  2.1913E-04  9.9978E-01  7.0281E+03  8.1828E-05  2.0589E-13  3.4624E-13  9.6054E-06
 8.8358E+25  2.1982E-04  9.9978E-01  7.0280E+03  8.1828E-05  2.0525E-13  3.4625E-13  9.5683E-06
 8.8451E+25  2.2049E-04  9.9978E-01  7.0280E+03  8.1828E-05  2.0462E-13  3.4625E-13  9.5311E-06
 8.8544E+25  2.2124E-04  9.9978E-01  7.0279E+03  8.1828E-05  2.0400E-13  3.4625E-13  9.4941E-06
 8.8636E+25  2.2246E-04  9.9978E-01  7.0279E+03  8.1828E-05  2.0288E-13  3.4625E-13  9.4569E-06
 8.8729E+25  2.2318E-04  9.9978E-01  7.0278E+03  8.1828E-05  2.0217E-13  3.4626E-13  9.4199E-06
 8.8821E+25  2.2388E-04  9.9978E-01  7.0277E+03  8.1828E-05  2.0153E-13  3.4626E-13  9.3830E-06
 8.8914E+25  2.2454E-04  9.9978E-01  7.0277E+03  8.1828E-05  2.0093E-13  3.4626E-13  9.3460E-06
 8.9006E+25  2.2521E-04  9.9977E-01  7.0276E+03  8.1828E-05  2.0035E-13  3.4627E-13  9.3088E-06
 8.9099E+25  2.2590E-04  9.9977E-01  7.0275E+03  8.1828E-05  1.9974E-13  3.4627E-13  9.2716E-06
 8.9192E+25  2.2692E-04  9.9977E-01  7.0275E+03  8.1828E-05  1.9898E-13  3.4627E-13  9.2344E-06
 8.9284E+25  2.2795E-04  9.9977E-01  7.0274E+03  8.1828E-05  1.9793E-13  3.4627E-13  9.1973E-06
 8.9377E+25  2.2862E-04  9.9977E-01  7.0274E+03  8.1828E-05  1.9737E-13  3.4627E-13  9.1602E-06
 8.9469E+25  2.2932E-04  9.9977E-01  7.0273E+03  8.1828E-05  1.9677E-13  3.4628E-13  9.1231E-06
 8.9562E+25  2.3000E-04  9.9977E-01  7.0272E+03  8.1828E-05  1.9618E-13  3.4628E-13  9.0861E-06
 8.9654E+25  2.3065E-04  9.9977E-01  7.0271E+03  8.1828E-05  1.9563E-13  3.4628E-13  9.0491E-06
 8.9747E+25  2.3138E-04  9.9977E-01  7.0271E+03  8.1828E-05  1.9506E-13  3.4629E-13  9.0131E-06
 8.9840E+25  2.3268E-04  9.9977E-01  7.0270E+03  8.1828E-05  1.9405E-13  3.4629E-13  8.9780E-06
 8.9932E+25  2.3347E-04  9.9977E-01  7.0270E+03  8.1828E-05  1.9327E-13  3.4629E-13  8.9431E-06
 9.0025E+25  2.3411E-04  9.9977E-01  7.0269E+03  8.1828E-05  1.9274E-13  3.4629E-13  8.9084E-06
 9.0117E+25  2.3479E-04  9.9977E-01  7.0268E+03  8.1828E-05  1.9219E-13  3.4630E-13  8.8753E-06
 9.0210E+25  2.3548E-04  9.9976E-01  7.0267E+03  8.1828E-05  1.9163E-13  3.4630E-13  8.8427E-06
 9.0302E+25  2.3615E-04  9.9976E-01  7.0267E+03  8.1828E-05  1.9109E-13  3.4630E-13  8.8097E-06
 9.0395E+25  2.3703E-04  9.9976E-01  7.0266E+03  8.1828E-05  1.9056E-13  3.4630E-13  8.7766E-06
 9.0487E+25  2.3835E-04  9.9976E-01  7.0266E+03  8.1828E-05  1.8932E-13  3.4631E-13  8.7434E-06
 9.0580E+25  2.3900E-04  9.9976E-01  7.0265E+03  8.1828E-05  1.8881E-13  3.4631E-13  8.7104E-06
 9.0673E+25  2.3966E-04  9.9976E-01  7.0264E+03  8.1828E-05  1.8829E-13  3.4631E-13  8.6774E-06
 9.0765E+25  2.4030E-04  9.9976E-01  7.0263E+03  8.1828E-05  1.8779E-13  3.4632E-13  8.6444E-06
 9.0858E+25  2.4098E-04  9.9976E-01  7.0263E+03  8.1828E-05  1.8727E-13  3.4632E-13  8.6114E-06
 9.0950E+25  2.4169E-04  9.9976E-01  7.0262E+03  8.1828E-05  1.8674E-13  3.4632E-13  8.5785E-06
 9.1043E+25  2.4285E-04  9.9976E-01  7.0261E+03  8.1828E-05  1.8600E-13  3.4632E-13  8.5455E-06
 9.1135E+25  2.4392E-04  9.9976E-01  7.0261E+03  8.1828E-05  1.8502E-13  3.4633E-13  8.5124E-06
 9.1228E+25  2.4457E-04  9.9976E-01  7.0260E+03  8.1828E-05  1.8452E-13  3.4633E-13  8.4792E-06
 9.1321E+25  2.4522E-04  9.9975E-01  7.0259E+03  8.1828E-05  1.8403E-13  3.4633E-13  8.4461E-06
 9.1413E+25  2.4587E-04  9.9975E-01  7.0259E+03  8.1828E-05  1.8354E-13  3.4633E-13  8.4130E-06
 9.1506E+25  2.4652E-04  9.9975E-01  7.0258E+03  8.1828E-05  1.8308E-13  3.4634E-13  8.3799E-06
 9.1598E+25  2.4726E-04  9.9975E-01  7.0257E+03  8.1828E-05  1.8258E-13  3.4634E-13  8.3468E-06
 9.1691E+25  2.4868E-04  9.9975E-01  7.0257E+03  8.1828E-05  1.8163E-13  3.4634E-13  8.3138E-06
 9.1783E+25  2.4950E-04  9.9975E-01  7.0256E+03  8.1828E-05  1.8089E-13  3.4635E-13  8.2807E-06
 9.1876E+25  2.5016E-04  9.9975E-01  7.0255E+03  8.1828E-05  1.8041E-13  3.4635E-13  8.2482E-06
 9.1969E+25  2.5080E-04  9.9975E-01  7.0254E+03  8.1828E-05  1.7995E-13  3.4635E-13  8.2169E-06
 9.2061E+25  2.5145E-04  9.9975E-01  7.0254E+03  8.1828E-05  1.7949E-13  3.4635E-13  8.1857E-06
 9.2154E+25  2.5210E-04  9.9975E-01  7.0253E+03  8.1828E-05  1.7903E-13  3.4636E-13  8.1545E-06
 9.2246E+25  2.5291E-04  9.9975E-01  7.0252E+03  8.1828E-05  1.7859E-13  3.4636E-13  8.1242E-06
 9.2339E+25  2.5444E-04  9.9975E-01  7.0252E+03  8.1828E-05  1.7747E-13  3.4636E-13  8.0952E-06
 9.2431E+25  2.5511E-04  9.9974E-01  7.0251E+03  8.1828E-05  1.7691E-13  3.4636E-13  8.0661E-06
 9.2524E+25  2.5575E-04  9.9974E-01  7.0250E+03  8.1828E-05  1.7648E-13  3.4637E-13  8.0367E-06
