 4.6285E+22  3.2771E-11  1.0000E+00  1.1644E+04  8.1828E-05  1.0464E-06  2.2809E-13  1.0000E+00
 1.3886E+23  2.2934E-10  1.0000E+00  1.1648E+04  8.1828E-05  1.4948E-07  2.2802E-13  1.0000E+00
 2.3143E+23  6.2201E-10  1.0000E+00  1.1660E+04  8.1828E-05  5.5072E-08  2.2782E-13  1.0000E+00
 3.2400E+23  1.2093E-09  1.0000E+00  1.1688E+04  8.1828E-05  2.8280E-08  2.2737E-13  1.0000E+00
 4.1657E+23  1.9877E-09  1.0000E+00  1.1736E+04  8.1828E-05  1.7154E-08  2.2658E-13  1.0000E+00
 5.0914E+23  2.9510E-09  1.0000E+00  1.1815E+04  8.1828E-05  1.1498E-08  2.2529E-13  1.0000E+00
 6.0171E+23  4.0872E-09  1.0000E+00  1.1937E+04  8.1828E-05  8.2406E-09  2.2334E-13  1.0000E+00
 6.9428E+23  5.3831E-09  1.0000E+00  1.2113E+04  8.1828E-05  6.1909E-09  2.2059E-13  1.0000E+00
 7.8685E+23  6.8048E-09  1.0000E+00  1.2371E+04  8.1828E-05  4.8234E-09  2.1668E-13  1.0000E+00
 8.7942E+23  8.3252E-09  1.0000E+00  1.2730E+04  8.1828E-05  3.8616E-09  2.1148E-13  1.0000E+00
 9.7199E+23  9.9236E-09  1.0000E+00  1.3164E+04  8.1828E-05  3.1615E-09  2.0551E-13  1.0000E+00
 1.0646E+24  1.1622E-08  1.0000E+00  1.3602E+04  8.1828E-05  2.6359E-09  1.9983E-13  1.0000E+00
 1.1571E+24  1.3499E-08  1.0000E+00  1.3919E+04  8.1828E-05  2.2315E-09  1.9591E-13  1.0000E+00
 1.2497E+24  1.5610E-08  1.0000E+00  1.4090E+04  8.1828E-05  1.9126E-09  1.9387E-13  1.0000E+00
 1.3423E+24  1.7911E-08  1.0000E+00  1.4185E+04  8.1828E-05  1.6587E-09  1.9275E-13  1.0000E+00
 1.4348E+24  2.0369E-08  1.0000E+00  1.4285E+04  8.1828E-05  1.4511E-09  1.9159E-13  9.9999E-01
 1.5274E+24  2.2952E-08  1.0000E+00  1.4386E+04  8.1828E-05  1.2812E-09  1.9044E-13  9.9999E-01
 1.6200E+24  2.5702E-08  1.0000E+00  1.4479E+04  8.1828E-05  1.1387E-09  1.8938E-13  9.9999E-01
 1.7126E+24  2.8592E-08  1.0000E+00  1.4570E+04  8.1828E-05  1.0189E-09  1.8836E-13  9.9999E-01
 1.8051E+24  3.1629E-08  1.0000E+00  1.4652E+04  8.1828E-05  9.1731E-10  1.8745E-13  9.9999E-01
 1.8977E+24  3.4815E-08  1.0000E+00  1.4731E+04  8.1828E-05  8.3006E-10  1.8658E-13  9.9999E-01
 1.9903E+24  3.8159E-08  1.0000E+00  1.4808E+04  8.1828E-05  7.5445E-10  1.8574E-13  9.9999E-01
 2.0828E+24  4.1639E-08  1.0000E+00  1.4883E+04  8.1828E-05  6.8886E-10  1.8494E-13  9.9999E-01
 2.1754E+24  4.5234E-08  1.0000E+00  1.4955E+04  8.1828E-05  6.3185E-10  1.8417E-13  9.9999E-01
 2.2680E+24  4.9012E-08  1.0000E+00  1.5025E+04  8.1828E-05  5.8114E-10  1.8342E-13  9.9999E-01
 2.3605E+24  5.2926E-08  1.0000E+00  1.5094E+04  8.1828E-05  5.3637E-10  1.8270E-13  9.9999E-01
 2.4531E+24  5.6969E-08  1.0000E+00  1.5157E+04  8.1828E-05  4.9677E-10  1.8204E-13  9.9999E-01
 2.5457E+24  6.1148E-08  1.0000E+00  1.5222E+04  8.1828E-05  4.6137E-10  1.8137E-13  9.9998E-01
 2.6383E+24  6.5498E-08  1.0000E+00  1.5285E+04  8.1828E-05  4.2941E-10  1.8072E-13  9.9998E-01
 2.7308E+24  6.9978E-08  1.0000E+00  1.5344E+04  8.1828E-05  4.0079E-10  1.8012E-13  9.9998E-01
 2.8234E+24  7.4550E-08  1.0000E+00  1.5405E+04  8.1828E-05  3.7512E-10  1.7950E-13  9.9998E-01
 2.9160E+24  7.9313E-08  1.0000E+00  1.5461E+04  8.1828E-05  3.5165E-10  1.7894E-13  9.9998E-01
 3.0085E+24  8.4259E-08  1.0000E+00  1.5517E+04  8.1828E-05  3.3013E-10  1.7838E-13  9.9998E-01
 3.1011E+24  8.9275E-08  1.0000E+00  1.5573E+04  8.1828E-05  3.1075E-10  1.7782E-13  9.9998E-01
 3.1937E+24  9.4393E-08  1.0000E+00  1.5626E+04  8.1828E-05  2.9317E-10  1.7730E-13  9.9998E-01
 3.2862E+24  9.9731E-08  1.0000E+00  1.5678E+04  8.1828E-05  2.7681E-10  1.7679E-13  9.9997E-01
 3.3788E+24  1.0515E-07  1.0000E+00  1.5728E+04  8.1828E-05  2.6191E-10  1.7630E-13  9.9997E-01
 3.4714E+24  1.1067E-07  1.0000E+00  1.5778E+04  8.1828E-05  2.4827E-10  1.7581E-13  9.9997E-01
 3.5640E+24  1.1642E-07  1.0000E+00  1.5827E+04  8.1828E-05  2.3547E-10  1.7534E-13  9.9997E-01
 3.6565E+24  1.2239E-07  1.0000E+00  1.5873E+04  8.1828E-05  2.2350E-10  1.7490E-13  9.9997E-01
 3.7491E+24  1.2826E-07  1.0000E+00  1.5920E+04  8.1828E-05  2.1281E-10  1.7445E-13  9.9997E-01
 3.8417E+24  1.3442E-07  1.0000E+00  1.5966E+04  8.1828E-05  2.0263E-10  1.7401E-13  9.9997E-01
 3.9342E+24  1.4072E-07  1.0000E+00  1.6010E+04  8.1828E-05  1.9317E-10  1.7360E-13  9.9996E-01
 4.0268E+24  1.4712E-07  1.0000E+00  1.6055E+04  8.1828E-05  1.8439E-10  1.7318E-13  9.9996E-01
 4.1194E+24  1.5355E-07  1.0000E+00  1.6097E+04  8.1828E-05  1.7632E-10  1.7278E-13  9.9996E-01
 4.2120E+24  1.6043E-07  1.0000E+00  1.6138E+04  8.1828E-05  1.6844E-10  1.7239E-13  9.9996E-01
 4.3045E+24  1.6711E-07  1.0000E+00  1.6179E+04  8.1828E-05  1.6141E-10  1.7202E-13  9.9996E-01
 4.3971E+24  1.7394E-07  1.0000E+00  1.6220E+04  8.1828E-05  1.5478E-10  1.7164E-13  9.9996E-01
 4.4897E+24  1.8110E-07  1.0000E+00  1.6259E+04  8.1828E-05  1.4839E-10  1.7128E-13  9.9995E-01
 4.5822E+24  1.8836E-07  1.0000E+00  1.6298E+04  8.1828E-05  1.4242E-10  1.7092E-13  9.9995E-01
 4.6748E+24  1.9572E-07  1.0000E+00  1.6336E+04  8.1828E-05  1.3683E-10  1.7057E-13  9.9995E-01
 4.7674E+24  2.0319E-07  1.0000E+00  1.6373E+04  8.1828E-05  1.3158E-10  1.7024E-13  9.9995E-01
 4.8599E+24  2.1077E-07  1.0000E+00  1.6410E+04  8.1828E-05  1.2663E-10  1.6990E-13  9.9995E-01
 4.9525E+24  2.1849E-07  1.0000E+00  1.6446E+04  8.1828E-05  1.2196E-10  1.6958E-13  9.9994E-01
 5.0451E+24  2.2634E-07  1.0000E+00  1.6481E+04  8.1828E-05  1.1754E-10  1.6926E-13  9.9994E-01
 5.1377E+24  2.3435E-07  1.0000E+00  1.6516E+04  8.1828E-05  1.1335E-10  1.6895E-13  9.9994E-01
 5.2302E+24  2.4253E-07  1.0000E+00  1.6550E+04  8.1828E-05  1.0936E-10  1.6865E-13  9.9994E-01
 5.3228E+24  2.5089E-07  1.0000E+00  1.6584E+04  8.1828E-05  1.0556E-10  1.6835E-13  9.9994E-01
 5.4154E+24  2.5946E-07  1.0000E+00  1.6617E+04  8.1828E-05  1.0192E-10  1.6806E-13  9.9993E-01
 5.5079E+24  2.6777E-07  1.0000E+00  1.6650E+04  8.1828E-05  9.8614E-11  1.6777E-13  9.9993E-01
 5.6005E+24  2.7618E-07  1.0000E+00  1.6682E+04  8.1828E-05  9.5475E-11  1.6749E-13  9.9993E-01
 5.6931E+24  2.8528E-07  1.0000E+00  1.6714E+04  8.1828E-05  9.2299E-11  1.6721E-13  9.9993E-01
 5.7856E+24  2.9466E-07  1.0000E+00  1.6745E+04  8.1828E-05  8.9238E-11  1.6694E-13  9.9992E-01
 5.8782E+24  3.0281E-07  1.0000E+00  1.6776E+04  8.1828E-05  8.6719E-11  1.6667E-13  9.9992E-01
 5.9708E+24  3.1247E-07  1.0000E+00  1.6806E+04  8.1828E-05  8.3927E-11  1.6641E-13  9.9992E-01
 6.0634E+24  3.2221E-07  1.0000E+00  1.6835E+04  8.1828E-05  8.1285E-11  1.6616E-13  9.9992E-01
 6.1559E+24  3.3077E-07  1.0000E+00  1.6864E+04  8.1828E-05  7.9079E-11  1.6591E-13  9.9991E-01
 6.2485E+24  3.4140E-07  1.0000E+00  1.6893E+04  8.1828E-05  7.6521E-11  1.6566E-13  9.9991E-01
 6.3411E+24  3.5010E-07  1.0000E+00  1.6921E+04  8.1828E-05  7.4527E-11  1.6542E-13  9.9990E-01
 6.4336E+24  3.6086E-07  1.0000E+00  1.6949E+04  8.1828E-05  7.2216E-11  1.6518E-13  9.9989E-01
 6.5262E+24  3.7005E-07  1.0000E+00  1.6977E+04  8.1828E-05  7.0338E-11  1.6494E-13  9.9988E-01
 6.6188E+24  3.8108E-07  1.0000E+00  1.7004E+04  8.1828E-05  6.8222E-11  1.6472E-13  9.9984E-01
 6.7113E+24  3.9027E-07  1.0000E+00  1.7030E+04  8.1828E-05  6.6538E-11  1.6449E-13  9.9977E-01
 6.8039E+24  4.0210E-07  1.0000E+00  1.7056E+04  8.1828E-05  6.4507E-11  1.6428E-13  9.9963E-01
 6.8965E+24  4.1087E-07  1.0000E+00  1.7081E+04  8.1828E-05  6.3061E-11  1.6407E-13  9.9936E-01
 6.9891E+24  4.2273E-07  1.0000E+00  1.7104E+04  8.1828E-05  6.1227E-11  1.6387E-13  9.9883E-01
 7.0816E+24  4.3330E-07  1.0000E+00  1.7125E+04  8.1828E-05  5.9674E-11  1.6370E-13  9.9783E-01
 7.1742E+24  4.4379E-07  1.0000E+00  1.7143E+04  8.1828E-05  5.8214E-11  1.6356E-13  9.9599E-01
 7.2668E+24  4.5612E-07  1.0000E+00  1.7153E+04  8.1828E-05  5.6602E-11  1.6348E-13  9.9265E-01
 7.3593E+24  4.6660E-07  1.0000E+00  1.7152E+04  8.1828E-05  5.5303E-11  1.6349E-13  9.8673E-01
 7.4519E+24  4.7833E-07  1.0000E+00  1.7133E+04  8.1828E-05  5.3950E-11  1.6366E-13  9.7647E-01
 7.5445E+24  4.9163E-07  1.0000E+00  1.7083E+04  8.1828E-05  5.2533E-11  1.6409E-13  9.5923E-01
 7.6371E+24  5.0449E-07  1.0000E+00  1.6985E+04  8.1828E-05  5.1300E-11  1.6495E-13  9.3135E-01
 7.7296E+24  5.1798E-07  1.0000E+00  1.6817E+04  8.1828E-05  5.0166E-11  1.6643E-13  8.8850E-01
 7.8222E+24  5.3496E-07  1.0000E+00  1.6554E+04  8.1828E-05  4.8909E-11  1.6880E-13  8.2701E-01
 7.9148E+24  5.5454E-07  1.0000E+00  1.6176E+04  8.1828E-05  4.7690E-11  1.7230E-13  7.4623E-01
 8.0073E+24  5.7487E-07  1.0000E+00  1.5682E+04  8.1828E-05  4.6715E-11  1.7709E-13  6.5072E-01
 8.0999E+24  6.0035E-07  1.0000E+00  1.5095E+04  8.1828E-05  4.5638E-11  1.8311E-13  5.4999E-01
 8.1925E+24  6.3020E-07  1.0000E+00  1.4457E+04  8.1828E-05  4.4529E-11  1.9012E-13  4.5462E-01
 8.2850E+24  6.6167E-07  1.0000E+00  1.3813E+04  8.1828E-05  4.3548E-11  1.9772E-13  3.7199E-01
 8.3776E+24  6.9403E-07  1.0000E+00  1.3200E+04  8.1828E-05  4.2671E-11  2.0555E-13  3.0467E-01
 8.4702E+24  7.3054E-07  1.0000E+00  1.2638E+04  8.1828E-05  4.1650E-11  2.1329E-13  2.5165E-01
 8.5628E+24  7.6562E-07  1.0000E+00  1.2134E+04  8.1828E-05  4.0780E-11  2.2076E-13  2.1041E-01
 8.6553E+24  8.0050E-07  1.0000E+00  1.1688E+04  8.1828E-05  3.9961E-11  2.2784E-13  1.7827E-01
 8.7479E+24  8.3852E-07  1.0000E+00  1.1294E+04  8.1828E-05  3.9013E-11  2.3449E-13  1.5293E-01
 8.8405E+24  8.7147E-07  1.0000E+00  1.0946E+04  8.1828E-05  3.8318E-11  2.4070E-13  1.3269E-01
 8.9330E+24  9.0810E-07  1.0000E+00  1.0639E+04  8.1828E-05  3.7476E-11  2.4649E-13  1.1628E-01
 9.0256E+24  9.4417E-07  1.0000E+00  1.0366E+04  8.1828E-05  3.6672E-11  2.5188E-13  1.0278E-01
 9.1182E+24  9.7652E-07  1.0000E+00  1.0123E+04  8.1828E-05  3.6027E-11  2.5689E-13  9.1535E-02
 9.2107E+24  1.0138E-06  1.0000E+00  9.9059E+03  8.1828E-05  3.5211E-11  2.6155E-13  8.2054E-02
 9.3033E+24  1.0463E-06  1.0000E+00  9.7107E+03  8.1828E-05  3.4576E-11  2.6590E-13  7.3981E-02
 9.3959E+24  1.0805E-06  1.0000E+00  9.5347E+03  8.1828E-05  3.3900E-11  2.6995E-13  6.7044E-02
 9.4885E+24  1.1173E-06  1.0000E+00  9.3753E+03  8.1828E-05  3.3159E-11  2.7373E-13  6.1032E-02
 9.5810E+24  1.1471E-06  1.0000E+00  9.2306E+03  8.1828E-05  3.2639E-11  2.7726E-13  5.5786E-02
 9.6736E+24  1.1827E-06  1.0000E+00  9.0986E+03  8.1828E-05  3.1971E-11  2.8057E-13  5.1179E-02
 9.7662E+24  1.2189E-06  1.0000E+00  8.9780E+03  8.1828E-05  3.1301E-11  2.8367E-13  4.7107E-02
 9.8587E+24  1.2480E-06  1.0000E+00  8.8674E+03  8.1828E-05  3.0829E-11  2.8657E-13  4.3493E-02
 9.9513E+24  1.2832E-06  1.0000E+00  8.7657E+03  8.1828E-05  3.0221E-11  2.8930E-13  4.0265E-02
 1.0044E+25  1.3190E-06  1.0000E+00  8.6720E+03  8.1828E-05  2.9617E-11  2.9186E-13  3.7374E-02
 1.0136E+25  1.3506E-06  1.0000E+00  8.5854E+03  8.1828E-05  2.9117E-11  2.9427E-13  3.4770E-02
 1.0229E+25  1.3828E-06  1.0000E+00  8.5052E+03  8.1828E-05  2.8627E-11  2.9654E-13  3.2419E-02
 1.0322E+25  1.4182E-06  1.0000E+00  8.4309E+03  8.1828E-05  2.8080E-11  2.9867E-13  3.0289E-02
 1.0414E+25  1.4537E-06  1.0000E+00  8.3617E+03  8.1828E-05  2.7549E-11  3.0069E-13  2.8350E-02
 1.0507E+25  1.4853E-06  1.0000E+00  8.2973E+03  8.1828E-05  2.7101E-11  3.0260E-13  2.6584E-02
 1.0599E+25  1.5173E-06  1.0000E+00  8.2372E+03  8.1828E-05  2.6666E-11  3.0440E-13  2.4968E-02
 1.0692E+25  1.5524E-06  1.0000E+00  8.1811E+03  8.1828E-05  2.6184E-11  3.0610E-13  2.3487E-02
 1.0784E+25  1.5876E-06  1.0000E+00  8.1286E+03  8.1828E-05  2.5717E-11  3.0771E-13  2.2126E-02
 1.0877E+25  1.6227E-06  1.0000E+00  8.0793E+03  8.1828E-05  2.5266E-11  3.0924E-13  2.0872E-02
 1.0970E+25  1.6570E-06  1.0000E+00  8.0331E+03  8.1828E-05  2.4834E-11  3.1069E-13  1.9716E-02
 1.1062E+25  1.6872E-06  1.0000E+00  7.9897E+03  8.1828E-05  2.4485E-11  3.1207E-13  1.8647E-02
 1.1155E+25  1.7224E-06  1.0000E+00  7.9488E+03  8.1828E-05  2.4068E-11  3.1337E-13  1.7655E-02
 1.1247E+25  1.7575E-06  1.0000E+00  7.9103E+03  8.1828E-05  2.3666E-11  3.1461E-13  1.6736E-02
 1.1340E+25  1.7927E-06  1.0000E+00  7.8740E+03  8.1828E-05  2.3275E-11  3.1579E-13  1.5881E-02
 1.1432E+25  1.8279E-06  1.0000E+00  7.8397E+03  8.1828E-05  2.2894E-11  3.1692E-13  1.5084E-02
 1.1525E+25  1.8631E-06  1.0000E+00  7.8073E+03  8.1828E-05  2.2526E-11  3.1798E-13  1.4342E-02
 1.1618E+25  1.8984E-06  1.0000E+00  7.7767E+03  8.1828E-05  2.2166E-11  3.1900E-13  1.3649E-02
 1.1710E+25  1.9339E-06  1.0000E+00  7.7476E+03  8.1828E-05  2.1816E-11  3.1997E-13  1.3001E-02
 1.1803E+25  1.9692E-06  1.0000E+00  7.7201E+03  8.1828E-05  2.1476E-11  3.2090E-13  1.2394E-02
 1.1895E+25  2.0047E-06  1.0000E+00  7.6940E+03  8.1828E-05  2.1145E-11  3.2178E-13  1.1825E-02
 1.1988E+25  2.0404E-06  1.0000E+00  7.6692E+03  8.1828E-05  2.0821E-11  3.2263E-13  1.1290E-02
 1.2080E+25  2.0762E-06  1.0000E+00  7.6457E+03  8.1828E-05  2.0505E-11  3.2344E-13  1.0789E-02
 1.2173E+25  2.1121E-06  1.0000E+00  7.6233E+03  8.1828E-05  2.0197E-11  3.2421E-13  1.0316E-02
 1.2266E+25  2.1482E-06  1.0000E+00  7.6019E+03  8.1828E-05  1.9896E-11  3.2494E-13  9.8715E-03
 1.2358E+25  2.1844E-06  1.0000E+00  7.5816E+03  8.1828E-05  1.9602E-11  3.2565E-13  9.4527E-03
 1.2451E+25  2.2209E-06  1.0000E+00  7.5623E+03  8.1828E-05  1.9313E-11  3.2633E-13  9.0571E-03
 1.2543E+25  2.2576E-06  1.0000E+00  7.5438E+03  8.1828E-05  1.9031E-11  3.2697E-13  8.6833E-03
 1.2636E+25  2.2946E-06  1.0000E+00  7.5262E+03  8.1828E-05  1.8754E-11  3.2759E-13  8.3302E-03
 1.2728E+25  2.3319E-06  1.0000E+00  7.5094E+03  8.1828E-05  1.8482E-11  3.2819E-13  7.9962E-03
 1.2821E+25  2.3695E-06  1.0000E+00  7.4933E+03  8.1828E-05  1.8216E-11  3.2876E-13  7.6798E-03
 1.2914E+25  2.4074E-06  1.0000E+00  7.4779E+03  8.1828E-05  1.7954E-11  3.2931E-13  7.3798E-03
 1.3006E+25  2.4457E-06  1.0000E+00  7.4632E+03  8.1828E-05  1.7697E-11  3.2983E-13  7.0955E-03
 1.3099E+25  2.4844E-06  1.0000E+00  7.4491E+03  8.1828E-05  1.7443E-11  3.3034E-13  6.8257E-03
 1.3191E+25  2.5236E-06  1.0000E+00  7.4356E+03  8.1828E-05  1.7194E-11  3.3082E-13  6.5692E-03
 1.3284E+25  2.5632E-06  1.0000E+00  7.4227E+03  8.1828E-05  1.6948E-11  3.3129E-13  6.3254E-03
 1.3376E+25  2.6033E-06  1.0000E+00  7.4103E+03  8.1828E-05  1.6706E-11  3.3174E-13  6.0939E-03
 1.3469E+25  2.6380E-06  1.0000E+00  7.3984E+03  8.1828E-05  1.6511E-11  3.3217E-13  5.8731E-03
 1.3562E+25  2.6741E-06  1.0000E+00  7.3870E+03  8.1828E-05  1.6299E-11  3.3259E-13  5.6627E-03
 1.3654E+25  2.7148E-06  1.0000E+00  7.3761E+03  8.1828E-05  1.6071E-11  3.3299E-13  5.4629E-03
 1.3747E+25  2.7560E-06  1.0000E+00  7.3655E+03  8.1828E-05  1.5846E-11  3.3337E-13  5.2717E-03
 1.3839E+25  2.7980E-06  1.0000E+00  7.3554E+03  8.1828E-05  1.5623E-11  3.3374E-13  5.0895E-03
 1.3932E+25  2.8406E-06  1.0000E+00  7.3457E+03  8.1828E-05  1.5403E-11  3.3410E-13  4.9157E-03
 1.4024E+25  2.8826E-06  1.0000E+00  7.3363E+03  8.1828E-05  1.5195E-11  3.3444E-13  4.7494E-03
 1.4117E+25  2.9118E-06  1.0000E+00  7.3273E+03  8.1828E-05  1.5054E-11  3.3478E-13  4.5908E-03
 1.4210E+25  2.9547E-06  1.0000E+00  7.3187E+03  8.1828E-05  1.4845E-11  3.3510E-13  4.4386E-03
 1.4302E+25  2.9990E-06  1.0000E+00  7.3103E+03  8.1828E-05  1.4637E-11  3.3541E-13  4.2936E-03
 1.4395E+25  3.0442E-06  1.0000E+00  7.3023E+03  8.1828E-05  1.4430E-11  3.3571E-13  4.1546E-03
 1.4487E+25  3.0903E-06  1.0000E+00  7.2945E+03  8.1828E-05  1.4226E-11  3.3599E-13  4.0213E-03
 1.4580E+25  3.1167E-06  1.0000E+00  7.2870E+03  8.1828E-05  1.4122E-11  3.3627E-13  3.8936E-03
 1.4672E+25  3.1615E-06  1.0000E+00  7.2798E+03  8.1828E-05  1.3925E-11  3.3654E-13  3.7713E-03
 1.4765E+25  3.2089E-06  1.0000E+00  7.2729E+03  8.1828E-05  1.3728E-11  3.3680E-13  3.6543E-03
 1.4858E+25  3.2572E-06  1.0000E+00  7.2662E+03  8.1828E-05  1.3533E-11  3.3705E-13  3.5414E-03
 1.4950E+25  3.2927E-06  1.0000E+00  7.2597E+03  8.1828E-05  1.3401E-11  3.3730E-13  3.4335E-03
 1.5043E+25  3.3290E-06  1.0000E+00  7.2534E+03  8.1828E-05  1.3257E-11  3.3753E-13  3.3296E-03
 1.5135E+25  3.3789E-06  1.0000E+00  7.2474E+03  8.1828E-05  1.3068E-11  3.3776E-13  3.2302E-03
 1.5228E+25  3.4303E-06  1.0000E+00  7.2415E+03  8.1828E-05  1.2880E-11  3.3798E-13  3.1342E-03
 1.5320E+25  3.4647E-06  1.0000E+00  7.2359E+03  8.1828E-05  1.2765E-11  3.3819E-13  3.0422E-03
 1.5413E+25  3.5026E-06  1.0000E+00  7.2304E+03  8.1828E-05  1.2627E-11  3.3840E-13  2.9536E-03
 1.5506E+25  3.5558E-06  1.0000E+00  7.2251E+03  8.1828E-05  1.2444E-11  3.3860E-13  2.8685E-03
 1.5598E+25  3.6102E-06  1.0000E+00  7.2200E+03  8.1828E-05  1.2262E-11  3.3879E-13  2.7865E-03
 1.5691E+25  3.6321E-06  1.0000E+00  7.2151E+03  8.1828E-05  1.2201E-11  3.3898E-13  2.7074E-03
 1.5783E+25  3.6838E-06  1.0000E+00  7.2103E+03  8.1828E-05  1.2028E-11  3.3916E-13  2.6314E-03
 1.5876E+25  3.7408E-06  1.0000E+00  7.2056E+03  8.1828E-05  1.1851E-11  3.3934E-13  2.5580E-03
 1.5968E+25  3.7782E-06  1.0000E+00  7.2011E+03  8.1828E-05  1.1744E-11  3.3951E-13  2.4877E-03
 1.6061E+25  3.8149E-06  1.0000E+00  7.1968E+03  8.1828E-05  1.1630E-11  3.3968E-13  2.4192E-03
 1.6154E+25  3.8742E-06  1.0000E+00  7.1926E+03  8.1828E-05  1.1456E-11  3.3984E-13  2.3538E-03
 1.6246E+25  3.9229E-06  1.0000E+00  7.1885E+03  8.1828E-05  1.1325E-11  3.4000E-13  2.2903E-03
 1.6339E+25  3.9495E-06  1.0000E+00  7.1845E+03  8.1828E-05  1.1247E-11  3.4015E-13  2.2292E-03
 1.6431E+25  4.0113E-06  1.0000E+00  7.1806E+03  8.1828E-05  1.1078E-11  3.4030E-13  2.1702E-03
 1.6524E+25  4.0657E-06  1.0000E+00  7.1769E+03  8.1828E-05  1.0939E-11  3.4044E-13  2.1129E-03
 1.6616E+25  4.0878E-06  1.0000E+00  7.1733E+03  8.1828E-05  1.0878E-11  3.4058E-13  2.0581E-03
 1.6709E+25  4.1528E-06  1.0000E+00  7.1697E+03  8.1828E-05  1.0711E-11  3.4071E-13  2.0047E-03
 1.6802E+25  4.2064E-06  1.0000E+00  7.1663E+03  8.1828E-05  1.0584E-11  3.4084E-13  1.9534E-03
 1.6894E+25  4.2305E-06  1.0000E+00  7.1630E+03  8.1828E-05  1.0521E-11  3.4097E-13  1.9037E-03
 1.6987E+25  4.2989E-06  1.0000E+00  7.1598E+03  8.1828E-05  1.0357E-11  3.4110E-13  1.8553E-03
 1.7079E+25  4.3449E-06  1.0000E+00  7.1567E+03  8.1828E-05  1.0256E-11  3.4122E-13  1.8091E-03
 1.7172E+25  4.3781E-06  1.0000E+00  7.1536E+03  8.1828E-05  1.0175E-11  3.4133E-13  1.7640E-03
 1.7264E+25  4.4502E-06  1.0000E+00  7.1507E+03  8.1828E-05  1.0013E-11  3.4145E-13  1.7204E-03
 1.7357E+25  4.4810E-06  1.0000E+00  7.1478E+03  8.1828E-05  9.9531E-12  3.4156E-13  1.6784E-03
 1.7450E+25  4.5313E-06  1.0000E+00  7.1450E+03  8.1828E-05  9.8393E-12  3.4167E-13  1.6373E-03
 1.7542E+25  4.6068E-06  1.0000E+00  7.1423E+03  8.1828E-05  9.6819E-12  3.4177E-13  1.5979E-03
 1.7635E+25  4.6151E-06  1.0000E+00  7.1396E+03  8.1828E-05  9.6704E-12  3.4187E-13  1.5596E-03
 1.7727E+25  4.6907E-06  1.0000E+00  7.1370E+03  8.1828E-05  9.5121E-12  3.4197E-13  1.5223E-03
 1.7820E+25  4.7416E-06  1.0000E+00  7.1345E+03  8.1828E-05  9.4183E-12  3.4207E-13  1.4865E-03
 1.7912E+25  4.7746E-06  1.0000E+00  7.1321E+03  8.1828E-05  9.3493E-12  3.4216E-13  1.4515E-03
 1.8005E+25  4.8569E-06  1.0000E+00  7.1297E+03  8.1828E-05  9.1930E-12  3.4226E-13  1.4176E-03
 1.8097E+25  4.8712E-06  1.0000E+00  7.1274E+03  8.1828E-05  9.1739E-12  3.4235E-13  1.3850E-03
 1.8190E+25  4.9435E-06  1.0000E+00  7.1252E+03  8.1828E-05  9.0359E-12  3.4243E-13  1.3531E-03
 1.8283E+25  4.9980E-06  1.0000E+00  7.1230E+03  8.1828E-05  8.9450E-12  3.4252E-13  1.3220E-03
 1.8375E+25  5.0305E-06  9.9999E-01  7.1209E+03  8.1828E-05  8.8831E-12  3.4260E-13  1.2923E-03
 1.8468E+25  5.1203E-06  9.9999E-01  7.1188E+03  8.1828E-05  8.7292E-12  3.4268E-13  1.2631E-03
 1.8560E+25  5.1232E-06  9.9999E-01  7.1167E+03  8.1828E-05  8.7316E-12  3.4276E-13  1.2347E-03
 1.8653E+25  5.2108E-06  9.9999E-01  7.1148E+03  8.1828E-05  8.5808E-12  3.4284E-13  1.2075E-03
 1.8745E+25  5.2491E-06  9.9999E-01  7.1128E+03  8.1828E-05  8.5255E-12  3.4291E-13  1.1807E-03
 1.8838E+25  5.3020E-06  9.9999E-01  7.1110E+03  8.1828E-05  8.4361E-12  3.4299E-13  1.1547E-03
 1.8931E+25  5.3751E-06  9.9999E-01  7.1091E+03  8.1828E-05  8.3285E-12  3.4306E-13  1.1298E-03
 1.9023E+25  5.3942E-06  9.9999E-01  7.1073E+03  8.1828E-05  8.2948E-12  3.4313E-13  1.1052E-03
 1.9116E+25  5.4952E-06  9.9999E-01  7.1056E+03  8.1828E-05  8.1437E-12  3.4319E-13  1.0813E-03
 1.9208E+25  5.4939E-06  9.9999E-01  7.1039E+03  8.1828E-05  8.1526E-12  3.4326E-13  1.0583E-03
 1.9301E+25  5.5918E-06  9.9999E-01  7.1022E+03  8.1828E-05  8.0056E-12  3.4333E-13  1.0359E-03
 1.9393E+25  5.6183E-06  9.9999E-01  7.1006E+03  8.1828E-05  7.9746E-12  3.4339E-13  1.0138E-03
 1.9486E+25  5.6895E-06  9.9999E-01  7.0990E+03  8.1828E-05  7.8705E-12  3.4345E-13  9.9267E-04
 1.9579E+25  5.7428E-06  9.9999E-01  7.0975E+03  8.1828E-05  7.8041E-12  3.4351E-13  9.7209E-04
 1.9671E+25  5.7888E-06  9.9999E-01  7.0960E+03  8.1828E-05  7.7377E-12  3.4357E-13  9.5179E-04
 1.9764E+25  5.8669E-06  9.9999E-01  7.0945E+03  8.1828E-05  7.6412E-12  3.4363E-13  9.3215E-04
 1.9856E+25  5.8898E-06  9.9999E-01  7.0931E+03  8.1828E-05  7.6072E-12  3.4368E-13  9.1321E-04
 1.9949E+25  5.9908E-06  9.9999E-01  7.0917E+03  8.1828E-05  7.4851E-12  3.4374E-13  8.9458E-04
 2.0041E+25  5.9927E-06  9.9999E-01  7.0903E+03  8.1828E-05  7.4786E-12  3.4379E-13  8.7637E-04
 2.0134E+25  6.1119E-06  9.9999E-01  7.0890E+03  8.1828E-05  7.3357E-12  3.4384E-13  8.5888E-04
 2.0227E+25  6.1000E-06  9.9999E-01  7.0877E+03  8.1828E-05  7.3519E-12  3.4390E-13  8.4176E-04
 2.0319E+25  6.2213E-06  9.9999E-01  7.0864E+03  8.1828E-05  7.2063E-12  3.4395E-13  8.2488E-04
 2.0412E+25  6.2205E-06  9.9999E-01  7.0851E+03  8.1828E-05  7.2134E-12  3.4399E-13  8.0856E-04
 2.0504E+25  6.3316E-06  9.9999E-01  7.0839E+03  8.1828E-05  7.0825E-12  3.4404E-13  7.9283E-04
 2.0597E+25  6.3419E-06  9.9999E-01  7.0827E+03  8.1828E-05  7.0770E-12  3.4409E-13  7.7733E-04
 2.0689E+25  6.4441E-06  9.9999E-01  7.0816E+03  8.1828E-05  6.9603E-12  3.4414E-13  7.6210E-04
 2.0782E+25  6.4627E-06  9.9999E-01  7.0804E+03  8.1828E-05  6.9462E-12  3.4418E-13  7.4745E-04
 2.0875E+25  6.5591E-06  9.9999E-01  7.0793E+03  8.1828E-05  6.8397E-12  3.4422E-13  7.3318E-04
 2.0967E+25  6.5831E-06  9.9999E-01  7.0782E+03  8.1828E-05  6.8207E-12  3.4427E-13  7.1910E-04
 2.1060E+25  6.6766E-06  9.9999E-01  7.0771E+03  8.1828E-05  6.7207E-12  3.4431E-13  7.0537E-04
 2.1152E+25  6.7030E-06  9.9999E-01  7.0761E+03  8.1828E-05  6.7000E-12  3.4435E-13  6.9217E-04
 2.1245E+25  6.7967E-06  9.9999E-01  7.0751E+03  8.1828E-05  6.6032E-12  3.4439E-13  6.7922E-04
 2.1337E+25  6.8222E-06  9.9999E-01  7.0741E+03  8.1828E-05  6.5842E-12  3.4443E-13  6.6642E-04
 2.1430E+25  6.9197E-06  9.9999E-01  7.0731E+03  8.1828E-05  6.4871E-12  3.4447E-13  6.5398E-04
 2.1523E+25  6.9409E-06  9.9999E-01  7.0721E+03  8.1828E-05  6.4728E-12  3.4451E-13  6.4201E-04
 2.1615E+25  7.0457E-06  9.9999E-01  7.0712E+03  8.1828E-05  6.3722E-12  3.4454E-13  6.3026E-04
 2.1708E+25  7.0588E-06  9.9999E-01  7.0703E+03  8.1828E-05  6.3658E-12  3.4458E-13  6.1864E-04
 2.1800E+25  7.1748E-06  9.9999E-01  7.0694E+03  8.1828E-05  6.2586E-12  3.4461E-13  6.0735E-04
 2.1893E+25  7.1761E-06  9.9999E-01  7.0685E+03  8.1828E-05  6.2629E-12  3.4465E-13  5.9647E-04
 2.1985E+25  7.3072E-06  9.9999E-01  7.0676E+03  8.1828E-05  6.1462E-12  3.4468E-13  5.8577E-04
 2.2078E+25  7.2925E-06  9.9999E-01  7.0668E+03  8.1828E-05  6.1640E-12  3.4472E-13  5.7517E-04
 2.2171E+25  7.4399E-06  9.9999E-01  7.0659E+03  8.1828E-05  6.0404E-12  3.4475E-13  5.6491E-04
 2.2263E+25  7.4113E-06  9.9999E-01  7.0651E+03  8.1828E-05  6.0633E-12  3.4478E-13  5.5501E-04
 2.2356E+25  7.5587E-06  9.9999E-01  7.0643E+03  8.1828E-05  5.9482E-12  3.4481E-13  5.4526E-04
 2.2448E+25  7.5467E-06  9.9999E-01  7.0636E+03  8.1828E-05  5.9535E-12  3.4484E-13  5.3561E-04
 2.2541E+25  7.6746E-06  9.9999E-01  7.0628E+03  8.1828E-05  5.8593E-12  3.4487E-13  5.2621E-04
 2.2633E+25  7.6881E-06  9.9999E-01  7.0620E+03  8.1828E-05  5.8448E-12  3.4490E-13  5.1714E-04
 2.2726E+25  7.7896E-06  9.9999E-01  7.0613E+03  8.1828E-05  5.7736E-12  3.4493E-13  5.0829E-04
 2.2819E+25  7.8334E-06  9.9999E-01  7.0606E+03  8.1828E-05  5.7372E-12  3.4496E-13  4.9951E-04
 2.2911E+25  7.9036E-06  9.9999E-01  7.0599E+03  8.1828E-05  5.6911E-12  3.4499E-13  4.9088E-04
 2.3004E+25  7.9829E-06  9.9999E-01  7.0592E+03  8.1828E-05  5.6305E-12  3.4501E-13  4.8257E-04
 2.3096E+25  8.0168E-06  9.9999E-01  7.0585E+03  8.1828E-05  5.6115E-12  3.4504E-13  4.7448E-04
 2.3189E+25  8.1368E-06  9.9999E-01  7.0578E+03  8.1828E-05  5.5246E-12  3.4507E-13  4.6646E-04
 2.3281E+25  8.1290E-06  9.9999E-01  7.0572E+03  8.1828E-05  5.5347E-12  3.4509E-13  4.5856E-04
 2.3374E+25  8.2850E-06  9.9999E-01  7.0566E+03  8.1828E-05  5.4303E-12  3.4512E-13  4.5089E-04
 2.3467E+25  8.2502E-06  9.9999E-01  7.0559E+03  8.1828E-05  5.4503E-12  3.4514E-13  4.4350E-04
 2.3559E+25  8.3975E-06  9.9999E-01  7.0553E+03  8.1828E-05  5.3588E-12  3.4517E-13  4.3620E-04
 2.3652E+25  8.4107E-06  9.9999E-01  7.0547E+03  8.1828E-05  5.3462E-12  3.4519E-13  4.2897E-04
 2.3744E+25  8.5082E-06  9.9999E-01  7.0541E+03  8.1828E-05  5.2896E-12  3.4522E-13  4.2188E-04
 2.3837E+25  8.5771E-06  9.9999E-01  7.0535E+03  8.1828E-05  5.2432E-12  3.4524E-13  4.1504E-04
 2.3929E+25  8.6179E-06  9.9999E-01  7.0530E+03  8.1828E-05  5.2229E-12  3.4526E-13  4.0838E-04
 2.4022E+25  8.7486E-06  9.9999E-01  7.0524E+03  8.1828E-05  5.1409E-12  3.4528E-13  4.0179E-04
 2.4115E+25  8.7266E-06  9.9999E-01  7.0518E+03  8.1828E-05  5.1583E-12  3.4530E-13  3.9527E-04
 2.4207E+25  8.8885E-06  9.9999E-01  7.0513E+03  8.1828E-05  5.0647E-12  3.4533E-13  3.8891E-04
 2.4300E+25  8.8708E-06  9.9999E-01  7.0508E+03  8.1828E-05  5.0709E-12  3.4535E-13  3.8279E-04
 2.4392E+25  8.9961E-06  9.9999E-01  7.0503E+03  8.1828E-05  5.0046E-12  3.4537E-13  3.7676E-04
 2.4485E+25  9.0517E-06  9.9999E-01  7.0497E+03  8.1828E-05  4.9700E-12  3.4539E-13  3.7080E-04
 2.4577E+25  9.1029E-06  9.9999E-01  7.0492E+03  8.1828E-05  4.9464E-12  3.4541E-13  3.6490E-04
 2.4670E+25  9.2381E-06  9.9999E-01  7.0487E+03  8.1828E-05  4.8701E-12  3.4543E-13  3.5919E-04
 2.4763E+25  9.2088E-06  9.9999E-01  7.0483E+03  8.1828E-05  4.8900E-12  3.4545E-13  3.5368E-04
 2.4855E+25  9.3746E-06  9.9999E-01  7.0478E+03  8.1828E-05  4.8037E-12  3.4547E-13  3.4823E-04
 2.4948E+25  9.3690E-06  9.9999E-01  7.0473E+03  8.1828E-05  4.8027E-12  3.4548E-13  3.4283E-04
 2.5040E+25  9.4790E-06  9.9999E-01  7.0469E+03  8.1828E-05  4.7512E-12  3.4550E-13  3.3749E-04
 2.5133E+25  9.5664E-06  9.9999E-01  7.0464E+03  8.1828E-05  4.7040E-12  3.4552E-13  3.3233E-04
 2.5225E+25  9.5825E-06  9.9999E-01  7.0460E+03  8.1828E-05  4.7003E-12  3.4554E-13  3.2734E-04
 2.5318E+25  9.7517E-06  9.9999E-01  7.0455E+03  8.1828E-05  4.6187E-12  3.4555E-13  3.2241E-04
 2.5411E+25  9.7034E-06  9.9999E-01  7.0451E+03  8.1828E-05  4.6384E-12  3.4557E-13  3.1753E-04
 2.5503E+25  9.8541E-06  9.9999E-01  7.0447E+03  8.1828E-05  4.5714E-12  3.4559E-13  3.1269E-04
 2.5596E+25  9.9120E-06  9.9999E-01  7.0443E+03  8.1828E-05  4.5409E-12  3.4560E-13  3.0801E-04
 2.5688E+25  9.9553E-06  9.9999E-01  7.0439E+03  8.1828E-05  4.5252E-12  3.4562E-13  3.0347E-04
 2.5781E+25  1.0124E-05  9.9999E-01  7.0435E+03  8.1828E-05  4.4481E-12  3.4564E-13  2.9901E-04
 2.5873E+25  1.0059E-05  9.9999E-01  7.0431E+03  8.1828E-05  4.4767E-12  3.4565E-13  2.9457E-04
 2.5966E+25  1.0228E-05  9.9999E-01  7.0427E+03  8.1828E-05  4.4052E-12  3.4567E-13  2.9018E-04
 2.6059E+25  1.0277E-05  9.9999E-01  7.0423E+03  8.1828E-05  4.3804E-12  3.4568E-13  2.8592E-04
 2.6151E+25  1.0326E-05  9.9999E-01  7.0419E+03  8.1828E-05  4.3634E-12  3.4570E-13  2.8178E-04
 2.6244E+25  1.0500E-05  9.9999E-01  7.0416E+03  8.1828E-05  4.2905E-12  3.4571E-13  2.7775E-04
 2.6336E+25  1.0431E-05  9.9999E-01  7.0412E+03  8.1828E-05  4.3174E-12  3.4573E-13  2.7372E-04
 2.6429E+25  1.0599E-05  9.9999E-01  7.0408E+03  8.1828E-05  4.2516E-12  3.4574E-13  2.6973E-04
 2.6521E+25  1.0664E-05  9.9999E-01  7.0405E+03  8.1828E-05  4.2222E-12  3.4575E-13  2.6582E-04
 2.6614E+25  1.0695E-05  9.9999E-01  7.0402E+03  8.1828E-05  4.2137E-12  3.4577E-13  2.6204E-04
 2.6707E+25  1.0874E-05  9.9999E-01  7.0398E+03  8.1828E-05  4.1446E-12  3.4578E-13  2.5838E-04
 2.6799E+25  1.0824E-05  9.9999E-01  7.0395E+03  8.1828E-05  4.1602E-12  3.4579E-13  2.5473E-04
 2.6892E+25  1.0968E-05  9.9999E-01  7.0392E+03  8.1828E-05  4.1094E-12  3.4581E-13  2.5111E-04
 2.6984E+25  1.1074E-05  9.9999E-01  7.0388E+03  8.1828E-05  4.0663E-12  3.4582E-13  2.4753E-04
 2.7077E+25  1.1061E-05  9.9999E-01  7.0385E+03  8.1828E-05  4.0748E-12  3.4583E-13  2.4405E-04
 2.7169E+25  1.1242E-05  9.9999E-01  7.0382E+03  8.1828E-05  4.0094E-12  3.4584E-13  2.4069E-04
 2.7262E+25  1.1244E-05  9.9999E-01  7.0379E+03  8.1828E-05  4.0051E-12  3.4586E-13  2.3739E-04
 2.7355E+25  1.1334E-05  9.9999E-01  7.0376E+03  8.1828E-05  3.9773E-12  3.4587E-13  2.3410E-04
 2.7447E+25  1.1510E-05  9.9999E-01  7.0373E+03  8.1828E-05  3.9139E-12  3.4588E-13  2.3085E-04
 2.7540E+25  1.1426E-05  9.9999E-01  7.0370E+03  8.1828E-05  3.9444E-12  3.4589E-13  2.2763E-04
 2.7632E+25  1.1607E-05  9.9999E-01  7.0367E+03  8.1828E-05  3.8840E-12  3.4590E-13  2.2453E-04
 2.7725E+25  1.1693E-05  9.9999E-01  7.0364E+03  8.1828E-05  3.8519E-12  3.4592E-13  2.2152E-04
 2.7817E+25  1.1696E-05  9.9999E-01  7.0362E+03  8.1828E-05  3.8546E-12  3.4593E-13  2.1854E-04
 2.7910E+25  1.1882E-05  9.9999E-01  7.0359E+03  8.1828E-05  3.7944E-12  3.4594E-13  2.1558E-04
 2.8003E+25  1.1879E-05  9.9999E-01  7.0356E+03  8.1828E-05  3.7920E-12  3.4595E-13  2.1263E-04
 2.8095E+25  1.1969E-05  9.9999E-01  7.0353E+03  8.1828E-05  3.7671E-12  3.4596E-13  2.0975E-04
 2.8188E+25  1.2156E-05  9.9999E-01  7.0351E+03  8.1828E-05  3.7087E-12  3.4597E-13  2.0696E-04
 2.8280E+25  1.2071E-05  9.9999E-01  7.0348E+03  8.1828E-05  3.7323E-12  3.4598E-13  2.0426E-04
 2.8373E+25  1.2242E-05  9.9999E-01  7.0346E+03  8.1828E-05  3.6833E-12  3.4599E-13  2.0157E-04
 2.8465E+25  1.2371E-05  9.9999E-01  7.0343E+03  8.1828E-05  3.6414E-12  3.4600E-13  1.9890E-04
 2.8558E+25  1.2327E-05  9.9999E-01  7.0341E+03  8.1828E-05  3.6581E-12  3.4601E-13  1.9624E-04
 2.8651E+25  1.2516E-05  9.9999E-01  7.0338E+03  8.1828E-05  3.6028E-12  3.4602E-13  1.9364E-04
 2.8743E+25  1.2576E-05  9.9999E-01  7.0336E+03  8.1828E-05  3.5823E-12  3.4603E-13  1.9111E-04
 2.8836E+25  1.2598E-05  9.9999E-01  7.0334E+03  8.1828E-05  3.5794E-12  3.4604E-13  1.8868E-04
 2.8928E+25  1.2791E-05  9.9999E-01  7.0331E+03  8.1828E-05  3.5256E-12  3.4605E-13  1.8625E-04
 2.9021E+25  1.2786E-05  9.9999E-01  7.0329E+03  8.1828E-05  3.5237E-12  3.4606E-13  1.8384E-04
 2.9113E+25  1.2871E-05  9.9999E-01  7.0327E+03  8.1828E-05  3.5038E-12  3.4606E-13  1.8144E-04
 2.9206E+25  1.3066E-05  9.9999E-01  7.0324E+03  8.1828E-05  3.4516E-12  3.4607E-13  1.7909E-04
 2.9299E+25  1.3003E-05  9.9999E-01  7.0322E+03  8.1828E-05  3.4652E-12  3.4608E-13  1.7680E-04
 2.9391E+25  1.3144E-05  9.9999E-01  7.0320E+03  8.1828E-05  3.4313E-12  3.4609E-13  1.7459E-04
 2.9484E+25  1.3338E-05  9.9999E-01  7.0318E+03  8.1828E-05  3.3806E-12  3.4610E-13  1.7240E-04
 2.9576E+25  1.3230E-05  9.9999E-01  7.0316E+03  8.1828E-05  3.4070E-12  3.4611E-13  1.7022E-04
 2.9669E+25  1.3417E-05  9.9999E-01  7.0314E+03  8.1828E-05  3.3616E-12  3.4612E-13  1.6805E-04
 2.9761E+25  1.3579E-05  9.9999E-01  7.0312E+03  8.1828E-05  3.3185E-12  3.4612E-13  1.6591E-04
 2.9854E+25  1.3493E-05  9.9999E-01  7.0310E+03  8.1828E-05  3.3428E-12  3.4613E-13  1.6384E-04
 2.9947E+25  1.3691E-05  9.9999E-01  7.0308E+03  8.1828E-05  3.2947E-12  3.4614E-13  1.6181E-04
 3.0039E+25  1.3820E-05  9.9999E-01  7.0306E+03  8.1828E-05  3.2608E-12  3.4615E-13  1.5984E-04
 3.0132E+25  1.3765E-05  9.9999E-01  7.0304E+03  8.1828E-05  3.2770E-12  3.4615E-13  1.5787E-04
 3.0224E+25  1.3964E-05  9.9999E-01  7.0302E+03  8.1828E-05  3.2304E-12  3.4616E-13  1.5591E-04
 3.0317E+25  1.4069E-05  9.9999E-01  7.0300E+03  8.1828E-05  3.2033E-12  3.4617E-13  1.5396E-04
 3.0409E+25  1.4036E-05  9.9999E-01  7.0298E+03  8.1828E-05  3.2138E-12  3.4618E-13  1.5206E-04
 3.0502E+25  1.4238E-05  9.9999E-01  7.0296E+03  8.1828E-05  3.1685E-12  3.4618E-13  1.5021E-04
 3.0594E+25  1.4325E-05  9.9999E-01  7.0295E+03  8.1828E-05  3.1461E-12  3.4619E-13  1.4842E-04
 3.0687E+25  1.4308E-05  9.9999E-01  7.0293E+03  8.1828E-05  3.1530E-12  3.4620E-13  1.4665E-04
 3.0780E+25  1.4511E-05  9.9999E-01  7.0291E+03  8.1828E-05  3.1089E-12  3.4621E-13  1.4487E-04
 3.0872E+25  1.4591E-05  9.9999E-01  7.0289E+03  8.1828E-05  3.0890E-12  3.4621E-13  1.4311E-04
 3.0965E+25  1.4579E-05  9.9999E-01  7.0288E+03  8.1828E-05  3.0944E-12  3.4622E-13  1.4137E-04
 3.1057E+25  1.4784E-05  9.9999E-01  7.0286E+03  8.1828E-05  3.0517E-12  3.4623E-13  1.3967E-04
 3.1150E+25  1.4865E-05  9.9999E-01  7.0284E+03  8.1828E-05  3.0321E-12  3.4623E-13  1.3801E-04
 3.1242E+25  1.4850E-05  9.9999E-01  7.0283E+03  8.1828E-05  3.0381E-12  3.4624E-13  1.3641E-04
 3.1335E+25  1.5057E-05  9.9998E-01  7.0281E+03  8.1828E-05  2.9965E-12  3.4624E-13  1.3481E-04
 3.1428E+25  1.5149E-05  9.9998E-01  7.0280E+03  8.1828E-05  2.9755E-12  3.4625E-13  1.3322E-04
 3.1520E+25  1.5121E-05  9.9998E-01  7.0278E+03  8.1828E-05  2.9838E-12  3.4626E-13  1.3163E-04
 3.1613E+25  1.5330E-05  9.9998E-01  7.0277E+03  8.1828E-05  2.9433E-12  3.4626E-13  1.3006E-04
 3.1705E+25  1.5442E-05  9.9998E-01  7.0275E+03  8.1828E-05  2.9190E-12  3.4627E-13  1.2854E-04
 3.1798E+25  1.5392E-05  9.9998E-01  7.0274E+03  8.1828E-05  2.9315E-12  3.4628E-13  1.2706E-04
 3.1890E+25  1.5602E-05  9.9998E-01  7.0272E+03  8.1828E-05  2.8921E-12  3.4628E-13  1.2561E-04
 3.1983E+25  1.5746E-05  9.9998E-01  7.0271E+03  8.1828E-05  2.8628E-12  3.4629E-13  1.2417E-04
 3.2076E+25  1.5662E-05  9.9998E-01  7.0269E+03  8.1828E-05  2.8811E-12  3.4629E-13  1.2274E-04
 3.2168E+25  1.5874E-05  9.9998E-01  7.0268E+03  8.1828E-05  2.8427E-12  3.4630E-13  1.2131E-04
 3.2261E+25  1.6061E-05  9.9998E-01  7.0266E+03  8.1828E-05  2.8067E-12  3.4630E-13  1.1990E-04
 3.2353E+25  1.5931E-05  9.9998E-01  7.0265E+03  8.1828E-05  2.8325E-12  3.4631E-13  1.1853E-04
 3.2446E+25  1.6145E-05  9.9998E-01  7.0264E+03  8.1828E-05  2.7950E-12  3.4632E-13  1.1718E-04
 3.2538E+25  1.6361E-05  9.9998E-01  7.0262E+03  8.1828E-05  2.7578E-12  3.4632E-13  1.1589E-04
 3.2631E+25  1.6226E-05  9.9998E-01  7.0261E+03  8.1828E-05  2.7786E-12  3.4633E-13  1.1459E-04
 3.2724E+25  1.6416E-05  9.9998E-01  7.0260E+03  8.1828E-05  2.7490E-12  3.4633E-13  1.1330E-04
 3.2816E+25  1.6635E-05  9.9998E-01  7.0258E+03  8.1828E-05  2.7128E-12  3.4634E-13  1.1201E-04
 3.2909E+25  1.6559E-05  9.9998E-01  7.0257E+03  8.1828E-05  2.7226E-12  3.4634E-13  1.1073E-04
 3.3001E+25  1.6686E-05  9.9998E-01  7.0256E+03  8.1828E-05  2.7045E-12  3.4635E-13  1.0949E-04
 3.3094E+25  1.6906E-05  9.9998E-01  7.0254E+03  8.1828E-05  2.6695E-12  3.4635E-13  1.0828E-04
 3.3186E+25  1.6906E-05  9.9998E-01  7.0253E+03  8.1828E-05  2.6667E-12  3.4636E-13  1.0710E-04
 3.3279E+25  1.6956E-05  9.9998E-01  7.0252E+03  8.1828E-05  2.6616E-12  3.4636E-13  1.0594E-04
 3.3372E+25  1.7176E-05  9.9998E-01  7.0251E+03  8.1828E-05  2.6275E-12  3.4637E-13  1.0477E-04
 3.3464E+25  1.7266E-05  9.9998E-01  7.0250E+03  8.1828E-05  2.6112E-12  3.4637E-13  1.0362E-04
 3.3557E+25  1.7225E-05  9.9998E-01  7.0248E+03  8.1828E-05  2.6202E-12  3.4638E-13  1.0246E-04
 3.3649E+25  1.7447E-05  9.9998E-01  7.0247E+03  8.1828E-05  2.5869E-12  3.4638E-13  1.0132E-04
 3.3742E+25  1.7640E-05  9.9998E-01  7.0246E+03  8.1828E-05  2.5559E-12  3.4639E-13  1.0022E-04
 3.3834E+25  1.7492E-05  9.9998E-01  7.0245E+03  8.1828E-05  2.5803E-12  3.4639E-13  9.9140E-05
 3.3927E+25  1.7716E-05  9.9998E-01  7.0244E+03  8.1828E-05  2.5476E-12  3.4639E-13  9.8095E-05
 3.4020E+25  1.7944E-05  9.9998E-01  7.0243E+03  8.1828E-05  2.5154E-12  3.4640E-13  9.7050E-05
 3.4112E+25  1.7842E-05  9.9998E-01  7.0242E+03  8.1828E-05  2.5271E-12  3.4640E-13  9.6004E-05
 3.4205E+25  1.7985E-05  9.9998E-01  7.0241E+03  8.1828E-05  2.5095E-12  3.4641E-13  9.4963E-05
 3.4297E+25  1.8212E-05  9.9998E-01  7.0239E+03  8.1828E-05  2.4783E-12  3.4641E-13  9.3931E-05
 3.4390E+25  1.8241E-05  9.9998E-01  7.0238E+03  8.1828E-05  2.4719E-12  3.4642E-13  9.2922E-05
 3.4482E+25  1.8253E-05  9.9998E-01  7.0237E+03  8.1828E-05  2.4728E-12  3.4642E-13  9.1932E-05
 3.4575E+25  1.8482E-05  9.9998E-01  7.0236E+03  8.1828E-05  2.4423E-12  3.4642E-13  9.0974E-05
 3.4668E+25  1.8655E-05  9.9998E-01  7.0235E+03  8.1828E-05  2.4170E-12  3.4643E-13  9.0032E-05
 3.4760E+25  1.8519E-05  9.9998E-01  7.0234E+03  8.1828E-05  2.4375E-12  3.4643E-13  8.9094E-05
 3.4853E+25  1.8750E-05  9.9998E-01  7.0233E+03  8.1828E-05  2.4073E-12  3.4644E-13  8.8154E-05
 3.4945E+25  1.8983E-05  9.9998E-01  7.0232E+03  8.1828E-05  2.3779E-12  3.4644E-13  8.7223E-05
 3.5038E+25  1.8885E-05  9.9998E-01  7.0231E+03  8.1828E-05  2.3877E-12  3.4644E-13  8.6295E-05
 3.5130E+25  1.9018E-05  9.9998E-01  7.0230E+03  8.1828E-05  2.3735E-12  3.4645E-13  8.5389E-05
 3.5223E+25  1.9251E-05  9.9998E-01  7.0230E+03  8.1828E-05  2.3448E-12  3.4645E-13  8.4504E-05
 3.5316E+25  1.9328E-05  9.9998E-01  7.0228E+03  8.1828E-05  2.3330E-12  3.4645E-13  8.3645E-05
 3.5408E+25  1.9283E-05  9.9998E-01  7.0228E+03  8.1828E-05  2.3410E-12  3.4646E-13  8.2800E-05
 3.5501E+25  1.9519E-05  9.9998E-01  7.0227E+03  8.1828E-05  2.3127E-12  3.4646E-13  8.1958E-05
 3.5593E+25  1.9755E-05  9.9998E-01  7.0226E+03  8.1828E-05  2.2849E-12  3.4647E-13  8.1110E-05
 3.5686E+25  1.9580E-05  9.9998E-01  7.0225E+03  8.1828E-05  2.3034E-12  3.4647E-13  8.0274E-05
 3.5778E+25  1.9786E-05  9.9998E-01  7.0224E+03  8.1828E-05  2.2815E-12  3.4647E-13  7.9439E-05
 3.5871E+25  2.0024E-05  9.9998E-01  7.0223E+03  8.1828E-05  2.2544E-12  3.4648E-13  7.8627E-05
 3.5964E+25  2.0052E-05  9.9998E-01  7.0222E+03  8.1828E-05  2.2489E-12  3.4648E-13  7.7828E-05
 3.6056E+25  2.0050E-05  9.9998E-01  7.0221E+03  8.1828E-05  2.2515E-12  3.4648E-13  7.7048E-05
 3.6149E+25  2.0291E-05  9.9998E-01  7.0221E+03  8.1828E-05  2.2248E-12  3.4649E-13  7.6294E-05
 3.6241E+25  2.0528E-05  9.9998E-01  7.0220E+03  8.1828E-05  2.1986E-12  3.4649E-13  7.5537E-05
 3.6334E+25  2.0329E-05  9.9998E-01  7.0219E+03  8.1828E-05  2.2189E-12  3.4649E-13  7.4776E-05
 3.6426E+25  2.0557E-05  9.9998E-01  7.0218E+03  8.1828E-05  2.1961E-12  3.4650E-13  7.4024E-05
 3.6519E+25  2.0799E-05  9.9998E-01  7.0217E+03  8.1828E-05  2.1705E-12  3.4650E-13  7.3273E-05
 3.6612E+25  2.0832E-05  9.9998E-01  7.0216E+03  8.1828E-05  2.1648E-12  3.4650E-13  7.2532E-05
 3.6704E+25  2.0819E-05  9.9998E-01  7.0216E+03  8.1828E-05  2.1685E-12  3.4651E-13  7.1812E-05
 3.6797E+25  2.1065E-05  9.9998E-01  7.0215E+03  8.1828E-05  2.1431E-12  3.4651E-13  7.1105E-05
 3.6889E+25  2.1310E-05  9.9998E-01  7.0214E+03  8.1828E-05  2.1184E-12  3.4651E-13  7.0424E-05
 3.6982E+25  2.1130E-05  9.9998E-01  7.0213E+03  8.1828E-05  2.1345E-12  3.4652E-13  6.9743E-05
 3.7074E+25  2.1330E-05  9.9998E-01  7.0213E+03  8.1828E-05  2.1166E-12  3.4652E-13  6.9063E-05
 3.7167E+25  2.1577E-05  9.9998E-01  7.0212E+03  8.1828E-05  2.0924E-12  3.4652E-13  6.8386E-05
 3.7260E+25  2.1674E-05  9.9998E-01  7.0211E+03  8.1828E-05  2.0808E-12  3.4652E-13  6.7709E-05
 3.7352E+25  2.1590E-05  9.9998E-01  7.0210E+03  8.1828E-05  2.0912E-12  3.4653E-13  6.7038E-05
 3.7445E+25  2.1842E-05  9.9998E-01  7.0210E+03  8.1828E-05  2.0670E-12  3.4653E-13  6.6384E-05
 3.7537E+25  2.2092E-05  9.9998E-01  7.0209E+03  8.1828E-05  2.0437E-12  3.4653E-13  6.5738E-05
 3.7630E+25  2.1998E-05  9.9998E-01  7.0208E+03  8.1828E-05  2.0502E-12  3.4654E-13  6.5112E-05
 3.7722E+25  2.2103E-05  9.9998E-01  7.0208E+03  8.1828E-05  2.0427E-12  3.4654E-13  6.4503E-05
 3.7815E+25  2.2357E-05  9.9998E-01  7.0207E+03  8.1828E-05  2.0195E-12  3.4654E-13  6.3895E-05
 3.7908E+25  2.2583E-05  9.9998E-01  7.0206E+03  8.1828E-05  1.9971E-12  3.4654E-13  6.3286E-05
 3.8000E+25  2.2362E-05  9.9998E-01  7.0205E+03  8.1828E-05  2.0190E-12  3.4655E-13  6.2675E-05
 3.8093E+25  2.2620E-05  9.9998E-01  7.0205E+03  8.1828E-05  1.9961E-12  3.4655E-13  6.2071E-05
 3.8185E+25  2.2874E-05  9.9998E-01  7.0204E+03  8.1828E-05  1.9738E-12  3.4655E-13  6.1473E-05
 3.8278E+25  2.2939E-05  9.9998E-01  7.0203E+03  8.1828E-05  1.9662E-12  3.4655E-13  6.0886E-05
 3.8370E+25  2.2877E-05  9.9998E-01  7.0203E+03  8.1828E-05  1.9736E-12  3.4656E-13  6.0309E-05
 3.8463E+25  2.3138E-05  9.9998E-01  7.0202E+03  8.1828E-05  1.9514E-12  3.4656E-13  5.9751E-05
 3.8556E+25  2.3395E-05  9.9998E-01  7.0202E+03  8.1828E-05  1.9300E-12  3.4656E-13  5.9204E-05
 3.8648E+25  2.3308E-05  9.9998E-01  7.0201E+03  8.1828E-05  1.9351E-12  3.4656E-13  5.8658E-05
 3.8741E+25  2.3395E-05  9.9998E-01  7.0200E+03  8.1828E-05  1.9300E-12  3.4657E-13  5.8111E-05
 3.8833E+25  2.3659E-05  9.9998E-01  7.0200E+03  8.1828E-05  1.9085E-12  3.4657E-13  5.7566E-05
 3.8926E+25  2.3916E-05  9.9998E-01  7.0199E+03  8.1828E-05  1.8877E-12  3.4657E-13  5.7026E-05
 3.9018E+25  2.3693E-05  9.9998E-01  7.0198E+03  8.1828E-05  1.9039E-12  3.4657E-13  5.6484E-05
 3.9111E+25  2.3917E-05  9.9998E-01  7.0198E+03  8.1828E-05  1.8879E-12  3.4658E-13  5.5960E-05
 3.9204E+25  2.4182E-05  9.9998E-01  7.0197E+03  8.1828E-05  1.8672E-12  3.4658E-13  5.5441E-05
 3.9296E+25  2.4360E-05  9.9998E-01  7.0197E+03  8.1828E-05  1.8516E-12  3.4658E-13  5.4937E-05
 3.9389E+25  2.4174E-05  9.9998E-01  7.0196E+03  8.1828E-05  1.8678E-12  3.4658E-13  5.4450E-05
 3.9481E+25  2.4441E-05  9.9998E-01  7.0196E+03  8.1828E-05  1.8475E-12  3.4659E-13  5.3960E-05
 3.9574E+25  2.4708E-05  9.9998E-01  7.0195E+03  8.1828E-05  1.8275E-12  3.4659E-13  5.3469E-05
 3.9666E+25  2.4780E-05  9.9998E-01  7.0194E+03  8.1828E-05  1.8202E-12  3.4659E-13  5.2979E-05
 3.9759E+25  2.4697E-05  9.9998E-01  7.0194E+03  8.1828E-05  1.8283E-12  3.4659E-13  5.2493E-05
 3.9852E+25  2.4968E-05  9.9998E-01  7.0193E+03  8.1828E-05  1.8086E-12  3.4659E-13  5.2008E-05
 3.9944E+25  2.5237E-05  9.9997E-01  7.0193E+03  8.1828E-05  1.7893E-12  3.4660E-13  5.1535E-05
 4.0037E+25  2.5217E-05  9.9997E-01  7.0192E+03  8.1828E-05  1.7887E-12  3.4660E-13  5.1067E-05
 4.0129E+25  2.5223E-05  9.9997E-01  7.0192E+03  8.1828E-05  1.7903E-12  3.4660E-13  5.0606E-05
 4.0222E+25  2.5497E-05  9.9997E-01  7.0191E+03  8.1828E-05  1.7711E-12  3.4660E-13  5.0169E-05
 4.0314E+25  2.5768E-05  9.9997E-01  7.0191E+03  8.1828E-05  1.7524E-12  3.4661E-13  4.9731E-05
 4.0407E+25  2.5671E-05  9.9997E-01  7.0190E+03  8.1828E-05  1.7571E-12  3.4661E-13  4.9291E-05
 4.0500E+25  2.5751E-05  9.9997E-01  7.0190E+03  8.1828E-05  1.7536E-12  3.4661E-13  4.8853E-05
 4.0592E+25  2.6028E-05  9.9997E-01  7.0189E+03  8.1828E-05  1.7350E-12  3.4661E-13  4.8415E-05
 4.0685E+25  2.6302E-05  9.9997E-01  7.0189E+03  8.1828E-05  1.7169E-12  3.4661E-13  4.7980E-05
 4.0777E+25  2.6144E-05  9.9997E-01  7.0188E+03  8.1828E-05  1.7253E-12  3.4662E-13  4.7547E-05
 4.0870E+25  2.6281E-05  9.9997E-01  7.0188E+03  8.1828E-05  1.7182E-12  3.4662E-13  4.7125E-05
 4.0962E+25  2.6562E-05  9.9997E-01  7.0187E+03  8.1828E-05  1.7002E-12  3.4662E-13  4.6708E-05
 4.1055E+25  2.6838E-05  9.9997E-01  7.0187E+03  8.1828E-05  1.6826E-12  3.4662E-13  4.6306E-05
 4.1148E+25  2.6637E-05  9.9997E-01  7.0186E+03  8.1828E-05  1.6935E-12  3.4662E-13  4.5912E-05
 4.1240E+25  2.6815E-05  9.9997E-01  7.0186E+03  8.1828E-05  1.6841E-12  3.4663E-13  4.5521E-05
 4.1333E+25  2.7097E-05  9.9997E-01  7.0185E+03  8.1828E-05  1.6666E-12  3.4663E-13  4.5127E-05
 4.1425E+25  2.7377E-05  9.9997E-01  7.0185E+03  8.1828E-05  1.6495E-12  3.4663E-13  4.4734E-05
 4.1518E+25  2.7150E-05  9.9997E-01  7.0184E+03  8.1828E-05  1.6615E-12  3.4663E-13  4.4344E-05
 4.1610E+25  2.7350E-05  9.9997E-01  7.0184E+03  8.1828E-05  1.6512E-12  3.4663E-13  4.3954E-05
 4.1703E+25  2.7635E-05  9.9997E-01  7.0183E+03  8.1828E-05  1.6341E-12  3.4663E-13  4.3569E-05
 4.1796E+25  2.7918E-05  9.9997E-01  7.0183E+03  8.1828E-05  1.6175E-12  3.4664E-13  4.3190E-05
 4.1888E+25  2.7684E-05  9.9997E-01  7.0182E+03  8.1828E-05  1.6295E-12  3.4664E-13  4.2816E-05
 4.1981E+25  2.7888E-05  9.9997E-01  7.0182E+03  8.1828E-05  1.6193E-12  3.4664E-13  4.2456E-05
 4.2073E+25  2.8176E-05  9.9997E-01  7.0182E+03  8.1828E-05  1.6028E-12  3.4664E-13  4.2107E-05
 4.2166E+25  2.8463E-05  9.9997E-01  7.0181E+03  8.1828E-05  1.5866E-12  3.4664E-13  4.1757E-05
 4.2258E+25  2.8238E-05  9.9997E-01  7.0181E+03  8.1828E-05  1.5975E-12  3.4665E-13  4.1401E-05
 4.2351E+25  2.8429E-05  9.9997E-01  7.0180E+03  8.1828E-05  1.5885E-12  3.4665E-13  4.1052E-05
 4.2443E+25  2.8718E-05  9.9997E-01  7.0180E+03  8.1828E-05  1.5726E-12  3.4665E-13  4.0702E-05
 4.2536E+25  2.9010E-05  9.9997E-01  7.0179E+03  8.1828E-05  1.5567E-12  3.4665E-13  4.0353E-05
 4.2629E+25  2.8815E-05  9.9997E-01  7.0179E+03  8.1828E-05  1.5655E-12  3.4665E-13  4.0007E-05
 4.2721E+25  2.8973E-05  9.9997E-01  7.0179E+03  8.1828E-05  1.5587E-12  3.4665E-13  3.9668E-05
 4.2814E+25  2.9262E-05  9.9997E-01  7.0178E+03  8.1828E-05  1.5434E-12  3.4666E-13  3.9332E-05
 4.2906E+25  2.9560E-05  9.9997E-01  7.0178E+03  8.1828E-05  1.5278E-12  3.4666E-13  3.9007E-05
 4.2999E+25  2.9417E-05  9.9997E-01  7.0177E+03  8.1828E-05  1.5335E-12  3.4666E-13  3.8692E-05
 4.3091E+25  2.9519E-05  9.9997E-01  7.0177E+03  8.1828E-05  1.5300E-12  3.4666E-13  3.8378E-05
 4.3184E+25  2.9810E-05  9.9997E-01  7.0177E+03  8.1828E-05  1.5150E-12  3.4666E-13  3.8064E-05
 4.3277E+25  3.0110E-05  9.9997E-01  7.0176E+03  8.1828E-05  1.4999E-12  3.4666E-13  3.7750E-05
 4.3369E+25  3.0045E-05  9.9997E-01  7.0176E+03  8.1828E-05  1.5015E-12  3.4667E-13  3.7435E-05
 4.3462E+25  3.0067E-05  9.9997E-01  7.0175E+03  8.1828E-05  1.5021E-12  3.4667E-13  3.7122E-05
 4.3554E+25  3.0360E-05  9.9997E-01  7.0175E+03  8.1828E-05  1.4876E-12  3.4667E-13  3.6811E-05
 4.3647E+25  3.0662E-05  9.9997E-01  7.0175E+03  8.1828E-05  1.4729E-12  3.4667E-13  3.6506E-05
 4.3739E+25  3.0698E-05  9.9997E-01  7.0174E+03  8.1828E-05  1.4695E-12  3.4667E-13  3.6204E-05
 4.3832E+25  3.0618E-05  9.9997E-01  7.0174E+03  8.1828E-05  1.4751E-12  3.4667E-13  3.5906E-05
 4.3925E+25  3.0914E-05  9.9997E-01  7.0174E+03  8.1828E-05  1.4609E-12  3.4667E-13  3.5623E-05
 4.4017E+25  3.1216E-05  9.9997E-01  7.0173E+03  8.1828E-05  1.4468E-12  3.4668E-13  3.5343E-05
 4.4110E+25  3.1379E-05  9.9997E-01  7.0173E+03  8.1828E-05  1.4377E-12  3.4668E-13  3.5060E-05
 4.4202E+25  3.1171E-05  9.9997E-01  7.0172E+03  8.1828E-05  1.4489E-12  3.4668E-13  3.4778E-05
 4.4295E+25  3.1471E-05  9.9997E-01  7.0172E+03  8.1828E-05  1.4351E-12  3.4668E-13  3.4498E-05
 4.4387E+25  3.1772E-05  9.9997E-01  7.0172E+03  8.1828E-05  1.4215E-12  3.4668E-13  3.4217E-05
 4.4480E+25  3.2069E-05  9.9997E-01  7.0171E+03  8.1828E-05  1.4077E-12  3.4668E-13  3.3939E-05
 4.4573E+25  3.1742E-05  9.9997E-01  7.0171E+03  8.1828E-05  1.4218E-12  3.4668E-13  3.3660E-05
 4.4665E+25  3.2030E-05  9.9997E-01  7.0171E+03  8.1828E-05  1.4101E-12  3.4669E-13  3.3389E-05
 4.4758E+25  3.2332E-05  9.9997E-01  7.0170E+03  8.1828E-05  1.3969E-12  3.4669E-13  3.3118E-05
 4.4850E+25  3.2645E-05  9.9997E-01  7.0170E+03  8.1828E-05  1.3836E-12  3.4669E-13  3.2855E-05
 4.4943E+25  3.2460E-05  9.9997E-01  7.0170E+03  8.1828E-05  1.3898E-12  3.4669E-13  3.2603E-05
 4.5035E+25  3.2591E-05  9.9997E-01  7.0169E+03  8.1828E-05  1.3859E-12  3.4669E-13  3.2352E-05
 4.5128E+25  3.2897E-05  9.9997E-01  7.0169E+03  8.1828E-05  1.3729E-12  3.4669E-13  3.2101E-05
 4.5221E+25  3.3207E-05  9.9997E-01  7.0169E+03  8.1828E-05  1.3601E-12  3.4669E-13  3.1849E-05
 4.5313E+25  3.3221E-05  9.9997E-01  7.0168E+03  8.1828E-05  1.3580E-12  3.4669E-13  3.1597E-05
 4.5406E+25  3.3154E-05  9.9997E-01  7.0168E+03  8.1828E-05  1.3623E-12  3.4670E-13  3.1346E-05
 4.5498E+25  3.3464E-05  9.9997E-01  7.0168E+03  8.1828E-05  1.3497E-12  3.4670E-13  3.1097E-05
 4.5591E+25  3.3774E-05  9.9997E-01  7.0167E+03  8.1828E-05  1.3373E-12  3.4670E-13  3.0849E-05
 4.5683E+25  3.4008E-05  9.9997E-01  7.0167E+03  8.1828E-05  1.3266E-12  3.4670E-13  3.0606E-05
 4.5776E+25  3.3723E-05  9.9997E-01  7.0167E+03  8.1828E-05  1.3393E-12  3.4670E-13  3.0362E-05
 4.5869E+25  3.4034E-05  9.9997E-01  7.0166E+03  8.1828E-05  1.3271E-12  3.4670E-13  3.0126E-05
 4.5961E+25  3.4347E-05  9.9997E-01  7.0166E+03  8.1828E-05  1.3150E-12  3.4670E-13  2.9902E-05
 4.6054E+25  3.4665E-05  9.9997E-01  7.0166E+03  8.1828E-05  1.3030E-12  3.4670E-13  2.9677E-05
 4.6146E+25  3.4454E-05  9.9997E-01  7.0165E+03  8.1828E-05  1.3094E-12  3.4671E-13  2.9453E-05
 4.6239E+25  3.4605E-05  9.9997E-01  7.0165E+03  8.1828E-05  1.3052E-12  3.4671E-13  2.9227E-05
 4.6331E+25  3.4922E-05  9.9997E-01  7.0165E+03  8.1828E-05  1.2934E-12  3.4671E-13  2.9003E-05
 4.6424E+25  3.5240E-05  9.9996E-01  7.0165E+03  8.1828E-05  1.2817E-12  3.4671E-13  2.8779E-05
 4.6517E+25  3.5299E-05  9.9996E-01  7.0164E+03  8.1828E-05  1.2781E-12  3.4671E-13  2.8555E-05
 4.6609E+25  3.5183E-05  9.9996E-01  7.0164E+03  8.1828E-05  1.2838E-12  3.4671E-13  2.8332E-05
 4.6702E+25  3.5500E-05  9.9996E-01  7.0164E+03  8.1828E-05  1.2724E-12  3.4671E-13  2.8113E-05
 4.6794E+25  3.5821E-05  9.9996E-01  7.0163E+03  8.1828E-05  1.2609E-12  3.4671E-13  2.7896E-05
 4.6887E+25  3.6136E-05  9.9996E-01  7.0163E+03  8.1828E-05  1.2497E-12  3.4672E-13  2.7681E-05
 4.6979E+25  3.5802E-05  9.9996E-01  7.0163E+03  8.1828E-05  1.2604E-12  3.4672E-13  2.7477E-05
 4.7072E+25  3.6080E-05  9.9996E-01  7.0162E+03  8.1828E-05  1.2519E-12  3.4672E-13  2.7277E-05
 4.7165E+25  3.6405E-05  9.9996E-01  7.0162E+03  8.1828E-05  1.2407E-12  3.4672E-13  2.7077E-05
 4.7257E+25  3.6728E-05  9.9996E-01  7.0162E+03  8.1828E-05  1.2298E-12  3.4672E-13  2.6876E-05
 4.7350E+25  3.6700E-05  9.9996E-01  7.0162E+03  8.1828E-05  1.2293E-12  3.4672E-13  2.6675E-05
 4.7442E+25  3.6668E-05  9.9996E-01  7.0161E+03  8.1828E-05  1.2318E-12  3.4672E-13  2.6475E-05
 4.7535E+25  3.6989E-05  9.9996E-01  7.0161E+03  8.1828E-05  1.2211E-12  3.4672E-13  2.6274E-05
 4.7627E+25  3.7319E-05  9.9996E-01  7.0161E+03  8.1828E-05  1.2103E-12  3.4672E-13  2.6075E-05
 4.7720E+25  3.7627E-05  9.9996E-01  7.0161E+03  8.1828E-05  1.1998E-12  3.4673E-13  2.5876E-05
 4.7813E+25  3.7267E-05  9.9996E-01  7.0160E+03  8.1828E-05  1.2113E-12  3.4673E-13  2.5681E-05
 4.7905E+25  3.7581E-05  9.9996E-01  7.0160E+03  8.1828E-05  1.2019E-12  3.4673E-13  2.5486E-05
 4.7998E+25  3.7911E-05  9.9996E-01  7.0160E+03  8.1828E-05  1.1915E-12  3.4673E-13  2.5297E-05
 4.8090E+25  3.8243E-05  9.9996E-01  7.0160E+03  8.1828E-05  1.1811E-12  3.4673E-13  2.5117E-05
 4.8183E+25  3.8217E-05  9.9996E-01  7.0159E+03  8.1828E-05  1.1805E-12  3.4673E-13  2.4939E-05
 4.8275E+25  3.8178E-05  9.9996E-01  7.0159E+03  8.1828E-05  1.1831E-12  3.4673E-13  2.4760E-05
 4.8368E+25  3.8505E-05  9.9996E-01  7.0159E+03  8.1828E-05  1.1731E-12  3.4673E-13  2.4580E-05
 4.8461E+25  3.8843E-05  9.9996E-01  7.0158E+03  8.1828E-05  1.1629E-12  3.4673E-13  2.4401E-05
 4.8553E+25  3.9171E-05  9.9996E-01  7.0158E+03  8.1828E-05  1.1530E-12  3.4673E-13  2.4221E-05
 4.8646E+25  3.8828E-05  9.9996E-01  7.0158E+03  8.1828E-05  1.1622E-12  3.4674E-13  2.4043E-05
 4.8738E+25  3.9110E-05  9.9996E-01  7.0158E+03  8.1828E-05  1.1550E-12  3.4674E-13  2.3865E-05
 4.8831E+25  3.9441E-05  9.9996E-01  7.0157E+03  8.1828E-05  1.1453E-12  3.4674E-13  2.3687E-05
 4.8923E+25  3.9784E-05  9.9996E-01  7.0157E+03  8.1828E-05  1.1354E-12  3.4674E-13  2.3514E-05
 4.9016E+25  3.9863E-05  9.9996E-01  7.0157E+03  8.1828E-05  1.1318E-12  3.4674E-13  2.3339E-05
 4.9109E+25  3.9711E-05  9.9996E-01  7.0157E+03  8.1828E-05  1.1375E-12  3.4674E-13  2.3170E-05
 4.9201E+25  4.0052E-05  9.9996E-01  7.0156E+03  8.1828E-05  1.1278E-12  3.4674E-13  2.3009E-05
 4.9294E+25  4.0389E-05  9.9996E-01  7.0156E+03  8.1828E-05  1.1184E-12  3.4674E-13  2.2849E-05
 4.9386E+25  4.0735E-05  9.9996E-01  7.0156E+03  8.1828E-05  1.1089E-12  3.4674E-13  2.2689E-05
 4.9479E+25  4.0526E-05  9.9996E-01  7.0156E+03  8.1828E-05  1.1133E-12  3.4674E-13  2.2530E-05
 4.9571E+25  4.0661E-05  9.9996E-01  7.0156E+03  8.1828E-05  1.1109E-12  3.4675E-13  2.2369E-05
 4.9664E+25  4.1004E-05  9.9996E-01  7.0155E+03  8.1828E-05  1.1016E-12  3.4675E-13  2.2209E-05
 4.9757E+25  4.1349E-05  9.9996E-01  7.0155E+03  8.1828E-05  1.0925E-12  3.4675E-13  2.2050E-05
 4.9849E+25  4.1649E-05  9.9996E-01  7.0155E+03  8.1828E-05  1.0833E-12  3.4675E-13  2.1890E-05
 4.9942E+25  4.1268E-05  9.9996E-01  7.0155E+03  8.1828E-05  1.0946E-12  3.4675E-13  2.1731E-05
 5.0034E+25  4.1621E-05  9.9996E-01  7.0154E+03  8.1828E-05  1.0853E-12  3.4675E-13  2.1576E-05
 5.0127E+25  4.1967E-05  9.9996E-01  7.0154E+03  8.1828E-05  1.0763E-12  3.4675E-13  2.1419E-05
 5.0219E+25  4.2319E-05  9.9996E-01  7.0154E+03  8.1828E-05  1.0674E-12  3.4675E-13  2.1265E-05
 5.0312E+25  4.2377E-05  9.9996E-01  7.0154E+03  8.1828E-05  1.0647E-12  3.4675E-13  2.1120E-05
 5.0405E+25  4.2235E-05  9.9996E-01  7.0153E+03  8.1828E-05  1.0696E-12  3.4675E-13  2.0978E-05
 5.0497E+25  4.2593E-05  9.9996E-01  7.0153E+03  8.1828E-05  1.0606E-12  3.4675E-13  2.0835E-05
 5.0590E+25  4.2942E-05  9.9996E-01  7.0153E+03  8.1828E-05  1.0519E-12  3.4676E-13  2.0692E-05
 5.0682E+25  4.3299E-05  9.9996E-01  7.0153E+03  8.1828E-05  1.0433E-12  3.4676E-13  2.0549E-05
 5.0775E+25  4.3138E-05  9.9996E-01  7.0153E+03  8.1828E-05  1.0459E-12  3.4676E-13  2.0406E-05
 5.0867E+25  4.3214E-05  9.9996E-01  7.0152E+03  8.1828E-05  1.0454E-12  3.4676E-13  2.0264E-05
 5.0960E+25  4.3576E-05  9.9996E-01  7.0152E+03  8.1828E-05  1.0367E-12  3.4676E-13  2.0121E-05
 5.1053E+25  4.3929E-05  9.9996E-01  7.0152E+03  8.1828E-05  1.0283E-12  3.4676E-13  1.9979E-05
 5.1145E+25  4.4287E-05  9.9996E-01  7.0152E+03  8.1828E-05  1.0199E-12  3.4676E-13  1.9838E-05
 5.1238E+25  4.3936E-05  9.9996E-01  7.0151E+03  8.1828E-05  1.0270E-12  3.4676E-13  1.9698E-05
 5.1330E+25  4.4204E-05  9.9996E-01  7.0151E+03  8.1828E-05  1.0220E-12  3.4676E-13  1.9559E-05
 5.1423E+25  4.4571E-05  9.9996E-01  7.0151E+03  8.1828E-05  1.0135E-12  3.4676E-13  1.9424E-05
 5.1515E+25  4.4928E-05  9.9996E-01  7.0151E+03  8.1828E-05  1.0054E-12  3.4676E-13  1.9296E-05
 5.1608E+25  4.5208E-05  9.9995E-01  7.0151E+03  8.1828E-05  9.9804E-13  3.4677E-13  1.9168E-05
 5.1701E+25  4.4846E-05  9.9996E-01  7.0150E+03  8.1828E-05  1.0073E-12  3.4677E-13  1.9042E-05
 5.1793E+25  4.5205E-05  9.9995E-01  7.0150E+03  8.1828E-05  9.9933E-13  3.4677E-13  1.8914E-05
 5.1886E+25  4.5577E-05  9.9995E-01  7.0150E+03  8.1828E-05  9.9117E-13  3.4677E-13  1.8786E-05
 5.1978E+25  4.5939E-05  9.9995E-01  7.0150E+03  8.1828E-05  9.8333E-13  3.4677E-13  1.8658E-05
 5.2071E+25  4.6076E-05  9.9995E-01  7.0150E+03  8.1828E-05  9.7925E-13  3.4677E-13  1.8531E-05
 5.2163E+25  4.5856E-05  9.9995E-01  7.0149E+03  8.1828E-05  9.8512E-13  3.4677E-13  1.8404E-05
 5.2256E+25  4.6219E-05  9.9995E-01  7.0149E+03  8.1828E-05  9.7743E-13  3.4677E-13  1.8277E-05
 5.2349E+25  4.6595E-05  9.9995E-01  7.0149E+03  8.1828E-05  9.6952E-13  3.4677E-13  1.8151E-05
 5.2441E+25  4.6963E-05  9.9995E-01  7.0149E+03  8.1828E-05  9.6190E-13  3.4677E-13  1.8027E-05
 5.2534E+25  4.6980E-05  9.9995E-01  7.0149E+03  8.1828E-05  9.6042E-13  3.4677E-13  1.7902E-05
 5.2626E+25  4.6879E-05  9.9995E-01  7.0148E+03  8.1828E-05  9.6363E-13  3.4677E-13  1.7780E-05
 5.2719E+25  4.7244E-05  9.9995E-01  7.0148E+03  8.1828E-05  9.5622E-13  3.4677E-13  1.7666E-05
 5.2811E+25  4.7626E-05  9.9995E-01  7.0148E+03  8.1828E-05  9.4856E-13  3.4678E-13  1.7552E-05
 5.2904E+25  4.8000E-05  9.9995E-01  7.0148E+03  8.1828E-05  9.4113E-13  3.4678E-13  1.7440E-05
 5.2997E+25  4.7921E-05  9.9995E-01  7.0148E+03  8.1828E-05  9.4158E-13  3.4678E-13  1.7326E-05
 5.3089E+25  4.7916E-05  9.9995E-01  7.0147E+03  8.1828E-05  9.4281E-13  3.4678E-13  1.7212E-05
 5.3182E+25  4.8283E-05  9.9995E-01  7.0147E+03  8.1828E-05  9.3565E-13  3.4678E-13  1.7098E-05
 5.3274E+25  4.8669E-05  9.9995E-01  7.0147E+03  8.1828E-05  9.2825E-13  3.4678E-13  1.6984E-05
 5.3367E+25  4.9049E-05  9.9995E-01  7.0147E+03  8.1828E-05  9.2100E-13  3.4678E-13  1.6871E-05
 5.3459E+25  4.8900E-05  9.9995E-01  7.0147E+03  8.1828E-05  9.2275E-13  3.4678E-13  1.6758E-05
 5.3552E+25  4.8965E-05  9.9995E-01  7.0146E+03  8.1828E-05  9.2263E-13  3.4678E-13  1.6645E-05
 5.3645E+25  4.9336E-05  9.9995E-01  7.0146E+03  8.1828E-05  9.1568E-13  3.4678E-13  1.6533E-05
 5.3737E+25  4.9725E-05  9.9995E-01  7.0146E+03  8.1828E-05  9.0855E-13  3.4678E-13  1.6422E-05
 5.3830E+25  5.0112E-05  9.9995E-01  7.0146E+03  8.1828E-05  9.0149E-13  3.4678E-13  1.6311E-05
 5.3922E+25  4.9918E-05  9.9995E-01  7.0146E+03  8.1828E-05  9.0392E-13  3.4678E-13  1.6208E-05
 5.4015E+25  5.0027E-05  9.9995E-01  7.0146E+03  8.1828E-05  9.0307E-13  3.4679E-13  1.6106E-05
 5.4107E+25  5.0405E-05  9.9995E-01  7.0145E+03  8.1828E-05  8.9627E-13  3.4679E-13  1.6005E-05
 5.4200E+25  5.0793E-05  9.9995E-01  7.0145E+03  8.1828E-05  8.8948E-13  3.4679E-13  1.5904E-05
 5.4292E+25  5.1187E-05  9.9995E-01  7.0145E+03  8.1828E-05  8.8258E-13  3.4679E-13  1.5802E-05
 5.4385E+25  5.0980E-05  9.9995E-01  7.0145E+03  8.1828E-05  8.8508E-13  3.4679E-13  1.5701E-05
 5.4478E+25  5.1102E-05  9.9995E-01  7.0145E+03  8.1828E-05  8.8408E-13  3.4679E-13  1.5599E-05
 5.4570E+25  5.1488E-05  9.9995E-01  7.0145E+03  8.1828E-05  8.7745E-13  3.4679E-13  1.5498E-05
 5.4663E+25  5.1874E-05  9.9995E-01  7.0144E+03  8.1828E-05  8.7095E-13  3.4679E-13  1.5398E-05
 5.4755E+25  5.2274E-05  9.9995E-01  7.0144E+03  8.1828E-05  8.6424E-13  3.4679E-13  1.5296E-05
 5.4848E+25  5.2086E-05  9.9995E-01  7.0144E+03  8.1828E-05  8.6630E-13  3.4679E-13  1.5195E-05
 5.4940E+25  5.2192E-05  9.9995E-01  7.0144E+03  8.1828E-05  8.6566E-13  3.4679E-13  1.5096E-05
 5.5033E+25  5.2585E-05  9.9995E-01  7.0144E+03  8.1828E-05  8.5916E-13  3.4679E-13  1.4997E-05
 5.5126E+25  5.2972E-05  9.9995E-01  7.0143E+03  8.1828E-05  8.5291E-13  3.4679E-13  1.4899E-05
 5.5218E+25  5.3376E-05  9.9995E-01  7.0143E+03  8.1828E-05  8.4643E-13  3.4679E-13  1.4807E-05
 5.5311E+25  5.3235E-05  9.9995E-01  7.0143E+03  8.1828E-05  8.4760E-13  3.4680E-13  1.4716E-05
 5.5403E+25  5.3293E-05  9.9995E-01  7.0143E+03  8.1828E-05  8.4780E-13  3.4680E-13  1.4627E-05
 5.5496E+25  5.3696E-05  9.9995E-01  7.0143E+03  8.1828E-05  8.4143E-13  3.4680E-13  1.4536E-05
 5.5588E+25  5.4089E-05  9.9995E-01  7.0143E+03  8.1828E-05  8.3529E-13  3.4680E-13  1.4446E-05
 5.5681E+25  5.4491E-05  9.9995E-01  7.0142E+03  8.1828E-05  8.2916E-13  3.4680E-13  1.4355E-05
 5.5774E+25  5.4424E-05  9.9995E-01  7.0142E+03  8.1828E-05  8.2910E-13  3.4680E-13  1.4265E-05
 5.5866E+25  5.4415E-05  9.9995E-01  7.0142E+03  8.1828E-05  8.3031E-13  3.4680E-13  1.4175E-05
 5.5959E+25  5.4821E-05  9.9995E-01  7.0142E+03  8.1828E-05  8.2419E-13  3.4680E-13  1.4085E-05
 5.6051E+25  5.5222E-05  9.9994E-01  7.0142E+03  8.1828E-05  8.1818E-13  3.4680E-13  1.3995E-05
 5.6144E+25  5.5620E-05  9.9994E-01  7.0142E+03  8.1828E-05  8.1233E-13  3.4680E-13  1.3905E-05
 5.6236E+25  5.5655E-05  9.9994E-01  7.0141E+03  8.1828E-05  8.1077E-13  3.4680E-13  1.3816E-05
 5.6329E+25  5.5557E-05  9.9994E-01  7.0141E+03  8.1828E-05  8.1327E-13  3.4680E-13  1.3727E-05
 5.6422E+25  5.5959E-05  9.9994E-01  7.0141E+03  8.1828E-05  8.0747E-13  3.4680E-13  1.3639E-05
 5.6514E+25  5.6371E-05  9.9994E-01  7.0141E+03  8.1828E-05  8.0155E-13  3.4680E-13  1.3556E-05
 5.6607E+25  5.6772E-05  9.9994E-01  7.0141E+03  8.1828E-05  7.9586E-13  3.4680E-13  1.3476E-05
 5.6699E+25  5.6930E-05  9.9994E-01  7.0141E+03  8.1828E-05  7.9263E-13  3.4681E-13  1.3395E-05
 5.6792E+25  5.6715E-05  9.9994E-01  7.0140E+03  8.1828E-05  7.9672E-13  3.4681E-13  1.3315E-05
 5.6884E+25  5.7114E-05  9.9994E-01  7.0140E+03  8.1828E-05  7.9115E-13  3.4681E-13  1.3235E-05
 5.6977E+25  5.7533E-05  9.9994E-01  7.0140E+03  8.1828E-05  7.8540E-13  3.4681E-13  1.3154E-05
 5.7070E+25  5.7944E-05  9.9994E-01  7.0140E+03  8.1828E-05  7.7979E-13  3.4681E-13  1.3073E-05
 5.7162E+25  5.8248E-05  9.9994E-01  7.0140E+03  8.1828E-05  7.7468E-13  3.4681E-13  1.2993E-05
 5.7255E+25  5.7884E-05  9.9994E-01  7.0140E+03  8.1828E-05  7.8068E-13  3.4681E-13  1.2913E-05
 5.7347E+25  5.8296E-05  9.9994E-01  7.0139E+03  8.1828E-05  7.7514E-13  3.4681E-13  1.2832E-05
 5.7440E+25  5.8710E-05  9.9994E-01  7.0139E+03  8.1828E-05  7.6972E-13  3.4681E-13  1.2752E-05
 5.7532E+25  5.9132E-05  9.9994E-01  7.0139E+03  8.1828E-05  7.6419E-13  3.4681E-13  1.2672E-05
 5.7625E+25  5.9526E-05  9.9994E-01  7.0139E+03  8.1828E-05  7.5887E-13  3.4681E-13  1.2593E-05
 5.7718E+25  5.9163E-05  9.9994E-01  7.0139E+03  8.1828E-05  7.6300E-13  3.4681E-13  1.2514E-05
 5.7810E+25  5.9495E-05  9.9994E-01  7.0139E+03  8.1828E-05  7.5959E-13  3.4681E-13  1.2437E-05
 5.7903E+25  5.9905E-05  9.9994E-01  7.0138E+03  8.1828E-05  7.5439E-13  3.4681E-13  1.2364E-05
 5.7995E+25  6.0334E-05  9.9994E-01  7.0138E+03  8.1828E-05  7.4902E-13  3.4681E-13  1.2292E-05
 5.8088E+25  6.0750E-05  9.9994E-01  7.0138E+03  8.1828E-05  7.4378E-13  3.4681E-13  1.2221E-05
 5.8180E+25  6.0564E-05  9.9994E-01  7.0138E+03  8.1828E-05  7.4518E-13  3.4682E-13  1.2150E-05
 5.8273E+25  6.0705E-05  9.9994E-01  7.0138E+03  8.1828E-05  7.4452E-13  3.4682E-13  1.2078E-05
 5.8366E+25  6.1130E-05  9.9994E-01  7.0138E+03  8.1828E-05  7.3931E-13  3.4682E-13  1.2006E-05
 5.8458E+25  6.1551E-05  9.9994E-01  7.0138E+03  8.1828E-05  7.3429E-13  3.4682E-13  1.1935E-05
 5.8551E+25  6.1982E-05  9.9994E-01  7.0137E+03  8.1828E-05  7.2911E-13  3.4682E-13  1.1863E-05
 5.8643E+25  6.2031E-05  9.9994E-01  7.0137E+03  8.1828E-05  7.2746E-13  3.4682E-13  1.1791E-05
 5.8736E+25  6.1931E-05  9.9994E-01  7.0137E+03  8.1828E-05  7.2986E-13  3.4682E-13  1.1719E-05
 5.8828E+25  6.2369E-05  9.9994E-01  7.0137E+03  8.1828E-05  7.2472E-13  3.4682E-13  1.1648E-05
 5.8921E+25  6.2793E-05  9.9994E-01  7.0137E+03  8.1828E-05  7.1980E-13  3.4682E-13  1.1577E-05
 5.9014E+25  6.3228E-05  9.9994E-01  7.0137E+03  8.1828E-05  7.1484E-13  3.4682E-13  1.1506E-05
 5.9106E+25  6.3548E-05  9.9994E-01  7.0136E+03  8.1828E-05  7.1009E-13  3.4682E-13  1.1435E-05
 5.9199E+25  6.3184E-05  9.9994E-01  7.0136E+03  8.1828E-05  7.1543E-13  3.4682E-13  1.1367E-05
 5.9291E+25  6.3623E-05  9.9994E-01  7.0136E+03  8.1828E-05  7.1053E-13  3.4682E-13  1.1303E-05
 5.9384E+25  6.4065E-05  9.9994E-01  7.0136E+03  8.1828E-05  7.0560E-13  3.4682E-13  1.1238E-05
 5.9476E+25  6.4489E-05  9.9994E-01  7.0136E+03  8.1828E-05  7.0095E-13  3.4682E-13  1.1175E-05
 5.9569E+25  6.4919E-05  9.9994E-01  7.0136E+03  8.1828E-05  6.9609E-13  3.4682E-13  1.1111E-05
 5.9662E+25  6.4657E-05  9.9994E-01  7.0136E+03  8.1828E-05  6.9820E-13  3.4683E-13  1.1047E-05
 5.9754E+25  6.4897E-05  9.9994E-01  7.0135E+03  8.1828E-05  6.9665E-13  3.4683E-13  1.0983E-05
 5.9847E+25  6.5346E-05  9.9993E-01  7.0135E+03  8.1828E-05  6.9189E-13  3.4683E-13  1.0919E-05
 5.9939E+25  6.5787E-05  9.9993E-01  7.0135E+03  8.1828E-05  6.8718E-13  3.4683E-13  1.0856E-05
 6.0032E+25  6.6218E-05  9.9993E-01  7.0135E+03  8.1828E-05  6.8267E-13  3.4683E-13  1.0792E-05
 6.0124E+25  6.6262E-05  9.9993E-01  7.0135E+03  8.1828E-05  6.8116E-13  3.4683E-13  1.0728E-05
 6.0217E+25  6.6206E-05  9.9993E-01  7.0135E+03  8.1828E-05  6.8296E-13  3.4683E-13  1.0664E-05
 6.0310E+25  6.6646E-05  9.9993E-01  7.0135E+03  8.1828E-05  6.7850E-13  3.4683E-13  1.0601E-05
 6.0402E+25  6.7102E-05  9.9993E-01  7.0134E+03  8.1828E-05  6.7388E-13  3.4683E-13  1.0537E-05
 6.0495E+25  6.7540E-05  9.9993E-01  7.0134E+03  8.1828E-05  6.6941E-13  3.4683E-13  1.0474E-05
 6.0587E+25  6.7908E-05  9.9993E-01  7.0134E+03  8.1828E-05  6.6499E-13  3.4683E-13  1.0412E-05
 6.0680E+25  6.7547E-05  9.9993E-01  7.0134E+03  8.1828E-05  6.6915E-13  3.4683E-13  1.0354E-05
 6.0772E+25  6.7981E-05  9.9993E-01  7.0134E+03  8.1828E-05  6.6526E-13  3.4683E-13  1.0296E-05
 6.0865E+25  6.8432E-05  9.9993E-01  7.0134E+03  8.1828E-05  6.6092E-13  3.4683E-13  1.0240E-05
 6.0958E+25  6.8890E-05  9.9993E-01  7.0133E+03  8.1828E-05  6.5647E-13  3.4683E-13  1.0183E-05
 6.1050E+25  6.9316E-05  9.9993E-01  7.0133E+03  8.1828E-05  6.5222E-13  3.4683E-13  1.0126E-05
 6.1143E+25  6.9196E-05  9.9993E-01  7.0133E+03  8.1828E-05  6.5254E-13  3.4683E-13  1.0069E-05
 6.1235E+25  6.9342E-05  9.9993E-01  7.0133E+03  8.1828E-05  6.5235E-13  3.4684E-13  1.0012E-05
 6.1328E+25  6.9794E-05  9.9993E-01  7.0133E+03  8.1828E-05  6.4813E-13  3.4684E-13  9.9553E-06
 6.1420E+25  7.0252E-05  9.9993E-01  7.0133E+03  8.1828E-05  6.4391E-13  3.4684E-13  9.8986E-06
 6.1513E+25  7.0709E-05  9.9993E-01  7.0133E+03  8.1828E-05  6.3963E-13  3.4684E-13  9.8416E-06
 6.1606E+25  7.0943E-05  9.9993E-01  7.0132E+03  8.1828E-05  6.3632E-13  3.4684E-13  9.7848E-06
 6.1698E+25  7.0727E-05  9.9993E-01  7.0132E+03  8.1828E-05  6.3975E-13  3.4684E-13  9.7281E-06
 6.1791E+25  7.1188E-05  9.9993E-01  7.0132E+03  8.1828E-05  6.3561E-13  3.4684E-13  9.6712E-06
 6.1883E+25  7.1645E-05  9.9993E-01  7.0132E+03  8.1828E-05  6.3154E-13  3.4684E-13  9.6152E-06
 6.1976E+25  7.2107E-05  9.9993E-01  7.0132E+03  8.1828E-05  6.2747E-13  3.4684E-13  9.5586E-06
 6.2068E+25  7.2543E-05  9.9993E-01  7.0132E+03  8.1828E-05  6.2334E-13  3.4684E-13  9.5037E-06
 6.2161E+25  7.2352E-05  9.9993E-01  7.0132E+03  8.1828E-05  6.2442E-13  3.4684E-13  9.4521E-06
 6.2254E+25  7.2606E-05  9.9993E-01  7.0131E+03  8.1828E-05  6.2338E-13  3.4684E-13  9.4007E-06
 6.2346E+25  7.3073E-05  9.9993E-01  7.0131E+03  8.1828E-05  6.1940E-13  3.4684E-13  9.3504E-06
 6.2439E+25  7.3534E-05  9.9993E-01  7.0131E+03  8.1828E-05  6.1548E-13  3.4684E-13  9.3004E-06
 6.2531E+25  7.3994E-05  9.9993E-01  7.0131E+03  8.1828E-05  6.1155E-13  3.4684E-13  9.2498E-06
 6.2624E+25  7.4208E-05  9.9993E-01  7.0131E+03  8.1828E-05  6.0851E-13  3.4684E-13  9.1992E-06
 6.2716E+25  7.4046E-05  9.9993E-01  7.0131E+03  8.1828E-05  6.1149E-13  3.4684E-13  9.1482E-06
 6.2809E+25  7.4527E-05  9.9993E-01  7.0131E+03  8.1828E-05  6.0753E-13  3.4685E-13  9.0976E-06
 6.2902E+25  7.4999E-05  9.9993E-01  7.0130E+03  8.1828E-05  6.0369E-13  3.4685E-13  9.0472E-06
 6.2994E+25  7.5462E-05  9.9992E-01  7.0130E+03  8.1828E-05  5.9992E-13  3.4685E-13  8.9965E-06
 6.3087E+25  7.5897E-05  9.9992E-01  7.0130E+03  8.1828E-05  5.9613E-13  3.4685E-13  8.9458E-06
 6.3179E+25  7.5749E-05  9.9992E-01  7.0130E+03  8.1828E-05  5.9669E-13  3.4685E-13  8.8950E-06
 6.3272E+25  7.6004E-05  9.9992E-01  7.0130E+03  8.1828E-05  5.9599E-13  3.4685E-13  8.8447E-06
 6.3364E+25  7.6490E-05  9.9992E-01  7.0130E+03  8.1828E-05  5.9217E-13  3.4685E-13  8.7946E-06
 6.3457E+25  7.6967E-05  9.9992E-01  7.0130E+03  8.1828E-05  5.8847E-13  3.4685E-13  8.7438E-06
 6.3550E+25  7.7425E-05  9.9992E-01  7.0129E+03  8.1828E-05  5.8483E-13  3.4685E-13  8.6943E-06
 6.3642E+25  7.7692E-05  9.9992E-01  7.0129E+03  8.1828E-05  5.8153E-13  3.4685E-13  8.6479E-06
 6.3735E+25  7.7526E-05  9.9992E-01  7.0129E+03  8.1828E-05  5.8448E-13  3.4685E-13  8.6019E-06
 6.3827E+25  7.8007E-05  9.9992E-01  7.0129E+03  8.1828E-05  5.8096E-13  3.4685E-13  8.5568E-06
 6.3920E+25  7.8498E-05  9.9992E-01  7.0129E+03  8.1828E-05  5.7727E-13  3.4685E-13  8.5126E-06
 6.4012E+25  7.8976E-05  9.9992E-01  7.0129E+03  8.1828E-05  5.7372E-13  3.4685E-13  8.4675E-06
 6.4105E+25  7.9413E-05  9.9992E-01  7.0128E+03  8.1828E-05  5.7019E-13  3.4685E-13  8.4225E-06
 6.4198E+25  7.9365E-05  9.9992E-01  7.0128E+03  8.1828E-05  5.6986E-13  3.4685E-13  8.3775E-06
 6.4290E+25  7.9570E-05  9.9992E-01  7.0128E+03  8.1828E-05  5.6978E-13  3.4685E-13  8.3324E-06
 6.4383E+25  8.0057E-05  9.9992E-01  7.0128E+03  8.1828E-05  5.6639E-13  3.4686E-13  8.2874E-06
 6.4475E+25  8.0552E-05  9.9992E-01  7.0128E+03  8.1828E-05  5.6283E-13  3.4686E-13  8.2422E-06
 6.4568E+25  8.1025E-05  9.9992E-01  7.0128E+03  8.1828E-05  5.5940E-13  3.4686E-13  8.1972E-06
 6.4660E+25  8.1383E-05  9.9992E-01  7.0128E+03  8.1828E-05  5.5599E-13  3.4686E-13  8.1520E-06
 6.4753E+25  8.1191E-05  9.9992E-01  7.0128E+03  8.1828E-05  5.5819E-13  3.4686E-13  8.1069E-06
 6.4846E+25  8.1664E-05  9.9992E-01  7.0127E+03  8.1828E-05  5.5552E-13  3.4686E-13  8.0620E-06
 6.4938E+25  8.2156E-05  9.9992E-01  7.0127E+03  8.1828E-05  5.5224E-13  3.4686E-13  8.0171E-06
 6.5031E+25  8.2653E-05  9.9992E-01  7.0127E+03  8.1828E-05  5.4881E-13  3.4686E-13  7.9723E-06
 6.5123E+25  8.3111E-05  9.9992E-01  7.0127E+03  8.1828E-05  5.4551E-13  3.4686E-13  7.9287E-06
 6.5216E+25  8.3219E-05  9.9992E-01  7.0127E+03  8.1828E-05  5.4374E-13  3.4686E-13  7.8875E-06
 6.5308E+25  8.3302E-05  9.9992E-01  7.0127E+03  8.1828E-05  5.4500E-13  3.4686E-13  7.8468E-06
 6.5401E+25  8.3811E-05  9.9992E-01  7.0126E+03  8.1828E-05  5.4168E-13  3.4686E-13  7.8067E-06
 6.5494E+25  8.4306E-05  9.9992E-01  7.0126E+03  8.1828E-05  5.3850E-13  3.4686E-13  7.7674E-06
 6.5586E+25  8.4801E-05  9.9992E-01  7.0126E+03  8.1828E-05  5.3521E-13  3.4686E-13  7.7273E-06
 6.5679E+25  8.5221E-05  9.9991E-01  7.0126E+03  8.1828E-05  5.3202E-13  3.4686E-13  7.6872E-06
 6.5771E+25  8.5144E-05  9.9991E-01  7.0126E+03  8.1828E-05  5.3232E-13  3.4686E-13  7.6472E-06
 6.5864E+25  8.5498E-05  9.9991E-01  7.0126E+03  8.1828E-05  5.3142E-13  3.4686E-13  7.6071E-06
 6.5956E+25  8.6011E-05  9.9991E-01  7.0126E+03  8.1828E-05  5.2823E-13  3.4687E-13  7.5671E-06
 6.6049E+25  8.6509E-05  9.9991E-01  7.0125E+03  8.1828E-05  5.2515E-13  3.4687E-13  7.5272E-06
 6.6142E+25  8.6996E-05  9.9991E-01  7.0125E+03  8.1828E-05  5.2200E-13  3.4687E-13  7.4870E-06
 6.6234E+25  8.7313E-05  9.9991E-01  7.0125E+03  8.1828E-05  5.1891E-13  3.4687E-13  7.4465E-06
 6.6327E+25  8.7242E-05  9.9991E-01  7.0125E+03  8.1828E-05  5.2094E-13  3.4687E-13  7.4065E-06
 6.6419E+25  8.7751E-05  9.9991E-01  7.0125E+03  8.1828E-05  5.1823E-13  3.4687E-13  7.3665E-06
 6.6512E+25  8.8269E-05  9.9991E-01  7.0125E+03  8.1828E-05  5.1517E-13  3.4687E-13  7.3264E-06
 6.6604E+25  8.8768E-05  9.9991E-01  7.0125E+03  8.1828E-05  5.1218E-13  3.4687E-13  7.2864E-06
 6.6697E+25  8.9235E-05  9.9991E-01  7.0124E+03  8.1828E-05  5.0916E-13  3.4687E-13  7.2470E-06
 6.6789E+25  8.9366E-05  9.9991E-01  7.0124E+03  8.1828E-05  5.0749E-13  3.4687E-13  7.2104E-06
 6.6882E+25  8.9546E-05  9.9991E-01  7.0124E+03  8.1828E-05  5.0832E-13  3.4687E-13  7.1740E-06
 6.6975E+25  9.0066E-05  9.9991E-01  7.0124E+03  8.1828E-05  5.0540E-13  3.4687E-13  7.1377E-06
 6.7067E+25  9.0586E-05  9.9991E-01  7.0124E+03  8.1828E-05  5.0248E-13  3.4687E-13  7.1030E-06
 6.7160E+25  9.1084E-05  9.9991E-01  7.0124E+03  8.1828E-05  4.9955E-13  3.4687E-13  7.0676E-06
 6.7252E+25  9.1514E-05  9.9991E-01  7.0123E+03  8.1828E-05  4.9669E-13  3.4687E-13  7.0318E-06
 6.7345E+25  9.1535E-05  9.9991E-01  7.0123E+03  8.1828E-05  4.9644E-13  3.4687E-13  6.9962E-06
 6.7437E+25  9.1918E-05  9.9991E-01  7.0123E+03  8.1828E-05  4.9578E-13  3.4687E-13  6.9606E-06
 6.7530E+25  9.2447E-05  9.9991E-01  7.0123E+03  8.1828E-05  4.9291E-13  3.4688E-13  6.9250E-06
 6.7623E+25  9.2966E-05  9.9991E-01  7.0123E+03  8.1828E-05  4.9012E-13  3.4688E-13  6.8894E-06
 6.7715E+25  9.3459E-05  9.9991E-01  7.0123E+03  8.1828E-05  4.8729E-13  3.4688E-13  6.8539E-06
 6.7808E+25  9.3822E-05  9.9991E-01  7.0123E+03  8.1828E-05  4.8455E-13  3.4688E-13  6.8180E-06
 6.7900E+25  9.3845E-05  9.9991E-01  7.0123E+03  8.1828E-05  4.8551E-13  3.4688E-13  6.7822E-06
 6.7993E+25  9.4357E-05  9.9991E-01  7.0122E+03  8.1828E-05  4.8356E-13  3.4688E-13  6.7466E-06
 6.8085E+25  9.4894E-05  9.9991E-01  7.0122E+03  8.1828E-05  4.8077E-13  3.4688E-13  6.7108E-06
 6.8178E+25  9.5412E-05  9.9990E-01  7.0122E+03  8.1828E-05  4.7809E-13  3.4688E-13  6.6752E-06
 6.8271E+25  9.5893E-05  9.9990E-01  7.0122E+03  8.1828E-05  4.7537E-13  3.4688E-13  6.6396E-06
 6.8363E+25  9.6144E-05  9.9990E-01  7.0122E+03  8.1828E-05  4.7309E-13  3.4688E-13  6.6053E-06
 6.8456E+25  9.6320E-05  9.9990E-01  7.0122E+03  8.1828E-05  4.7433E-13  3.4688E-13  6.5726E-06
 6.8548E+25  9.6868E-05  9.9990E-01  7.0121E+03  8.1828E-05  4.7165E-13  3.4688E-13  6.5402E-06
 6.8641E+25  9.7412E-05  9.9990E-01  7.0121E+03  8.1828E-05  4.6897E-13  3.4688E-13  6.5087E-06
 6.8733E+25  9.7928E-05  9.9990E-01  7.0121E+03  8.1828E-05  4.6637E-13  3.4688E-13  6.4775E-06
 6.8826E+25  9.8389E-05  9.9990E-01  7.0121E+03  8.1828E-05  4.6377E-13  3.4688E-13  6.4458E-06
 6.8919E+25  9.8555E-05  9.9990E-01  7.0121E+03  8.1828E-05  4.6252E-13  3.4688E-13  6.4143E-06
 6.9011E+25  9.8897E-05  9.9990E-01  7.0121E+03  8.1828E-05  4.6268E-13  3.4688E-13  6.3825E-06
 6.9104E+25  9.9455E-05  9.9990E-01  7.0120E+03  8.1828E-05  4.6006E-13  3.4689E-13  6.3509E-06
 6.9196E+25  1.0000E-04  9.9990E-01  7.0120E+03  8.1828E-05  4.5751E-13  3.4689E-13  6.3192E-06
 6.9289E+25  1.0052E-04  9.9990E-01  7.0120E+03  8.1828E-05  4.5495E-13  3.4689E-13  6.2876E-06
 6.9381E+25  1.0095E-04  9.9990E-01  7.0120E+03  8.1828E-05  4.5248E-13  3.4689E-13  6.2559E-06
 6.9474E+25  1.0109E-04  9.9990E-01  7.0120E+03  8.1828E-05  4.5208E-13  3.4689E-13  6.2240E-06
 6.9567E+25  1.0155E-04  9.9990E-01  7.0120E+03  8.1828E-05  4.5132E-13  3.4689E-13  6.1922E-06
 6.9659E+25  1.0212E-04  9.9990E-01  7.0120E+03  8.1828E-05  4.4879E-13  3.4689E-13  6.1605E-06
 6.9752E+25  1.0267E-04  9.9990E-01  7.0119E+03  8.1828E-05  4.4633E-13  3.4689E-13  6.1287E-06
 6.9844E+25  1.0318E-04  9.9990E-01  7.0119E+03  8.1828E-05  4.4385E-13  3.4689E-13  6.0970E-06
 6.9937E+25  1.0358E-04  9.9990E-01  7.0119E+03  8.1828E-05  4.4146E-13  3.4689E-13  6.0651E-06
 7.0029E+25  1.0375E-04  9.9990E-01  7.0119E+03  8.1828E-05  4.4178E-13  3.4689E-13  6.0342E-06
 7.0122E+25  1.0429E-04  9.9990E-01  7.0119E+03  8.1828E-05  4.4025E-13  3.4689E-13  6.0052E-06
 7.0215E+25  1.0487E-04  9.9990E-01  7.0119E+03  8.1828E-05  4.3783E-13  3.4689E-13  5.9761E-06
 7.0307E+25  1.0542E-04  9.9989E-01  7.0118E+03  8.1828E-05  4.3543E-13  3.4689E-13  5.9477E-06
 7.0400E+25  1.0593E-04  9.9989E-01  7.0118E+03  8.1828E-05  4.3305E-13  3.4689E-13  5.9201E-06
 7.0492E+25  1.0628E-04  9.9989E-01  7.0118E+03  8.1828E-05  4.3071E-13  3.4690E-13  5.8923E-06
 7.0585E+25  1.0654E-04  9.9989E-01  7.0118E+03  8.1828E-05  4.3162E-13  3.4690E-13  5.8642E-06
 7.0677E+25  1.0712E-04  9.9989E-01  7.0118E+03  8.1828E-05  4.2945E-13  3.4690E-13  5.8357E-06
 7.0770E+25  1.0770E-04  9.9989E-01  7.0118E+03  8.1828E-05  4.2714E-13  3.4690E-13  5.8078E-06
 7.0863E+25  1.0825E-04  9.9989E-01  7.0117E+03  8.1828E-05  4.2482E-13  3.4690E-13  5.7796E-06
 7.0955E+25  1.0875E-04  9.9989E-01  7.0117E+03  8.1828E-05  4.2253E-13  3.4690E-13  5.7514E-06
 7.1048E+25  1.0907E-04  9.9989E-01  7.0117E+03  8.1828E-05  4.2071E-13  3.4690E-13  5.7232E-06
 7.1140E+25  1.0944E-04  9.9989E-01  7.0117E+03  8.1828E-05  4.2114E-13  3.4690E-13  5.6951E-06
 7.1233E+25  1.1004E-04  9.9989E-01  7.0117E+03  8.1828E-05  4.1891E-13  3.4690E-13  5.6667E-06
 7.1325E+25  1.1062E-04  9.9989E-01  7.0117E+03  8.1828E-05  4.1672E-13  3.4690E-13  5.6384E-06
 7.1418E+25  1.1118E-04  9.9989E-01  7.0116E+03  8.1828E-05  4.1448E-13  3.4690E-13  5.6101E-06
 7.1511E+25  1.1167E-04  9.9989E-01  7.0116E+03  8.1828E-05  4.1227E-13  3.4690E-13  5.5819E-06
 7.1603E+25  1.1198E-04  9.9989E-01  7.0116E+03  8.1828E-05  4.1101E-13  3.4690E-13  5.5536E-06
 7.1696E+25  1.1245E-04  9.9989E-01  7.0116E+03  8.1828E-05  4.1079E-13  3.4690E-13  5.5254E-06
 7.1788E+25  1.1305E-04  9.9989E-01  7.0116E+03  8.1828E-05  4.0867E-13  3.4690E-13  5.4986E-06
 7.1881E+25  1.1363E-04  9.9989E-01  7.0116E+03  8.1828E-05  4.0654E-13  3.4691E-13  5.4726E-06
 7.1973E+25  1.1419E-04  9.9989E-01  7.0115E+03  8.1828E-05  4.0440E-13  3.4691E-13  5.4468E-06
 7.2066E+25  1.1468E-04  9.9989E-01  7.0115E+03  8.1828E-05  4.0227E-13  3.4691E-13  5.4219E-06
 7.2159E+25  1.1501E-04  9.9988E-01  7.0115E+03  8.1828E-05  4.0146E-13  3.4691E-13  5.3973E-06
 7.2251E+25  1.1555E-04  9.9988E-01  7.0115E+03  8.1828E-05  4.0071E-13  3.4691E-13  5.3724E-06
 7.2344E+25  1.1616E-04  9.9988E-01  7.0115E+03  8.1828E-05  3.9866E-13  3.4691E-13  5.3474E-06
 7.2436E+25  1.1675E-04  9.9988E-01  7.0115E+03  8.1828E-05  3.9660E-13  3.4691E-13  5.3225E-06
 7.2529E+25  1.1731E-04  9.9988E-01  7.0114E+03  8.1828E-05  3.9458E-13  3.4691E-13  5.2975E-06
 7.2621E+25  1.1780E-04  9.9988E-01  7.0114E+03  8.1828E-05  3.9251E-13  3.4691E-13  5.2722E-06
 7.2714E+25  1.1816E-04  9.9988E-01  7.0114E+03  8.1828E-05  3.9208E-13  3.4691E-13  5.2474E-06
 7.2807E+25  1.1875E-04  9.9988E-01  7.0114E+03  8.1828E-05  3.9089E-13  3.4691E-13  5.2224E-06
 7.2899E+25  1.1937E-04  9.9988E-01  7.0114E+03  8.1828E-05  3.8889E-13  3.4691E-13  5.1972E-06
 7.2992E+25  1.1996E-04  9.9988E-01  7.0114E+03  8.1828E-05  3.8693E-13  3.4691E-13  5.1719E-06
 7.3084E+25  1.2053E-04  9.9988E-01  7.0113E+03  8.1828E-05  3.8497E-13  3.4691E-13  5.1468E-06
 7.3177E+25  1.2101E-04  9.9988E-01  7.0113E+03  8.1828E-05  3.8301E-13  3.4691E-13  5.1217E-06
 7.3269E+25  1.2143E-04  9.9988E-01  7.0113E+03  8.1828E-05  3.8287E-13  3.4692E-13  5.0965E-06
 7.3362E+25  1.2206E-04  9.9988E-01  7.0113E+03  8.1828E-05  3.8132E-13  3.4692E-13  5.0713E-06
 7.3455E+25  1.2268E-04  9.9988E-01  7.0113E+03  8.1828E-05  3.7938E-13  3.4692E-13  5.0461E-06
 7.3547E+25  1.2329E-04  9.9988E-01  7.0112E+03  8.1828E-05  3.7748E-13  3.4692E-13  5.0220E-06
 7.3640E+25  1.2386E-04  9.9988E-01  7.0112E+03  8.1828E-05  3.7560E-13  3.4692E-13  4.9989E-06
 7.3732E+25  1.2434E-04  9.9988E-01  7.0112E+03  8.1828E-05  3.7373E-13  3.4692E-13  4.9758E-06
 7.3825E+25  1.2482E-04  9.9988E-01  7.0112E+03  8.1828E-05  3.7380E-13  3.4692E-13  4.9532E-06
 7.3917E+25  1.2547E-04  9.9987E-01  7.0112E+03  8.1828E-05  3.7201E-13  3.4692E-13  4.9315E-06
 7.4010E+25  1.2611E-04  9.9987E-01  7.0112E+03  8.1828E-05  3.7011E-13  3.4692E-13  4.9096E-06
 7.4103E+25  1.2672E-04  9.9987E-01  7.0111E+03  8.1828E-05  3.6826E-13  3.4692E-13  4.8874E-06
 7.4195E+25  1.2730E-04  9.9987E-01  7.0111E+03  8.1828E-05  3.6646E-13  3.4692E-13  4.8651E-06
 7.4288E+25  1.2779E-04  9.9987E-01  7.0111E+03  8.1828E-05  3.6484E-13  3.4692E-13  4.8428E-06
 7.4380E+25  1.2833E-04  9.9987E-01  7.0111E+03  8.1828E-05  3.6473E-13  3.4692E-13  4.8207E-06
 7.4473E+25  1.2899E-04  9.9987E-01  7.0111E+03  8.1828E-05  3.6291E-13  3.4692E-13  4.7986E-06
 7.4565E+25  1.2964E-04  9.9987E-01  7.0110E+03  8.1828E-05  3.6108E-13  3.4693E-13  4.7762E-06
 7.4658E+25  1.3027E-04  9.9987E-01  7.0110E+03  8.1828E-05  3.5928E-13  3.4693E-13  4.7539E-06
 7.4751E+25  1.3085E-04  9.9987E-01  7.0110E+03  8.1828E-05  3.5753E-13  3.4693E-13  4.7316E-06
 7.4843E+25  1.3136E-04  9.9987E-01  7.0110E+03  8.1828E-05  3.5621E-13  3.4693E-13  4.7091E-06
 7.4936E+25  1.3195E-04  9.9987E-01  7.0110E+03  8.1828E-05  3.5578E-13  3.4693E-13  4.6867E-06
 7.5028E+25  1.3263E-04  9.9987E-01  7.0110E+03  8.1828E-05  3.5403E-13  3.4693E-13  4.6644E-06
 7.5121E+25  1.3329E-04  9.9987E-01  7.0109E+03  8.1828E-05  3.5229E-13  3.4693E-13  4.6419E-06
 7.5213E+25  1.3393E-04  9.9987E-01  7.0109E+03  8.1828E-05  3.5053E-13  3.4693E-13  4.6195E-06
 7.5306E+25  1.3452E-04  9.9987E-01  7.0109E+03  8.1828E-05  3.4883E-13  3.4693E-13  4.5971E-06
 7.5399E+25  1.3505E-04  9.9986E-01  7.0109E+03  8.1828E-05  3.4774E-13  3.4693E-13  4.5760E-06
 7.5491E+25  1.3569E-04  9.9986E-01  7.0109E+03  8.1828E-05  3.4705E-13  3.4693E-13  4.5555E-06
 7.5584E+25  1.3637E-04  9.9986E-01  7.0108E+03  8.1828E-05  3.4537E-13  3.4693E-13  4.5349E-06
 7.5676E+25  1.3704E-04  9.9986E-01  7.0108E+03  8.1828E-05  3.4370E-13  3.4693E-13  4.5152E-06
 7.5769E+25  1.3770E-04  9.9986E-01  7.0108E+03  8.1828E-05  3.4201E-13  3.4694E-13  4.4960E-06
 7.5861E+25  1.3831E-04  9.9986E-01  7.0108E+03  8.1828E-05  3.4034E-13  3.4694E-13  4.4763E-06
 7.5954E+25  1.3887E-04  9.9986E-01  7.0108E+03  8.1828E-05  3.3944E-13  3.4694E-13  4.4566E-06
 7.6047E+25  1.3954E-04  9.9986E-01  7.0107E+03  8.1828E-05  3.3851E-13  3.4694E-13  4.4369E-06
 7.6139E+25  1.4023E-04  9.9986E-01  7.0107E+03  8.1828E-05  3.3691E-13  3.4694E-13  4.4172E-06
 7.6232E+25  1.4092E-04  9.9986E-01  7.0107E+03  8.1828E-05  3.3531E-13  3.4694E-13  4.3974E-06
 7.6324E+25  1.4158E-04  9.9986E-01  7.0107E+03  8.1828E-05  3.3371E-13  3.4694E-13  4.3776E-06
 7.6417E+25  1.4222E-04  9.9986E-01  7.0107E+03  8.1828E-05  3.3210E-13  3.4694E-13  4.3579E-06
 7.6509E+25  1.4281E-04  9.9986E-01  7.0106E+03  8.1828E-05  3.3128E-13  3.4694E-13  4.3383E-06
 7.6602E+25  1.4351E-04  9.9986E-01  7.0106E+03  8.1828E-05  3.3019E-13  3.4694E-13  4.3182E-06
 7.6695E+25  1.4421E-04  9.9986E-01  7.0106E+03  8.1828E-05  3.2867E-13  3.4694E-13  4.2982E-06
 7.6787E+25  1.4491E-04  9.9986E-01  7.0106E+03  8.1828E-05  3.2713E-13  3.4694E-13  4.2784E-06
 7.6880E+25  1.4559E-04  9.9985E-01  7.0106E+03  8.1828E-05  3.2560E-13  3.4695E-13  4.2585E-06
 7.6972E+25  1.4624E-04  9.9985E-01  7.0105E+03  8.1828E-05  3.2405E-13  3.4695E-13  4.2385E-06
 7.7065E+25  1.4688E-04  9.9985E-01  7.0105E+03  8.1828E-05  3.2333E-13  3.4695E-13  4.2186E-06
 7.7157E+25  1.4759E-04  9.9985E-01  7.0105E+03  8.1828E-05  3.2207E-13  3.4695E-13  4.1985E-06
 7.7250E+25  1.4831E-04  9.9985E-01  7.0105E+03  8.1828E-05  3.2061E-13  3.4695E-13  4.1795E-06
 7.7343E+25  1.4902E-04  9.9985E-01  7.0105E+03  8.1828E-05  3.1915E-13  3.4695E-13  4.1611E-06
 7.7435E+25  1.4971E-04  9.9985E-01  7.0104E+03  8.1828E-05  3.1767E-13  3.4695E-13  4.1427E-06
 7.7528E+25  1.5038E-04  9.9985E-01  7.0104E+03  8.1828E-05  3.1622E-13  3.4695E-13  4.1247E-06
 7.7620E+25  1.5106E-04  9.9985E-01  7.0104E+03  8.1828E-05  3.1555E-13  3.4695E-13  4.1076E-06
 7.7713E+25  1.5179E-04  9.9985E-01  7.0104E+03  8.1828E-05  3.1418E-13  3.4695E-13  4.0905E-06
 7.7805E+25  1.5252E-04  9.9985E-01  7.0104E+03  8.1828E-05  3.1275E-13  3.4695E-13  4.0730E-06
 7.7898E+25  1.5324E-04  9.9985E-01  7.0103E+03  8.1828E-05  3.1135E-13  3.4695E-13  4.0555E-06
 7.7991E+25  1.5395E-04  9.9985E-01  7.0103E+03  8.1828E-05  3.0996E-13  3.4696E-13  4.0379E-06
 7.8083E+25  1.5464E-04  9.9985E-01  7.0103E+03  8.1828E-05  3.0857E-13  3.4696E-13  4.0204E-06
 7.8176E+25  1.5535E-04  9.9984E-01  7.0103E+03  8.1828E-05  3.0793E-13  3.4696E-13  4.0030E-06
 7.8268E+25  1.5610E-04  9.9984E-01  7.0102E+03  8.1828E-05  3.0650E-13  3.4696E-13  3.9854E-06
 7.8361E+25  1.5684E-04  9.9984E-01  7.0102E+03  8.1828E-05  3.0510E-13  3.4696E-13  3.9678E-06
 7.8453E+25  1.5758E-04  9.9984E-01  7.0102E+03  8.1828E-05  3.0375E-13  3.4696E-13  3.9502E-06
 7.8546E+25  1.5830E-04  9.9984E-01  7.0102E+03  8.1828E-05  3.0241E-13  3.4696E-13  3.9326E-06
 7.8638E+25  1.5901E-04  9.9984E-01  7.0102E+03  8.1828E-05  3.0117E-13  3.4696E-13  3.9149E-06
 7.8731E+25  1.5975E-04  9.9984E-01  7.0101E+03  8.1828E-05  3.0040E-13  3.4696E-13  3.8970E-06
 7.8824E+25  1.6052E-04  9.9984E-01  7.0101E+03  8.1828E-05  2.9903E-13  3.4696E-13  3.8794E-06
 7.8916E+25  1.6128E-04  9.9984E-01  7.0101E+03  8.1828E-05  2.9767E-13  3.4696E-13  3.8616E-06
 7.9009E+25  1.6203E-04  9.9984E-01  7.0101E+03  8.1828E-05  2.9635E-13  3.4696E-13  3.8439E-06
 7.9101E+25  1.6277E-04  9.9984E-01  7.0101E+03  8.1828E-05  2.9507E-13  3.4697E-13  3.8260E-06
 7.9194E+25  1.6350E-04  9.9984E-01  7.0100E+03  8.1828E-05  2.9393E-13  3.4697E-13  3.8093E-06
 7.9286E+25  1.6426E-04  9.9984E-01  7.0100E+03  8.1828E-05  2.9302E-13  3.4697E-13  3.7928E-06
 7.9379E+25  1.6504E-04  9.9983E-01  7.0100E+03  8.1828E-05  2.9176E-13  3.4697E-13  3.7765E-06
 7.9472E+25  1.6581E-04  9.9983E-01  7.0100E+03  8.1828E-05  2.9044E-13  3.4697E-13  3.7606E-06
 7.9564E+25  1.6658E-04  9.9983E-01  7.0099E+03  8.1828E-05  2.8915E-13  3.4697E-13  3.7454E-06
 7.9657E+25  1.6734E-04  9.9983E-01  7.0099E+03  8.1828E-05  2.8790E-13  3.4697E-13  3.7302E-06
 7.9749E+25  1.6809E-04  9.9983E-01  7.0099E+03  8.1828E-05  2.8684E-13  3.4697E-13  3.7146E-06
 7.9842E+25  1.6887E-04  9.9983E-01  7.0099E+03  8.1828E-05  2.8587E-13  3.4697E-13  3.6991E-06
 7.9934E+25  1.6966E-04  9.9983E-01  7.0098E+03  8.1828E-05  2.8463E-13  3.4697E-13  3.6836E-06
 8.0027E+25  1.7045E-04  9.9983E-01  7.0098E+03  8.1828E-05  2.8341E-13  3.4697E-13  3.6681E-06
 8.0120E+25  1.7124E-04  9.9983E-01  7.0098E+03  8.1828E-05  2.8215E-13  3.4698E-13  3.6525E-06
 8.0212E+25  1.7202E-04  9.9983E-01  7.0098E+03  8.1828E-05  2.8094E-13  3.4698E-13  3.6369E-06
 8.0305E+25  1.7279E-04  9.9983E-01  7.0098E+03  8.1828E-05  2.7991E-13  3.4698E-13  3.6214E-06
 8.0397E+25  1.7358E-04  9.9983E-01  7.0097E+03  8.1828E-05  2.7888E-13  3.4698E-13  3.6059E-06
 8.0490E+25  1.7438E-04  9.9983E-01  7.0097E+03  8.1828E-05  2.7772E-13  3.4698E-13  3.5900E-06
 8.0582E+25  1.7519E-04  9.9982E-01  7.0097E+03  8.1828E-05  2.7655E-13  3.4698E-13  3.5742E-06
 8.0675E+25  1.7599E-04  9.9982E-01  7.0097E+03  8.1828E-05  2.7537E-13  3.4698E-13  3.5585E-06
 8.0768E+25  1.7679E-04  9.9982E-01  7.0096E+03  8.1828E-05  2.7417E-13  3.4698E-13  3.5429E-06
 8.0860E+25  1.7758E-04  9.9982E-01  7.0096E+03  8.1828E-05  2.7314E-13  3.4698E-13  3.5270E-06
 8.0953E+25  1.7839E-04  9.9982E-01  7.0096E+03  8.1828E-05  2.7209E-13  3.4698E-13  3.5112E-06
 8.1045E+25  1.7920E-04  9.9982E-01  7.0096E+03  8.1828E-05  2.7096E-13  3.4698E-13  3.4954E-06
 8.1138E+25  1.8001E-04  9.9982E-01  7.0095E+03  8.1828E-05  2.6986E-13  3.4699E-13  3.4800E-06
 8.1230E+25  1.8083E-04  9.9982E-01  7.0095E+03  8.1828E-05  2.6875E-13  3.4699E-13  3.4652E-06
 8.1323E+25  1.8164E-04  9.9982E-01  7.0095E+03  8.1828E-05  2.6761E-13  3.4699E-13  3.4507E-06
 8.1416E+25  1.8246E-04  9.9982E-01  7.0095E+03  8.1828E-05  2.6654E-13  3.4699E-13  3.4361E-06
 8.1508E+25  1.8328E-04  9.9982E-01  7.0095E+03  8.1828E-05  2.6548E-13  3.4699E-13  3.4225E-06
 8.1601E+25  1.8410E-04  9.9982E-01  7.0094E+03  8.1828E-05  2.6441E-13  3.4699E-13  3.4090E-06
 8.1693E+25  1.8492E-04  9.9982E-01  7.0094E+03  8.1828E-05  2.6334E-13  3.4699E-13  3.3954E-06
 8.1786E+25  1.8575E-04  9.9981E-01  7.0094E+03  8.1828E-05  2.6229E-13  3.4699E-13  3.3816E-06
 8.1878E+25  1.8658E-04  9.9981E-01  7.0094E+03  8.1828E-05  2.6123E-13  3.4699E-13  3.3678E-06
 8.1971E+25  1.8741E-04  9.9981E-01  7.0093E+03  8.1828E-05  2.6014E-13  3.4699E-13  3.3541E-06
 8.2064E+25  1.8824E-04  9.9981E-01  7.0093E+03  8.1828E-05  2.5906E-13  3.4700E-13  3.3403E-06
 8.2156E+25  1.8908E-04  9.9981E-01  7.0093E+03  8.1828E-05  2.5804E-13  3.4700E-13  3.3265E-06
 8.2249E+25  1.8991E-04  9.9981E-01  7.0093E+03  8.1828E-05  2.5701E-13  3.4700E-13  3.3127E-06
 8.2341E+25  1.9075E-04  9.9981E-01  7.0092E+03  8.1828E-05  2.5599E-13  3.4700E-13  3.2989E-06
 8.2434E+25  1.9159E-04  9.9981E-01  7.0092E+03  8.1828E-05  2.5500E-13  3.4700E-13  3.2850E-06
 8.2526E+25  1.9244E-04  9.9981E-01  7.0092E+03  8.1828E-05  2.5390E-13  3.4700E-13  3.2710E-06
 8.2619E+25  1.9329E-04  9.9981E-01  7.0092E+03  8.1828E-05  2.5286E-13  3.4700E-13  3.2571E-06
 8.2712E+25  1.9412E-04  9.9981E-01  7.0091E+03  8.1828E-05  2.5183E-13  3.4700E-13  3.2429E-06
 8.2804E+25  1.9497E-04  9.9981E-01  7.0091E+03  8.1828E-05  2.5087E-13  3.4700E-13  3.2289E-06
 8.2897E+25  1.9582E-04  9.9980E-01  7.0091E+03  8.1828E-05  2.4988E-13  3.4700E-13  3.2150E-06
 8.2989E+25  1.9667E-04  9.9980E-01  7.0091E+03  8.1828E-05  2.4892E-13  3.4700E-13  3.2010E-06
 8.3082E+25  1.9753E-04  9.9980E-01  7.0090E+03  8.1828E-05  2.4781E-13  3.4701E-13  3.1869E-06
 8.3174E+25  1.9837E-04  9.9980E-01  7.0090E+03  8.1828E-05  2.4683E-13  3.4701E-13  3.1730E-06
 8.3267E+25  1.9923E-04  9.9980E-01  7.0090E+03  8.1828E-05  2.4585E-13  3.4701E-13  3.1600E-06
 8.3360E+25  2.0008E-04  9.9980E-01  7.0090E+03  8.1828E-05  2.4489E-13  3.4701E-13  3.1470E-06
 8.3452E+25  2.0094E-04  9.9980E-01  7.0089E+03  8.1828E-05  2.4397E-13  3.4701E-13  3.1339E-06
 8.3545E+25  2.0181E-04  9.9980E-01  7.0089E+03  8.1828E-05  2.4301E-13  3.4701E-13  3.1218E-06
 8.3637E+25  2.0267E-04  9.9980E-01  7.0089E+03  8.1828E-05  2.4188E-13  3.4701E-13  3.1098E-06
 8.3730E+25  2.0352E-04  9.9980E-01  7.0089E+03  8.1828E-05  2.4098E-13  3.4701E-13  3.0978E-06
 8.3822E+25  2.0438E-04  9.9980E-01  7.0088E+03  8.1828E-05  2.4005E-13  3.4701E-13  3.0856E-06
 8.3915E+25  2.0525E-04  9.9979E-01  7.0088E+03  8.1828E-05  2.3911E-13  3.4701E-13  3.0734E-06
 8.4008E+25  2.0611E-04  9.9979E-01  7.0088E+03  8.1828E-05  2.3820E-13  3.4702E-13  3.0611E-06
 8.4100E+25  2.0699E-04  9.9979E-01  7.0088E+03  8.1828E-05  2.3729E-13  3.4702E-13  3.0489E-06
 8.4193E+25  2.0786E-04  9.9979E-01  7.0087E+03  8.1828E-05  2.3612E-13  3.4702E-13  3.0367E-06
 8.4285E+25  2.0871E-04  9.9979E-01  7.0087E+03  8.1828E-05  2.3526E-13  3.4702E-13  3.0245E-06
 8.4378E+25  2.0958E-04  9.9979E-01  7.0087E+03  8.1828E-05  2.3442E-13  3.4702E-13  3.0122E-06
 8.4470E+25  2.1045E-04  9.9979E-01  7.0087E+03  8.1828E-05  2.3353E-13  3.4702E-13  3.0000E-06
 8.4563E+25  2.1132E-04  9.9979E-01  7.0086E+03  8.1828E-05  2.3264E-13  3.4702E-13  2.9876E-06
 8.4656E+25  2.1221E-04  9.9979E-01  7.0086E+03  8.1828E-05  2.3171E-13  3.4702E-13  2.9751E-06
 8.4748E+25  2.1308E-04  9.9979E-01  7.0086E+03  8.1828E-05  2.3057E-13  3.4702E-13  2.9627E-06
 8.4841E+25  2.1394E-04  9.9979E-01  7.0086E+03  8.1828E-05  2.2973E-13  3.4702E-13  2.9503E-06
 8.4933E+25  2.1480E-04  9.9979E-01  7.0085E+03  8.1828E-05  2.2891E-13  3.4703E-13  2.9378E-06
 8.5026E+25  2.1567E-04  9.9978E-01  7.0085E+03  8.1828E-05  2.2811E-13  3.4703E-13  2.9252E-06
 8.5118E+25  2.1656E-04  9.9978E-01  7.0085E+03  8.1828E-05  2.2726E-13  3.4703E-13  2.9127E-06
 8.5211E+25  2.1745E-04  9.9978E-01  7.0085E+03  8.1828E-05  2.2633E-13  3.4703E-13  2.9003E-06
 8.5304E+25  2.1832E-04  9.9978E-01  7.0084E+03  8.1828E-05  2.2517E-13  3.4703E-13  2.8884E-06
 8.5396E+25  2.1918E-04  9.9978E-01  7.0084E+03  8.1828E-05  2.2439E-13  3.4703E-13  2.8767E-06
 8.5489E+25  2.2005E-04  9.9978E-01  7.0084E+03  8.1828E-05  2.2359E-13  3.4703E-13  2.8651E-06
 8.5581E+25  2.2092E-04  9.9978E-01  7.0084E+03  8.1828E-05  2.2281E-13  3.4703E-13  2.8536E-06
 8.5674E+25  2.2181E-04  9.9978E-01  7.0083E+03  8.1828E-05  2.2205E-13  3.4703E-13  2.8429E-06
 8.5766E+25  2.2271E-04  9.9978E-01  7.0083E+03  8.1828E-05  2.2115E-13  3.4704E-13  2.8323E-06
 8.5859E+25  2.2358E-04  9.9978E-01  7.0083E+03  8.1828E-05  2.1996E-13  3.4704E-13  2.8216E-06
 8.5952E+25  2.2443E-04  9.9978E-01  7.0083E+03  8.1828E-05  2.1920E-13  3.4704E-13  2.8108E-06
 8.6044E+25  2.2530E-04  9.9977E-01  7.0082E+03  8.1828E-05  2.1845E-13  3.4704E-13  2.8000E-06
 8.6137E+25  2.2617E-04  9.9977E-01  7.0082E+03  8.1828E-05  2.1769E-13  3.4704E-13  2.7891E-06
 8.6229E+25  2.2706E-04  9.9977E-01  7.0082E+03  8.1828E-05  2.1696E-13  3.4704E-13  2.7783E-06
 8.6322E+25  2.2796E-04  9.9977E-01  7.0081E+03  8.1828E-05  2.1614E-13  3.4704E-13  2.7675E-06
 8.6414E+25  2.2883E-04  9.9977E-01  7.0081E+03  8.1828E-05  2.1494E-13  3.4704E-13  2.7566E-06
 8.6507E+25  2.2969E-04  9.9977E-01  7.0081E+03  8.1828E-05  2.1418E-13  3.4704E-13  2.7457E-06
 8.6600E+25  2.3056E-04  9.9977E-01  7.0081E+03  8.1828E-05  2.1347E-13  3.4704E-13  2.7348E-06
 8.6692E+25  2.3143E-04  9.9977E-01  7.0080E+03  8.1828E-05  2.1276E-13  3.4705E-13  2.7238E-06
 8.6785E+25  2.3231E-04  9.9977E-01  7.0080E+03  8.1828E-05  2.1204E-13  3.4705E-13  2.7128E-06
 8.6877E+25  2.3321E-04  9.9977E-01  7.0080E+03  8.1828E-05  2.1127E-13  3.4705E-13  2.7018E-06
 8.6970E+25  2.3408E-04  9.9977E-01  7.0080E+03  8.1828E-05  2.1007E-13  3.4705E-13  2.6907E-06
 8.7062E+25  2.3494E-04  9.9977E-01  7.0079E+03  8.1828E-05  2.0937E-13  3.4705E-13  2.6796E-06
 8.7155E+25  2.3580E-04  9.9976E-01  7.0079E+03  8.1828E-05  2.0865E-13  3.4705E-13  2.6686E-06
 8.7248E+25  2.3667E-04  9.9976E-01  7.0079E+03  8.1828E-05  2.0798E-13  3.4705E-13  2.6575E-06
 8.7340E+25  2.3754E-04  9.9976E-01  7.0079E+03  8.1828E-05  2.0731E-13  3.4705E-13  2.6463E-06
 8.7433E+25  2.3844E-04  9.9976E-01  7.0078E+03  8.1828E-05  2.0660E-13  3.4705E-13  2.6354E-06
 8.7525E+25  2.3931E-04  9.9976E-01  7.0078E+03  8.1828E-05  2.0533E-13  3.4706E-13  2.6251E-06
 8.7618E+25  2.4016E-04  9.9976E-01  7.0078E+03  8.1828E-05  2.0469E-13  3.4706E-13  2.6148E-06
 8.7710E+25  2.4102E-04  9.9976E-01  7.0078E+03  8.1828E-05  2.0403E-13  3.4706E-13  2.6044E-06
 8.7803E+25  2.4188E-04  9.9976E-01  7.0077E+03  8.1828E-05  2.0336E-13  3.4706E-13  2.5946E-06
 8.7896E+25  2.4275E-04  9.9976E-01  7.0077E+03  8.1828E-05  2.0271E-13  3.4706E-13  2.5853E-06
 8.7988E+25  2.4364E-04  9.9976E-01  7.0077E+03  8.1828E-05  2.0208E-13  3.4706E-13  2.5759E-06
 8.8081E+25  2.4451E-04  9.9976E-01  7.0076E+03  8.1828E-05  2.0081E-13  3.4706E-13  2.5662E-06
 8.8173E+25  2.4535E-04  9.9975E-01  7.0076E+03  8.1828E-05  2.0015E-13  3.4706E-13  2.5567E-06
 8.8266E+25  2.4620E-04  9.9975E-01  7.0076E+03  8.1828E-05  1.9954E-13  3.4706E-13  2.5471E-06
 8.8358E+25  2.4706E-04  9.9975E-01  7.0076E+03  8.1828E-05  1.9893E-13  3.4706E-13  2.5375E-06
 8.8451E+25  2.4792E-04  9.9975E-01  7.0075E+03  8.1828E-05  1.9829E-13  3.4707E-13  2.5279E-06
 8.8544E+25  2.4880E-04  9.9975E-01  7.0075E+03  8.1828E-05  1.9768E-13  3.4707E-13  2.5183E-06
 8.8636E+25  2.4967E-04  9.9975E-01  7.0075E+03  8.1828E-05  1.9653E-13  3.4707E-13  2.5086E-06
 8.8729E+25  2.5051E-04  9.9975E-01  7.0075E+03  8.1828E-05  1.9577E-13  3.4707E-13  2.4990E-06
 8.8821E+25  2.5134E-04  9.9975E-01  7.0074E+03  8.1828E-05  1.9519E-13  3.4707E-13  2.4893E-06
 8.8914E+25  2.5219E-04  9.9975E-01  7.0074E+03  8.1828E-05  1.9461E-13  3.4707E-13  2.4795E-06
 8.9006E+25  2.5304E-04  9.9975E-01  7.0074E+03  8.1828E-05  1.9404E-13  3.4707E-13  2.4697E-06
 8.9099E+25  2.5392E-04  9.9975E-01  7.0074E+03  8.1828E-05  1.9344E-13  3.4707E-13  2.4599E-06
 8.9192E+25  2.5478E-04  9.9975E-01  7.0073E+03  8.1828E-05  1.9242E-13  3.4707E-13  2.4501E-06
 8.9284E+25  2.5562E-04  9.9974E-01  7.0073E+03  8.1828E-05  1.9158E-13  3.4708E-13  2.4403E-06
 8.9377E+25  2.5644E-04  9.9974E-01  7.0073E+03  8.1828E-05  1.9100E-13  3.4708E-13  2.4304E-06
 8.9469E+25  2.5727E-04  9.9974E-01  7.0073E+03  8.1828E-05  1.9045E-13  3.4708E-13  2.4206E-06
 8.9562E+25  2.5811E-04  9.9974E-01  7.0072E+03  8.1828E-05  1.8989E-13  3.4708E-13  2.4107E-06
 8.9654E+25  2.5897E-04  9.9974E-01  7.0072E+03  8.1828E-05  1.8936E-13  3.4708E-13  2.4011E-06
 8.9747E+25  2.5984E-04  9.9974E-01  7.0072E+03  8.1828E-05  1.8853E-13  3.4708E-13  2.3918E-06
 8.9840E+25  2.6066E-04  9.9974E-01  7.0071E+03  8.1828E-05  1.8750E-13  3.4708E-13  2.3825E-06
 8.9932E+25  2.6147E-04  9.9974E-01  7.0071E+03  8.1828E-05  1.8698E-13  3.4708E-13  2.3734E-06
 9.0025E+25  2.6229E-04  9.9974E-01  7.0071E+03  8.1828E-05  1.8644E-13  3.4708E-13  2.3647E-06
 9.0117E+25  2.6312E-04  9.9974E-01  7.0071E+03  8.1828E-05  1.8592E-13  3.4708E-13  2.3564E-06
 9.0210E+25  2.6396E-04  9.9974E-01  7.0070E+03  8.1828E-05  1.8539E-13  3.4709E-13  2.3480E-06
 9.0302E+25  2.6481E-04  9.9974E-01  7.0070E+03  8.1828E-05  1.8482E-13  3.4709E-13  2.3395E-06
 9.0395E+25  2.6564E-04  9.9973E-01  7.0070E+03  8.1828E-05  1.8360E-13  3.4709E-13  2.3311E-06
 9.0487E+25  2.6644E-04  9.9973E-01  7.0070E+03  8.1828E-05  1.8308E-13  3.4709E-13  2.3225E-06
 9.0580E+25  2.6724E-04  9.9973E-01  7.0069E+03  8.1828E-05  1.8259E-13  3.4709E-13  2.3141E-06
 9.0673E+25  2.6805E-04  9.9973E-01  7.0069E+03  8.1828E-05  1.8208E-13  3.4709E-13  2.3055E-06
 9.0765E+25  2.6887E-04  9.9973E-01  7.0069E+03  8.1828E-05  1.8158E-13  3.4709E-13  2.2970E-06
 9.0858E+25  2.6972E-04  9.9973E-01  7.0069E+03  8.1828E-05  1.8110E-13  3.4709E-13  2.2884E-06
 9.0950E+25  2.7054E-04  9.9973E-01  7.0068E+03  8.1828E-05  1.8002E-13  3.4709E-13  2.2799E-06
 9.1043E+25  2.7133E-04  9.9973E-01  7.0068E+03  8.1828E-05  1.7935E-13  3.4710E-13  2.2713E-06
 9.1135E+25  2.7212E-04  9.9973E-01  7.0068E+03  8.1828E-05  1.7887E-13  3.4710E-13  2.2627E-06
 9.1228E+25  2.7291E-04  9.9973E-01  7.0068E+03  8.1828E-05  1.7839E-13  3.4710E-13  2.2540E-06
 9.1321E+25  2.7371E-04  9.9973E-01  7.0067E+03  8.1828E-05  1.7793E-13  3.4710E-13  2.2453E-06
 9.1413E+25  2.7453E-04  9.9973E-01  7.0067E+03  8.1828E-05  1.7745E-13  3.4710E-13  2.2366E-06
 9.1506E+25  2.7536E-04  9.9972E-01  7.0067E+03  8.1828E-05  1.7671E-13  3.4710E-13  2.2279E-06
 9.1598E+25  2.7614E-04  9.9972E-01  7.0067E+03  8.1828E-05  1.7573E-13  3.4710E-13  2.2191E-06
 9.1691E+25  2.7691E-04  9.9972E-01  7.0066E+03  8.1828E-05  1.7529E-13  3.4710E-13  2.2104E-06
 9.1783E+25  2.7768E-04  9.9972E-01  7.0066E+03  8.1828E-05  1.7484E-13  3.4710E-13  2.2016E-06
 9.1876E+25  2.7847E-04  9.9972E-01  7.0066E+03  8.1828E-05  1.7439E-13  3.4710E-13  2.1928E-06
 9.1969E+25  2.7926E-04  9.9972E-01  7.0065E+03  8.1828E-05  1.7396E-13  3.4711E-13  2.1845E-06
 9.2061E+25  2.8007E-04  9.9972E-01  7.0065E+03  8.1828E-05  1.7351E-13  3.4711E-13  2.1763E-06
 9.2154E+25  2.8086E-04  9.9972E-01  7.0065E+03  8.1828E-05  1.7234E-13  3.4711E-13  2.1681E-06
 9.2246E+25  2.8161E-04  9.9972E-01  7.0065E+03  8.1828E-05  1.7184E-13  3.4711E-13  2.1598E-06
 9.2339E+25  2.8236E-04  9.9972E-01  7.0064E+03  8.1828E-05  1.7142E-13  3.4711E-13  2.1523E-06
 9.2431E+25  2.8313E-04  9.9972E-01  7.0064E+03  8.1828E-05  1.7100E-13  3.4711E-13  2.1450E-06
 9.2524E+25  2.8390E-04  9.9972E-01  7.0064E+03  8.1828E-05  1.7058E-13  3.4711E-13  2.1376E-06
