 4.6285E+22  3.2695E-11  1.0000E+00  1.1682E+04  8.1828E-05  1.0464E-06  2.2747E-13  1.0000E+00
 1.3886E+23  2.2881E-10  1.0000E+00  1.1685E+04  8.1828E-05  1.4948E-07  2.2741E-13  1.0000E+00
 2.3143E+23  6.2058E-10  1.0000E+00  1.1698E+04  8.1828E-05  5.5072E-08  2.2720E-13  1.0000E+00
 3.2400E+23  1.2065E-09  1.0000E+00  1.1725E+04  8.1828E-05  2.8280E-08  2.2676E-13  1.0000E+00
 4.1657E+23  1.9831E-09  1.0000E+00  1.1773E+04  8.1828E-05  1.7154E-08  2.2597E-13  1.0000E+00
 5.0914E+23  2.9445E-09  1.0000E+00  1.1852E+04  8.1828E-05  1.1497E-08  2.2470E-13  1.0000E+00
 6.0171E+23  4.0778E-09  1.0000E+00  1.1974E+04  8.1828E-05  8.2411E-09  2.2276E-13  1.0000E+00
 6.9428E+23  5.3712E-09  1.0000E+00  1.2149E+04  8.1828E-05  6.1912E-09  2.2003E-13  1.0000E+00
 7.8685E+23  6.7911E-09  1.0000E+00  1.2406E+04  8.1828E-05  4.8230E-09  2.1615E-13  1.0000E+00
 8.7942E+23  8.3087E-09  1.0000E+00  1.2764E+04  8.1828E-05  3.8616E-09  2.1098E-13  1.0000E+00
 9.7199E+23  9.9053E-09  1.0000E+00  1.3198E+04  8.1828E-05  3.1615E-09  2.0505E-13  1.0000E+00
 1.0646E+24  1.1602E-08  1.0000E+00  1.3635E+04  8.1828E-05  2.6358E-09  1.9942E-13  1.0000E+00
 1.1571E+24  1.3476E-08  1.0000E+00  1.3952E+04  8.1828E-05  2.2316E-09  1.9552E-13  1.0000E+00
 1.2497E+24  1.5585E-08  1.0000E+00  1.4123E+04  8.1828E-05  1.9124E-09  1.9349E-13  1.0000E+00
 1.3423E+24  1.7882E-08  1.0000E+00  1.4217E+04  8.1828E-05  1.6587E-09  1.9238E-13  1.0000E+00
 1.4348E+24  2.0332E-08  1.0000E+00  1.4317E+04  8.1828E-05  1.4514E-09  1.9122E-13  9.9999E-01
 1.5274E+24  2.2919E-08  1.0000E+00  1.4417E+04  8.1828E-05  1.2810E-09  1.9008E-13  9.9999E-01
 1.6200E+24  2.5662E-08  1.0000E+00  1.4510E+04  8.1828E-05  1.1387E-09  1.8903E-13  9.9999E-01
 1.7126E+24  2.8542E-08  1.0000E+00  1.4601E+04  8.1828E-05  1.0191E-09  1.8801E-13  9.9999E-01
 1.8051E+24  3.1586E-08  1.0000E+00  1.4683E+04  8.1828E-05  9.1713E-10  1.8711E-13  9.9999E-01
 1.8977E+24  3.4761E-08  1.0000E+00  1.4762E+04  8.1828E-05  8.3008E-10  1.8624E-13  9.9999E-01
 1.9903E+24  3.8103E-08  1.0000E+00  1.4839E+04  8.1828E-05  7.5441E-10  1.8541E-13  9.9999E-01
 2.0828E+24  4.1566E-08  1.0000E+00  1.4913E+04  8.1828E-05  6.8902E-10  1.8461E-13  9.9999E-01
 2.1754E+24  4.5175E-08  1.0000E+00  1.4986E+04  8.1828E-05  6.3173E-10  1.8384E-13  9.9999E-01
 2.2680E+24  4.8934E-08  1.0000E+00  1.5056E+04  8.1828E-05  5.8120E-10  1.8310E-13  9.9999E-01
 2.3605E+24  5.2845E-08  1.0000E+00  1.5124E+04  8.1828E-05  5.3640E-10  1.8238E-13  9.9999E-01
 2.4531E+24  5.6886E-08  1.0000E+00  1.5187E+04  8.1828E-05  4.9677E-10  1.8173E-13  9.9999E-01
 2.5457E+24  6.1063E-08  1.0000E+00  1.5252E+04  8.1828E-05  4.6134E-10  1.8106E-13  9.9998E-01
 2.6383E+24  6.5412E-08  1.0000E+00  1.5315E+04  8.1828E-05  4.2936E-10  1.8041E-13  9.9998E-01
 2.7308E+24  6.9860E-08  1.0000E+00  1.5374E+04  8.1828E-05  4.0089E-10  1.7981E-13  9.9998E-01
 2.8234E+24  7.4462E-08  1.0000E+00  1.5435E+04  8.1828E-05  3.7503E-10  1.7920E-13  9.9998E-01
 2.9160E+24  7.9189E-08  1.0000E+00  1.5491E+04  8.1828E-05  3.5170E-10  1.7864E-13  9.9998E-01
 3.0085E+24  8.4130E-08  1.0000E+00  1.5546E+04  8.1828E-05  3.3017E-10  1.7809E-13  9.9998E-01
 3.1011E+24  8.9160E-08  1.0000E+00  1.5602E+04  8.1828E-05  3.1072E-10  1.7753E-13  9.9998E-01
 3.1937E+24  9.4287E-08  1.0000E+00  1.5655E+04  8.1828E-05  2.9310E-10  1.7701E-13  9.9998E-01
 3.2862E+24  9.9587E-08  1.0000E+00  1.5707E+04  8.1828E-05  2.7683E-10  1.7650E-13  9.9997E-01
 3.3788E+24  1.0497E-07  1.0000E+00  1.5758E+04  8.1828E-05  2.6200E-10  1.7601E-13  9.9997E-01
 3.4714E+24  1.1053E-07  1.0000E+00  1.5808E+04  8.1828E-05  2.4824E-10  1.7553E-13  9.9997E-01
 3.5640E+24  1.1628E-07  1.0000E+00  1.5856E+04  8.1828E-05  2.3544E-10  1.7506E-13  9.9997E-01
 3.6565E+24  1.2225E-07  1.0000E+00  1.5902E+04  8.1828E-05  2.2346E-10  1.7462E-13  9.9997E-01
 3.7491E+24  1.2805E-07  1.0000E+00  1.5949E+04  8.1828E-05  2.1288E-10  1.7417E-13  9.9997E-01
 3.8417E+24  1.3427E-07  1.0000E+00  1.5995E+04  8.1828E-05  2.0258E-10  1.7374E-13  9.9997E-01
 3.9342E+24  1.4049E-07  1.0000E+00  1.6039E+04  8.1828E-05  1.9322E-10  1.7332E-13  9.9996E-01
 4.0268E+24  1.4697E-07  1.0000E+00  1.6083E+04  8.1828E-05  1.8433E-10  1.7291E-13  9.9996E-01
 4.1194E+24  1.5331E-07  1.0000E+00  1.6126E+04  8.1828E-05  1.7636E-10  1.7251E-13  9.9996E-01
 4.2120E+24  1.6019E-07  1.0000E+00  1.6167E+04  8.1828E-05  1.6847E-10  1.7213E-13  9.9996E-01
 4.3045E+24  1.6696E-07  1.0000E+00  1.6208E+04  8.1828E-05  1.6134E-10  1.7175E-13  9.9996E-01
 4.3971E+24  1.7369E-07  1.0000E+00  1.6248E+04  8.1828E-05  1.5480E-10  1.7138E-13  9.9996E-01
 4.4897E+24  1.8085E-07  1.0000E+00  1.6288E+04  8.1828E-05  1.4841E-10  1.7102E-13  9.9995E-01
 4.5822E+24  1.8810E-07  1.0000E+00  1.6326E+04  8.1828E-05  1.4243E-10  1.7066E-13  9.9995E-01
 4.6748E+24  1.9546E-07  1.0000E+00  1.6365E+04  8.1828E-05  1.3684E-10  1.7031E-13  9.9995E-01
 4.7674E+24  2.0293E-07  1.0000E+00  1.6402E+04  8.1828E-05  1.3158E-10  1.6998E-13  9.9995E-01
 4.8599E+24  2.1050E-07  1.0000E+00  1.6439E+04  8.1828E-05  1.2663E-10  1.6965E-13  9.9995E-01
 4.9525E+24  2.1822E-07  1.0000E+00  1.6474E+04  8.1828E-05  1.2196E-10  1.6933E-13  9.9994E-01
 5.0451E+24  2.2607E-07  1.0000E+00  1.6510E+04  8.1828E-05  1.1754E-10  1.6901E-13  9.9994E-01
 5.1377E+24  2.3407E-07  1.0000E+00  1.6544E+04  8.1828E-05  1.1334E-10  1.6870E-13  9.9994E-01
 5.2302E+24  2.4225E-07  1.0000E+00  1.6578E+04  8.1828E-05  1.0935E-10  1.6840E-13  9.9994E-01
 5.3228E+24  2.5061E-07  1.0000E+00  1.6612E+04  8.1828E-05  1.0554E-10  1.6810E-13  9.9994E-01
 5.4154E+24  2.5917E-07  1.0000E+00  1.6645E+04  8.1828E-05  1.0191E-10  1.6781E-13  9.9993E-01
 5.5079E+24  2.6729E-07  1.0000E+00  1.6678E+04  8.1828E-05  9.8668E-11  1.6752E-13  9.9993E-01
 5.6005E+24  2.7589E-07  1.0000E+00  1.6710E+04  8.1828E-05  9.5457E-11  1.6724E-13  9.9993E-01
 5.6931E+24  2.8499E-07  1.0000E+00  1.6742E+04  8.1828E-05  9.2279E-11  1.6696E-13  9.9993E-01
 5.7856E+24  2.9426E-07  1.0000E+00  1.6773E+04  8.1828E-05  8.9249E-11  1.6670E-13  9.9992E-01
 5.8782E+24  3.0240E-07  1.0000E+00  1.6803E+04  8.1828E-05  8.6731E-11  1.6643E-13  9.9992E-01
 5.9708E+24  3.1217E-07  1.0000E+00  1.6834E+04  8.1828E-05  8.3903E-11  1.6617E-13  9.9992E-01
 6.0634E+24  3.2167E-07  1.0000E+00  1.6863E+04  8.1828E-05  8.1324E-11  1.6592E-13  9.9992E-01
 6.1559E+24  3.3048E-07  1.0000E+00  1.6892E+04  8.1828E-05  7.9054E-11  1.6567E-13  9.9991E-01
 6.2485E+24  3.4110E-07  1.0000E+00  1.6920E+04  8.1828E-05  7.6495E-11  1.6542E-13  9.9991E-01
 6.3411E+24  3.4953E-07  1.0000E+00  1.6949E+04  8.1828E-05  7.4558E-11  1.6518E-13  9.9991E-01
 6.4336E+24  3.6057E-07  1.0000E+00  1.6977E+04  8.1828E-05  7.2188E-11  1.6495E-13  9.9991E-01
 6.5262E+24  3.6946E-07  1.0000E+00  1.7004E+04  8.1828E-05  7.0366E-11  1.6471E-13  9.9990E-01
 6.6188E+24  3.8078E-07  1.0000E+00  1.7031E+04  8.1828E-05  6.8193E-11  1.6448E-13  9.9990E-01
 6.7113E+24  3.8966E-07  1.0000E+00  1.7058E+04  8.1828E-05  6.6562E-11  1.6426E-13  9.9990E-01
 6.8039E+24  4.0146E-07  1.0000E+00  1.7084E+04  8.1828E-05  6.4532E-11  1.6403E-13  9.9990E-01
 6.8965E+24  4.1056E-07  1.0000E+00  1.7111E+04  8.1828E-05  6.3030E-11  1.6381E-13  9.9989E-01
 6.9891E+24  4.2202E-07  1.0000E+00  1.7136E+04  8.1828E-05  6.1249E-11  1.6360E-13  9.9989E-01
 7.0816E+24  4.3292E-07  1.0000E+00  1.7162E+04  8.1828E-05  5.9641E-11  1.6339E-13  9.9989E-01
 7.1742E+24  4.4291E-07  1.0000E+00  1.7187E+04  8.1828E-05  5.8233E-11  1.6318E-13  9.9989E-01
 7.2668E+24  4.5502E-07  1.0000E+00  1.7212E+04  8.1828E-05  5.6622E-11  1.6297E-13  9.9988E-01
 7.3593E+24  4.6569E-07  1.0000E+00  1.7236E+04  8.1828E-05  5.5267E-11  1.6277E-13  9.9988E-01
 7.4519E+24  4.7638E-07  1.0000E+00  1.7261E+04  8.1828E-05  5.3970E-11  1.6257E-13  9.9988E-01
 7.5445E+24  4.8868E-07  1.0000E+00  1.7285E+04  8.1828E-05  5.2557E-11  1.6237E-13  9.9987E-01
 7.6371E+24  5.0059E-07  1.0000E+00  1.7308E+04  8.1828E-05  5.1254E-11  1.6217E-13  9.9987E-01
 7.7296E+24  5.1064E-07  1.0000E+00  1.7332E+04  8.1828E-05  5.0196E-11  1.6198E-13  9.9987E-01
 7.8222E+24  5.2312E-07  1.0000E+00  1.7355E+04  8.1828E-05  4.8950E-11  1.6179E-13  9.9986E-01
 7.9148E+24  5.3569E-07  1.0000E+00  1.7378E+04  8.1828E-05  4.7754E-11  1.6161E-13  9.9986E-01
 8.0073E+24  5.4824E-07  1.0000E+00  1.7400E+04  8.1828E-05  4.6616E-11  1.6142E-13  9.9986E-01
 8.0999E+24  5.5852E-07  1.0000E+00  1.7423E+04  8.1828E-05  4.5714E-11  1.6124E-13  9.9986E-01
 8.1925E+24  5.7128E-07  1.0000E+00  1.7445E+04  8.1828E-05  4.4651E-11  1.6106E-13  9.9985E-01
 8.2850E+24  5.8415E-07  1.0000E+00  1.7467E+04  8.1828E-05  4.3626E-11  1.6088E-13  9.9985E-01
 8.3776E+24  5.9710E-07  1.0000E+00  1.7488E+04  8.1828E-05  4.2641E-11  1.6071E-13  9.9985E-01
 8.4702E+24  6.1013E-07  1.0000E+00  1.7510E+04  8.1828E-05  4.1692E-11  1.6054E-13  9.9984E-01
 8.5628E+24  6.2264E-07  1.0000E+00  1.7531E+04  8.1828E-05  4.0818E-11  1.6037E-13  9.9984E-01
 8.6553E+24  6.3447E-07  1.0000E+00  1.7552E+04  8.1828E-05  4.0022E-11  1.6020E-13  9.9984E-01
 8.7479E+24  6.4775E-07  1.0000E+00  1.7573E+04  8.1828E-05  3.9167E-11  1.6003E-13  9.9983E-01
 8.8405E+24  6.6115E-07  1.0000E+00  1.7593E+04  8.1828E-05  3.8339E-11  1.5987E-13  9.9983E-01
 8.9330E+24  6.7464E-07  1.0000E+00  1.7614E+04  8.1828E-05  3.7540E-11  1.5971E-13  9.9982E-01
 9.0256E+24  6.8820E-07  1.0000E+00  1.7634E+04  8.1828E-05  3.6769E-11  1.5955E-13  9.9982E-01
 9.1182E+24  7.0187E-07  1.0000E+00  1.7654E+04  8.1828E-05  3.6023E-11  1.5939E-13  9.9982E-01
 9.2107E+24  7.1563E-07  1.0000E+00  1.7674E+04  8.1828E-05  3.5301E-11  1.5923E-13  9.9981E-01
 9.3033E+24  7.2948E-07  1.0000E+00  1.7693E+04  8.1828E-05  3.4602E-11  1.5908E-13  9.9981E-01
 9.3959E+24  7.4344E-07  1.0000E+00  1.7713E+04  8.1828E-05  3.3925E-11  1.5892E-13  9.9981E-01
 9.4885E+24  7.5750E-07  1.0000E+00  1.7732E+04  8.1828E-05  3.3268E-11  1.5877E-13  9.9980E-01
 9.5810E+24  7.7166E-07  1.0000E+00  1.7751E+04  8.1828E-05  3.2632E-11  1.5862E-13  9.9980E-01
 9.6736E+24  7.8593E-07  1.0000E+00  1.7770E+04  8.1828E-05  3.2014E-11  1.5847E-13  9.9979E-01
 9.7662E+24  8.0032E-07  1.0000E+00  1.7788E+04  8.1828E-05  3.1414E-11  1.5833E-13  9.9979E-01
 9.8587E+24  8.1483E-07  1.0000E+00  1.7807E+04  8.1828E-05  3.0830E-11  1.5818E-13  9.9978E-01
 9.9513E+24  8.2947E-07  1.0000E+00  1.7825E+04  8.1828E-05  3.0263E-11  1.5804E-13  9.9977E-01
 1.0044E+25  8.4425E-07  1.0000E+00  1.7843E+04  8.1828E-05  2.9711E-11  1.5790E-13  9.9976E-01
 1.0136E+25  8.5916E-07  1.0000E+00  1.7861E+04  8.1828E-05  2.9173E-11  1.5776E-13  9.9974E-01
 1.0229E+25  8.7423E-07  1.0000E+00  1.7879E+04  8.1828E-05  2.8649E-11  1.5762E-13  9.9970E-01
 1.0322E+25  8.8945E-07  1.0000E+00  1.7897E+04  8.1828E-05  2.8138E-11  1.5749E-13  9.9963E-01
 1.0414E+25  9.0484E-07  1.0000E+00  1.7914E+04  8.1828E-05  2.7640E-11  1.5736E-13  9.9951E-01
 1.0507E+25  9.2042E-07  1.0000E+00  1.7930E+04  8.1828E-05  2.7153E-11  1.5723E-13  9.9929E-01
 1.0599E+25  9.3618E-07  1.0000E+00  1.7946E+04  8.1828E-05  2.6678E-11  1.5711E-13  9.9890E-01
 1.0692E+25  9.5217E-07  1.0000E+00  1.7960E+04  8.1828E-05  2.6213E-11  1.5700E-13  9.9821E-01
 1.0784E+25  9.6841E-07  1.0000E+00  1.7972E+04  8.1828E-05  2.5758E-11  1.5691E-13  9.9699E-01
 1.0877E+25  9.8493E-07  1.0000E+00  1.7980E+04  8.1828E-05  2.5313E-11  1.5685E-13  9.9487E-01
 1.0970E+25  1.0018E-06  1.0000E+00  1.7981E+04  8.1828E-05  2.4879E-11  1.5684E-13  9.9124E-01
 1.1062E+25  1.0168E-06  1.0000E+00  1.7972E+04  8.1828E-05  2.4510E-11  1.5691E-13  9.8512E-01
 1.1155E+25  1.0333E-06  1.0000E+00  1.7946E+04  8.1828E-05  2.4124E-11  1.5712E-13  9.7496E-01
 1.1247E+25  1.0519E-06  1.0000E+00  1.7892E+04  8.1828E-05  2.3720E-11  1.5755E-13  9.5850E-01
 1.1340E+25  1.0719E-06  1.0000E+00  1.7796E+04  8.1828E-05  2.3323E-11  1.5830E-13  9.3267E-01
 1.1432E+25  1.0940E-06  1.0000E+00  1.7639E+04  8.1828E-05  2.2933E-11  1.5956E-13  8.9383E-01
 1.1525E+25  1.1190E-06  1.0000E+00  1.7399E+04  8.1828E-05  2.2551E-11  1.6150E-13  8.3876E-01
 1.1618E+25  1.1479E-06  1.0000E+00  1.7060E+04  8.1828E-05  2.2178E-11  1.6434E-13  7.6642E-01
 1.1710E+25  1.1816E-06  1.0000E+00  1.6614E+04  8.1828E-05  2.1822E-11  1.6821E-13  6.7983E-01
 1.1803E+25  1.2170E-06  1.0000E+00  1.6077E+04  8.1828E-05  2.1543E-11  1.7313E-13  5.8629E-01
 1.1895E+25  1.2625E-06  1.0000E+00  1.5480E+04  8.1828E-05  2.1195E-11  1.7894E-13  4.9493E-01
 1.1988E+25  1.3130E-06  1.0000E+00  1.4863E+04  8.1828E-05  2.0858E-11  1.8536E-13  4.1312E-01
 1.2080E+25  1.3670E-06  1.0000E+00  1.4260E+04  8.1828E-05  2.0532E-11  1.9210E-13  3.4439E-01
 1.2173E+25  1.4233E-06  1.0000E+00  1.3694E+04  8.1828E-05  2.0215E-11  1.9889E-13  2.8888E-01
 1.2266E+25  1.4807E-06  1.0000E+00  1.3177E+04  8.1828E-05  1.9909E-11  2.0554E-13  2.4485E-01
 1.2358E+25  1.5384E-06  1.0000E+00  1.2711E+04  8.1828E-05  1.9610E-11  2.1194E-13  2.1000E-01
 1.2451E+25  1.5959E-06  1.0000E+00  1.2294E+04  8.1828E-05  1.9319E-11  2.1803E-13  1.8222E-01
 1.2543E+25  1.6529E-06  1.0000E+00  1.1921E+04  8.1828E-05  1.9035E-11  2.2378E-13  1.5982E-01
 1.2636E+25  1.7092E-06  1.0000E+00  1.1587E+04  8.1828E-05  1.8758E-11  2.2921E-13  1.4150E-01
 1.2728E+25  1.7648E-06  1.0000E+00  1.1288E+04  8.1828E-05  1.8487E-11  2.3431E-13  1.2633E-01
 1.2821E+25  1.8197E-06  1.0000E+00  1.1019E+04  8.1828E-05  1.8221E-11  2.3910E-13  1.1360E-01
 1.2914E+25  1.8740E-06  1.0000E+00  1.0776E+04  8.1828E-05  1.7961E-11  2.4361E-13  1.0280E-01
 1.3006E+25  1.9275E-06  1.0000E+00  1.0556E+04  8.1828E-05  1.7708E-11  2.4785E-13  9.3535E-02
 1.3099E+25  1.9807E-06  1.0000E+00  1.0356E+04  8.1828E-05  1.7457E-11  2.5185E-13  8.5523E-02
 1.3191E+25  2.0331E-06  1.0000E+00  1.0173E+04  8.1828E-05  1.7214E-11  2.5562E-13  7.8536E-02
 1.3284E+25  2.0852E-06  1.0000E+00  1.0006E+04  8.1828E-05  1.6974E-11  2.5917E-13  7.2399E-02
 1.3376E+25  2.1368E-06  1.0000E+00  9.8521E+03  8.1828E-05  1.6740E-11  2.6253E-13  6.6973E-02
 1.3469E+25  2.1880E-06  1.0000E+00  9.7104E+03  8.1828E-05  1.6510E-11  2.6571E-13  6.2148E-02
 1.3562E+25  2.2390E-06  1.0000E+00  9.5795E+03  8.1828E-05  1.6285E-11  2.6871E-13  5.7835E-02
 1.3654E+25  2.2895E-06  1.0000E+00  9.4584E+03  8.1828E-05  1.6064E-11  2.7156E-13  5.3961E-02
 1.3747E+25  2.3400E-06  1.0000E+00  9.3458E+03  8.1828E-05  1.5847E-11  2.7427E-13  5.0467E-02
 1.3839E+25  2.3880E-06  1.0000E+00  9.2411E+03  8.1828E-05  1.5652E-11  2.7684E-13  4.7302E-02
 1.3932E+25  2.4371E-06  1.0000E+00  9.1435E+03  8.1828E-05  1.5445E-11  2.7928E-13  4.4425E-02
 1.4024E+25  2.4865E-06  1.0000E+00  9.0523E+03  8.1828E-05  1.5242E-11  2.8160E-13  4.1802E-02
 1.4117E+25  2.5357E-06  1.0000E+00  8.9669E+03  8.1828E-05  1.5044E-11  2.8381E-13  3.9401E-02
 1.4210E+25  2.5851E-06  1.0000E+00  8.8868E+03  8.1828E-05  1.4847E-11  2.8591E-13  3.7199E-02
 1.4302E+25  2.6343E-06  1.0000E+00  8.8117E+03  8.1828E-05  1.4655E-11  2.8792E-13  3.5173E-02
 1.4395E+25  2.6834E-06  1.0000E+00  8.7410E+03  8.1828E-05  1.4466E-11  2.8983E-13  3.3305E-02
 1.4487E+25  2.7330E-06  1.0000E+00  8.6744E+03  8.1828E-05  1.4279E-11  2.9166E-13  3.1578E-02
 1.4580E+25  2.7824E-06  1.0000E+00  8.6116E+03  8.1828E-05  1.4095E-11  2.9341E-13  2.9978E-02
 1.4672E+25  2.8319E-06  1.0000E+00  8.5523E+03  8.1828E-05  1.3914E-11  2.9508E-13  2.8494E-02
 1.4765E+25  2.8817E-06  1.0000E+00  8.4962E+03  8.1828E-05  1.3736E-11  2.9668E-13  2.7113E-02
 1.4858E+25  2.9319E-06  1.0000E+00  8.4431E+03  8.1828E-05  1.3559E-11  2.9821E-13  2.5826E-02
 1.4950E+25  2.9795E-06  1.0000E+00  8.3928E+03  8.1828E-05  1.3401E-11  2.9967E-13  2.4625E-02
 1.5043E+25  3.0216E-06  1.0000E+00  8.3450E+03  8.1828E-05  1.3263E-11  3.0108E-13  2.3502E-02
 1.5135E+25  3.0714E-06  1.0000E+00  8.2997E+03  8.1828E-05  1.3096E-11  3.0242E-13  2.2451E-02
 1.5228E+25  3.1218E-06  1.0000E+00  8.2566E+03  8.1828E-05  1.2931E-11  3.0372E-13  2.1466E-02
 1.5320E+25  3.1726E-06  1.0000E+00  8.2156E+03  8.1828E-05  1.2767E-11  3.0496E-13  2.0540E-02
 1.5413E+25  3.2239E-06  1.0000E+00  8.1765E+03  8.1828E-05  1.2605E-11  3.0615E-13  1.9671E-02
 1.5506E+25  3.2757E-06  1.0000E+00  8.1393E+03  8.1828E-05  1.2445E-11  3.0729E-13  1.8852E-02
 1.5598E+25  3.3211E-06  1.0000E+00  8.1038E+03  8.1828E-05  1.2316E-11  3.0839E-13  1.8080E-02
 1.5691E+25  3.3626E-06  1.0000E+00  8.0699E+03  8.1828E-05  1.2195E-11  3.0945E-13  1.7352E-02
 1.5783E+25  3.4149E-06  1.0000E+00  8.0376E+03  8.1828E-05  1.2041E-11  3.1047E-13  1.6665E-02
 1.5876E+25  3.4679E-06  1.0000E+00  8.0066E+03  8.1828E-05  1.1889E-11  3.1145E-13  1.6015E-02
 1.5968E+25  3.5216E-06  1.0000E+00  7.9770E+03  8.1828E-05  1.1737E-11  3.1239E-13  1.5400E-02
 1.6061E+25  3.5744E-06  1.0000E+00  7.9487E+03  8.1828E-05  1.1595E-11  3.1330E-13  1.4817E-02
 1.6154E+25  3.6076E-06  1.0000E+00  7.9215E+03  8.1828E-05  1.1514E-11  3.1418E-13  1.4264E-02
 1.6246E+25  3.6618E-06  1.0000E+00  7.8955E+03  8.1828E-05  1.1368E-11  3.1502E-13  1.3740E-02
 1.6339E+25  3.7174E-06  1.0000E+00  7.8705E+03  8.1828E-05  1.1222E-11  3.1584E-13  1.3242E-02
 1.6431E+25  3.7740E-06  1.0000E+00  7.8466E+03  8.1828E-05  1.1077E-11  3.1663E-13  1.2768E-02
 1.6524E+25  3.8166E-06  1.0000E+00  7.8236E+03  8.1828E-05  1.0980E-11  3.1738E-13  1.2318E-02
 1.6616E+25  3.8589E-06  1.0000E+00  7.8015E+03  8.1828E-05  1.0876E-11  3.1812E-13  1.1889E-02
 1.6709E+25  3.9169E-06  1.0000E+00  7.7802E+03  8.1828E-05  1.0735E-11  3.1882E-13  1.1481E-02
 1.6802E+25  3.9761E-06  1.0000E+00  7.7598E+03  8.1828E-05  1.0594E-11  3.1951E-13  1.1091E-02
 1.6894E+25  4.0209E-06  1.0000E+00  7.7402E+03  8.1828E-05  1.0499E-11  3.2017E-13  1.0719E-02
 1.6987E+25  4.0606E-06  1.0000E+00  7.7213E+03  8.1828E-05  1.0409E-11  3.2081E-13  1.0365E-02
 1.7079E+25  4.1216E-06  1.0000E+00  7.7030E+03  8.1828E-05  1.0272E-11  3.2142E-13  1.0026E-02
 1.7172E+25  4.1841E-06  1.0000E+00  7.6855E+03  8.1828E-05  1.0134E-11  3.2202E-13  9.7017E-03
 1.7264E+25  4.2182E-06  1.0000E+00  7.6686E+03  8.1828E-05  1.0072E-11  3.2260E-13  9.3921E-03
 1.7357E+25  4.2692E-06  1.0000E+00  7.6522E+03  8.1828E-05  9.9618E-12  3.2316E-13  9.0952E-03
 1.7450E+25  4.3338E-06  1.0000E+00  7.6365E+03  8.1828E-05  9.8272E-12  3.2370E-13  8.8115E-03
 1.7542E+25  4.3885E-06  1.0000E+00  7.6213E+03  8.1828E-05  9.7227E-12  3.2423E-13  8.5394E-03
 1.7635E+25  4.4187E-06  1.0000E+00  7.6067E+03  8.1828E-05  9.6643E-12  3.2473E-13  8.2786E-03
 1.7727E+25  4.4861E-06  1.0000E+00  7.5925E+03  8.1828E-05  9.5312E-12  3.2523E-13  8.0288E-03
 1.7820E+25  4.5547E-06  1.0000E+00  7.5788E+03  8.1828E-05  9.4004E-12  3.2570E-13  7.7885E-03
 1.7912E+25  4.5734E-06  1.0000E+00  7.5656E+03  8.1828E-05  9.3759E-12  3.2617E-13  7.5584E-03
 1.8005E+25  4.6415E-06  1.0000E+00  7.5528E+03  8.1828E-05  9.2454E-12  3.2662E-13  7.3370E-03
 1.8097E+25  4.7136E-06  1.0000E+00  7.5404E+03  8.1828E-05  9.1142E-12  3.2705E-13  7.1245E-03
 1.8190E+25  4.7352E-06  1.0000E+00  7.5285E+03  8.1828E-05  9.0871E-12  3.2747E-13  6.9202E-03
 1.8283E+25  4.8012E-06  1.0000E+00  7.5169E+03  8.1828E-05  8.9672E-12  3.2788E-13  6.7235E-03
 1.8375E+25  4.8765E-06  1.0000E+00  7.5057E+03  8.1828E-05  8.8378E-12  3.2828E-13  6.5346E-03
 1.8468E+25  4.8941E-06  1.0000E+00  7.4948E+03  8.1828E-05  8.8194E-12  3.2867E-13  6.3523E-03
 1.8560E+25  4.9651E-06  1.0000E+00  7.4843E+03  8.1828E-05  8.6970E-12  3.2904E-13  6.1774E-03
 1.8653E+25  5.0402E-06  9.9999E-01  7.4741E+03  8.1828E-05  8.5792E-12  3.2941E-13  6.0082E-03
 1.8745E+25  5.0537E-06  9.9999E-01  7.4642E+03  8.1828E-05  8.5611E-12  3.2976E-13  5.8459E-03
 1.8838E+25  5.1343E-06  9.9999E-01  7.4546E+03  8.1828E-05  8.4333E-12  3.3011E-13  5.6886E-03
 1.8931E+25  5.1949E-06  9.9999E-01  7.4453E+03  8.1828E-05  8.3466E-12  3.3044E-13  5.5378E-03
 1.9023E+25  5.2243E-06  9.9999E-01  7.4363E+03  8.1828E-05  8.3020E-12  3.3077E-13  5.3915E-03
 1.9116E+25  5.3097E-06  9.9999E-01  7.4276E+03  8.1828E-05  8.1751E-12  3.3108E-13  5.2510E-03
 1.9208E+25  5.3450E-06  9.9999E-01  7.4191E+03  8.1828E-05  8.1319E-12  3.3139E-13  5.1147E-03
 1.9301E+25  5.4019E-06  9.9999E-01  7.4108E+03  8.1828E-05  8.0479E-12  3.3169E-13  4.9836E-03
 1.9393E+25  5.4882E-06  9.9999E-01  7.4028E+03  8.1828E-05  7.9308E-12  3.3198E-13  4.8567E-03
 1.9486E+25  5.4950E-06  9.9999E-01  7.3950E+03  8.1828E-05  7.9242E-12  3.3226E-13  4.7341E-03
 1.9579E+25  5.5869E-06  9.9999E-01  7.3875E+03  8.1828E-05  7.7984E-12  3.3254E-13  4.6157E-03
 1.9671E+25  5.6334E-06  9.9999E-01  7.3801E+03  8.1828E-05  7.7437E-12  3.3281E-13  4.5010E-03
 1.9764E+25  5.6820E-06  9.9999E-01  7.3730E+03  8.1828E-05  7.6781E-12  3.3307E-13  4.3904E-03
 1.9856E+25  5.7751E-06  9.9999E-01  7.3660E+03  8.1828E-05  7.5629E-12  3.3332E-13  4.2828E-03
 1.9949E+25  5.7783E-06  9.9999E-01  7.3593E+03  8.1828E-05  7.5605E-12  3.3357E-13  4.1795E-03
 2.0041E+25  5.8784E-06  9.9999E-01  7.3527E+03  8.1828E-05  7.4355E-12  3.3381E-13  4.0788E-03
 2.0134E+25  5.9137E-06  9.9999E-01  7.3464E+03  8.1828E-05  7.4000E-12  3.3405E-13  3.9816E-03
 2.0227E+25  5.9775E-06  9.9999E-01  7.3401E+03  8.1828E-05  7.3209E-12  3.3428E-13  3.8875E-03
 2.0319E+25  6.0540E-06  9.9999E-01  7.3341E+03  8.1828E-05  7.2369E-12  3.3450E-13  3.7959E-03
 2.0412E+25  6.0778E-06  9.9999E-01  7.3282E+03  8.1828E-05  7.2081E-12  3.3472E-13  3.7078E-03
 2.0504E+25  6.1874E-06  9.9999E-01  7.3224E+03  8.1828E-05  7.0842E-12  3.3493E-13  3.6217E-03
 2.0597E+25  6.1853E-06  9.9999E-01  7.3169E+03  8.1828E-05  7.0947E-12  3.3514E-13  3.5388E-03
 2.0689E+25  6.2921E-06  9.9999E-01  7.3114E+03  8.1828E-05  6.9735E-12  3.3534E-13  3.4582E-03
 2.0782E+25  6.3230E-06  9.9999E-01  7.3061E+03  8.1828E-05  6.9473E-12  3.3554E-13  3.3797E-03
 2.0875E+25  6.3977E-06  9.9999E-01  7.3009E+03  8.1828E-05  6.8651E-12  3.3573E-13  3.3042E-03
 2.0967E+25  6.4599E-06  9.9999E-01  7.2959E+03  8.1828E-05  6.8065E-12  3.3592E-13  3.2302E-03
 2.1060E+25  6.5050E-06  9.9999E-01  7.2910E+03  8.1828E-05  6.7583E-12  3.3610E-13  3.1588E-03
 2.1152E+25  6.5969E-06  9.9999E-01  7.2862E+03  8.1828E-05  6.6712E-12  3.3628E-13  3.0895E-03
 2.1245E+25  6.6139E-06  9.9999E-01  7.2815E+03  8.1828E-05  6.6529E-12  3.3646E-13  3.0218E-03
 2.1337E+25  6.7326E-06  9.9999E-01  7.2770E+03  8.1828E-05  6.5420E-12  3.3663E-13  2.9565E-03
 2.1430E+25  6.7249E-06  9.9999E-01  7.2725E+03  8.1828E-05  6.5490E-12  3.3680E-13  2.8929E-03
 2.1523E+25  6.8558E-06  9.9999E-01  7.2682E+03  8.1828E-05  6.4262E-12  3.3696E-13  2.8307E-03
 2.1615E+25  6.8497E-06  9.9999E-01  7.2640E+03  8.1828E-05  6.4386E-12  3.3712E-13  2.7710E-03
 2.1708E+25  6.9725E-06  9.9999E-01  7.2598E+03  8.1828E-05  6.3236E-12  3.3727E-13  2.7124E-03
 2.1800E+25  6.9827E-06  9.9999E-01  7.2558E+03  8.1828E-05  6.3208E-12  3.3742E-13  2.6554E-03
 2.1893E+25  7.0913E-06  9.9999E-01  7.2519E+03  8.1828E-05  6.2223E-12  3.3757E-13  2.6004E-03
 2.1985E+25  7.1149E-06  9.9999E-01  7.2480E+03  8.1828E-05  6.2080E-12  3.3772E-13  2.5464E-03
 2.2078E+25  7.2127E-06  9.9999E-01  7.2443E+03  8.1828E-05  6.1220E-12  3.3786E-13  2.4940E-03
 2.2171E+25  7.2461E-06  9.9999E-01  7.2406E+03  8.1828E-05  6.0998E-12  3.3800E-13  2.4434E-03
 2.2263E+25  7.3365E-06  9.9999E-01  7.2370E+03  8.1828E-05  6.0228E-12  3.3813E-13  2.3936E-03
 2.2356E+25  7.3765E-06  9.9999E-01  7.2335E+03  8.1828E-05  5.9960E-12  3.3827E-13  2.3453E-03
 2.2448E+25  7.4630E-06  9.9999E-01  7.2301E+03  8.1828E-05  5.9245E-12  3.3840E-13  2.2986E-03
 2.2541E+25  7.5062E-06  9.9999E-01  7.2268E+03  8.1828E-05  5.8962E-12  3.3852E-13  2.2527E-03
 2.2633E+25  7.5925E-06  9.9999E-01  7.2235E+03  8.1828E-05  5.8271E-12  3.3865E-13  2.2079E-03
 2.2726E+25  7.6350E-06  9.9999E-01  7.2203E+03  8.1828E-05  5.8004E-12  3.3877E-13  2.1648E-03
 2.2819E+25  7.7250E-06  9.9999E-01  7.2172E+03  8.1828E-05  5.7306E-12  3.3889E-13  2.1224E-03
 2.2911E+25  7.7627E-06  9.9999E-01  7.2141E+03  8.1828E-05  5.7083E-12  3.3900E-13  2.0810E-03
 2.3004E+25  7.8608E-06  9.9999E-01  7.2112E+03  8.1828E-05  5.6348E-12  3.3912E-13  2.0411E-03
 2.3096E+25  7.8895E-06  9.9999E-01  7.2082E+03  8.1828E-05  5.6197E-12  3.3923E-13  2.0019E-03
 2.3189E+25  8.0000E-06  9.9999E-01  7.2054E+03  8.1828E-05  5.5398E-12  3.3934E-13  1.9635E-03
 2.3281E+25  8.0152E-06  9.9999E-01  7.2026E+03  8.1828E-05  5.5346E-12  3.3944E-13  1.9264E-03
 2.3374E+25  8.1428E-06  9.9999E-01  7.1998E+03  8.1828E-05  5.4454E-12  3.3955E-13  1.8902E-03
 2.3467E+25  8.1399E-06  9.9999E-01  7.1971E+03  8.1828E-05  5.4526E-12  3.3965E-13  1.8545E-03
 2.3559E+25  8.2895E-06  9.9999E-01  7.1945E+03  8.1828E-05  5.3518E-12  3.3975E-13  1.8200E-03
 2.3652E+25  8.2633E-06  9.9999E-01  7.1920E+03  8.1828E-05  5.3738E-12  3.3985E-13  1.7865E-03
 2.3744E+25  8.4287E-06  9.9999E-01  7.1895E+03  8.1828E-05  5.2693E-12  3.3994E-13  1.7534E-03
 2.3837E+25  8.3971E-06  9.9999E-01  7.1870E+03  8.1828E-05  5.2873E-12  3.4004E-13  1.7211E-03
 2.3929E+25  8.5525E-06  9.9999E-01  7.1846E+03  8.1828E-05  5.1959E-12  3.4014E-13  1.6900E-03
 2.4022E+25  8.5496E-06  9.9999E-01  7.1822E+03  8.1828E-05  5.1950E-12  3.4022E-13  1.6594E-03
 2.4115E+25  8.6743E-06  9.9999E-01  7.1799E+03  8.1828E-05  5.1252E-12  3.4032E-13  1.6293E-03
 2.4207E+25  8.7072E-06  9.9999E-01  7.1777E+03  8.1828E-05  5.1032E-12  3.4040E-13  1.6001E-03
 2.4300E+25  8.7949E-06  9.9999E-01  7.1754E+03  8.1828E-05  5.0571E-12  3.4049E-13  1.5718E-03
 2.4392E+25  8.8695E-06  9.9999E-01  7.1733E+03  8.1828E-05  5.0119E-12  3.4057E-13  1.5439E-03
 2.4485E+25  8.9143E-06  9.9999E-01  7.1711E+03  8.1828E-05  4.9914E-12  3.4065E-13  1.5165E-03
 2.4577E+25  9.0367E-06  9.9999E-01  7.1691E+03  8.1828E-05  4.9212E-12  3.4073E-13  1.4900E-03
 2.4670E+25  9.0323E-06  9.9999E-01  7.1670E+03  8.1828E-05  4.9282E-12  3.4081E-13  1.4641E-03
 2.4763E+25  9.2019E-06  9.9999E-01  7.1650E+03  8.1828E-05  4.8375E-12  3.4089E-13  1.4386E-03
 2.4855E+25  9.1557E-06  9.9999E-01  7.1630E+03  8.1828E-05  4.8608E-12  3.4096E-13  1.4136E-03
 2.4948E+25  9.3206E-06  9.9999E-01  7.1611E+03  8.1828E-05  4.7784E-12  3.4104E-13  1.3895E-03
 2.5040E+25  9.3297E-06  9.9999E-01  7.1592E+03  8.1828E-05  4.7711E-12  3.4111E-13  1.3659E-03
 2.5133E+25  9.4366E-06  9.9999E-01  7.1574E+03  8.1828E-05  4.7214E-12  3.4118E-13  1.3425E-03
 2.5225E+25  9.5110E-06  9.9999E-01  7.1555E+03  8.1828E-05  4.6818E-12  3.4125E-13  1.3197E-03
 2.5318E+25  9.5510E-06  9.9999E-01  7.1538E+03  8.1828E-05  4.6664E-12  3.4132E-13  1.2977E-03
 2.5411E+25  9.6982E-06  9.9999E-01  7.1520E+03  8.1828E-05  4.5929E-12  3.4139E-13  1.2760E-03
 2.5503E+25  9.6641E-06  9.9999E-01  7.1503E+03  8.1828E-05  4.6133E-12  3.4146E-13  1.2546E-03
 2.5596E+25  9.8397E-06  9.9999E-01  7.1486E+03  8.1828E-05  4.5318E-12  3.4152E-13  1.2338E-03
 2.5688E+25  9.8275E-06  9.9999E-01  7.1470E+03  8.1828E-05  4.5347E-12  3.4158E-13  1.2136E-03
 2.5781E+25  9.9514E-06  9.9999E-01  7.1454E+03  8.1828E-05  4.4823E-12  3.4165E-13  1.1938E-03
 2.5873E+25  1.0025E-05  9.9999E-01  7.1438E+03  8.1828E-05  4.4468E-12  3.4171E-13  1.1741E-03
 2.5966E+25  1.0062E-05  9.9999E-01  7.1422E+03  8.1828E-05  4.4343E-12  3.4177E-13  1.1550E-03
 2.6059E+25  1.0229E-05  9.9999E-01  7.1407E+03  8.1828E-05  4.3593E-12  3.4183E-13  1.1365E-03
 2.6151E+25  1.0171E-05  9.9999E-01  7.1392E+03  8.1828E-05  4.3880E-12  3.4189E-13  1.1183E-03
 2.6244E+25  1.0350E-05  9.9999E-01  7.1377E+03  8.1828E-05  4.3127E-12  3.4194E-13  1.1002E-03
 2.6336E+25  1.0369E-05  9.9999E-01  7.1362E+03  8.1828E-05  4.3023E-12  3.4200E-13  1.0826E-03
 2.6429E+25  1.0458E-05  9.9999E-01  7.1348E+03  8.1828E-05  4.2695E-12  3.4205E-13  1.0656E-03
 2.6521E+25  1.0585E-05  9.9999E-01  7.1334E+03  8.1828E-05  4.2156E-12  3.4211E-13  1.0488E-03
 2.6614E+25  1.0564E-05  9.9999E-01  7.1321E+03  8.1828E-05  4.2276E-12  3.4216E-13  1.0323E-03
 2.6707E+25  1.0747E-05  9.9999E-01  7.1307E+03  8.1828E-05  4.1564E-12  3.4221E-13  1.0160E-03
 2.6799E+25  1.0731E-05  9.9999E-01  7.1294E+03  8.1828E-05  4.1597E-12  3.4227E-13  1.0003E-03
 2.6892E+25  1.0851E-05  9.9999E-01  7.1281E+03  8.1828E-05  4.1173E-12  3.4232E-13  9.8493E-04
 2.6984E+25  1.0961E-05  9.9999E-01  7.1268E+03  8.1828E-05  4.0735E-12  3.4237E-13  9.6971E-04
 2.7077E+25  1.0955E-05  9.9999E-01  7.1256E+03  8.1828E-05  4.0796E-12  3.4241E-13  9.5470E-04
 2.7169E+25  1.1140E-05  9.9999E-01  7.1243E+03  8.1828E-05  4.0121E-12  3.4246E-13  9.4009E-04
 2.7262E+25  1.1115E-05  9.9999E-01  7.1231E+03  8.1828E-05  4.0185E-12  3.4251E-13  9.2592E-04
 2.7355E+25  1.1242E-05  9.9999E-01  7.1219E+03  8.1828E-05  3.9768E-12  3.4255E-13  9.1196E-04
 2.7447E+25  1.1360E-05  9.9999E-01  7.1207E+03  8.1828E-05  3.9327E-12  3.4260E-13  8.9814E-04
 2.7540E+25  1.1342E-05  9.9999E-01  7.1196E+03  8.1828E-05  3.9426E-12  3.4265E-13  8.8455E-04
 2.7632E+25  1.1530E-05  9.9999E-01  7.1185E+03  8.1828E-05  3.8787E-12  3.4269E-13  8.7140E-04
 2.7725E+25  1.1523E-05  9.9999E-01  7.1174E+03  8.1828E-05  3.8783E-12  3.4273E-13  8.5857E-04
 2.7817E+25  1.1628E-05  9.9999E-01  7.1163E+03  8.1828E-05  3.8467E-12  3.4277E-13  8.4584E-04
 2.7910E+25  1.1784E-05  9.9999E-01  7.1152E+03  8.1828E-05  3.7932E-12  3.4282E-13  8.3327E-04
 2.8003E+25  1.1725E-05  9.9999E-01  7.1141E+03  8.1828E-05  3.8158E-12  3.4286E-13  8.2097E-04
 2.8095E+25  1.1916E-05  9.9999E-01  7.1131E+03  8.1828E-05  3.7551E-12  3.4290E-13  8.0908E-04
 2.8188E+25  1.1958E-05  9.9999E-01  7.1121E+03  8.1828E-05  3.7392E-12  3.4294E-13  7.9740E-04
 2.8280E+25  1.2011E-05  9.9999E-01  7.1111E+03  8.1828E-05  3.7261E-12  3.4298E-13  7.8581E-04
 2.8373E+25  1.2205E-05  9.9999E-01  7.1101E+03  8.1828E-05  3.6671E-12  3.4302E-13  7.7436E-04
 2.8465E+25  1.2134E-05  9.9999E-01  7.1091E+03  8.1828E-05  3.6858E-12  3.4305E-13  7.6322E-04
 2.8558E+25  1.2297E-05  9.9999E-01  7.1082E+03  8.1828E-05  3.6404E-12  3.4309E-13  7.5241E-04
 2.8651E+25  1.2422E-05  9.9999E-01  7.1072E+03  8.1828E-05  3.6011E-12  3.4313E-13  7.4176E-04
 2.8743E+25  1.2388E-05  9.9999E-01  7.1063E+03  8.1828E-05  3.6142E-12  3.4316E-13  7.3118E-04
 2.8836E+25  1.2585E-05  9.9999E-01  7.1054E+03  8.1828E-05  3.5581E-12  3.4320E-13  7.2076E-04
 2.8928E+25  1.2611E-05  9.9999E-01  7.1045E+03  8.1828E-05  3.5479E-12  3.4323E-13  7.1061E-04
 2.9021E+25  1.2673E-05  9.9999E-01  7.1036E+03  8.1828E-05  3.5338E-12  3.4327E-13  7.0077E-04
 2.9113E+25  1.2873E-05  9.9999E-01  7.1027E+03  8.1828E-05  3.4793E-12  3.4330E-13  6.9105E-04
 2.9206E+25  1.2806E-05  9.9999E-01  7.1019E+03  8.1828E-05  3.4949E-12  3.4334E-13  6.8140E-04
 2.9299E+25  1.2959E-05  9.9999E-01  7.1010E+03  8.1828E-05  3.4568E-12  3.4337E-13  6.7187E-04
 2.9391E+25  1.3123E-05  9.9999E-01  7.1002E+03  8.1828E-05  3.4110E-12  3.4340E-13  6.6261E-04
 2.9484E+25  1.3045E-05  9.9999E-01  7.0994E+03  8.1828E-05  3.4346E-12  3.4343E-13  6.5360E-04
 2.9576E+25  1.3245E-05  9.9999E-01  7.0986E+03  8.1828E-05  3.3829E-12  3.4346E-13  6.4473E-04
 2.9669E+25  1.3332E-05  9.9999E-01  7.0978E+03  8.1828E-05  3.3581E-12  3.4350E-13  6.3593E-04
 2.9761E+25  1.3329E-05  9.9999E-01  7.0970E+03  8.1828E-05  3.3622E-12  3.4353E-13  6.2721E-04
 2.9854E+25  1.3532E-05  9.9999E-01  7.0963E+03  8.1828E-05  3.3120E-12  3.4356E-13  6.1871E-04
 2.9947E+25  1.3548E-05  9.9999E-01  7.0955E+03  8.1828E-05  3.3054E-12  3.4359E-13  6.1045E-04
 3.0039E+25  1.3612E-05  9.9999E-01  7.0948E+03  8.1828E-05  3.2928E-12  3.4361E-13  6.0235E-04
 3.0132E+25  1.3819E-05  9.9999E-01  7.0940E+03  8.1828E-05  3.2438E-12  3.4364E-13  5.9431E-04
 3.0224E+25  1.3770E-05  9.9999E-01  7.0933E+03  8.1828E-05  3.2527E-12  3.4367E-13  5.8634E-04
 3.0317E+25  1.3896E-05  9.9999E-01  7.0926E+03  8.1828E-05  3.2263E-12  3.4370E-13  5.7850E-04
 3.0409E+25  1.4105E-05  9.9999E-01  7.0919E+03  8.1828E-05  3.1786E-12  3.4373E-13  5.7090E-04
 3.0502E+25  1.4000E-05  9.9999E-01  7.0912E+03  8.1828E-05  3.2001E-12  3.4375E-13  5.6349E-04
 3.0594E+25  1.4180E-05  9.9999E-01  7.0906E+03  8.1828E-05  3.1622E-12  3.4378E-13  5.5615E-04
 3.0687E+25  1.4372E-05  9.9999E-01  7.0899E+03  8.1828E-05  3.1176E-12  3.4381E-13  5.4886E-04
 3.0780E+25  1.4256E-05  9.9999E-01  7.0892E+03  8.1828E-05  3.1458E-12  3.4383E-13  5.4164E-04
 3.0872E+25  1.4465E-05  9.9999E-01  7.0886E+03  8.1828E-05  3.1007E-12  3.4386E-13  5.3462E-04
 3.0965E+25  1.4620E-05  9.9999E-01  7.0879E+03  8.1828E-05  3.0651E-12  3.4388E-13  5.2778E-04
 3.1057E+25  1.4538E-05  9.9999E-01  7.0873E+03  8.1828E-05  3.0854E-12  3.4391E-13  5.2108E-04
 3.1150E+25  1.4748E-05  9.9999E-01  7.0867E+03  8.1828E-05  3.0416E-12  3.4393E-13  5.1440E-04
 3.1242E+25  1.4877E-05  9.9999E-01  7.0861E+03  8.1828E-05  3.0127E-12  3.4395E-13  5.0779E-04
 3.1335E+25  1.4819E-05  9.9999E-01  7.0855E+03  8.1828E-05  3.0274E-12  3.4398E-13  5.0127E-04
 3.1428E+25  1.5032E-05  9.9998E-01  7.0849E+03  8.1828E-05  2.9848E-12  3.4400E-13  4.9494E-04
 3.1520E+25  1.5143E-05  9.9998E-01  7.0843E+03  8.1828E-05  2.9603E-12  3.4402E-13  4.8878E-04
 3.1613E+25  1.5100E-05  9.9998E-01  7.0837E+03  8.1828E-05  2.9716E-12  3.4405E-13  4.8268E-04
 3.1705E+25  1.5315E-05  9.9998E-01  7.0832E+03  8.1828E-05  2.9301E-12  3.4407E-13  4.7663E-04
 3.1798E+25  1.5418E-05  9.9998E-01  7.0826E+03  8.1828E-05  2.9079E-12  3.4409E-13  4.7063E-04
 3.1890E+25  1.5380E-05  9.9998E-01  7.0821E+03  8.1828E-05  2.9179E-12  3.4411E-13  4.6472E-04
 3.1983E+25  1.5597E-05  9.9998E-01  7.0815E+03  8.1828E-05  2.8775E-12  3.4413E-13  4.5899E-04
 3.2076E+25  1.5703E-05  9.9998E-01  7.0810E+03  8.1828E-05  2.8556E-12  3.4415E-13  4.5340E-04
 3.2168E+25  1.5660E-05  9.9998E-01  7.0805E+03  8.1828E-05  2.8661E-12  3.4418E-13  4.4787E-04
 3.2261E+25  1.5879E-05  9.9998E-01  7.0799E+03  8.1828E-05  2.8269E-12  3.4420E-13  4.4236E-04
 3.2353E+25  1.5998E-05  9.9998E-01  7.0794E+03  8.1828E-05  2.8034E-12  3.4422E-13  4.3691E-04
 3.2446E+25  1.5940E-05  9.9998E-01  7.0789E+03  8.1828E-05  2.8163E-12  3.4424E-13  4.3154E-04
 3.2538E+25  1.6160E-05  9.9998E-01  7.0784E+03  8.1828E-05  2.7781E-12  3.4426E-13  4.2633E-04
 3.2631E+25  1.6304E-05  9.9998E-01  7.0779E+03  8.1828E-05  2.7512E-12  3.4428E-13  4.2126E-04
 3.2724E+25  1.6219E-05  9.9998E-01  7.0774E+03  8.1828E-05  2.7682E-12  3.4429E-13  4.1622E-04
 3.2816E+25  1.6440E-05  9.9998E-01  7.0770E+03  8.1828E-05  2.7311E-12  3.4431E-13  4.1122E-04
 3.2909E+25  1.6621E-05  9.9998E-01  7.0765E+03  8.1828E-05  2.6991E-12  3.4433E-13  4.0625E-04
 3.3001E+25  1.6497E-05  9.9998E-01  7.0760E+03  8.1828E-05  2.7219E-12  3.4435E-13  4.0136E-04
 3.3094E+25  1.6720E-05  9.9998E-01  7.0756E+03  8.1828E-05  2.6858E-12  3.4437E-13  3.9661E-04
 3.3186E+25  1.6941E-05  9.9998E-01  7.0751E+03  8.1828E-05  2.6500E-12  3.4439E-13  3.9198E-04
 3.3279E+25  1.6783E-05  9.9998E-01  7.0747E+03  8.1828E-05  2.6743E-12  3.4440E-13  3.8740E-04
 3.3372E+25  1.6999E-05  9.9998E-01  7.0742E+03  8.1828E-05  2.6421E-12  3.4442E-13  3.8285E-04
 3.3464E+25  1.7227E-05  9.9998E-01  7.0738E+03  8.1828E-05  2.6071E-12  3.4444E-13  3.7833E-04
 3.3557E+25  1.7115E-05  9.9998E-01  7.0733E+03  8.1828E-05  2.6219E-12  3.4446E-13  3.7386E-04
 3.3649E+25  1.7276E-05  9.9998E-01  7.0729E+03  8.1828E-05  2.6000E-12  3.4447E-13  3.6951E-04
 3.3742E+25  1.7507E-05  9.9998E-01  7.0725E+03  8.1828E-05  2.5657E-12  3.4449E-13  3.6526E-04
 3.3834E+25  1.7465E-05  9.9998E-01  7.0721E+03  8.1828E-05  2.5697E-12  3.4450E-13  3.6110E-04
 3.3927E+25  1.7553E-05  9.9998E-01  7.0717E+03  8.1828E-05  2.5593E-12  3.4452E-13  3.5696E-04
 3.4020E+25  1.7786E-05  9.9998E-01  7.0713E+03  8.1828E-05  2.5259E-12  3.4454E-13  3.5284E-04
 3.4112E+25  1.7829E-05  9.9998E-01  7.0709E+03  8.1828E-05  2.5176E-12  3.4455E-13  3.4876E-04
 3.4205E+25  1.7830E-05  9.9998E-01  7.0705E+03  8.1828E-05  2.5198E-12  3.4457E-13  3.4475E-04
 3.4297E+25  1.8063E-05  9.9998E-01  7.0701E+03  8.1828E-05  2.4874E-12  3.4458E-13  3.4084E-04
 3.4390E+25  1.8206E-05  9.9998E-01  7.0697E+03  8.1828E-05  2.4656E-12  3.4460E-13  3.3704E-04
 3.4482E+25  1.8106E-05  9.9998E-01  7.0693E+03  8.1828E-05  2.4817E-12  3.4461E-13  3.3327E-04
 3.4575E+25  1.8338E-05  9.9998E-01  7.0690E+03  8.1828E-05  2.4503E-12  3.4463E-13  3.2952E-04
 3.4668E+25  1.8573E-05  9.9998E-01  7.0686E+03  8.1828E-05  2.4192E-12  3.4464E-13  3.2580E-04
 3.4760E+25  1.8406E-05  9.9998E-01  7.0682E+03  8.1828E-05  2.4395E-12  3.4466E-13  3.2211E-04
 3.4853E+25  1.8613E-05  9.9998E-01  7.0679E+03  8.1828E-05  2.4144E-12  3.4467E-13  3.1851E-04
 3.4945E+25  1.8853E-05  9.9998E-01  7.0675E+03  8.1828E-05  2.3838E-12  3.4468E-13  3.1499E-04
 3.5038E+25  1.8807E-05  9.9998E-01  7.0672E+03  8.1828E-05  2.3874E-12  3.4470E-13  3.1156E-04
 3.5130E+25  1.8888E-05  9.9998E-01  7.0668E+03  8.1828E-05  2.3795E-12  3.4471E-13  3.0814E-04
 3.5223E+25  1.9128E-05  9.9998E-01  7.0665E+03  8.1828E-05  2.3497E-12  3.4472E-13  3.0475E-04
 3.5316E+25  1.9226E-05  9.9998E-01  7.0661E+03  8.1828E-05  2.3356E-12  3.4474E-13  3.0138E-04
 3.5408E+25  1.9162E-05  9.9998E-01  7.0658E+03  8.1828E-05  2.3457E-12  3.4475E-13  2.9803E-04
 3.5501E+25  1.9401E-05  9.9998E-01  7.0655E+03  8.1828E-05  2.3169E-12  3.4476E-13  2.9479E-04
 3.5593E+25  1.9641E-05  9.9998E-01  7.0652E+03  8.1828E-05  2.2883E-12  3.4478E-13  2.9159E-04
 3.5686E+25  1.9456E-05  9.9998E-01  7.0648E+03  8.1828E-05  2.3086E-12  3.4479E-13  2.8849E-04
 3.5778E+25  1.9674E-05  9.9998E-01  7.0645E+03  8.1828E-05  2.2850E-12  3.4480E-13  2.8540E-04
 3.5871E+25  1.9920E-05  9.9998E-01  7.0642E+03  8.1828E-05  2.2568E-12  3.4481E-13  2.8232E-04
 3.5964E+25  1.9902E-05  9.9998E-01  7.0639E+03  8.1828E-05  2.2568E-12  3.4483E-13  2.7927E-04
 3.6056E+25  1.9946E-05  9.9998E-01  7.0636E+03  8.1828E-05  2.2539E-12  3.4484E-13  2.7624E-04
 3.6149E+25  2.0192E-05  9.9998E-01  7.0633E+03  8.1828E-05  2.2266E-12  3.4485E-13  2.7329E-04
 3.6241E+25  2.0369E-05  9.9998E-01  7.0630E+03  8.1828E-05  2.2052E-12  3.4486E-13  2.7039E-04
 3.6334E+25  2.0218E-05  9.9998E-01  7.0627E+03  8.1828E-05  2.2238E-12  3.4487E-13  2.6758E-04
 3.6426E+25  2.0463E-05  9.9998E-01  7.0624E+03  8.1828E-05  2.1973E-12  3.4488E-13  2.6478E-04
 3.6519E+25  2.0713E-05  9.9998E-01  7.0621E+03  8.1828E-05  2.1708E-12  3.4490E-13  2.6198E-04
 3.6612E+25  2.0630E-05  9.9998E-01  7.0618E+03  8.1828E-05  2.1775E-12  3.4491E-13  2.5921E-04
 3.6704E+25  2.0734E-05  9.9998E-01  7.0616E+03  8.1828E-05  2.1688E-12  3.4492E-13  2.5646E-04
 3.6797E+25  2.0984E-05  9.9998E-01  7.0613E+03  8.1828E-05  2.1430E-12  3.4493E-13  2.5377E-04
 3.6889E+25  2.1131E-05  9.9998E-01  7.0610E+03  8.1828E-05  2.1261E-12  3.4494E-13  2.5113E-04
 3.6982E+25  2.1004E-05  9.9998E-01  7.0607E+03  8.1828E-05  2.1410E-12  3.4495E-13  2.4856E-04
 3.7074E+25  2.1253E-05  9.9998E-01  7.0605E+03  8.1828E-05  2.1160E-12  3.4496E-13  2.4603E-04
 3.7167E+25  2.1509E-05  9.9998E-01  7.0602E+03  8.1828E-05  2.0909E-12  3.4497E-13  2.4350E-04
 3.7260E+25  2.1416E-05  9.9998E-01  7.0600E+03  8.1828E-05  2.0979E-12  3.4498E-13  2.4098E-04
 3.7352E+25  2.1523E-05  9.9998E-01  7.0597E+03  8.1828E-05  2.0896E-12  3.4499E-13  2.3848E-04
 3.7445E+25  2.1777E-05  9.9998E-01  7.0594E+03  8.1828E-05  2.0653E-12  3.4500E-13  2.3601E-04
 3.7537E+25  2.1954E-05  9.9998E-01  7.0592E+03  8.1828E-05  2.0467E-12  3.4501E-13  2.3360E-04
 3.7630E+25  2.1792E-05  9.9998E-01  7.0589E+03  8.1828E-05  2.0639E-12  3.4502E-13  2.3124E-04
 3.7722E+25  2.2045E-05  9.9998E-01  7.0587E+03  8.1828E-05  2.0404E-12  3.4503E-13  2.2894E-04
 3.7815E+25  2.2305E-05  9.9998E-01  7.0585E+03  8.1828E-05  2.0166E-12  3.4504E-13  2.2665E-04
 3.7908E+25  2.2267E-05  9.9998E-01  7.0582E+03  8.1828E-05  2.0181E-12  3.4505E-13  2.2436E-04
 3.8000E+25  2.2314E-05  9.9998E-01  7.0580E+03  8.1828E-05  2.0159E-12  3.4506E-13  2.2209E-04
 3.8093E+25  2.2571E-05  9.9998E-01  7.0577E+03  8.1828E-05  1.9930E-12  3.4507E-13  2.1984E-04
 3.8185E+25  2.2827E-05  9.9998E-01  7.0575E+03  8.1828E-05  1.9701E-12  3.4508E-13  2.1762E-04
 3.8278E+25  2.2598E-05  9.9998E-01  7.0573E+03  8.1828E-05  1.9893E-12  3.4509E-13  2.1545E-04
 3.8370E+25  2.2838E-05  9.9998E-01  7.0570E+03  8.1828E-05  1.9698E-12  3.4510E-13  2.1334E-04
 3.8463E+25  2.3101E-05  9.9998E-01  7.0568E+03  8.1828E-05  1.9475E-12  3.4511E-13  2.1126E-04
 3.8556E+25  2.3187E-05  9.9998E-01  7.0566E+03  8.1828E-05  1.9383E-12  3.4511E-13  2.0919E-04
 3.8648E+25  2.3106E-05  9.9998E-01  7.0564E+03  8.1828E-05  1.9471E-12  3.4512E-13  2.0712E-04
 3.8741E+25  2.3365E-05  9.9998E-01  7.0562E+03  8.1828E-05  1.9255E-12  3.4513E-13  2.0507E-04
 3.8833E+25  2.3633E-05  9.9998E-01  7.0560E+03  8.1828E-05  1.9038E-12  3.4514E-13  2.0303E-04
 3.8926E+25  2.3544E-05  9.9998E-01  7.0557E+03  8.1828E-05  1.9091E-12  3.4515E-13  2.0104E-04
 3.9018E+25  2.3633E-05  9.9998E-01  7.0555E+03  8.1828E-05  1.9039E-12  3.4516E-13  1.9908E-04
 3.9111E+25  2.3896E-05  9.9998E-01  7.0553E+03  8.1828E-05  1.8829E-12  3.4517E-13  1.9717E-04
 3.9204E+25  2.4162E-05  9.9998E-01  7.0551E+03  8.1828E-05  1.8618E-12  3.4517E-13  1.9530E-04
 3.9296E+25  2.3920E-05  9.9998E-01  7.0549E+03  8.1828E-05  1.8796E-12  3.4518E-13  1.9342E-04
 3.9389E+25  2.4162E-05  9.9998E-01  7.0547E+03  8.1828E-05  1.8623E-12  3.4519E-13  1.9155E-04
 3.9481E+25  2.4431E-05  9.9998E-01  7.0545E+03  8.1828E-05  1.8419E-12  3.4520E-13  1.8970E-04
 3.9574E+25  2.4576E-05  9.9998E-01  7.0543E+03  8.1828E-05  1.8291E-12  3.4521E-13  1.8786E-04
 3.9666E+25  2.4428E-05  9.9998E-01  7.0541E+03  8.1828E-05  1.8421E-12  3.4521E-13  1.8605E-04
 3.9759E+25  2.4694E-05  9.9998E-01  7.0539E+03  8.1828E-05  1.8223E-12  3.4522E-13  1.8427E-04
 3.9852E+25  2.4968E-05  9.9998E-01  7.0537E+03  8.1828E-05  1.8024E-12  3.4523E-13  1.8254E-04
 3.9944E+25  2.4984E-05  9.9998E-01  7.0535E+03  8.1828E-05  1.7994E-12  3.4524E-13  1.8084E-04
 4.0037E+25  2.4960E-05  9.9998E-01  7.0534E+03  8.1828E-05  1.8030E-12  3.4524E-13  1.7915E-04
 4.0129E+25  2.5229E-05  9.9997E-01  7.0532E+03  8.1828E-05  1.7838E-12  3.4525E-13  1.7746E-04
 4.0222E+25  2.5507E-05  9.9997E-01  7.0530E+03  8.1828E-05  1.7644E-12  3.4526E-13  1.7578E-04
 4.0314E+25  2.5408E-05  9.9997E-01  7.0528E+03  8.1828E-05  1.7695E-12  3.4527E-13  1.7411E-04
 4.0407E+25  2.5494E-05  9.9997E-01  7.0526E+03  8.1828E-05  1.7653E-12  3.4527E-13  1.7246E-04
 4.0500E+25  2.5767E-05  9.9997E-01  7.0525E+03  8.1828E-05  1.7467E-12  3.4528E-13  1.7086E-04
 4.0592E+25  2.6048E-05  9.9997E-01  7.0523E+03  8.1828E-05  1.7279E-12  3.4529E-13  1.6927E-04
 4.0685E+25  2.5850E-05  9.9997E-01  7.0521E+03  8.1828E-05  1.7394E-12  3.4529E-13  1.6773E-04
 4.0777E+25  2.6031E-05  9.9997E-01  7.0519E+03  8.1828E-05  1.7290E-12  3.4530E-13  1.6620E-04
 4.0870E+25  2.6307E-05  9.9997E-01  7.0518E+03  8.1828E-05  1.7110E-12  3.4531E-13  1.6467E-04
 4.0962E+25  2.6585E-05  9.9997E-01  7.0516E+03  8.1828E-05  1.6927E-12  3.4531E-13  1.6315E-04
 4.1055E+25  2.6316E-05  9.9997E-01  7.0514E+03  8.1828E-05  1.7091E-12  3.4532E-13  1.6164E-04
 4.1148E+25  2.6570E-05  9.9997E-01  7.0513E+03  8.1828E-05  1.6941E-12  3.4533E-13  1.6014E-04
 4.1240E+25  2.6849E-05  9.9997E-01  7.0511E+03  8.1828E-05  1.6765E-12  3.4533E-13  1.5867E-04
 4.1333E+25  2.7093E-05  9.9997E-01  7.0509E+03  8.1828E-05  1.6598E-12  3.4534E-13  1.5722E-04
 4.1425E+25  2.6833E-05  9.9997E-01  7.0508E+03  8.1828E-05  1.6775E-12  3.4535E-13  1.5580E-04
 4.1518E+25  2.7112E-05  9.9997E-01  7.0506E+03  8.1828E-05  1.6603E-12  3.4535E-13  1.5442E-04
 4.1610E+25  2.7394E-05  9.9997E-01  7.0505E+03  8.1828E-05  1.6433E-12  3.4536E-13  1.5304E-04
 4.1703E+25  2.7598E-05  9.9997E-01  7.0503E+03  8.1828E-05  1.6295E-12  3.4536E-13  1.5166E-04
 4.1796E+25  2.7374E-05  9.9997E-01  7.0502E+03  8.1828E-05  1.6445E-12  3.4537E-13  1.5029E-04
 4.1888E+25  2.7657E-05  9.9997E-01  7.0500E+03  8.1828E-05  1.6277E-12  3.4538E-13  1.4893E-04
 4.1981E+25  2.7941E-05  9.9997E-01  7.0498E+03  8.1828E-05  1.6112E-12  3.4538E-13  1.4758E-04
 4.2073E+25  2.8125E-05  9.9997E-01  7.0497E+03  8.1828E-05  1.5990E-12  3.4539E-13  1.4626E-04
 4.2166E+25  2.7918E-05  9.9997E-01  7.0496E+03  8.1828E-05  1.6125E-12  3.4539E-13  1.4495E-04
 4.2258E+25  2.8204E-05  9.9997E-01  7.0494E+03  8.1828E-05  1.5962E-12  3.4540E-13  1.4368E-04
 4.2351E+25  2.8491E-05  9.9997E-01  7.0493E+03  8.1828E-05  1.5802E-12  3.4541E-13  1.4244E-04
 4.2443E+25  2.8672E-05  9.9997E-01  7.0491E+03  8.1828E-05  1.5686E-12  3.4541E-13  1.4119E-04
 4.2536E+25  2.8465E-05  9.9997E-01  7.0490E+03  8.1828E-05  1.5816E-12  3.4542E-13  1.3995E-04
 4.2629E+25  2.8753E-05  9.9997E-01  7.0488E+03  8.1828E-05  1.5658E-12  3.4542E-13  1.3871E-04
 4.2721E+25  2.9042E-05  9.9997E-01  7.0487E+03  8.1828E-05  1.5503E-12  3.4543E-13  1.3748E-04
 4.2814E+25  2.9242E-05  9.9997E-01  7.0486E+03  8.1828E-05  1.5381E-12  3.4543E-13  1.3626E-04
 4.2906E+25  2.9014E-05  9.9997E-01  7.0484E+03  8.1828E-05  1.5518E-12  3.4544E-13  1.3507E-04
 4.2999E+25  2.9305E-05  9.9997E-01  7.0483E+03  8.1828E-05  1.5364E-12  3.4544E-13  1.3389E-04
 4.3091E+25  2.9596E-05  9.9997E-01  7.0482E+03  8.1828E-05  1.5213E-12  3.4545E-13  1.3273E-04
 4.3184E+25  2.9836E-05  9.9997E-01  7.0480E+03  8.1828E-05  1.5076E-12  3.4545E-13  1.3161E-04
 4.3277E+25  2.9566E-05  9.9997E-01  7.0479E+03  8.1828E-05  1.5229E-12  3.4546E-13  1.3049E-04
 4.3369E+25  2.9859E-05  9.9997E-01  7.0478E+03  8.1828E-05  1.5080E-12  3.4546E-13  1.2937E-04
 4.3462E+25  3.0153E-05  9.9997E-01  7.0476E+03  8.1828E-05  1.4933E-12  3.4547E-13  1.2825E-04
 4.3554E+25  3.0442E-05  9.9997E-01  7.0475E+03  8.1828E-05  1.4785E-12  3.4547E-13  1.2715E-04
 4.3647E+25  3.0133E-05  9.9997E-01  7.0474E+03  8.1828E-05  1.4934E-12  3.4548E-13  1.2604E-04
 4.3739E+25  3.0414E-05  9.9997E-01  7.0473E+03  8.1828E-05  1.4805E-12  3.4548E-13  1.2496E-04
 4.3832E+25  3.0713E-05  9.9997E-01  7.0471E+03  8.1828E-05  1.4661E-12  3.4549E-13  1.2389E-04
 4.3925E+25  3.1014E-05  9.9997E-01  7.0470E+03  8.1828E-05  1.4519E-12  3.4549E-13  1.2284E-04
 4.4017E+25  3.0761E-05  9.9997E-01  7.0469E+03  8.1828E-05  1.4624E-12  3.4550E-13  1.2182E-04
 4.4110E+25  3.0972E-05  9.9997E-01  7.0468E+03  8.1828E-05  1.4539E-12  3.4550E-13  1.2081E-04
 4.4202E+25  3.1275E-05  9.9997E-01  7.0467E+03  8.1828E-05  1.4399E-12  3.4551E-13  1.1980E-04
 4.4295E+25  3.1577E-05  9.9997E-01  7.0465E+03  8.1828E-05  1.4261E-12  3.4551E-13  1.1879E-04
 4.4387E+25  3.1424E-05  9.9997E-01  7.0464E+03  8.1828E-05  1.4316E-12  3.4552E-13  1.1779E-04
 4.4480E+25  3.1535E-05  9.9997E-01  7.0463E+03  8.1828E-05  1.4281E-12  3.4552E-13  1.1679E-04
 4.4573E+25  3.1839E-05  9.9997E-01  7.0462E+03  8.1828E-05  1.4144E-12  3.4553E-13  1.1580E-04
 4.4665E+25  3.2143E-05  9.9997E-01  7.0461E+03  8.1828E-05  1.4011E-12  3.4553E-13  1.1483E-04
 4.4758E+25  3.2115E-05  9.9997E-01  7.0459E+03  8.1828E-05  1.4008E-12  3.4554E-13  1.1387E-04
 4.4850E+25  3.2100E-05  9.9997E-01  7.0458E+03  8.1828E-05  1.4029E-12  3.4554E-13  1.1293E-04
 4.4943E+25  3.2405E-05  9.9997E-01  7.0457E+03  8.1828E-05  1.3898E-12  3.4554E-13  1.1202E-04
 4.5035E+25  3.2712E-05  9.9997E-01  7.0456E+03  8.1828E-05  1.3767E-12  3.4555E-13  1.1111E-04
 4.5128E+25  3.2833E-05  9.9997E-01  7.0455E+03  8.1828E-05  1.3703E-12  3.4555E-13  1.1020E-04
 4.5221E+25  3.2669E-05  9.9997E-01  7.0454E+03  8.1828E-05  1.3786E-12  3.4556E-13  1.0930E-04
 4.5313E+25  3.2973E-05  9.9997E-01  7.0453E+03  8.1828E-05  1.3659E-12  3.4556E-13  1.0839E-04
 4.5406E+25  3.3285E-05  9.9997E-01  7.0452E+03  8.1828E-05  1.3531E-12  3.4557E-13  1.0750E-04
 4.5498E+25  3.3576E-05  9.9997E-01  7.0451E+03  8.1828E-05  1.3406E-12  3.4557E-13  1.0661E-04
 4.5591E+25  3.3243E-05  9.9997E-01  7.0450E+03  8.1828E-05  1.3543E-12  3.4557E-13  1.0574E-04
 4.5683E+25  3.3545E-05  9.9997E-01  7.0449E+03  8.1828E-05  1.3426E-12  3.4558E-13  1.0487E-04
 4.5776E+25  3.3860E-05  9.9997E-01  7.0448E+03  8.1828E-05  1.3302E-12  3.4558E-13  1.0403E-04
 4.5869E+25  3.4173E-05  9.9997E-01  7.0447E+03  8.1828E-05  1.3180E-12  3.4559E-13  1.0321E-04
 4.5961E+25  3.3994E-05  9.9997E-01  7.0446E+03  8.1828E-05  1.3236E-12  3.4559E-13  1.0239E-04
 4.6054E+25  3.4123E-05  9.9997E-01  7.0445E+03  8.1828E-05  1.3200E-12  3.4559E-13  1.0157E-04
 4.6146E+25  3.4435E-05  9.9997E-01  7.0444E+03  8.1828E-05  1.3080E-12  3.4560E-13  1.0076E-04
 4.6239E+25  3.4754E-05  9.9997E-01  7.0443E+03  8.1828E-05  1.2960E-12  3.4560E-13  9.9944E-05
 4.6331E+25  3.4796E-05  9.9997E-01  7.0442E+03  8.1828E-05  1.2931E-12  3.4561E-13  9.9136E-05
 4.6424E+25  3.4701E-05  9.9997E-01  7.0441E+03  8.1828E-05  1.2980E-12  3.4561E-13  9.8333E-05
 4.6517E+25  3.5015E-05  9.9996E-01  7.0440E+03  8.1828E-05  1.2864E-12  3.4561E-13  9.7546E-05
 4.6609E+25  3.5337E-05  9.9996E-01  7.0439E+03  8.1828E-05  1.2747E-12  3.4562E-13  9.6764E-05
 4.6702E+25  3.5630E-05  9.9996E-01  7.0438E+03  8.1828E-05  1.2633E-12  3.4562E-13  9.6003E-05
 4.6794E+25  3.5282E-05  9.9996E-01  7.0437E+03  8.1828E-05  1.2763E-12  3.4563E-13  9.5265E-05
 4.6887E+25  3.5601E-05  9.9996E-01  7.0436E+03  8.1828E-05  1.2653E-12  3.4563E-13  9.4528E-05
 4.6979E+25  3.5920E-05  9.9996E-01  7.0435E+03  8.1828E-05  1.2541E-12  3.4563E-13  9.3790E-05
 4.7072E+25  3.6247E-05  9.9996E-01  7.0434E+03  8.1828E-05  1.2427E-12  3.4564E-13  9.3055E-05
 4.7165E+25  3.6117E-05  9.9996E-01  7.0433E+03  8.1828E-05  1.2459E-12  3.4564E-13  9.2323E-05
 4.7257E+25  3.6188E-05  9.9996E-01  7.0433E+03  8.1828E-05  1.2448E-12  3.4564E-13  9.1594E-05
 4.7350E+25  3.6508E-05  9.9996E-01  7.0432E+03  8.1828E-05  1.2339E-12  3.4565E-13  9.0868E-05
 4.7442E+25  3.6838E-05  9.9996E-01  7.0431E+03  8.1828E-05  1.2228E-12  3.4565E-13  9.0156E-05
 4.7535E+25  3.7017E-05  9.9996E-01  7.0430E+03  8.1828E-05  1.2156E-12  3.4565E-13  8.9449E-05
 4.7627E+25  3.6774E-05  9.9996E-01  7.0429E+03  8.1828E-05  1.2250E-12  3.4566E-13  8.8752E-05
 4.7720E+25  3.7104E-05  9.9996E-01  7.0428E+03  8.1828E-05  1.2141E-12  3.4566E-13  8.8082E-05
 4.7813E+25  3.7429E-05  9.9996E-01  7.0427E+03  8.1828E-05  1.2036E-12  3.4566E-13  8.7419E-05
 4.7905E+25  3.7764E-05  9.9996E-01  7.0426E+03  8.1828E-05  1.1929E-12  3.4567E-13  8.6755E-05
 4.7998E+25  3.7551E-05  9.9996E-01  7.0426E+03  8.1828E-05  1.1984E-12  3.4567E-13  8.6092E-05
 4.8090E+25  3.7698E-05  9.9996E-01  7.0425E+03  8.1828E-05  1.1950E-12  3.4567E-13  8.5432E-05
 4.8183E+25  3.8028E-05  9.9996E-01  7.0424E+03  8.1828E-05  1.1846E-12  3.4568E-13  8.4776E-05
 4.8275E+25  3.8363E-05  9.9996E-01  7.0423E+03  8.1828E-05  1.1744E-12  3.4568E-13  8.4120E-05
 4.8368E+25  3.8520E-05  9.9996E-01  7.0422E+03  8.1828E-05  1.1683E-12  3.4568E-13  8.3470E-05
 4.8461E+25  3.8291E-05  9.9996E-01  7.0422E+03  8.1828E-05  1.1766E-12  3.4569E-13  8.2831E-05
 4.8553E+25  3.8632E-05  9.9996E-01  7.0421E+03  8.1828E-05  1.1662E-12  3.4569E-13  8.2196E-05
 4.8646E+25  3.8963E-05  9.9996E-01  7.0420E+03  8.1828E-05  1.1563E-12  3.4569E-13  8.1574E-05
 4.8738E+25  3.9305E-05  9.9996E-01  7.0419E+03  8.1828E-05  1.1462E-12  3.4570E-13  8.0975E-05
 4.8831E+25  3.9110E-05  9.9996E-01  7.0418E+03  8.1828E-05  1.1507E-12  3.4570E-13  8.0379E-05
 4.8923E+25  3.9232E-05  9.9996E-01  7.0418E+03  8.1828E-05  1.1484E-12  3.4570E-13  7.9784E-05
 4.9016E+25  3.9575E-05  9.9996E-01  7.0417E+03  8.1828E-05  1.1384E-12  3.4571E-13  7.9187E-05
 4.9109E+25  3.9910E-05  9.9996E-01  7.0416E+03  8.1828E-05  1.1289E-12  3.4571E-13  7.8594E-05
 4.9201E+25  4.0150E-05  9.9996E-01  7.0415E+03  8.1828E-05  1.1209E-12  3.4571E-13  7.8002E-05
 4.9294E+25  3.9835E-05  9.9996E-01  7.0415E+03  8.1828E-05  1.1310E-12  3.4571E-13  7.7414E-05
 4.9386E+25  4.0183E-05  9.9996E-01  7.0414E+03  8.1828E-05  1.1213E-12  3.4572E-13  7.6829E-05
 4.9479E+25  4.0526E-05  9.9996E-01  7.0413E+03  8.1828E-05  1.1117E-12  3.4572E-13  7.6255E-05
 4.9571E+25  4.0870E-05  9.9996E-01  7.0412E+03  8.1828E-05  1.1024E-12  3.4572E-13  7.5683E-05
 4.9664E+25  4.0803E-05  9.9996E-01  7.0412E+03  8.1828E-05  1.1030E-12  3.4573E-13  7.5122E-05
 4.9757E+25  4.0790E-05  9.9996E-01  7.0411E+03  8.1828E-05  1.1046E-12  3.4573E-13  7.4583E-05
 4.9849E+25  4.1144E-05  9.9996E-01  7.0410E+03  8.1828E-05  1.0951E-12  3.4573E-13  7.4047E-05
 4.9942E+25  4.1489E-05  9.9996E-01  7.0410E+03  8.1828E-05  1.0860E-12  3.4573E-13  7.3512E-05
 5.0034E+25  4.1837E-05  9.9996E-01  7.0409E+03  8.1828E-05  1.0769E-12  3.4574E-13  7.2977E-05
 5.0127E+25  4.1488E-05  9.9996E-01  7.0408E+03  8.1828E-05  1.0849E-12  3.4574E-13  7.2443E-05
 5.0219E+25  4.1758E-05  9.9996E-01  7.0407E+03  8.1828E-05  1.0790E-12  3.4574E-13  7.1911E-05
 5.0312E+25  4.2115E-05  9.9996E-01  7.0407E+03  8.1828E-05  1.0699E-12  3.4575E-13  7.1382E-05
 5.0405E+25  4.2463E-05  9.9996E-01  7.0406E+03  8.1828E-05  1.0611E-12  3.4575E-13  7.0855E-05
 5.0497E+25  4.2633E-05  9.9996E-01  7.0405E+03  8.1828E-05  1.0557E-12  3.4575E-13  7.0335E-05
 5.0590E+25  4.2384E-05  9.9996E-01  7.0405E+03  8.1828E-05  1.0631E-12  3.4575E-13  6.9820E-05
 5.0682E+25  4.2736E-05  9.9996E-01  7.0404E+03  8.1828E-05  1.0544E-12  3.4576E-13  6.9309E-05
 5.0775E+25  4.3098E-05  9.9996E-01  7.0403E+03  8.1828E-05  1.0455E-12  3.4576E-13  6.8820E-05
 5.0867E+25  4.3449E-05  9.9996E-01  7.0403E+03  8.1828E-05  1.0371E-12  3.4576E-13  6.8338E-05
 5.0960E+25  4.3384E-05  9.9996E-01  7.0402E+03  8.1828E-05  1.0375E-12  3.4576E-13  6.7858E-05
 5.1053E+25  4.3367E-05  9.9996E-01  7.0401E+03  8.1828E-05  1.0390E-12  3.4577E-13  6.7376E-05
 5.1145E+25  4.3726E-05  9.9996E-01  7.0401E+03  8.1828E-05  1.0306E-12  3.4577E-13  6.6896E-05
 5.1238E+25  4.4091E-05  9.9996E-01  7.0400E+03  8.1828E-05  1.0220E-12  3.4577E-13  6.6417E-05
 5.1330E+25  4.4445E-05  9.9996E-01  7.0399E+03  8.1828E-05  1.0138E-12  3.4577E-13  6.5941E-05
 5.1423E+25  4.4168E-05  9.9996E-01  7.0399E+03  8.1828E-05  1.0191E-12  3.4578E-13  6.5466E-05
 5.1515E+25  4.4363E-05  9.9996E-01  7.0398E+03  8.1828E-05  1.0157E-12  3.4578E-13  6.4995E-05
 5.1608E+25  4.4726E-05  9.9996E-01  7.0398E+03  8.1828E-05  1.0075E-12  3.4578E-13  6.4530E-05
 5.1701E+25  4.5096E-05  9.9995E-01  7.0397E+03  8.1828E-05  9.9925E-13  3.4578E-13  6.4067E-05
 5.1793E+25  4.5422E-05  9.9995E-01  7.0396E+03  8.1828E-05  9.9137E-13  3.4579E-13  6.3613E-05
 5.1886E+25  4.5017E-05  9.9995E-01  7.0396E+03  8.1828E-05  1.0006E-12  3.4579E-13  6.3177E-05
 5.1978E+25  4.5370E-05  9.9995E-01  7.0395E+03  8.1828E-05  9.9320E-13  3.4579E-13  6.2745E-05
 5.2071E+25  4.5739E-05  9.9995E-01  7.0395E+03  8.1828E-05  9.8526E-13  3.4579E-13  6.2314E-05
 5.2163E+25  4.6113E-05  9.9995E-01  7.0394E+03  8.1828E-05  9.7724E-13  3.4580E-13  6.1881E-05
 5.2256E+25  4.6285E-05  9.9995E-01  7.0393E+03  8.1828E-05  9.7253E-13  3.4580E-13  6.1451E-05
 5.2349E+25  4.6028E-05  9.9995E-01  7.0393E+03  8.1828E-05  9.7907E-13  3.4580E-13  6.1021E-05
 5.2441E+25  4.6391E-05  9.9995E-01  7.0392E+03  8.1828E-05  9.7139E-13  3.4580E-13  6.0593E-05
 5.2534E+25  4.6762E-05  9.9995E-01  7.0392E+03  8.1828E-05  9.6372E-13  3.4581E-13  6.0167E-05
 5.2626E+25  4.7142E-05  9.9995E-01  7.0391E+03  8.1828E-05  9.5594E-13  3.4581E-13  5.9743E-05
 5.2719E+25  4.7179E-05  9.9995E-01  7.0390E+03  8.1828E-05  9.5412E-13  3.4581E-13  5.9326E-05
 5.2811E+25  4.7055E-05  9.9995E-01  7.0390E+03  8.1828E-05  9.5771E-13  3.4581E-13  5.8910E-05
 5.2904E+25  4.7424E-05  9.9995E-01  7.0389E+03  8.1828E-05  9.5026E-13  3.4581E-13  5.8502E-05
 5.2997E+25  4.7798E-05  9.9995E-01  7.0389E+03  8.1828E-05  9.4287E-13  3.4582E-13  5.8111E-05
 5.3089E+25  4.8183E-05  9.9995E-01  7.0388E+03  8.1828E-05  9.3533E-13  3.4582E-13  5.7723E-05
 5.3182E+25  4.8112E-05  9.9995E-01  7.0388E+03  8.1828E-05  9.3564E-13  3.4582E-13  5.7336E-05
 5.3274E+25  4.8096E-05  9.9995E-01  7.0387E+03  8.1828E-05  9.3702E-13  3.4582E-13  5.6948E-05
 5.3367E+25  4.8470E-05  9.9995E-01  7.0387E+03  8.1828E-05  9.2978E-13  3.4583E-13  5.6560E-05
 5.3459E+25  4.8845E-05  9.9995E-01  7.0386E+03  8.1828E-05  9.2266E-13  3.4583E-13  5.6175E-05
 5.3552E+25  4.9236E-05  9.9995E-01  7.0385E+03  8.1828E-05  9.1535E-13  3.4583E-13  5.5791E-05
 5.3645E+25  4.9083E-05  9.9995E-01  7.0385E+03  8.1828E-05  9.1714E-13  3.4583E-13  5.5408E-05
 5.3737E+25  4.9149E-05  9.9995E-01  7.0384E+03  8.1828E-05  9.1697E-13  3.4583E-13  5.5026E-05
 5.3830E+25  4.9529E-05  9.9995E-01  7.0384E+03  8.1828E-05  9.0992E-13  3.4584E-13  5.4650E-05
 5.3922E+25  4.9906E-05  9.9995E-01  7.0383E+03  8.1828E-05  9.0307E-13  3.4584E-13  5.4276E-05
 5.4015E+25  5.0302E-05  9.9995E-01  7.0383E+03  8.1828E-05  8.9598E-13  3.4584E-13  5.3905E-05
 5.4107E+25  5.0095E-05  9.9995E-01  7.0382E+03  8.1828E-05  8.9864E-13  3.4584E-13  5.3550E-05
 5.4200E+25  5.0215E-05  9.9995E-01  7.0382E+03  8.1828E-05  8.9753E-13  3.4584E-13  5.3201E-05
 5.4292E+25  5.0602E-05  9.9995E-01  7.0381E+03  8.1828E-05  8.9065E-13  3.4585E-13  5.2854E-05
 5.4385E+25  5.0981E-05  9.9995E-01  7.0381E+03  8.1828E-05  8.8404E-13  3.4585E-13  5.2507E-05
 5.4478E+25  5.1380E-05  9.9995E-01  7.0380E+03  8.1828E-05  8.7719E-13  3.4585E-13  5.2159E-05
 5.4570E+25  5.1149E-05  9.9995E-01  7.0380E+03  8.1828E-05  8.8015E-13  3.4585E-13  5.1812E-05
 5.4663E+25  5.1293E-05  9.9995E-01  7.0379E+03  8.1828E-05  8.7870E-13  3.4585E-13  5.1467E-05
 5.4755E+25  5.1688E-05  9.9995E-01  7.0379E+03  8.1828E-05  8.7197E-13  3.4586E-13  5.1122E-05
 5.4848E+25  5.2073E-05  9.9995E-01  7.0378E+03  8.1828E-05  8.6551E-13  3.4586E-13  5.0779E-05
 5.4940E+25  5.2472E-05  9.9995E-01  7.0378E+03  8.1828E-05  8.5897E-13  3.4586E-13  5.0439E-05
 5.5033E+25  5.2244E-05  9.9995E-01  7.0377E+03  8.1828E-05  8.6175E-13  3.4586E-13  5.0102E-05
 5.5126E+25  5.2386E-05  9.9995E-01  7.0377E+03  8.1828E-05  8.6036E-13  3.4586E-13  4.9766E-05
 5.5218E+25  5.2787E-05  9.9995E-01  7.0376E+03  8.1828E-05  8.5384E-13  3.4587E-13  4.9436E-05
 5.5311E+25  5.3180E-05  9.9995E-01  7.0376E+03  8.1828E-05  8.4751E-13  3.4587E-13  4.9121E-05
 5.5403E+25  5.3576E-05  9.9995E-01  7.0375E+03  8.1828E-05  8.4129E-13  3.4587E-13  4.8809E-05
 5.5496E+25  5.3378E-05  9.9995E-01  7.0375E+03  8.1828E-05  8.4346E-13  3.4587E-13  4.8497E-05
 5.5588E+25  5.3499E-05  9.9995E-01  7.0375E+03  8.1828E-05  8.4247E-13  3.4587E-13  4.8186E-05
 5.5681E+25  5.3900E-05  9.9995E-01  7.0374E+03  8.1828E-05  8.3623E-13  3.4588E-13  4.7874E-05
 5.5774E+25  5.4301E-05  9.9995E-01  7.0374E+03  8.1828E-05  8.3005E-13  3.4588E-13  4.7563E-05
 5.5866E+25  5.4696E-05  9.9995E-01  7.0373E+03  8.1828E-05  8.2406E-13  3.4588E-13  4.7254E-05
 5.5959E+25  5.4556E-05  9.9995E-01  7.0373E+03  8.1828E-05  8.2527E-13  3.4588E-13  4.6945E-05
 5.6051E+25  5.4629E-05  9.9995E-01  7.0372E+03  8.1828E-05  8.2506E-13  3.4588E-13  4.6637E-05
 5.6144E+25  5.5026E-05  9.9994E-01  7.0372E+03  8.1828E-05  8.1915E-13  3.4588E-13  4.6332E-05
 5.6236E+25  5.5436E-05  9.9994E-01  7.0371E+03  8.1828E-05  8.1308E-13  3.4589E-13  4.6029E-05
 5.6329E+25  5.5837E-05  9.9994E-01  7.0371E+03  8.1828E-05  8.0723E-13  3.4589E-13  4.5727E-05
 5.6422E+25  5.5776E-05  9.9994E-01  7.0370E+03  8.1828E-05  8.0724E-13  3.4589E-13  4.5431E-05
 5.6514E+25  5.5773E-05  9.9994E-01  7.0370E+03  8.1828E-05  8.0818E-13  3.4589E-13  4.5148E-05
 5.6607E+25  5.6168E-05  9.9994E-01  7.0370E+03  8.1828E-05  8.0248E-13  3.4589E-13  4.4867E-05
 5.6699E+25  5.6585E-05  9.9994E-01  7.0369E+03  8.1828E-05  7.9660E-13  3.4589E-13  4.4589E-05
 5.6792E+25  5.6995E-05  9.9994E-01  7.0369E+03  8.1828E-05  7.9085E-13  3.4590E-13  4.4309E-05
 5.6884E+25  5.7041E-05  9.9994E-01  7.0368E+03  8.1828E-05  7.8934E-13  3.4590E-13  4.4030E-05
 5.6977E+25  5.6927E-05  9.9994E-01  7.0368E+03  8.1828E-05  7.9182E-13  3.4590E-13  4.3751E-05
 5.7070E+25  5.7335E-05  9.9994E-01  7.0367E+03  8.1828E-05  7.8616E-13  3.4590E-13  4.3473E-05
 5.7162E+25  5.7747E-05  9.9994E-01  7.0367E+03  8.1828E-05  7.8059E-13  3.4590E-13  4.3196E-05
 5.7255E+25  5.8167E-05  9.9994E-01  7.0366E+03  8.1828E-05  7.7494E-13  3.4591E-13  4.2920E-05
 5.7347E+25  5.8359E-05  9.9994E-01  7.0366E+03  8.1828E-05  7.7153E-13  3.4591E-13  4.2645E-05
 5.7440E+25  5.8097E-05  9.9994E-01  7.0366E+03  8.1828E-05  7.7589E-13  3.4591E-13  4.2373E-05
 5.7532E+25  5.8519E-05  9.9994E-01  7.0365E+03  8.1828E-05  7.7029E-13  3.4591E-13  4.2102E-05
 5.7625E+25  5.8924E-05  9.9994E-01  7.0365E+03  8.1828E-05  7.6499E-13  3.4591E-13  4.1832E-05
 5.7718E+25  5.9353E-05  9.9994E-01  7.0364E+03  8.1828E-05  7.5948E-13  3.4591E-13  4.1575E-05
 5.7810E+25  5.9725E-05  9.9994E-01  7.0364E+03  8.1828E-05  7.5411E-13  3.4592E-13  4.1322E-05
 5.7903E+25  5.9285E-05  9.9994E-01  7.0364E+03  8.1828E-05  7.6013E-13  3.4592E-13  4.1072E-05
 5.7995E+25  5.9711E-05  9.9994E-01  7.0363E+03  8.1828E-05  7.5493E-13  3.4592E-13  4.0822E-05
 5.8088E+25  6.0130E-05  9.9994E-01  7.0363E+03  8.1828E-05  7.4965E-13  3.4592E-13  4.0571E-05
 5.8180E+25  6.0553E-05  9.9994E-01  7.0362E+03  8.1828E-05  7.4445E-13  3.4592E-13  4.0322E-05
 5.8273E+25  6.0982E-05  9.9994E-01  7.0362E+03  8.1828E-05  7.3917E-13  3.4592E-13  4.0072E-05
 5.8366E+25  6.0653E-05  9.9994E-01  7.0362E+03  8.1828E-05  7.4241E-13  3.4592E-13  3.9824E-05
 5.8458E+25  6.0919E-05  9.9994E-01  7.0361E+03  8.1828E-05  7.3998E-13  3.4593E-13  3.9576E-05
 5.8551E+25  6.1353E-05  9.9994E-01  7.0361E+03  8.1828E-05  7.3474E-13  3.4593E-13  3.9328E-05
 5.8643E+25  6.1770E-05  9.9994E-01  7.0360E+03  8.1828E-05  7.2977E-13  3.4593E-13  3.9082E-05
 5.8736E+25  6.2210E-05  9.9994E-01  7.0360E+03  8.1828E-05  7.2463E-13  3.4593E-13  3.8838E-05
 5.8828E+25  6.2117E-05  9.9994E-01  7.0360E+03  8.1828E-05  7.2491E-13  3.4593E-13  3.8595E-05
 5.8921E+25  6.2147E-05  9.9994E-01  7.0359E+03  8.1828E-05  7.2536E-13  3.4593E-13  3.8355E-05
 5.9014E+25  6.2585E-05  9.9994E-01  7.0359E+03  8.1828E-05  7.2030E-13  3.4594E-13  3.8127E-05
 5.9106E+25  6.3020E-05  9.9994E-01  7.0358E+03  8.1828E-05  7.1531E-13  3.4594E-13  3.7900E-05
 5.9199E+25  6.3449E-05  9.9994E-01  7.0358E+03  8.1828E-05  7.1051E-13  3.4594E-13  3.7677E-05
 5.9291E+25  6.3628E-05  9.9994E-01  7.0358E+03  8.1828E-05  7.0771E-13  3.4594E-13  3.7453E-05
 5.9384E+25  6.3405E-05  9.9994E-01  7.0357E+03  8.1828E-05  7.1097E-13  3.4594E-13  3.7228E-05
 5.9476E+25  6.3833E-05  9.9994E-01  7.0357E+03  8.1828E-05  7.0623E-13  3.4594E-13  3.7004E-05
 5.9569E+25  6.4281E-05  9.9994E-01  7.0356E+03  8.1828E-05  7.0132E-13  3.4595E-13  3.6781E-05
 5.9662E+25  6.4714E-05  9.9994E-01  7.0356E+03  8.1828E-05  6.9660E-13  3.4595E-13  3.6558E-05
 5.9754E+25  6.5140E-05  9.9993E-01  7.0356E+03  8.1828E-05  6.9187E-13  3.4595E-13  3.6336E-05
 5.9847E+25  6.4722E-05  9.9994E-01  7.0355E+03  8.1828E-05  6.9596E-13  3.4595E-13  3.6114E-05
 5.9939E+25  6.5111E-05  9.9993E-01  7.0355E+03  8.1828E-05  6.9236E-13  3.4595E-13  3.5894E-05
 6.0032E+25  6.5554E-05  9.9993E-01  7.0355E+03  8.1828E-05  6.8771E-13  3.4595E-13  3.5675E-05
 6.0124E+25  6.6007E-05  9.9993E-01  7.0354E+03  8.1828E-05  6.8299E-13  3.4595E-13  3.5456E-05
 6.0217E+25  6.6440E-05  9.9993E-01  7.0354E+03  8.1828E-05  6.7853E-13  3.4596E-13  3.5240E-05
 6.0310E+25  6.6315E-05  9.9993E-01  7.0353E+03  8.1828E-05  6.7907E-13  3.4596E-13  3.5034E-05
 6.0402E+25  6.6413E-05  9.9993E-01  7.0353E+03  8.1828E-05  6.7881E-13  3.4596E-13  3.4831E-05
 6.0495E+25  6.6852E-05  9.9993E-01  7.0353E+03  8.1828E-05  6.7435E-13  3.4596E-13  3.4630E-05
 6.0587E+25  6.7305E-05  9.9993E-01  7.0352E+03  8.1828E-05  6.6983E-13  3.4596E-13  3.4430E-05
 6.0680E+25  6.7761E-05  9.9993E-01  7.0352E+03  8.1828E-05  6.6530E-13  3.4596E-13  3.4229E-05
 6.0772E+25  6.7969E-05  9.9993E-01  7.0352E+03  8.1828E-05  6.6257E-13  3.4596E-13  3.4029E-05
 6.0865E+25  6.7733E-05  9.9993E-01  7.0351E+03  8.1828E-05  6.6560E-13  3.4597E-13  3.3829E-05
 6.0958E+25  6.8182E-05  9.9993E-01  7.0351E+03  8.1828E-05  6.6121E-13  3.4597E-13  3.3629E-05
 6.1050E+25  6.8626E-05  9.9993E-01  7.0351E+03  8.1828E-05  6.5694E-13  3.4597E-13  3.3430E-05
 6.1143E+25  6.9089E-05  9.9993E-01  7.0350E+03  8.1828E-05  6.5255E-13  3.4597E-13  3.3231E-05
 6.1235E+25  6.9541E-05  9.9993E-01  7.0350E+03  8.1828E-05  6.4824E-13  3.4597E-13  3.3032E-05
 6.1328E+25  6.9215E-05  9.9993E-01  7.0350E+03  8.1828E-05  6.5070E-13  3.4597E-13  3.2836E-05
 6.1420E+25  6.9528E-05  9.9993E-01  7.0349E+03  8.1828E-05  6.4843E-13  3.4597E-13  3.2640E-05
 6.1513E+25  6.9983E-05  9.9993E-01  7.0349E+03  8.1828E-05  6.4421E-13  3.4598E-13  3.2444E-05
 6.1606E+25  7.0435E-05  9.9993E-01  7.0349E+03  8.1828E-05  6.4009E-13  3.4598E-13  3.2254E-05
 6.1698E+25  7.0906E-05  9.9993E-01  7.0348E+03  8.1828E-05  6.3585E-13  3.4598E-13  3.2072E-05
 6.1791E+25  7.0978E-05  9.9993E-01  7.0348E+03  8.1828E-05  6.3448E-13  3.4598E-13  3.1890E-05
 6.1883E+25  7.0893E-05  9.9993E-01  7.0348E+03  8.1828E-05  6.3596E-13  3.4598E-13  3.1711E-05
 6.1976E+25  7.1356E-05  9.9993E-01  7.0347E+03  8.1828E-05  6.3182E-13  3.4598E-13  3.1532E-05
 6.2068E+25  7.1819E-05  9.9993E-01  7.0347E+03  8.1828E-05  6.2775E-13  3.4598E-13  3.1352E-05
 6.2161E+25  7.2279E-05  9.9993E-01  7.0346E+03  8.1828E-05  6.2377E-13  3.4598E-13  3.1173E-05
 6.2254E+25  7.2740E-05  9.9993E-01  7.0346E+03  8.1828E-05  6.1969E-13  3.4599E-13  3.0994E-05
 6.2346E+25  7.2344E-05  9.9993E-01  7.0346E+03  8.1828E-05  6.2266E-13  3.4599E-13  3.0815E-05
 6.2439E+25  7.2753E-05  9.9993E-01  7.0345E+03  8.1828E-05  6.1972E-13  3.4599E-13  3.0637E-05
 6.2531E+25  7.3221E-05  9.9993E-01  7.0345E+03  8.1828E-05  6.1575E-13  3.4599E-13  3.0459E-05
 6.2624E+25  7.3691E-05  9.9993E-01  7.0345E+03  8.1828E-05  6.1182E-13  3.4599E-13  3.0282E-05
 6.2716E+25  7.4158E-05  9.9993E-01  7.0344E+03  8.1828E-05  6.0798E-13  3.4599E-13  3.0105E-05
 6.2809E+25  7.4214E-05  9.9993E-01  7.0344E+03  8.1828E-05  6.0688E-13  3.4599E-13  2.9930E-05
 6.2902E+25  7.4167E-05  9.9993E-01  7.0344E+03  8.1828E-05  6.0789E-13  3.4600E-13  2.9754E-05
 6.2994E+25  7.4648E-05  9.9993E-01  7.0343E+03  8.1828E-05  6.0399E-13  3.4600E-13  2.9584E-05
 6.3087E+25  7.5122E-05  9.9992E-01  7.0343E+03  8.1828E-05  6.0018E-13  3.4600E-13  2.9421E-05
 6.3179E+25  7.5599E-05  9.9992E-01  7.0343E+03  8.1828E-05  5.9639E-13  3.4600E-13  2.9258E-05
 6.3272E+25  7.6058E-05  9.9992E-01  7.0342E+03  8.1828E-05  5.9269E-13  3.4600E-13  2.9098E-05
 6.3364E+25  7.5700E-05  9.9992E-01  7.0342E+03  8.1828E-05  5.9509E-13  3.4600E-13  2.8938E-05
 6.3457E+25  7.6092E-05  9.9992E-01  7.0342E+03  8.1828E-05  5.9253E-13  3.4600E-13  2.8777E-05
 6.3550E+25  7.6580E-05  9.9992E-01  7.0341E+03  8.1828E-05  5.8877E-13  3.4600E-13  2.8616E-05
 6.3642E+25  7.7060E-05  9.9992E-01  7.0341E+03  8.1828E-05  5.8510E-13  3.4601E-13  2.8456E-05
 6.3735E+25  7.7545E-05  9.9992E-01  7.0341E+03  8.1828E-05  5.8143E-13  3.4601E-13  2.8296E-05
 6.3827E+25  7.7661E-05  9.9992E-01  7.0341E+03  8.1828E-05  5.7996E-13  3.4601E-13  2.8137E-05
 6.3920E+25  7.7583E-05  9.9992E-01  7.0340E+03  8.1828E-05  5.8116E-13  3.4601E-13  2.7977E-05
 6.4012E+25  7.8055E-05  9.9992E-01  7.0340E+03  8.1828E-05  5.7764E-13  3.4601E-13  2.7818E-05
 6.4105E+25  7.8551E-05  9.9992E-01  7.0339E+03  8.1828E-05  5.7401E-13  3.4601E-13  2.7660E-05
 6.4198E+25  7.9037E-05  9.9992E-01  7.0339E+03  8.1828E-05  5.7047E-13  3.4601E-13  2.7503E-05
 6.4290E+25  7.9525E-05  9.9992E-01  7.0339E+03  8.1828E-05  5.6694E-13  3.4601E-13  2.7346E-05
 6.4383E+25  7.9261E-05  9.9992E-01  7.0339E+03  8.1828E-05  5.6830E-13  3.4602E-13  2.7190E-05
 6.4475E+25  7.9579E-05  9.9992E-01  7.0338E+03  8.1828E-05  5.6660E-13  3.4602E-13  2.7043E-05
 6.4568E+25  8.0058E-05  9.9992E-01  7.0338E+03  8.1828E-05  5.6320E-13  3.4602E-13  2.6897E-05
 6.4660E+25  8.0560E-05  9.9992E-01  7.0338E+03  8.1828E-05  5.5971E-13  3.4602E-13  2.6753E-05
 6.4753E+25  8.1053E-05  9.9992E-01  7.0337E+03  8.1828E-05  5.5629E-13  3.4602E-13  2.6610E-05
 6.4846E+25  8.1358E-05  9.9992E-01  7.0337E+03  8.1828E-05  5.5363E-13  3.4602E-13  2.6466E-05
 6.4938E+25  8.1115E-05  9.9992E-01  7.0337E+03  8.1828E-05  5.5587E-13  3.4602E-13  2.6322E-05
 6.5031E+25  8.1615E-05  9.9992E-01  7.0336E+03  8.1828E-05  5.5248E-13  3.4602E-13  2.6179E-05
 6.5123E+25  8.2103E-05  9.9992E-01  7.0336E+03  8.1828E-05  5.4918E-13  3.4603E-13  2.6035E-05
 6.5216E+25  8.2610E-05  9.9992E-01  7.0336E+03  8.1828E-05  5.4583E-13  3.4603E-13  2.5892E-05
 6.5308E+25  8.3110E-05  9.9992E-01  7.0335E+03  8.1828E-05  5.4253E-13  3.4603E-13  2.5750E-05
 6.5401E+25  8.3082E-05  9.9992E-01  7.0335E+03  8.1828E-05  5.4216E-13  3.4603E-13  2.5607E-05
 6.5494E+25  8.3188E-05  9.9992E-01  7.0335E+03  8.1828E-05  5.4203E-13  3.4603E-13  2.5465E-05
 6.5586E+25  8.3692E-05  9.9992E-01  7.0334E+03  8.1828E-05  5.3878E-13  3.4603E-13  2.5324E-05
 6.5679E+25  8.4189E-05  9.9992E-01  7.0334E+03  8.1828E-05  5.3558E-13  3.4603E-13  2.5183E-05
 6.5771E+25  8.4700E-05  9.9992E-01  7.0334E+03  8.1828E-05  5.3237E-13  3.4604E-13  2.5042E-05
 6.5864E+25  8.5195E-05  9.9991E-01  7.0334E+03  8.1828E-05  5.2917E-13  3.4604E-13  2.4904E-05
 6.5956E+25  8.4889E-05  9.9992E-01  7.0333E+03  8.1828E-05  5.3073E-13  3.4604E-13  2.4773E-05
 6.6049E+25  8.5303E-05  9.9991E-01  7.0333E+03  8.1828E-05  5.2860E-13  3.4604E-13  2.4642E-05
 6.6142E+25  8.5812E-05  9.9991E-01  7.0333E+03  8.1828E-05  5.2547E-13  3.4604E-13  2.4514E-05
 6.6234E+25  8.6320E-05  9.9991E-01  7.0332E+03  8.1828E-05  5.2237E-13  3.4604E-13  2.4386E-05
 6.6327E+25  8.6832E-05  9.9991E-01  7.0332E+03  8.1828E-05  5.1931E-13  3.4604E-13  2.4257E-05
 6.6419E+25  8.7132E-05  9.9991E-01  7.0332E+03  8.1828E-05  5.1699E-13  3.4604E-13  2.4129E-05
 6.6512E+25  8.6957E-05  9.9991E-01  7.0331E+03  8.1828E-05  5.1857E-13  3.4604E-13  2.4000E-05
 6.6604E+25  8.7466E-05  9.9991E-01  7.0331E+03  8.1828E-05  5.1553E-13  3.4605E-13  2.3872E-05
 6.6697E+25  8.7977E-05  9.9991E-01  7.0331E+03  8.1828E-05  5.1255E-13  3.4605E-13  2.3745E-05
 6.6789E+25  8.8496E-05  9.9991E-01  7.0330E+03  8.1828E-05  5.0954E-13  3.4605E-13  2.3617E-05
 6.6882E+25  8.9008E-05  9.9991E-01  7.0330E+03  8.1828E-05  5.0662E-13  3.4605E-13  2.3490E-05
 6.6975E+25  8.9057E-05  9.9991E-01  7.0330E+03  8.1828E-05  5.0584E-13  3.4605E-13  2.3362E-05
 6.7067E+25  8.9152E-05  9.9991E-01  7.0330E+03  8.1828E-05  5.0580E-13  3.4605E-13  2.3236E-05
 6.7160E+25  8.9675E-05  9.9991E-01  7.0329E+03  8.1828E-05  5.0285E-13  3.4605E-13  2.3110E-05
 6.7252E+25  9.0189E-05  9.9991E-01  7.0329E+03  8.1828E-05  4.9999E-13  3.4605E-13  2.2984E-05
 6.7345E+25  9.0716E-05  9.9991E-01  7.0329E+03  8.1828E-05  4.9709E-13  3.4606E-13  2.2859E-05
 6.7437E+25  9.1227E-05  9.9991E-01  7.0328E+03  8.1828E-05  4.9428E-13  3.4606E-13  2.2740E-05
 6.7530E+25  9.1057E-05  9.9991E-01  7.0328E+03  8.1828E-05  4.9477E-13  3.4606E-13  2.2623E-05
 6.7623E+25  9.1397E-05  9.9991E-01  7.0328E+03  8.1828E-05  4.9338E-13  3.4606E-13  2.2507E-05
 6.7715E+25  9.1929E-05  9.9991E-01  7.0327E+03  8.1828E-05  4.9053E-13  3.4606E-13  2.2393E-05
 6.7808E+25  9.2449E-05  9.9991E-01  7.0327E+03  8.1828E-05  4.8777E-13  3.4606E-13  2.2279E-05
 6.7900E+25  9.2980E-05  9.9991E-01  7.0327E+03  8.1828E-05  4.8500E-13  3.4606E-13  2.2164E-05
 6.7993E+25  9.3452E-05  9.9991E-01  7.0327E+03  8.1828E-05  4.8227E-13  3.4606E-13  2.2049E-05
 6.8085E+25  9.3172E-05  9.9991E-01  7.0326E+03  8.1828E-05  4.8380E-13  3.4607E-13  2.1934E-05
 6.8178E+25  9.3692E-05  9.9991E-01  7.0326E+03  8.1828E-05  4.8131E-13  3.4607E-13  2.1820E-05
 6.8271E+25  9.4230E-05  9.9991E-01  7.0326E+03  8.1828E-05  4.7857E-13  3.4607E-13  2.1706E-05
 6.8363E+25  9.4759E-05  9.9991E-01  7.0325E+03  8.1828E-05  4.7588E-13  3.4607E-13  2.1592E-05
 6.8456E+25  9.5292E-05  9.9990E-01  7.0325E+03  8.1828E-05  4.7324E-13  3.4607E-13  2.1478E-05
 6.8548E+25  9.5598E-05  9.9990E-01  7.0325E+03  8.1828E-05  4.7126E-13  3.4607E-13  2.1364E-05
 6.8641E+25  9.5491E-05  9.9990E-01  7.0324E+03  8.1828E-05  4.7226E-13  3.4607E-13  2.1251E-05
 6.8733E+25  9.6037E-05  9.9990E-01  7.0324E+03  8.1828E-05  4.6956E-13  3.4607E-13  2.1138E-05
 6.8826E+25  9.6575E-05  9.9990E-01  7.0324E+03  8.1828E-05  4.6696E-13  3.4608E-13  2.1026E-05
 6.8919E+25  9.7121E-05  9.9990E-01  7.0323E+03  8.1828E-05  4.6433E-13  3.4608E-13  2.0915E-05
 6.9011E+25  9.7655E-05  9.9990E-01  7.0323E+03  8.1828E-05  4.6179E-13  3.4608E-13  2.0810E-05
 6.9104E+25  9.7808E-05  9.9990E-01  7.0323E+03  8.1828E-05  4.6063E-13  3.4608E-13  2.0705E-05
 6.9196E+25  9.7876E-05  9.9990E-01  7.0323E+03  8.1828E-05  4.6075E-13  3.4608E-13  2.0602E-05
 6.9289E+25  9.8430E-05  9.9990E-01  7.0322E+03  8.1828E-05  4.5816E-13  3.4608E-13  2.0501E-05
 6.9381E+25  9.8975E-05  9.9990E-01  7.0322E+03  8.1828E-05  4.5563E-13  3.4608E-13  2.0398E-05
 6.9474E+25  9.9531E-05  9.9990E-01  7.0322E+03  8.1828E-05  4.5310E-13  3.4608E-13  2.0295E-05
 6.9567E+25  1.0007E-04  9.9990E-01  7.0321E+03  8.1828E-05  4.5064E-13  3.4608E-13  2.0193E-05
 6.9659E+25  1.0009E-04  9.9990E-01  7.0321E+03  8.1828E-05  4.5015E-13  3.4609E-13  2.0091E-05
 6.9752E+25  1.0032E-04  9.9990E-01  7.0321E+03  8.1828E-05  4.4954E-13  3.4609E-13  1.9989E-05
 6.9844E+25  1.0087E-04  9.9990E-01  7.0320E+03  8.1828E-05  4.4708E-13  3.4609E-13  1.9887E-05
 6.9937E+25  1.0143E-04  9.9990E-01  7.0320E+03  8.1828E-05  4.4462E-13  3.4609E-13  1.9785E-05
 7.0029E+25  1.0199E-04  9.9990E-01  7.0320E+03  8.1828E-05  4.4220E-13  3.4609E-13  1.9683E-05
 7.0122E+25  1.0254E-04  9.9990E-01  7.0319E+03  8.1828E-05  4.3978E-13  3.4609E-13  1.9581E-05
 7.0215E+25  1.0246E-04  9.9990E-01  7.0319E+03  8.1828E-05  4.3979E-13  3.4609E-13  1.9480E-05
 7.0307E+25  1.0282E-04  9.9990E-01  7.0319E+03  8.1828E-05  4.3862E-13  3.4609E-13  1.9379E-05
 7.0400E+25  1.0337E-04  9.9990E-01  7.0319E+03  8.1828E-05  4.3629E-13  3.4610E-13  1.9278E-05
 7.0492E+25  1.0394E-04  9.9990E-01  7.0318E+03  8.1828E-05  4.3390E-13  3.4610E-13  1.9178E-05
 7.0585E+25  1.0450E-04  9.9990E-01  7.0318E+03  8.1828E-05  4.3157E-13  3.4610E-13  1.9084E-05
 7.0677E+25  1.0506E-04  9.9989E-01  7.0318E+03  8.1828E-05  4.2923E-13  3.4610E-13  1.8990E-05
 7.0770E+25  1.0491E-04  9.9990E-01  7.0318E+03  8.1828E-05  4.2956E-13  3.4610E-13  1.8897E-05
 7.0863E+25  1.0537E-04  9.9989E-01  7.0317E+03  8.1828E-05  4.2801E-13  3.4610E-13  1.8807E-05
 7.0955E+25  1.0593E-04  9.9989E-01  7.0317E+03  8.1828E-05  4.2576E-13  3.4610E-13  1.8715E-05
 7.1048E+25  1.0650E-04  9.9989E-01  7.0316E+03  8.1828E-05  4.2349E-13  3.4610E-13  1.8623E-05
 7.1140E+25  1.0707E-04  9.9989E-01  7.0316E+03  8.1828E-05  4.2122E-13  3.4611E-13  1.8532E-05
 7.1233E+25  1.0761E-04  9.9989E-01  7.0316E+03  8.1828E-05  4.1898E-13  3.4611E-13  1.8441E-05
 7.1325E+25  1.0745E-04  9.9989E-01  7.0316E+03  8.1828E-05  4.1948E-13  3.4611E-13  1.8349E-05
 7.1418E+25  1.0798E-04  9.9989E-01  7.0315E+03  8.1828E-05  4.1767E-13  3.4611E-13  1.8258E-05
 7.1511E+25  1.0854E-04  9.9989E-01  7.0315E+03  8.1828E-05  4.1550E-13  3.4611E-13  1.8167E-05
 7.1603E+25  1.0911E-04  9.9989E-01  7.0314E+03  8.1828E-05  4.1335E-13  3.4611E-13  1.8076E-05
 7.1696E+25  1.0969E-04  9.9989E-01  7.0314E+03  8.1828E-05  4.1116E-13  3.4611E-13  1.7985E-05
 7.1788E+25  1.1021E-04  9.9989E-01  7.0314E+03  8.1828E-05  4.0899E-13  3.4611E-13  1.7895E-05
 7.1881E+25  1.1009E-04  9.9989E-01  7.0314E+03  8.1828E-05  4.0959E-13  3.4611E-13  1.7804E-05
 7.1973E+25  1.1065E-04  9.9989E-01  7.0313E+03  8.1828E-05  4.0759E-13  3.4612E-13  1.7714E-05
 7.2066E+25  1.1122E-04  9.9989E-01  7.0313E+03  8.1828E-05  4.0552E-13  3.4612E-13  1.7624E-05
 7.2159E+25  1.1179E-04  9.9989E-01  7.0313E+03  8.1828E-05  4.0344E-13  3.4612E-13  1.7536E-05
 7.2251E+25  1.1237E-04  9.9989E-01  7.0312E+03  8.1828E-05  4.0136E-13  3.4612E-13  1.7452E-05
 7.2344E+25  1.1286E-04  9.9989E-01  7.0312E+03  8.1828E-05  3.9931E-13  3.4612E-13  1.7368E-05
 7.2436E+25  1.1280E-04  9.9989E-01  7.0312E+03  8.1828E-05  3.9984E-13  3.4612E-13  1.7286E-05
 7.2529E+25  1.1338E-04  9.9989E-01  7.0312E+03  8.1828E-05  3.9778E-13  3.4612E-13  1.7205E-05
 7.2621E+25  1.1396E-04  9.9989E-01  7.0311E+03  8.1828E-05  3.9578E-13  3.4613E-13  1.7123E-05
 7.2714E+25  1.1453E-04  9.9989E-01  7.0311E+03  8.1828E-05  3.9378E-13  3.4613E-13  1.7041E-05
 7.2807E+25  1.1511E-04  9.9988E-01  7.0310E+03  8.1828E-05  3.9181E-13  3.4613E-13  1.6960E-05
 7.2899E+25  1.1559E-04  9.9988E-01  7.0310E+03  8.1828E-05  3.8991E-13  3.4613E-13  1.6878E-05
 7.2992E+25  1.1558E-04  9.9988E-01  7.0310E+03  8.1828E-05  3.9025E-13  3.4613E-13  1.6797E-05
 7.3084E+25  1.1617E-04  9.9988E-01  7.0310E+03  8.1828E-05  3.8825E-13  3.4613E-13  1.6715E-05
 7.3177E+25  1.1676E-04  9.9988E-01  7.0309E+03  8.1828E-05  3.8629E-13  3.4613E-13  1.6634E-05
 7.3269E+25  1.1734E-04  9.9988E-01  7.0309E+03  8.1828E-05  3.8438E-13  3.4613E-13  1.6553E-05
 7.3362E+25  1.1792E-04  9.9988E-01  7.0309E+03  8.1828E-05  3.8248E-13  3.4614E-13  1.6471E-05
 7.3455E+25  1.1839E-04  9.9988E-01  7.0308E+03  8.1828E-05  3.8070E-13  3.4614E-13  1.6390E-05
 7.3547E+25  1.1841E-04  9.9988E-01  7.0308E+03  8.1828E-05  3.8090E-13  3.4614E-13  1.6310E-05
 7.3640E+25  1.1902E-04  9.9988E-01  7.0308E+03  8.1828E-05  3.7897E-13  3.4614E-13  1.6229E-05
 7.3732E+25  1.1962E-04  9.9988E-01  7.0307E+03  8.1828E-05  3.7706E-13  3.4614E-13  1.6148E-05
 7.3825E+25  1.2021E-04  9.9988E-01  7.0307E+03  8.1828E-05  3.7521E-13  3.4614E-13  1.6069E-05
 7.3917E+25  1.2080E-04  9.9988E-01  7.0307E+03  8.1828E-05  3.7338E-13  3.4614E-13  1.5994E-05
 7.4010E+25  1.2127E-04  9.9988E-01  7.0306E+03  8.1828E-05  3.7166E-13  3.4614E-13  1.5919E-05
 7.4103E+25  1.2132E-04  9.9988E-01  7.0306E+03  8.1828E-05  3.7178E-13  3.4615E-13  1.5845E-05
 7.4195E+25  1.2193E-04  9.9988E-01  7.0306E+03  8.1828E-05  3.6994E-13  3.4615E-13  1.5773E-05
 7.4288E+25  1.2254E-04  9.9988E-01  7.0305E+03  8.1828E-05  3.6808E-13  3.4615E-13  1.5700E-05
 7.4380E+25  1.2314E-04  9.9988E-01  7.0305E+03  8.1828E-05  3.6627E-13  3.4615E-13  1.5627E-05
 7.4473E+25  1.2374E-04  9.9988E-01  7.0305E+03  8.1828E-05  3.6451E-13  3.4615E-13  1.5554E-05
 7.4565E+25  1.2424E-04  9.9988E-01  7.0304E+03  8.1828E-05  3.6281E-13  3.4615E-13  1.5481E-05
 7.4658E+25  1.2429E-04  9.9988E-01  7.0304E+03  8.1828E-05  3.6289E-13  3.4615E-13  1.5408E-05
 7.4751E+25  1.2491E-04  9.9988E-01  7.0304E+03  8.1828E-05  3.6112E-13  3.4615E-13  1.5336E-05
 7.4843E+25  1.2552E-04  9.9987E-01  7.0303E+03  8.1828E-05  3.5936E-13  3.4616E-13  1.5263E-05
 7.4936E+25  1.2614E-04  9.9987E-01  7.0303E+03  8.1828E-05  3.5758E-13  3.4616E-13  1.5191E-05
 7.5028E+25  1.2675E-04  9.9987E-01  7.0303E+03  8.1828E-05  3.5587E-13  3.4616E-13  1.5118E-05
 7.5121E+25  1.2728E-04  9.9987E-01  7.0302E+03  8.1828E-05  3.5419E-13  3.4616E-13  1.5045E-05
 7.5213E+25  1.2734E-04  9.9987E-01  7.0302E+03  8.1828E-05  3.5417E-13  3.4616E-13  1.4973E-05
 7.5306E+25  1.2795E-04  9.9987E-01  7.0302E+03  8.1828E-05  3.5253E-13  3.4616E-13  1.4901E-05
 7.5399E+25  1.2857E-04  9.9987E-01  7.0301E+03  8.1828E-05  3.5084E-13  3.4616E-13  1.4829E-05
 7.5491E+25  1.2920E-04  9.9987E-01  7.0301E+03  8.1828E-05  3.4914E-13  3.4617E-13  1.4757E-05
 7.5584E+25  1.2982E-04  9.9987E-01  7.0300E+03  8.1828E-05  3.4745E-13  3.4617E-13  1.4688E-05
 7.5676E+25  1.3039E-04  9.9987E-01  7.0300E+03  8.1828E-05  3.4583E-13  3.4617E-13  1.4620E-05
 7.5769E+25  1.3048E-04  9.9987E-01  7.0300E+03  8.1828E-05  3.4560E-13  3.4617E-13  1.4553E-05
 7.5861E+25  1.3107E-04  9.9987E-01  7.0300E+03  8.1828E-05  3.4414E-13  3.4617E-13  1.4488E-05
 7.5954E+25  1.3169E-04  9.9987E-01  7.0299E+03  8.1828E-05  3.4252E-13  3.4617E-13  1.4423E-05
 7.6047E+25  1.3232E-04  9.9987E-01  7.0299E+03  8.1828E-05  3.4091E-13  3.4617E-13  1.4359E-05
 7.6139E+25  1.3295E-04  9.9987E-01  7.0298E+03  8.1828E-05  3.3929E-13  3.4618E-13  1.4293E-05
 7.6232E+25  1.3356E-04  9.9987E-01  7.0298E+03  8.1828E-05  3.3767E-13  3.4618E-13  1.4228E-05
 7.6324E+25  1.3370E-04  9.9987E-01  7.0298E+03  8.1828E-05  3.3724E-13  3.4618E-13  1.4163E-05
 7.6417E+25  1.3427E-04  9.9987E-01  7.0298E+03  8.1828E-05  3.3595E-13  3.4618E-13  1.4098E-05
 7.6509E+25  1.3489E-04  9.9987E-01  7.0297E+03  8.1828E-05  3.3441E-13  3.4618E-13  1.4034E-05
 7.6602E+25  1.3551E-04  9.9986E-01  7.0297E+03  8.1828E-05  3.3287E-13  3.4618E-13  1.3969E-05
 7.6695E+25  1.3615E-04  9.9986E-01  7.0296E+03  8.1828E-05  3.3133E-13  3.4618E-13  1.3904E-05
 7.6787E+25  1.3678E-04  9.9986E-01  7.0296E+03  8.1828E-05  3.2977E-13  3.4619E-13  1.3839E-05
 7.6880E+25  1.3701E-04  9.9986E-01  7.0296E+03  8.1828E-05  3.2909E-13  3.4619E-13  1.3774E-05
 7.6972E+25  1.3754E-04  9.9986E-01  7.0296E+03  8.1828E-05  3.2797E-13  3.4619E-13  1.3710E-05
 7.7065E+25  1.3816E-04  9.9986E-01  7.0295E+03  8.1828E-05  3.2650E-13  3.4619E-13  1.3645E-05
 7.7157E+25  1.3879E-04  9.9986E-01  7.0295E+03  8.1828E-05  3.2502E-13  3.4619E-13  1.3581E-05
 7.7250E+25  1.3942E-04  9.9986E-01  7.0294E+03  8.1828E-05  3.2355E-13  3.4619E-13  1.3517E-05
 7.7343E+25  1.4006E-04  9.9986E-01  7.0294E+03  8.1828E-05  3.2208E-13  3.4619E-13  1.3454E-05
 7.7435E+25  1.4038E-04  9.9986E-01  7.0294E+03  8.1828E-05  3.2120E-13  3.4619E-13  1.3394E-05
 7.7528E+25  1.4089E-04  9.9986E-01  7.0293E+03  8.1828E-05  3.2018E-13  3.4620E-13  1.3334E-05
 7.7620E+25  1.4151E-04  9.9986E-01  7.0293E+03  8.1828E-05  3.1877E-13  3.4620E-13  1.3275E-05
 7.7713E+25  1.4214E-04  9.9986E-01  7.0293E+03  8.1828E-05  3.1737E-13  3.4620E-13  1.3217E-05
 7.7805E+25  1.4277E-04  9.9986E-01  7.0292E+03  8.1828E-05  3.1596E-13  3.4620E-13  1.3160E-05
 7.7898E+25  1.4341E-04  9.9986E-01  7.0292E+03  8.1828E-05  3.1456E-13  3.4620E-13  1.3102E-05
 7.7991E+25  1.4382E-04  9.9986E-01  7.0292E+03  8.1828E-05  3.1354E-13  3.4620E-13  1.3043E-05
 7.8083E+25  1.4429E-04  9.9986E-01  7.0291E+03  8.1828E-05  3.1264E-13  3.4620E-13  1.2986E-05
 7.8176E+25  1.4494E-04  9.9986E-01  7.0291E+03  8.1828E-05  3.1124E-13  3.4621E-13  1.2928E-05
 7.8268E+25  1.4557E-04  9.9985E-01  7.0290E+03  8.1828E-05  3.0990E-13  3.4621E-13  1.2870E-05
 7.8361E+25  1.4620E-04  9.9985E-01  7.0290E+03  8.1828E-05  3.0856E-13  3.4621E-13  1.2812E-05
 7.8453E+25  1.4684E-04  9.9985E-01  7.0289E+03  8.1828E-05  3.0722E-13  3.4621E-13  1.2754E-05
 7.8546E+25  1.4733E-04  9.9985E-01  7.0289E+03  8.1828E-05  3.0609E-13  3.4621E-13  1.2696E-05
 7.8638E+25  1.4777E-04  9.9985E-01  7.0289E+03  8.1828E-05  3.0530E-13  3.4621E-13  1.2639E-05
 7.8731E+25  1.4843E-04  9.9985E-01  7.0288E+03  8.1828E-05  3.0394E-13  3.4622E-13  1.2581E-05
 7.8824E+25  1.4908E-04  9.9985E-01  7.0288E+03  8.1828E-05  3.0261E-13  3.4622E-13  1.2523E-05
 7.8916E+25  1.4971E-04  9.9985E-01  7.0288E+03  8.1828E-05  3.0133E-13  3.4622E-13  1.2465E-05
 7.9009E+25  1.5035E-04  9.9985E-01  7.0287E+03  8.1828E-05  3.0005E-13  3.4622E-13  1.2408E-05
 7.9101E+25  1.5092E-04  9.9985E-01  7.0287E+03  8.1828E-05  2.9882E-13  3.4622E-13  1.2350E-05
 7.9194E+25  1.5131E-04  9.9985E-01  7.0287E+03  8.1828E-05  2.9815E-13  3.4622E-13  1.2296E-05
 7.9286E+25  1.5198E-04  9.9985E-01  7.0286E+03  8.1828E-05  2.9685E-13  3.4622E-13  1.2242E-05
 7.9379E+25  1.5265E-04  9.9985E-01  7.0286E+03  8.1828E-05  2.9555E-13  3.4623E-13  1.2188E-05
 7.9472E+25  1.5330E-04  9.9985E-01  7.0285E+03  8.1828E-05  2.9429E-13  3.4623E-13  1.2136E-05
 7.9564E+25  1.5394E-04  9.9985E-01  7.0285E+03  8.1828E-05  2.9306E-13  3.4623E-13  1.2085E-05
 7.9657E+25  1.5457E-04  9.9985E-01  7.0285E+03  8.1828E-05  2.9184E-13  3.4623E-13  1.2033E-05
 7.9749E+25  1.5497E-04  9.9985E-01  7.0284E+03  8.1828E-05  2.9108E-13  3.4623E-13  1.1981E-05
 7.9842E+25  1.5561E-04  9.9984E-01  7.0284E+03  8.1828E-05  2.8993E-13  3.4623E-13  1.1930E-05
 7.9934E+25  1.5628E-04  9.9984E-01  7.0283E+03  8.1828E-05  2.8869E-13  3.4624E-13  1.1878E-05
 8.0027E+25  1.5695E-04  9.9984E-01  7.0283E+03  8.1828E-05  2.8745E-13  3.4624E-13  1.1827E-05
 8.0120E+25  1.5761E-04  9.9984E-01  7.0282E+03  8.1828E-05  2.8625E-13  3.4624E-13  1.1775E-05
 8.0212E+25  1.5825E-04  9.9984E-01  7.0282E+03  8.1828E-05  2.8508E-13  3.4624E-13  1.1723E-05
 8.0305E+25  1.5873E-04  9.9984E-01  7.0282E+03  8.1828E-05  2.8417E-13  3.4624E-13  1.1672E-05
 8.0397E+25  1.5933E-04  9.9984E-01  7.0282E+03  8.1828E-05  2.8317E-13  3.4624E-13  1.1620E-05
 8.0490E+25  1.5999E-04  9.9984E-01  7.0281E+03  8.1828E-05  2.8200E-13  3.4625E-13  1.1569E-05
 8.0582E+25  1.6066E-04  9.9984E-01  7.0280E+03  8.1828E-05  2.8082E-13  3.4625E-13  1.1517E-05
 8.0675E+25  1.6134E-04  9.9984E-01  7.0280E+03  8.1828E-05  2.7963E-13  3.4625E-13  1.1466E-05
 8.0768E+25  1.6200E-04  9.9984E-01  7.0280E+03  8.1828E-05  2.7849E-13  3.4625E-13  1.1414E-05
 8.0860E+25  1.6256E-04  9.9984E-01  7.0279E+03  8.1828E-05  2.7749E-13  3.4625E-13  1.1363E-05
 8.0953E+25  1.6314E-04  9.9984E-01  7.0279E+03  8.1828E-05  2.7655E-13  3.4625E-13  1.1311E-05
 8.1045E+25  1.6379E-04  9.9984E-01  7.0279E+03  8.1828E-05  2.7546E-13  3.4625E-13  1.1261E-05
 8.1138E+25  1.6445E-04  9.9984E-01  7.0278E+03  8.1828E-05  2.7435E-13  3.4626E-13  1.1213E-05
 8.1230E+25  1.6513E-04  9.9983E-01  7.0277E+03  8.1828E-05  2.7323E-13  3.4626E-13  1.1165E-05
 8.1323E+25  1.6582E-04  9.9983E-01  7.0277E+03  8.1828E-05  2.7210E-13  3.4626E-13  1.1118E-05
 8.1416E+25  1.6645E-04  9.9983E-01  7.0277E+03  8.1828E-05  2.7103E-13  3.4626E-13  1.1072E-05
 8.1508E+25  1.6703E-04  9.9983E-01  7.0277E+03  8.1828E-05  2.7013E-13  3.4626E-13  1.1027E-05
 8.1601E+25  1.6769E-04  9.9983E-01  7.0276E+03  8.1828E-05  2.6907E-13  3.4626E-13  1.0981E-05
 8.1693E+25  1.6834E-04  9.9983E-01  7.0276E+03  8.1828E-05  2.6803E-13  3.4627E-13  1.0934E-05
 8.1786E+25  1.6901E-04  9.9983E-01  7.0275E+03  8.1828E-05  2.6697E-13  3.4627E-13  1.0888E-05
 8.1878E+25  1.6969E-04  9.9983E-01  7.0274E+03  8.1828E-05  2.6591E-13  3.4627E-13  1.0842E-05
 8.1971E+25  1.7038E-04  9.9983E-01  7.0274E+03  8.1828E-05  2.6483E-13  3.4627E-13  1.0796E-05
 8.2064E+25  1.7099E-04  9.9983E-01  7.0274E+03  8.1828E-05  2.6386E-13  3.4627E-13  1.0750E-05
 8.2156E+25  1.7165E-04  9.9983E-01  7.0273E+03  8.1828E-05  2.6286E-13  3.4628E-13  1.0705E-05
 8.2249E+25  1.7232E-04  9.9983E-01  7.0273E+03  8.1828E-05  2.6185E-13  3.4628E-13  1.0659E-05
 8.2341E+25  1.7298E-04  9.9983E-01  7.0272E+03  8.1828E-05  2.6085E-13  3.4628E-13  1.0612E-05
 8.2434E+25  1.7364E-04  9.9983E-01  7.0272E+03  8.1828E-05  2.5985E-13  3.4628E-13  1.0566E-05
 8.2526E+25  1.7433E-04  9.9983E-01  7.0271E+03  8.1828E-05  2.5884E-13  3.4628E-13  1.0520E-05
 8.2619E+25  1.7502E-04  9.9982E-01  7.0271E+03  8.1828E-05  2.5782E-13  3.4628E-13  1.0475E-05
 8.2712E+25  1.7570E-04  9.9982E-01  7.0271E+03  8.1828E-05  2.5681E-13  3.4629E-13  1.0429E-05
 8.2804E+25  1.7636E-04  9.9982E-01  7.0270E+03  8.1828E-05  2.5585E-13  3.4629E-13  1.0383E-05
 8.2897E+25  1.7704E-04  9.9982E-01  7.0270E+03  8.1828E-05  2.5488E-13  3.4629E-13  1.0337E-05
 8.2989E+25  1.7770E-04  9.9982E-01  7.0269E+03  8.1828E-05  2.5393E-13  3.4629E-13  1.0293E-05
 8.3082E+25  1.7837E-04  9.9982E-01  7.0269E+03  8.1828E-05  2.5298E-13  3.4629E-13  1.0250E-05
 8.3174E+25  1.7907E-04  9.9982E-01  7.0269E+03  8.1828E-05  2.5201E-13  3.4629E-13  1.0207E-05
 8.3267E+25  1.7980E-04  9.9982E-01  7.0268E+03  8.1828E-05  2.5097E-13  3.4630E-13  1.0165E-05
 8.3360E+25  1.8050E-04  9.9982E-01  7.0268E+03  8.1828E-05  2.5001E-13  3.4630E-13  1.0124E-05
 8.3452E+25  1.8116E-04  9.9982E-01  7.0267E+03  8.1828E-05  2.4909E-13  3.4630E-13  1.0083E-05
 8.3545E+25  1.8183E-04  9.9982E-01  7.0267E+03  8.1828E-05  2.4817E-13  3.4630E-13  1.0042E-05
 8.3637E+25  1.8250E-04  9.9982E-01  7.0266E+03  8.1828E-05  2.4725E-13  3.4630E-13  1.0001E-05
 8.3730E+25  1.8318E-04  9.9982E-01  7.0266E+03  8.1828E-05  2.4636E-13  3.4631E-13  9.9602E-06
 8.3822E+25  1.8396E-04  9.9982E-01  7.0265E+03  8.1828E-05  2.4532E-13  3.4631E-13  9.9192E-06
 8.3915E+25  1.8467E-04  9.9982E-01  7.0265E+03  8.1828E-05  2.4437E-13  3.4631E-13  9.8782E-06
 8.4008E+25  1.8537E-04  9.9981E-01  7.0264E+03  8.1828E-05  2.4345E-13  3.4631E-13  9.8373E-06
 8.4100E+25  1.8604E-04  9.9981E-01  7.0264E+03  8.1828E-05  2.4257E-13  3.4631E-13  9.7964E-06
 8.4193E+25  1.8671E-04  9.9981E-01  7.0263E+03  8.1828E-05  2.4170E-13  3.4632E-13  9.7555E-06
 8.4285E+25  1.8739E-04  9.9981E-01  7.0263E+03  8.1828E-05  2.4082E-13  3.4632E-13  9.7144E-06
 8.4378E+25  1.8818E-04  9.9981E-01  7.0263E+03  8.1828E-05  2.3985E-13  3.4632E-13  9.6733E-06
 8.4470E+25  1.8891E-04  9.9981E-01  7.0262E+03  8.1828E-05  2.3889E-13  3.4632E-13  9.6323E-06
 8.4563E+25  1.8962E-04  9.9981E-01  7.0261E+03  8.1828E-05  2.3801E-13  3.4632E-13  9.5913E-06
 8.4656E+25  1.9032E-04  9.9981E-01  7.0261E+03  8.1828E-05  2.3713E-13  3.4633E-13  9.5503E-06
 8.4748E+25  1.9100E-04  9.9981E-01  7.0260E+03  8.1828E-05  2.3628E-13  3.4633E-13  9.5094E-06
 8.4841E+25  1.9167E-04  9.9981E-01  7.0260E+03  8.1828E-05  2.3547E-13  3.4633E-13  9.4685E-06
 8.4933E+25  1.9243E-04  9.9981E-01  7.0260E+03  8.1828E-05  2.3459E-13  3.4633E-13  9.4282E-06
 8.5026E+25  1.9327E-04  9.9981E-01  7.0259E+03  8.1828E-05  2.3351E-13  3.4633E-13  9.3896E-06
 8.5118E+25  1.9394E-04  9.9981E-01  7.0259E+03  8.1828E-05  2.3271E-13  3.4633E-13  9.3512E-06
 8.5211E+25  1.9464E-04  9.9981E-01  7.0258E+03  8.1828E-05  2.3189E-13  3.4634E-13  9.3129E-06
 8.5304E+25  1.9534E-04  9.9980E-01  7.0257E+03  8.1828E-05  2.3105E-13  3.4634E-13  9.2762E-06
 8.5396E+25  1.9603E-04  9.9980E-01  7.0257E+03  8.1828E-05  2.3023E-13  3.4634E-13  9.2401E-06
 8.5489E+25  1.9671E-04  9.9980E-01  7.0256E+03  8.1828E-05  2.2946E-13  3.4634E-13  9.2037E-06
 8.5581E+25  1.9766E-04  9.9980E-01  7.0256E+03  8.1828E-05  2.2840E-13  3.4634E-13  9.1671E-06
 8.5674E+25  1.9838E-04  9.9980E-01  7.0256E+03  8.1828E-05  2.2751E-13  3.4635E-13  9.1306E-06
 8.5766E+25  1.9904E-04  9.9980E-01  7.0255E+03  8.1828E-05  2.2675E-13  3.4635E-13  9.0940E-06
 8.5859E+25  1.9973E-04  9.9980E-01  7.0254E+03  8.1828E-05  2.2599E-13  3.4635E-13  9.0575E-06
 8.5952E+25  2.0043E-04  9.9980E-01  7.0254E+03  8.1828E-05  2.2519E-13  3.4635E-13  9.0210E-06
 8.6044E+25  2.0114E-04  9.9980E-01  7.0253E+03  8.1828E-05  2.2441E-13  3.4636E-13  8.9846E-06
 8.6137E+25  2.0198E-04  9.9980E-01  7.0253E+03  8.1828E-05  2.2356E-13  3.4636E-13  8.9481E-06
 8.6229E+25  2.0287E-04  9.9980E-01  7.0252E+03  8.1828E-05  2.2249E-13  3.4636E-13  8.9116E-06
 8.6322E+25  2.0355E-04  9.9980E-01  7.0252E+03  8.1828E-05  2.2174E-13  3.4636E-13  8.8750E-06
 8.6414E+25  2.0422E-04  9.9980E-01  7.0251E+03  8.1828E-05  2.2101E-13  3.4636E-13  8.8383E-06
 8.6507E+25  2.0489E-04  9.9980E-01  7.0251E+03  8.1828E-05  2.2031E-13  3.4637E-13  8.8018E-06
 8.6600E+25  2.0560E-04  9.9979E-01  7.0250E+03  8.1828E-05  2.1956E-13  3.4637E-13  8.7653E-06
 8.6692E+25  2.0634E-04  9.9979E-01  7.0250E+03  8.1828E-05  2.1881E-13  3.4637E-13  8.7287E-06
 8.6785E+25  2.0740E-04  9.9979E-01  7.0249E+03  8.1828E-05  2.1770E-13  3.4637E-13  8.6923E-06
 8.6877E+25  2.0811E-04  9.9979E-01  7.0249E+03  8.1828E-05  2.1691E-13  3.4637E-13  8.6558E-06
 8.6970E+25  2.0880E-04  9.9979E-01  7.0248E+03  8.1828E-05  2.1619E-13  3.4638E-13  8.6197E-06
 8.7062E+25  2.0947E-04  9.9979E-01  7.0248E+03  8.1828E-05  2.1550E-13  3.4638E-13  8.5853E-06
 8.7155E+25  2.1013E-04  9.9979E-01  7.0247E+03  8.1828E-05  2.1482E-13  3.4638E-13  8.5510E-06
 8.7248E+25  2.1083E-04  9.9979E-01  7.0247E+03  8.1828E-05  2.1414E-13  3.4638E-13  8.5167E-06
 8.7340E+25  2.1180E-04  9.9979E-01  7.0246E+03  8.1828E-05  2.1326E-13  3.4638E-13  8.4837E-06
 8.7433E+25  2.1275E-04  9.9979E-01  7.0246E+03  8.1828E-05  2.1218E-13  3.4639E-13  8.4516E-06
 8.7525E+25  2.1341E-04  9.9979E-01  7.0245E+03  8.1828E-05  2.1153E-13  3.4639E-13  8.4194E-06
 8.7618E+25  2.1410E-04  9.9979E-01  7.0244E+03  8.1828E-05  2.1086E-13  3.4639E-13  8.3868E-06
 8.7710E+25  2.1478E-04  9.9979E-01  7.0244E+03  8.1828E-05  2.1019E-13  3.4639E-13  8.3542E-06
 8.7803E+25  2.1545E-04  9.9978E-01  7.0243E+03  8.1828E-05  2.0954E-13  3.4640E-13  8.3216E-06
 8.7896E+25  2.1617E-04  9.9978E-01  7.0243E+03  8.1828E-05  2.0891E-13  3.4640E-13  8.2891E-06
 8.7988E+25  2.1736E-04  9.9978E-01  7.0242E+03  8.1828E-05  2.0779E-13  3.4640E-13  8.2567E-06
 8.8081E+25  2.1811E-04  9.9978E-01  7.0242E+03  8.1828E-05  2.0699E-13  3.4640E-13  8.2241E-06
 8.8173E+25  2.1878E-04  9.9978E-01  7.0241E+03  8.1828E-05  2.0635E-13  3.4640E-13  8.1917E-06
 8.8266E+25  2.1945E-04  9.9978E-01  7.0241E+03  8.1828E-05  2.0573E-13  3.4641E-13  8.1592E-06
 8.8358E+25  2.2014E-04  9.9978E-01  7.0240E+03  8.1828E-05  2.0509E-13  3.4641E-13  8.1266E-06
 8.8451E+25  2.2082E-04  9.9978E-01  7.0239E+03  8.1828E-05  2.0447E-13  3.4641E-13  8.0939E-06
 8.8544E+25  2.2178E-04  9.9978E-01  7.0239E+03  8.1828E-05  2.0372E-13  3.4641E-13  8.0614E-06
 8.8636E+25  2.2281E-04  9.9978E-01  7.0238E+03  8.1828E-05  2.0264E-13  3.4641E-13  8.0287E-06
 8.8729E+25  2.2352E-04  9.9978E-01  7.0238E+03  8.1828E-05  2.0201E-13  3.4642E-13  7.9962E-06
 8.8821E+25  2.2421E-04  9.9978E-01  7.0237E+03  8.1828E-05  2.0138E-13  3.4642E-13  7.9636E-06
 8.8914E+25  2.2486E-04  9.9978E-01  7.0237E+03  8.1828E-05  2.0080E-13  3.4642E-13  7.9311E-06
 8.9006E+25  2.2556E-04  9.9977E-01  7.0236E+03  8.1828E-05  2.0019E-13  3.4642E-13  7.8985E-06
 8.9099E+25  2.2628E-04  9.9977E-01  7.0235E+03  8.1828E-05  1.9960E-13  3.4643E-13  7.8670E-06
 8.9192E+25  2.2750E-04  9.9977E-01  7.0235E+03  8.1828E-05  1.9859E-13  3.4643E-13  7.8363E-06
 8.9284E+25  2.2828E-04  9.9977E-01  7.0234E+03  8.1828E-05  1.9780E-13  3.4643E-13  7.8057E-06
 8.9377E+25  2.2897E-04  9.9977E-01  7.0234E+03  8.1828E-05  1.9722E-13  3.4643E-13  7.7751E-06
 8.9469E+25  2.2967E-04  9.9977E-01  7.0233E+03  8.1828E-05  1.9662E-13  3.4644E-13  7.7462E-06
 8.9562E+25  2.3034E-04  9.9977E-01  7.0233E+03  8.1828E-05  1.9604E-13  3.4644E-13  7.7177E-06
 8.9654E+25  2.3102E-04  9.9977E-01  7.0232E+03  8.1828E-05  1.9549E-13  3.4644E-13  7.6889E-06
 8.9747E+25  2.3193E-04  9.9977E-01  7.0232E+03  8.1828E-05  1.9489E-13  3.4644E-13  7.6598E-06
 8.9840E+25  2.3315E-04  9.9977E-01  7.0231E+03  8.1828E-05  1.9369E-13  3.4644E-13  7.6308E-06
 8.9932E+25  2.3381E-04  9.9977E-01  7.0230E+03  8.1828E-05  1.9314E-13  3.4645E-13  7.6019E-06
 9.0025E+25  2.3446E-04  9.9977E-01  7.0230E+03  8.1828E-05  1.9261E-13  3.4645E-13  7.5730E-06
 9.0117E+25  2.3516E-04  9.9976E-01  7.0229E+03  8.1828E-05  1.9205E-13  3.4645E-13  7.5440E-06
 9.0210E+25  2.3585E-04  9.9976E-01  7.0228E+03  8.1828E-05  1.9149E-13  3.4645E-13  7.5151E-06
 9.0302E+25  2.3654E-04  9.9976E-01  7.0228E+03  8.1828E-05  1.9097E-13  3.4646E-13  7.4862E-06
 9.0395E+25  2.3773E-04  9.9976E-01  7.0227E+03  8.1828E-05  1.9015E-13  3.4646E-13  7.4574E-06
 9.0487E+25  2.3870E-04  9.9976E-01  7.0227E+03  8.1828E-05  1.8919E-13  3.4646E-13  7.4282E-06
 9.0580E+25  2.3937E-04  9.9976E-01  7.0226E+03  8.1828E-05  1.8868E-13  3.4646E-13  7.3992E-06
 9.0673E+25  2.4002E-04  9.9976E-01  7.0226E+03  8.1828E-05  1.8816E-13  3.4647E-13  7.3701E-06
 9.0765E+25  2.4068E-04  9.9976E-01  7.0225E+03  8.1828E-05  1.8766E-13  3.4647E-13  7.3411E-06
 9.0858E+25  2.4138E-04  9.9976E-01  7.0224E+03  8.1828E-05  1.8713E-13  3.4647E-13  7.3120E-06
 9.0950E+25  2.4216E-04  9.9976E-01  7.0224E+03  8.1828E-05  1.8661E-13  3.4647E-13  7.2830E-06
 9.1043E+25  2.4353E-04  9.9976E-01  7.0223E+03  8.1828E-05  1.8560E-13  3.4648E-13  7.2539E-06
 9.1135E+25  2.4430E-04  9.9976E-01  7.0223E+03  8.1828E-05  1.8489E-13  3.4648E-13  7.2249E-06
 9.1228E+25  2.4495E-04  9.9976E-01  7.0222E+03  8.1828E-05  1.8440E-13  3.4648E-13  7.1964E-06
 9.1321E+25  2.4561E-04  9.9975E-01  7.0221E+03  8.1828E-05  1.8391E-13  3.4648E-13  7.1690E-06
 9.1413E+25  2.4626E-04  9.9975E-01  7.0221E+03  8.1828E-05  1.8343E-13  3.4649E-13  7.1416E-06
 9.1506E+25  2.4695E-04  9.9975E-01  7.0220E+03  8.1828E-05  1.8295E-13  3.4649E-13  7.1142E-06
 9.1598E+25  2.4790E-04  9.9975E-01  7.0220E+03  8.1828E-05  1.8245E-13  3.4649E-13  7.0878E-06
 9.1691E+25  2.4924E-04  9.9975E-01  7.0219E+03  8.1828E-05  1.8122E-13  3.4649E-13  7.0625E-06
 9.1783E+25  2.4990E-04  9.9975E-01  7.0218E+03  8.1828E-05  1.8076E-13  3.4650E-13  7.0370E-06
 9.1876E+25  2.5056E-04  9.9975E-01  7.0218E+03  8.1828E-05  1.8029E-13  3.4650E-13  7.0112E-06
 9.1969E+25  2.5120E-04  9.9975E-01  7.0217E+03  8.1828E-05  1.7983E-13  3.4650E-13  6.9854E-06
 9.2061E+25  2.5187E-04  9.9975E-01  7.0216E+03  8.1828E-05  1.7937E-13  3.4650E-13  6.9596E-06
 9.2154E+25  2.5255E-04  9.9975E-01  7.0216E+03  8.1828E-05  1.7892E-13  3.4650E-13  6.9339E-06
 9.2246E+25  2.5373E-04  9.9975E-01  7.0215E+03  8.1828E-05  1.7828E-13  3.4651E-13  6.9080E-06
 9.2339E+25  2.5488E-04  9.9975E-01  7.0215E+03  8.1828E-05  1.7724E-13  3.4651E-13  6.8823E-06
 9.2431E+25  2.5551E-04  9.9974E-01  7.0214E+03  8.1828E-05  1.7680E-13  3.4651E-13  6.8566E-06
 9.2524E+25  2.5617E-04  9.9974E-01  7.0213E+03  8.1828E-05  1.7636E-13  3.4652E-13  6.8310E-06
