 4.6285E+22  3.2714E-11  1.0000E+00  1.1672E+04  8.1828E-05  1.0464E-06  2.2763E-13  1.0000E+00
 1.3886E+23  2.2895E-10  1.0000E+00  1.1676E+04  8.1828E-05  1.4948E-07  2.2757E-13  1.0000E+00
 2.3143E+23  6.2095E-10  1.0000E+00  1.1688E+04  8.1828E-05  5.5072E-08  2.2736E-13  1.0000E+00
 3.2400E+23  1.2072E-09  1.0000E+00  1.1715E+04  8.1828E-05  2.8280E-08  2.2692E-13  1.0000E+00
 4.1657E+23  1.9843E-09  1.0000E+00  1.1764E+04  8.1828E-05  1.7154E-08  2.2613E-13  1.0000E+00
 5.0914E+23  2.9462E-09  1.0000E+00  1.1842E+04  8.1828E-05  1.1498E-08  2.2485E-13  1.0000E+00
 6.0171E+23  4.0803E-09  1.0000E+00  1.1964E+04  8.1828E-05  8.2410E-09  2.2292E-13  1.0000E+00
 6.9428E+23  5.3743E-09  1.0000E+00  1.2140E+04  8.1828E-05  6.1911E-09  2.2018E-13  1.0000E+00
 7.8685E+23  6.7947E-09  1.0000E+00  1.2397E+04  8.1828E-05  4.8231E-09  2.1629E-13  1.0000E+00
 8.7942E+23  8.3130E-09  1.0000E+00  1.2755E+04  8.1828E-05  3.8616E-09  2.1111E-13  1.0000E+00
 9.7199E+23  9.9101E-09  1.0000E+00  1.3189E+04  8.1828E-05  3.1615E-09  2.0517E-13  1.0000E+00
 1.0646E+24  1.1607E-08  1.0000E+00  1.3626E+04  8.1828E-05  2.6359E-09  1.9953E-13  1.0000E+00
 1.1571E+24  1.3482E-08  1.0000E+00  1.3943E+04  8.1828E-05  2.2315E-09  1.9563E-13  1.0000E+00
 1.2497E+24  1.5592E-08  1.0000E+00  1.4114E+04  8.1828E-05  1.9125E-09  1.9359E-13  1.0000E+00
 1.3423E+24  1.7889E-08  1.0000E+00  1.4209E+04  8.1828E-05  1.6587E-09  1.9248E-13  1.0000E+00
 1.4348E+24  2.0342E-08  1.0000E+00  1.4309E+04  8.1828E-05  1.4513E-09  1.9132E-13  9.9999E-01
 1.5274E+24  2.2928E-08  1.0000E+00  1.4409E+04  8.1828E-05  1.2810E-09  1.9017E-13  9.9999E-01
 1.6200E+24  2.5673E-08  1.0000E+00  1.4502E+04  8.1828E-05  1.1387E-09  1.8912E-13  9.9999E-01
 1.7126E+24  2.8555E-08  1.0000E+00  1.4593E+04  8.1828E-05  1.0191E-09  1.8810E-13  9.9999E-01
 1.8051E+24  3.1597E-08  1.0000E+00  1.4675E+04  8.1828E-05  9.1717E-10  1.8720E-13  9.9999E-01
 1.8977E+24  3.4775E-08  1.0000E+00  1.4754E+04  8.1828E-05  8.3007E-10  1.8633E-13  9.9999E-01
 1.9903E+24  3.8117E-08  1.0000E+00  1.4831E+04  8.1828E-05  7.5442E-10  1.8550E-13  9.9999E-01
 2.0828E+24  4.1585E-08  1.0000E+00  1.4905E+04  8.1828E-05  6.8898E-10  1.8470E-13  9.9999E-01
 2.1754E+24  4.5190E-08  1.0000E+00  1.4978E+04  8.1828E-05  6.3176E-10  1.8393E-13  9.9999E-01
 2.2680E+24  4.8955E-08  1.0000E+00  1.5048E+04  8.1828E-05  5.8118E-10  1.8318E-13  9.9999E-01
 2.3605E+24  5.2866E-08  1.0000E+00  1.5116E+04  8.1828E-05  5.3639E-10  1.8247E-13  9.9999E-01
 2.4531E+24  5.6908E-08  1.0000E+00  1.5180E+04  8.1828E-05  4.9677E-10  1.8181E-13  9.9999E-01
 2.5457E+24  6.1085E-08  1.0000E+00  1.5244E+04  8.1828E-05  4.6135E-10  1.8114E-13  9.9998E-01
 2.6383E+24  6.5434E-08  1.0000E+00  1.5308E+04  8.1828E-05  4.2937E-10  1.8049E-13  9.9998E-01
 2.7308E+24  6.9891E-08  1.0000E+00  1.5366E+04  8.1828E-05  4.0086E-10  1.7989E-13  9.9998E-01
 2.8234E+24  7.4485E-08  1.0000E+00  1.5427E+04  8.1828E-05  3.7505E-10  1.7928E-13  9.9998E-01
 2.9160E+24  7.9222E-08  1.0000E+00  1.5483E+04  8.1828E-05  3.5168E-10  1.7872E-13  9.9998E-01
 3.0085E+24  8.4164E-08  1.0000E+00  1.5538E+04  8.1828E-05  3.3016E-10  1.7816E-13  9.9998E-01
 3.1011E+24  8.9194E-08  1.0000E+00  1.5595E+04  8.1828E-05  3.1072E-10  1.7761E-13  9.9998E-01
 3.1937E+24  9.4311E-08  1.0000E+00  1.5647E+04  8.1828E-05  2.9313E-10  1.7709E-13  9.9998E-01
 3.2862E+24  9.9631E-08  1.0000E+00  1.5699E+04  8.1828E-05  2.7680E-10  1.7658E-13  9.9997E-01
 3.3788E+24  1.0501E-07  1.0000E+00  1.5750E+04  8.1828E-05  2.6200E-10  1.7609E-13  9.9997E-01
 3.4714E+24  1.1057E-07  1.0000E+00  1.5800E+04  8.1828E-05  2.4825E-10  1.7560E-13  9.9997E-01
 3.5640E+24  1.1632E-07  1.0000E+00  1.5848E+04  8.1828E-05  2.3545E-10  1.7514E-13  9.9997E-01
 3.6565E+24  1.2229E-07  1.0000E+00  1.5895E+04  8.1828E-05  2.2347E-10  1.7469E-13  9.9997E-01
 3.7491E+24  1.2810E-07  1.0000E+00  1.5942E+04  8.1828E-05  2.1286E-10  1.7424E-13  9.9997E-01
 3.8417E+24  1.3431E-07  1.0000E+00  1.5988E+04  8.1828E-05  2.0259E-10  1.7381E-13  9.9997E-01
 3.9342E+24  1.4055E-07  1.0000E+00  1.6031E+04  8.1828E-05  1.9321E-10  1.7340E-13  9.9996E-01
 4.0268E+24  1.4701E-07  1.0000E+00  1.6076E+04  8.1828E-05  1.8434E-10  1.7298E-13  9.9996E-01
 4.1194E+24  1.5338E-07  1.0000E+00  1.6118E+04  8.1828E-05  1.7635E-10  1.7258E-13  9.9996E-01
 4.2120E+24  1.6025E-07  1.0000E+00  1.6160E+04  8.1828E-05  1.6846E-10  1.7220E-13  9.9996E-01
 4.3045E+24  1.6700E-07  1.0000E+00  1.6200E+04  8.1828E-05  1.6136E-10  1.7182E-13  9.9996E-01
 4.3971E+24  1.7375E-07  1.0000E+00  1.6241E+04  8.1828E-05  1.5480E-10  1.7145E-13  9.9996E-01
 4.4897E+24  1.8092E-07  1.0000E+00  1.6280E+04  8.1828E-05  1.4840E-10  1.7109E-13  9.9995E-01
 4.5822E+24  1.8817E-07  1.0000E+00  1.6319E+04  8.1828E-05  1.4243E-10  1.7073E-13  9.9995E-01
 4.6748E+24  1.9552E-07  1.0000E+00  1.6357E+04  8.1828E-05  1.3684E-10  1.7038E-13  9.9995E-01
 4.7674E+24  2.0300E-07  1.0000E+00  1.6394E+04  8.1828E-05  1.3158E-10  1.7005E-13  9.9995E-01
 4.8599E+24  2.1057E-07  1.0000E+00  1.6431E+04  8.1828E-05  1.2663E-10  1.6971E-13  9.9995E-01
 4.9525E+24  2.1829E-07  1.0000E+00  1.6467E+04  8.1828E-05  1.2196E-10  1.6939E-13  9.9994E-01
 5.0451E+24  2.2614E-07  1.0000E+00  1.6502E+04  8.1828E-05  1.1754E-10  1.6908E-13  9.9994E-01
 5.1377E+24  2.3415E-07  1.0000E+00  1.6537E+04  8.1828E-05  1.1335E-10  1.6877E-13  9.9994E-01
 5.2302E+24  2.4232E-07  1.0000E+00  1.6571E+04  8.1828E-05  1.0935E-10  1.6847E-13  9.9994E-01
 5.3228E+24  2.5068E-07  1.0000E+00  1.6605E+04  8.1828E-05  1.0555E-10  1.6817E-13  9.9994E-01
 5.4154E+24  2.5925E-07  1.0000E+00  1.6638E+04  8.1828E-05  1.0191E-10  1.6787E-13  9.9993E-01
 5.5079E+24  2.6741E-07  1.0000E+00  1.6671E+04  8.1828E-05  9.8654E-11  1.6758E-13  9.9993E-01
 5.6005E+24  2.7597E-07  1.0000E+00  1.6703E+04  8.1828E-05  9.5462E-11  1.6731E-13  9.9993E-01
 5.6931E+24  2.8507E-07  1.0000E+00  1.6735E+04  8.1828E-05  9.2284E-11  1.6703E-13  9.9993E-01
 5.7856E+24  2.9440E-07  1.0000E+00  1.6765E+04  8.1828E-05  8.9237E-11  1.6676E-13  9.9992E-01
 5.8782E+24  3.0248E-07  1.0000E+00  1.6796E+04  8.1828E-05  8.6737E-11  1.6649E-13  9.9992E-01
 5.9708E+24  3.1225E-07  1.0000E+00  1.6826E+04  8.1828E-05  8.3910E-11  1.6623E-13  9.9992E-01
 6.0634E+24  3.2181E-07  1.0000E+00  1.6855E+04  8.1828E-05  8.1313E-11  1.6598E-13  9.9992E-01
 6.1559E+24  3.3056E-07  1.0000E+00  1.6884E+04  8.1828E-05  7.9060E-11  1.6573E-13  9.9991E-01
 6.2485E+24  3.4118E-07  1.0000E+00  1.6913E+04  8.1828E-05  7.6502E-11  1.6549E-13  9.9991E-01
 6.3411E+24  3.4968E-07  1.0000E+00  1.6941E+04  8.1828E-05  7.4550E-11  1.6524E-13  9.9991E-01
 6.4336E+24  3.6064E-07  1.0000E+00  1.6969E+04  8.1828E-05  7.2196E-11  1.6501E-13  9.9991E-01
 6.5262E+24  3.6961E-07  1.0000E+00  1.6997E+04  8.1828E-05  7.0359E-11  1.6477E-13  9.9990E-01
 6.6188E+24  3.8086E-07  1.0000E+00  1.7024E+04  8.1828E-05  6.8201E-11  1.6454E-13  9.9990E-01
 6.7113E+24  3.8982E-07  1.0000E+00  1.7051E+04  8.1828E-05  6.6556E-11  1.6432E-13  9.9990E-01
 6.8039E+24  4.0162E-07  1.0000E+00  1.7077E+04  8.1828E-05  6.4525E-11  1.6409E-13  9.9990E-01
 6.8965E+24  4.1063E-07  1.0000E+00  1.7103E+04  8.1828E-05  6.3038E-11  1.6387E-13  9.9989E-01
 6.9891E+24  4.2219E-07  1.0000E+00  1.7129E+04  8.1828E-05  6.1243E-11  1.6366E-13  9.9989E-01
 7.0816E+24  4.3299E-07  1.0000E+00  1.7155E+04  8.1828E-05  5.9650E-11  1.6345E-13  9.9989E-01
 7.1742E+24  4.4308E-07  1.0000E+00  1.7180E+04  8.1828E-05  5.8228E-11  1.6324E-13  9.9989E-01
 7.2668E+24  4.5520E-07  1.0000E+00  1.7205E+04  8.1828E-05  5.6618E-11  1.6303E-13  9.9988E-01
 7.3593E+24  4.6575E-07  1.0000E+00  1.7229E+04  8.1828E-05  5.5276E-11  1.6283E-13  9.9988E-01
 7.4519E+24  4.7656E-07  1.0000E+00  1.7254E+04  8.1828E-05  5.3966E-11  1.6262E-13  9.9988E-01
 7.5445E+24  4.8887E-07  1.0000E+00  1.7277E+04  8.1828E-05  5.2554E-11  1.6243E-13  9.9987E-01
 7.6371E+24  5.0066E-07  1.0000E+00  1.7301E+04  8.1828E-05  5.1263E-11  1.6223E-13  9.9987E-01
 7.7296E+24  5.1082E-07  1.0000E+00  1.7325E+04  8.1828E-05  5.0193E-11  1.6204E-13  9.9987E-01
 7.8222E+24  5.2331E-07  1.0000E+00  1.7348E+04  8.1828E-05  4.8947E-11  1.6185E-13  9.9986E-01
 7.9148E+24  5.3589E-07  1.0000E+00  1.7371E+04  8.1828E-05  4.7751E-11  1.6166E-13  9.9986E-01
 8.0073E+24  5.4830E-07  1.0000E+00  1.7393E+04  8.1828E-05  4.6625E-11  1.6148E-13  9.9986E-01
 8.0999E+24  5.5871E-07  1.0000E+00  1.7416E+04  8.1828E-05  4.5712E-11  1.6130E-13  9.9985E-01
 8.1925E+24  5.7148E-07  1.0000E+00  1.7438E+04  8.1828E-05  4.4649E-11  1.6112E-13  9.9985E-01
 8.2850E+24  5.8435E-07  1.0000E+00  1.7460E+04  8.1828E-05  4.3624E-11  1.6094E-13  9.9985E-01
 8.3776E+24  5.9731E-07  1.0000E+00  1.7481E+04  8.1828E-05  4.2639E-11  1.6077E-13  9.9985E-01
 8.4702E+24  6.1034E-07  1.0000E+00  1.7503E+04  8.1828E-05  4.1691E-11  1.6059E-13  9.9984E-01
 8.5628E+24  6.2268E-07  1.0000E+00  1.7524E+04  8.1828E-05  4.0827E-11  1.6042E-13  9.9984E-01
 8.6553E+24  6.3467E-07  1.0000E+00  1.7545E+04  8.1828E-05  4.0021E-11  1.6025E-13  9.9984E-01
 8.7479E+24  6.4796E-07  1.0000E+00  1.7566E+04  8.1828E-05  3.9165E-11  1.6009E-13  9.9983E-01
 8.8405E+24  6.6136E-07  1.0000E+00  1.7586E+04  8.1828E-05  3.8338E-11  1.5992E-13  9.9983E-01
 8.9330E+24  6.7485E-07  1.0000E+00  1.7607E+04  8.1828E-05  3.7540E-11  1.5976E-13  9.9982E-01
 9.0256E+24  6.8842E-07  1.0000E+00  1.7627E+04  8.1828E-05  3.6768E-11  1.5960E-13  9.9982E-01
 9.1182E+24  7.0209E-07  1.0000E+00  1.7647E+04  8.1828E-05  3.6022E-11  1.5944E-13  9.9981E-01
 9.2107E+24  7.1585E-07  1.0000E+00  1.7667E+04  8.1828E-05  3.5300E-11  1.5929E-13  9.9981E-01
 9.3033E+24  7.2971E-07  1.0000E+00  1.7686E+04  8.1828E-05  3.4601E-11  1.5913E-13  9.9979E-01
 9.3959E+24  7.4367E-07  1.0000E+00  1.7706E+04  8.1828E-05  3.3924E-11  1.5898E-13  9.9977E-01
 9.4885E+24  7.5773E-07  1.0000E+00  1.7725E+04  8.1828E-05  3.3268E-11  1.5883E-13  9.9974E-01
 9.5810E+24  7.7190E-07  1.0000E+00  1.7743E+04  8.1828E-05  3.2631E-11  1.5868E-13  9.9967E-01
 9.6736E+24  7.8618E-07  1.0000E+00  1.7762E+04  8.1828E-05  3.2014E-11  1.5854E-13  9.9956E-01
 9.7662E+24  8.0059E-07  1.0000E+00  1.7780E+04  8.1828E-05  3.1413E-11  1.5840E-13  9.9934E-01
 9.8587E+24  8.1514E-07  1.0000E+00  1.7797E+04  8.1828E-05  3.0830E-11  1.5827E-13  9.9895E-01
 9.9513E+24  8.2985E-07  1.0000E+00  1.7812E+04  8.1828E-05  3.0263E-11  1.5815E-13  9.9825E-01
 1.0044E+25  8.4473E-07  1.0000E+00  1.7825E+04  8.1828E-05  2.9711E-11  1.5805E-13  9.9701E-01
 1.0136E+25  8.5985E-07  1.0000E+00  1.7834E+04  8.1828E-05  2.9173E-11  1.5798E-13  9.9484E-01
 1.0229E+25  8.7523E-07  1.0000E+00  1.7836E+04  8.1828E-05  2.8649E-11  1.5797E-13  9.9110E-01
 1.0322E+25  8.9102E-07  1.0000E+00  1.7827E+04  8.1828E-05  2.8138E-11  1.5804E-13  9.8473E-01
 1.0414E+25  9.0738E-07  1.0000E+00  1.7799E+04  8.1828E-05  2.7639E-11  1.5826E-13  9.7413E-01
 1.0507E+25  9.2458E-07  1.0000E+00  1.7743E+04  8.1828E-05  2.7152E-11  1.5871E-13  9.5691E-01
 1.0599E+25  9.4304E-07  1.0000E+00  1.7643E+04  8.1828E-05  2.6676E-11  1.5951E-13  9.2983E-01
 1.0692E+25  9.6340E-07  1.0000E+00  1.7478E+04  8.1828E-05  2.6210E-11  1.6085E-13  8.8916E-01
 1.0784E+25  9.8650E-07  1.0000E+00  1.7227E+04  8.1828E-05  2.5755E-11  1.6293E-13  8.3169E-01
 1.0877E+25  1.0133E-06  1.0000E+00  1.6873E+04  8.1828E-05  2.5312E-11  1.6595E-13  7.5671E-01
 1.0970E+25  1.0447E-06  1.0000E+00  1.6412E+04  8.1828E-05  2.4881E-11  1.7005E-13  6.6785E-01
 1.1062E+25  1.0815E-06  1.0000E+00  1.5861E+04  8.1828E-05  2.4461E-11  1.7521E-13  5.7299E-01
 1.1155E+25  1.1234E-06  1.0000E+00  1.5254E+04  8.1828E-05  2.4054E-11  1.8127E-13  4.8150E-01
 1.1247E+25  1.1695E-06  1.0000E+00  1.4632E+04  8.1828E-05  2.3663E-11  1.8792E-13  4.0047E-01
 1.1340E+25  1.2184E-06  1.0000E+00  1.4029E+04  8.1828E-05  2.3292E-11  1.9485E-13  3.3301E-01
 1.1432E+25  1.2702E-06  1.0000E+00  1.3467E+04  8.1828E-05  2.2912E-11  2.0179E-13  2.7886E-01
 1.1525E+25  1.3230E-06  1.0000E+00  1.2956E+04  8.1828E-05  2.2542E-11  2.0856E-13  2.3606E-01
 1.1618E+25  1.3762E-06  1.0000E+00  1.2497E+04  8.1828E-05  2.2180E-11  2.1506E-13  2.0226E-01
 1.1710E+25  1.4290E-06  1.0000E+00  1.2086E+04  8.1828E-05  2.1829E-11  2.2122E-13  1.7535E-01
 1.1803E+25  1.4806E-06  1.0000E+00  1.1721E+04  8.1828E-05  2.1501E-11  2.2704E-13  1.5365E-01
 1.1895E+25  1.5322E-06  1.0000E+00  1.1394E+04  8.1828E-05  2.1170E-11  2.3251E-13  1.3592E-01
 1.1988E+25  1.5834E-06  1.0000E+00  1.1102E+04  8.1828E-05  2.0845E-11  2.3764E-13  1.2123E-01
 1.2080E+25  1.6339E-06  1.0000E+00  1.0839E+04  8.1828E-05  2.0528E-11  2.4246E-13  1.0890E-01
 1.2173E+25  1.6840E-06  1.0000E+00  1.0602E+04  8.1828E-05  2.0216E-11  2.4699E-13  9.8447E-02
 1.2266E+25  1.7335E-06  1.0000E+00  1.0387E+04  8.1828E-05  1.9911E-11  2.5124E-13  8.9484E-02
 1.2358E+25  1.7826E-06  1.0000E+00  1.0192E+04  8.1828E-05  1.9614E-11  2.5524E-13  8.1733E-02
 1.2451E+25  1.8311E-06  1.0000E+00  1.0015E+04  8.1828E-05  1.9323E-11  2.5901E-13  7.4976E-02
 1.2543E+25  1.8793E-06  1.0000E+00  9.8520E+03  8.1828E-05  1.9038E-11  2.6256E-13  6.9044E-02
 1.2636E+25  1.9271E-06  1.0000E+00  9.7027E+03  8.1828E-05  1.8760E-11  2.6590E-13  6.3801E-02
 1.2728E+25  1.9745E-06  1.0000E+00  9.5653E+03  8.1828E-05  1.8488E-11  2.6907E-13  5.9142E-02
 1.2821E+25  2.0217E-06  1.0000E+00  9.4385E+03  8.1828E-05  1.8222E-11  2.7206E-13  5.4980E-02
 1.2914E+25  2.0686E-06  1.0000E+00  9.3212E+03  8.1828E-05  1.7962E-11  2.7489E-13  5.1243E-02
 1.3006E+25  2.1152E-06  1.0000E+00  9.2124E+03  8.1828E-05  1.7707E-11  2.7757E-13  4.7875E-02
 1.3099E+25  2.1616E-06  1.0000E+00  9.1112E+03  8.1828E-05  1.7458E-11  2.8011E-13  4.4827E-02
 1.3191E+25  2.2079E-06  1.0000E+00  9.0170E+03  8.1828E-05  1.7214E-11  2.8252E-13  4.2058E-02
 1.3284E+25  2.2540E-06  1.0000E+00  8.9290E+03  8.1828E-05  1.6976E-11  2.8481E-13  3.9534E-02
 1.3376E+25  2.3001E-06  1.0000E+00  8.8468E+03  8.1828E-05  1.6741E-11  2.8699E-13  3.7227E-02
 1.3469E+25  2.3460E-06  1.0000E+00  8.7697E+03  8.1828E-05  1.6512E-11  2.8907E-13  3.5112E-02
 1.3562E+25  2.3918E-06  1.0000E+00  8.6975E+03  8.1828E-05  1.6288E-11  2.9104E-13  3.3168E-02
 1.3654E+25  2.4378E-06  1.0000E+00  8.6295E+03  8.1828E-05  1.6067E-11  2.9292E-13  3.1376E-02
 1.3747E+25  2.4836E-06  1.0000E+00  8.5656E+03  8.1828E-05  1.5851E-11  2.9472E-13  2.9721E-02
 1.3839E+25  2.5295E-06  1.0000E+00  8.5054E+03  8.1828E-05  1.5639E-11  2.9643E-13  2.8189E-02
 1.3932E+25  2.5757E-06  1.0000E+00  8.4485E+03  8.1828E-05  1.5429E-11  2.9806E-13  2.6768E-02
 1.4024E+25  2.6218E-06  1.0000E+00  8.3948E+03  8.1828E-05  1.5224E-11  2.9962E-13  2.5448E-02
 1.4117E+25  2.6682E-06  1.0000E+00  8.3441E+03  8.1828E-05  1.5022E-11  3.0112E-13  2.4218E-02
 1.4210E+25  2.7147E-06  1.0000E+00  8.2960E+03  8.1828E-05  1.4823E-11  3.0255E-13  2.3071E-02
 1.4302E+25  2.7579E-06  1.0000E+00  8.2504E+03  8.1828E-05  1.4651E-11  3.0391E-13  2.2000E-02
 1.4395E+25  2.8009E-06  1.0000E+00  8.2071E+03  8.1828E-05  1.4474E-11  3.0522E-13  2.0999E-02
 1.4487E+25  2.8472E-06  1.0000E+00  8.1660E+03  8.1828E-05  1.4287E-11  3.0648E-13  2.0060E-02
 1.4580E+25  2.8939E-06  1.0000E+00  8.1270E+03  8.1828E-05  1.4103E-11  3.0768E-13  1.9179E-02
 1.4672E+25  2.9410E-06  1.0000E+00  8.0898E+03  8.1828E-05  1.3920E-11  3.0884E-13  1.8352E-02
 1.4765E+25  2.9885E-06  1.0000E+00  8.0544E+03  8.1828E-05  1.3741E-11  3.0995E-13  1.7573E-02
 1.4858E+25  3.0364E-06  1.0000E+00  8.0207E+03  8.1828E-05  1.3563E-11  3.1101E-13  1.6841E-02
 1.4950E+25  3.0849E-06  1.0000E+00  7.9885E+03  8.1828E-05  1.3386E-11  3.1203E-13  1.6150E-02
 1.5043E+25  3.1304E-06  1.0000E+00  7.9578E+03  8.1828E-05  1.3231E-11  3.1302E-13  1.5498E-02
 1.5135E+25  3.1683E-06  1.0000E+00  7.9285E+03  8.1828E-05  1.3102E-11  3.1396E-13  1.4882E-02
 1.5228E+25  3.2170E-06  1.0000E+00  7.9004E+03  8.1828E-05  1.2935E-11  3.1487E-13  1.4299E-02
 1.5320E+25  3.2665E-06  1.0000E+00  7.8736E+03  8.1828E-05  1.2769E-11  3.1575E-13  1.3747E-02
 1.5413E+25  3.3167E-06  1.0000E+00  7.8479E+03  8.1828E-05  1.2603E-11  3.1659E-13  1.3225E-02
 1.5506E+25  3.3676E-06  1.0000E+00  7.8233E+03  8.1828E-05  1.2440E-11  3.1740E-13  1.2729E-02
 1.5598E+25  3.4102E-06  1.0000E+00  7.7998E+03  8.1828E-05  1.2315E-11  3.1818E-13  1.2259E-02
 1.5691E+25  3.4497E-06  1.0000E+00  7.7772E+03  8.1828E-05  1.2193E-11  3.1893E-13  1.1812E-02
 1.5783E+25  3.5015E-06  1.0000E+00  7.7555E+03  8.1828E-05  1.2036E-11  3.1966E-13  1.1387E-02
 1.5876E+25  3.5542E-06  1.0000E+00  7.7347E+03  8.1828E-05  1.1879E-11  3.2036E-13  1.0983E-02
 1.5968E+25  3.6079E-06  1.0000E+00  7.7147E+03  8.1828E-05  1.1723E-11  3.2103E-13  1.0599E-02
 1.6061E+25  3.6451E-06  1.0000E+00  7.6955E+03  8.1828E-05  1.1628E-11  3.2169E-13  1.0232E-02
 1.6154E+25  3.6895E-06  1.0000E+00  7.6770E+03  8.1828E-05  1.1502E-11  3.2232E-13  9.8824E-03
 1.6246E+25  3.7445E-06  1.0000E+00  7.6592E+03  8.1828E-05  1.1351E-11  3.2293E-13  9.5493E-03
 1.6339E+25  3.8007E-06  1.0000E+00  7.6421E+03  8.1828E-05  1.1201E-11  3.2351E-13  9.2309E-03
 1.6431E+25  3.8439E-06  1.0000E+00  7.6256E+03  8.1828E-05  1.1097E-11  3.2408E-13  8.9267E-03
 1.6524E+25  3.8821E-06  1.0000E+00  7.6098E+03  8.1828E-05  1.0998E-11  3.2463E-13  8.6363E-03
 1.6616E+25  3.9401E-06  1.0000E+00  7.5945E+03  8.1828E-05  1.0851E-11  3.2516E-13  8.3581E-03
 1.6709E+25  3.9994E-06  1.0000E+00  7.5798E+03  8.1828E-05  1.0704E-11  3.2568E-13  8.0922E-03
 1.6802E+25  4.0365E-06  1.0000E+00  7.5656E+03  8.1828E-05  1.0625E-11  3.2617E-13  7.8378E-03
 1.6894E+25  4.0812E-06  1.0000E+00  7.5518E+03  8.1828E-05  1.0516E-11  3.2665E-13  7.5934E-03
 1.6987E+25  4.1426E-06  1.0000E+00  7.5386E+03  8.1828E-05  1.0373E-11  3.2712E-13  7.3599E-03
 1.7079E+25  4.2022E-06  1.0000E+00  7.5258E+03  8.1828E-05  1.0242E-11  3.2757E-13  7.1355E-03
 1.7172E+25  4.2250E-06  1.0000E+00  7.5135E+03  8.1828E-05  1.0195E-11  3.2801E-13  6.9205E-03
 1.7264E+25  4.2884E-06  1.0000E+00  7.5016E+03  8.1828E-05  1.0054E-11  3.2843E-13  6.7141E-03
 1.7357E+25  4.3539E-06  1.0000E+00  7.4900E+03  8.1828E-05  9.9133E-12  3.2884E-13  6.5155E-03
 1.7450E+25  4.3835E-06  1.0000E+00  7.4789E+03  8.1828E-05  9.8614E-12  3.2924E-13  6.3253E-03
 1.7542E+25  4.4371E-06  1.0000E+00  7.4681E+03  8.1828E-05  9.7469E-12  3.2963E-13  6.1419E-03
 1.7635E+25  4.5056E-06  1.0000E+00  7.4577E+03  8.1828E-05  9.6080E-12  3.3000E-13  5.9663E-03
 1.7727E+25  4.5427E-06  1.0000E+00  7.4476E+03  8.1828E-05  9.5433E-12  3.3036E-13  5.7965E-03
 1.7820E+25  4.5897E-06  1.0000E+00  7.4378E+03  8.1828E-05  9.4492E-12  3.3072E-13  5.6338E-03
 1.7912E+25  4.6613E-06  1.0000E+00  7.4283E+03  8.1828E-05  9.3122E-12  3.3106E-13  5.4765E-03
 1.8005E+25  4.6987E-06  1.0000E+00  7.4192E+03  8.1828E-05  9.2508E-12  3.3139E-13  5.3258E-03
 1.8097E+25  4.7466E-06  1.0000E+00  7.4103E+03  8.1828E-05  9.1601E-12  3.3171E-13  5.1798E-03
 1.8190E+25  4.8218E-06  1.0000E+00  7.4017E+03  8.1828E-05  9.0245E-12  3.3203E-13  5.0398E-03
 1.8283E+25  4.8516E-06  1.0000E+00  7.3933E+03  8.1828E-05  8.9808E-12  3.3233E-13  4.9040E-03
 1.8375E+25  4.9085E-06  1.0000E+00  7.3852E+03  8.1828E-05  8.8786E-12  3.3263E-13  4.7739E-03
 1.8468E+25  4.9875E-06  1.0000E+00  7.3773E+03  8.1828E-05  8.7444E-12  3.3291E-13  4.6476E-03
 1.8560E+25  5.0012E-06  9.9999E-01  7.3697E+03  8.1828E-05  8.7314E-12  3.3319E-13  4.5264E-03
 1.8653E+25  5.0759E-06  9.9999E-01  7.3623E+03  8.1828E-05  8.6040E-12  3.3347E-13  4.4087E-03
 1.8745E+25  5.1420E-06  9.9999E-01  7.3551E+03  8.1828E-05  8.5039E-12  3.3373E-13  4.2956E-03
 1.8838E+25  5.1645E-06  9.9999E-01  7.3481E+03  8.1828E-05  8.4676E-12  3.3399E-13  4.1858E-03
 1.8931E+25  5.2499E-06  9.9999E-01  7.3413E+03  8.1828E-05  8.3351E-12  3.3424E-13  4.0801E-03
 1.9023E+25  5.2866E-06  9.9999E-01  7.3348E+03  8.1828E-05  8.2871E-12  3.3448E-13  3.9778E-03
 1.9116E+25  5.3409E-06  9.9999E-01  7.3284E+03  8.1828E-05  8.2030E-12  3.3472E-13  3.8786E-03
 1.9208E+25  5.4258E-06  9.9999E-01  7.3221E+03  8.1828E-05  8.0833E-12  3.3495E-13  3.7832E-03
 1.9301E+25  5.4326E-06  9.9999E-01  7.3161E+03  8.1828E-05  8.0746E-12  3.3517E-13  3.6902E-03
 1.9393E+25  5.5250E-06  9.9999E-01  7.3102E+03  8.1828E-05  7.9431E-12  3.3539E-13  3.6009E-03
 1.9486E+25  5.5653E-06  9.9999E-01  7.3045E+03  8.1828E-05  7.8945E-12  3.3560E-13  3.5140E-03
 1.9579E+25  5.6191E-06  9.9999E-01  7.2989E+03  8.1828E-05  7.8184E-12  3.3581E-13  3.4299E-03
 1.9671E+25  5.7034E-06  9.9999E-01  7.2935E+03  8.1828E-05  7.7112E-12  3.3601E-13  3.3487E-03
 1.9764E+25  5.7144E-06  9.9999E-01  7.2882E+03  8.1828E-05  7.6958E-12  3.3621E-13  3.2695E-03
 1.9856E+25  5.8153E-06  9.9999E-01  7.2831E+03  8.1828E-05  7.5657E-12  3.3640E-13  3.1934E-03
 1.9949E+25  5.8362E-06  9.9999E-01  7.2781E+03  8.1828E-05  7.5468E-12  3.3659E-13  3.1191E-03
 2.0041E+25  5.9141E-06  9.9999E-01  7.2732E+03  8.1828E-05  7.4463E-12  3.3677E-13  3.0472E-03
 2.0134E+25  5.9725E-06  9.9999E-01  7.2685E+03  8.1828E-05  7.3813E-12  3.3695E-13  2.9778E-03
 2.0227E+25  6.0140E-06  9.9999E-01  7.2639E+03  8.1828E-05  7.3289E-12  3.3712E-13  2.9098E-03
 2.0319E+25  6.1080E-06  9.9999E-01  7.2594E+03  8.1828E-05  7.2237E-12  3.3729E-13  2.8445E-03
 2.0412E+25  6.1150E-06  9.9999E-01  7.2550E+03  8.1828E-05  7.2141E-12  3.3746E-13  2.7808E-03
 2.0504E+25  6.2286E-06  9.9999E-01  7.2507E+03  8.1828E-05  7.0853E-12  3.3762E-13  2.7188E-03
 2.0597E+25  6.2327E-06  9.9999E-01  7.2466E+03  8.1828E-05  7.0878E-12  3.3778E-13  2.6591E-03
 2.0689E+25  6.3345E-06  9.9999E-01  7.2425E+03  8.1828E-05  6.9722E-12  3.3793E-13  2.6007E-03
 2.0782E+25  6.3658E-06  9.9999E-01  7.2385E+03  8.1828E-05  6.9449E-12  3.3808E-13  2.5439E-03
 2.0875E+25  6.4418E-06  9.9999E-01  7.2347E+03  8.1828E-05  6.8612E-12  3.3823E-13  2.4892E-03
 2.0967E+25  6.4986E-06  9.9999E-01  7.2309E+03  8.1828E-05  6.8080E-12  3.3837E-13  2.4355E-03
 2.1060E+25  6.5511E-06  9.9999E-01  7.2272E+03  8.1828E-05  6.7514E-12  3.3851E-13  2.3836E-03
 2.1152E+25  6.6311E-06  9.9999E-01  7.2236E+03  8.1828E-05  6.6766E-12  3.3864E-13  2.3333E-03
 2.1245E+25  6.6620E-06  9.9999E-01  7.2201E+03  8.1828E-05  6.6435E-12  3.3878E-13  2.2840E-03
 2.1337E+25  6.7631E-06  9.9999E-01  7.2167E+03  8.1828E-05  6.5506E-12  3.3891E-13  2.2362E-03
 2.1430E+25  6.7748E-06  9.9999E-01  7.2133E+03  8.1828E-05  6.5370E-12  3.3903E-13  2.1900E-03
 2.1523E+25  6.8943E-06  9.9999E-01  7.2101E+03  8.1828E-05  6.4299E-12  3.3916E-13  2.1445E-03
 2.1615E+25  6.8899E-06  9.9999E-01  7.2069E+03  8.1828E-05  6.4318E-12  3.3928E-13  2.1006E-03
 2.1708E+25  7.0242E-06  9.9999E-01  7.2038E+03  8.1828E-05  6.3142E-12  3.3940E-13  2.0579E-03
 2.1800E+25  7.0081E-06  9.9999E-01  7.2007E+03  8.1828E-05  6.3276E-12  3.3951E-13  2.0160E-03
 2.1893E+25  7.1519E-06  9.9999E-01  7.1978E+03  8.1828E-05  6.2031E-12  3.3963E-13  1.9754E-03
 2.1985E+25  7.1304E-06  9.9999E-01  7.1949E+03  8.1828E-05  6.2245E-12  3.3974E-13  1.9362E-03
 2.2078E+25  7.2777E-06  9.9999E-01  7.1920E+03  8.1828E-05  6.0976E-12  3.3985E-13  1.8975E-03
 2.2171E+25  7.2565E-06  9.9999E-01  7.1892E+03  8.1828E-05  6.1212E-12  3.3995E-13  1.8599E-03
 2.2263E+25  7.4051E-06  9.9999E-01  7.1865E+03  8.1828E-05  5.9958E-12  3.4006E-13  1.8236E-03
 2.2356E+25  7.3828E-06  9.9999E-01  7.1839E+03  8.1828E-05  6.0196E-12  3.4016E-13  1.7879E-03
 2.2448E+25  7.5351E-06  9.9999E-01  7.1813E+03  8.1828E-05  5.8959E-12  3.4026E-13  1.7530E-03
 2.2541E+25  7.5086E-06  9.9999E-01  7.1788E+03  8.1828E-05  5.9209E-12  3.4036E-13  1.7194E-03
 2.2633E+25  7.6644E-06  9.9999E-01  7.1763E+03  8.1828E-05  5.8015E-12  3.4045E-13  1.6865E-03
 2.2726E+25  7.6375E-06  9.9999E-01  7.1738E+03  8.1828E-05  5.8215E-12  3.4054E-13  1.6541E-03
 2.2819E+25  7.7910E-06  9.9999E-01  7.1715E+03  8.1828E-05  5.7107E-12  3.4064E-13  1.6229E-03
 2.2911E+25  7.7713E-06  9.9999E-01  7.1692E+03  8.1828E-05  5.7229E-12  3.4072E-13  1.5924E-03
 2.3004E+25  7.9157E-06  9.9999E-01  7.1669E+03  8.1828E-05  5.6234E-12  3.4081E-13  1.5624E-03
 2.3096E+25  7.9097E-06  9.9999E-01  7.1646E+03  8.1828E-05  5.6250E-12  3.4090E-13  1.5332E-03
 2.3189E+25  8.0391E-06  9.9999E-01  7.1625E+03  8.1828E-05  5.5395E-12  3.4098E-13  1.5050E-03
 2.3281E+25  8.0520E-06  9.9999E-01  7.1603E+03  8.1828E-05  5.5278E-12  3.4106E-13  1.4773E-03
 2.3374E+25  8.1615E-06  9.9999E-01  7.1582E+03  8.1828E-05  5.4586E-12  3.4115E-13  1.4500E-03
 2.3467E+25  8.1983E-06  9.9999E-01  7.1562E+03  8.1828E-05  5.4313E-12  3.4122E-13  1.4237E-03
 2.3559E+25  8.2827E-06  9.9999E-01  7.1542E+03  8.1828E-05  5.3808E-12  3.4130E-13  1.3980E-03
 2.3652E+25  8.3487E-06  9.9999E-01  7.1522E+03  8.1828E-05  5.3354E-12  3.4138E-13  1.3727E-03
 2.3744E+25  8.4029E-06  9.9999E-01  7.1503E+03  8.1828E-05  5.3058E-12  3.4145E-13  1.3480E-03
 2.3837E+25  8.5034E-06  9.9999E-01  7.1484E+03  8.1828E-05  5.2403E-12  3.4152E-13  1.3241E-03
 2.3929E+25  8.5218E-06  9.9999E-01  7.1466E+03  8.1828E-05  5.2336E-12  3.4159E-13  1.3007E-03
 2.4022E+25  8.6627E-06  9.9999E-01  7.1448E+03  8.1828E-05  5.1457E-12  3.4167E-13  1.2776E-03
 2.4115E+25  8.6397E-06  9.9999E-01  7.1430E+03  8.1828E-05  5.1640E-12  3.4173E-13  1.2551E-03
 2.4207E+25  8.8056E-06  9.9999E-01  7.1413E+03  8.1828E-05  5.0675E-12  3.4180E-13  1.2334E-03
 2.4300E+25  8.7772E-06  9.9999E-01  7.1396E+03  8.1828E-05  5.0811E-12  3.4187E-13  1.2120E-03
 2.4392E+25  8.9229E-06  9.9999E-01  7.1379E+03  8.1828E-05  5.0026E-12  3.4193E-13  1.1909E-03
 2.4485E+25  8.9444E-06  9.9999E-01  7.1363E+03  8.1828E-05  4.9876E-12  3.4199E-13  1.1704E-03
 2.4577E+25  9.0388E-06  9.9999E-01  7.1347E+03  8.1828E-05  4.9400E-12  3.4206E-13  1.1506E-03
 2.4670E+25  9.1167E-06  9.9999E-01  7.1331E+03  8.1828E-05  4.8949E-12  3.4212E-13  1.1310E-03
 2.4763E+25  9.1533E-06  9.9999E-01  7.1315E+03  8.1828E-05  4.8796E-12  3.4218E-13  1.1118E-03
 2.4855E+25  9.2943E-06  9.9999E-01  7.1300E+03  8.1828E-05  4.8028E-12  3.4224E-13  1.0930E-03
 2.4948E+25  9.2668E-06  9.9999E-01  7.1286E+03  8.1828E-05  4.8212E-12  3.4229E-13  1.0749E-03
 2.5040E+25  9.4382E-06  9.9999E-01  7.1271E+03  8.1828E-05  4.7344E-12  3.4235E-13  1.0570E-03
 2.5133E+25  9.4181E-06  9.9999E-01  7.1257E+03  8.1828E-05  4.7415E-12  3.4241E-13  1.0393E-03
 2.5225E+25  9.5503E-06  9.9999E-01  7.1243E+03  8.1828E-05  4.6801E-12  3.4246E-13  1.0221E-03
 2.5318E+25  9.6061E-06  9.9999E-01  7.1229E+03  8.1828E-05  4.6499E-12  3.4251E-13  1.0055E-03
 2.5411E+25  9.6613E-06  9.9999E-01  7.1216E+03  8.1828E-05  4.6276E-12  3.4257E-13  9.8908E-04
 2.5503E+25  9.7998E-06  9.9999E-01  7.1202E+03  8.1828E-05  4.5593E-12  3.4262E-13  9.7286E-04
 2.5596E+25  9.7708E-06  9.9999E-01  7.1189E+03  8.1828E-05  4.5768E-12  3.4267E-13  9.5708E-04
 2.5688E+25  9.9466E-06  9.9999E-01  7.1177E+03  8.1828E-05  4.4965E-12  3.4272E-13  9.4181E-04
 2.5781E+25  9.9320E-06  9.9999E-01  7.1164E+03  8.1828E-05  4.5001E-12  3.4277E-13  9.2675E-04
 2.5873E+25  1.0054E-05  9.9999E-01  7.1152E+03  8.1828E-05  4.4494E-12  3.4282E-13  9.1187E-04
 2.5966E+25  1.0138E-05  9.9999E-01  7.1140E+03  8.1828E-05  4.4098E-12  3.4286E-13  8.9729E-04
 2.6059E+25  1.0161E-05  9.9999E-01  7.1128E+03  8.1828E-05  4.4035E-12  3.4291E-13  8.8323E-04
 2.6151E+25  1.0340E-05  9.9999E-01  7.1116E+03  8.1828E-05  4.3274E-12  3.4295E-13  8.6942E-04
 2.6244E+25  1.0277E-05  9.9999E-01  7.1105E+03  8.1828E-05  4.3522E-12  3.4300E-13  8.5577E-04
 2.6336E+25  1.0446E-05  9.9999E-01  7.1093E+03  8.1828E-05  4.2850E-12  3.4304E-13  8.4230E-04
 2.6429E+25  1.0494E-05  9.9999E-01  7.1082E+03  8.1828E-05  4.2626E-12  3.4309E-13  8.2925E-04
 2.6521E+25  1.0550E-05  9.9999E-01  7.1072E+03  8.1828E-05  4.2437E-12  3.4313E-13  8.1659E-04
 2.6614E+25  1.0719E-05  9.9999E-01  7.1061E+03  8.1828E-05  4.1738E-12  3.4317E-13  8.0404E-04
 2.6707E+25  1.0652E-05  9.9999E-01  7.1050E+03  8.1828E-05  4.2037E-12  3.4321E-13  7.9165E-04
 2.6799E+25  1.0835E-05  9.9999E-01  7.1040E+03  8.1828E-05  4.1333E-12  3.4325E-13  7.7951E-04
 2.6892E+25  1.0870E-05  9.9999E-01  7.1030E+03  8.1828E-05  4.1169E-12  3.4329E-13  7.6779E-04
 2.6984E+25  1.0935E-05  9.9999E-01  7.1020E+03  8.1828E-05  4.0961E-12  3.4333E-13  7.5629E-04
 2.7077E+25  1.1110E-05  9.9999E-01  7.1010E+03  8.1828E-05  4.0288E-12  3.4337E-13  7.4488E-04
 2.7169E+25  1.1035E-05  9.9999E-01  7.1001E+03  8.1828E-05  4.0598E-12  3.4340E-13  7.3362E-04
 2.7262E+25  1.1221E-05  9.9999E-01  7.0991E+03  8.1828E-05  3.9931E-12  3.4344E-13  7.2268E-04
 2.7355E+25  1.1270E-05  9.9999E-01  7.0982E+03  8.1828E-05  3.9727E-12  3.4348E-13  7.1208E-04
 2.7447E+25  1.1318E-05  9.9999E-01  7.0973E+03  8.1828E-05  3.9595E-12  3.4351E-13  7.0161E-04
 2.7540E+25  1.1507E-05  9.9999E-01  7.0964E+03  8.1828E-05  3.8946E-12  3.4355E-13  6.9124E-04
 2.7632E+25  1.1433E-05  9.9999E-01  7.0955E+03  8.1828E-05  3.9172E-12  3.4358E-13  6.8102E-04
 2.7725E+25  1.1602E-05  9.9999E-01  7.0947E+03  8.1828E-05  3.8634E-12  3.4362E-13  6.7111E-04
 2.7817E+25  1.1696E-05  9.9999E-01  7.0938E+03  8.1828E-05  3.8297E-12  3.4365E-13  6.6147E-04
 2.7910E+25  1.1696E-05  9.9999E-01  7.0930E+03  8.1828E-05  3.8329E-12  3.4368E-13  6.5195E-04
 2.8003E+25  1.1888E-05  9.9999E-01  7.0921E+03  8.1828E-05  3.7714E-12  3.4371E-13  6.4249E-04
 2.8095E+25  1.1869E-05  9.9999E-01  7.0913E+03  8.1828E-05  3.7746E-12  3.4375E-13  6.3320E-04
 2.8188E+25  1.1980E-05  9.9999E-01  7.0905E+03  8.1828E-05  3.7432E-12  3.4378E-13  6.2419E-04
 2.8280E+25  1.2150E-05  9.9999E-01  7.0898E+03  8.1828E-05  3.6879E-12  3.4381E-13  6.1543E-04
 2.8373E+25  1.2071E-05  9.9999E-01  7.0890E+03  8.1828E-05  3.7153E-12  3.4384E-13  6.0673E-04
 2.8465E+25  1.2265E-05  9.9999E-01  7.0882E+03  8.1828E-05  3.6571E-12  3.4387E-13  5.9813E-04
 2.8558E+25  1.2336E-05  9.9999E-01  7.0875E+03  8.1828E-05  3.6331E-12  3.4390E-13  5.8964E-04
 2.8651E+25  1.2353E-05  9.9999E-01  7.0867E+03  8.1828E-05  3.6315E-12  3.4393E-13  5.8142E-04
 2.8743E+25  1.2550E-05  9.9999E-01  7.0860E+03  8.1828E-05  3.5747E-12  3.4395E-13  5.7341E-04
 2.8836E+25  1.2526E-05  9.9999E-01  7.0853E+03  8.1828E-05  3.5785E-12  3.4398E-13  5.6550E-04
 2.8928E+25  1.2636E-05  9.9999E-01  7.0846E+03  8.1828E-05  3.5509E-12  3.4401E-13  5.5765E-04
 2.9021E+25  1.2830E-05  9.9999E-01  7.0839E+03  8.1828E-05  3.4962E-12  3.4404E-13  5.4990E-04
 2.9113E+25  1.2727E-05  9.9999E-01  7.0832E+03  8.1828E-05  3.5240E-12  3.4406E-13  5.4236E-04
 2.9206E+25  1.2920E-05  9.9999E-01  7.0826E+03  8.1828E-05  3.4736E-12  3.4409E-13  5.3504E-04
 2.9299E+25  1.3040E-05  9.9999E-01  7.0819E+03  8.1828E-05  3.4386E-12  3.4412E-13  5.2782E-04
 2.9391E+25  1.3002E-05  9.9999E-01  7.0813E+03  8.1828E-05  3.4519E-12  3.4414E-13  5.2066E-04
 2.9484E+25  1.3204E-05  9.9999E-01  7.0806E+03  8.1828E-05  3.3995E-12  3.4417E-13  5.1355E-04
 2.9576E+25  1.3251E-05  9.9999E-01  7.0800E+03  8.1828E-05  3.3845E-12  3.4419E-13  5.0662E-04
 2.9669E+25  1.3284E-05  9.9999E-01  7.0794E+03  8.1828E-05  3.3794E-12  3.4422E-13  4.9989E-04
 2.9761E+25  1.3487E-05  9.9999E-01  7.0788E+03  8.1828E-05  3.3287E-12  3.4424E-13  4.9331E-04
 2.9854E+25  1.3469E-05  9.9999E-01  7.0782E+03  8.1828E-05  3.3304E-12  3.4426E-13  4.8677E-04
 2.9947E+25  1.3566E-05  9.9999E-01  7.0776E+03  8.1828E-05  3.3098E-12  3.4429E-13  4.8028E-04
 3.0039E+25  1.3770E-05  9.9999E-01  7.0770E+03  8.1828E-05  3.2608E-12  3.4431E-13  4.7388E-04
 3.0132E+25  1.3693E-05  9.9999E-01  7.0764E+03  8.1828E-05  3.2764E-12  3.4433E-13  4.6767E-04
 3.0224E+25  1.3847E-05  9.9999E-01  7.0759E+03  8.1828E-05  3.2430E-12  3.4435E-13  4.6163E-04
 3.0317E+25  1.4049E-05  9.9999E-01  7.0753E+03  8.1828E-05  3.1956E-12  3.4438E-13  4.5566E-04
 3.0409E+25  1.3929E-05  9.9999E-01  7.0748E+03  8.1828E-05  3.2225E-12  3.4440E-13  4.4974E-04
 3.0502E+25  1.4129E-05  9.9999E-01  7.0742E+03  8.1828E-05  3.1788E-12  3.4442E-13  4.4386E-04
 3.0594E+25  1.4297E-05  9.9999E-01  7.0737E+03  8.1828E-05  3.1388E-12  3.4444E-13  4.3810E-04
 3.0687E+25  1.4202E-05  9.9999E-01  7.0732E+03  8.1828E-05  3.1628E-12  3.4446E-13  4.3251E-04
 3.0780E+25  1.4411E-05  9.9999E-01  7.0727E+03  8.1828E-05  3.1171E-12  3.4448E-13  4.2706E-04
 3.0872E+25  1.4548E-05  9.9999E-01  7.0721E+03  8.1828E-05  3.0851E-12  3.4450E-13  4.2164E-04
 3.0965E+25  1.4481E-05  9.9999E-01  7.0716E+03  8.1828E-05  3.1023E-12  3.4452E-13  4.1627E-04
 3.1057E+25  1.4692E-05  9.9999E-01  7.0711E+03  8.1828E-05  3.0579E-12  3.4454E-13  4.1094E-04
 3.1150E+25  1.4807E-05  9.9999E-01  7.0706E+03  8.1828E-05  3.0316E-12  3.4456E-13  4.0574E-04
 3.1242E+25  1.4760E-05  9.9999E-01  7.0702E+03  8.1828E-05  3.0442E-12  3.4458E-13  4.0068E-04
 3.1335E+25  1.4973E-05  9.9999E-01  7.0697E+03  8.1828E-05  3.0009E-12  3.4460E-13  3.9574E-04
 3.1428E+25  1.5075E-05  9.9998E-01  7.0692E+03  8.1828E-05  2.9781E-12  3.4462E-13  3.9083E-04
 3.1520E+25  1.5038E-05  9.9998E-01  7.0688E+03  8.1828E-05  2.9882E-12  3.4463E-13  3.8595E-04
 3.1613E+25  1.5253E-05  9.9998E-01  7.0683E+03  8.1828E-05  2.9462E-12  3.4465E-13  3.8111E-04
 3.1705E+25  1.5352E-05  9.9998E-01  7.0679E+03  8.1828E-05  2.9247E-12  3.4467E-13  3.7640E-04
 3.1798E+25  1.5316E-05  9.9998E-01  7.0674E+03  8.1828E-05  2.9343E-12  3.4469E-13  3.7180E-04
 3.1890E+25  1.5533E-05  9.9998E-01  7.0670E+03  8.1828E-05  2.8934E-12  3.4470E-13  3.6732E-04
 3.1983E+25  1.5639E-05  9.9998E-01  7.0666E+03  8.1828E-05  2.8714E-12  3.4472E-13  3.6286E-04
 3.2076E+25  1.5594E-05  9.9998E-01  7.0661E+03  8.1828E-05  2.8825E-12  3.4474E-13  3.5842E-04
 3.2168E+25  1.5813E-05  9.9998E-01  7.0657E+03  8.1828E-05  2.8427E-12  3.4475E-13  3.5403E-04
 3.2261E+25  1.5936E-05  9.9998E-01  7.0653E+03  8.1828E-05  2.8181E-12  3.4477E-13  3.4973E-04
 3.2353E+25  1.5871E-05  9.9998E-01  7.0649E+03  8.1828E-05  2.8325E-12  3.4479E-13  3.4554E-04
 3.2446E+25  1.6091E-05  9.9998E-01  7.0645E+03  8.1828E-05  2.7938E-12  3.4480E-13  3.4146E-04
 3.2538E+25  1.6244E-05  9.9998E-01  7.0641E+03  8.1828E-05  2.7650E-12  3.4482E-13  3.3742E-04
 3.2631E+25  1.6147E-05  9.9998E-01  7.0637E+03  8.1828E-05  2.7843E-12  3.4483E-13  3.3339E-04
 3.2724E+25  1.6369E-05  9.9998E-01  7.0633E+03  8.1828E-05  2.7466E-12  3.4485E-13  3.2939E-04
 3.2816E+25  1.6564E-05  9.9998E-01  7.0630E+03  8.1828E-05  2.7120E-12  3.4486E-13  3.2545E-04
 3.2909E+25  1.6423E-05  9.9998E-01  7.0626E+03  8.1828E-05  2.7378E-12  3.4488E-13  3.2162E-04
 3.3001E+25  1.6646E-05  9.9998E-01  7.0622E+03  8.1828E-05  2.7012E-12  3.4489E-13  3.1790E-04
 3.3094E+25  1.6868E-05  9.9998E-01  7.0619E+03  8.1828E-05  2.6656E-12  3.4491E-13  3.1422E-04
 3.3186E+25  1.6726E-05  9.9998E-01  7.0615E+03  8.1828E-05  2.6863E-12  3.4492E-13  3.1056E-04
 3.3279E+25  1.6922E-05  9.9998E-01  7.0612E+03  8.1828E-05  2.6574E-12  3.4493E-13  3.0692E-04
 3.3372E+25  1.7148E-05  9.9998E-01  7.0608E+03  8.1828E-05  2.6225E-12  3.4495E-13  3.0332E-04
 3.3464E+25  1.7064E-05  9.9998E-01  7.0604E+03  8.1828E-05  2.6331E-12  3.4496E-13  2.9981E-04
 3.3557E+25  1.7198E-05  9.9998E-01  7.0601E+03  8.1828E-05  2.6151E-12  3.4498E-13  2.9637E-04
 3.3649E+25  1.7426E-05  9.9998E-01  7.0598E+03  8.1828E-05  2.5810E-12  3.4499E-13  2.9303E-04
 3.3742E+25  1.7416E-05  9.9998E-01  7.0594E+03  8.1828E-05  2.5801E-12  3.4500E-13  2.8970E-04
 3.3834E+25  1.7472E-05  9.9998E-01  7.0591E+03  8.1828E-05  2.5743E-12  3.4501E-13  2.8639E-04
 3.3927E+25  1.7703E-05  9.9998E-01  7.0588E+03  8.1828E-05  2.5408E-12  3.4503E-13  2.8311E-04
 3.4020E+25  1.7782E-05  9.9998E-01  7.0585E+03  8.1828E-05  2.5272E-12  3.4504E-13  2.7986E-04
 3.4112E+25  1.7746E-05  9.9998E-01  7.0582E+03  8.1828E-05  2.5348E-12  3.4505E-13  2.7671E-04
 3.4205E+25  1.7979E-05  9.9998E-01  7.0578E+03  8.1828E-05  2.5021E-12  3.4506E-13  2.7362E-04
 3.4297E+25  1.8162E-05  9.9998E-01  7.0575E+03  8.1828E-05  2.4745E-12  3.4508E-13  2.7060E-04
 3.4390E+25  1.8019E-05  9.9998E-01  7.0572E+03  8.1828E-05  2.4965E-12  3.4509E-13  2.6759E-04
 3.4482E+25  1.8252E-05  9.9998E-01  7.0569E+03  8.1828E-05  2.4648E-12  3.4510E-13  2.6460E-04
 3.4575E+25  1.8485E-05  9.9998E-01  7.0566E+03  8.1828E-05  2.4337E-12  3.4511E-13  2.6163E-04
 3.4668E+25  1.8364E-05  9.9998E-01  7.0563E+03  8.1828E-05  2.4476E-12  3.4512E-13  2.5869E-04
 3.4760E+25  1.8525E-05  9.9998E-01  7.0561E+03  8.1828E-05  2.4288E-12  3.4514E-13  2.5585E-04
 3.4853E+25  1.8761E-05  9.9998E-01  7.0558E+03  8.1828E-05  2.3982E-12  3.4515E-13  2.5306E-04
 3.4945E+25  1.8770E-05  9.9998E-01  7.0555E+03  8.1828E-05  2.3949E-12  3.4516E-13  2.5033E-04
 3.5038E+25  1.8796E-05  9.9998E-01  7.0552E+03  8.1828E-05  2.3938E-12  3.4517E-13  2.4761E-04
 3.5130E+25  1.9036E-05  9.9998E-01  7.0550E+03  8.1828E-05  2.3638E-12  3.4518E-13  2.4490E-04
 3.5223E+25  1.9192E-05  9.9998E-01  7.0547E+03  8.1828E-05  2.3424E-12  3.4519E-13  2.4221E-04
 3.5316E+25  1.9068E-05  9.9998E-01  7.0544E+03  8.1828E-05  2.3599E-12  3.4520E-13  2.3955E-04
 3.5408E+25  1.9307E-05  9.9998E-01  7.0541E+03  8.1828E-05  2.3308E-12  3.4521E-13  2.3697E-04
 3.5501E+25  1.9547E-05  9.9998E-01  7.0539E+03  8.1828E-05  2.3022E-12  3.4522E-13  2.3444E-04
 3.5593E+25  1.9422E-05  9.9998E-01  7.0536E+03  8.1828E-05  2.3148E-12  3.4523E-13  2.3196E-04
 3.5686E+25  1.9577E-05  9.9998E-01  7.0534E+03  8.1828E-05  2.2988E-12  3.4524E-13  2.2950E-04
 3.5778E+25  1.9821E-05  9.9998E-01  7.0531E+03  8.1828E-05  2.2705E-12  3.4525E-13  2.2705E-04
 3.5871E+25  1.9874E-05  9.9998E-01  7.0529E+03  8.1828E-05  2.2623E-12  3.4526E-13  2.2461E-04
 3.5964E+25  1.9847E-05  9.9998E-01  7.0526E+03  8.1828E-05  2.2677E-12  3.4527E-13  2.2220E-04
 3.6056E+25  2.0092E-05  9.9998E-01  7.0524E+03  8.1828E-05  2.2401E-12  3.4528E-13  2.1984E-04
 3.6149E+25  2.0330E-05  9.9998E-01  7.0521E+03  8.1828E-05  2.2133E-12  3.4529E-13  2.1754E-04
 3.6241E+25  2.0131E-05  9.9998E-01  7.0519E+03  8.1828E-05  2.2343E-12  3.4530E-13  2.1530E-04
 3.6334E+25  2.0361E-05  9.9998E-01  7.0517E+03  8.1828E-05  2.2107E-12  3.4531E-13  2.1306E-04
 3.6426E+25  2.0609E-05  9.9998E-01  7.0514E+03  8.1828E-05  2.1841E-12  3.4532E-13  2.1084E-04
 3.6519E+25  2.0609E-05  9.9998E-01  7.0512E+03  8.1828E-05  2.1820E-12  3.4533E-13  2.0863E-04
 3.6612E+25  2.0629E-05  9.9998E-01  7.0510E+03  8.1828E-05  2.1821E-12  3.4534E-13  2.0644E-04
 3.6704E+25  2.0879E-05  9.9998E-01  7.0508E+03  8.1828E-05  2.1560E-12  3.4534E-13  2.0428E-04
 3.6797E+25  2.1111E-05  9.9998E-01  7.0505E+03  8.1828E-05  2.1307E-12  3.4535E-13  2.0218E-04
 3.6889E+25  2.0899E-05  9.9998E-01  7.0503E+03  8.1828E-05  2.1535E-12  3.4536E-13  2.0012E-04
 3.6982E+25  2.1146E-05  9.9998E-01  7.0501E+03  8.1828E-05  2.1289E-12  3.4537E-13  1.9810E-04
 3.7074E+25  2.1399E-05  9.9998E-01  7.0499E+03  8.1828E-05  2.1038E-12  3.4538E-13  1.9609E-04
 3.7167E+25  2.1403E-05  9.9998E-01  7.0497E+03  8.1828E-05  2.1014E-12  3.4539E-13  1.9409E-04
 3.7260E+25  2.1413E-05  9.9998E-01  7.0495E+03  8.1828E-05  2.1025E-12  3.4540E-13  1.9209E-04
 3.7352E+25  2.1667E-05  9.9998E-01  7.0493E+03  8.1828E-05  2.0779E-12  3.4540E-13  1.9012E-04
 3.7445E+25  2.1917E-05  9.9998E-01  7.0491E+03  8.1828E-05  2.0539E-12  3.4541E-13  1.8819E-04
 3.7537E+25  2.1706E-05  9.9998E-01  7.0489E+03  8.1828E-05  2.0724E-12  3.4542E-13  1.8629E-04
 3.7630E+25  2.1932E-05  9.9998E-01  7.0487E+03  8.1828E-05  2.0529E-12  3.4543E-13  1.8445E-04
 3.7722E+25  2.2191E-05  9.9998E-01  7.0485E+03  8.1828E-05  2.0290E-12  3.4544E-13  1.8263E-04
 3.7815E+25  2.2260E-05  9.9998E-01  7.0483E+03  8.1828E-05  2.0207E-12  3.4544E-13  1.8081E-04
 3.7908E+25  2.2199E-05  9.9998E-01  7.0481E+03  8.1828E-05  2.0282E-12  3.4545E-13  1.7901E-04
 3.8000E+25  2.2455E-05  9.9998E-01  7.0479E+03  8.1828E-05  2.0052E-12  3.4546E-13  1.7721E-04
 3.8093E+25  2.2715E-05  9.9998E-01  7.0477E+03  8.1828E-05  1.9823E-12  3.4547E-13  1.7542E-04
 3.8185E+25  2.2590E-05  9.9998E-01  7.0475E+03  8.1828E-05  1.9913E-12  3.4547E-13  1.7369E-04
 3.8278E+25  2.2720E-05  9.9998E-01  7.0473E+03  8.1828E-05  1.9819E-12  3.4548E-13  1.7198E-04
 3.8370E+25  2.2982E-05  9.9998E-01  7.0472E+03  8.1828E-05  1.9594E-12  3.4549E-13  1.7032E-04
 3.8463E+25  2.3188E-05  9.9998E-01  7.0470E+03  8.1828E-05  1.9401E-12  3.4549E-13  1.6868E-04
 3.8556E+25  2.2986E-05  9.9998E-01  7.0468E+03  8.1828E-05  1.9591E-12  3.4550E-13  1.6703E-04
 3.8648E+25  2.3245E-05  9.9998E-01  7.0466E+03  8.1828E-05  1.9373E-12  3.4551E-13  1.6540E-04
 3.8741E+25  2.3511E-05  9.9998E-01  7.0465E+03  8.1828E-05  1.9155E-12  3.4552E-13  1.6378E-04
 3.8833E+25  2.3549E-05  9.9998E-01  7.0463E+03  8.1828E-05  1.9104E-12  3.4552E-13  1.6217E-04
 3.8926E+25  2.3510E-05  9.9998E-01  7.0461E+03  8.1828E-05  1.9156E-12  3.4553E-13  1.6059E-04
 3.9018E+25  2.3772E-05  9.9998E-01  7.0459E+03  8.1828E-05  1.8945E-12  3.4554E-13  1.5904E-04
 3.9111E+25  2.4041E-05  9.9998E-01  7.0458E+03  8.1828E-05  1.8733E-12  3.4554E-13  1.5754E-04
 3.9204E+25  2.3925E-05  9.9998E-01  7.0456E+03  8.1828E-05  1.8806E-12  3.4555E-13  1.5606E-04
 3.9296E+25  2.4036E-05  9.9998E-01  7.0455E+03  8.1828E-05  1.8737E-12  3.4556E-13  1.5458E-04
 3.9389E+25  2.4304E-05  9.9998E-01  7.0453E+03  8.1828E-05  1.8532E-12  3.4556E-13  1.5310E-04
 3.9481E+25  2.4568E-05  9.9998E-01  7.0451E+03  8.1828E-05  1.8328E-12  3.4557E-13  1.5163E-04
 3.9574E+25  2.4321E-05  9.9998E-01  7.0450E+03  8.1828E-05  1.8504E-12  3.4557E-13  1.5017E-04
 3.9666E+25  2.4565E-05  9.9998E-01  7.0448E+03  8.1828E-05  1.8335E-12  3.4558E-13  1.4874E-04
 3.9759E+25  2.4837E-05  9.9998E-01  7.0447E+03  8.1828E-05  1.8135E-12  3.4559E-13  1.4734E-04
 3.9852E+25  2.5001E-05  9.9997E-01  7.0445E+03  8.1828E-05  1.7998E-12  3.4559E-13  1.4596E-04
 3.9944E+25  2.4829E-05  9.9998E-01  7.0444E+03  8.1828E-05  1.8141E-12  3.4560E-13  1.4462E-04
 4.0037E+25  2.5097E-05  9.9997E-01  7.0442E+03  8.1828E-05  1.7948E-12  3.4560E-13  1.4329E-04
 4.0129E+25  2.5373E-05  9.9997E-01  7.0441E+03  8.1828E-05  1.7753E-12  3.4561E-13  1.4195E-04
 4.0222E+25  2.5430E-05  9.9997E-01  7.0439E+03  8.1828E-05  1.7695E-12  3.4562E-13  1.4062E-04
 4.0314E+25  2.5361E-05  9.9997E-01  7.0438E+03  8.1828E-05  1.7762E-12  3.4562E-13  1.3930E-04
 4.0407E+25  2.5632E-05  9.9997E-01  7.0436E+03  8.1828E-05  1.7574E-12  3.4563E-13  1.3799E-04
 4.0500E+25  2.5912E-05  9.9997E-01  7.0435E+03  8.1828E-05  1.7385E-12  3.4563E-13  1.3672E-04
 4.0592E+25  2.5876E-05  9.9997E-01  7.0433E+03  8.1828E-05  1.7391E-12  3.4564E-13  1.3545E-04
 4.0685E+25  2.5895E-05  9.9997E-01  7.0432E+03  8.1828E-05  1.7396E-12  3.4564E-13  1.3423E-04
 4.0777E+25  2.6169E-05  9.9997E-01  7.0431E+03  8.1828E-05  1.7214E-12  3.4565E-13  1.3303E-04
 4.0870E+25  2.6452E-05  9.9997E-01  7.0429E+03  8.1828E-05  1.7031E-12  3.4566E-13  1.3182E-04
 4.0962E+25  2.6341E-05  9.9997E-01  7.0428E+03  8.1828E-05  1.7085E-12  3.4566E-13  1.3062E-04
 4.1055E+25  2.6431E-05  9.9997E-01  7.0427E+03  8.1828E-05  1.7044E-12  3.4567E-13  1.2943E-04
 4.1148E+25  2.6709E-05  9.9997E-01  7.0425E+03  8.1828E-05  1.6867E-12  3.4567E-13  1.2824E-04
 4.1240E+25  2.6994E-05  9.9997E-01  7.0424E+03  8.1828E-05  1.6689E-12  3.4568E-13  1.2706E-04
 4.1333E+25  2.6825E-05  9.9997E-01  7.0423E+03  8.1828E-05  1.6777E-12  3.4568E-13  1.2591E-04
 4.1425E+25  2.6970E-05  9.9997E-01  7.0421E+03  8.1828E-05  1.6704E-12  3.4569E-13  1.2478E-04
 4.1518E+25  2.7251E-05  9.9997E-01  7.0420E+03  8.1828E-05  1.6533E-12  3.4569E-13  1.2368E-04
 4.1610E+25  2.7539E-05  9.9997E-01  7.0419E+03  8.1828E-05  1.6360E-12  3.4570E-13  1.2259E-04
 4.1703E+25  2.7329E-05  9.9997E-01  7.0418E+03  8.1828E-05  1.6469E-12  3.4570E-13  1.2151E-04
 4.1796E+25  2.7512E-05  9.9997E-01  7.0416E+03  8.1828E-05  1.6376E-12  3.4571E-13  1.2043E-04
 4.1888E+25  2.7795E-05  9.9997E-01  7.0415E+03  8.1828E-05  1.6210E-12  3.4571E-13  1.1935E-04
 4.1981E+25  2.8086E-05  9.9997E-01  7.0414E+03  8.1828E-05  1.6042E-12  3.4572E-13  1.1828E-04
 4.2073E+25  2.7854E-05  9.9997E-01  7.0413E+03  8.1828E-05  1.6159E-12  3.4572E-13  1.1722E-04
 4.2166E+25  2.8056E-05  9.9997E-01  7.0412E+03  8.1828E-05  1.6059E-12  3.4573E-13  1.1618E-04
 4.2258E+25  2.8341E-05  9.9997E-01  7.0410E+03  8.1828E-05  1.5898E-12  3.4573E-13  1.1515E-04
 4.2351E+25  2.8635E-05  9.9997E-01  7.0409E+03  8.1828E-05  1.5735E-12  3.4574E-13  1.1416E-04
 4.2443E+25  2.8402E-05  9.9997E-01  7.0408E+03  8.1828E-05  1.5848E-12  3.4574E-13  1.1319E-04
 4.2536E+25  2.8603E-05  9.9997E-01  7.0407E+03  8.1828E-05  1.5753E-12  3.4574E-13  1.1221E-04
 4.2629E+25  2.8890E-05  9.9997E-01  7.0406E+03  8.1828E-05  1.5597E-12  3.4575E-13  1.1123E-04
 4.2721E+25  2.9186E-05  9.9997E-01  7.0405E+03  8.1828E-05  1.5439E-12  3.4575E-13  1.1026E-04
 4.2814E+25  2.8971E-05  9.9997E-01  7.0404E+03  8.1828E-05  1.5537E-12  3.4576E-13  1.0930E-04
 4.2906E+25  2.9152E-05  9.9997E-01  7.0403E+03  8.1828E-05  1.5457E-12  3.4576E-13  1.0834E-04
 4.2999E+25  2.9441E-05  9.9997E-01  7.0401E+03  8.1828E-05  1.5305E-12  3.4577E-13  1.0740E-04
 4.3091E+25  2.9740E-05  9.9997E-01  7.0400E+03  8.1828E-05  1.5152E-12  3.4577E-13  1.0647E-04
 4.3184E+25  2.9565E-05  9.9997E-01  7.0399E+03  8.1828E-05  1.5225E-12  3.4578E-13  1.0556E-04
 4.3277E+25  2.9703E-05  9.9997E-01  7.0398E+03  8.1828E-05  1.5171E-12  3.4578E-13  1.0468E-04
 4.3369E+25  2.9996E-05  9.9997E-01  7.0397E+03  8.1828E-05  1.5023E-12  3.4578E-13  1.0380E-04
 4.3462E+25  3.0295E-05  9.9997E-01  7.0396E+03  8.1828E-05  1.4875E-12  3.4579E-13  1.0292E-04
 4.3554E+25  3.0184E-05  9.9997E-01  7.0395E+03  8.1828E-05  1.4913E-12  3.4579E-13  1.0205E-04
 4.3647E+25  3.0255E-05  9.9997E-01  7.0394E+03  8.1828E-05  1.4895E-12  3.4579E-13  1.0117E-04
 4.3739E+25  3.0553E-05  9.9997E-01  7.0393E+03  8.1828E-05  1.4750E-12  3.4580E-13  1.0031E-04
 4.3832E+25  3.0852E-05  9.9997E-01  7.0392E+03  8.1828E-05  1.4607E-12  3.4580E-13  9.9449E-05
 4.3925E+25  3.0828E-05  9.9997E-01  7.0391E+03  8.1828E-05  1.4603E-12  3.4581E-13  9.8607E-05
 4.4017E+25  3.0812E-05  9.9997E-01  7.0390E+03  8.1828E-05  1.4626E-12  3.4581E-13  9.7774E-05
 4.4110E+25  3.1112E-05  9.9997E-01  7.0389E+03  8.1828E-05  1.4485E-12  3.4582E-13  9.6969E-05
 4.4202E+25  3.1413E-05  9.9997E-01  7.0388E+03  8.1828E-05  1.4347E-12  3.4582E-13  9.6178E-05
 4.4295E+25  3.1497E-05  9.9997E-01  7.0387E+03  8.1828E-05  1.4293E-12  3.4582E-13  9.5388E-05
 4.4387E+25  3.1372E-05  9.9997E-01  7.0386E+03  8.1828E-05  1.4366E-12  3.4583E-13  9.4597E-05
 4.4480E+25  3.1674E-05  9.9997E-01  7.0385E+03  8.1828E-05  1.4229E-12  3.4583E-13  9.3811E-05
 4.4573E+25  3.1976E-05  9.9997E-01  7.0384E+03  8.1828E-05  1.4094E-12  3.4583E-13  9.3026E-05
 4.4665E+25  3.2192E-05  9.9997E-01  7.0383E+03  8.1828E-05  1.3985E-12  3.4584E-13  9.2247E-05
 4.4758E+25  3.1935E-05  9.9997E-01  7.0383E+03  8.1828E-05  1.4112E-12  3.4584E-13  9.1478E-05
 4.4850E+25  3.2236E-05  9.9997E-01  7.0382E+03  8.1828E-05  1.3981E-12  3.4585E-13  9.0721E-05
 4.4943E+25  3.2544E-05  9.9997E-01  7.0381E+03  8.1828E-05  1.3849E-12  3.4585E-13  8.9972E-05
 4.5035E+25  3.2851E-05  9.9997E-01  7.0380E+03  8.1828E-05  1.3719E-12  3.4585E-13  8.9252E-05
 4.5128E+25  3.2564E-05  9.9997E-01  7.0379E+03  8.1828E-05  1.3827E-12  3.4586E-13  8.8541E-05
 4.5221E+25  3.2802E-05  9.9997E-01  7.0378E+03  8.1828E-05  1.3740E-12  3.4586E-13  8.7830E-05
 4.5313E+25  3.3113E-05  9.9997E-01  7.0377E+03  8.1828E-05  1.3611E-12  3.4586E-13  8.7118E-05
 4.5406E+25  3.3423E-05  9.9997E-01  7.0376E+03  8.1828E-05  1.3485E-12  3.4587E-13  8.6409E-05
 4.5498E+25  3.3309E-05  9.9997E-01  7.0375E+03  8.1828E-05  1.3517E-12  3.4587E-13  8.5705E-05
 4.5591E+25  3.3374E-05  9.9997E-01  7.0375E+03  8.1828E-05  1.3505E-12  3.4587E-13  8.5003E-05
 4.5683E+25  3.3685E-05  9.9997E-01  7.0374E+03  8.1828E-05  1.3381E-12  3.4588E-13  8.4310E-05
 4.5776E+25  3.3998E-05  9.9997E-01  7.0373E+03  8.1828E-05  1.3258E-12  3.4588E-13  8.3627E-05
 4.5869E+25  3.4086E-05  9.9997E-01  7.0372E+03  8.1828E-05  1.3209E-12  3.4588E-13  8.2951E-05
 4.5961E+25  3.3949E-05  9.9997E-01  7.0371E+03  8.1828E-05  1.3277E-12  3.4589E-13  8.2299E-05
 4.6054E+25  3.4257E-05  9.9997E-01  7.0371E+03  8.1828E-05  1.3158E-12  3.4589E-13  8.1660E-05
 4.6146E+25  3.4576E-05  9.9997E-01  7.0370E+03  8.1828E-05  1.3036E-12  3.4589E-13  8.1021E-05
 4.6239E+25  3.4879E-05  9.9997E-01  7.0369E+03  8.1828E-05  1.2918E-12  3.4590E-13  8.0381E-05
 4.6331E+25  3.4537E-05  9.9997E-01  7.0368E+03  8.1828E-05  1.3043E-12  3.4590E-13  7.9744E-05
 4.6424E+25  3.4836E-05  9.9997E-01  7.0368E+03  8.1828E-05  1.2939E-12  3.4590E-13  7.9110E-05
 4.6517E+25  3.5156E-05  9.9996E-01  7.0367E+03  8.1828E-05  1.2822E-12  3.4590E-13  7.8477E-05
 4.6609E+25  3.5475E-05  9.9996E-01  7.0366E+03  8.1828E-05  1.2706E-12  3.4591E-13  7.7849E-05
 4.6702E+25  3.5358E-05  9.9996E-01  7.0365E+03  8.1828E-05  1.2735E-12  3.4591E-13  7.7233E-05
 4.6794E+25  3.5420E-05  9.9996E-01  7.0364E+03  8.1828E-05  1.2726E-12  3.4591E-13  7.6621E-05
 4.6887E+25  3.5736E-05  9.9996E-01  7.0364E+03  8.1828E-05  1.2614E-12  3.4592E-13  7.6022E-05
 4.6979E+25  3.6062E-05  9.9996E-01  7.0363E+03  8.1828E-05  1.2500E-12  3.4592E-13  7.5445E-05
 4.7072E+25  3.6225E-05  9.9996E-01  7.0362E+03  8.1828E-05  1.2430E-12  3.4592E-13  7.4872E-05
 4.7165E+25  3.6002E-05  9.9996E-01  7.0361E+03  8.1828E-05  1.2521E-12  3.4593E-13  7.4297E-05
 4.7257E+25  3.6324E-05  9.9996E-01  7.0361E+03  8.1828E-05  1.2410E-12  3.4593E-13  7.3723E-05
 4.7350E+25  3.6650E-05  9.9996E-01  7.0360E+03  8.1828E-05  1.2300E-12  3.4593E-13  7.3151E-05
 4.7442E+25  3.6977E-05  9.9996E-01  7.0359E+03  8.1828E-05  1.2191E-12  3.4593E-13  7.2583E-05
 4.7535E+25  3.6738E-05  9.9996E-01  7.0359E+03  8.1828E-05  1.2257E-12  3.4594E-13  7.2015E-05
 4.7627E+25  3.6916E-05  9.9996E-01  7.0358E+03  8.1828E-05  1.2211E-12  3.4594E-13  7.1454E-05
 4.7720E+25  3.7239E-05  9.9996E-01  7.0357E+03  8.1828E-05  1.2106E-12  3.4594E-13  7.0901E-05
 4.7813E+25  3.7573E-05  9.9996E-01  7.0357E+03  8.1828E-05  1.1998E-12  3.4595E-13  7.0352E-05
 4.7905E+25  3.7671E-05  9.9996E-01  7.0356E+03  8.1828E-05  1.1954E-12  3.4595E-13  6.9819E-05
 4.7998E+25  3.7506E-05  9.9996E-01  7.0355E+03  8.1828E-05  1.2020E-12  3.4595E-13  6.9303E-05
 4.8090E+25  3.7838E-05  9.9996E-01  7.0355E+03  8.1828E-05  1.1914E-12  3.4595E-13  6.8788E-05
 4.8183E+25  3.8167E-05  9.9996E-01  7.0354E+03  8.1828E-05  1.1812E-12  3.4596E-13  6.8272E-05
 4.8275E+25  3.8504E-05  9.9996E-01  7.0353E+03  8.1828E-05  1.1708E-12  3.4596E-13  6.7756E-05
 4.8368E+25  3.8237E-05  9.9996E-01  7.0352E+03  8.1828E-05  1.1778E-12  3.4596E-13  6.7243E-05
 4.8461E+25  3.8436E-05  9.9996E-01  7.0352E+03  8.1828E-05  1.1729E-12  3.4596E-13  6.6732E-05
 4.8553E+25  3.8769E-05  9.9996E-01  7.0351E+03  8.1828E-05  1.1629E-12  3.4597E-13  6.6222E-05
 4.8646E+25  3.9107E-05  9.9996E-01  7.0351E+03  8.1828E-05  1.1528E-12  3.4597E-13  6.5718E-05
 4.8738E+25  3.9241E-05  9.9996E-01  7.0350E+03  8.1828E-05  1.1476E-12  3.4597E-13  6.5222E-05
 4.8831E+25  3.9033E-05  9.9996E-01  7.0349E+03  8.1828E-05  1.1550E-12  3.4597E-13  6.4727E-05
 4.8923E+25  3.9376E-05  9.9996E-01  7.0349E+03  8.1828E-05  1.1450E-12  3.4598E-13  6.4249E-05
 4.9016E+25  3.9710E-05  9.9996E-01  7.0348E+03  8.1828E-05  1.1353E-12  3.4598E-13  6.3784E-05
 4.9109E+25  4.0056E-05  9.9996E-01  7.0347E+03  8.1828E-05  1.1255E-12  3.4598E-13  6.3322E-05
 4.9201E+25  3.9864E-05  9.9996E-01  7.0347E+03  8.1828E-05  1.1297E-12  3.4598E-13  6.2858E-05
 4.9294E+25  3.9980E-05  9.9996E-01  7.0346E+03  8.1828E-05  1.1277E-12  3.4599E-13  6.2395E-05
 4.9386E+25  4.0326E-05  9.9996E-01  7.0346E+03  8.1828E-05  1.1180E-12  3.4599E-13  6.1933E-05
 4.9479E+25  4.0664E-05  9.9996E-01  7.0345E+03  8.1828E-05  1.1087E-12  3.4599E-13  6.1475E-05
 4.9571E+25  4.0943E-05  9.9996E-01  7.0344E+03  8.1828E-05  1.1000E-12  3.4599E-13  6.1017E-05
 4.9664E+25  4.0587E-05  9.9996E-01  7.0344E+03  8.1828E-05  1.1108E-12  3.4600E-13  6.0562E-05
 4.9757E+25  4.0938E-05  9.9996E-01  7.0343E+03  8.1828E-05  1.1014E-12  3.4600E-13  6.0114E-05
 4.9849E+25  4.1286E-05  9.9996E-01  7.0343E+03  8.1828E-05  1.0920E-12  3.4600E-13  5.9669E-05
 4.9942E+25  4.1631E-05  9.9996E-01  7.0342E+03  8.1828E-05  1.0830E-12  3.4600E-13  5.9231E-05
 5.0034E+25  4.1631E-05  9.9996E-01  7.0341E+03  8.1828E-05  1.0818E-12  3.4601E-13  5.8813E-05
 5.0127E+25  4.1550E-05  9.9996E-01  7.0341E+03  8.1828E-05  1.0851E-12  3.4601E-13  5.8397E-05
 5.0219E+25  4.1906E-05  9.9996E-01  7.0340E+03  8.1828E-05  1.0759E-12  3.4601E-13  5.7982E-05
 5.0312E+25  4.2256E-05  9.9996E-01  7.0340E+03  8.1828E-05  1.0670E-12  3.4601E-13  5.7566E-05
 5.0405E+25  4.2608E-05  9.9996E-01  7.0339E+03  8.1828E-05  1.0582E-12  3.4601E-13  5.7152E-05
 5.0497E+25  4.2349E-05  9.9996E-01  7.0339E+03  8.1828E-05  1.0635E-12  3.4602E-13  5.6738E-05
 5.0590E+25  4.2524E-05  9.9996E-01  7.0338E+03  8.1828E-05  1.0603E-12  3.4602E-13  5.6326E-05
 5.0682E+25  4.2885E-05  9.9996E-01  7.0338E+03  8.1828E-05  1.0514E-12  3.4602E-13  5.5916E-05
 5.0775E+25  4.3238E-05  9.9996E-01  7.0337E+03  8.1828E-05  1.0428E-12  3.4602E-13  5.5510E-05
 5.0867E+25  4.3537E-05  9.9996E-01  7.0336E+03  8.1828E-05  1.0345E-12  3.4602E-13  5.5109E-05
 5.0960E+25  4.3157E-05  9.9996E-01  7.0336E+03  8.1828E-05  1.0448E-12  3.4603E-13  5.4709E-05
 5.1053E+25  4.3509E-05  9.9996E-01  7.0335E+03  8.1828E-05  1.0363E-12  3.4603E-13  5.4323E-05
 5.1145E+25  4.3875E-05  9.9996E-01  7.0335E+03  8.1828E-05  1.0277E-12  3.4603E-13  5.3949E-05
 5.1238E+25  4.4231E-05  9.9996E-01  7.0334E+03  8.1828E-05  1.0194E-12  3.4603E-13  5.3576E-05
 5.1330E+25  4.4326E-05  9.9996E-01  7.0334E+03  8.1828E-05  1.0161E-12  3.4604E-13  5.3204E-05
 5.1423E+25  4.4149E-05  9.9996E-01  7.0333E+03  8.1828E-05  1.0213E-12  3.4604E-13  5.2831E-05
 5.1515E+25  4.4506E-05  9.9996E-01  7.0333E+03  8.1828E-05  1.0132E-12  3.4604E-13  5.2459E-05
 5.1608E+25  4.4876E-05  9.9996E-01  7.0332E+03  8.1828E-05  1.0048E-12  3.4604E-13  5.2089E-05
 5.1701E+25  4.5236E-05  9.9995E-01  7.0332E+03  8.1828E-05  9.9678E-13  3.4604E-13  5.1720E-05
 5.1793E+25  4.5149E-05  9.9995E-01  7.0331E+03  8.1828E-05  9.9762E-13  3.4605E-13  5.1352E-05
 5.1886E+25  4.5153E-05  9.9995E-01  7.0331E+03  8.1828E-05  9.9863E-13  3.4605E-13  5.0988E-05
 5.1978E+25  4.5514E-05  9.9995E-01  7.0330E+03  8.1828E-05  9.9075E-13  3.4605E-13  5.0627E-05
 5.2071E+25  4.5889E-05  9.9995E-01  7.0330E+03  8.1828E-05  9.8265E-13  3.4605E-13  5.0268E-05
 5.2163E+25  4.6254E-05  9.9995E-01  7.0329E+03  8.1828E-05  9.7487E-13  3.4605E-13  4.9921E-05
 5.2256E+25  4.6007E-05  9.9995E-01  7.0329E+03  8.1828E-05  9.7904E-13  3.4606E-13  4.9586E-05
 5.2349E+25  4.6170E-05  9.9995E-01  7.0328E+03  8.1828E-05  9.7666E-13  3.4606E-13  4.9252E-05
 5.2441E+25  4.6534E-05  9.9995E-01  7.0328E+03  8.1828E-05  9.6905E-13  3.4606E-13  4.8918E-05
 5.2534E+25  4.6914E-05  9.9995E-01  7.0328E+03  8.1828E-05  9.6121E-13  3.4606E-13  4.8584E-05
 5.2626E+25  4.7279E-05  9.9995E-01  7.0327E+03  8.1828E-05  9.5366E-13  3.4606E-13  4.8250E-05
 5.2719E+25  4.6906E-05  9.9995E-01  7.0327E+03  8.1828E-05  9.6041E-13  3.4606E-13  4.7918E-05
 5.2811E+25  4.7199E-05  9.9995E-01  7.0326E+03  8.1828E-05  9.5538E-13  3.4607E-13  4.7587E-05
 5.2904E+25  4.7566E-05  9.9995E-01  7.0326E+03  8.1828E-05  9.4804E-13  3.4607E-13  4.7256E-05
 5.2997E+25  4.7951E-05  9.9995E-01  7.0325E+03  8.1828E-05  9.4045E-13  3.4607E-13  4.6929E-05
 5.3089E+25  4.8289E-05  9.9995E-01  7.0325E+03  8.1828E-05  9.3310E-13  3.4607E-13  4.6605E-05
 5.3182E+25  4.7869E-05  9.9995E-01  7.0324E+03  8.1828E-05  9.4173E-13  3.4607E-13  4.6282E-05
 5.3274E+25  4.8242E-05  9.9995E-01  7.0324E+03  8.1828E-05  9.3477E-13  3.4608E-13  4.5965E-05
 5.3367E+25  4.8611E-05  9.9995E-01  7.0323E+03  8.1828E-05  9.2768E-13  3.4608E-13  4.5662E-05
 5.3459E+25  4.9000E-05  9.9995E-01  7.0323E+03  8.1828E-05  9.2033E-13  3.4608E-13  4.5362E-05
 5.3552E+25  4.9269E-05  9.9995E-01  7.0322E+03  8.1828E-05  9.1424E-13  3.4608E-13  4.5064E-05
 5.3645E+25  4.8914E-05  9.9995E-01  7.0322E+03  8.1828E-05  9.2196E-13  3.4608E-13  4.4764E-05
 5.3737E+25  4.9297E-05  9.9995E-01  7.0322E+03  8.1828E-05  9.1478E-13  3.4608E-13  4.4464E-05
 5.3830E+25  4.9670E-05  9.9995E-01  7.0321E+03  8.1828E-05  9.0790E-13  3.4609E-13  4.4166E-05
 5.3922E+25  5.0062E-05  9.9995E-01  7.0321E+03  8.1828E-05  9.0082E-13  3.4609E-13  4.3869E-05
 5.4015E+25  5.0286E-05  9.9995E-01  7.0320E+03  8.1828E-05  8.9578E-13  3.4609E-13  4.3572E-05
 5.4107E+25  4.9975E-05  9.9995E-01  7.0320E+03  8.1828E-05  9.0240E-13  3.4609E-13  4.3276E-05
 5.4200E+25  5.0365E-05  9.9995E-01  7.0319E+03  8.1828E-05  8.9541E-13  3.4609E-13  4.2984E-05
 5.4292E+25  5.0745E-05  9.9995E-01  7.0319E+03  8.1828E-05  8.8869E-13  3.4609E-13  4.2694E-05
 5.4385E+25  5.1136E-05  9.9995E-01  7.0319E+03  8.1828E-05  8.8193E-13  3.4610E-13  4.2405E-05
 5.4478E+25  5.1341E-05  9.9995E-01  7.0318E+03  8.1828E-05  8.7740E-13  3.4610E-13  4.2125E-05
 5.4570E+25  5.1053E-05  9.9995E-01  7.0318E+03  8.1828E-05  8.8334E-13  3.4610E-13  4.1855E-05
 5.4663E+25  5.1446E-05  9.9995E-01  7.0317E+03  8.1828E-05  8.7661E-13  3.4610E-13  4.1587E-05
 5.4755E+25  5.1834E-05  9.9995E-01  7.0317E+03  8.1828E-05  8.7004E-13  3.4610E-13  4.1319E-05
 5.4848E+25  5.2223E-05  9.9995E-01  7.0317E+03  8.1828E-05  8.6359E-13  3.4610E-13  4.1050E-05
 5.4940E+25  5.2437E-05  9.9995E-01  7.0316E+03  8.1828E-05  8.5909E-13  3.4611E-13  4.0782E-05
 5.5033E+25  5.2147E-05  9.9995E-01  7.0316E+03  8.1828E-05  8.6481E-13  3.4611E-13  4.0515E-05
 5.5126E+25  5.2541E-05  9.9995E-01  7.0315E+03  8.1828E-05  8.5836E-13  3.4611E-13  4.0249E-05
 5.5218E+25  5.2936E-05  9.9995E-01  7.0315E+03  8.1828E-05  8.5194E-13  3.4611E-13  3.9983E-05
 5.5311E+25  5.3326E-05  9.9995E-01  7.0315E+03  8.1828E-05  8.4574E-13  3.4611E-13  3.9718E-05
 5.5403E+25  5.3574E-05  9.9995E-01  7.0314E+03  8.1828E-05  8.4087E-13  3.4611E-13  3.9456E-05
 5.5496E+25  5.3258E-05  9.9995E-01  7.0314E+03  8.1828E-05  8.4680E-13  3.4612E-13  3.9195E-05
 5.5588E+25  5.3649E-05  9.9995E-01  7.0313E+03  8.1828E-05  8.4067E-13  3.4612E-13  3.8936E-05
 5.5681E+25  5.4052E-05  9.9995E-01  7.0313E+03  8.1828E-05  8.3437E-13  3.4612E-13  3.8685E-05
 5.5774E+25  5.4447E-05  9.9995E-01  7.0313E+03  8.1828E-05  8.2832E-13  3.4612E-13  3.8443E-05
 5.5866E+25  5.4754E-05  9.9995E-01  7.0312E+03  8.1828E-05  8.2277E-13  3.4612E-13  3.8202E-05
 5.5959E+25  5.4382E-05  9.9995E-01  7.0312E+03  8.1828E-05  8.2933E-13  3.4612E-13  3.7963E-05
 5.6051E+25  5.4772E-05  9.9995E-01  7.0311E+03  8.1828E-05  8.2342E-13  3.4612E-13  3.7722E-05
 5.6144E+25  5.5182E-05  9.9994E-01  7.0311E+03  8.1828E-05  8.1731E-13  3.4613E-13  3.7482E-05
 5.6236E+25  5.5586E-05  9.9994E-01  7.0311E+03  8.1828E-05  8.1136E-13  3.4613E-13  3.7243E-05
 5.6329E+25  5.5960E-05  9.9994E-01  7.0310E+03  8.1828E-05  8.0555E-13  3.4613E-13  3.7003E-05
 5.6422E+25  5.5534E-05  9.9994E-01  7.0310E+03  8.1828E-05  8.1164E-13  3.4613E-13  3.6766E-05
 5.6514E+25  5.5918E-05  9.9994E-01  7.0310E+03  8.1828E-05  8.0654E-13  3.4613E-13  3.6528E-05
 5.6607E+25  5.6326E-05  9.9994E-01  7.0309E+03  8.1828E-05  8.0074E-13  3.4613E-13  3.6292E-05
 5.6699E+25  5.6738E-05  9.9994E-01  7.0309E+03  8.1828E-05  7.9490E-13  3.4613E-13  3.6058E-05
 5.6792E+25  5.7138E-05  9.9994E-01  7.0308E+03  8.1828E-05  7.8928E-13  3.4614E-13  3.5825E-05
 5.6884E+25  5.6779E-05  9.9994E-01  7.0308E+03  8.1828E-05  7.9353E-13  3.4614E-13  3.5595E-05
 5.6977E+25  5.7082E-05  9.9994E-01  7.0308E+03  8.1828E-05  7.9011E-13  3.4614E-13  3.5376E-05
 5.7070E+25  5.7482E-05  9.9994E-01  7.0307E+03  8.1828E-05  7.8464E-13  3.4614E-13  3.5160E-05
 5.7162E+25  5.7905E-05  9.9994E-01  7.0307E+03  8.1828E-05  7.7891E-13  3.4614E-13  3.4946E-05
 5.7255E+25  5.8319E-05  9.9994E-01  7.0307E+03  8.1828E-05  7.7337E-13  3.4614E-13  3.4731E-05
 5.7347E+25  5.8086E-05  9.9994E-01  7.0306E+03  8.1828E-05  7.7562E-13  3.4614E-13  3.4516E-05
 5.7440E+25  5.8255E-05  9.9994E-01  7.0306E+03  8.1828E-05  7.7424E-13  3.4615E-13  3.4301E-05
 5.7532E+25  5.8665E-05  9.9994E-01  7.0306E+03  8.1828E-05  7.6880E-13  3.4615E-13  3.4087E-05
 5.7625E+25  5.9086E-05  9.9994E-01  7.0305E+03  8.1828E-05  7.6336E-13  3.4615E-13  3.3874E-05
 5.7718E+25  5.9509E-05  9.9994E-01  7.0305E+03  8.1828E-05  7.5793E-13  3.4615E-13  3.3661E-05
 5.7810E+25  5.9451E-05  9.9994E-01  7.0305E+03  8.1828E-05  7.5780E-13  3.4615E-13  3.3447E-05
 5.7903E+25  5.9443E-05  9.9994E-01  7.0304E+03  8.1828E-05  7.5879E-13  3.4615E-13  3.3237E-05
 5.7995E+25  5.9869E-05  9.9994E-01  7.0304E+03  8.1828E-05  7.5336E-13  3.4615E-13  3.3027E-05
 5.8088E+25  6.0280E-05  9.9994E-01  7.0304E+03  8.1828E-05  7.4826E-13  3.4616E-13  3.2818E-05
 5.8180E+25  6.0714E-05  9.9994E-01  7.0303E+03  8.1828E-05  7.4290E-13  3.4616E-13  3.2615E-05
 5.8273E+25  6.0872E-05  9.9994E-01  7.0303E+03  8.1828E-05  7.4013E-13  3.4616E-13  3.2420E-05
 5.8366E+25  6.0646E-05  9.9994E-01  7.0303E+03  8.1828E-05  7.4374E-13  3.4616E-13  3.2226E-05
 5.8458E+25  6.1081E-05  9.9994E-01  7.0302E+03  8.1828E-05  7.3845E-13  3.4616E-13  3.2035E-05
 5.8551E+25  6.1504E-05  9.9994E-01  7.0302E+03  8.1828E-05  7.3335E-13  3.4616E-13  3.1842E-05
 5.8643E+25  6.1933E-05  9.9994E-01  7.0302E+03  8.1828E-05  7.2830E-13  3.4616E-13  3.1650E-05
 5.8736E+25  6.2327E-05  9.9994E-01  7.0301E+03  8.1828E-05  7.2319E-13  3.4616E-13  3.1458E-05
 5.8828E+25  6.1886E-05  9.9994E-01  7.0301E+03  8.1828E-05  7.2851E-13  3.4617E-13  3.1266E-05
 5.8921E+25  6.2308E-05  9.9994E-01  7.0301E+03  8.1828E-05  7.2392E-13  3.4617E-13  3.1075E-05
 5.9014E+25  6.2748E-05  9.9994E-01  7.0300E+03  8.1828E-05  7.1885E-13  3.4617E-13  3.0885E-05
 5.9106E+25  6.3170E-05  9.9994E-01  7.0300E+03  8.1828E-05  7.1403E-13  3.4617E-13  3.0694E-05
 5.9199E+25  6.3613E-05  9.9994E-01  7.0300E+03  8.1828E-05  7.0906E-13  3.4617E-13  3.0505E-05
 5.9291E+25  6.3363E-05  9.9994E-01  7.0299E+03  8.1828E-05  7.1108E-13  3.4617E-13  3.0318E-05
 5.9384E+25  6.3556E-05  9.9994E-01  7.0299E+03  8.1828E-05  7.0970E-13  3.4617E-13  3.0130E-05
 5.9476E+25  6.3999E-05  9.9994E-01  7.0299E+03  8.1828E-05  7.0481E-13  3.4618E-13  2.9945E-05
 5.9569E+25  6.4440E-05  9.9994E-01  7.0298E+03  8.1828E-05  6.9996E-13  3.4618E-13  2.9771E-05
 5.9662E+25  6.4872E-05  9.9994E-01  7.0298E+03  8.1828E-05  6.9533E-13  3.4618E-13  2.9597E-05
 5.9754E+25  6.4926E-05  9.9994E-01  7.0298E+03  8.1828E-05  6.9397E-13  3.4618E-13  2.9426E-05
 5.9847E+25  6.4836E-05  9.9994E-01  7.0298E+03  8.1828E-05  6.9570E-13  3.4618E-13  2.9254E-05
 5.9939E+25  6.5268E-05  9.9993E-01  7.0297E+03  8.1828E-05  6.9111E-13  3.4618E-13  2.9081E-05
 6.0032E+25  6.5720E-05  9.9993E-01  7.0297E+03  8.1828E-05  6.8636E-13  3.4618E-13  2.8910E-05
 6.0124E+25  6.6161E-05  9.9993E-01  7.0296E+03  8.1828E-05  6.8176E-13  3.4618E-13  2.8738E-05
 6.0217E+25  6.6534E-05  9.9993E-01  7.0296E+03  8.1828E-05  6.7722E-13  3.4619E-13  2.8567E-05
 6.0310E+25  6.6131E-05  9.9993E-01  7.0296E+03  8.1828E-05  6.8209E-13  3.4619E-13  2.8396E-05
 6.0402E+25  6.6571E-05  9.9993E-01  7.0296E+03  8.1828E-05  6.7758E-13  3.4619E-13  2.8225E-05
 6.0495E+25  6.7015E-05  9.9993E-01  7.0295E+03  8.1828E-05  6.7312E-13  3.4619E-13  2.8056E-05
 6.0587E+25  6.7473E-05  9.9993E-01  7.0295E+03  8.1828E-05  6.6854E-13  3.4619E-13  2.7887E-05
 6.0680E+25  6.7914E-05  9.9993E-01  7.0295E+03  8.1828E-05  6.6418E-13  3.4619E-13  2.7719E-05
 6.0772E+25  6.7722E-05  9.9993E-01  7.0294E+03  8.1828E-05  6.6536E-13  3.4619E-13  2.7552E-05
 6.0865E+25  6.7894E-05  9.9993E-01  7.0294E+03  8.1828E-05  6.6440E-13  3.4619E-13  2.7391E-05
 6.0958E+25  6.8339E-05  9.9993E-01  7.0294E+03  8.1828E-05  6.6006E-13  3.4619E-13  2.7235E-05
 6.1050E+25  6.8794E-05  9.9993E-01  7.0293E+03  8.1828E-05  6.5572E-13  3.4620E-13  2.7080E-05
 6.1143E+25  6.9258E-05  9.9993E-01  7.0293E+03  8.1828E-05  6.5132E-13  3.4620E-13  2.6927E-05
 6.1235E+25  6.9429E-05  9.9993E-01  7.0293E+03  8.1828E-05  6.4900E-13  3.4620E-13  2.6773E-05
 6.1328E+25  6.9236E-05  9.9993E-01  7.0293E+03  8.1828E-05  6.5153E-13  3.4620E-13  2.6619E-05
 6.1420E+25  6.9691E-05  9.9993E-01  7.0292E+03  8.1828E-05  6.4728E-13  3.4620E-13  2.6466E-05
 6.1513E+25  7.0142E-05  9.9993E-01  7.0292E+03  8.1828E-05  6.4311E-13  3.4620E-13  2.6312E-05
 6.1606E+25  7.0605E-05  9.9993E-01  7.0292E+03  8.1828E-05  6.3891E-13  3.4620E-13  2.6159E-05
 6.1698E+25  7.1069E-05  9.9993E-01  7.0291E+03  8.1828E-05  6.3467E-13  3.4620E-13  2.6007E-05
 6.1791E+25  7.0731E-05  9.9993E-01  7.0291E+03  8.1828E-05  6.3713E-13  3.4621E-13  2.5854E-05
 6.1883E+25  7.1061E-05  9.9993E-01  7.0291E+03  8.1828E-05  6.3481E-13  3.4621E-13  2.5702E-05
 6.1976E+25  7.1523E-05  9.9993E-01  7.0291E+03  8.1828E-05  6.3071E-13  3.4621E-13  2.5551E-05
 6.2068E+25  7.1979E-05  9.9993E-01  7.0290E+03  8.1828E-05  6.2671E-13  3.4621E-13  2.5401E-05
 6.2161E+25  7.2451E-05  9.9993E-01  7.0290E+03  8.1828E-05  6.2264E-13  3.4621E-13  2.5251E-05
 6.2254E+25  7.2558E-05  9.9993E-01  7.0290E+03  8.1828E-05  6.2102E-13  3.4621E-13  2.5107E-05
 6.2346E+25  7.2447E-05  9.9993E-01  7.0289E+03  8.1828E-05  6.2268E-13  3.4621E-13  2.4968E-05
 6.2439E+25  7.2921E-05  9.9993E-01  7.0289E+03  8.1828E-05  6.1862E-13  3.4621E-13  2.4829E-05
 6.2531E+25  7.3390E-05  9.9993E-01  7.0289E+03  8.1828E-05  6.1468E-13  3.4621E-13  2.4693E-05
 6.2624E+25  7.3853E-05  9.9993E-01  7.0289E+03  8.1828E-05  6.1082E-13  3.4622E-13  2.4555E-05
 6.2716E+25  7.4323E-05  9.9993E-01  7.0288E+03  8.1828E-05  6.0690E-13  3.4622E-13  2.4417E-05
 6.2809E+25  7.3979E-05  9.9993E-01  7.0288E+03  8.1828E-05  6.0919E-13  3.4622E-13  2.4280E-05
 6.2902E+25  7.4338E-05  9.9993E-01  7.0288E+03  8.1828E-05  6.0686E-13  3.4622E-13  2.4143E-05
 6.2994E+25  7.4818E-05  9.9993E-01  7.0287E+03  8.1828E-05  6.0295E-13  3.4622E-13  2.4006E-05
 6.3087E+25  7.5293E-05  9.9992E-01  7.0287E+03  8.1828E-05  5.9915E-13  3.4622E-13  2.3870E-05
 6.3179E+25  7.5763E-05  9.9992E-01  7.0287E+03  8.1828E-05  5.9543E-13  3.4622E-13  2.3733E-05
 6.3272E+25  7.5900E-05  9.9992E-01  7.0287E+03  8.1828E-05  5.9373E-13  3.4622E-13  2.3597E-05
 6.3364E+25  7.5791E-05  9.9992E-01  7.0286E+03  8.1828E-05  5.9520E-13  3.4622E-13  2.3462E-05
 6.3457E+25  7.6266E-05  9.9992E-01  7.0286E+03  8.1828E-05  5.9153E-13  3.4623E-13  2.3327E-05
 6.3550E+25  7.6752E-05  9.9992E-01  7.0286E+03  8.1828E-05  5.8777E-13  3.4623E-13  2.3192E-05
 6.3642E+25  7.7234E-05  9.9992E-01  7.0285E+03  8.1828E-05  5.8411E-13  3.4623E-13  2.3061E-05
 6.3735E+25  7.7706E-05  9.9992E-01  7.0285E+03  8.1828E-05  5.8052E-13  3.4623E-13  2.2935E-05
 6.3827E+25  7.7439E-05  9.9992E-01  7.0285E+03  8.1828E-05  5.8198E-13  3.4623E-13  2.2811E-05
 6.3920E+25  7.7750E-05  9.9992E-01  7.0285E+03  8.1828E-05  5.8022E-13  3.4623E-13  2.2688E-05
 6.4012E+25  7.8231E-05  9.9992E-01  7.0284E+03  8.1828E-05  5.7668E-13  3.4623E-13  2.2566E-05
 6.4105E+25  7.8724E-05  9.9992E-01  7.0284E+03  8.1828E-05  5.7305E-13  3.4623E-13  2.2443E-05
 6.4198E+25  7.9214E-05  9.9992E-01  7.0284E+03  8.1828E-05  5.6952E-13  3.4623E-13  2.2320E-05
 6.4290E+25  7.9471E-05  9.9992E-01  7.0284E+03  8.1828E-05  5.6707E-13  3.4624E-13  2.2198E-05
 6.4383E+25  7.9260E-05  9.9992E-01  7.0283E+03  8.1828E-05  5.6919E-13  3.4624E-13  2.2075E-05
 6.4475E+25  7.9749E-05  9.9992E-01  7.0283E+03  8.1828E-05  5.6568E-13  3.4624E-13  2.1953E-05
 6.4568E+25  8.0235E-05  9.9992E-01  7.0283E+03  8.1828E-05  5.6229E-13  3.4624E-13  2.1831E-05
 6.4660E+25  8.0736E-05  9.9992E-01  7.0282E+03  8.1828E-05  5.5878E-13  3.4624E-13  2.1709E-05
 6.4753E+25  8.1231E-05  9.9992E-01  7.0282E+03  8.1828E-05  5.5538E-13  3.4624E-13  2.1587E-05
 6.4846E+25  8.1132E-05  9.9992E-01  7.0282E+03  8.1828E-05  5.5547E-13  3.4624E-13  2.1466E-05
 6.4938E+25  8.1291E-05  9.9992E-01  7.0282E+03  8.1828E-05  5.5498E-13  3.4624E-13  2.1346E-05
 6.5031E+25  8.1789E-05  9.9992E-01  7.0281E+03  8.1828E-05  5.5159E-13  3.4624E-13  2.1225E-05
 6.5123E+25  8.2279E-05  9.9992E-01  7.0281E+03  8.1828E-05  5.4832E-13  3.4625E-13  2.1109E-05
 6.5216E+25  8.2790E-05  9.9992E-01  7.0281E+03  8.1828E-05  5.4493E-13  3.4625E-13  2.0997E-05
 6.5308E+25  8.3255E-05  9.9992E-01  7.0281E+03  8.1828E-05  5.4167E-13  3.4625E-13  2.0886E-05
 6.5401E+25  8.2896E-05  9.9992E-01  7.0280E+03  8.1828E-05  5.4388E-13  3.4625E-13  2.0777E-05
 6.5494E+25  8.3364E-05  9.9992E-01  7.0280E+03  8.1828E-05  5.4119E-13  3.4625E-13  2.0667E-05
 6.5586E+25  8.3871E-05  9.9992E-01  7.0280E+03  8.1828E-05  5.3791E-13  3.4625E-13  2.0557E-05
 6.5679E+25  8.4366E-05  9.9992E-01  7.0279E+03  8.1828E-05  5.3477E-13  3.4625E-13  2.0448E-05
 6.5771E+25  8.4884E-05  9.9992E-01  7.0279E+03  8.1828E-05  5.3150E-13  3.4625E-13  2.0338E-05
 6.5864E+25  8.5070E-05  9.9991E-01  7.0279E+03  8.1828E-05  5.2979E-13  3.4625E-13  2.0229E-05
 6.5956E+25  8.4981E-05  9.9992E-01  7.0279E+03  8.1828E-05  5.3088E-13  3.4625E-13  2.0120E-05
 6.6049E+25  8.5481E-05  9.9991E-01  7.0279E+03  8.1828E-05  5.2779E-13  3.4626E-13  2.0011E-05
 6.6142E+25  8.5995E-05  9.9991E-01  7.0278E+03  8.1828E-05  5.2464E-13  3.4626E-13  1.9902E-05
 6.6234E+25  8.6495E-05  9.9991E-01  7.0278E+03  8.1828E-05  5.2160E-13  3.4626E-13  1.9793E-05
 6.6327E+25  8.7019E-05  9.9991E-01  7.0278E+03  8.1828E-05  5.1847E-13  3.4626E-13  1.9684E-05
 6.6419E+25  8.6929E-05  9.9991E-01  7.0277E+03  8.1828E-05  5.1848E-13  3.4626E-13  1.9577E-05
 6.6512E+25  8.7138E-05  9.9991E-01  7.0277E+03  8.1828E-05  5.1775E-13  3.4626E-13  1.9469E-05
 6.6604E+25  8.7643E-05  9.9991E-01  7.0277E+03  8.1828E-05  5.1477E-13  3.4626E-13  1.9363E-05
 6.6697E+25  8.8162E-05  9.9991E-01  7.0277E+03  8.1828E-05  5.1175E-13  3.4626E-13  1.9263E-05
 6.6789E+25  8.8671E-05  9.9991E-01  7.0276E+03  8.1828E-05  5.0881E-13  3.4626E-13  1.9163E-05
 6.6882E+25  8.9178E-05  9.9991E-01  7.0276E+03  8.1828E-05  5.0581E-13  3.4627E-13  1.9065E-05
 6.6975E+25  8.8880E-05  9.9991E-01  7.0276E+03  8.1828E-05  5.0723E-13  3.4627E-13  1.8967E-05
 6.7067E+25  8.9341E-05  9.9991E-01  7.0276E+03  8.1828E-05  5.0500E-13  3.4627E-13  1.8869E-05
 6.7160E+25  8.9852E-05  9.9991E-01  7.0275E+03  8.1828E-05  5.0213E-13  3.4627E-13  1.8771E-05
 6.7252E+25  9.0374E-05  9.9991E-01  7.0275E+03  8.1828E-05  4.9924E-13  3.4627E-13  1.8673E-05
 6.7345E+25  9.0894E-05  9.9991E-01  7.0275E+03  8.1828E-05  4.9637E-13  3.4627E-13  1.8576E-05
 6.7437E+25  9.1228E-05  9.9991E-01  7.0275E+03  8.1828E-05  4.9409E-13  3.4627E-13  1.8478E-05
 6.7530E+25  9.1060E-05  9.9991E-01  7.0274E+03  8.1828E-05  4.9547E-13  3.4627E-13  1.8381E-05
 6.7623E+25  9.1585E-05  9.9991E-01  7.0274E+03  8.1828E-05  4.9265E-13  3.4627E-13  1.8283E-05
 6.7715E+25  9.2110E-05  9.9991E-01  7.0274E+03  8.1828E-05  4.8982E-13  3.4627E-13  1.8186E-05
 6.7808E+25  9.2634E-05  9.9991E-01  7.0273E+03  8.1828E-05  4.8707E-13  3.4628E-13  1.8089E-05
 6.7900E+25  9.3165E-05  9.9991E-01  7.0273E+03  8.1828E-05  4.8428E-13  3.4628E-13  1.7992E-05
 6.7993E+25  9.3287E-05  9.9991E-01  7.0273E+03  8.1828E-05  4.8319E-13  3.4628E-13  1.7896E-05
 6.8085E+25  9.3350E-05  9.9991E-01  7.0273E+03  8.1828E-05  4.8333E-13  3.4628E-13  1.7799E-05
 6.8178E+25  9.3878E-05  9.9991E-01  7.0272E+03  8.1828E-05  4.8062E-13  3.4628E-13  1.7706E-05
 6.8271E+25  9.4417E-05  9.9991E-01  7.0272E+03  8.1828E-05  4.7787E-13  3.4628E-13  1.7617E-05
 6.8363E+25  9.4944E-05  9.9991E-01  7.0272E+03  8.1828E-05  4.7522E-13  3.4628E-13  1.7528E-05
 6.8456E+25  9.5481E-05  9.9990E-01  7.0272E+03  8.1828E-05  4.7254E-13  3.4628E-13  1.7440E-05
 6.8548E+25  9.5426E-05  9.9990E-01  7.0271E+03  8.1828E-05  4.7238E-13  3.4628E-13  1.7354E-05
 6.8641E+25  9.5686E-05  9.9990E-01  7.0271E+03  8.1828E-05  4.7154E-13  3.4628E-13  1.7266E-05
 6.8733E+25  9.6224E-05  9.9990E-01  7.0271E+03  8.1828E-05  4.6890E-13  3.4629E-13  1.7179E-05
 6.8826E+25  9.6771E-05  9.9990E-01  7.0271E+03  8.1828E-05  4.6626E-13  3.4629E-13  1.7091E-05
 6.8919E+25  9.7305E-05  9.9990E-01  7.0270E+03  8.1828E-05  4.6369E-13  3.4629E-13  1.7004E-05
 6.9011E+25  9.7837E-05  9.9990E-01  7.0270E+03  8.1828E-05  4.6113E-13  3.4629E-13  1.6917E-05
 6.9104E+25  9.7651E-05  9.9990E-01  7.0270E+03  8.1828E-05  4.6166E-13  3.4629E-13  1.6830E-05
 6.9196E+25  9.8071E-05  9.9990E-01  7.0270E+03  8.1828E-05  4.6009E-13  3.4629E-13  1.6743E-05
 6.9289E+25  9.8623E-05  9.9990E-01  7.0269E+03  8.1828E-05  4.5750E-13  3.4629E-13  1.6656E-05
 6.9381E+25  9.9170E-05  9.9990E-01  7.0269E+03  8.1828E-05  4.5499E-13  3.4629E-13  1.6569E-05
 6.9474E+25  9.9721E-05  9.9990E-01  7.0269E+03  8.1828E-05  4.5247E-13  3.4629E-13  1.6483E-05
 6.9567E+25  1.0022E-04  9.9990E-01  7.0268E+03  8.1828E-05  4.5002E-13  3.4630E-13  1.6397E-05
 6.9659E+25  9.9985E-05  9.9990E-01  7.0268E+03  8.1828E-05  4.5107E-13  3.4630E-13  1.6310E-05
 6.9752E+25  1.0051E-04  9.9990E-01  7.0268E+03  8.1828E-05  4.4893E-13  3.4630E-13  1.6226E-05
 6.9844E+25  1.0107E-04  9.9990E-01  7.0268E+03  8.1828E-05  4.4644E-13  3.4630E-13  1.6146E-05
 6.9937E+25  1.0162E-04  9.9990E-01  7.0267E+03  8.1828E-05  4.4400E-13  3.4630E-13  1.6066E-05
 7.0029E+25  1.0219E-04  9.9990E-01  7.0267E+03  8.1828E-05  4.4156E-13  3.4630E-13  1.5988E-05
 7.0122E+25  1.0259E-04  9.9990E-01  7.0267E+03  8.1828E-05  4.3944E-13  3.4630E-13  1.5911E-05
 7.0215E+25  1.0246E-04  9.9990E-01  7.0267E+03  8.1828E-05  4.4039E-13  3.4630E-13  1.5833E-05
 7.0307E+25  1.0301E-04  9.9990E-01  7.0266E+03  8.1828E-05  4.3804E-13  3.4630E-13  1.5755E-05
 7.0400E+25  1.0357E-04  9.9990E-01  7.0266E+03  8.1828E-05  4.3567E-13  3.4631E-13  1.5677E-05
 7.0492E+25  1.0414E-04  9.9990E-01  7.0266E+03  8.1828E-05  4.3331E-13  3.4631E-13  1.5599E-05
 7.0585E+25  1.0470E-04  9.9990E-01  7.0265E+03  8.1828E-05  4.3098E-13  3.4631E-13  1.5521E-05
 7.0677E+25  1.0502E-04  9.9989E-01  7.0265E+03  8.1828E-05  4.2928E-13  3.4631E-13  1.5443E-05
 7.0770E+25  1.0500E-04  9.9989E-01  7.0265E+03  8.1828E-05  4.2971E-13  3.4631E-13  1.5366E-05
 7.0863E+25  1.0556E-04  9.9989E-01  7.0265E+03  8.1828E-05  4.2744E-13  3.4631E-13  1.5288E-05
 7.0955E+25  1.0612E-04  9.9989E-01  7.0264E+03  8.1828E-05  4.2520E-13  3.4631E-13  1.5210E-05
 7.1048E+25  1.0670E-04  9.9989E-01  7.0264E+03  8.1828E-05  4.2290E-13  3.4631E-13  1.5133E-05
 7.1140E+25  1.0727E-04  9.9989E-01  7.0264E+03  8.1828E-05  4.2065E-13  3.4631E-13  1.5056E-05
 7.1233E+25  1.0753E-04  9.9989E-01  7.0264E+03  8.1828E-05  4.1929E-13  3.4631E-13  1.4979E-05
 7.1325E+25  1.0761E-04  9.9989E-01  7.0264E+03  8.1828E-05  4.1930E-13  3.4632E-13  1.4902E-05
 7.1418E+25  1.0818E-04  9.9989E-01  7.0263E+03  8.1828E-05  4.1713E-13  3.4632E-13  1.4828E-05
 7.1511E+25  1.0874E-04  9.9989E-01  7.0263E+03  8.1828E-05  4.1496E-13  3.4632E-13  1.4757E-05
 7.1603E+25  1.0932E-04  9.9989E-01  7.0262E+03  8.1828E-05  4.1278E-13  3.4632E-13  1.4686E-05
 7.1696E+25  1.0990E-04  9.9989E-01  7.0262E+03  8.1828E-05  4.1061E-13  3.4632E-13  1.4616E-05
 7.1788E+25  1.1011E-04  9.9989E-01  7.0262E+03  8.1828E-05  4.0948E-13  3.4632E-13  1.4547E-05
 7.1881E+25  1.1028E-04  9.9989E-01  7.0262E+03  8.1828E-05  4.0917E-13  3.4632E-13  1.4478E-05
 7.1973E+25  1.1085E-04  9.9989E-01  7.0262E+03  8.1828E-05  4.0708E-13  3.4632E-13  1.4408E-05
 7.2066E+25  1.1142E-04  9.9989E-01  7.0261E+03  8.1828E-05  4.0499E-13  3.4632E-13  1.4338E-05
 7.2159E+25  1.1199E-04  9.9989E-01  7.0261E+03  8.1828E-05  4.0293E-13  3.4633E-13  1.4269E-05
 7.2251E+25  1.1258E-04  9.9989E-01  7.0261E+03  8.1828E-05  4.0082E-13  3.4633E-13  1.4199E-05
 7.2344E+25  1.1277E-04  9.9989E-01  7.0260E+03  8.1828E-05  3.9984E-13  3.4633E-13  1.4130E-05
 7.2436E+25  1.1301E-04  9.9989E-01  7.0260E+03  8.1828E-05  3.9932E-13  3.4633E-13  1.4061E-05
 7.2529E+25  1.1358E-04  9.9989E-01  7.0260E+03  8.1828E-05  3.9728E-13  3.4633E-13  1.3992E-05
 7.2621E+25  1.1416E-04  9.9989E-01  7.0260E+03  8.1828E-05  3.9529E-13  3.4633E-13  1.3922E-05
 7.2714E+25  1.1474E-04  9.9989E-01  7.0259E+03  8.1828E-05  3.9329E-13  3.4633E-13  1.3853E-05
 7.2807E+25  1.1532E-04  9.9988E-01  7.0259E+03  8.1828E-05  3.9129E-13  3.4633E-13  1.3784E-05
 7.2899E+25  1.1550E-04  9.9988E-01  7.0259E+03  8.1828E-05  3.9039E-13  3.4633E-13  1.3715E-05
 7.2992E+25  1.1579E-04  9.9988E-01  7.0259E+03  8.1828E-05  3.8973E-13  3.4633E-13  1.3646E-05
 7.3084E+25  1.1638E-04  9.9988E-01  7.0258E+03  8.1828E-05  3.8775E-13  3.4634E-13  1.3580E-05
 7.3177E+25  1.1696E-04  9.9988E-01  7.0258E+03  8.1828E-05  3.8582E-13  3.4634E-13  1.3516E-05
 7.3269E+25  1.1754E-04  9.9988E-01  7.0258E+03  8.1828E-05  3.8391E-13  3.4634E-13  1.3452E-05
 7.3362E+25  1.1813E-04  9.9988E-01  7.0257E+03  8.1828E-05  3.8200E-13  3.4634E-13  1.3390E-05
 7.3455E+25  1.1832E-04  9.9988E-01  7.0257E+03  8.1828E-05  3.8110E-13  3.4634E-13  1.3329E-05
 7.3547E+25  1.1863E-04  9.9988E-01  7.0257E+03  8.1828E-05  3.8041E-13  3.4634E-13  1.3267E-05
 7.3640E+25  1.1923E-04  9.9988E-01  7.0257E+03  8.1828E-05  3.7848E-13  3.4634E-13  1.3205E-05
 7.3732E+25  1.1983E-04  9.9988E-01  7.0256E+03  8.1828E-05  3.7660E-13  3.4634E-13  1.3143E-05
 7.3825E+25  1.2042E-04  9.9988E-01  7.0256E+03  8.1828E-05  3.7475E-13  3.4635E-13  1.3081E-05
 7.3917E+25  1.2101E-04  9.9988E-01  7.0256E+03  8.1828E-05  3.7293E-13  3.4635E-13  1.3019E-05
 7.4010E+25  1.2122E-04  9.9988E-01  7.0256E+03  8.1828E-05  3.7202E-13  3.4635E-13  1.2957E-05
 7.4103E+25  1.2154E-04  9.9988E-01  7.0255E+03  8.1828E-05  3.7131E-13  3.4635E-13  1.2895E-05
 7.4195E+25  1.2215E-04  9.9988E-01  7.0255E+03  8.1828E-05  3.6946E-13  3.4635E-13  1.2833E-05
 7.4288E+25  1.2276E-04  9.9988E-01  7.0254E+03  8.1828E-05  3.6762E-13  3.4635E-13  1.2771E-05
 7.4380E+25  1.2336E-04  9.9988E-01  7.0254E+03  8.1828E-05  3.6584E-13  3.4635E-13  1.2710E-05
 7.4473E+25  1.2395E-04  9.9988E-01  7.0254E+03  8.1828E-05  3.6408E-13  3.4635E-13  1.2648E-05
 7.4565E+25  1.2420E-04  9.9988E-01  7.0254E+03  8.1828E-05  3.6311E-13  3.4635E-13  1.2586E-05
 7.4658E+25  1.2451E-04  9.9988E-01  7.0253E+03  8.1828E-05  3.6244E-13  3.4636E-13  1.2525E-05
 7.4751E+25  1.2512E-04  9.9987E-01  7.0253E+03  8.1828E-05  3.6068E-13  3.4636E-13  1.2464E-05
 7.4843E+25  1.2574E-04  9.9987E-01  7.0253E+03  8.1828E-05  3.5890E-13  3.4636E-13  1.2406E-05
 7.4936E+25  1.2636E-04  9.9987E-01  7.0252E+03  8.1828E-05  3.5715E-13  3.4636E-13  1.2348E-05
 7.5028E+25  1.2696E-04  9.9987E-01  7.0252E+03  8.1828E-05  3.5545E-13  3.4636E-13  1.2292E-05
 7.5121E+25  1.2726E-04  9.9987E-01  7.0252E+03  8.1828E-05  3.5440E-13  3.4636E-13  1.2236E-05
 7.5213E+25  1.2756E-04  9.9987E-01  7.0252E+03  8.1828E-05  3.5379E-13  3.4636E-13  1.2182E-05
 7.5306E+25  1.2817E-04  9.9987E-01  7.0251E+03  8.1828E-05  3.5210E-13  3.4636E-13  1.2127E-05
 7.5399E+25  1.2879E-04  9.9987E-01  7.0251E+03  8.1828E-05  3.5041E-13  3.4637E-13  1.2071E-05
 7.5491E+25  1.2942E-04  9.9987E-01  7.0251E+03  8.1828E-05  3.4871E-13  3.4637E-13  1.2016E-05
 7.5584E+25  1.3004E-04  9.9987E-01  7.0250E+03  8.1828E-05  3.4704E-13  3.4637E-13  1.1961E-05
 7.5676E+25  1.3040E-04  9.9987E-01  7.0250E+03  8.1828E-05  3.4587E-13  3.4637E-13  1.1905E-05
 7.5769E+25  1.3068E-04  9.9987E-01  7.0250E+03  8.1828E-05  3.4535E-13  3.4637E-13  1.1850E-05
 7.5861E+25  1.3130E-04  9.9987E-01  7.0250E+03  8.1828E-05  3.4374E-13  3.4637E-13  1.1795E-05
 7.5954E+25  1.3192E-04  9.9987E-01  7.0249E+03  8.1828E-05  3.4212E-13  3.4637E-13  1.1740E-05
 7.6047E+25  1.3255E-04  9.9987E-01  7.0249E+03  8.1828E-05  3.4050E-13  3.4637E-13  1.1685E-05
 7.6139E+25  1.3318E-04  9.9987E-01  7.0248E+03  8.1828E-05  3.3887E-13  3.4638E-13  1.1630E-05
 7.6232E+25  1.3362E-04  9.9987E-01  7.0248E+03  8.1828E-05  3.3757E-13  3.4638E-13  1.1575E-05
 7.6324E+25  1.3388E-04  9.9987E-01  7.0248E+03  8.1828E-05  3.3711E-13  3.4638E-13  1.1520E-05
 7.6417E+25  1.3449E-04  9.9987E-01  7.0248E+03  8.1828E-05  3.3558E-13  3.4638E-13  1.1465E-05
 7.6509E+25  1.3512E-04  9.9986E-01  7.0247E+03  8.1828E-05  3.3403E-13  3.4638E-13  1.1410E-05
 7.6602E+25  1.3574E-04  9.9986E-01  7.0247E+03  8.1828E-05  3.3249E-13  3.4638E-13  1.1358E-05
 7.6695E+25  1.3638E-04  9.9986E-01  7.0247E+03  8.1828E-05  3.3093E-13  3.4638E-13  1.1306E-05
 7.6787E+25  1.3690E-04  9.9986E-01  7.0246E+03  8.1828E-05  3.2950E-13  3.4638E-13  1.1255E-05
 7.6880E+25  1.3715E-04  9.9986E-01  7.0246E+03  8.1828E-05  3.2908E-13  3.4638E-13  1.1206E-05
 7.6972E+25  1.3777E-04  9.9986E-01  7.0246E+03  8.1828E-05  3.2761E-13  3.4639E-13  1.1157E-05
 7.7065E+25  1.3839E-04  9.9986E-01  7.0246E+03  8.1828E-05  3.2614E-13  3.4639E-13  1.1108E-05
 7.7157E+25  1.3902E-04  9.9986E-01  7.0245E+03  8.1828E-05  3.2466E-13  3.4639E-13  1.1059E-05
 7.7250E+25  1.3965E-04  9.9986E-01  7.0245E+03  8.1828E-05  3.2319E-13  3.4639E-13  1.1009E-05
 7.7343E+25  1.4025E-04  9.9986E-01  7.0245E+03  8.1828E-05  3.2169E-13  3.4639E-13  1.0960E-05
 7.7435E+25  1.4049E-04  9.9986E-01  7.0244E+03  8.1828E-05  3.2124E-13  3.4639E-13  1.0911E-05
 7.7528E+25  1.4112E-04  9.9986E-01  7.0244E+03  8.1828E-05  3.1983E-13  3.4639E-13  1.0862E-05
 7.7620E+25  1.4174E-04  9.9986E-01  7.0244E+03  8.1828E-05  3.1843E-13  3.4639E-13  1.0813E-05
 7.7713E+25  1.4237E-04  9.9986E-01  7.0243E+03  8.1828E-05  3.1703E-13  3.4640E-13  1.0764E-05
 7.7805E+25  1.4301E-04  9.9986E-01  7.0243E+03  8.1828E-05  3.1561E-13  3.4640E-13  1.0714E-05
 7.7898E+25  1.4363E-04  9.9986E-01  7.0243E+03  8.1828E-05  3.1421E-13  3.4640E-13  1.0665E-05
 7.7991E+25  1.4392E-04  9.9986E-01  7.0242E+03  8.1828E-05  3.1353E-13  3.4640E-13  1.0616E-05
 7.8083E+25  1.4454E-04  9.9986E-01  7.0242E+03  8.1828E-05  3.1228E-13  3.4640E-13  1.0567E-05
 7.8176E+25  1.4518E-04  9.9985E-01  7.0242E+03  8.1828E-05  3.1091E-13  3.4640E-13  1.0518E-05
 7.8268E+25  1.4581E-04  9.9985E-01  7.0241E+03  8.1828E-05  3.0957E-13  3.4640E-13  1.0469E-05
 7.8361E+25  1.4644E-04  9.9985E-01  7.0241E+03  8.1828E-05  3.0823E-13  3.4641E-13  1.0420E-05
 7.8453E+25  1.4708E-04  9.9985E-01  7.0241E+03  8.1828E-05  3.0688E-13  3.4641E-13  1.0374E-05
 7.8546E+25  1.4744E-04  9.9985E-01  7.0240E+03  8.1828E-05  3.0605E-13  3.4641E-13  1.0328E-05
 7.8638E+25  1.4802E-04  9.9985E-01  7.0240E+03  8.1828E-05  3.0495E-13  3.4641E-13  1.0283E-05
 7.8731E+25  1.4868E-04  9.9985E-01  7.0240E+03  8.1828E-05  3.0361E-13  3.4641E-13  1.0239E-05
 7.8824E+25  1.4932E-04  9.9985E-01  7.0239E+03  8.1828E-05  3.0229E-13  3.4641E-13  1.0196E-05
 7.8916E+25  1.4996E-04  9.9985E-01  7.0239E+03  8.1828E-05  3.0102E-13  3.4641E-13  1.0152E-05
 7.9009E+25  1.5059E-04  9.9985E-01  7.0239E+03  8.1828E-05  2.9974E-13  3.4641E-13  1.0108E-05
 7.9101E+25  1.5105E-04  9.9985E-01  7.0238E+03  8.1828E-05  2.9875E-13  3.4641E-13  1.0064E-05
 7.9194E+25  1.5157E-04  9.9985E-01  7.0238E+03  8.1828E-05  2.9783E-13  3.4642E-13  1.0020E-05
 7.9286E+25  1.5224E-04  9.9985E-01  7.0238E+03  8.1828E-05  2.9651E-13  3.4642E-13  9.9763E-06
 7.9379E+25  1.5290E-04  9.9985E-01  7.0237E+03  8.1828E-05  2.9523E-13  3.4642E-13  9.9325E-06
 7.9472E+25  1.5355E-04  9.9985E-01  7.0237E+03  8.1828E-05  2.9398E-13  3.4642E-13  9.8888E-06
 7.9564E+25  1.5419E-04  9.9985E-01  7.0237E+03  8.1828E-05  2.9276E-13  3.4642E-13  9.8450E-06
 7.9657E+25  1.5472E-04  9.9985E-01  7.0236E+03  8.1828E-05  2.9168E-13  3.4642E-13  9.8011E-06
 7.9749E+25  1.5522E-04  9.9984E-01  7.0236E+03  8.1828E-05  2.9083E-13  3.4642E-13  9.7571E-06
 7.9842E+25  1.5587E-04  9.9984E-01  7.0236E+03  8.1828E-05  2.8963E-13  3.4643E-13  9.7133E-06
 7.9934E+25  1.5655E-04  9.9984E-01  7.0235E+03  8.1828E-05  2.8837E-13  3.4643E-13  9.6696E-06
 8.0027E+25  1.5722E-04  9.9984E-01  7.0235E+03  8.1828E-05  2.8714E-13  3.4643E-13  9.6259E-06
 8.0120E+25  1.5787E-04  9.9984E-01  7.0234E+03  8.1828E-05  2.8595E-13  3.4643E-13  9.5820E-06
 8.0212E+25  1.5847E-04  9.9984E-01  7.0234E+03  8.1828E-05  2.8480E-13  3.4643E-13  9.5384E-06
 8.0305E+25  1.5894E-04  9.9984E-01  7.0234E+03  8.1828E-05  2.8404E-13  3.4643E-13  9.4967E-06
 8.0397E+25  1.5960E-04  9.9984E-01  7.0234E+03  8.1828E-05  2.8286E-13  3.4643E-13  9.4559E-06
 8.0490E+25  1.6026E-04  9.9984E-01  7.0233E+03  8.1828E-05  2.8171E-13  3.4644E-13  9.4150E-06
 8.0582E+25  1.6095E-04  9.9984E-01  7.0233E+03  8.1828E-05  2.8052E-13  3.4644E-13  9.3752E-06
 8.0675E+25  1.6162E-04  9.9984E-01  7.0232E+03  8.1828E-05  2.7934E-13  3.4644E-13  9.3368E-06
 8.0768E+25  1.6227E-04  9.9984E-01  7.0232E+03  8.1828E-05  2.7821E-13  3.4644E-13  9.2981E-06
 8.0860E+25  1.6277E-04  9.9984E-01  7.0232E+03  8.1828E-05  2.7733E-13  3.4644E-13  9.2588E-06
 8.0953E+25  1.6341E-04  9.9984E-01  7.0231E+03  8.1828E-05  2.7629E-13  3.4644E-13  9.2196E-06
 8.1045E+25  1.6408E-04  9.9984E-01  7.0231E+03  8.1828E-05  2.7517E-13  3.4644E-13  9.1806E-06
 8.1138E+25  1.6474E-04  9.9984E-01  7.0231E+03  8.1828E-05  2.7408E-13  3.4645E-13  9.1416E-06
 8.1230E+25  1.6543E-04  9.9983E-01  7.0230E+03  8.1828E-05  2.7294E-13  3.4645E-13  9.1025E-06
 8.1323E+25  1.6611E-04  9.9983E-01  7.0230E+03  8.1828E-05  2.7181E-13  3.4645E-13  9.0636E-06
 8.1416E+25  1.6669E-04  9.9983E-01  7.0230E+03  8.1828E-05  2.7084E-13  3.4645E-13  9.0246E-06
 8.1508E+25  1.6731E-04  9.9983E-01  7.0229E+03  8.1828E-05  2.6987E-13  3.4645E-13  8.9855E-06
 8.1601E+25  1.6797E-04  9.9983E-01  7.0229E+03  8.1828E-05  2.6881E-13  3.4645E-13  8.9463E-06
 8.1693E+25  1.6864E-04  9.9983E-01  7.0228E+03  8.1828E-05  2.6775E-13  3.4646E-13  8.9072E-06
 8.1786E+25  1.6931E-04  9.9983E-01  7.0228E+03  8.1828E-05  2.6671E-13  3.4646E-13  8.8682E-06
 8.1878E+25  1.7000E-04  9.9983E-01  7.0227E+03  8.1828E-05  2.6563E-13  3.4646E-13  8.8291E-06
 8.1971E+25  1.7066E-04  9.9983E-01  7.0227E+03  8.1828E-05  2.6457E-13  3.4646E-13  8.7901E-06
 8.2064E+25  1.7129E-04  9.9983E-01  7.0227E+03  8.1828E-05  2.6362E-13  3.4646E-13  8.7511E-06
 8.2156E+25  1.7196E-04  9.9983E-01  7.0226E+03  8.1828E-05  2.6260E-13  3.4646E-13  8.7123E-06
 8.2249E+25  1.7262E-04  9.9983E-01  7.0226E+03  8.1828E-05  2.6159E-13  3.4646E-13  8.6754E-06
 8.2341E+25  1.7329E-04  9.9983E-01  7.0226E+03  8.1828E-05  2.6060E-13  3.4647E-13  8.6388E-06
 8.2434E+25  1.7396E-04  9.9983E-01  7.0225E+03  8.1828E-05  2.5960E-13  3.4647E-13  8.6024E-06
 8.2526E+25  1.7465E-04  9.9983E-01  7.0225E+03  8.1828E-05  2.5857E-13  3.4647E-13  8.5671E-06
 8.2619E+25  1.7535E-04  9.9982E-01  7.0225E+03  8.1828E-05  2.5755E-13  3.4647E-13  8.5329E-06
 8.2712E+25  1.7602E-04  9.9982E-01  7.0224E+03  8.1828E-05  2.5657E-13  3.4647E-13  8.4982E-06
 8.2804E+25  1.7669E-04  9.9982E-01  7.0224E+03  8.1828E-05  2.5560E-13  3.4647E-13  8.4634E-06
 8.2897E+25  1.7736E-04  9.9982E-01  7.0223E+03  8.1828E-05  2.5463E-13  3.4648E-13  8.4286E-06
 8.2989E+25  1.7802E-04  9.9982E-01  7.0223E+03  8.1828E-05  2.5370E-13  3.4648E-13  8.3939E-06
 8.3082E+25  1.7870E-04  9.9982E-01  7.0223E+03  8.1828E-05  2.5274E-13  3.4648E-13  8.3590E-06
 8.3174E+25  1.7944E-04  9.9982E-01  7.0222E+03  8.1828E-05  2.5172E-13  3.4648E-13  8.3243E-06
 8.3267E+25  1.8015E-04  9.9982E-01  7.0222E+03  8.1828E-05  2.5071E-13  3.4648E-13  8.2896E-06
 8.3360E+25  1.8083E-04  9.9982E-01  7.0221E+03  8.1828E-05  2.4977E-13  3.4648E-13  8.2549E-06
 8.3452E+25  1.8150E-04  9.9982E-01  7.0221E+03  8.1828E-05  2.4885E-13  3.4648E-13  8.2201E-06
 8.3545E+25  1.8218E-04  9.9982E-01  7.0220E+03  8.1828E-05  2.4793E-13  3.4649E-13  8.1852E-06
 8.3637E+25  1.8285E-04  9.9982E-01  7.0220E+03  8.1828E-05  2.4703E-13  3.4649E-13  8.1503E-06
 8.3730E+25  1.8358E-04  9.9982E-01  7.0220E+03  8.1828E-05  2.4609E-13  3.4649E-13  8.1155E-06
 8.3822E+25  1.8434E-04  9.9982E-01  7.0219E+03  8.1828E-05  2.4505E-13  3.4649E-13  8.0806E-06
 8.3915E+25  1.8504E-04  9.9981E-01  7.0219E+03  8.1828E-05  2.4412E-13  3.4649E-13  8.0459E-06
 8.4008E+25  1.8573E-04  9.9981E-01  7.0218E+03  8.1828E-05  2.4321E-13  3.4649E-13  8.0110E-06
 8.4100E+25  1.8640E-04  9.9981E-01  7.0218E+03  8.1828E-05  2.4235E-13  3.4650E-13  7.9763E-06
 8.4193E+25  1.8709E-04  9.9981E-01  7.0218E+03  8.1828E-05  2.4147E-13  3.4650E-13  7.9425E-06
 8.4285E+25  1.8779E-04  9.9981E-01  7.0217E+03  8.1828E-05  2.4060E-13  3.4650E-13  7.9100E-06
 8.4378E+25  1.8860E-04  9.9981E-01  7.0217E+03  8.1828E-05  2.3954E-13  3.4650E-13  7.8774E-06
 8.4470E+25  1.8930E-04  9.9981E-01  7.0216E+03  8.1828E-05  2.3866E-13  3.4650E-13  7.8451E-06
 8.4563E+25  1.9001E-04  9.9981E-01  7.0216E+03  8.1828E-05  2.3777E-13  3.4650E-13  7.8144E-06
 8.4656E+25  1.9071E-04  9.9981E-01  7.0215E+03  8.1828E-05  2.3690E-13  3.4651E-13  7.7838E-06
 8.4748E+25  1.9138E-04  9.9981E-01  7.0215E+03  8.1828E-05  2.3607E-13  3.4651E-13  7.7530E-06
 8.4841E+25  1.9208E-04  9.9981E-01  7.0215E+03  8.1828E-05  2.3524E-13  3.4651E-13  7.7220E-06
 8.4933E+25  1.9292E-04  9.9981E-01  7.0214E+03  8.1828E-05  2.3426E-13  3.4651E-13  7.6910E-06
 8.5026E+25  1.9366E-04  9.9981E-01  7.0214E+03  8.1828E-05  2.3330E-13  3.4651E-13  7.6599E-06
 8.5118E+25  1.9435E-04  9.9981E-01  7.0213E+03  8.1828E-05  2.3250E-13  3.4651E-13  7.6290E-06
 8.5211E+25  1.9506E-04  9.9980E-01  7.0213E+03  8.1828E-05  2.3166E-13  3.4652E-13  7.5981E-06
 8.5304E+25  1.9577E-04  9.9980E-01  7.0212E+03  8.1828E-05  2.3083E-13  3.4652E-13  7.5673E-06
 8.5396E+25  1.9645E-04  9.9980E-01  7.0212E+03  8.1828E-05  2.3003E-13  3.4652E-13  7.5363E-06
 8.5489E+25  1.9724E-04  9.9980E-01  7.0212E+03  8.1828E-05  2.2921E-13  3.4652E-13  7.5053E-06
 8.5581E+25  1.9813E-04  9.9980E-01  7.0211E+03  8.1828E-05  2.2808E-13  3.4652E-13  7.4742E-06
 8.5674E+25  1.9880E-04  9.9980E-01  7.0211E+03  8.1828E-05  2.2731E-13  3.4652E-13  7.4432E-06
 8.5766E+25  1.9947E-04  9.9980E-01  7.0210E+03  8.1828E-05  2.2656E-13  3.4653E-13  7.4121E-06
 8.5859E+25  2.0019E-04  9.9980E-01  7.0210E+03  8.1828E-05  2.2577E-13  3.4653E-13  7.3811E-06
 8.5952E+25  2.0090E-04  9.9980E-01  7.0209E+03  8.1828E-05  2.2498E-13  3.4653E-13  7.3500E-06
 8.6044E+25  2.0163E-04  9.9980E-01  7.0209E+03  8.1828E-05  2.2420E-13  3.4653E-13  7.3190E-06
 8.6137E+25  2.0258E-04  9.9980E-01  7.0209E+03  8.1828E-05  2.2319E-13  3.4653E-13  7.2880E-06
 8.6229E+25  2.0334E-04  9.9980E-01  7.0208E+03  8.1828E-05  2.2228E-13  3.4654E-13  7.2578E-06
 8.6322E+25  2.0401E-04  9.9980E-01  7.0208E+03  8.1828E-05  2.2154E-13  3.4654E-13  7.2288E-06
 8.6414E+25  2.0468E-04  9.9980E-01  7.0207E+03  8.1828E-05  2.2083E-13  3.4654E-13  7.1996E-06
 8.6507E+25  2.0538E-04  9.9979E-01  7.0207E+03  8.1828E-05  2.2010E-13  3.4654E-13  7.1707E-06
 8.6600E+25  2.0612E-04  9.9979E-01  7.0206E+03  8.1828E-05  2.1934E-13  3.4654E-13  7.1433E-06
 8.6692E+25  2.0701E-04  9.9979E-01  7.0206E+03  8.1828E-05  2.1850E-13  3.4654E-13  7.1162E-06
 8.6785E+25  2.0792E-04  9.9979E-01  7.0206E+03  8.1828E-05  2.1741E-13  3.4655E-13  7.0888E-06
 8.6877E+25  2.0861E-04  9.9979E-01  7.0205E+03  8.1828E-05  2.1671E-13  3.4655E-13  7.0612E-06
 8.6970E+25  2.0930E-04  9.9979E-01  7.0205E+03  8.1828E-05  2.1600E-13  3.4655E-13  7.0336E-06
 8.7062E+25  2.0998E-04  9.9979E-01  7.0204E+03  8.1828E-05  2.1531E-13  3.4655E-13  7.0060E-06
 8.7155E+25  2.1066E-04  9.9979E-01  7.0204E+03  8.1828E-05  2.1464E-13  3.4655E-13  6.9785E-06
 8.7248E+25  2.1144E-04  9.9979E-01  7.0203E+03  8.1828E-05  2.1393E-13  3.4656E-13  6.9511E-06
 8.7340E+25  2.1253E-04  9.9979E-01  7.0203E+03  8.1828E-05  2.1283E-13  3.4656E-13  6.9235E-06
 8.7433E+25  2.1327E-04  9.9979E-01  7.0202E+03  8.1828E-05  2.1200E-13  3.4656E-13  6.8959E-06
 8.7525E+25  2.1395E-04  9.9979E-01  7.0202E+03  8.1828E-05  2.1135E-13  3.4656E-13  6.8685E-06
 8.7618E+25  2.1465E-04  9.9979E-01  7.0201E+03  8.1828E-05  2.1066E-13  3.4656E-13  6.8408E-06
 8.7710E+25  2.1533E-04  9.9978E-01  7.0201E+03  8.1828E-05  2.1001E-13  3.4657E-13  6.8131E-06
 8.7803E+25  2.1603E-04  9.9978E-01  7.0200E+03  8.1828E-05  2.0937E-13  3.4657E-13  6.7854E-06
 8.7896E+25  2.1698E-04  9.9978E-01  7.0200E+03  8.1828E-05  2.0860E-13  3.4657E-13  6.7577E-06
 8.7988E+25  2.1798E-04  9.9978E-01  7.0199E+03  8.1828E-05  2.0746E-13  3.4657E-13  6.7301E-06
 8.8081E+25  2.1868E-04  9.9978E-01  7.0199E+03  8.1828E-05  2.0680E-13  3.4657E-13  6.7024E-06
 8.8173E+25  2.1935E-04  9.9978E-01  7.0198E+03  8.1828E-05  2.0618E-13  3.4657E-13  6.6748E-06
 8.8266E+25  2.2005E-04  9.9978E-01  7.0198E+03  8.1828E-05  2.0554E-13  3.4658E-13  6.6472E-06
 8.8358E+25  2.2075E-04  9.9978E-01  7.0197E+03  8.1828E-05  2.0491E-13  3.4658E-13  6.6209E-06
 8.8451E+25  2.2151E-04  9.9978E-01  7.0197E+03  8.1828E-05  2.0429E-13  3.4658E-13  6.5948E-06
 8.8544E+25  2.2265E-04  9.9978E-01  7.0197E+03  8.1828E-05  2.0328E-13  3.4658E-13  6.5689E-06
 8.8636E+25  2.2343E-04  9.9978E-01  7.0196E+03  8.1828E-05  2.0245E-13  3.4658E-13  6.5433E-06
 8.8729E+25  2.2414E-04  9.9978E-01  7.0195E+03  8.1828E-05  2.0182E-13  3.4659E-13  6.5191E-06
 8.8821E+25  2.2482E-04  9.9978E-01  7.0195E+03  8.1828E-05  2.0121E-13  3.4659E-13  6.4950E-06
 8.8914E+25  2.2551E-04  9.9977E-01  7.0194E+03  8.1828E-05  2.0062E-13  3.4659E-13  6.4705E-06
 8.9006E+25  2.2624E-04  9.9977E-01  7.0194E+03  8.1828E-05  2.0001E-13  3.4659E-13  6.4460E-06
 8.9099E+25  2.2719E-04  9.9977E-01  7.0194E+03  8.1828E-05  1.9936E-13  3.4659E-13  6.4215E-06
 8.9192E+25  2.2826E-04  9.9977E-01  7.0193E+03  8.1828E-05  1.9819E-13  3.4660E-13  6.3970E-06
 8.9284E+25  2.2894E-04  9.9977E-01  7.0193E+03  8.1828E-05  1.9763E-13  3.4660E-13  6.3725E-06
 8.9377E+25  2.2965E-04  9.9977E-01  7.0192E+03  8.1828E-05  1.9703E-13  3.4660E-13  6.3480E-06
 8.9469E+25  2.3035E-04  9.9977E-01  7.0192E+03  8.1828E-05  1.9644E-13  3.4660E-13  6.3236E-06
 8.9562E+25  2.3103E-04  9.9977E-01  7.0191E+03  8.1828E-05  1.9588E-13  3.4660E-13  6.2992E-06
 8.9654E+25  2.3181E-04  9.9977E-01  7.0191E+03  8.1828E-05  1.9531E-13  3.4661E-13  6.2747E-06
 8.9747E+25  2.3298E-04  9.9977E-01  7.0190E+03  8.1828E-05  1.9441E-13  3.4661E-13  6.2500E-06
 8.9840E+25  2.3383E-04  9.9977E-01  7.0190E+03  8.1828E-05  1.9352E-13  3.4661E-13  6.2253E-06
 8.9932E+25  2.3450E-04  9.9977E-01  7.0189E+03  8.1828E-05  1.9298E-13  3.4661E-13  6.2007E-06
 9.0025E+25  2.3519E-04  9.9976E-01  7.0189E+03  8.1828E-05  1.9244E-13  3.4661E-13  6.1761E-06
 9.0117E+25  2.3591E-04  9.9976E-01  7.0188E+03  8.1828E-05  1.9187E-13  3.4662E-13  6.1514E-06
 9.0210E+25  2.3662E-04  9.9976E-01  7.0188E+03  8.1828E-05  1.9132E-13  3.4662E-13  6.1267E-06
 9.0302E+25  2.3749E-04  9.9976E-01  7.0187E+03  8.1828E-05  1.9081E-13  3.4662E-13  6.1021E-06
 9.0395E+25  2.3875E-04  9.9976E-01  7.0187E+03  8.1828E-05  1.8964E-13  3.4662E-13  6.0775E-06
 9.0487E+25  2.3944E-04  9.9976E-01  7.0186E+03  8.1828E-05  1.8903E-13  3.4662E-13  6.0536E-06
 9.0580E+25  2.4011E-04  9.9976E-01  7.0186E+03  8.1828E-05  1.8851E-13  3.4663E-13  6.0304E-06
 9.0673E+25  2.4079E-04  9.9976E-01  7.0185E+03  8.1828E-05  1.8801E-13  3.4663E-13  6.0072E-06
 9.0765E+25  2.4150E-04  9.9976E-01  7.0184E+03  8.1828E-05  1.8749E-13  3.4663E-13  5.9841E-06
 9.0858E+25  2.4226E-04  9.9976E-01  7.0184E+03  8.1828E-05  1.8696E-13  3.4663E-13  5.9622E-06
 9.0950E+25  2.4334E-04  9.9976E-01  7.0183E+03  8.1828E-05  1.8630E-13  3.4663E-13  5.9408E-06
 9.1043E+25  2.4441E-04  9.9976E-01  7.0183E+03  8.1828E-05  1.8523E-13  3.4664E-13  5.9192E-06
 9.1135E+25  2.4508E-04  9.9975E-01  7.0182E+03  8.1828E-05  1.8472E-13  3.4664E-13  5.8974E-06
 9.1228E+25  2.4575E-04  9.9975E-01  7.0182E+03  8.1828E-05  1.8424E-13  3.4664E-13  5.8756E-06
 9.1321E+25  2.4643E-04  9.9975E-01  7.0181E+03  8.1828E-05  1.8375E-13  3.4664E-13  5.8538E-06
 9.1413E+25  2.4713E-04  9.9975E-01  7.0181E+03  8.1828E-05  1.8328E-13  3.4664E-13  5.8320E-06
 9.1506E+25  2.4794E-04  9.9975E-01  7.0180E+03  8.1828E-05  1.8279E-13  3.4665E-13  5.8103E-06
 9.1598E+25  2.4922E-04  9.9975E-01  7.0180E+03  8.1828E-05  1.8190E-13  3.4665E-13  5.7885E-06
 9.1691E+25  2.5006E-04  9.9975E-01  7.0179E+03  8.1828E-05  1.8108E-13  3.4665E-13  5.7668E-06
 9.1783E+25  2.5074E-04  9.9975E-01  7.0179E+03  8.1828E-05  1.8060E-13  3.4665E-13  5.7450E-06
 9.1876E+25  2.5141E-04  9.9975E-01  7.0178E+03  8.1828E-05  1.8014E-13  3.4666E-13  5.7232E-06
 9.1969E+25  2.5210E-04  9.9975E-01  7.0178E+03  8.1828E-05  1.7968E-13  3.4666E-13  5.7012E-06
 9.2061E+25  2.5281E-04  9.9975E-01  7.0177E+03  8.1828E-05  1.7922E-13  3.4666E-13  5.6793E-06
 9.2154E+25  2.5368E-04  9.9975E-01  7.0177E+03  8.1828E-05  1.7877E-13  3.4666E-13  5.6574E-06
 9.2246E+25  2.5503E-04  9.9974E-01  7.0176E+03  8.1828E-05  1.7772E-13  3.4666E-13  5.6354E-06
 9.2339E+25  2.5574E-04  9.9974E-01  7.0176E+03  8.1828E-05  1.7709E-13  3.4667E-13  5.6134E-06
 9.2431E+25  2.5641E-04  9.9974E-01  7.0175E+03  8.1828E-05  1.7666E-13  3.4667E-13  5.5915E-06
 9.2524E+25  2.5709E-04  9.9974E-01  7.0175E+03  8.1828E-05  1.7620E-13  3.4667E-13  5.5696E-06
