 4.6285E+22  3.2799E-11  1.0000E+00  1.1630E+04  8.1828E-05  1.0464E-06  2.2832E-13  1.0000E+00
 1.3886E+23  2.2954E-10  1.0000E+00  1.1634E+04  8.1828E-05  1.4948E-07  2.2825E-13  1.0000E+00
 2.3143E+23  6.2255E-10  1.0000E+00  1.1647E+04  8.1828E-05  5.5072E-08  2.2805E-13  1.0000E+00
 3.2400E+23  1.2103E-09  1.0000E+00  1.1674E+04  8.1828E-05  2.8280E-08  2.2760E-13  1.0000E+00
 4.1657E+23  1.9893E-09  1.0000E+00  1.1722E+04  8.1828E-05  1.7154E-08  2.2680E-13  1.0000E+00
 5.0914E+23  2.9535E-09  1.0000E+00  1.1801E+04  8.1828E-05  1.1498E-08  2.2552E-13  1.0000E+00
 6.0171E+23  4.0906E-09  1.0000E+00  1.1923E+04  8.1828E-05  8.2404E-09  2.2356E-13  1.0000E+00
 6.9428E+23  5.3876E-09  1.0000E+00  1.2099E+04  8.1828E-05  6.1907E-09  2.2080E-13  1.0000E+00
 7.8685E+23  6.8099E-09  1.0000E+00  1.2357E+04  8.1828E-05  4.8235E-09  2.1688E-13  1.0000E+00
 8.7942E+23  8.3314E-09  1.0000E+00  1.2717E+04  8.1828E-05  3.8616E-09  2.1166E-13  1.0000E+00
 9.7199E+23  9.9304E-09  1.0000E+00  1.3151E+04  8.1828E-05  3.1616E-09  2.0567E-13  1.0000E+00
 1.0646E+24  1.1630E-08  1.0000E+00  1.3589E+04  8.1828E-05  2.6359E-09  1.9999E-13  1.0000E+00
 1.1571E+24  1.3508E-08  1.0000E+00  1.3907E+04  8.1828E-05  2.2314E-09  1.9606E-13  1.0000E+00
 1.2497E+24  1.5619E-08  1.0000E+00  1.4079E+04  8.1828E-05  1.9127E-09  1.9401E-13  1.0000E+00
 1.3423E+24  1.7922E-08  1.0000E+00  1.4173E+04  8.1828E-05  1.6587E-09  1.9289E-13  1.0000E+00
 1.4348E+24  2.0382E-08  1.0000E+00  1.4274E+04  8.1828E-05  1.4510E-09  1.9173E-13  9.9999E-01
 1.5274E+24  2.2964E-08  1.0000E+00  1.4374E+04  8.1828E-05  1.2813E-09  1.9057E-13  9.9999E-01
 1.6200E+24  2.5717E-08  1.0000E+00  1.4467E+04  8.1828E-05  1.1387E-09  1.8951E-13  9.9999E-01
 1.7126E+24  2.8611E-08  1.0000E+00  1.4558E+04  8.1828E-05  1.0189E-09  1.8849E-13  9.9999E-01
 1.8051E+24  3.1645E-08  1.0000E+00  1.4641E+04  8.1828E-05  9.1737E-10  1.8758E-13  9.9999E-01
 1.8977E+24  3.4836E-08  1.0000E+00  1.4720E+04  8.1828E-05  8.3005E-10  1.8670E-13  9.9999E-01
 1.9903E+24  3.8180E-08  1.0000E+00  1.4797E+04  8.1828E-05  7.5446E-10  1.8587E-13  9.9999E-01
 2.0828E+24  4.1666E-08  1.0000E+00  1.4871E+04  8.1828E-05  6.8880E-10  1.8506E-13  9.9999E-01
 2.1754E+24  4.5256E-08  1.0000E+00  1.4944E+04  8.1828E-05  6.3189E-10  1.8429E-13  9.9999E-01
 2.2680E+24  4.9041E-08  1.0000E+00  1.5014E+04  8.1828E-05  5.8111E-10  1.8354E-13  9.9999E-01
 2.3605E+24  5.2956E-08  1.0000E+00  1.5083E+04  8.1828E-05  5.3636E-10  1.8282E-13  9.9999E-01
 2.4531E+24  5.7000E-08  1.0000E+00  1.5146E+04  8.1828E-05  4.9677E-10  1.8216E-13  9.9999E-01
 2.5457E+24  6.1179E-08  1.0000E+00  1.5211E+04  8.1828E-05  4.6138E-10  1.8148E-13  9.9998E-01
 2.6383E+24  6.5530E-08  1.0000E+00  1.5274E+04  8.1828E-05  4.2943E-10  1.8083E-13  9.9998E-01
 2.7308E+24  7.0021E-08  1.0000E+00  1.5333E+04  8.1828E-05  4.0075E-10  1.8023E-13  9.9998E-01
 2.8234E+24  7.4583E-08  1.0000E+00  1.5394E+04  8.1828E-05  3.7515E-10  1.7961E-13  9.9998E-01
 2.9160E+24  7.9360E-08  1.0000E+00  1.5450E+04  8.1828E-05  3.5163E-10  1.7905E-13  9.9998E-01
 3.0085E+24  8.4307E-08  1.0000E+00  1.5506E+04  8.1828E-05  3.3012E-10  1.7849E-13  9.9998E-01
 3.1011E+24  8.9309E-08  1.0000E+00  1.5562E+04  8.1828E-05  3.1080E-10  1.7793E-13  9.9998E-01
 3.1937E+24  9.4442E-08  1.0000E+00  1.5615E+04  8.1828E-05  2.9317E-10  1.7741E-13  9.9998E-01
 3.2862E+24  9.9781E-08  1.0000E+00  1.5667E+04  8.1828E-05  2.7681E-10  1.7690E-13  9.9997E-01
 3.3788E+24  1.0522E-07  1.0000E+00  1.5717E+04  8.1828E-05  2.6187E-10  1.7640E-13  9.9997E-01
 3.4714E+24  1.1073E-07  1.0000E+00  1.5767E+04  8.1828E-05  2.4827E-10  1.7592E-13  9.9997E-01
 3.5640E+24  1.1648E-07  1.0000E+00  1.5816E+04  8.1828E-05  2.3548E-10  1.7545E-13  9.9996E-01
 3.6565E+24  1.2245E-07  1.0000E+00  1.5862E+04  8.1828E-05  2.2351E-10  1.7500E-13  9.9994E-01
 3.7491E+24  1.2834E-07  1.0000E+00  1.5909E+04  8.1828E-05  2.1278E-10  1.7455E-13  9.9990E-01
 3.8417E+24  1.3448E-07  1.0000E+00  1.5955E+04  8.1828E-05  2.0265E-10  1.7412E-13  9.9979E-01
 3.9342E+24  1.4081E-07  1.0000E+00  1.5997E+04  8.1828E-05  1.9315E-10  1.7373E-13  9.9952E-01
 4.0268E+24  1.4720E-07  1.0000E+00  1.6039E+04  8.1828E-05  1.8441E-10  1.7334E-13  9.9893E-01
 4.1194E+24  1.5370E-07  1.0000E+00  1.6075E+04  8.1828E-05  1.7631E-10  1.7302E-13  9.9765E-01
 4.2120E+24  1.6067E-07  1.0000E+00  1.6104E+04  8.1828E-05  1.6842E-10  1.7278E-13  9.9502E-01
 4.3045E+24  1.6740E-07  1.0000E+00  1.6121E+04  8.1828E-05  1.6144E-10  1.7260E-13  9.8983E-01
 4.3971E+24  1.7450E-07  1.0000E+00  1.6119E+04  8.1828E-05  1.5477E-10  1.7265E-13  9.7999E-01
 4.4897E+24  1.8211E-07  1.0000E+00  1.6082E+04  8.1828E-05  1.4837E-10  1.7306E-13  9.6219E-01
 4.5822E+24  1.9020E-07  1.0000E+00  1.5988E+04  8.1828E-05  1.4238E-10  1.7408E-13  9.3168E-01
 4.6748E+24  1.9897E-07  1.0000E+00  1.5806E+04  8.1828E-05  1.3678E-10  1.7598E-13  8.8276E-01
 4.7674E+24  2.0884E-07  1.0000E+00  1.5507E+04  8.1828E-05  1.3148E-10  1.7915E-13  8.1090E-01
 4.8599E+24  2.2011E-07  1.0000E+00  1.5069E+04  8.1828E-05  1.2654E-10  1.8390E-13  7.1632E-01
 4.9525E+24  2.3311E-07  1.0000E+00  1.4500E+04  8.1828E-05  1.2191E-10  1.9036E-13  6.0677E-01
 5.0451E+24  2.4823E-07  1.0000E+00  1.3840E+04  8.1828E-05  1.1746E-10  1.9832E-13  4.9566E-01
 5.1377E+24  2.6516E-07  1.0000E+00  1.3148E+04  8.1828E-05  1.1324E-10  2.0729E-13  3.9562E-01
 5.2302E+24  2.8353E-07  1.0000E+00  1.2480E+04  8.1828E-05  1.0924E-10  2.1670E-13  3.1331E-01
 5.3228E+24  3.0293E-07  1.0000E+00  1.1868E+04  8.1828E-05  1.0544E-10  2.2605E-13  2.4930E-01
 5.4154E+24  3.2296E-07  1.0000E+00  1.1327E+04  8.1828E-05  1.0183E-10  2.3501E-13  2.0080E-01
 5.5079E+24  3.4334E-07  1.0000E+00  1.0856E+04  8.1828E-05  9.8405E-11  2.4340E-13  1.6418E-01
 5.6005E+24  3.6354E-07  1.0000E+00  1.0451E+04  8.1828E-05  9.5245E-11  2.5116E-13  1.3629E-01
 5.6931E+24  3.8383E-07  1.0000E+00  1.0101E+04  8.1828E-05  9.2225E-11  2.5827E-13  1.1473E-01
 5.7856E+24  4.0447E-07  1.0000E+00  9.7984E+03  8.1828E-05  8.9276E-11  2.6477E-13  9.7785E-02
 5.8782E+24  4.2509E-07  1.0000E+00  9.5367E+03  8.1828E-05  8.6470E-11  2.7069E-13  8.4252E-02
 5.9708E+24  4.4571E-07  1.0000E+00  9.3081E+03  8.1828E-05  8.3801E-11  2.7609E-13  7.3264E-02
 6.0634E+24  4.6633E-07  1.0000E+00  9.1078E+03  8.1828E-05  8.1258E-11  2.8101E-13  6.4227E-02
 6.1559E+24  4.8693E-07  1.0000E+00  8.9317E+03  8.1828E-05  7.8835E-11  2.8550E-13  5.6710E-02
 6.2485E+24  5.0757E-07  1.0000E+00  8.7758E+03  8.1828E-05  7.6520E-11  2.8960E-13  5.0389E-02
 6.3411E+24  5.2825E-07  1.0000E+00  8.6372E+03  8.1828E-05  7.4309E-11  2.9336E-13  4.5021E-02
 6.4336E+24  5.4900E-07  1.0000E+00  8.5136E+03  8.1828E-05  7.2192E-11  2.9680E-13  4.0426E-02
 6.5262E+24  5.6990E-07  1.0000E+00  8.4028E+03  8.1828E-05  7.0156E-11  2.9995E-13  3.6464E-02
 6.6188E+24  5.9094E-07  1.0000E+00  8.3031E+03  8.1828E-05  6.8201E-11  3.0286E-13  3.3022E-02
 6.7113E+24  6.1222E-07  1.0000E+00  8.2132E+03  8.1828E-05  6.6313E-11  3.0553E-13  3.0018E-02
 6.8039E+24  6.3377E-07  1.0000E+00  8.1317E+03  8.1828E-05  6.4488E-11  3.0800E-13  2.7377E-02
 6.8965E+24  6.5426E-07  1.0000E+00  8.0578E+03  8.1828E-05  6.2855E-11  3.1027E-13  2.5048E-02
 6.9891E+24  6.7544E-07  1.0000E+00  7.9905E+03  8.1828E-05  6.1226E-11  3.1237E-13  2.2984E-02
 7.0816E+24  6.9766E-07  1.0000E+00  7.9290E+03  8.1828E-05  5.9585E-11  3.1432E-13  2.1145E-02
 7.1742E+24  7.2039E-07  1.0000E+00  7.8726E+03  8.1828E-05  5.7982E-11  3.1613E-13  1.9500E-02
 7.2668E+24  7.4055E-07  1.0000E+00  7.8210E+03  8.1828E-05  5.6657E-11  3.1781E-13  1.8027E-02
 7.3593E+24  7.6325E-07  1.0000E+00  7.7735E+03  8.1828E-05  5.5195E-11  3.1937E-13  1.6700E-02
 7.4519E+24  7.8721E-07  1.0000E+00  7.7297E+03  8.1828E-05  5.3719E-11  3.2082E-13  1.5501E-02
 7.5445E+24  8.0676E-07  1.0000E+00  7.6893E+03  8.1828E-05  5.2606E-11  3.2218E-13  1.4417E-02
 7.6371E+24  8.3163E-07  1.0000E+00  7.6520E+03  8.1828E-05  5.1198E-11  3.2344E-13  1.3433E-02
 7.7296E+24  8.5329E-07  1.0000E+00  7.6173E+03  8.1828E-05  5.0054E-11  3.2462E-13  1.2535E-02
 7.8222E+24  8.7702E-07  1.0000E+00  7.5852E+03  8.1828E-05  4.8835E-11  3.2572E-13  1.1719E-02
 7.9148E+24  8.9990E-07  1.0000E+00  7.5553E+03  8.1828E-05  4.7725E-11  3.2676E-13  1.0970E-02
 8.0073E+24  9.2384E-07  1.0000E+00  7.5275E+03  8.1828E-05  4.6600E-11  3.2772E-13  1.0285E-02
 8.0999E+24  9.4664E-07  1.0000E+00  7.5016E+03  8.1828E-05  4.5588E-11  3.2863E-13  9.6558E-03
 8.1925E+24  9.7235E-07  1.0000E+00  7.4774E+03  8.1828E-05  4.4475E-11  3.2949E-13  9.0756E-03
 8.2850E+24  9.9360E-07  1.0000E+00  7.4548E+03  8.1828E-05  4.3618E-11  3.3029E-13  8.5431E-03
 8.3776E+24  1.0208E-06  1.0000E+00  7.4336E+03  8.1828E-05  4.2535E-11  3.3104E-13  8.0491E-03
 8.4702E+24  1.0431E-06  1.0000E+00  7.4138E+03  8.1828E-05  4.1698E-11  3.3175E-13  7.5945E-03
 8.5628E+24  1.0682E-06  1.0000E+00  7.3951E+03  8.1828E-05  4.0793E-11  3.3242E-13  7.1712E-03
 8.6553E+24  1.0955E-06  1.0000E+00  7.3777E+03  8.1828E-05  3.9837E-11  3.3305E-13  6.7806E-03
 8.7479E+24  1.1175E-06  1.0000E+00  7.3612E+03  8.1828E-05  3.9111E-11  3.3365E-13  6.4162E-03
 8.8405E+24  1.1435E-06  1.0000E+00  7.3457E+03  8.1828E-05  3.8278E-11  3.3421E-13  6.0781E-03
 8.9330E+24  1.1711E-06  1.0000E+00  7.3311E+03  8.1828E-05  3.7428E-11  3.3475E-13  5.7622E-03
 9.0256E+24  1.1966E-06  1.0000E+00  7.3174E+03  8.1828E-05  3.6672E-11  3.3525E-13  5.4686E-03
 9.1182E+24  1.2201E-06  1.0000E+00  7.3044E+03  8.1828E-05  3.6015E-11  3.3573E-13  5.1935E-03
 9.2107E+24  1.2478E-06  1.0000E+00  7.2921E+03  8.1828E-05  3.5254E-11  3.3618E-13  4.9375E-03
 9.3033E+24  1.2757E-06  1.0000E+00  7.2805E+03  8.1828E-05  3.4520E-11  3.3661E-13  4.6964E-03
 9.3959E+24  1.3035E-06  1.0000E+00  7.2696E+03  8.1828E-05  3.3816E-11  3.3701E-13  4.4719E-03
 9.4885E+24  1.3272E-06  1.0000E+00  7.2591E+03  8.1828E-05  3.3245E-11  3.3740E-13  4.2600E-03
 9.5810E+24  1.3545E-06  1.0000E+00  7.2493E+03  8.1828E-05  3.2606E-11  3.3777E-13  4.0619E-03
 9.6736E+24  1.3829E-06  1.0000E+00  7.2400E+03  8.1828E-05  3.1966E-11  3.3812E-13  3.8759E-03
 9.7662E+24  1.4113E-06  1.0000E+00  7.2311E+03  8.1828E-05  3.1349E-11  3.3845E-13  3.6998E-03
 9.8587E+24  1.4399E-06  1.0000E+00  7.2227E+03  8.1828E-05  3.0750E-11  3.3876E-13  3.5355E-03
 9.9513E+24  1.4685E-06  1.0000E+00  7.2146E+03  8.1828E-05  3.0173E-11  3.3907E-13  3.3791E-03
 1.0044E+25  1.4971E-06  1.0000E+00  7.2071E+03  8.1828E-05  2.9614E-11  3.3935E-13  3.2330E-03
 1.0136E+25  1.5241E-06  1.0000E+00  7.1998E+03  8.1828E-05  2.9111E-11  3.3963E-13  3.0941E-03
 1.0229E+25  1.5523E-06  1.0000E+00  7.1929E+03  8.1828E-05  2.8603E-11  3.3989E-13  2.9630E-03
 1.0322E+25  1.5818E-06  1.0000E+00  7.1863E+03  8.1828E-05  2.8087E-11  3.4014E-13  2.8398E-03
 1.0414E+25  1.6115E-06  1.0000E+00  7.1800E+03  8.1828E-05  2.7586E-11  3.4038E-13  2.7221E-03
 1.0507E+25  1.6414E-06  1.0000E+00  7.1741E+03  8.1828E-05  2.7099E-11  3.4060E-13  2.6116E-03
 1.0599E+25  1.6714E-06  1.0000E+00  7.1683E+03  8.1828E-05  2.6626E-11  3.4082E-13  2.5066E-03
 1.0692E+25  1.7017E-06  1.0000E+00  7.1628E+03  8.1828E-05  2.6166E-11  3.4103E-13  2.4065E-03
 1.0784E+25  1.7322E-06  1.0000E+00  7.1577E+03  8.1828E-05  2.5718E-11  3.4123E-13  2.3124E-03
 1.0877E+25  1.7629E-06  1.0000E+00  7.1526E+03  8.1828E-05  2.5282E-11  3.4142E-13  2.2224E-03
 1.0970E+25  1.7939E-06  1.0000E+00  7.1479E+03  8.1828E-05  2.4857E-11  3.4160E-13  2.1372E-03
 1.1062E+25  1.8251E-06  1.0000E+00  7.1433E+03  8.1828E-05  2.4442E-11  3.4178E-13  2.0562E-03
 1.1155E+25  1.8566E-06  1.0000E+00  7.1389E+03  8.1828E-05  2.4037E-11  3.4194E-13  1.9789E-03
 1.1247E+25  1.8885E-06  1.0000E+00  7.1347E+03  8.1828E-05  2.3641E-11  3.4210E-13  1.9055E-03
 1.1340E+25  1.9206E-06  1.0000E+00  7.1307E+03  8.1828E-05  2.3254E-11  3.4226E-13  1.8358E-03
 1.1432E+25  1.9530E-06  1.0000E+00  7.1269E+03  8.1828E-05  2.2876E-11  3.4241E-13  1.7689E-03
 1.1525E+25  1.9859E-06  1.0000E+00  7.1232E+03  8.1828E-05  2.2506E-11  3.4255E-13  1.7055E-03
 1.1618E+25  2.0191E-06  1.0000E+00  7.1196E+03  8.1828E-05  2.2143E-11  3.4269E-13  1.6451E-03
 1.1710E+25  2.0502E-06  1.0000E+00  7.1162E+03  8.1828E-05  2.1821E-11  3.4282E-13  1.5869E-03
 1.1803E+25  2.0813E-06  1.0000E+00  7.1130E+03  8.1828E-05  2.1496E-11  3.4294E-13  1.5320E-03
 1.1895E+25  2.1148E-06  1.0000E+00  7.1098E+03  8.1828E-05  2.1160E-11  3.4306E-13  1.4790E-03
 1.1988E+25  2.1489E-06  1.0000E+00  7.1068E+03  8.1828E-05  2.0831E-11  3.4318E-13  1.4287E-03
 1.2080E+25  2.1835E-06  1.0000E+00  7.1039E+03  8.1828E-05  2.0507E-11  3.4329E-13  1.3805E-03
 1.2173E+25  2.2185E-06  1.0000E+00  7.1011E+03  8.1828E-05  2.0188E-11  3.4340E-13  1.3345E-03
 1.2266E+25  2.2541E-06  1.0000E+00  7.0984E+03  8.1828E-05  1.9874E-11  3.4351E-13  1.2900E-03
 1.2358E+25  2.2902E-06  1.0000E+00  7.0958E+03  8.1828E-05  1.9566E-11  3.4361E-13  1.2480E-03
 1.2451E+25  2.3266E-06  1.0000E+00  7.0933E+03  8.1828E-05  1.9265E-11  3.4370E-13  1.2075E-03
 1.2543E+25  2.3540E-06  1.0000E+00  7.0909E+03  8.1828E-05  1.9052E-11  3.4380E-13  1.1685E-03
 1.2636E+25  2.3899E-06  1.0000E+00  7.0886E+03  8.1828E-05  1.8763E-11  3.4389E-13  1.1314E-03
 1.2728E+25  2.4273E-06  1.0000E+00  7.0863E+03  8.1828E-05  1.8477E-11  3.4397E-13  1.0957E-03
 1.2821E+25  2.4654E-06  1.0000E+00  7.0842E+03  8.1828E-05  1.8196E-11  3.4406E-13  1.0614E-03
 1.2914E+25  2.5041E-06  1.0000E+00  7.0821E+03  8.1828E-05  1.7917E-11  3.4414E-13  1.0283E-03
 1.3006E+25  2.5423E-06  1.0000E+00  7.0801E+03  8.1828E-05  1.7655E-11  3.4422E-13  9.9707E-04
 1.3099E+25  2.5686E-06  1.0000E+00  7.0781E+03  8.1828E-05  1.7479E-11  3.4429E-13  9.6655E-04
 1.3191E+25  2.6077E-06  1.0000E+00  7.0763E+03  8.1828E-05  1.7215E-11  3.4437E-13  9.3734E-04
 1.3284E+25  2.6482E-06  1.0000E+00  7.0745E+03  8.1828E-05  1.6954E-11  3.4444E-13  9.0940E-04
 1.3376E+25  2.6896E-06  1.0000E+00  7.0727E+03  8.1828E-05  1.6697E-11  3.4450E-13  8.8248E-04
 1.3469E+25  2.7282E-06  1.0000E+00  7.0710E+03  8.1828E-05  1.6470E-11  3.4457E-13  8.5654E-04
 1.3562E+25  2.7546E-06  1.0000E+00  7.0694E+03  8.1828E-05  1.6309E-11  3.4463E-13  8.3135E-04
 1.3654E+25  2.7970E-06  1.0000E+00  7.0678E+03  8.1828E-05  1.6063E-11  3.4469E-13  8.0761E-04
 1.3747E+25  2.8405E-06  1.0000E+00  7.0663E+03  8.1828E-05  1.5819E-11  3.4475E-13  7.8440E-04
 1.3839E+25  2.8850E-06  1.0000E+00  7.0648E+03  8.1828E-05  1.5577E-11  3.4481E-13  7.6194E-04
 1.3932E+25  2.9090E-06  1.0000E+00  7.0634E+03  8.1828E-05  1.5459E-11  3.4487E-13  7.4059E-04
 1.4024E+25  2.9511E-06  1.0000E+00  7.0620E+03  8.1828E-05  1.5232E-11  3.4492E-13  7.1990E-04
 1.4117E+25  2.9972E-06  1.0000E+00  7.0607E+03  8.1828E-05  1.5000E-11  3.4497E-13  6.9993E-04
 1.4210E+25  3.0438E-06  1.0000E+00  7.0594E+03  8.1828E-05  1.4773E-11  3.4503E-13  6.8059E-04
 1.4302E+25  3.0652E-06  1.0000E+00  7.0581E+03  8.1828E-05  1.4678E-11  3.4507E-13  6.6200E-04
 1.4395E+25  3.1116E-06  1.0000E+00  7.0569E+03  8.1828E-05  1.4453E-11  3.4512E-13  6.4425E-04
 1.4487E+25  3.1606E-06  1.0000E+00  7.0557E+03  8.1828E-05  1.4231E-11  3.4517E-13  6.2685E-04
 1.4580E+25  3.1997E-06  1.0000E+00  7.0545E+03  8.1828E-05  1.4067E-11  3.4521E-13  6.0989E-04
 1.4672E+25  3.2285E-06  1.0000E+00  7.0535E+03  8.1828E-05  1.3935E-11  3.4526E-13  5.9404E-04
 1.4765E+25  3.2796E-06  1.0000E+00  7.0524E+03  8.1828E-05  1.3719E-11  3.4530E-13  5.7842E-04
 1.4858E+25  3.3318E-06  1.0000E+00  7.0513E+03  8.1828E-05  1.3505E-11  3.4534E-13  5.6325E-04
 1.4950E+25  3.3507E-06  1.0000E+00  7.0503E+03  8.1828E-05  1.3438E-11  3.4538E-13  5.4869E-04
 1.5043E+25  3.4014E-06  1.0000E+00  7.0493E+03  8.1828E-05  1.3231E-11  3.4542E-13  5.3458E-04
 1.5135E+25  3.4561E-06  1.0000E+00  7.0484E+03  8.1828E-05  1.3023E-11  3.4546E-13  5.2097E-04
 1.5228E+25  3.4833E-06  1.0000E+00  7.0474E+03  8.1828E-05  1.2930E-11  3.4549E-13  5.0789E-04
 1.5320E+25  3.5266E-06  1.0000E+00  7.0465E+03  8.1828E-05  1.2764E-11  3.4553E-13  4.9494E-04
 1.5413E+25  3.5839E-06  1.0000E+00  7.0457E+03  8.1828E-05  1.2562E-11  3.4556E-13  4.8264E-04
 1.5506E+25  3.6150E-06  1.0000E+00  7.0448E+03  8.1828E-05  1.2462E-11  3.4560E-13  4.7082E-04
 1.5598E+25  3.6556E-06  1.0000E+00  7.0440E+03  8.1828E-05  1.2317E-11  3.4563E-13  4.5917E-04
 1.5691E+25  3.7157E-06  1.0000E+00  7.0432E+03  8.1828E-05  1.2119E-11  3.4566E-13  4.4787E-04
 1.5783E+25  3.7455E-06  1.0000E+00  7.0424E+03  8.1828E-05  1.2031E-11  3.4569E-13  4.3708E-04
 1.5876E+25  3.7887E-06  1.0000E+00  7.0416E+03  8.1828E-05  1.1887E-11  3.4572E-13  4.2658E-04
 1.5968E+25  3.8518E-06  1.0000E+00  7.0409E+03  8.1828E-05  1.1693E-11  3.4575E-13  4.1634E-04
 1.6061E+25  3.8746E-06  1.0000E+00  7.0402E+03  8.1828E-05  1.1633E-11  3.4578E-13  4.0647E-04
 1.6154E+25  3.9264E-06  1.0000E+00  7.0395E+03  8.1828E-05  1.1472E-11  3.4581E-13  3.9685E-04
 1.6246E+25  3.9918E-06  1.0000E+00  7.0388E+03  8.1828E-05  1.1287E-11  3.4583E-13  3.8751E-04
 1.6339E+25  4.0030E-06  1.0000E+00  7.0381E+03  8.1828E-05  1.1260E-11  3.4586E-13  3.7859E-04
 1.6431E+25  4.0692E-06  1.0000E+00  7.0375E+03  8.1828E-05  1.1072E-11  3.4588E-13  3.6984E-04
 1.6524E+25  4.1210E-06  1.0000E+00  7.0368E+03  8.1828E-05  1.0941E-11  3.4591E-13  3.6123E-04
 1.6616E+25  4.1458E-06  1.0000E+00  7.0362E+03  8.1828E-05  1.0868E-11  3.4593E-13  3.5297E-04
 1.6709E+25  4.2176E-06  1.0000E+00  7.0357E+03  8.1828E-05  1.0684E-11  3.4596E-13  3.4511E-04
 1.6802E+25  4.2461E-06  1.0000E+00  7.0351E+03  8.1828E-05  1.0620E-11  3.4598E-13  3.3730E-04
 1.6894E+25  4.2965E-06  1.0000E+00  7.0345E+03  8.1828E-05  1.0489E-11  3.4600E-13  3.2965E-04
 1.6987E+25  4.3652E-06  1.0000E+00  7.0339E+03  8.1828E-05  1.0331E-11  3.4602E-13  3.2235E-04
 1.7079E+25  4.3762E-06  1.0000E+00  7.0334E+03  8.1828E-05  1.0300E-11  3.4604E-13  3.1529E-04
 1.7172E+25  4.4536E-06  1.0000E+00  7.0329E+03  8.1828E-05  1.0120E-11  3.4606E-13  3.0831E-04
 1.7264E+25  4.4878E-06  1.0000E+00  7.0324E+03  8.1828E-05  1.0051E-11  3.4608E-13  3.0159E-04
 1.7357E+25  4.5357E-06  1.0000E+00  7.0319E+03  8.1828E-05  9.9378E-12  3.4610E-13  2.9509E-04
 1.7450E+25  4.6070E-06  1.0000E+00  7.0314E+03  8.1828E-05  9.7914E-12  3.4612E-13  2.8866E-04
 1.7542E+25  4.6185E-06  1.0000E+00  7.0309E+03  8.1828E-05  9.7608E-12  3.4614E-13  2.8245E-04
 1.7635E+25  4.7029E-06  1.0000E+00  7.0305E+03  8.1828E-05  9.5858E-12  3.4616E-13  2.7652E-04
 1.7727E+25  4.7261E-06  1.0000E+00  7.0300E+03  8.1828E-05  9.5464E-12  3.4618E-13  2.7069E-04
 1.7820E+25  4.7888E-06  1.0000E+00  7.0296E+03  8.1828E-05  9.4145E-12  3.4620E-13  2.6490E-04
 1.7912E+25  4.8450E-06  1.0000E+00  7.0291E+03  8.1828E-05  9.3128E-12  3.4621E-13  2.5932E-04
 1.8005E+25  4.8755E-06  1.0000E+00  7.0287E+03  8.1828E-05  9.2478E-12  3.4623E-13  2.5402E-04
 1.8097E+25  4.9632E-06  1.0000E+00  7.0283E+03  8.1828E-05  9.0898E-12  3.4625E-13  2.4880E-04
 1.8190E+25  4.9644E-06  1.0000E+00  7.0279E+03  8.1828E-05  9.0848E-12  3.4626E-13  2.4363E-04
 1.8283E+25  5.0580E-06  9.9999E-01  7.0275E+03  8.1828E-05  8.9151E-12  3.4628E-13  2.3859E-04
 1.8375E+25  5.0781E-06  9.9999E-01  7.0271E+03  8.1828E-05  8.8870E-12  3.4629E-13  2.3381E-04
 1.8468E+25  5.1497E-06  9.9999E-01  7.0268E+03  8.1828E-05  8.7568E-12  3.4631E-13  2.2913E-04
 1.8560E+25  5.1964E-06  9.9999E-01  7.0264E+03  8.1828E-05  8.6854E-12  3.4632E-13  2.2447E-04
 1.8653E+25  5.2426E-06  9.9999E-01  7.0260E+03  8.1828E-05  8.6021E-12  3.4633E-13  2.1999E-04
 1.8745E+25  5.3148E-06  9.9999E-01  7.0257E+03  8.1828E-05  8.4925E-12  3.4635E-13  2.1565E-04
 1.8838E+25  5.3370E-06  9.9999E-01  7.0254E+03  8.1828E-05  8.4505E-12  3.4636E-13  2.1137E-04
 1.8931E+25  5.4328E-06  9.9999E-01  7.0250E+03  8.1828E-05  8.3079E-12  3.4637E-13  2.0721E-04
 1.9023E+25  5.4333E-06  9.9999E-01  7.0247E+03  8.1828E-05  8.3019E-12  3.4639E-13  2.0316E-04
 1.9116E+25  5.5424E-06  9.9999E-01  7.0244E+03  8.1828E-05  8.1381E-12  3.4640E-13  1.9928E-04
 1.9208E+25  5.5396E-06  9.9999E-01  7.0241E+03  8.1828E-05  8.1490E-12  3.4641E-13  1.9540E-04
 1.9301E+25  5.6432E-06  9.9999E-01  7.0238E+03  8.1828E-05  7.9931E-12  3.4642E-13  1.9159E-04
 1.9393E+25  5.6564E-06  9.9999E-01  7.0235E+03  8.1828E-05  7.9812E-12  3.4644E-13  1.8792E-04
 1.9486E+25  5.7458E-06  9.9999E-01  7.0232E+03  8.1828E-05  7.8507E-12  3.4645E-13  1.8441E-04
 1.9579E+25  5.7731E-06  9.9999E-01  7.0229E+03  8.1828E-05  7.8203E-12  3.4646E-13  1.8097E-04
 1.9671E+25  5.8503E-06  9.9999E-01  7.0226E+03  8.1828E-05  7.7108E-12  3.4647E-13  1.7752E-04
 1.9764E+25  5.8896E-06  9.9999E-01  7.0223E+03  8.1828E-05  7.6660E-12  3.4648E-13  1.7414E-04
 1.9856E+25  5.9569E-06  9.9999E-01  7.0221E+03  8.1828E-05  7.5732E-12  3.4649E-13  1.7092E-04
 1.9949E+25  6.0059E-06  9.9999E-01  7.0218E+03  8.1828E-05  7.5180E-12  3.4650E-13  1.6782E-04
 2.0041E+25  6.0656E-06  9.9999E-01  7.0216E+03  8.1828E-05  7.4378E-12  3.4651E-13  1.6473E-04
 2.0134E+25  6.1219E-06  9.9999E-01  7.0213E+03  8.1828E-05  7.3759E-12  3.4652E-13  1.6166E-04
 2.0227E+25  6.1766E-06  9.9999E-01  7.0211E+03  8.1828E-05  7.3044E-12  3.4653E-13  1.5872E-04
 2.0319E+25  6.2375E-06  9.9999E-01  7.0208E+03  8.1828E-05  7.2395E-12  3.4654E-13  1.5587E-04
 2.0412E+25  6.2901E-06  9.9999E-01  7.0206E+03  8.1828E-05  7.1729E-12  3.4655E-13  1.5307E-04
 2.0504E+25  6.3527E-06  9.9999E-01  7.0204E+03  8.1828E-05  7.1085E-12  3.4656E-13  1.5030E-04
 2.0597E+25  6.4062E-06  9.9999E-01  7.0201E+03  8.1828E-05  7.0432E-12  3.4657E-13  1.4760E-04
 2.0689E+25  6.4675E-06  9.9999E-01  7.0199E+03  8.1828E-05  6.9826E-12  3.4658E-13  1.4500E-04
 2.0782E+25  6.5249E-06  9.9999E-01  7.0197E+03  8.1828E-05  6.9152E-12  3.4658E-13  1.4246E-04
 2.0875E+25  6.5818E-06  9.9999E-01  7.0195E+03  8.1828E-05  6.8617E-12  3.4659E-13  1.3994E-04
 2.0967E+25  6.6466E-06  9.9999E-01  7.0193E+03  8.1828E-05  6.7889E-12  3.4660E-13  1.3746E-04
 2.1060E+25  6.6955E-06  9.9999E-01  7.0191E+03  8.1828E-05  6.7454E-12  3.4661E-13  1.3507E-04
 2.1152E+25  6.7712E-06  9.9999E-01  7.0189E+03  8.1828E-05  6.6641E-12  3.4662E-13  1.3277E-04
 2.1245E+25  6.8087E-06  9.9999E-01  7.0187E+03  8.1828E-05  6.6336E-12  3.4662E-13  1.3050E-04
 2.1337E+25  6.8990E-06  9.9999E-01  7.0185E+03  8.1828E-05  6.5409E-12  3.4663E-13  1.2823E-04
 2.1430E+25  6.9212E-06  9.9999E-01  7.0183E+03  8.1828E-05  6.5259E-12  3.4664E-13  1.2601E-04
 2.1523E+25  7.0300E-06  9.9999E-01  7.0181E+03  8.1828E-05  6.4192E-12  3.4665E-13  1.2385E-04
 2.1615E+25  7.0332E-06  9.9999E-01  7.0180E+03  8.1828E-05  6.4222E-12  3.4665E-13  1.2182E-04
 2.1708E+25  7.1645E-06  9.9999E-01  7.0178E+03  8.1828E-05  6.2989E-12  3.4666E-13  1.1979E-04
 2.1800E+25  7.1445E-06  9.9999E-01  7.0176E+03  8.1828E-05  6.3223E-12  3.4667E-13  1.1776E-04
 2.1893E+25  7.2906E-06  9.9999E-01  7.0174E+03  8.1828E-05  6.1951E-12  3.4667E-13  1.1575E-04
 2.1985E+25  7.2669E-06  9.9999E-01  7.0173E+03  8.1828E-05  6.2110E-12  3.4668E-13  1.1384E-04
 2.2078E+25  7.4027E-06  9.9999E-01  7.0171E+03  8.1828E-05  6.1021E-12  3.4669E-13  1.1198E-04
 2.2171E+25  7.4064E-06  9.9999E-01  7.0170E+03  8.1828E-05  6.0936E-12  3.4669E-13  1.1017E-04
 2.2263E+25  7.5133E-06  9.9999E-01  7.0168E+03  8.1828E-05  6.0125E-12  3.4670E-13  1.0835E-04
 2.2356E+25  7.5506E-06  9.9999E-01  7.0166E+03  8.1828E-05  5.9773E-12  3.4671E-13  1.0655E-04
 2.2448E+25  7.6230E-06  9.9999E-01  7.0165E+03  8.1828E-05  5.9262E-12  3.4671E-13  1.0482E-04
 2.2541E+25  7.6990E-06  9.9999E-01  7.0163E+03  8.1828E-05  5.8622E-12  3.4672E-13  1.0317E-04
 2.2633E+25  7.7317E-06  9.9999E-01  7.0162E+03  8.1828E-05  5.8430E-12  3.4672E-13  1.0150E-04
 2.2726E+25  7.8518E-06  9.9999E-01  7.0161E+03  8.1828E-05  5.7482E-12  3.4673E-13  9.9884E-05
 2.2819E+25  7.8398E-06  9.9999E-01  7.0159E+03  8.1828E-05  5.7625E-12  3.4673E-13  9.8268E-05
 2.2911E+25  7.9929E-06  9.9999E-01  7.0158E+03  8.1828E-05  5.6518E-12  3.4674E-13  9.6704E-05
 2.3004E+25  7.9630E-06  9.9999E-01  7.0156E+03  8.1828E-05  5.6686E-12  3.4675E-13  9.5205E-05
 2.3096E+25  8.1011E-06  9.9999E-01  7.0155E+03  8.1828E-05  5.5769E-12  3.4675E-13  9.3720E-05
 2.3189E+25  8.1227E-06  9.9999E-01  7.0154E+03  8.1828E-05  5.5568E-12  3.4676E-13  9.2244E-05
 2.3281E+25  8.2078E-06  9.9999E-01  7.0152E+03  8.1828E-05  5.5046E-12  3.4676E-13  9.0790E-05
 2.3374E+25  8.2879E-06  9.9999E-01  7.0151E+03  8.1828E-05  5.4461E-12  3.4677E-13  8.9364E-05
 2.3467E+25  8.3133E-06  9.9999E-01  7.0150E+03  8.1828E-05  5.4348E-12  3.4677E-13  8.8005E-05
 2.3559E+25  8.4584E-06  9.9999E-01  7.0149E+03  8.1828E-05  5.3365E-12  3.4678E-13  8.6682E-05
 2.3652E+25  8.4182E-06  9.9999E-01  7.0148E+03  8.1828E-05  5.3671E-12  3.4678E-13  8.5355E-05
 2.3744E+25  8.5769E-06  9.9999E-01  7.0146E+03  8.1828E-05  5.2680E-12  3.4679E-13  8.4034E-05
 2.3837E+25  8.5787E-06  9.9999E-01  7.0145E+03  8.1828E-05  5.2618E-12  3.4679E-13  8.2733E-05
 2.3929E+25  8.6809E-06  9.9999E-01  7.0144E+03  8.1828E-05  5.2050E-12  3.4679E-13  8.1479E-05
 2.4022E+25  8.7584E-06  9.9999E-01  7.0143E+03  8.1828E-05  5.1539E-12  3.4680E-13  8.0284E-05
 2.4115E+25  8.7838E-06  9.9999E-01  7.0142E+03  8.1828E-05  5.1441E-12  3.4680E-13  7.9109E-05
 2.4207E+25  8.9415E-06  9.9999E-01  7.0141E+03  8.1828E-05  5.0506E-12  3.4681E-13  7.7915E-05
 2.4300E+25  8.8882E-06  9.9999E-01  7.0140E+03  8.1828E-05  5.0816E-12  3.4681E-13  7.6741E-05
 2.4392E+25  9.0486E-06  9.9999E-01  7.0139E+03  8.1828E-05  4.9937E-12  3.4682E-13  7.5578E-05
 2.4485E+25  9.0729E-06  9.9999E-01  7.0138E+03  8.1828E-05  4.9754E-12  3.4682E-13  7.4473E-05
 2.4577E+25  9.1495E-06  9.9999E-01  7.0137E+03  8.1828E-05  4.9387E-12  3.4682E-13  7.3407E-05
 2.4670E+25  9.2690E-06  9.9999E-01  7.0136E+03  8.1828E-05  4.8702E-12  3.4683E-13  7.2344E-05
 2.4763E+25  9.2496E-06  9.9999E-01  7.0135E+03  8.1828E-05  4.8853E-12  3.4683E-13  7.1293E-05
 2.4855E+25  9.4158E-06  9.9999E-01  7.0134E+03  8.1828E-05  4.7992E-12  3.4684E-13  7.0235E-05
 2.4948E+25  9.4038E-06  9.9999E-01  7.0133E+03  8.1828E-05  4.8005E-12  3.4684E-13  6.9209E-05
 2.5040E+25  9.5146E-06  9.9999E-01  7.0132E+03  8.1828E-05  4.7495E-12  3.4684E-13  6.8216E-05
 2.5133E+25  9.6115E-06  9.9999E-01  7.0131E+03  8.1828E-05  4.6968E-12  3.4685E-13  6.7265E-05
 2.5225E+25  9.6125E-06  9.9999E-01  7.0130E+03  8.1828E-05  4.7011E-12  3.4685E-13  6.6313E-05
 2.5318E+25  9.7818E-06  9.9999E-01  7.0129E+03  8.1828E-05  4.6198E-12  3.4685E-13  6.5363E-05
 2.5411E+25  9.7531E-06  9.9999E-01  7.0128E+03  8.1828E-05  4.6287E-12  3.4686E-13  6.4425E-05
 2.5503E+25  9.8784E-06  9.9999E-01  7.0128E+03  8.1828E-05  4.5747E-12  3.4686E-13  6.3506E-05
 2.5596E+25  9.9734E-06  9.9999E-01  7.0127E+03  8.1828E-05  4.5265E-12  3.4686E-13  6.2624E-05
 2.5688E+25  9.9739E-06  9.9999E-01  7.0126E+03  8.1828E-05  4.5309E-12  3.4687E-13  6.1764E-05
 2.5781E+25  1.0146E-05  9.9999E-01  7.0125E+03  8.1828E-05  4.4540E-12  3.4687E-13  6.0911E-05
 2.5873E+25  1.0123E-05  9.9999E-01  7.0124E+03  8.1828E-05  4.4598E-12  3.4687E-13  6.0057E-05
 2.5966E+25  1.0240E-05  9.9999E-01  7.0123E+03  8.1828E-05  4.4132E-12  3.4688E-13  5.9211E-05
 2.6059E+25  1.0357E-05  9.9999E-01  7.0123E+03  8.1828E-05  4.3590E-12  3.4688E-13  5.8397E-05
 2.6151E+25  1.0334E-05  9.9999E-01  7.0122E+03  8.1828E-05  4.3734E-12  3.4688E-13  5.7590E-05
 2.6244E+25  1.0509E-05  9.9999E-01  7.0121E+03  8.1828E-05  4.3006E-12  3.4688E-13  5.6831E-05
 2.6336E+25  1.0515E-05  9.9999E-01  7.0120E+03  8.1828E-05  4.2936E-12  3.4689E-13  5.6061E-05
 2.6429E+25  1.0600E-05  9.9999E-01  7.0120E+03  8.1828E-05  4.2636E-12  3.4689E-13  5.5297E-05
 2.6521E+25  1.0764E-05  9.9999E-01  7.0119E+03  8.1828E-05  4.1944E-12  3.4689E-13  5.4538E-05
 2.6614E+25  1.0691E-05  9.9999E-01  7.0118E+03  8.1828E-05  4.2274E-12  3.4690E-13  5.3784E-05
 2.6707E+25  1.0868E-05  9.9999E-01  7.0118E+03  8.1828E-05  4.1584E-12  3.4690E-13  5.3077E-05
 2.6799E+25  1.0932E-05  9.9999E-01  7.0117E+03  8.1828E-05  4.1298E-12  3.4690E-13  5.2372E-05
 2.6892E+25  1.0957E-05  9.9999E-01  7.0116E+03  8.1828E-05  4.1247E-12  3.4690E-13  5.1701E-05
 2.6984E+25  1.1138E-05  9.9999E-01  7.0116E+03  8.1828E-05  4.0579E-12  3.4691E-13  5.1010E-05
 2.7077E+25  1.1104E-05  9.9999E-01  7.0115E+03  8.1828E-05  4.0660E-12  3.4691E-13  5.0326E-05
 2.7169E+25  1.1225E-05  9.9999E-01  7.0114E+03  8.1828E-05  4.0265E-12  3.4691E-13  4.9652E-05
 2.7262E+25  1.1376E-05  9.9999E-01  7.0114E+03  8.1828E-05  3.9686E-12  3.4691E-13  4.8989E-05
 2.7355E+25  1.1311E-05  9.9999E-01  7.0113E+03  8.1828E-05  3.9957E-12  3.4692E-13  4.8358E-05
 2.7447E+25  1.1494E-05  9.9999E-01  7.0112E+03  8.1828E-05  3.9324E-12  3.4692E-13  4.7750E-05
 2.7540E+25  1.1560E-05  9.9999E-01  7.0112E+03  8.1828E-05  3.9055E-12  3.4692E-13  4.7137E-05
 2.7632E+25  1.1579E-05  9.9999E-01  7.0111E+03  8.1828E-05  3.9036E-12  3.4692E-13  4.6528E-05
 2.7725E+25  1.1764E-05  9.9999E-01  7.0111E+03  8.1828E-05  3.8423E-12  3.4693E-13  4.5921E-05
 2.7817E+25  1.1749E-05  9.9999E-01  7.0110E+03  8.1828E-05  3.8430E-12  3.4693E-13  4.5309E-05
 2.7910E+25  1.1846E-05  9.9999E-01  7.0109E+03  8.1828E-05  3.8155E-12  3.4693E-13  4.4738E-05
 2.8003E+25  1.2032E-05  9.9999E-01  7.0109E+03  8.1828E-05  3.7559E-12  3.4693E-13  4.4162E-05
 2.8095E+25  1.1944E-05  9.9999E-01  7.0108E+03  8.1828E-05  3.7809E-12  3.4694E-13  4.3628E-05
 2.8188E+25  1.2115E-05  9.9999E-01  7.0108E+03  8.1828E-05  3.7310E-12  3.4694E-13  4.3080E-05
 2.8280E+25  1.2250E-05  9.9999E-01  7.0107E+03  8.1828E-05  3.6857E-12  3.4694E-13  4.2537E-05
 2.8373E+25  1.2196E-05  9.9999E-01  7.0107E+03  8.1828E-05  3.7064E-12  3.4694E-13  4.1990E-05
 2.8465E+25  1.2385E-05  9.9999E-01  7.0106E+03  8.1828E-05  3.6499E-12  3.4694E-13  4.1455E-05
 2.8558E+25  1.2458E-05  9.9999E-01  7.0106E+03  8.1828E-05  3.6242E-12  3.4695E-13  4.0934E-05
 2.8651E+25  1.2463E-05  9.9999E-01  7.0105E+03  8.1828E-05  3.6270E-12  3.4695E-13  4.0438E-05
 2.8743E+25  1.2655E-05  9.9999E-01  7.0105E+03  8.1828E-05  3.5720E-12  3.4695E-13  3.9941E-05
 2.8836E+25  1.2671E-05  9.9999E-01  7.0104E+03  8.1828E-05  3.5632E-12  3.4695E-13  3.9461E-05
 2.8928E+25  1.2731E-05  9.9999E-01  7.0104E+03  8.1828E-05  3.5507E-12  3.4695E-13  3.8970E-05
 2.9021E+25  1.2925E-05  9.9999E-01  7.0103E+03  8.1828E-05  3.4974E-12  3.4696E-13  3.8488E-05
 2.9113E+25  1.2892E-05  9.9999E-01  7.0103E+03  8.1828E-05  3.5024E-12  3.4696E-13  3.8006E-05
 2.9206E+25  1.3000E-05  9.9999E-01  7.0102E+03  8.1828E-05  3.4775E-12  3.4696E-13  3.7543E-05
 2.9299E+25  1.3195E-05  9.9999E-01  7.0102E+03  8.1828E-05  3.4257E-12  3.4696E-13  3.7089E-05
 2.9391E+25  1.3120E-05  9.9999E-01  7.0101E+03  8.1828E-05  3.4419E-12  3.4696E-13  3.6660E-05
 2.9484E+25  1.3269E-05  9.9999E-01  7.0101E+03  8.1828E-05  3.4072E-12  3.4697E-13  3.6217E-05
 2.9576E+25  1.3463E-05  9.9999E-01  7.0100E+03  8.1828E-05  3.3569E-12  3.4697E-13  3.5781E-05
 2.9669E+25  1.3357E-05  9.9999E-01  7.0100E+03  8.1828E-05  3.3816E-12  3.4697E-13  3.5349E-05
 2.9761E+25  1.3538E-05  9.9999E-01  7.0100E+03  8.1828E-05  3.3396E-12  3.4697E-13  3.4917E-05
 2.9854E+25  1.3723E-05  9.9999E-01  7.0099E+03  8.1828E-05  3.2907E-12  3.4697E-13  3.4501E-05
 2.9947E+25  1.3610E-05  9.9999E-01  7.0099E+03  8.1828E-05  3.3216E-12  3.4697E-13  3.4093E-05
 3.0039E+25  1.3808E-05  9.9999E-01  7.0098E+03  8.1828E-05  3.2746E-12  3.4698E-13  3.3701E-05
 3.0132E+25  1.3977E-05  9.9999E-01  7.0098E+03  8.1828E-05  3.2304E-12  3.4698E-13  3.3315E-05
 3.0224E+25  1.3877E-05  9.9999E-01  7.0098E+03  8.1828E-05  3.2585E-12  3.4698E-13  3.2923E-05
 3.0317E+25  1.4077E-05  9.9999E-01  7.0097E+03  8.1828E-05  3.2122E-12  3.4698E-13  3.2529E-05
 3.0409E+25  1.4238E-05  9.9999E-01  7.0097E+03  8.1828E-05  3.1711E-12  3.4698E-13  3.2145E-05
 3.0502E+25  1.4145E-05  9.9999E-01  7.0096E+03  8.1828E-05  3.1971E-12  3.4698E-13  3.1764E-05
 3.0594E+25  1.4347E-05  9.9999E-01  7.0096E+03  8.1828E-05  3.1520E-12  3.4699E-13  3.1398E-05
 3.0687E+25  1.4508E-05  9.9999E-01  7.0096E+03  8.1828E-05  3.1121E-12  3.4699E-13  3.1044E-05
 3.0780E+25  1.4413E-05  9.9999E-01  7.0095E+03  8.1828E-05  3.1379E-12  3.4699E-13  3.0695E-05
 3.0872E+25  1.4617E-05  9.9999E-01  7.0095E+03  8.1828E-05  3.0941E-12  3.4699E-13  3.0348E-05
 3.0965E+25  1.4788E-05  9.9999E-01  7.0094E+03  8.1828E-05  3.0534E-12  3.4699E-13  3.0002E-05
 3.1057E+25  1.4681E-05  9.9999E-01  7.0094E+03  8.1828E-05  3.0809E-12  3.4699E-13  2.9649E-05
 3.1150E+25  1.4887E-05  9.9999E-01  7.0094E+03  8.1828E-05  3.0384E-12  3.4699E-13  2.9304E-05
 3.1242E+25  1.5075E-05  9.9998E-01  7.0093E+03  8.1828E-05  2.9959E-12  3.4700E-13  2.8969E-05
 3.1335E+25  1.4951E-05  9.9999E-01  7.0093E+03  8.1828E-05  3.0250E-12  3.4700E-13  2.8645E-05
 3.1428E+25  1.5158E-05  9.9998E-01  7.0093E+03  8.1828E-05  2.9846E-12  3.4700E-13  2.8332E-05
 3.1520E+25  1.5357E-05  9.9998E-01  7.0092E+03  8.1828E-05  2.9433E-12  3.4700E-13  2.8025E-05
 3.1613E+25  1.5237E-05  9.9998E-01  7.0092E+03  8.1828E-05  2.9663E-12  3.4700E-13  2.7710E-05
 3.1705E+25  1.5428E-05  9.9998E-01  7.0092E+03  8.1828E-05  2.9328E-12  3.4700E-13  2.7401E-05
 3.1798E+25  1.5633E-05  9.9998E-01  7.0091E+03  8.1828E-05  2.8927E-12  3.4700E-13  2.7094E-05
 3.1890E+25  1.5539E-05  9.9998E-01  7.0091E+03  8.1828E-05  2.9080E-12  3.4700E-13  2.6780E-05
 3.1983E+25  1.5699E-05  9.9998E-01  7.0091E+03  8.1828E-05  2.8828E-12  3.4701E-13  2.6483E-05
 3.2076E+25  1.5908E-05  9.9998E-01  7.0090E+03  8.1828E-05  2.8438E-12  3.4701E-13  2.6190E-05
 3.2168E+25  1.5853E-05  9.9998E-01  7.0090E+03  8.1828E-05  2.8499E-12  3.4701E-13  2.5914E-05
 3.2261E+25  1.5970E-05  9.9998E-01  7.0090E+03  8.1828E-05  2.8346E-12  3.4701E-13  2.5640E-05
 3.2353E+25  1.6182E-05  9.9998E-01  7.0090E+03  8.1828E-05  2.7966E-12  3.4701E-13  2.5364E-05
 3.2446E+25  1.6180E-05  9.9998E-01  7.0089E+03  8.1828E-05  2.7920E-12  3.4701E-13  2.5083E-05
 3.2538E+25  1.6241E-05  9.9998E-01  7.0089E+03  8.1828E-05  2.7881E-12  3.4701E-13  2.4808E-05
 3.2631E+25  1.6455E-05  9.9998E-01  7.0089E+03  8.1828E-05  2.7511E-12  3.4701E-13  2.4533E-05
 3.2724E+25  1.6519E-05  9.9998E-01  7.0088E+03  8.1828E-05  2.7344E-12  3.4702E-13  2.4264E-05
 3.2816E+25  1.6513E-05  9.9998E-01  7.0088E+03  8.1828E-05  2.7431E-12  3.4702E-13  2.4002E-05
 3.2909E+25  1.6729E-05  9.9998E-01  7.0088E+03  8.1828E-05  2.7071E-12  3.4702E-13  2.3750E-05
 3.3001E+25  1.6871E-05  9.9998E-01  7.0087E+03  8.1828E-05  2.6773E-12  3.4702E-13  2.3508E-05
 3.3094E+25  1.6784E-05  9.9998E-01  7.0087E+03  8.1828E-05  2.6996E-12  3.4702E-13  2.3261E-05
 3.3186E+25  1.7004E-05  9.9998E-01  7.0087E+03  8.1828E-05  2.6646E-12  3.4702E-13  2.3015E-05
 3.3279E+25  1.7204E-05  9.9998E-01  7.0087E+03  8.1828E-05  2.6297E-12  3.4702E-13  2.2764E-05
 3.3372E+25  1.7088E-05  9.9998E-01  7.0086E+03  8.1828E-05  2.6482E-12  3.4702E-13  2.2519E-05
 3.3464E+25  1.7278E-05  9.9998E-01  7.0086E+03  8.1828E-05  2.6234E-12  3.4702E-13  2.2281E-05
 3.3557E+25  1.7491E-05  9.9998E-01  7.0086E+03  8.1828E-05  2.5895E-12  3.4703E-13  2.2042E-05
 3.3649E+25  1.7451E-05  9.9998E-01  7.0086E+03  8.1828E-05  2.5912E-12  3.4703E-13  2.1815E-05
 3.3742E+25  1.7553E-05  9.9998E-01  7.0085E+03  8.1828E-05  2.5836E-12  3.4703E-13  2.1593E-05
 3.3834E+25  1.7773E-05  9.9998E-01  7.0085E+03  8.1828E-05  2.5506E-12  3.4703E-13  2.1375E-05
 3.3927E+25  1.7835E-05  9.9998E-01  7.0085E+03  8.1828E-05  2.5345E-12  3.4703E-13  2.1155E-05
 3.4020E+25  1.7830E-05  9.9998E-01  7.0085E+03  8.1828E-05  2.5451E-12  3.4703E-13  2.0936E-05
 3.4112E+25  1.8053E-05  9.9998E-01  7.0084E+03  8.1828E-05  2.5130E-12  3.4703E-13  2.0716E-05
 3.4205E+25  1.8230E-05  9.9998E-01  7.0084E+03  8.1828E-05  2.4809E-12  3.4703E-13  2.0495E-05
 3.4297E+25  1.8112E-05  9.9998E-01  7.0084E+03  8.1828E-05  2.5052E-12  3.4703E-13  2.0285E-05
 3.4390E+25  1.8333E-05  9.9998E-01  7.0084E+03  8.1828E-05  2.4764E-12  3.4703E-13  2.0076E-05
 3.4482E+25  1.8544E-05  9.9998E-01  7.0083E+03  8.1828E-05  2.4452E-12  3.4703E-13  1.9875E-05
 3.4575E+25  1.8491E-05  9.9998E-01  7.0083E+03  8.1828E-05  2.4489E-12  3.4704E-13  1.9683E-05
 3.4668E+25  1.8614E-05  9.9998E-01  7.0083E+03  8.1828E-05  2.4410E-12  3.4704E-13  1.9482E-05
 3.4760E+25  1.8836E-05  9.9998E-01  7.0083E+03  8.1828E-05  2.4106E-12  3.4704E-13  1.9288E-05
 3.4853E+25  1.8908E-05  9.9998E-01  7.0082E+03  8.1828E-05  2.3930E-12  3.4704E-13  1.9090E-05
 3.4945E+25  1.8897E-05  9.9998E-01  7.0082E+03  8.1828E-05  2.4067E-12  3.4704E-13  1.8897E-05
 3.5038E+25  1.9124E-05  9.9998E-01  7.0082E+03  8.1828E-05  2.3771E-12  3.4704E-13  1.8702E-05
 3.5130E+25  1.9313E-05  9.9998E-01  7.0082E+03  8.1828E-05  2.3476E-12  3.4704E-13  1.8512E-05
 3.5223E+25  1.9215E-05  9.9998E-01  7.0082E+03  8.1828E-05  2.3633E-12  3.4704E-13  1.8328E-05
 3.5316E+25  1.9413E-05  9.9998E-01  7.0081E+03  8.1828E-05  2.3444E-12  3.4704E-13  1.8152E-05
 3.5408E+25  1.9629E-05  9.9998E-01  7.0081E+03  8.1828E-05  2.3157E-12  3.4704E-13  1.7977E-05
 3.5501E+25  1.9640E-05  9.9998E-01  7.0081E+03  8.1828E-05  2.3080E-12  3.4704E-13  1.7805E-05
 3.5593E+25  1.9703E-05  9.9998E-01  7.0081E+03  8.1828E-05  2.3127E-12  3.4705E-13  1.7624E-05
 3.5686E+25  1.9930E-05  9.9998E-01  7.0081E+03  8.1828E-05  2.2848E-12  3.4705E-13  1.7452E-05
 3.5778E+25  2.0092E-05  9.9998E-01  7.0080E+03  8.1828E-05  2.2571E-12  3.4705E-13  1.7276E-05
 3.5871E+25  2.0002E-05  9.9998E-01  7.0080E+03  8.1828E-05  2.2780E-12  3.4705E-13  1.7105E-05
 3.5964E+25  2.0229E-05  9.9998E-01  7.0080E+03  8.1828E-05  2.2547E-12  3.4705E-13  1.6936E-05
 3.6056E+25  2.0438E-05  9.9998E-01  7.0080E+03  8.1828E-05  2.2275E-12  3.4705E-13  1.6768E-05
 3.6149E+25  2.0432E-05  9.9998E-01  7.0080E+03  8.1828E-05  2.2233E-12  3.4705E-13  1.6612E-05
 3.6241E+25  2.0527E-05  9.9998E-01  7.0079E+03  8.1828E-05  2.2253E-12  3.4705E-13  1.6459E-05
 3.6334E+25  2.0755E-05  9.9998E-01  7.0079E+03  8.1828E-05  2.1989E-12  3.4705E-13  1.6301E-05
 3.6426E+25  2.0906E-05  9.9998E-01  7.0079E+03  8.1828E-05  2.1727E-12  3.4705E-13  1.6146E-05
 3.6519E+25  2.0836E-05  9.9998E-01  7.0079E+03  8.1828E-05  2.1932E-12  3.4705E-13  1.5988E-05
 3.6612E+25  2.1066E-05  9.9998E-01  7.0079E+03  8.1828E-05  2.1710E-12  3.4705E-13  1.5832E-05
 3.6704E+25  2.1273E-05  9.9998E-01  7.0078E+03  8.1828E-05  2.1453E-12  3.4705E-13  1.5676E-05
 3.6797E+25  2.1281E-05  9.9998E-01  7.0078E+03  8.1828E-05  2.1393E-12  3.4706E-13  1.5527E-05
 3.6889E+25  2.1376E-05  9.9998E-01  7.0078E+03  8.1828E-05  2.1438E-12  3.4706E-13  1.5378E-05
 3.6982E+25  2.1604E-05  9.9998E-01  7.0078E+03  8.1828E-05  2.1188E-12  3.4706E-13  1.5232E-05
 3.7074E+25  2.1767E-05  9.9998E-01  7.0078E+03  8.1828E-05  2.0940E-12  3.4706E-13  1.5096E-05
 3.7167E+25  2.1709E-05  9.9998E-01  7.0078E+03  8.1828E-05  2.1092E-12  3.4706E-13  1.4960E-05
 3.7260E+25  2.1929E-05  9.9998E-01  7.0077E+03  8.1828E-05  2.0929E-12  3.4706E-13  1.4819E-05
 3.7352E+25  2.2142E-05  9.9998E-01  7.0077E+03  8.1828E-05  2.0685E-12  3.4706E-13  1.4680E-05
 3.7445E+25  2.2188E-05  9.9998E-01  7.0077E+03  8.1828E-05  2.0561E-12  3.4706E-13  1.4542E-05
 3.7537E+25  2.2255E-05  9.9998E-01  7.0077E+03  8.1828E-05  2.0675E-12  3.4706E-13  1.4401E-05
 3.7630E+25  2.2484E-05  9.9998E-01  7.0077E+03  8.1828E-05  2.0438E-12  3.4706E-13  1.4264E-05
 3.7722E+25  2.2668E-05  9.9998E-01  7.0077E+03  8.1828E-05  2.0203E-12  3.4706E-13  1.4130E-05
 3.7815E+25  2.2639E-05  9.9998E-01  7.0076E+03  8.1828E-05  2.0262E-12  3.4706E-13  1.3998E-05
 3.7908E+25  2.2825E-05  9.9998E-01  7.0076E+03  8.1828E-05  2.0196E-12  3.4706E-13  1.3875E-05
 3.8000E+25  2.3047E-05  9.9998E-01  7.0076E+03  8.1828E-05  1.9965E-12  3.4706E-13  1.3750E-05
 3.8093E+25  2.3161E-05  9.9998E-01  7.0076E+03  8.1828E-05  1.9740E-12  3.4706E-13  1.3628E-05
 3.8185E+25  2.3165E-05  9.9998E-01  7.0076E+03  8.1828E-05  1.9959E-12  3.4707E-13  1.3506E-05
 3.8278E+25  2.3405E-05  9.9998E-01  7.0076E+03  8.1828E-05  1.9734E-12  3.4707E-13  1.3380E-05
 3.8370E+25  2.3605E-05  9.9998E-01  7.0075E+03  8.1828E-05  1.9510E-12  3.4707E-13  1.3257E-05
 3.8463E+25  2.3637E-05  9.9998E-01  7.0075E+03  8.1828E-05  1.9444E-12  3.4707E-13  1.3133E-05
 3.8556E+25  2.3759E-05  9.9998E-01  7.0075E+03  8.1828E-05  1.9508E-12  3.4707E-13  1.3010E-05
 3.8648E+25  2.3993E-05  9.9998E-01  7.0075E+03  8.1828E-05  1.9289E-12  3.4707E-13  1.2891E-05
 3.8741E+25  2.4163E-05  9.9998E-01  7.0075E+03  8.1828E-05  1.9074E-12  3.4707E-13  1.2774E-05
 3.8833E+25  2.4157E-05  9.9998E-01  7.0075E+03  8.1828E-05  1.9146E-12  3.4707E-13  1.2663E-05
 3.8926E+25  2.4370E-05  9.9998E-01  7.0074E+03  8.1828E-05  1.9072E-12  3.4707E-13  1.2556E-05
 3.9018E+25  2.4586E-05  9.9998E-01  7.0074E+03  8.1828E-05  1.8859E-12  3.4707E-13  1.2445E-05
 3.9111E+25  2.4706E-05  9.9998E-01  7.0074E+03  8.1828E-05  1.8653E-12  3.4707E-13  1.2335E-05
 3.9204E+25  2.4745E-05  9.9998E-01  7.0074E+03  8.1828E-05  1.8847E-12  3.4707E-13  1.2226E-05
 3.9296E+25  2.4982E-05  9.9998E-01  7.0074E+03  8.1828E-05  1.8651E-12  3.4707E-13  1.2115E-05
 3.9389E+25  2.5193E-05  9.9997E-01  7.0074E+03  8.1828E-05  1.8445E-12  3.4707E-13  1.2005E-05
 3.9481E+25  2.5248E-05  9.9997E-01  7.0074E+03  8.1828E-05  1.8349E-12  3.4707E-13  1.1896E-05
 3.9574E+25  2.5382E-05  9.9997E-01  7.0073E+03  8.1828E-05  1.8447E-12  3.4707E-13  1.1790E-05
 3.9666E+25  2.5615E-05  9.9997E-01  7.0073E+03  8.1828E-05  1.8244E-12  3.4708E-13  1.1683E-05
 3.9759E+25  2.5797E-05  9.9997E-01  7.0073E+03  8.1828E-05  1.8046E-12  3.4708E-13  1.1584E-05
 3.9852E+25  2.5840E-05  9.9997E-01  7.0073E+03  8.1828E-05  1.8057E-12  3.4708E-13  1.1487E-05
 3.9944E+25  2.6032E-05  9.9997E-01  7.0073E+03  8.1828E-05  1.8049E-12  3.4708E-13  1.1392E-05
 4.0037E+25  2.6260E-05  9.9997E-01  7.0073E+03  8.1828E-05  1.7851E-12  3.4708E-13  1.1293E-05
 4.0129E+25  2.6419E-05  9.9997E-01  7.0073E+03  8.1828E-05  1.7661E-12  3.4708E-13  1.1194E-05
 4.0222E+25  2.6467E-05  9.9997E-01  7.0072E+03  8.1828E-05  1.7766E-12  3.4708E-13  1.1097E-05
 4.0314E+25  2.6702E-05  9.9997E-01  7.0072E+03  8.1828E-05  1.7663E-12  3.4708E-13  1.0998E-05
 4.0407E+25  2.6927E-05  9.9997E-01  7.0072E+03  8.1828E-05  1.7471E-12  3.4708E-13  1.0901E-05
 4.0500E+25  2.7041E-05  9.9997E-01  7.0072E+03  8.1828E-05  1.7287E-12  3.4708E-13  1.0806E-05
 4.0592E+25  2.7145E-05  9.9997E-01  7.0072E+03  8.1828E-05  1.7476E-12  3.4708E-13  1.0711E-05
 4.0685E+25  2.7394E-05  9.9997E-01  7.0072E+03  8.1828E-05  1.7288E-12  3.4708E-13  1.0618E-05
 4.0777E+25  2.7595E-05  9.9997E-01  7.0072E+03  8.1828E-05  1.7104E-12  3.4708E-13  1.0531E-05
 4.0870E+25  2.7705E-05  9.9997E-01  7.0072E+03  8.1828E-05  1.7004E-12  3.4708E-13  1.0446E-05
 4.0962E+25  2.7850E-05  9.9997E-01  7.0071E+03  8.1828E-05  1.7110E-12  3.4708E-13  1.0360E-05
 4.1055E+25  2.8104E-05  9.9997E-01  7.0071E+03  8.1828E-05  1.6926E-12  3.4708E-13  1.0274E-05
 4.1148E+25  2.8298E-05  9.9997E-01  7.0071E+03  8.1828E-05  1.6749E-12  3.4708E-13  1.0184E-05
 4.1240E+25  2.8389E-05  9.9997E-01  7.0071E+03  8.1828E-05  1.6723E-12  3.4708E-13  1.0098E-05
 4.1333E+25  2.8589E-05  9.9997E-01  7.0071E+03  8.1828E-05  1.6753E-12  3.4708E-13  1.0011E-05
 4.1425E+25  2.8832E-05  9.9997E-01  7.0071E+03  8.1828E-05  1.6575E-12  3.4709E-13  9.9244E-06
 4.1518E+25  2.9017E-05  9.9997E-01  7.0071E+03  8.1828E-05  1.6404E-12  3.4709E-13  9.8400E-06
 4.1610E+25  2.9117E-05  9.9997E-01  7.0071E+03  8.1828E-05  1.6445E-12  3.4709E-13  9.7557E-06
 4.1703E+25  2.9353E-05  9.9997E-01  7.0070E+03  8.1828E-05  1.6407E-12  3.4709E-13  9.6758E-06
 4.1796E+25  2.9587E-05  9.9997E-01  7.0070E+03  8.1828E-05  1.6235E-12  3.4709E-13  9.5980E-06
 4.1888E+25  2.9767E-05  9.9997E-01  7.0070E+03  8.1828E-05  1.6068E-12  3.4709E-13  9.5220E-06
 4.1981E+25  2.9879E-05  9.9997E-01  7.0070E+03  8.1828E-05  1.6170E-12  3.4709E-13  9.4439E-06
 4.2073E+25  3.0143E-05  9.9997E-01  7.0070E+03  8.1828E-05  1.6071E-12  3.4709E-13  9.3676E-06
 4.2166E+25  3.0371E-05  9.9997E-01  7.0070E+03  8.1828E-05  1.5904E-12  3.4709E-13  9.2912E-06
 4.2258E+25  3.0537E-05  9.9997E-01  7.0070E+03  8.1828E-05  1.5741E-12  3.4709E-13  9.2108E-06
 4.2351E+25  3.0697E-05  9.9997E-01  7.0070E+03  8.1828E-05  1.5898E-12  3.4709E-13  9.1346E-06
 4.2443E+25  3.0938E-05  9.9997E-01  7.0069E+03  8.1828E-05  1.5744E-12  3.4709E-13  9.0580E-06
 4.2536E+25  3.1191E-05  9.9997E-01  7.0069E+03  8.1828E-05  1.5583E-12  3.4709E-13  8.9822E-06
 4.2629E+25  3.1352E-05  9.9997E-01  7.0069E+03  8.1828E-05  1.5465E-12  3.4709E-13  8.9074E-06
 4.2721E+25  3.1517E-05  9.9997E-01  7.0069E+03  8.1828E-05  1.5588E-12  3.4709E-13  8.8354E-06
 4.2814E+25  3.1814E-05  9.9997E-01  7.0069E+03  8.1828E-05  1.5426E-12  3.4709E-13  8.7679E-06
 4.2906E+25  3.2022E-05  9.9997E-01  7.0069E+03  8.1828E-05  1.5270E-12  3.4709E-13  8.6996E-06
 4.2999E+25  3.2188E-05  9.9997E-01  7.0069E+03  8.1828E-05  1.5204E-12  3.4709E-13  8.6303E-06
 4.3091E+25  3.2421E-05  9.9997E-01  7.0069E+03  8.1828E-05  1.5275E-12  3.4709E-13  8.5609E-06
 4.3184E+25  3.2670E-05  9.9997E-01  7.0068E+03  8.1828E-05  1.5117E-12  3.4709E-13  8.4928E-06
 4.3277E+25  3.2912E-05  9.9997E-01  7.0068E+03  8.1828E-05  1.4965E-12  3.4709E-13  8.4247E-06
 4.3369E+25  3.3078E-05  9.9997E-01  7.0068E+03  8.1828E-05  1.4948E-12  3.4710E-13  8.3545E-06
 4.3462E+25  3.3314E-05  9.9997E-01  7.0068E+03  8.1828E-05  1.4969E-12  3.4710E-13  8.2854E-06
 4.3554E+25  3.3604E-05  9.9997E-01  7.0068E+03  8.1828E-05  1.4815E-12  3.4710E-13  8.2189E-06
 4.3647E+25  3.3824E-05  9.9997E-01  7.0068E+03  8.1828E-05  1.4667E-12  3.4710E-13  8.1516E-06
 4.3739E+25  3.3993E-05  9.9997E-01  7.0068E+03  8.1828E-05  1.4696E-12  3.4710E-13  8.0860E-06
 4.3832E+25  3.4279E-05  9.9997E-01  7.0068E+03  8.1828E-05  1.4670E-12  3.4710E-13  8.0253E-06
 4.3925E+25  3.4546E-05  9.9997E-01  7.0068E+03  8.1828E-05  1.4521E-12  3.4710E-13  7.9645E-06
 4.4017E+25  3.4775E-05  9.9997E-01  7.0067E+03  8.1828E-05  1.4377E-12  3.4710E-13  7.9051E-06
 4.4110E+25  3.4986E-05  9.9997E-01  7.0067E+03  8.1828E-05  1.4449E-12  3.4710E-13  7.8418E-06
 4.4202E+25  3.5249E-05  9.9996E-01  7.0067E+03  8.1828E-05  1.4379E-12  3.4710E-13  7.7808E-06
 4.4295E+25  3.5536E-05  9.9996E-01  7.0067E+03  8.1828E-05  1.4234E-12  3.4710E-13  7.7200E-06
 4.4387E+25  3.5784E-05  9.9996E-01  7.0067E+03  8.1828E-05  1.4093E-12  3.4710E-13  7.6584E-06
 4.4480E+25  3.5970E-05  9.9996E-01  7.0067E+03  8.1828E-05  1.4205E-12  3.4710E-13  7.5982E-06
 4.4573E+25  3.6305E-05  9.9996E-01  7.0067E+03  8.1828E-05  1.4094E-12  3.4710E-13  7.5355E-06
 4.4665E+25  3.6576E-05  9.9996E-01  7.0067E+03  8.1828E-05  1.3954E-12  3.4710E-13  7.4767E-06
 4.4758E+25  3.6799E-05  9.9996E-01  7.0067E+03  8.1828E-05  1.3825E-12  3.4710E-13  7.4172E-06
 4.4850E+25  3.7069E-05  9.9996E-01  7.0066E+03  8.1828E-05  1.3958E-12  3.4710E-13  7.3597E-06
 4.4943E+25  3.7350E-05  9.9996E-01  7.0066E+03  8.1828E-05  1.3816E-12  3.4710E-13  7.3066E-06
 4.5035E+25  3.7643E-05  9.9996E-01  7.0066E+03  8.1828E-05  1.3680E-12  3.4710E-13  7.2526E-06
 4.5128E+25  3.7906E-05  9.9996E-01  7.0066E+03  8.1828E-05  1.3595E-12  3.4710E-13  7.1990E-06
 4.5221E+25  3.8143E-05  9.9996E-01  7.0066E+03  8.1828E-05  1.3682E-12  3.4710E-13  7.1448E-06
 4.5313E+25  3.8497E-05  9.9996E-01  7.0066E+03  8.1828E-05  1.3544E-12  3.4710E-13  7.0896E-06
 4.5406E+25  3.8771E-05  9.9996E-01  7.0066E+03  8.1828E-05  1.3411E-12  3.4710E-13  7.0345E-06
 4.5498E+25  3.9014E-05  9.9996E-01  7.0066E+03  8.1828E-05  1.3370E-12  3.4711E-13  6.9803E-06
 4.5591E+25  3.9342E-05  9.9996E-01  7.0066E+03  8.1828E-05  1.3412E-12  3.4711E-13  6.9261E-06
 4.5683E+25  3.9640E-05  9.9996E-01  7.0065E+03  8.1828E-05  1.3278E-12  3.4711E-13  6.8726E-06
 4.5776E+25  3.9931E-05  9.9996E-01  7.0065E+03  8.1828E-05  1.3149E-12  3.4711E-13  6.8179E-06
 4.5869E+25  4.0212E-05  9.9996E-01  7.0065E+03  8.1828E-05  1.3149E-12  3.4711E-13  6.7653E-06
 4.5961E+25  4.0524E-05  9.9996E-01  7.0065E+03  8.1828E-05  1.3148E-12  3.4711E-13  6.7149E-06
 4.6054E+25  4.0862E-05  9.9996E-01  7.0065E+03  8.1828E-05  1.3017E-12  3.4711E-13  6.6667E-06
 4.6146E+25  4.1160E-05  9.9996E-01  7.0065E+03  8.1828E-05  1.2891E-12  3.4711E-13  6.6198E-06
 4.6239E+25  4.1451E-05  9.9996E-01  7.0065E+03  8.1828E-05  1.2933E-12  3.4711E-13  6.5718E-06
 4.6331E+25  4.1784E-05  9.9996E-01  7.0065E+03  8.1828E-05  1.2889E-12  3.4711E-13  6.5236E-06
 4.6424E+25  4.2127E-05  9.9996E-01  7.0065E+03  8.1828E-05  1.2761E-12  3.4711E-13  6.4754E-06
 4.6517E+25  4.2441E-05  9.9996E-01  7.0065E+03  8.1828E-05  1.2638E-12  3.4711E-13  6.4267E-06
 4.6609E+25  4.2719E-05  9.9996E-01  7.0064E+03  8.1828E-05  1.2722E-12  3.4711E-13  6.3776E-06
 4.6702E+25  4.3102E-05  9.9996E-01  7.0064E+03  8.1828E-05  1.2635E-12  3.4711E-13  6.3288E-06
 4.6794E+25  4.3446E-05  9.9996E-01  7.0064E+03  8.1828E-05  1.2511E-12  3.4711E-13  6.2811E-06
 4.6887E+25  4.3753E-05  9.9996E-01  7.0064E+03  8.1828E-05  1.2395E-12  3.4711E-13  6.2337E-06
 4.6979E+25  4.4103E-05  9.9996E-01  7.0064E+03  8.1828E-05  1.2510E-12  3.4711E-13  6.1857E-06
 4.7072E+25  4.4446E-05  9.9996E-01  7.0064E+03  8.1828E-05  1.2386E-12  3.4711E-13  6.1393E-06
 4.7165E+25  4.4810E-05  9.9996E-01  7.0064E+03  8.1828E-05  1.2265E-12  3.4711E-13  6.0969E-06
 4.7257E+25  4.5178E-05  9.9995E-01  7.0064E+03  8.1828E-05  1.2197E-12  3.4711E-13  6.0544E-06
 4.7350E+25  4.5452E-05  9.9995E-01  7.0064E+03  8.1828E-05  1.2263E-12  3.4711E-13  6.0124E-06
 4.7442E+25  4.5891E-05  9.9995E-01  7.0063E+03  8.1828E-05  1.2142E-12  3.4711E-13  5.9701E-06
 4.7535E+25  4.6276E-05  9.9995E-01  7.0063E+03  8.1828E-05  1.2023E-12  3.4711E-13  5.9263E-06
 4.7627E+25  4.6545E-05  9.9995E-01  7.0063E+03  8.1828E-05  1.2002E-12  3.4711E-13  5.8843E-06
 4.7720E+25  4.6978E-05  9.9995E-01  7.0063E+03  8.1828E-05  1.2020E-12  3.4712E-13  5.8408E-06
 4.7813E+25  4.7369E-05  9.9995E-01  7.0063E+03  8.1828E-05  1.1901E-12  3.4712E-13  5.7975E-06
 4.7905E+25  4.7693E-05  9.9995E-01  7.0063E+03  8.1828E-05  1.1786E-12  3.4712E-13  5.7537E-06
 4.7998E+25  4.8115E-05  9.9995E-01  7.0063E+03  8.1828E-05  1.1812E-12  3.4712E-13  5.7112E-06
 4.8090E+25  4.8484E-05  9.9995E-01  7.0063E+03  8.1828E-05  1.1781E-12  3.4712E-13  5.6689E-06
 4.8183E+25  4.8881E-05  9.9995E-01  7.0063E+03  8.1828E-05  1.1666E-12  3.4712E-13  5.6274E-06
 4.8275E+25  4.9313E-05  9.9995E-01  7.0063E+03  8.1828E-05  1.1553E-12  3.4712E-13  5.5864E-06
 4.8368E+25  4.9633E-05  9.9995E-01  7.0062E+03  8.1828E-05  1.1626E-12  3.4712E-13  5.5490E-06
 4.8461E+25  5.0067E-05  9.9995E-01  7.0062E+03  8.1828E-05  1.1547E-12  3.4712E-13  5.5117E-06
 4.8553E+25  5.0510E-05  9.9995E-01  7.0062E+03  8.1828E-05  1.1434E-12  3.4712E-13  5.4738E-06
 4.8646E+25  5.0873E-05  9.9995E-01  7.0062E+03  8.1828E-05  1.1339E-12  3.4712E-13  5.4361E-06
 4.8738E+25  5.1274E-05  9.9995E-01  7.0062E+03  8.1828E-05  1.1428E-12  3.4712E-13  5.3981E-06
 4.8831E+25  5.1755E-05  9.9995E-01  7.0062E+03  8.1828E-05  1.1317E-12  3.4712E-13  5.3596E-06
 4.8923E+25  5.2137E-05  9.9995E-01  7.0062E+03  8.1828E-05  1.1206E-12  3.4712E-13  5.3221E-06
 4.9016E+25  5.2537E-05  9.9995E-01  7.0062E+03  8.1828E-05  1.1164E-12  3.4712E-13  5.2833E-06
 4.9109E+25  5.3013E-05  9.9995E-01  7.0062E+03  8.1828E-05  1.1199E-12  3.4712E-13  5.2450E-06
 4.9201E+25  5.3407E-05  9.9995E-01  7.0061E+03  8.1828E-05  1.1090E-12  3.4712E-13  5.2064E-06
 4.9294E+25  5.3861E-05  9.9995E-01  7.0061E+03  8.1828E-05  1.0982E-12  3.4712E-13  5.1689E-06
 4.9386E+25  5.4355E-05  9.9995E-01  7.0061E+03  8.1828E-05  1.0992E-12  3.4712E-13  5.1310E-06
 4.9479E+25  5.4705E-05  9.9995E-01  7.0061E+03  8.1828E-05  1.0973E-12  3.4712E-13  5.0958E-06
 4.9571E+25  5.5210E-05  9.9994E-01  7.0061E+03  8.1828E-05  1.0867E-12  3.4712E-13  5.0618E-06
 4.9664E+25  5.5698E-05  9.9994E-01  7.0061E+03  8.1828E-05  1.0762E-12  3.4712E-13  5.0285E-06
 4.9757E+25  5.6055E-05  9.9994E-01  7.0061E+03  8.1828E-05  1.0823E-12  3.4712E-13  4.9957E-06
 4.9849E+25  5.6590E-05  9.9994E-01  7.0061E+03  8.1828E-05  1.0752E-12  3.4713E-13  4.9616E-06
 4.9942E+25  5.7083E-05  9.9994E-01  7.0061E+03  8.1828E-05  1.0648E-12  3.4713E-13  4.9280E-06
 5.0034E+25  5.7487E-05  9.9994E-01  7.0060E+03  8.1828E-05  1.0567E-12  3.4713E-13  4.8945E-06
 5.0127E+25  5.7968E-05  9.9994E-01  7.0060E+03  8.1828E-05  1.0635E-12  3.4713E-13  4.8601E-06
 5.0219E+25  5.8499E-05  9.9994E-01  7.0060E+03  8.1828E-05  1.0534E-12  3.4713E-13  4.8265E-06
 5.0312E+25  5.8951E-05  9.9994E-01  7.0060E+03  8.1828E-05  1.0433E-12  3.4713E-13  4.7923E-06
 5.0405E+25  5.9425E-05  9.9994E-01  7.0060E+03  8.1828E-05  1.0407E-12  3.4713E-13  4.7588E-06
 5.0497E+25  5.9968E-05  9.9994E-01  7.0060E+03  8.1828E-05  1.0418E-12  3.4713E-13  4.7244E-06
 5.0590E+25  6.0404E-05  9.9994E-01  7.0060E+03  8.1828E-05  1.0320E-12  3.4713E-13  4.6905E-06
 5.0682E+25  6.0921E-05  9.9994E-01  7.0060E+03  8.1828E-05  1.0221E-12  3.4713E-13  4.6577E-06
 5.0775E+25  6.1465E-05  9.9994E-01  7.0060E+03  8.1828E-05  1.0249E-12  3.4713E-13  4.6277E-06
 5.0867E+25  6.1894E-05  9.9994E-01  7.0059E+03  8.1828E-05  1.0205E-12  3.4713E-13  4.5983E-06
 5.0960E+25  6.2486E-05  9.9994E-01  7.0059E+03  8.1828E-05  1.0109E-12  3.4713E-13  4.5683E-06
 5.1053E+25  6.3007E-05  9.9994E-01  7.0059E+03  8.1828E-05  1.0015E-12  3.4713E-13  4.5390E-06
 5.1145E+25  6.3444E-05  9.9994E-01  7.0059E+03  8.1828E-05  1.0091E-12  3.4713E-13  4.5092E-06
 5.1238E+25  6.4042E-05  9.9994E-01  7.0059E+03  8.1828E-05  9.9954E-13  3.4713E-13  4.4786E-06
 5.1330E+25  6.4570E-05  9.9994E-01  7.0059E+03  8.1828E-05  9.9014E-13  3.4713E-13  4.4491E-06
 5.1423E+25  6.5088E-05  9.9993E-01  7.0059E+03  8.1828E-05  9.8652E-13  3.4713E-13  4.4189E-06
 5.1515E+25  6.5617E-05  9.9993E-01  7.0059E+03  8.1828E-05  9.8826E-13  3.4713E-13  4.3887E-06
 5.1608E+25  6.6208E-05  9.9993E-01  7.0059E+03  8.1828E-05  9.7892E-13  3.4713E-13  4.3583E-06
 5.1701E+25  6.6710E-05  9.9993E-01  7.0058E+03  8.1828E-05  9.6973E-13  3.4713E-13  4.3288E-06
 5.1793E+25  6.7257E-05  9.9993E-01  7.0058E+03  8.1828E-05  9.7169E-13  3.4713E-13  4.2987E-06
 5.1886E+25  6.7869E-05  9.9993E-01  7.0058E+03  8.1828E-05  9.6777E-13  3.4714E-13  4.2681E-06
 5.1978E+25  6.8351E-05  9.9993E-01  7.0058E+03  8.1828E-05  9.5865E-13  3.4714E-13  4.2392E-06
 5.2071E+25  6.8997E-05  9.9993E-01  7.0058E+03  8.1828E-05  9.4988E-13  3.4714E-13  4.2127E-06
 5.2163E+25  6.9546E-05  9.9993E-01  7.0058E+03  8.1828E-05  9.5679E-13  3.4714E-13  4.1865E-06
 5.2256E+25  7.0058E-05  9.9993E-01  7.0058E+03  8.1828E-05  9.4762E-13  3.4714E-13  4.1608E-06
 5.2349E+25  7.0711E-05  9.9993E-01  7.0058E+03  8.1828E-05  9.3871E-13  3.4714E-13  4.1339E-06
 5.2441E+25  7.1281E-05  9.9993E-01  7.0058E+03  8.1828E-05  9.3566E-13  3.4714E-13  4.1076E-06
 5.2534E+25  7.1848E-05  9.9993E-01  7.0057E+03  8.1828E-05  9.3675E-13  3.4714E-13  4.0811E-06
 5.2626E+25  7.2431E-05  9.9993E-01  7.0057E+03  8.1828E-05  9.2782E-13  3.4714E-13  4.0540E-06
 5.2719E+25  7.3092E-05  9.9993E-01  7.0057E+03  8.1828E-05  9.1910E-13  3.4714E-13  4.0278E-06
 5.2811E+25  7.3649E-05  9.9993E-01  7.0057E+03  8.1828E-05  9.2155E-13  3.4714E-13  4.0006E-06
 5.2904E+25  7.4195E-05  9.9993E-01  7.0057E+03  8.1828E-05  9.1705E-13  3.4714E-13  3.9739E-06
 5.2997E+25  7.4920E-05  9.9993E-01  7.0057E+03  8.1828E-05  9.0834E-13  3.4714E-13  3.9473E-06
 5.3089E+25  7.5466E-05  9.9992E-01  7.0057E+03  8.1828E-05  9.0123E-13  3.4714E-13  3.9208E-06
 5.3182E+25  7.6061E-05  9.9992E-01  7.0057E+03  8.1828E-05  9.0611E-13  3.4714E-13  3.8941E-06
 5.3274E+25  7.6742E-05  9.9992E-01  7.0057E+03  8.1828E-05  8.9769E-13  3.4714E-13  3.8678E-06
 5.3367E+25  7.7357E-05  9.9992E-01  7.0056E+03  8.1828E-05  8.8920E-13  3.4714E-13  3.8438E-06
 5.3459E+25  7.7951E-05  9.9992E-01  7.0056E+03  8.1828E-05  8.8761E-13  3.4714E-13  3.8204E-06
 5.3552E+25  7.8618E-05  9.9992E-01  7.0056E+03  8.1828E-05  8.8688E-13  3.4714E-13  3.7973E-06
 5.3645E+25  7.9304E-05  9.9992E-01  7.0056E+03  8.1828E-05  8.7865E-13  3.4714E-13  3.7744E-06
 5.3737E+25  7.9833E-05  9.9992E-01  7.0056E+03  8.1828E-05  8.7039E-13  3.4714E-13  3.7504E-06
 5.3830E+25  8.0553E-05  9.9992E-01  7.0056E+03  8.1828E-05  8.7404E-13  3.4714E-13  3.7269E-06
 5.3922E+25  8.1235E-05  9.9992E-01  7.0056E+03  8.1828E-05  8.6798E-13  3.4715E-13  3.7036E-06
 5.4015E+25  8.1805E-05  9.9992E-01  7.0056E+03  8.1828E-05  8.5994E-13  3.4715E-13  3.6795E-06
 5.4107E+25  8.2536E-05  9.9992E-01  7.0055E+03  8.1828E-05  8.5519E-13  3.4715E-13  3.6559E-06
 5.4200E+25  8.3184E-05  9.9992E-01  7.0055E+03  8.1828E-05  8.5727E-13  3.4715E-13  3.6322E-06
 5.4292E+25  8.3840E-05  9.9992E-01  7.0055E+03  8.1828E-05  8.4942E-13  3.4715E-13  3.6081E-06
 5.4385E+25  8.4496E-05  9.9992E-01  7.0055E+03  8.1828E-05  8.4156E-13  3.4715E-13  3.5848E-06
 5.4478E+25  8.5240E-05  9.9991E-01  7.0055E+03  8.1828E-05  8.4204E-13  3.4715E-13  3.5609E-06
 5.4570E+25  8.5838E-05  9.9991E-01  7.0055E+03  8.1828E-05  8.3881E-13  3.4715E-13  3.5373E-06
 5.4663E+25  8.6550E-05  9.9991E-01  7.0055E+03  8.1828E-05  8.3119E-13  3.4715E-13  3.5155E-06
 5.4755E+25  8.7314E-05  9.9991E-01  7.0055E+03  8.1828E-05  8.2393E-13  3.4715E-13  3.4939E-06
 5.4848E+25  8.7921E-05  9.9991E-01  7.0054E+03  8.1828E-05  8.2847E-13  3.4715E-13  3.4730E-06
 5.4940E+25  8.8630E-05  9.9991E-01  7.0054E+03  8.1828E-05  8.2070E-13  3.4715E-13  3.4529E-06
 5.5033E+25  8.9352E-05  9.9991E-01  7.0054E+03  8.1828E-05  8.1329E-13  3.4715E-13  3.4321E-06
 5.5126E+25  9.0095E-05  9.9991E-01  7.0054E+03  8.1828E-05  8.1106E-13  3.4715E-13  3.4115E-06
 5.5218E+25  9.0686E-05  9.9991E-01  7.0054E+03  8.1828E-05  8.1052E-13  3.4715E-13  3.3901E-06
 5.5311E+25  9.1480E-05  9.9991E-01  7.0054E+03  8.1828E-05  8.0294E-13  3.4715E-13  3.3693E-06
 5.5403E+25  9.2254E-05  9.9991E-01  7.0054E+03  8.1828E-05  7.9571E-13  3.4715E-13  3.3486E-06
 5.5496E+25  9.2847E-05  9.9991E-01  7.0054E+03  8.1828E-05  7.9818E-13  3.4715E-13  3.3269E-06
 5.5588E+25  9.3650E-05  9.9991E-01  7.0053E+03  8.1828E-05  7.9290E-13  3.4715E-13  3.3062E-06
 5.5681E+25  9.4382E-05  9.9991E-01  7.0053E+03  8.1828E-05  7.8552E-13  3.4715E-13  3.2848E-06
 5.5774E+25  9.5095E-05  9.9990E-01  7.0053E+03  8.1828E-05  7.8120E-13  3.4716E-13  3.2639E-06
 5.5866E+25  9.5773E-05  9.9990E-01  7.0053E+03  8.1828E-05  7.8259E-13  3.4716E-13  3.2429E-06
 5.5959E+25  9.6606E-05  9.9990E-01  7.0053E+03  8.1828E-05  7.7560E-13  3.4716E-13  3.2217E-06
 5.6051E+25  9.7347E-05  9.9990E-01  7.0053E+03  8.1828E-05  7.6844E-13  3.4716E-13  3.2022E-06
 5.6144E+25  9.7996E-05  9.9990E-01  7.0053E+03  8.1828E-05  7.6857E-13  3.4716E-13  3.1838E-06
 5.6236E+25  9.8827E-05  9.9990E-01  7.0053E+03  8.1828E-05  7.6544E-13  3.4716E-13  3.1651E-06
 5.6329E+25  9.9594E-05  9.9990E-01  7.0052E+03  8.1828E-05  7.5861E-13  3.4716E-13  3.1467E-06
 5.6422E+25  1.0031E-04  9.9990E-01  7.0052E+03  8.1828E-05  7.5219E-13  3.4716E-13  3.1285E-06
 5.6514E+25  1.0106E-04  9.9990E-01  7.0052E+03  8.1828E-05  7.5543E-13  3.4716E-13  3.1100E-06
 5.6607E+25  1.0187E-04  9.9990E-01  7.0052E+03  8.1828E-05  7.4862E-13  3.4716E-13  3.0916E-06
 5.6699E+25  1.0259E-04  9.9990E-01  7.0052E+03  8.1828E-05  7.4195E-13  3.4716E-13  3.0729E-06
 5.6792E+25  1.0333E-04  9.9990E-01  7.0052E+03  8.1828E-05  7.3984E-13  3.4716E-13  3.0542E-06
 5.6884E+25  1.0418E-04  9.9990E-01  7.0052E+03  8.1828E-05  7.3873E-13  3.4716E-13  3.0358E-06
 5.6977E+25  1.0496E-04  9.9990E-01  7.0052E+03  8.1828E-05  7.3215E-13  3.4716E-13  3.0167E-06
 5.7070E+25  1.0569E-04  9.9989E-01  7.0051E+03  8.1828E-05  7.2561E-13  3.4716E-13  2.9978E-06
 5.7162E+25  1.0648E-04  9.9989E-01  7.0051E+03  8.1828E-05  7.2745E-13  3.4716E-13  2.9794E-06
 5.7255E+25  1.0733E-04  9.9989E-01  7.0051E+03  8.1828E-05  7.2236E-13  3.4716E-13  2.9605E-06
 5.7347E+25  1.0803E-04  9.9989E-01  7.0051E+03  8.1828E-05  7.1602E-13  3.4716E-13  2.9418E-06
 5.7440E+25  1.0884E-04  9.9989E-01  7.0051E+03  8.1828E-05  7.1189E-13  3.4716E-13  2.9236E-06
 5.7532E+25  1.0969E-04  9.9989E-01  7.0051E+03  8.1828E-05  7.1276E-13  3.4717E-13  2.9070E-06
 5.7625E+25  1.1048E-04  9.9989E-01  7.0051E+03  8.1828E-05  7.0633E-13  3.4717E-13  2.8908E-06
 5.7718E+25  1.1123E-04  9.9989E-01  7.0051E+03  8.1828E-05  7.0022E-13  3.4717E-13  2.8747E-06
 5.7810E+25  1.1205E-04  9.9989E-01  7.0050E+03  8.1828E-05  6.9965E-13  3.4717E-13  2.8582E-06
 5.7903E+25  1.1290E-04  9.9989E-01  7.0050E+03  8.1828E-05  6.9688E-13  3.4717E-13  2.8418E-06
 5.7995E+25  1.1362E-04  9.9989E-01  7.0050E+03  8.1828E-05  6.9069E-13  3.4717E-13  2.8255E-06
 5.8088E+25  1.1450E-04  9.9989E-01  7.0050E+03  8.1828E-05  6.8481E-13  3.4717E-13  2.8089E-06
 5.8180E+25  1.1533E-04  9.9988E-01  7.0050E+03  8.1828E-05  6.8728E-13  3.4717E-13  2.7926E-06
 5.8273E+25  1.1615E-04  9.9988E-01  7.0050E+03  8.1828E-05  6.8132E-13  3.4717E-13  2.7758E-06
 5.8366E+25  1.1691E-04  9.9988E-01  7.0050E+03  8.1828E-05  6.7538E-13  3.4717E-13  2.7594E-06
 5.8458E+25  1.1778E-04  9.9988E-01  7.0049E+03  8.1828E-05  6.7273E-13  3.4717E-13  2.7428E-06
 5.8551E+25  1.1861E-04  9.9988E-01  7.0049E+03  8.1828E-05  6.7191E-13  3.4717E-13  2.7257E-06
 5.8643E+25  1.1937E-04  9.9988E-01  7.0049E+03  8.1828E-05  6.6608E-13  3.4717E-13  2.7094E-06
 5.8736E+25  1.2023E-04  9.9988E-01  7.0049E+03  8.1828E-05  6.6039E-13  3.4717E-13  2.6927E-06
 5.8828E+25  1.2110E-04  9.9988E-01  7.0049E+03  8.1828E-05  6.6062E-13  3.4717E-13  2.6759E-06
 5.8921E+25  1.2196E-04  9.9988E-01  7.0049E+03  8.1828E-05  6.5688E-13  3.4717E-13  2.6602E-06
 5.9014E+25  1.2271E-04  9.9988E-01  7.0049E+03  8.1828E-05  6.5120E-13  3.4717E-13  2.6455E-06
 5.9106E+25  1.2359E-04  9.9988E-01  7.0048E+03  8.1828E-05  6.4651E-13  3.4717E-13  2.6308E-06
 5.9199E+25  1.2445E-04  9.9988E-01  7.0048E+03  8.1828E-05  6.4766E-13  3.4717E-13  2.6167E-06
 5.9291E+25  1.2526E-04  9.9987E-01  7.0048E+03  8.1828E-05  6.4219E-13  3.4718E-13  2.6027E-06
 5.9384E+25  1.2608E-04  9.9987E-01  7.0048E+03  8.1828E-05  6.3666E-13  3.4718E-13  2.5877E-06
 5.9476E+25  1.2698E-04  9.9987E-01  7.0048E+03  8.1828E-05  6.3456E-13  3.4718E-13  2.5731E-06
 5.9569E+25  1.2785E-04  9.9987E-01  7.0048E+03  8.1828E-05  6.3311E-13  3.4718E-13  2.5587E-06
 5.9662E+25  1.2864E-04  9.9987E-01  7.0048E+03  8.1828E-05  6.2778E-13  3.4718E-13  2.5440E-06
 5.9754E+25  1.2951E-04  9.9987E-01  7.0048E+03  8.1828E-05  6.2242E-13  3.4718E-13  2.5295E-06
 5.9847E+25  1.3036E-04  9.9987E-01  7.0047E+03  8.1828E-05  6.2263E-13  3.4718E-13  2.5145E-06
 5.9939E+25  1.3125E-04  9.9987E-01  7.0047E+03  8.1828E-05  6.1887E-13  3.4718E-13  2.4999E-06
 6.0032E+25  1.3204E-04  9.9987E-01  7.0047E+03  8.1828E-05  6.1367E-13  3.4718E-13  2.4852E-06
 6.0124E+25  1.3294E-04  9.9987E-01  7.0047E+03  8.1828E-05  6.0926E-13  3.4718E-13  2.4700E-06
 6.0217E+25  1.3382E-04  9.9987E-01  7.0047E+03  8.1828E-05  6.0998E-13  3.4718E-13  2.4554E-06
 6.0310E+25  1.3468E-04  9.9987E-01  7.0047E+03  8.1828E-05  6.0490E-13  3.4718E-13  2.4407E-06
 6.0402E+25  1.3549E-04  9.9986E-01  7.0047E+03  8.1828E-05  5.9989E-13  3.4718E-13  2.4260E-06
 6.0495E+25  1.3638E-04  9.9986E-01  7.0046E+03  8.1828E-05  5.9757E-13  3.4718E-13  2.4131E-06
 6.0587E+25  1.3727E-04  9.9986E-01  7.0046E+03  8.1828E-05  5.9620E-13  3.4718E-13  2.3999E-06
 6.0680E+25  1.3812E-04  9.9986E-01  7.0046E+03  8.1828E-05  5.9125E-13  3.4718E-13  2.3872E-06
 6.0772E+25  1.3895E-04  9.9986E-01  7.0046E+03  8.1828E-05  5.8643E-13  3.4718E-13  2.3749E-06
 6.0865E+25  1.3983E-04  9.9986E-01  7.0046E+03  8.1828E-05  5.8585E-13  3.4718E-13  2.3622E-06
 6.0958E+25  1.4076E-04  9.9986E-01  7.0046E+03  8.1828E-05  5.8273E-13  3.4719E-13  2.3493E-06
 6.1050E+25  1.4162E-04  9.9986E-01  7.0046E+03  8.1828E-05  5.7794E-13  3.4719E-13  2.3359E-06
 6.1143E+25  1.4246E-04  9.9986E-01  7.0045E+03  8.1828E-05  5.7326E-13  3.4719E-13  2.3231E-06
 6.1235E+25  1.4332E-04  9.9986E-01  7.0045E+03  8.1828E-05  5.7413E-13  3.4719E-13  2.3102E-06
 6.1328E+25  1.4422E-04  9.9986E-01  7.0045E+03  8.1828E-05  5.6960E-13  3.4719E-13  2.2971E-06
 6.1420E+25  1.4508E-04  9.9985E-01  7.0045E+03  8.1828E-05  5.6495E-13  3.4719E-13  2.2841E-06
 6.1513E+25  1.4593E-04  9.9985E-01  7.0045E+03  8.1828E-05  5.6160E-13  3.4719E-13  2.2708E-06
 6.1606E+25  1.4683E-04  9.9985E-01  7.0045E+03  8.1828E-05  5.6123E-13  3.4719E-13  2.2579E-06
 6.1698E+25  1.4771E-04  9.9985E-01  7.0045E+03  8.1828E-05  5.5676E-13  3.4719E-13  2.2448E-06
 6.1791E+25  1.4861E-04  9.9985E-01  7.0044E+03  8.1828E-05  5.5225E-13  3.4719E-13  2.2311E-06
 6.1883E+25  1.4944E-04  9.9985E-01  7.0044E+03  8.1828E-05  5.5016E-13  3.4719E-13  2.2183E-06
 6.1976E+25  1.5034E-04  9.9985E-01  7.0044E+03  8.1828E-05  5.4848E-13  3.4719E-13  2.2057E-06
 6.2068E+25  1.5122E-04  9.9985E-01  7.0044E+03  8.1828E-05  5.4418E-13  3.4719E-13  2.1942E-06
 6.2161E+25  1.5211E-04  9.9985E-01  7.0044E+03  8.1828E-05  5.3987E-13  3.4719E-13  2.1826E-06
 6.2254E+25  1.5294E-04  9.9985E-01  7.0044E+03  8.1828E-05  5.3877E-13  3.4719E-13  2.1715E-06
 6.2346E+25  1.5383E-04  9.9985E-01  7.0044E+03  8.1828E-05  5.3603E-13  3.4719E-13  2.1604E-06
 6.2439E+25  1.5472E-04  9.9985E-01  7.0043E+03  8.1828E-05  5.3188E-13  3.4719E-13  2.1490E-06
 6.2531E+25  1.5563E-04  9.9984E-01  7.0043E+03  8.1828E-05  5.2776E-13  3.4720E-13  2.1378E-06
 6.2624E+25  1.5647E-04  9.9984E-01  7.0043E+03  8.1828E-05  5.2747E-13  3.4720E-13  2.1264E-06
 6.2716E+25  1.5735E-04  9.9984E-01  7.0043E+03  8.1828E-05  5.2389E-13  3.4720E-13  2.1145E-06
 6.2809E+25  1.5824E-04  9.9984E-01  7.0043E+03  8.1828E-05  5.1986E-13  3.4720E-13  2.1031E-06
 6.2902E+25  1.5914E-04  9.9984E-01  7.0043E+03  8.1828E-05  5.1604E-13  3.4720E-13  2.0917E-06
 6.2994E+25  1.5998E-04  9.9984E-01  7.0043E+03  8.1828E-05  5.1610E-13  3.4720E-13  2.0800E-06
 6.3087E+25  1.6084E-04  9.9984E-01  7.0042E+03  8.1828E-05  5.1208E-13  3.4720E-13  2.0684E-06
 6.3179E+25  1.6175E-04  9.9984E-01  7.0042E+03  8.1828E-05  5.0812E-13  3.4720E-13  2.0566E-06
 6.3272E+25  1.6263E-04  9.9984E-01  7.0042E+03  8.1828E-05  5.0498E-13  3.4720E-13  2.0450E-06
 6.3364E+25  1.6348E-04  9.9984E-01  7.0042E+03  8.1828E-05  5.0440E-13  3.4720E-13  2.0335E-06
 6.3457E+25  1.6437E-04  9.9984E-01  7.0042E+03  8.1828E-05  5.0055E-13  3.4720E-13  2.0213E-06
 6.3550E+25  1.6526E-04  9.9983E-01  7.0042E+03  8.1828E-05  4.9668E-13  3.4720E-13  2.0102E-06
 6.3642E+25  1.6612E-04  9.9983E-01  7.0042E+03  8.1828E-05  4.9401E-13  3.4720E-13  1.9999E-06
 6.3735E+25  1.6699E-04  9.9983E-01  7.0041E+03  8.1828E-05  4.9296E-13  3.4720E-13  1.9895E-06
 6.3827E+25  1.6785E-04  9.9983E-01  7.0041E+03  8.1828E-05  4.8927E-13  3.4720E-13  1.9796E-06
 6.3920E+25  1.6874E-04  9.9983E-01  7.0041E+03  8.1828E-05  4.8558E-13  3.4720E-13  1.9699E-06
 6.4012E+25  1.6961E-04  9.9983E-01  7.0041E+03  8.1828E-05  4.8316E-13  3.4720E-13  1.9597E-06
 6.4105E+25  1.7046E-04  9.9983E-01  7.0041E+03  8.1828E-05  4.8177E-13  3.4720E-13  1.9498E-06
 6.4198E+25  1.7133E-04  9.9983E-01  7.0041E+03  8.1828E-05  4.7824E-13  3.4721E-13  1.9398E-06
 6.4290E+25  1.7222E-04  9.9983E-01  7.0041E+03  8.1828E-05  4.7473E-13  3.4721E-13  1.9296E-06
 6.4383E+25  1.7309E-04  9.9983E-01  7.0040E+03  8.1828E-05  4.7249E-13  3.4721E-13  1.9194E-06
 6.4475E+25  1.7396E-04  9.9983E-01  7.0040E+03  8.1828E-05  4.7082E-13  3.4721E-13  1.9090E-06
 6.4568E+25  1.7480E-04  9.9983E-01  7.0040E+03  8.1828E-05  4.6745E-13  3.4721E-13  1.8989E-06
 6.4660E+25  1.7567E-04  9.9982E-01  7.0040E+03  8.1828E-05  4.6408E-13  3.4721E-13  1.8885E-06
 6.4753E+25  1.7652E-04  9.9982E-01  7.0040E+03  8.1828E-05  4.6200E-13  3.4721E-13  1.8781E-06
 6.4846E+25  1.7739E-04  9.9982E-01  7.0040E+03  8.1828E-05  4.6019E-13  3.4721E-13  1.8677E-06
 6.4938E+25  1.7824E-04  9.9982E-01  7.0040E+03  8.1828E-05  4.5690E-13  3.4721E-13  1.8574E-06
 6.5031E+25  1.7910E-04  9.9982E-01  7.0039E+03  8.1828E-05  4.5369E-13  3.4721E-13  1.8471E-06
 6.5123E+25  1.7995E-04  9.9982E-01  7.0039E+03  8.1828E-05  4.5161E-13  3.4721E-13  1.8366E-06
 6.5216E+25  1.8081E-04  9.9982E-01  7.0039E+03  8.1828E-05  4.4986E-13  3.4721E-13  1.8267E-06
 6.5308E+25  1.8170E-04  9.9982E-01  7.0039E+03  8.1828E-05  4.4661E-13  3.4721E-13  1.8178E-06
 6.5401E+25  1.8256E-04  9.9982E-01  7.0039E+03  8.1828E-05  4.4350E-13  3.4721E-13  1.8085E-06
 6.5494E+25  1.8338E-04  9.9982E-01  7.0039E+03  8.1828E-05  4.4137E-13  3.4721E-13  1.7998E-06
 6.5586E+25  1.8422E-04  9.9982E-01  7.0039E+03  8.1828E-05  4.3977E-13  3.4721E-13  1.7912E-06
 6.5679E+25  1.8507E-04  9.9981E-01  7.0038E+03  8.1828E-05  4.3663E-13  3.4721E-13  1.7823E-06
 6.5771E+25  1.8595E-04  9.9981E-01  7.0038E+03  8.1828E-05  4.3356E-13  3.4722E-13  1.7734E-06
 6.5864E+25  1.8677E-04  9.9981E-01  7.0038E+03  8.1828E-05  4.3127E-13  3.4722E-13  1.7644E-06
 6.5956E+25  1.8758E-04  9.9981E-01  7.0038E+03  8.1828E-05  4.2986E-13  3.4722E-13  1.7555E-06
 6.6049E+25  1.8841E-04  9.9981E-01  7.0038E+03  8.1828E-05  4.2692E-13  3.4722E-13  1.7466E-06
 6.6142E+25  1.8926E-04  9.9981E-01  7.0038E+03  8.1828E-05  4.2391E-13  3.4722E-13  1.7376E-06
 6.6234E+25  1.9012E-04  9.9981E-01  7.0038E+03  8.1828E-05  4.2137E-13  3.4722E-13  1.7282E-06
 6.6327E+25  1.9097E-04  9.9981E-01  7.0037E+03  8.1828E-05  4.2017E-13  3.4722E-13  1.7192E-06
 6.6419E+25  1.9178E-04  9.9981E-01  7.0037E+03  8.1828E-05  4.1737E-13  3.4722E-13  1.7100E-06
 6.6512E+25  1.9261E-04  9.9981E-01  7.0037E+03  8.1828E-05  4.1456E-13  3.4722E-13  1.7007E-06
 6.6604E+25  1.9343E-04  9.9981E-01  7.0037E+03  8.1828E-05  4.1172E-13  3.4722E-13  1.6915E-06
 6.6697E+25  1.9424E-04  9.9981E-01  7.0037E+03  8.1828E-05  4.1071E-13  3.4722E-13  1.6822E-06
 6.6789E+25  1.9511E-04  9.9980E-01  7.0037E+03  8.1828E-05  4.0800E-13  3.4722E-13  1.6730E-06
 6.6882E+25  1.9593E-04  9.9980E-01  7.0037E+03  8.1828E-05  4.0534E-13  3.4722E-13  1.6644E-06
 6.6975E+25  1.9673E-04  9.9980E-01  7.0036E+03  8.1828E-05  4.0265E-13  3.4722E-13  1.6559E-06
 6.7067E+25  1.9752E-04  9.9980E-01  7.0036E+03  8.1828E-05  4.0121E-13  3.4722E-13  1.6480E-06
 6.7160E+25  1.9832E-04  9.9980E-01  7.0036E+03  8.1828E-05  3.9888E-13  3.4722E-13  1.6401E-06
 6.7252E+25  1.9914E-04  9.9980E-01  7.0036E+03  8.1828E-05  3.9629E-13  3.4722E-13  1.6324E-06
 6.7345E+25  2.0001E-04  9.9980E-01  7.0036E+03  8.1828E-05  3.9377E-13  3.4722E-13  1.6247E-06
 6.7437E+25  2.0081E-04  9.9980E-01  7.0036E+03  8.1828E-05  3.9200E-13  3.4723E-13  1.6168E-06
 6.7530E+25  2.0159E-04  9.9980E-01  7.0036E+03  8.1828E-05  3.8998E-13  3.4723E-13  1.6088E-06
 6.7623E+25  2.0237E-04  9.9980E-01  7.0035E+03  8.1828E-05  3.8749E-13  3.4723E-13  1.6010E-06
 6.7715E+25  2.0315E-04  9.9980E-01  7.0035E+03  8.1828E-05  3.8502E-13  3.4723E-13  1.5931E-06
 6.7808E+25  2.0397E-04  9.9980E-01  7.0035E+03  8.1828E-05  3.8297E-13  3.4723E-13  1.5851E-06
 6.7900E+25  2.0478E-04  9.9980E-01  7.0035E+03  8.1828E-05  3.8139E-13  3.4723E-13  1.5771E-06
 6.7993E+25  2.0560E-04  9.9979E-01  7.0035E+03  8.1828E-05  3.7890E-13  3.4723E-13  1.5690E-06
 6.8085E+25  2.0636E-04  9.9979E-01  7.0035E+03  8.1828E-05  3.7653E-13  3.4723E-13  1.5607E-06
 6.8178E+25  2.0713E-04  9.9979E-01  7.0035E+03  8.1828E-05  3.7418E-13  3.4723E-13  1.5526E-06
 6.8271E+25  2.0790E-04  9.9979E-01  7.0034E+03  8.1828E-05  3.7286E-13  3.4723E-13  1.5445E-06
 6.8363E+25  2.0868E-04  9.9979E-01  7.0034E+03  8.1828E-05  3.7061E-13  3.4723E-13  1.5362E-06
 6.8456E+25  2.0947E-04  9.9979E-01  7.0034E+03  8.1828E-05  3.6824E-13  3.4723E-13  1.5279E-06
 6.8548E+25  2.1029E-04  9.9979E-01  7.0034E+03  8.1828E-05  3.6598E-13  3.4723E-13  1.5197E-06
 6.8641E+25  2.1106E-04  9.9979E-01  7.0034E+03  8.1828E-05  3.6422E-13  3.4723E-13  1.5124E-06
 6.8733E+25  2.1181E-04  9.9979E-01  7.0034E+03  8.1828E-05  3.6242E-13  3.4723E-13  1.5050E-06
 6.8826E+25  2.1256E-04  9.9979E-01  7.0034E+03  8.1828E-05  3.6025E-13  3.4723E-13  1.4976E-06
 6.8919E+25  2.1329E-04  9.9979E-01  7.0034E+03  8.1828E-05  3.5798E-13  3.4723E-13  1.4910E-06
 6.9011E+25  2.1406E-04  9.9979E-01  7.0033E+03  8.1828E-05  3.5589E-13  3.4723E-13  1.4842E-06
 6.9104E+25  2.1481E-04  9.9979E-01  7.0033E+03  8.1828E-05  3.5440E-13  3.4724E-13  1.4772E-06
 6.9196E+25  2.1563E-04  9.9978E-01  7.0033E+03  8.1828E-05  3.5230E-13  3.4724E-13  1.4703E-06
 6.9289E+25  2.1638E-04  9.9978E-01  7.0033E+03  8.1828E-05  3.5026E-13  3.4724E-13  1.4633E-06
 6.9381E+25  2.1710E-04  9.9978E-01  7.0033E+03  8.1828E-05  3.4812E-13  3.4724E-13  1.4563E-06
 6.9474E+25  2.1783E-04  9.9978E-01  7.0033E+03  8.1828E-05  3.4636E-13  3.4724E-13  1.4492E-06
 6.9567E+25  2.1856E-04  9.9978E-01  7.0033E+03  8.1828E-05  3.4458E-13  3.4724E-13  1.4422E-06
 6.9659E+25  2.1931E-04  9.9978E-01  7.0032E+03  8.1828E-05  3.4256E-13  3.4724E-13  1.4352E-06
 6.9752E+25  2.2005E-04  9.9978E-01  7.0032E+03  8.1828E-05  3.4064E-13  3.4724E-13  1.4280E-06
 6.9844E+25  2.2081E-04  9.9978E-01  7.0032E+03  8.1828E-05  3.3865E-13  3.4724E-13  1.4208E-06
 6.9937E+25  2.2156E-04  9.9978E-01  7.0032E+03  8.1828E-05  3.3700E-13  3.4724E-13  1.4134E-06
 7.0029E+25  2.2226E-04  9.9978E-01  7.0032E+03  8.1828E-05  3.3513E-13  3.4724E-13  1.4062E-06
 7.0122E+25  2.2297E-04  9.9978E-01  7.0032E+03  8.1828E-05  3.3320E-13  3.4724E-13  1.3990E-06
 7.0215E+25  2.2368E-04  9.9978E-01  7.0032E+03  8.1828E-05  3.3134E-13  3.4724E-13  1.3916E-06
 7.0307E+25  2.2438E-04  9.9978E-01  7.0031E+03  8.1828E-05  3.2961E-13  3.4724E-13  1.3842E-06
 7.0400E+25  2.2509E-04  9.9977E-01  7.0031E+03  8.1828E-05  3.2782E-13  3.4724E-13  1.3775E-06
 7.0492E+25  2.2581E-04  9.9977E-01  7.0031E+03  8.1828E-05  3.2600E-13  3.4724E-13  1.3711E-06
 7.0585E+25  2.2658E-04  9.9977E-01  7.0031E+03  8.1828E-05  3.2418E-13  3.4724E-13  1.3647E-06
 7.0677E+25  2.2727E-04  9.9977E-01  7.0031E+03  8.1828E-05  3.2241E-13  3.4724E-13  1.3583E-06
 7.0770E+25  2.2798E-04  9.9977E-01  7.0031E+03  8.1828E-05  3.2077E-13  3.4724E-13  1.3525E-06
 7.0863E+25  2.2865E-04  9.9977E-01  7.0031E+03  8.1828E-05  3.1899E-13  3.4725E-13  1.3464E-06
 7.0955E+25  2.2933E-04  9.9977E-01  7.0031E+03  8.1828E-05  3.1720E-13  3.4725E-13  1.3402E-06
 7.1048E+25  2.3000E-04  9.9977E-01  7.0030E+03  8.1828E-05  3.1552E-13  3.4725E-13  1.3340E-06
 7.1140E+25  2.3070E-04  9.9977E-01  7.0030E+03  8.1828E-05  3.1380E-13  3.4725E-13  1.3279E-06
 7.1233E+25  2.3139E-04  9.9977E-01  7.0030E+03  8.1828E-05  3.1215E-13  3.4725E-13  1.3216E-06
 7.1325E+25  2.3211E-04  9.9977E-01  7.0030E+03  8.1828E-05  3.1049E-13  3.4725E-13  1.3154E-06
 7.1418E+25  2.3280E-04  9.9977E-01  7.0030E+03  8.1828E-05  3.0876E-13  3.4725E-13  1.3092E-06
 7.1511E+25  2.3345E-04  9.9977E-01  7.0030E+03  8.1828E-05  3.0715E-13  3.4725E-13  1.3029E-06
 7.1603E+25  2.3410E-04  9.9977E-01  7.0030E+03  8.1828E-05  3.0549E-13  3.4725E-13  1.2965E-06
 7.1696E+25  2.3476E-04  9.9977E-01  7.0030E+03  8.1828E-05  3.0382E-13  3.4725E-13  1.2902E-06
 7.1788E+25  2.3542E-04  9.9976E-01  7.0029E+03  8.1828E-05  3.0226E-13  3.4725E-13  1.2837E-06
 7.1881E+25  2.3608E-04  9.9976E-01  7.0029E+03  8.1828E-05  3.0066E-13  3.4725E-13  1.2771E-06
 7.1973E+25  2.3675E-04  9.9976E-01  7.0029E+03  8.1828E-05  2.9906E-13  3.4725E-13  1.2708E-06
 7.2066E+25  2.3742E-04  9.9976E-01  7.0029E+03  8.1828E-05  2.9748E-13  3.4725E-13  1.2643E-06
 7.2159E+25  2.3813E-04  9.9976E-01  7.0029E+03  8.1828E-05  2.9580E-13  3.4725E-13  1.2577E-06
 7.2251E+25  2.3874E-04  9.9976E-01  7.0029E+03  8.1828E-05  2.9431E-13  3.4725E-13  1.2518E-06
 7.2344E+25  2.3939E-04  9.9976E-01  7.0029E+03  8.1828E-05  2.9284E-13  3.4725E-13  1.2461E-06
 7.2436E+25  2.3999E-04  9.9976E-01  7.0029E+03  8.1828E-05  2.9132E-13  3.4725E-13  1.2404E-06
 7.2529E+25  2.4063E-04  9.9976E-01  7.0028E+03  8.1828E-05  2.8971E-13  3.4725E-13  1.2351E-06
 7.2621E+25  2.4125E-04  9.9976E-01  7.0028E+03  8.1828E-05  2.8809E-13  3.4726E-13  1.2296E-06
 7.2714E+25  2.4187E-04  9.9976E-01  7.0028E+03  8.1828E-05  2.8667E-13  3.4726E-13  1.2244E-06
 7.2807E+25  2.4252E-04  9.9976E-01  7.0028E+03  8.1828E-05  2.8526E-13  3.4726E-13  1.2189E-06
 7.2899E+25  2.4315E-04  9.9976E-01  7.0028E+03  8.1828E-05  2.8388E-13  3.4726E-13  1.2134E-06
 7.2992E+25  2.4380E-04  9.9976E-01  7.0028E+03  8.1828E-05  2.8225E-13  3.4726E-13  1.2079E-06
 7.3084E+25  2.4443E-04  9.9976E-01  7.0028E+03  8.1828E-05  2.8067E-13  3.4726E-13  1.2025E-06
 7.3177E+25  2.4501E-04  9.9975E-01  7.0028E+03  8.1828E-05  2.7929E-13  3.4726E-13  1.1970E-06
 7.3269E+25  2.4563E-04  9.9975E-01  7.0027E+03  8.1828E-05  2.7797E-13  3.4726E-13  1.1914E-06
 7.3362E+25  2.4621E-04  9.9975E-01  7.0027E+03  8.1828E-05  2.7664E-13  3.4726E-13  1.1859E-06
 7.3455E+25  2.4683E-04  9.9975E-01  7.0027E+03  8.1828E-05  2.7515E-13  3.4726E-13  1.1802E-06
 7.3547E+25  2.4743E-04  9.9975E-01  7.0027E+03  8.1828E-05  2.7348E-13  3.4726E-13  1.1746E-06
 7.3640E+25  2.4802E-04  9.9975E-01  7.0027E+03  8.1828E-05  2.7223E-13  3.4726E-13  1.1689E-06
 7.3732E+25  2.4862E-04  9.9975E-01  7.0027E+03  8.1828E-05  2.7093E-13  3.4726E-13  1.1632E-06
 7.3825E+25  2.4924E-04  9.9975E-01  7.0027E+03  8.1828E-05  2.6969E-13  3.4726E-13  1.1574E-06
 7.3917E+25  2.4982E-04  9.9975E-01  7.0027E+03  8.1828E-05  2.6832E-13  3.4726E-13  1.1516E-06
 7.4010E+25  2.5041E-04  9.9975E-01  7.0026E+03  8.1828E-05  2.6662E-13  3.4726E-13  1.1459E-06
 7.4103E+25  2.5098E-04  9.9975E-01  7.0026E+03  8.1828E-05  2.6536E-13  3.4726E-13  1.1406E-06
 7.4195E+25  2.5152E-04  9.9975E-01  7.0026E+03  8.1828E-05  2.6418E-13  3.4726E-13  1.1354E-06
 7.4288E+25  2.5212E-04  9.9975E-01  7.0026E+03  8.1828E-05  2.6296E-13  3.4726E-13  1.1301E-06
 7.4380E+25  2.5264E-04  9.9975E-01  7.0026E+03  8.1828E-05  2.6179E-13  3.4726E-13  1.1253E-06
 7.4473E+25  2.5323E-04  9.9975E-01  7.0026E+03  8.1828E-05  2.5998E-13  3.4726E-13  1.1208E-06
 7.4565E+25  2.5382E-04  9.9975E-01  7.0026E+03  8.1828E-05  2.5880E-13  3.4727E-13  1.1159E-06
 7.4658E+25  2.5437E-04  9.9975E-01  7.0026E+03  8.1828E-05  2.5763E-13  3.4727E-13  1.1111E-06
 7.4751E+25  2.5498E-04  9.9975E-01  7.0026E+03  8.1828E-05  2.5652E-13  3.4727E-13  1.1063E-06
 7.4843E+25  2.5552E-04  9.9974E-01  7.0025E+03  8.1828E-05  2.5536E-13  3.4727E-13  1.1015E-06
 7.4936E+25  2.5604E-04  9.9974E-01  7.0025E+03  8.1828E-05  2.5382E-13  3.4727E-13  1.0966E-06
 7.5028E+25  2.5661E-04  9.9974E-01  7.0025E+03  8.1828E-05  2.5243E-13  3.4727E-13  1.0918E-06
 7.5121E+25  2.5713E-04  9.9974E-01  7.0025E+03  8.1828E-05  2.5135E-13  3.4727E-13  1.0868E-06
 7.5213E+25  2.5765E-04  9.9974E-01  7.0025E+03  8.1828E-05  2.5025E-13  3.4727E-13  1.0820E-06
 7.5306E+25  2.5820E-04  9.9974E-01  7.0025E+03  8.1828E-05  2.4921E-13  3.4727E-13  1.0770E-06
 7.5399E+25  2.5874E-04  9.9974E-01  7.0025E+03  8.1828E-05  2.4797E-13  3.4727E-13  1.0720E-06
 7.5491E+25  2.5924E-04  9.9974E-01  7.0025E+03  8.1828E-05  2.4631E-13  3.4727E-13  1.0670E-06
 7.5584E+25  2.5981E-04  9.9974E-01  7.0025E+03  8.1828E-05  2.4527E-13  3.4727E-13  1.0620E-06
 7.5676E+25  2.6033E-04  9.9974E-01  7.0024E+03  8.1828E-05  2.4426E-13  3.4727E-13  1.0569E-06
 7.5769E+25  2.6085E-04  9.9974E-01  7.0024E+03  8.1828E-05  2.4323E-13  3.4727E-13  1.0519E-06
 7.5861E+25  2.6140E-04  9.9974E-01  7.0024E+03  8.1828E-05  2.4224E-13  3.4727E-13  1.0467E-06
 7.5954E+25  2.6188E-04  9.9974E-01  7.0024E+03  8.1828E-05  2.4064E-13  3.4727E-13  1.0415E-06
 7.6047E+25  2.6238E-04  9.9974E-01  7.0024E+03  8.1828E-05  2.3942E-13  3.4727E-13  1.0369E-06
 7.6139E+25  2.6292E-04  9.9974E-01  7.0024E+03  8.1828E-05  2.3844E-13  3.4727E-13  1.0323E-06
 7.6232E+25  2.6338E-04  9.9974E-01  7.0024E+03  8.1828E-05  2.3749E-13  3.4727E-13  1.0277E-06
 7.6324E+25  2.6387E-04  9.9974E-01  7.0024E+03  8.1828E-05  2.3653E-13  3.4727E-13  1.0233E-06
 7.6417E+25  2.6440E-04  9.9974E-01  7.0024E+03  8.1828E-05  2.3550E-13  3.4727E-13  1.0193E-06
 7.6509E+25  2.6489E-04  9.9974E-01  7.0023E+03  8.1828E-05  2.3378E-13  3.4727E-13  1.0153E-06
 7.6602E+25  2.6538E-04  9.9973E-01  7.0023E+03  8.1828E-05  2.3285E-13  3.4727E-13  1.0108E-06
 7.6695E+25  2.6590E-04  9.9973E-01  7.0023E+03  8.1828E-05  2.3194E-13  3.4728E-13  1.0066E-06
 7.6787E+25  2.6640E-04  9.9973E-01  7.0023E+03  8.1828E-05  2.3103E-13  3.4728E-13  1.0023E-06
 7.6880E+25  2.6684E-04  9.9973E-01  7.0023E+03  8.1828E-05  2.3014E-13  3.4728E-13  9.9809E-07
 7.6972E+25  2.6734E-04  9.9973E-01  7.0023E+03  8.1828E-05  2.2888E-13  3.4728E-13  9.9369E-07
 7.7065E+25  2.6783E-04  9.9973E-01  7.0023E+03  8.1828E-05  2.2746E-13  3.4728E-13  9.8947E-07
 7.7157E+25  2.6826E-04  9.9973E-01  7.0023E+03  8.1828E-05  2.2659E-13  3.4728E-13  9.8504E-07
 7.7250E+25  2.6872E-04  9.9973E-01  7.0023E+03  8.1828E-05  2.2573E-13  3.4728E-13  9.8076E-07
 7.7343E+25  2.6923E-04  9.9973E-01  7.0022E+03  8.1828E-05  2.2488E-13  3.4728E-13  9.7628E-07
 7.7435E+25  2.6966E-04  9.9973E-01  7.0022E+03  8.1828E-05  2.2404E-13  3.4728E-13  9.7184E-07
 7.7528E+25  2.7012E-04  9.9973E-01  7.0022E+03  8.1828E-05  2.2262E-13  3.4728E-13  9.6737E-07
 7.7620E+25  2.7063E-04  9.9973E-01  7.0022E+03  8.1828E-05  2.2143E-13  3.4728E-13  9.6290E-07
 7.7713E+25  2.7105E-04  9.9973E-01  7.0022E+03  8.1828E-05  2.2062E-13  3.4728E-13  9.5844E-07
 7.7805E+25  2.7152E-04  9.9973E-01  7.0022E+03  8.1828E-05  2.1981E-13  3.4728E-13  9.5392E-07
 7.7898E+25  2.7199E-04  9.9973E-01  7.0022E+03  8.1828E-05  2.1901E-13  3.4728E-13  9.4937E-07
 7.7991E+25  2.7240E-04  9.9973E-01  7.0022E+03  8.1828E-05  2.1822E-13  3.4728E-13  9.4492E-07
 7.8083E+25  2.7284E-04  9.9973E-01  7.0022E+03  8.1828E-05  2.1674E-13  3.4728E-13  9.4092E-07
 7.8176E+25  2.7327E-04  9.9973E-01  7.0022E+03  8.1828E-05  2.1567E-13  3.4728E-13  9.3687E-07
 7.8268E+25  2.7374E-04  9.9973E-01  7.0021E+03  8.1828E-05  2.1492E-13  3.4728E-13  9.3280E-07
 7.8361E+25  2.7414E-04  9.9973E-01  7.0021E+03  8.1828E-05  2.1416E-13  3.4728E-13  9.2907E-07
 7.8453E+25  2.7455E-04  9.9973E-01  7.0021E+03  8.1828E-05  2.1341E-13  3.4728E-13  9.2542E-07
 7.8546E+25  2.7502E-04  9.9972E-01  7.0021E+03  8.1828E-05  2.1266E-13  3.4728E-13  9.2183E-07
 7.8638E+25  2.7545E-04  9.9972E-01  7.0021E+03  8.1828E-05  2.1122E-13  3.4728E-13  9.1809E-07
 7.8731E+25  2.7585E-04  9.9972E-01  7.0021E+03  8.1828E-05  2.1019E-13  3.4728E-13  9.1418E-07
 7.8824E+25  2.7628E-04  9.9972E-01  7.0021E+03  8.1828E-05  2.0948E-13  3.4728E-13  9.1045E-07
 7.8916E+25  2.7675E-04  9.9972E-01  7.0021E+03  8.1828E-05  2.0877E-13  3.4728E-13  9.0665E-07
 7.9009E+25  2.7713E-04  9.9972E-01  7.0021E+03  8.1828E-05  2.0806E-13  3.4729E-13  9.0286E-07
 7.9101E+25  2.7751E-04  9.9972E-01  7.0021E+03  8.1828E-05  2.0736E-13  3.4729E-13  8.9898E-07
 7.9194E+25  2.7797E-04  9.9972E-01  7.0020E+03  8.1828E-05  2.0607E-13  3.4729E-13  8.9521E-07
 7.9286E+25  2.7836E-04  9.9972E-01  7.0020E+03  8.1828E-05  2.0495E-13  3.4729E-13  8.9126E-07
 7.9379E+25  2.7872E-04  9.9972E-01  7.0020E+03  8.1828E-05  2.0428E-13  3.4729E-13  8.8737E-07
 7.9472E+25  2.7912E-04  9.9972E-01  7.0020E+03  8.1828E-05  2.0362E-13  3.4729E-13  8.8344E-07
 7.9564E+25  2.7955E-04  9.9972E-01  7.0020E+03  8.1828E-05  2.0296E-13  3.4729E-13  8.7946E-07
 7.9657E+25  2.7992E-04  9.9972E-01  7.0020E+03  8.1828E-05  2.0230E-13  3.4729E-13  8.7553E-07
 7.9749E+25  2.8030E-04  9.9972E-01  7.0020E+03  8.1828E-05  2.0129E-13  3.4729E-13  8.7149E-07
 7.9842E+25  2.8071E-04  9.9972E-01  7.0020E+03  8.1828E-05  1.9994E-13  3.4729E-13  8.6751E-07
 7.9934E+25  2.8114E-04  9.9972E-01  7.0020E+03  8.1828E-05  1.9932E-13  3.4729E-13  8.6348E-07
 8.0027E+25  2.8151E-04  9.9972E-01  7.0020E+03  8.1828E-05  1.9870E-13  3.4729E-13  8.5966E-07
 8.0120E+25  2.8187E-04  9.9972E-01  7.0020E+03  8.1828E-05  1.9808E-13  3.4729E-13  8.5594E-07
 8.0212E+25  2.8225E-04  9.9972E-01  7.0019E+03  8.1828E-05  1.9747E-13  3.4729E-13  8.5231E-07
 8.0305E+25  2.8265E-04  9.9972E-01  7.0019E+03  8.1828E-05  1.9685E-13  3.4729E-13  8.4876E-07
 8.0397E+25  2.8302E-04  9.9972E-01  7.0019E+03  8.1828E-05  1.9520E-13  3.4729E-13  8.4553E-07
 8.0490E+25  2.8336E-04  9.9972E-01  7.0019E+03  8.1828E-05  1.9458E-13  3.4729E-13  8.4223E-07
 8.0582E+25  2.8373E-04  9.9972E-01  7.0019E+03  8.1828E-05  1.9400E-13  3.4729E-13  8.3892E-07
 8.0675E+25  2.8413E-04  9.9972E-01  7.0019E+03  8.1828E-05  1.9342E-13  3.4729E-13  8.3566E-07
 8.0768E+25  2.8446E-04  9.9972E-01  7.0019E+03  8.1828E-05  1.9284E-13  3.4729E-13  8.3242E-07
 8.0860E+25  2.8479E-04  9.9972E-01  7.0019E+03  8.1828E-05  1.9227E-13  3.4729E-13  8.2899E-07
 8.0953E+25  2.8519E-04  9.9971E-01  7.0019E+03  8.1828E-05  1.9117E-13  3.4729E-13  8.2559E-07
 8.1045E+25  2.8556E-04  9.9971E-01  7.0019E+03  8.1828E-05  1.9007E-13  3.4729E-13  8.2226E-07
 8.1138E+25  2.8590E-04  9.9971E-01  7.0019E+03  8.1828E-05  1.8951E-13  3.4729E-13  8.1894E-07
 8.1230E+25  2.8624E-04  9.9971E-01  7.0018E+03  8.1828E-05  1.8896E-13  3.4729E-13  8.1546E-07
 8.1323E+25  2.8661E-04  9.9971E-01  7.0018E+03  8.1828E-05  1.8842E-13  3.4729E-13  8.1214E-07
 8.1416E+25  2.8697E-04  9.9971E-01  7.0018E+03  8.1828E-05  1.8789E-13  3.4729E-13  8.0858E-07
 8.1508E+25  2.8728E-04  9.9971E-01  7.0018E+03  8.1828E-05  1.8735E-13  3.4730E-13  8.0516E-07
 8.1601E+25  2.8762E-04  9.9971E-01  7.0018E+03  8.1828E-05  1.8588E-13  3.4730E-13  8.0164E-07
 8.1693E+25  2.8795E-04  9.9971E-01  7.0018E+03  8.1828E-05  1.8524E-13  3.4730E-13  7.9814E-07
 8.1786E+25  2.8831E-04  9.9971E-01  7.0018E+03  8.1828E-05  1.8471E-13  3.4730E-13  7.9459E-07
 8.1878E+25  2.8862E-04  9.9971E-01  7.0018E+03  8.1828E-05  1.8420E-13  3.4730E-13  7.9102E-07
 8.1971E+25  2.8896E-04  9.9971E-01  7.0018E+03  8.1828E-05  1.8370E-13  3.4730E-13  7.8751E-07
 8.2064E+25  2.8926E-04  9.9971E-01  7.0018E+03  8.1828E-05  1.8320E-13  3.4730E-13  7.8393E-07
 8.2156E+25  2.8962E-04  9.9971E-01  7.0018E+03  8.1828E-05  1.8254E-13  3.4730E-13  7.8062E-07
 8.2249E+25  2.8997E-04  9.9971E-01  7.0018E+03  8.1828E-05  1.8115E-13  3.4730E-13  7.7743E-07
 8.2341E+25  2.9026E-04  9.9971E-01  7.0017E+03  8.1828E-05  1.8066E-13  3.4730E-13  7.7411E-07
 8.2434E+25  2.9058E-04  9.9971E-01  7.0017E+03  8.1828E-05  1.8017E-13  3.4730E-13  7.7097E-07
 8.2526E+25  2.9091E-04  9.9971E-01  7.0017E+03  8.1828E-05  1.7969E-13  3.4730E-13  7.6819E-07
 8.2619E+25  2.9125E-04  9.9971E-01  7.0017E+03  8.1828E-05  1.7922E-13  3.4730E-13  7.6541E-07
 8.2712E+25  2.9153E-04  9.9971E-01  7.0017E+03  8.1828E-05  1.7876E-13  3.4730E-13  7.6236E-07
 8.2804E+25  2.9183E-04  9.9971E-01  7.0017E+03  8.1828E-05  1.7801E-13  3.4730E-13  7.5940E-07
 8.2897E+25  2.9214E-04  9.9971E-01  7.0017E+03  8.1828E-05  1.7678E-13  3.4730E-13  7.5655E-07
 8.2989E+25  2.9247E-04  9.9971E-01  7.0017E+03  8.1828E-05  1.7633E-13  3.4730E-13  7.5364E-07
 8.3082E+25  2.9277E-04  9.9971E-01  7.0017E+03  8.1828E-05  1.7588E-13  3.4730E-13  7.5063E-07
 8.3174E+25  2.9302E-04  9.9971E-01  7.0017E+03  8.1828E-05  1.7543E-13  3.4730E-13  7.4760E-07
 8.3267E+25  2.9335E-04  9.9971E-01  7.0017E+03  8.1828E-05  1.7499E-13  3.4730E-13  7.4465E-07
 8.3360E+25  2.9364E-04  9.9971E-01  7.0017E+03  8.1828E-05  1.7456E-13  3.4730E-13  7.4172E-07
 8.3452E+25  2.9396E-04  9.9971E-01  7.0017E+03  8.1828E-05  1.7386E-13  3.4730E-13  7.3860E-07
 8.3545E+25  2.9425E-04  9.9971E-01  7.0016E+03  8.1828E-05  1.7266E-13  3.4730E-13  7.3561E-07
 8.3637E+25  2.9452E-04  9.9971E-01  7.0016E+03  8.1828E-05  1.7223E-13  3.4730E-13  7.3245E-07
 8.3730E+25  2.9483E-04  9.9971E-01  7.0016E+03  8.1828E-05  1.7182E-13  3.4730E-13  7.2941E-07
 8.3822E+25  2.9512E-04  9.9970E-01  7.0016E+03  8.1828E-05  1.7140E-13  3.4730E-13  7.2627E-07
 8.3915E+25  2.9542E-04  9.9970E-01  7.0016E+03  8.1828E-05  1.7098E-13  3.4730E-13  7.2318E-07
 8.4008E+25  2.9569E-04  9.9970E-01  7.0016E+03  8.1828E-05  1.7057E-13  3.4730E-13  7.1999E-07
 8.4100E+25  2.9594E-04  9.9970E-01  7.0016E+03  8.1828E-05  1.7008E-13  3.4730E-13  7.1683E-07
 8.4193E+25  2.9624E-04  9.9970E-01  7.0016E+03  8.1828E-05  1.6874E-13  3.4730E-13  7.1368E-07
 8.4285E+25  2.9653E-04  9.9970E-01  7.0016E+03  8.1828E-05  1.6835E-13  3.4730E-13  7.1068E-07
 8.4378E+25  2.9680E-04  9.9970E-01  7.0016E+03  8.1828E-05  1.6796E-13  3.4730E-13  7.0780E-07
 8.4470E+25  2.9705E-04  9.9970E-01  7.0016E+03  8.1828E-05  1.6758E-13  3.4731E-13  7.0495E-07
 8.4563E+25  2.9730E-04  9.9970E-01  7.0016E+03  8.1828E-05  1.6719E-13  3.4731E-13  7.0205E-07
 8.4656E+25  2.9759E-04  9.9970E-01  7.0016E+03  8.1828E-05  1.6680E-13  3.4731E-13  6.9943E-07
 8.4748E+25  2.9787E-04  9.9970E-01  7.0015E+03  8.1828E-05  1.6642E-13  3.4731E-13  6.9700E-07
 8.4841E+25  2.9814E-04  9.9970E-01  7.0015E+03  8.1828E-05  1.6527E-13  3.4731E-13  6.9449E-07
 8.4933E+25  2.9839E-04  9.9970E-01  7.0015E+03  8.1828E-05  1.6468E-13  3.4731E-13  6.9189E-07
 8.5026E+25  2.9863E-04  9.9970E-01  7.0015E+03  8.1828E-05  1.6432E-13  3.4731E-13  6.8919E-07
 8.5118E+25  2.9894E-04  9.9970E-01  7.0015E+03  8.1828E-05  1.6395E-13  3.4731E-13  6.8661E-07
 8.5211E+25  2.9919E-04  9.9970E-01  7.0015E+03  8.1828E-05  1.6360E-13  3.4731E-13  6.8406E-07
 8.5304E+25  2.9944E-04  9.9970E-01  7.0015E+03  8.1828E-05  1.6323E-13  3.4731E-13  6.8148E-07
 8.5396E+25  2.9969E-04  9.9970E-01  7.0015E+03  8.1828E-05  1.6288E-13  3.4731E-13  6.7876E-07
 8.5489E+25  2.9991E-04  9.9970E-01  7.0015E+03  8.1828E-05  1.6223E-13  3.4731E-13  6.7615E-07
 8.5581E+25  3.0020E-04  9.9970E-01  7.0015E+03  8.1828E-05  1.6119E-13  3.4731E-13  6.7349E-07
 8.5674E+25  3.0044E-04  9.9970E-01  7.0015E+03  8.1828E-05  1.6085E-13  3.4731E-13  6.7084E-07
 8.5766E+25  3.0068E-04  9.9970E-01  7.0015E+03  8.1828E-05  1.6052E-13  3.4731E-13  6.6806E-07
 8.5859E+25  3.0093E-04  9.9970E-01  7.0015E+03  8.1828E-05  1.6019E-13  3.4731E-13  6.6537E-07
 8.5952E+25  3.0114E-04  9.9970E-01  7.0015E+03  8.1828E-05  1.5986E-13  3.4731E-13  6.6258E-07
 8.6044E+25  3.0139E-04  9.9970E-01  7.0014E+03  8.1828E-05  1.5952E-13  3.4731E-13  6.5985E-07
 8.6137E+25  3.0163E-04  9.9970E-01  7.0014E+03  8.1828E-05  1.5919E-13  3.4731E-13  6.5706E-07
 8.6229E+25  3.0189E-04  9.9970E-01  7.0014E+03  8.1828E-05  1.5822E-13  3.4731E-13  6.5428E-07
 8.6322E+25  3.0213E-04  9.9970E-01  7.0014E+03  8.1828E-05  1.5757E-13  3.4731E-13  6.5149E-07
 8.6414E+25  3.0234E-04  9.9970E-01  7.0014E+03  8.1828E-05  1.5727E-13  3.4731E-13  6.4862E-07
 8.6507E+25  3.0256E-04  9.9970E-01  7.0014E+03  8.1828E-05  1.5696E-13  3.4731E-13  6.4600E-07
 8.6600E+25  3.0283E-04  9.9970E-01  7.0014E+03  8.1828E-05  1.5665E-13  3.4731E-13  6.4345E-07
 8.6692E+25  3.0305E-04  9.9970E-01  7.0014E+03  8.1828E-05  1.5634E-13  3.4731E-13  6.4089E-07
 8.6785E+25  3.0327E-04  9.9970E-01  7.0014E+03  8.1828E-05  1.5603E-13  3.4731E-13  6.3834E-07
 8.6877E+25  3.0350E-04  9.9970E-01  7.0014E+03  8.1828E-05  1.5572E-13  3.4731E-13  6.3606E-07
 8.6970E+25  3.0370E-04  9.9970E-01  7.0014E+03  8.1828E-05  1.5461E-13  3.4731E-13  6.3382E-07
 8.7062E+25  3.0394E-04  9.9970E-01  7.0014E+03  8.1828E-05  1.5418E-13  3.4731E-13  6.3162E-07
 8.7155E+25  3.0417E-04  9.9970E-01  7.0014E+03  8.1828E-05  1.5389E-13  3.4731E-13  6.2937E-07
 8.7248E+25  3.0438E-04  9.9970E-01  7.0014E+03  8.1828E-05  1.5360E-13  3.4731E-13  6.2711E-07
 8.7340E+25  3.0459E-04  9.9970E-01  7.0014E+03  8.1828E-05  1.5332E-13  3.4731E-13  6.2471E-07
 8.7433E+25  3.0480E-04  9.9970E-01  7.0013E+03  8.1828E-05  1.5303E-13  3.4731E-13  6.2236E-07
 8.7525E+25  3.0501E-04  9.9969E-01  7.0013E+03  8.1828E-05  1.5275E-13  3.4731E-13  6.2013E-07
 8.7618E+25  3.0523E-04  9.9969E-01  7.0013E+03  8.1828E-05  1.5247E-13  3.4731E-13  6.1785E-07
 8.7710E+25  3.0546E-04  9.9969E-01  7.0013E+03  8.1828E-05  1.5137E-13  3.4731E-13  6.1551E-07
 8.7803E+25  3.0566E-04  9.9969E-01  7.0013E+03  8.1828E-05  1.5099E-13  3.4731E-13  6.1311E-07
 8.7896E+25  3.0588E-04  9.9969E-01  7.0013E+03  8.1828E-05  1.5072E-13  3.4732E-13  6.1076E-07
 8.7988E+25  3.0607E-04  9.9969E-01  7.0013E+03  8.1828E-05  1.5045E-13  3.4732E-13  6.0843E-07
 8.8081E+25  3.0626E-04  9.9969E-01  7.0013E+03  8.1828E-05  1.5019E-13  3.4732E-13  6.0592E-07
 8.8173E+25  3.0648E-04  9.9969E-01  7.0013E+03  8.1828E-05  1.4993E-13  3.4732E-13  6.0356E-07
 8.8266E+25  3.0670E-04  9.9969E-01  7.0013E+03  8.1828E-05  1.4966E-13  3.4732E-13  6.0106E-07
 8.8358E+25  3.0688E-04  9.9969E-01  7.0013E+03  8.1828E-05  1.4940E-13  3.4732E-13  5.9864E-07
 8.8451E+25  3.0709E-04  9.9969E-01  7.0013E+03  8.1828E-05  1.4849E-13  3.4732E-13  5.9615E-07
 8.8544E+25  3.0728E-04  9.9969E-01  7.0013E+03  8.1828E-05  1.4798E-13  3.4732E-13  5.9373E-07
 8.8636E+25  3.0746E-04  9.9969E-01  7.0013E+03  8.1828E-05  1.4774E-13  3.4732E-13  5.9116E-07
 8.8729E+25  3.0767E-04  9.9969E-01  7.0013E+03  8.1828E-05  1.4749E-13  3.4732E-13  5.8871E-07
 8.8821E+25  3.0787E-04  9.9969E-01  7.0013E+03  8.1828E-05  1.4724E-13  3.4732E-13  5.8642E-07
 8.8914E+25  3.0804E-04  9.9969E-01  7.0012E+03  8.1828E-05  1.4700E-13  3.4732E-13  5.8415E-07
 8.9006E+25  3.0824E-04  9.9969E-01  7.0012E+03  8.1828E-05  1.4676E-13  3.4732E-13  5.8186E-07
 8.9099E+25  3.0843E-04  9.9969E-01  7.0012E+03  8.1828E-05  1.4652E-13  3.4732E-13  5.7961E-07
 8.9192E+25  3.0861E-04  9.9969E-01  7.0012E+03  8.1828E-05  1.4594E-13  3.4732E-13  5.7767E-07
 8.9284E+25  3.0881E-04  9.9969E-01  7.0012E+03  8.1828E-05  1.4516E-13  3.4732E-13  5.7576E-07
 8.9377E+25  3.0902E-04  9.9969E-01  7.0012E+03  8.1828E-05  1.4493E-13  3.4732E-13  5.7374E-07
 8.9469E+25  3.0917E-04  9.9969E-01  7.0012E+03  8.1828E-05  1.4470E-13  3.4732E-13  5.7174E-07
 8.9562E+25  3.0937E-04  9.9969E-01  7.0012E+03  8.1828E-05  1.4447E-13  3.4732E-13  5.6974E-07
 8.9654E+25  3.0955E-04  9.9969E-01  7.0012E+03  8.1828E-05  1.4425E-13  3.4732E-13  5.6774E-07
 8.9747E+25  3.0971E-04  9.9969E-01  7.0012E+03  8.1828E-05  1.4402E-13  3.4732E-13  5.6562E-07
 8.9840E+25  3.0989E-04  9.9969E-01  7.0012E+03  8.1828E-05  1.4381E-13  3.4732E-13  5.6354E-07
 8.9932E+25  3.1010E-04  9.9969E-01  7.0012E+03  8.1828E-05  1.4358E-13  3.4732E-13  5.6155E-07
 9.0025E+25  3.1026E-04  9.9969E-01  7.0012E+03  8.1828E-05  1.4263E-13  3.4732E-13  5.5954E-07
 9.0117E+25  3.1042E-04  9.9969E-01  7.0012E+03  8.1828E-05  1.4229E-13  3.4732E-13  5.5747E-07
 9.0210E+25  3.1060E-04  9.9969E-01  7.0012E+03  8.1828E-05  1.4208E-13  3.4732E-13  5.5532E-07
 9.0302E+25  3.1077E-04  9.9969E-01  7.0012E+03  8.1828E-05  1.4187E-13  3.4732E-13  5.5321E-07
 9.0395E+25  3.1093E-04  9.9969E-01  7.0012E+03  8.1828E-05  1.4166E-13  3.4732E-13  5.5114E-07
 9.0487E+25  3.1111E-04  9.9969E-01  7.0012E+03  8.1828E-05  1.4145E-13  3.4732E-13  5.4889E-07
 9.0580E+25  3.1129E-04  9.9969E-01  7.0011E+03  8.1828E-05  1.4124E-13  3.4732E-13  5.4680E-07
 9.0673E+25  3.1143E-04  9.9969E-01  7.0011E+03  8.1828E-05  1.4104E-13  3.4732E-13  5.4459E-07
 9.0765E+25  3.1160E-04  9.9969E-01  7.0011E+03  8.1828E-05  1.4072E-13  3.4732E-13  5.4242E-07
 9.0858E+25  3.1179E-04  9.9969E-01  7.0011E+03  8.1828E-05  1.3981E-13  3.4732E-13  5.4021E-07
 9.0950E+25  3.1194E-04  9.9969E-01  7.0011E+03  8.1828E-05  1.3961E-13  3.4732E-13  5.3804E-07
 9.1043E+25  3.1211E-04  9.9969E-01  7.0011E+03  8.1828E-05  1.3941E-13  3.4732E-13  5.3577E-07
 9.1135E+25  3.1228E-04  9.9969E-01  7.0011E+03  8.1828E-05  1.3922E-13  3.4732E-13  5.3371E-07
 9.1228E+25  3.1244E-04  9.9969E-01  7.0011E+03  8.1828E-05  1.3903E-13  3.4732E-13  5.3169E-07
 9.1321E+25  3.1257E-04  9.9969E-01  7.0011E+03  8.1828E-05  1.3883E-13  3.4732E-13  5.2965E-07
 9.1413E+25  3.1274E-04  9.9969E-01  7.0011E+03  8.1828E-05  1.3864E-13  3.4732E-13  5.2761E-07
 9.1506E+25  3.1290E-04  9.9969E-01  7.0011E+03  8.1828E-05  1.3845E-13  3.4732E-13  5.2579E-07
 9.1598E+25  3.1305E-04  9.9969E-01  7.0011E+03  8.1828E-05  1.3811E-13  3.4732E-13  5.2410E-07
 9.1691E+25  3.1321E-04  9.9969E-01  7.0011E+03  8.1828E-05  1.3729E-13  3.4732E-13  5.2241E-07
 9.1783E+25  3.1337E-04  9.9969E-01  7.0011E+03  8.1828E-05  1.3710E-13  3.4732E-13  5.2063E-07
 9.1876E+25  3.1352E-04  9.9969E-01  7.0011E+03  8.1828E-05  1.3692E-13  3.4732E-13  5.1883E-07
 9.1969E+25  3.1364E-04  9.9969E-01  7.0011E+03  8.1828E-05  1.3674E-13  3.4733E-13  5.1706E-07
 9.2061E+25  3.1380E-04  9.9969E-01  7.0011E+03  8.1828E-05  1.3656E-13  3.4733E-13  5.1528E-07
 9.2154E+25  3.1395E-04  9.9969E-01  7.0011E+03  8.1828E-05  1.3639E-13  3.4733E-13  5.1352E-07
 9.2246E+25  3.1410E-04  9.9969E-01  7.0011E+03  8.1828E-05  1.3621E-13  3.4733E-13  5.1160E-07
 9.2339E+25  3.1425E-04  9.9969E-01  7.0010E+03  8.1828E-05  1.3603E-13  3.4733E-13  5.0979E-07
 9.2431E+25  3.1439E-04  9.9969E-01  7.0010E+03  8.1828E-05  1.3582E-13  3.4733E-13  5.0803E-07
 9.2524E+25  3.1456E-04  9.9969E-01  7.0010E+03  8.1828E-05  1.3494E-13  3.4733E-13  5.0623E-07
