 4.6285E+22  3.2681E-11  1.1689E+04  7.4643E-05  1.0000E+00  7.1845E-06
 1.3886E+23  2.2871E-10  1.1692E+04  7.4643E-05  1.0000E+00  7.1845E-06
 2.3143E+23  6.2031E-10  1.1705E+04  7.4643E-05  1.0000E+00  7.1845E-06
 3.2400E+23  1.2060E-09  1.1732E+04  7.4643E-05  1.0000E+00  7.1845E-06
 4.1657E+23  1.9823E-09  1.1780E+04  7.4643E-05  1.0000E+00  7.1845E-06
 5.0914E+23  2.9433E-09  1.1859E+04  7.4643E-05  1.0000E+00  7.1845E-06
 6.0171E+23  4.0761E-09  1.1981E+04  7.4643E-05  1.0000E+00  7.1845E-06
 6.9428E+23  5.3689E-09  1.2156E+04  7.4643E-05  1.0000E+00  7.1845E-06
 7.8685E+23  6.7886E-09  1.2413E+04  7.4643E-05  1.0000E+00  7.1845E-06
 8.7942E+23  8.3056E-09  1.2771E+04  7.4643E-05  1.0000E+00  7.1845E-06
 9.7199E+23  9.9019E-09  1.3204E+04  7.4643E-05  1.0000E+00  7.1845E-06
 1.0646E+24  1.1598E-08  1.3641E+04  7.4643E-05  1.0000E+00  7.1845E-06
 1.1571E+24  1.3472E-08  1.3958E+04  7.4643E-05  1.0000E+00  7.1845E-06
 1.2497E+24  1.5581E-08  1.4129E+04  7.4643E-05  1.0000E+00  7.1845E-06
 1.3423E+24  1.7876E-08  1.4223E+04  7.4643E-05  1.0000E+00  7.1845E-06
 1.4348E+24  2.0325E-08  1.4323E+04  7.4643E-05  9.9999E-01  7.1845E-06
 1.5274E+24  2.2913E-08  1.4423E+04  7.4643E-05  9.9999E-01  7.1845E-06
 1.6200E+24  2.5655E-08  1.4516E+04  7.4643E-05  9.9999E-01  7.1845E-06
 1.7126E+24  2.8532E-08  1.4607E+04  7.4643E-05  9.9999E-01  7.1845E-06
 1.8051E+24  3.1578E-08  1.4689E+04  7.4643E-05  9.9999E-01  7.1845E-06
 1.8977E+24  3.4751E-08  1.4768E+04  7.4643E-05  9.9999E-01  7.1845E-06
 1.9903E+24  3.8092E-08  1.4845E+04  7.4643E-05  9.9999E-01  7.1845E-06
 2.0828E+24  4.1552E-08  1.4919E+04  7.4643E-05  9.9999E-01  7.1845E-06
 2.1754E+24  4.5163E-08  1.4991E+04  7.4643E-05  9.9999E-01  7.1845E-06
 2.2680E+24  4.8920E-08  1.5062E+04  7.4643E-05  9.9999E-01  7.1845E-06
 2.3605E+24  5.2830E-08  1.5130E+04  7.4643E-05  9.9999E-01  7.1845E-06
 2.4531E+24  5.6871E-08  1.5193E+04  7.4643E-05  9.9999E-01  7.1845E-06
 2.5457E+24  6.1047E-08  1.5258E+04  7.4643E-05  9.9998E-01  7.1845E-06
 2.6383E+24  6.5396E-08  1.5321E+04  7.4643E-05  9.9998E-01  7.1845E-06
 2.7308E+24  6.9838E-08  1.5380E+04  7.4643E-05  9.9998E-01  7.1845E-06
 2.8234E+24  7.4445E-08  1.5440E+04  7.4643E-05  9.9998E-01  7.1845E-06
 2.9160E+24  7.9166E-08  1.5497E+04  7.4643E-05  9.9998E-01  7.1845E-06
 3.0085E+24  8.4106E-08  1.5552E+04  7.4643E-05  9.9998E-01  7.1845E-06
 3.1011E+24  8.9135E-08  1.5608E+04  7.4643E-05  9.9998E-01  7.1845E-06
 3.1937E+24  9.4270E-08  1.5661E+04  7.4643E-05  9.9998E-01  7.1845E-06
 3.2862E+24  9.9552E-08  1.5712E+04  7.4643E-05  9.9997E-01  7.1845E-06
 3.3788E+24  1.0494E-07  1.5763E+04  7.4643E-05  9.9997E-01  7.1845E-06
 3.4714E+24  1.1050E-07  1.5813E+04  7.4643E-05  9.9997E-01  7.1845E-06
 3.5640E+24  1.1625E-07  1.5862E+04  7.4643E-05  9.9997E-01  7.1845E-06
 3.6565E+24  1.2222E-07  1.5908E+04  7.4643E-05  9.9997E-01  7.1845E-06
 3.7491E+24  1.2801E-07  1.5955E+04  7.4643E-05  9.9997E-01  7.1845E-06
 3.8417E+24  1.3425E-07  1.6001E+04  7.4643E-05  9.9997E-01  7.1845E-06
 3.9342E+24  1.4045E-07  1.6044E+04  7.4643E-05  9.9996E-01  7.1845E-06
 4.0268E+24  1.4694E-07  1.6089E+04  7.4643E-05  9.9996E-01  7.1845E-06
 4.1194E+24  1.5327E-07  1.6131E+04  7.4643E-05  9.9996E-01  7.1845E-06
 4.2120E+24  1.6014E-07  1.6173E+04  7.4643E-05  9.9996E-01  7.1845E-06
 4.3045E+24  1.6693E-07  1.6213E+04  7.4643E-05  9.9996E-01  7.1845E-06
 4.3971E+24  1.7364E-07  1.6254E+04  7.4643E-05  9.9996E-01  7.1845E-06
 4.4897E+24  1.8080E-07  1.6293E+04  7.4643E-05  9.9995E-01  7.1845E-06
 4.5822E+24  1.8805E-07  1.6332E+04  7.4643E-05  9.9995E-01  7.1845E-06
 4.6748E+24  1.9541E-07  1.6370E+04  7.4643E-05  9.9995E-01  7.1845E-06
 4.7674E+24  2.0288E-07  1.6407E+04  7.4643E-05  9.9995E-01  7.1845E-06
 4.8599E+24  2.1045E-07  1.6444E+04  7.4643E-05  9.9995E-01  7.1845E-06
 4.9525E+24  2.1816E-07  1.6480E+04  7.4643E-05  9.9994E-01  7.1845E-06
 5.0451E+24  2.2602E-07  1.6515E+04  7.4643E-05  9.9994E-01  7.1845E-06
 5.1377E+24  2.3402E-07  1.6550E+04  7.4643E-05  9.9994E-01  7.1845E-06
 5.2302E+24  2.4219E-07  1.6584E+04  7.4643E-05  9.9994E-01  7.1845E-06
 5.3228E+24  2.5056E-07  1.6618E+04  7.4643E-05  9.9994E-01  7.1845E-06
 5.4154E+24  2.5912E-07  1.6651E+04  7.4643E-05  9.9993E-01  7.1845E-06
 5.5079E+24  2.6720E-07  1.6683E+04  7.4643E-05  9.9993E-01  7.1845E-06
 5.6005E+24  2.7584E-07  1.6715E+04  7.4643E-05  9.9993E-01  7.1845E-06
 5.6931E+24  2.8494E-07  1.6747E+04  7.4643E-05  9.9993E-01  7.1845E-06
 5.7856E+24  2.9417E-07  1.6778E+04  7.4643E-05  9.9992E-01  7.1845E-06
 5.8782E+24  3.0234E-07  1.6809E+04  7.4643E-05  9.9992E-01  7.1845E-06
 5.9708E+24  3.1212E-07  1.6839E+04  7.4643E-05  9.9992E-01  7.1845E-06
 6.0634E+24  3.2156E-07  1.6868E+04  7.4643E-05  9.9992E-01  7.1845E-06
 6.1559E+24  3.3043E-07  1.6897E+04  7.4643E-05  9.9991E-01  7.1845E-06
 6.2485E+24  3.4105E-07  1.6926E+04  7.4643E-05  9.9991E-01  7.1845E-06
 6.3411E+24  3.4943E-07  1.6954E+04  7.4643E-05  9.9991E-01  7.1845E-06
 6.4336E+24  3.6051E-07  1.6982E+04  7.4643E-05  9.9991E-01  7.1845E-06
 6.5262E+24  3.6935E-07  1.7009E+04  7.4643E-05  9.9990E-01  7.1845E-06
 6.6188E+24  3.8072E-07  1.7036E+04  7.4643E-05  9.9990E-01  7.1845E-06
 6.7113E+24  3.8955E-07  1.7063E+04  7.4643E-05  9.9990E-01  7.1845E-06
 6.8039E+24  4.0134E-07  1.7090E+04  7.4643E-05  9.9990E-01  7.1845E-06
 6.8965E+24  4.1051E-07  1.7116E+04  7.4643E-05  9.9989E-01  7.1845E-06
 6.9891E+24  4.2190E-07  1.7142E+04  7.4643E-05  9.9989E-01  7.1845E-06
 7.0816E+24  4.3287E-07  1.7167E+04  7.4643E-05  9.9989E-01  7.1845E-06
 7.1742E+24  4.4279E-07  1.7192E+04  7.4643E-05  9.9989E-01  7.1845E-06
 7.2668E+24  4.5489E-07  1.7217E+04  7.4643E-05  9.9988E-01  7.1845E-06
 7.3593E+24  4.6564E-07  1.7242E+04  7.4643E-05  9.9988E-01  7.1845E-06
 7.4519E+24  4.7625E-07  1.7266E+04  7.4643E-05  9.9988E-01  7.1845E-06
 7.5445E+24  4.8855E-07  1.7290E+04  7.4643E-05  9.9987E-01  7.1845E-06
 7.6371E+24  5.0055E-07  1.7313E+04  7.4643E-05  9.9987E-01  7.1845E-06
 7.7296E+24  5.1051E-07  1.7337E+04  7.4643E-05  9.9987E-01  7.1845E-06
 7.8222E+24  5.2298E-07  1.7360E+04  7.4643E-05  9.9986E-01  7.1845E-06
 7.9148E+24  5.3555E-07  1.7383E+04  7.4643E-05  9.9986E-01  7.1845E-06
 8.0073E+24  5.4820E-07  1.7405E+04  7.4643E-05  9.9986E-01  7.1845E-06
 8.0999E+24  5.5838E-07  1.7428E+04  7.4643E-05  9.9986E-01  7.1845E-06
 8.1925E+24  5.7114E-07  1.7450E+04  7.4643E-05  9.9985E-01  7.1845E-06
 8.2850E+24  5.8401E-07  1.7472E+04  7.4643E-05  9.9985E-01  7.1845E-06
 8.3776E+24  5.9695E-07  1.7494E+04  7.4643E-05  9.9985E-01  7.1845E-06
 8.4702E+24  6.0998E-07  1.7515E+04  7.4643E-05  9.9984E-01  7.1845E-06
 8.5628E+24  6.2260E-07  1.7536E+04  7.4643E-05  9.9984E-01  7.1845E-06
 8.6553E+24  6.3432E-07  1.7557E+04  7.4643E-05  9.9984E-01  7.1845E-06
 8.7479E+24  6.4760E-07  1.7578E+04  7.4643E-05  9.9983E-01  7.1845E-06
 8.8405E+24  6.6099E-07  1.7599E+04  7.4643E-05  9.9983E-01  7.1845E-06
 8.9330E+24  6.7448E-07  1.7619E+04  7.4643E-05  9.9982E-01  7.1845E-06
 9.0256E+24  6.8805E-07  1.7639E+04  7.4643E-05  9.9982E-01  7.1845E-06
 9.1182E+24  7.0171E-07  1.7659E+04  7.4643E-05  9.9982E-01  7.1845E-06
 9.2107E+24  7.1547E-07  1.7679E+04  7.4643E-05  9.9981E-01  7.1845E-06
 9.3033E+24  7.2932E-07  1.7698E+04  7.4643E-05  9.9981E-01  7.1845E-06
 9.3959E+24  7.4327E-07  1.7718E+04  7.4643E-05  9.9981E-01  7.1845E-06
 9.4885E+24  7.5733E-07  1.7737E+04  7.4643E-05  9.9980E-01  7.1845E-06
 9.5810E+24  7.7149E-07  1.7756E+04  7.4643E-05  9.9980E-01  7.1845E-06
 9.6736E+24  7.8576E-07  1.7775E+04  7.4643E-05  9.9980E-01  7.1845E-06
 9.7662E+24  8.0015E-07  1.7793E+04  7.4643E-05  9.9979E-01  7.1845E-06
 9.8587E+24  8.1466E-07  1.7812E+04  7.4643E-05  9.9979E-01  7.1845E-06
 9.9513E+24  8.2930E-07  1.7830E+04  7.4643E-05  9.9978E-01  7.1845E-06
 1.0044E+25  8.4407E-07  1.7849E+04  7.4643E-05  9.9978E-01  7.1845E-06
 1.0136E+25  8.5899E-07  1.7867E+04  7.4643E-05  9.9978E-01  7.1845E-06
 1.0229E+25  8.7405E-07  1.7884E+04  7.4643E-05  9.9977E-01  7.1845E-06
 1.0322E+25  8.8927E-07  1.7902E+04  7.4643E-05  9.9976E-01  7.1845E-06
 1.0414E+25  9.0465E-07  1.7920E+04  7.4643E-05  9.9976E-01  7.1845E-06
 1.0507E+25  9.2020E-07  1.7937E+04  7.4643E-05  9.9974E-01  7.1845E-06
 1.0599E+25  9.3592E-07  1.7954E+04  7.4643E-05  9.9972E-01  7.1845E-06
 1.0692E+25  9.5185E-07  1.7971E+04  7.4643E-05  9.9969E-01  7.1845E-06
 1.0784E+25  9.6798E-07  1.7988E+04  7.4643E-05  9.9963E-01  7.1845E-06
 1.0877E+25  9.8431E-07  1.8004E+04  7.4643E-05  9.9952E-01  7.1845E-06
 1.0970E+25  1.0008E-06  1.8020E+04  7.4643E-05  9.9932E-01  7.1845E-06
 1.1062E+25  1.0149E-06  1.8035E+04  7.4643E-05  9.9897E-01  7.1845E-06
 1.1155E+25  1.0308E-06  1.8049E+04  7.4643E-05  9.9835E-01  7.1845E-06
 1.1247E+25  1.0477E-06  1.8061E+04  7.4643E-05  9.9726E-01  7.1845E-06
 1.1340E+25  1.0650E-06  1.8069E+04  7.4643E-05  9.9539E-01  7.1845E-06
 1.1432E+25  1.0827E-06  1.8072E+04  7.4643E-05  9.9217E-01  7.1845E-06
 1.1525E+25  1.1009E-06  1.8065E+04  7.4643E-05  9.8675E-01  7.1845E-06
 1.1618E+25  1.1198E-06  1.8043E+04  7.4643E-05  9.7775E-01  7.1845E-06
 1.1710E+25  1.1359E-06  1.7996E+04  7.4643E-05  9.6313E-01  7.1845E-06
 1.1803E+25  1.1546E-06  1.7912E+04  7.4643E-05  9.4006E-01  7.1845E-06
 1.1895E+25  1.1774E-06  1.7773E+04  7.4643E-05  9.0503E-01  7.1845E-06
 1.1988E+25  1.2031E-06  1.7557E+04  7.4643E-05  8.5465E-01  7.1845E-06
 1.2080E+25  1.2327E-06  1.7247E+04  7.4643E-05  7.8714E-01  7.1845E-06
 1.2173E+25  1.2674E-06  1.6831E+04  7.4643E-05  7.0431E-01  7.1845E-06
 1.2266E+25  1.3031E-06  1.6318E+04  7.4643E-05  6.1239E-01  7.1845E-06
 1.2358E+25  1.3482E-06  1.5736E+04  7.4643E-05  5.2023E-01  7.1845E-06
 1.2451E+25  1.4005E-06  1.5123E+04  7.4643E-05  4.3583E-01  7.1845E-06
 1.2543E+25  1.4569E-06  1.4516E+04  7.4643E-05  3.6377E-01  7.1845E-06
 1.2636E+25  1.5160E-06  1.3941E+04  7.4643E-05  3.0499E-01  7.1845E-06
 1.2728E+25  1.5766E-06  1.3411E+04  7.4643E-05  2.5814E-01  7.1845E-06
 1.2821E+25  1.6376E-06  1.2931E+04  7.4643E-05  2.2102E-01  7.1845E-06
 1.2914E+25  1.6984E-06  1.2500E+04  7.4643E-05  1.9146E-01  7.1845E-06
 1.3006E+25  1.7583E-06  1.2115E+04  7.4643E-05  1.6768E-01  7.1845E-06
 1.3099E+25  1.8152E-06  1.1770E+04  7.4643E-05  1.4829E-01  7.1845E-06
 1.3191E+25  1.8741E-06  1.1461E+04  7.4643E-05  1.3226E-01  7.1845E-06
 1.3284E+25  1.9322E-06  1.1182E+04  7.4643E-05  1.1884E-01  7.1845E-06
 1.3376E+25  1.9897E-06  1.0931E+04  7.4643E-05  1.0748E-01  7.1845E-06
 1.3469E+25  2.0461E-06  1.0703E+04  7.4643E-05  9.7759E-02  7.1845E-06
 1.3562E+25  2.1022E-06  1.0496E+04  7.4643E-05  8.9361E-02  7.1845E-06
 1.3654E+25  2.1574E-06  1.0307E+04  7.4643E-05  8.2047E-02  7.1845E-06
 1.3747E+25  2.2122E-06  1.0134E+04  7.4643E-05  7.5629E-02  7.1845E-06
 1.3839E+25  2.2665E-06  9.9751E+03  7.4643E-05  6.9960E-02  7.1845E-06
 1.3932E+25  2.3204E-06  9.8286E+03  7.4643E-05  6.4923E-02  7.1845E-06
 1.4024E+25  2.3738E-06  9.6932E+03  7.4643E-05  6.0423E-02  7.1845E-06
 1.4117E+25  2.4270E-06  9.5679E+03  7.4643E-05  5.6384E-02  7.1845E-06
 1.4210E+25  2.4799E-06  9.4515E+03  7.4643E-05  5.2741E-02  7.1845E-06
 1.4302E+25  2.5326E-06  9.3431E+03  7.4643E-05  4.9444E-02  7.1845E-06
 1.4395E+25  2.5852E-06  9.2421E+03  7.4643E-05  4.6448E-02  7.1845E-06
 1.4487E+25  2.6377E-06  9.1477E+03  7.4643E-05  4.3716E-02  7.1845E-06
 1.4580E+25  2.6853E-06  9.0593E+03  7.4643E-05  4.1217E-02  7.1845E-06
 1.4672E+25  2.7351E-06  8.9765E+03  7.4643E-05  3.8924E-02  7.1845E-06
 1.4765E+25  2.7868E-06  8.8986E+03  7.4643E-05  3.6816E-02  7.1845E-06
 1.4858E+25  2.8385E-06  8.8254E+03  7.4643E-05  3.4871E-02  7.1845E-06
 1.4950E+25  2.8903E-06  8.7564E+03  7.4643E-05  3.3073E-02  7.1845E-06
 1.5043E+25  2.9422E-06  8.6913E+03  7.4643E-05  3.1408E-02  7.1845E-06
 1.5135E+25  2.9946E-06  8.6298E+03  7.4643E-05  2.9862E-02  7.1845E-06
 1.5228E+25  3.0470E-06  8.5716E+03  7.4643E-05  2.8424E-02  7.1845E-06
 1.5320E+25  3.0997E-06  8.5165E+03  7.4643E-05  2.7085E-02  7.1845E-06
 1.5413E+25  3.1414E-06  8.4643E+03  7.4643E-05  2.5834E-02  7.1845E-06
 1.5506E+25  3.1915E-06  8.4148E+03  7.4643E-05  2.4665E-02  7.1845E-06
 1.5598E+25  3.2443E-06  8.3677E+03  7.4643E-05  2.3570E-02  7.1845E-06
 1.5691E+25  3.2975E-06  8.3229E+03  7.4643E-05  2.2543E-02  7.1845E-06
 1.5783E+25  3.3512E-06  8.2803E+03  7.4643E-05  2.1579E-02  7.1845E-06
 1.5876E+25  3.4055E-06  8.2398E+03  7.4643E-05  2.0673E-02  7.1845E-06
 1.5968E+25  3.4481E-06  8.2011E+03  7.4643E-05  1.9819E-02  7.1845E-06
 1.6061E+25  3.4949E-06  8.1641E+03  7.4643E-05  1.9015E-02  7.1845E-06
 1.6154E+25  3.5497E-06  8.1289E+03  7.4643E-05  1.8255E-02  7.1845E-06
 1.6246E+25  3.6052E-06  8.0952E+03  7.4643E-05  1.7538E-02  7.1845E-06
 1.6339E+25  3.6616E-06  8.0630E+03  7.4643E-05  1.6860E-02  7.1845E-06
 1.6431E+25  3.7046E-06  8.0321E+03  7.4643E-05  1.6218E-02  7.1845E-06
 1.6524E+25  3.7495E-06  8.0026E+03  7.4643E-05  1.5609E-02  7.1845E-06
 1.6616E+25  3.8068E-06  7.9743E+03  7.4643E-05  1.5033E-02  7.1845E-06
 1.6709E+25  3.8652E-06  7.9472E+03  7.4643E-05  1.4485E-02  7.1845E-06
 1.6802E+25  3.9202E-06  7.9211E+03  7.4643E-05  1.3964E-02  7.1845E-06
 1.6894E+25  3.9525E-06  7.8962E+03  7.4643E-05  1.3470E-02  7.1845E-06
 1.6987E+25  4.0121E-06  7.8722E+03  7.4643E-05  1.2999E-02  7.1845E-06
 1.7079E+25  4.0731E-06  7.8491E+03  7.4643E-05  1.2551E-02  7.1845E-06
 1.7172E+25  4.1293E-06  7.8269E+03  7.4643E-05  1.2123E-02  7.1845E-06
 1.7264E+25  4.1599E-06  7.8056E+03  7.4643E-05  1.1716E-02  7.1845E-06
 1.7357E+25  4.2225E-06  7.7851E+03  7.4643E-05  1.1327E-02  7.1845E-06
 1.7450E+25  4.2867E-06  7.7653E+03  7.4643E-05  1.0956E-02  7.1845E-06
 1.7542E+25  4.3304E-06  7.7462E+03  7.4643E-05  1.0601E-02  7.1845E-06
 1.7635E+25  4.3736E-06  7.7279E+03  7.4643E-05  1.0262E-02  7.1845E-06
 1.7727E+25  4.4402E-06  7.7102E+03  7.4643E-05  9.9369E-03  7.1845E-06
 1.7820E+25  4.5043E-06  7.6931E+03  7.4643E-05  9.6261E-03  7.1845E-06
 1.7912E+25  4.5276E-06  7.6766E+03  7.4643E-05  9.3288E-03  7.1845E-06
 1.8005E+25  4.5963E-06  7.6607E+03  7.4643E-05  9.0432E-03  7.1845E-06
 1.8097E+25  4.6670E-06  7.6454E+03  7.4643E-05  8.7701E-03  7.1845E-06
 1.8190E+25  4.6917E-06  7.6305E+03  7.4643E-05  8.5077E-03  7.1845E-06
 1.8283E+25  4.7557E-06  7.6162E+03  7.4643E-05  8.2557E-03  7.1845E-06
 1.8375E+25  4.8297E-06  7.6023E+03  7.4643E-05  8.0143E-03  7.1845E-06
 1.8468E+25  4.8570E-06  7.5889E+03  7.4643E-05  7.7817E-03  7.1845E-06
 1.8560E+25  4.9187E-06  7.5759E+03  7.4643E-05  7.5588E-03  7.1845E-06
 1.8653E+25  4.9964E-06  7.5633E+03  7.4643E-05  7.3438E-03  7.1845E-06
 1.8745E+25  5.0188E-06  7.5512E+03  7.4643E-05  7.1375E-03  7.1845E-06
 1.8838E+25  5.0867E-06  7.5394E+03  7.4643E-05  6.9386E-03  7.1845E-06
 1.8931E+25  5.1664E-06  7.5280E+03  7.4643E-05  6.7473E-03  7.1845E-06
 1.9023E+25  5.1781E-06  7.5169E+03  7.4643E-05  6.5630E-03  7.1845E-06
 1.9116E+25  5.2602E-06  7.5062E+03  7.4643E-05  6.3854E-03  7.1845E-06
 1.9208E+25  5.3241E-06  7.4958E+03  7.4643E-05  6.2142E-03  7.1845E-06
 1.9301E+25  5.3518E-06  7.4857E+03  7.4643E-05  6.0491E-03  7.1845E-06
 1.9393E+25  5.4397E-06  7.4760E+03  7.4643E-05  5.8899E-03  7.1845E-06
 1.9486E+25  5.4765E-06  7.4665E+03  7.4643E-05  5.7362E-03  7.1845E-06
 1.9579E+25  5.5335E-06  7.4573E+03  7.4643E-05  5.5879E-03  7.1845E-06
 1.9671E+25  5.6222E-06  7.4483E+03  7.4643E-05  5.4447E-03  7.1845E-06
 1.9764E+25  5.6286E-06  7.4396E+03  7.4643E-05  5.3061E-03  7.1845E-06
 1.9856E+25  5.7228E-06  7.4312E+03  7.4643E-05  5.1727E-03  7.1845E-06
 1.9949E+25  5.7689E-06  7.4230E+03  7.4643E-05  5.0431E-03  7.1845E-06
 2.0041E+25  5.8200E-06  7.4150E+03  7.4643E-05  4.9186E-03  7.1845E-06
 2.0134E+25  5.9129E-06  7.4073E+03  7.4643E-05  4.7973E-03  7.1845E-06
 2.0227E+25  5.9181E-06  7.3998E+03  7.4643E-05  4.6807E-03  7.1845E-06
 2.0319E+25  6.0210E-06  7.3924E+03  7.4643E-05  4.5673E-03  7.1845E-06
 2.0412E+25  6.0526E-06  7.3853E+03  7.4643E-05  4.4579E-03  7.1845E-06
 2.0504E+25  6.1224E-06  7.3784E+03  7.4643E-05  4.3518E-03  7.1845E-06
 2.0597E+25  6.1947E-06  7.3716E+03  7.4643E-05  4.2489E-03  7.1845E-06
 2.0689E+25  6.2244E-06  7.3651E+03  7.4643E-05  4.1497E-03  7.1845E-06
 2.0782E+25  6.3351E-06  7.3586E+03  7.4643E-05  4.0528E-03  7.1845E-06
 2.0875E+25  6.3296E-06  7.3524E+03  7.4643E-05  3.9596E-03  7.1845E-06
 2.0967E+25  6.4443E-06  7.3464E+03  7.4643E-05  3.8688E-03  7.1845E-06
 2.1060E+25  6.4665E-06  7.3404E+03  7.4643E-05  3.7808E-03  7.1845E-06
 2.1152E+25  6.5522E-06  7.3347E+03  7.4643E-05  3.6958E-03  7.1845E-06
 2.1245E+25  6.6054E-06  7.3291E+03  7.4643E-05  3.6126E-03  7.1845E-06
 2.1337E+25  6.6619E-06  7.3236E+03  7.4643E-05  3.5326E-03  7.1845E-06
 2.1430E+25  6.7438E-06  7.3183E+03  7.4643E-05  3.4546E-03  7.1845E-06
 2.1523E+25  6.7729E-06  7.3131E+03  7.4643E-05  3.3786E-03  7.1845E-06
 2.1615E+25  6.8812E-06  7.3080E+03  7.4643E-05  3.3055E-03  7.1845E-06
 2.1708E+25  6.8861E-06  7.3031E+03  7.4643E-05  3.2338E-03  7.1845E-06
 2.1800E+25  7.0173E-06  7.2982E+03  7.4643E-05  3.1644E-03  7.1845E-06
 2.1893E+25  7.0023E-06  7.2935E+03  7.4643E-05  3.0971E-03  7.1845E-06
 2.1985E+25  7.1405E-06  7.2889E+03  7.4643E-05  3.0312E-03  7.1845E-06
 2.2078E+25  7.1327E-06  7.2844E+03  7.4643E-05  2.9677E-03  7.1845E-06
 2.2171E+25  7.2618E-06  7.2801E+03  7.4643E-05  2.9058E-03  7.1845E-06
 2.2263E+25  7.2659E-06  7.2758E+03  7.4643E-05  2.8452E-03  7.1845E-06
 2.2356E+25  7.3859E-06  7.2716E+03  7.4643E-05  2.7868E-03  7.1845E-06
 2.2448E+25  7.3986E-06  7.2675E+03  7.4643E-05  2.7297E-03  7.1845E-06
 2.2541E+25  7.5126E-06  7.2635E+03  7.4643E-05  2.6739E-03  7.1845E-06
 2.2633E+25  7.5304E-06  7.2597E+03  7.4643E-05  2.6201E-03  7.1845E-06
 2.2726E+25  7.6421E-06  7.2559E+03  7.4643E-05  2.5675E-03  7.1845E-06
 2.2819E+25  7.6611E-06  7.2521E+03  7.4643E-05  2.5160E-03  7.1845E-06
 2.2911E+25  7.7746E-06  7.2485E+03  7.4643E-05  2.4663E-03  7.1845E-06
 2.3004E+25  7.7908E-06  7.2450E+03  7.4643E-05  2.4177E-03  7.1845E-06
 2.3096E+25  7.9104E-06  7.2415E+03  7.4643E-05  2.3701E-03  7.1845E-06
 2.3189E+25  7.9194E-06  7.2381E+03  7.4643E-05  2.3241E-03  7.1845E-06
 2.3281E+25  8.0495E-06  7.2348E+03  7.4643E-05  2.2792E-03  7.1845E-06
 2.3374E+25  8.0469E-06  7.2315E+03  7.4643E-05  2.2351E-03  7.1845E-06
 2.3467E+25  8.1922E-06  7.2283E+03  7.4643E-05  2.1925E-03  7.1845E-06
 2.3559E+25  8.1733E-06  7.2252E+03  7.4643E-05  2.1510E-03  7.1845E-06
 2.3652E+25  8.3367E-06  7.2222E+03  7.4643E-05  2.1101E-03  7.1845E-06
 2.3744E+25  8.3007E-06  7.2192E+03  7.4643E-05  2.0704E-03  7.1845E-06
 2.3837E+25  8.4655E-06  7.2163E+03  7.4643E-05  2.0320E-03  7.1845E-06
 2.3929E+25  8.4464E-06  7.2134E+03  7.4643E-05  1.9941E-03  7.1845E-06
 2.4022E+25  8.5905E-06  7.2106E+03  7.4643E-05  1.9572E-03  7.1845E-06
 2.4115E+25  8.5990E-06  7.2079E+03  7.4643E-05  1.9215E-03  7.1845E-06
 2.4207E+25  8.7140E-06  7.2052E+03  7.4643E-05  1.8864E-03  7.1845E-06
 2.4300E+25  8.7562E-06  7.2026E+03  7.4643E-05  1.8520E-03  7.1845E-06
 2.4392E+25  8.8362E-06  7.2000E+03  7.4643E-05  1.8186E-03  7.1845E-06
 2.4485E+25  8.9180E-06  7.1975E+03  7.4643E-05  1.7861E-03  7.1845E-06
 2.4577E+25  8.9571E-06  7.1951E+03  7.4643E-05  1.7541E-03  7.1845E-06
 2.4670E+25  9.0847E-06  7.1926E+03  7.4643E-05  1.7228E-03  7.1845E-06
 2.4763E+25  9.0767E-06  7.1903E+03  7.4643E-05  1.6926E-03  7.1845E-06
 2.4855E+25  9.2489E-06  7.1880E+03  7.4643E-05  1.6629E-03  7.1845E-06
 2.4948E+25  9.2023E-06  7.1857E+03  7.4643E-05  1.6337E-03  7.1845E-06
 2.5040E+25  9.3692E-06  7.1835E+03  7.4643E-05  1.6053E-03  7.1845E-06
 2.5133E+25  9.3760E-06  7.1813E+03  7.4643E-05  1.5778E-03  7.1845E-06
 2.5225E+25  9.4866E-06  7.1791E+03  7.4643E-05  1.5506E-03  7.1845E-06
 2.5318E+25  9.5569E-06  7.1770E+03  7.4643E-05  1.5239E-03  7.1845E-06
 2.5411E+25  9.6026E-06  7.1750E+03  7.4643E-05  1.4980E-03  7.1845E-06
 2.5503E+25  9.7433E-06  7.1730E+03  7.4643E-05  1.4729E-03  7.1845E-06
 2.5596E+25  9.7167E-06  7.1710E+03  7.4643E-05  1.4480E-03  7.1845E-06
 2.5688E+25  9.8944E-06  7.1690E+03  7.4643E-05  1.4235E-03  7.1845E-06
 2.5781E+25  9.8710E-06  7.1671E+03  7.4643E-05  1.3999E-03  7.1845E-06
 2.5873E+25  1.0008E-05  7.1653E+03  7.4643E-05  1.3768E-03  7.1845E-06
 2.5966E+25  1.0068E-05  7.1634E+03  7.4643E-05  1.3540E-03  7.1845E-06
 2.6059E+25  1.0120E-05  7.1616E+03  7.4643E-05  1.3317E-03  7.1845E-06
 2.6151E+25  1.0272E-05  7.1599E+03  7.4643E-05  1.3100E-03  7.1845E-06
 2.6244E+25  1.0230E-05  7.1581E+03  7.4643E-05  1.2889E-03  7.1845E-06
 2.6336E+25  1.0411E-05  7.1564E+03  7.4643E-05  1.2679E-03  7.1845E-06
 2.6429E+25  1.0409E-05  7.1548E+03  7.4643E-05  1.2473E-03  7.1845E-06
 2.6521E+25  1.0520E-05  7.1531E+03  7.4643E-05  1.2275E-03  7.1845E-06
 2.6614E+25  1.0625E-05  7.1515E+03  7.4643E-05  1.2080E-03  7.1845E-06
 2.6707E+25  1.0628E-05  7.1499E+03  7.4643E-05  1.1888E-03  7.1845E-06
 2.6799E+25  1.0812E-05  7.1484E+03  7.4643E-05  1.1699E-03  7.1845E-06
 2.6892E+25  1.0770E-05  7.1469E+03  7.4643E-05  1.1515E-03  7.1845E-06
 2.6984E+25  1.0918E-05  7.1454E+03  7.4643E-05  1.1337E-03  7.1845E-06
 2.7077E+25  1.0999E-05  7.1439E+03  7.4643E-05  1.1160E-03  7.1845E-06
 2.7169E+25  1.1022E-05  7.1424E+03  7.4643E-05  1.0986E-03  7.1845E-06
 2.7262E+25  1.1209E-05  7.1410E+03  7.4643E-05  1.0816E-03  7.1845E-06
 2.7355E+25  1.1152E-05  7.1396E+03  7.4643E-05  1.0652E-03  7.1845E-06
 2.7447E+25  1.1312E-05  7.1383E+03  7.4643E-05  1.0489E-03  7.1845E-06
 2.7540E+25  1.1395E-05  7.1369E+03  7.4643E-05  1.0329E-03  7.1845E-06
 2.7632E+25  1.1414E-05  7.1356E+03  7.4643E-05  1.0171E-03  7.1845E-06
 2.7725E+25  1.1603E-05  7.1343E+03  7.4643E-05  1.0019E-03  7.1845E-06
 2.7817E+25  1.1557E-05  7.1330E+03  7.4643E-05  9.8696E-04  7.1845E-06
 2.7910E+25  1.1703E-05  7.1318E+03  7.4643E-05  9.7218E-04  7.1845E-06
 2.8003E+25  1.1816E-05  7.1305E+03  7.4643E-05  9.5757E-04  7.1845E-06
 2.8095E+25  1.1801E-05  7.1293E+03  7.4643E-05  9.4339E-04  7.1845E-06
 2.8188E+25  1.1993E-05  7.1281E+03  7.4643E-05  9.2963E-04  7.1845E-06
 2.8280E+25  1.1989E-05  7.1270E+03  7.4643E-05  9.1603E-04  7.1845E-06
 2.8373E+25  1.2089E-05  7.1258E+03  7.4643E-05  9.0255E-04  7.1845E-06
 2.8465E+25  1.2264E-05  7.1246E+03  7.4643E-05  8.8932E-04  7.1845E-06
 2.8558E+25  1.2184E-05  7.1235E+03  7.4643E-05  8.7647E-04  7.1845E-06
 2.8651E+25  1.2378E-05  7.1225E+03  7.4643E-05  8.6397E-04  7.1845E-06
 2.8743E+25  1.2449E-05  7.1214E+03  7.4643E-05  8.5155E-04  7.1845E-06
 2.8836E+25  1.2470E-05  7.1203E+03  7.4643E-05  8.3928E-04  7.1845E-06
 2.8928E+25  1.2668E-05  7.1192E+03  7.4643E-05  8.2725E-04  7.1845E-06
 2.9021E+25  1.2637E-05  7.1182E+03  7.4643E-05  8.1559E-04  7.1845E-06
 2.9113E+25  1.2758E-05  7.1172E+03  7.4643E-05  8.0418E-04  7.1845E-06
 2.9206E+25  1.2941E-05  7.1162E+03  7.4643E-05  7.9286E-04  7.1845E-06
 2.9299E+25  1.2847E-05  7.1152E+03  7.4643E-05  7.8165E-04  7.1845E-06
 2.9391E+25  1.3046E-05  7.1143E+03  7.4643E-05  7.7069E-04  7.1845E-06
 2.9484E+25  1.3145E-05  7.1133E+03  7.4643E-05  7.6005E-04  7.1845E-06
 2.9576E+25  1.3133E-05  7.1124E+03  7.4643E-05  7.4965E-04  7.1845E-06
 2.9669E+25  1.3335E-05  7.1115E+03  7.4643E-05  7.3930E-04  7.1845E-06
 2.9761E+25  1.3352E-05  7.1106E+03  7.4643E-05  7.2907E-04  7.1845E-06
 2.9854E+25  1.3420E-05  7.1097E+03  7.4643E-05  7.1905E-04  7.1845E-06
 2.9947E+25  1.3624E-05  7.1088E+03  7.4643E-05  7.0932E-04  7.1845E-06
 3.0039E+25  1.3566E-05  7.1079E+03  7.4643E-05  6.9981E-04  7.1845E-06
 3.0132E+25  1.3706E-05  7.1071E+03  7.4643E-05  6.9036E-04  7.1845E-06
 3.0224E+25  1.3909E-05  7.1063E+03  7.4643E-05  6.8100E-04  7.1845E-06
 3.0317E+25  1.3791E-05  7.1054E+03  7.4643E-05  6.7179E-04  7.1845E-06
 3.0409E+25  1.3992E-05  7.1046E+03  7.4643E-05  6.6287E-04  7.1845E-06
 3.0502E+25  1.4145E-05  7.1038E+03  7.4643E-05  6.5416E-04  7.1845E-06
 3.0594E+25  1.4071E-05  7.1030E+03  7.4643E-05  6.4553E-04  7.1845E-06
 3.0687E+25  1.4279E-05  7.1023E+03  7.4643E-05  6.3697E-04  7.1845E-06
 3.0780E+25  1.4383E-05  7.1015E+03  7.4643E-05  6.2851E-04  7.1845E-06
 3.0872E+25  1.4355E-05  7.1007E+03  7.4643E-05  6.2028E-04  7.1845E-06
 3.0965E+25  1.4565E-05  7.1000E+03  7.4643E-05  6.1228E-04  7.1845E-06
 3.1057E+25  1.4629E-05  7.0993E+03  7.4643E-05  6.0439E-04  7.1845E-06
 3.1150E+25  1.4639E-05  7.0986E+03  7.4643E-05  5.9655E-04  7.1845E-06
 3.1242E+25  1.4852E-05  7.0978E+03  7.4643E-05  5.8879E-04  7.1845E-06
 3.1335E+25  1.4884E-05  7.0971E+03  7.4643E-05  5.8118E-04  7.1845E-06
 3.1428E+25  1.4923E-05  7.0965E+03  7.4643E-05  5.7378E-04  7.1845E-06
 3.1520E+25  1.5137E-05  7.0958E+03  7.4643E-05  5.6657E-04  7.1845E-06
 3.1613E+25  1.5147E-05  7.0951E+03  7.4643E-05  5.5939E-04  7.1845E-06
 3.1705E+25  1.5206E-05  7.0945E+03  7.4643E-05  5.5228E-04  7.1845E-06
 3.1798E+25  1.5423E-05  7.0938E+03  7.4643E-05  5.4524E-04  7.1845E-06
 3.1890E+25  1.5420E-05  7.0932E+03  7.4643E-05  5.3837E-04  7.1845E-06
 3.1983E+25  1.5489E-05  7.0925E+03  7.4643E-05  5.3169E-04  7.1845E-06
 3.2076E+25  1.5708E-05  7.0919E+03  7.4643E-05  5.2514E-04  7.1845E-06
 3.2168E+25  1.5702E-05  7.0913E+03  7.4643E-05  5.1863E-04  7.1845E-06
 3.2261E+25  1.5771E-05  7.0907E+03  7.4643E-05  5.1216E-04  7.1845E-06
 3.2353E+25  1.5992E-05  7.0901E+03  7.4643E-05  5.0578E-04  7.1845E-06
 3.2446E+25  1.5994E-05  7.0895E+03  7.4643E-05  4.9956E-04  7.1845E-06
 3.2538E+25  1.6053E-05  7.0889E+03  7.4643E-05  4.9351E-04  7.1845E-06
 3.2631E+25  1.6275E-05  7.0884E+03  7.4643E-05  4.8756E-04  7.1845E-06
 3.2724E+25  1.6297E-05  7.0878E+03  7.4643E-05  4.8162E-04  7.1845E-06
 3.2816E+25  1.6334E-05  7.0873E+03  7.4643E-05  4.7574E-04  7.1845E-06
 3.2909E+25  1.6557E-05  7.0867E+03  7.4643E-05  4.6993E-04  7.1845E-06
 3.3001E+25  1.6611E-05  7.0862E+03  7.4643E-05  4.6429E-04  7.1845E-06
 3.3094E+25  1.6614E-05  7.0856E+03  7.4643E-05  4.5878E-04  7.1845E-06
 3.3186E+25  1.6839E-05  7.0851E+03  7.4643E-05  4.5336E-04  7.1845E-06
 3.3279E+25  1.6937E-05  7.0846E+03  7.4643E-05  4.4796E-04  7.1845E-06
 3.3372E+25  1.6894E-05  7.0841E+03  7.4643E-05  4.4261E-04  7.1845E-06
 3.3464E+25  1.7120E-05  7.0836E+03  7.4643E-05  4.3732E-04  7.1845E-06
 3.3557E+25  1.7276E-05  7.0831E+03  7.4643E-05  4.3216E-04  7.1845E-06
 3.3649E+25  1.7172E-05  7.0826E+03  7.4643E-05  4.2713E-04  7.1845E-06
 3.3742E+25  1.7399E-05  7.0821E+03  7.4643E-05  4.2220E-04  7.1845E-06
 3.3834E+25  1.7623E-05  7.0816E+03  7.4643E-05  4.1729E-04  7.1845E-06
 3.3927E+25  1.7454E-05  7.0811E+03  7.4643E-05  4.1241E-04  7.1845E-06
 3.4020E+25  1.7678E-05  7.0807E+03  7.4643E-05  4.0758E-04  7.1845E-06
 3.4112E+25  1.7913E-05  7.0802E+03  7.4643E-05  4.0285E-04  7.1845E-06
 3.4205E+25  1.7806E-05  7.0798E+03  7.4643E-05  3.9823E-04  7.1845E-06
 3.4297E+25  1.7956E-05  7.0793E+03  7.4643E-05  3.9374E-04  7.1845E-06
 3.4390E+25  1.8192E-05  7.0789E+03  7.4643E-05  3.8927E-04  7.1845E-06
 3.4482E+25  1.8180E-05  7.0784E+03  7.4643E-05  3.8482E-04  7.1845E-06
 3.4575E+25  1.8234E-05  7.0780E+03  7.4643E-05  3.8042E-04  7.1845E-06
 3.4668E+25  1.8470E-05  7.0776E+03  7.4643E-05  3.7605E-04  7.1845E-06
 3.4760E+25  1.8570E-05  7.0772E+03  7.4643E-05  3.7182E-04  7.1845E-06
 3.4853E+25  1.8511E-05  7.0768E+03  7.4643E-05  3.6767E-04  7.1845E-06
 3.4945E+25  1.8746E-05  7.0763E+03  7.4643E-05  3.6362E-04  7.1845E-06
 3.5038E+25  1.8973E-05  7.0759E+03  7.4643E-05  3.5957E-04  7.1845E-06
 3.5130E+25  1.8787E-05  7.0755E+03  7.4643E-05  3.5554E-04  7.1845E-06
 3.5223E+25  1.9022E-05  7.0752E+03  7.4643E-05  3.5155E-04  7.1845E-06
 3.5316E+25  1.9265E-05  7.0747E+03  7.4643E-05  3.4763E-04  7.1845E-06
 3.5408E+25  1.9190E-05  7.0744E+03  7.4643E-05  3.4380E-04  7.1845E-06
 3.5501E+25  1.9298E-05  7.0740E+03  7.4643E-05  3.4008E-04  7.1845E-06
 3.5593E+25  1.9540E-05  7.0736E+03  7.4643E-05  3.3639E-04  7.1845E-06
 3.5686E+25  1.9623E-05  7.0732E+03  7.4643E-05  3.3272E-04  7.1845E-06
 3.5778E+25  1.9572E-05  7.0729E+03  7.4643E-05  3.2908E-04  7.1845E-06
 3.5871E+25  1.9814E-05  7.0725E+03  7.4643E-05  3.2546E-04  7.1845E-06
 3.5964E+25  2.0057E-05  7.0722E+03  7.4643E-05  3.2192E-04  7.1845E-06
 3.6056E+25  1.9862E-05  7.0718E+03  7.4643E-05  3.1845E-04  7.1845E-06
 3.6149E+25  2.0087E-05  7.0715E+03  7.4643E-05  3.1508E-04  7.1845E-06
 3.6241E+25  2.0336E-05  7.0711E+03  7.4643E-05  3.1174E-04  7.1845E-06
 3.6334E+25  2.0321E-05  7.0708E+03  7.4643E-05  3.0841E-04  7.1845E-06
 3.6426E+25  2.0362E-05  7.0705E+03  7.4643E-05  3.0511E-04  7.1845E-06
 3.6519E+25  2.0608E-05  7.0701E+03  7.4643E-05  3.0182E-04  7.1845E-06
 3.6612E+25  2.0804E-05  7.0698E+03  7.4643E-05  2.9860E-04  7.1845E-06
 3.6704E+25  2.0634E-05  7.0695E+03  7.4643E-05  2.9546E-04  7.1845E-06
 3.6797E+25  2.0880E-05  7.0692E+03  7.4643E-05  2.9239E-04  7.1845E-06
 3.6889E+25  2.1134E-05  7.0688E+03  7.4643E-05  2.8937E-04  7.1845E-06
 3.6982E+25  2.1075E-05  7.0685E+03  7.4643E-05  2.8634E-04  7.1845E-06
 3.7074E+25  2.1153E-05  7.0682E+03  7.4643E-05  2.8334E-04  7.1845E-06
 3.7167E+25  2.1404E-05  7.0679E+03  7.4643E-05  2.8036E-04  7.1845E-06
 3.7260E+25  2.1593E-05  7.0676E+03  7.4643E-05  2.7742E-04  7.1845E-06
 3.7352E+25  2.1423E-05  7.0673E+03  7.4643E-05  2.7456E-04  7.1845E-06
 3.7445E+25  2.1674E-05  7.0670E+03  7.4643E-05  2.7175E-04  7.1845E-06
 3.7537E+25  2.1932E-05  7.0667E+03  7.4643E-05  2.6901E-04  7.1845E-06
 3.7630E+25  2.1890E-05  7.0664E+03  7.4643E-05  2.6627E-04  7.1845E-06
 3.7722E+25  2.1945E-05  7.0662E+03  7.4643E-05  2.6354E-04  7.1845E-06
 3.7815E+25  2.2200E-05  7.0659E+03  7.4643E-05  2.6084E-04  7.1845E-06
 3.7908E+25  2.2445E-05  7.0656E+03  7.4643E-05  2.5815E-04  7.1845E-06
 3.8000E+25  2.2215E-05  7.0653E+03  7.4643E-05  2.5553E-04  7.1845E-06
 3.8093E+25  2.2469E-05  7.0651E+03  7.4643E-05  2.5295E-04  7.1845E-06
 3.8185E+25  2.2730E-05  7.0648E+03  7.4643E-05  2.5045E-04  7.1845E-06
 3.8278E+25  2.2772E-05  7.0645E+03  7.4643E-05  2.4797E-04  7.1845E-06
 3.8370E+25  2.2739E-05  7.0643E+03  7.4643E-05  2.4549E-04  7.1845E-06
 3.8463E+25  2.2997E-05  7.0640E+03  7.4643E-05  2.4303E-04  7.1845E-06
 3.8556E+25  2.3263E-05  7.0637E+03  7.4643E-05  2.4058E-04  7.1845E-06
 3.8648E+25  2.3110E-05  7.0635E+03  7.4643E-05  2.3816E-04  7.1845E-06
 3.8741E+25  2.3266E-05  7.0632E+03  7.4643E-05  2.3581E-04  7.1845E-06
 3.8833E+25  2.3529E-05  7.0630E+03  7.4643E-05  2.3349E-04  7.1845E-06
 3.8926E+25  2.3726E-05  7.0628E+03  7.4643E-05  2.3124E-04  7.1845E-06
 3.9018E+25  2.3533E-05  7.0625E+03  7.4643E-05  2.2899E-04  7.1845E-06
 3.9111E+25  2.3796E-05  7.0623E+03  7.4643E-05  2.2675E-04  7.1845E-06
 3.9204E+25  2.4064E-05  7.0620E+03  7.4643E-05  2.2453E-04  7.1845E-06
 3.9296E+25  2.4098E-05  7.0618E+03  7.4643E-05  2.2231E-04  7.1845E-06
 3.9389E+25  2.4064E-05  7.0616E+03  7.4643E-05  2.2013E-04  7.1845E-06
 3.9481E+25  2.4328E-05  7.0613E+03  7.4643E-05  2.1800E-04  7.1845E-06
 3.9574E+25  2.4601E-05  7.0611E+03  7.4643E-05  2.1591E-04  7.1845E-06
 3.9666E+25  2.4485E-05  7.0609E+03  7.4643E-05  2.1387E-04  7.1845E-06
 3.9759E+25  2.4596E-05  7.0607E+03  7.4643E-05  2.1184E-04  7.1845E-06
 3.9852E+25  2.4864E-05  7.0605E+03  7.4643E-05  2.0981E-04  7.1845E-06
 3.9944E+25  2.5138E-05  7.0602E+03  7.4643E-05  2.0780E-04  7.1845E-06
 4.0037E+25  2.4891E-05  7.0600E+03  7.4643E-05  2.0580E-04  7.1845E-06
 4.0129E+25  2.5131E-05  7.0598E+03  7.4643E-05  2.0382E-04  7.1845E-06
 4.0222E+25  2.5403E-05  7.0596E+03  7.4643E-05  2.0189E-04  7.1845E-06
 4.0314E+25  2.5595E-05  7.0594E+03  7.4643E-05  1.9999E-04  7.1845E-06
 4.0407E+25  2.5395E-05  7.0592E+03  7.4643E-05  1.9814E-04  7.1845E-06
 4.0500E+25  2.5668E-05  7.0590E+03  7.4643E-05  1.9631E-04  7.1845E-06
 4.0592E+25  2.5944E-05  7.0588E+03  7.4643E-05  1.9447E-04  7.1845E-06
 4.0685E+25  2.6038E-05  7.0586E+03  7.4643E-05  1.9265E-04  7.1845E-06
 4.0777E+25  2.5932E-05  7.0584E+03  7.4643E-05  1.9084E-04  7.1845E-06
 4.0870E+25  2.6208E-05  7.0582E+03  7.4643E-05  1.8904E-04  7.1845E-06
 4.0962E+25  2.6487E-05  7.0580E+03  7.4643E-05  1.8728E-04  7.1845E-06
 4.1055E+25  2.6499E-05  7.0578E+03  7.4643E-05  1.8555E-04  7.1845E-06
 4.1148E+25  2.6472E-05  7.0576E+03  7.4643E-05  1.8386E-04  7.1845E-06
 4.1240E+25  2.6750E-05  7.0574E+03  7.4643E-05  1.8220E-04  7.1845E-06
 4.1333E+25  2.7033E-05  7.0572E+03  7.4643E-05  1.8055E-04  7.1845E-06
 4.1425E+25  2.6979E-05  7.0571E+03  7.4643E-05  1.7889E-04  7.1845E-06
 4.1518E+25  2.7014E-05  7.0569E+03  7.4643E-05  1.7725E-04  7.1845E-06
 4.1610E+25  2.7295E-05  7.0567E+03  7.4643E-05  1.7562E-04  7.1845E-06
 4.1703E+25  2.7581E-05  7.0565E+03  7.4643E-05  1.7401E-04  7.1845E-06
 4.1796E+25  2.7480E-05  7.0563E+03  7.4643E-05  1.7243E-04  7.1845E-06
 4.1888E+25  2.7558E-05  7.0562E+03  7.4643E-05  1.7087E-04  7.1845E-06
 4.1981E+25  2.7842E-05  7.0560E+03  7.4643E-05  1.6937E-04  7.1845E-06
 4.2073E+25  2.8131E-05  7.0558E+03  7.4643E-05  1.6787E-04  7.1845E-06
 4.2166E+25  2.8001E-05  7.0557E+03  7.4643E-05  1.6637E-04  7.1845E-06
 4.2258E+25  2.8105E-05  7.0555E+03  7.4643E-05  1.6488E-04  7.1845E-06
 4.2351E+25  2.8392E-05  7.0553E+03  7.4643E-05  1.6340E-04  7.1845E-06
 4.2443E+25  2.8683E-05  7.0552E+03  7.4643E-05  1.6193E-04  7.1845E-06
 4.2536E+25  2.8545E-05  7.0550E+03  7.4643E-05  1.6048E-04  7.1845E-06
 4.2629E+25  2.8654E-05  7.0548E+03  7.4643E-05  1.5906E-04  7.1845E-06
 4.2721E+25  2.8944E-05  7.0547E+03  7.4643E-05  1.5766E-04  7.1845E-06
 4.2814E+25  2.9237E-05  7.0545E+03  7.4643E-05  1.5630E-04  7.1845E-06
 4.2906E+25  2.9111E-05  7.0544E+03  7.4643E-05  1.5495E-04  7.1845E-06
 4.2999E+25  2.9205E-05  7.0542E+03  7.4643E-05  1.5360E-04  7.1845E-06
 4.3091E+25  2.9499E-05  7.0541E+03  7.4643E-05  1.5225E-04  7.1845E-06
 4.3184E+25  2.9793E-05  7.0539E+03  7.4643E-05  1.5092E-04  7.1845E-06
 4.3277E+25  2.9700E-05  7.0537E+03  7.4643E-05  1.4959E-04  7.1845E-06
 4.3369E+25  2.9760E-05  7.0536E+03  7.4643E-05  1.4828E-04  7.1845E-06
 4.3462E+25  3.0055E-05  7.0535E+03  7.4643E-05  1.4699E-04  7.1845E-06
 4.3554E+25  3.0352E-05  7.0533E+03  7.4643E-05  1.4572E-04  7.1845E-06
 4.3647E+25  3.0313E-05  7.0532E+03  7.4643E-05  1.4450E-04  7.1845E-06
 4.3739E+25  3.0317E-05  7.0530E+03  7.4643E-05  1.4328E-04  7.1845E-06
 4.3832E+25  3.0615E-05  7.0529E+03  7.4643E-05  1.4206E-04  7.1845E-06
 4.3925E+25  3.0913E-05  7.0527E+03  7.4643E-05  1.4084E-04  7.1845E-06
 4.4017E+25  3.0951E-05  7.0526E+03  7.4643E-05  1.3963E-04  7.1845E-06
 4.4110E+25  3.0877E-05  7.0525E+03  7.4643E-05  1.3843E-04  7.1845E-06
 4.4202E+25  3.1176E-05  7.0523E+03  7.4643E-05  1.3724E-04  7.1845E-06
 4.4295E+25  3.1478E-05  7.0522E+03  7.4643E-05  1.3608E-04  7.1845E-06
 4.4387E+25  3.1615E-05  7.0520E+03  7.4643E-05  1.3492E-04  7.1845E-06
 4.4480E+25  3.1440E-05  7.0519E+03  7.4643E-05  1.3381E-04  7.1845E-06
 4.4573E+25  3.1739E-05  7.0518E+03  7.4643E-05  1.3270E-04  7.1845E-06
 4.4665E+25  3.2045E-05  7.0517E+03  7.4643E-05  1.3161E-04  7.1845E-06
 4.4758E+25  3.2305E-05  7.0515E+03  7.4643E-05  1.3051E-04  7.1845E-06
 4.4850E+25  3.2004E-05  7.0514E+03  7.4643E-05  1.2941E-04  7.1845E-06
 4.4943E+25  3.2305E-05  7.0513E+03  7.4643E-05  1.2833E-04  7.1845E-06
 4.5035E+25  3.2615E-05  7.0511E+03  7.4643E-05  1.2725E-04  7.1845E-06
 4.5128E+25  3.2922E-05  7.0510E+03  7.4643E-05  1.2619E-04  7.1845E-06
 4.5221E+25  3.2672E-05  7.0509E+03  7.4643E-05  1.2514E-04  7.1845E-06
 4.5313E+25  3.2876E-05  7.0508E+03  7.4643E-05  1.2410E-04  7.1845E-06
 4.5406E+25  3.3186E-05  7.0507E+03  7.4643E-05  1.2311E-04  7.1845E-06
 4.5498E+25  3.3497E-05  7.0505E+03  7.4643E-05  1.2212E-04  7.1845E-06
 4.5591E+25  3.3414E-05  7.0504E+03  7.4643E-05  1.2113E-04  7.1845E-06
 4.5683E+25  3.3450E-05  7.0503E+03  7.4643E-05  1.2014E-04  7.1845E-06
 4.5776E+25  3.3758E-05  7.0502E+03  7.4643E-05  1.1915E-04  7.1845E-06
 4.5869E+25  3.4076E-05  7.0501E+03  7.4643E-05  1.1818E-04  7.1845E-06
 4.5961E+25  3.4187E-05  7.0499E+03  7.4643E-05  1.1720E-04  7.1845E-06
 4.6054E+25  3.4025E-05  7.0498E+03  7.4643E-05  1.1625E-04  7.1845E-06
 4.6146E+25  3.4336E-05  7.0497E+03  7.4643E-05  1.1530E-04  7.1845E-06
 4.6239E+25  3.4655E-05  7.0496E+03  7.4643E-05  1.1437E-04  7.1845E-06
 4.6331E+25  3.4964E-05  7.0495E+03  7.4643E-05  1.1348E-04  7.1845E-06
 4.6424E+25  3.4628E-05  7.0494E+03  7.4643E-05  1.1259E-04  7.1845E-06
 4.6517E+25  3.4919E-05  7.0493E+03  7.4643E-05  1.1169E-04  7.1845E-06
 4.6609E+25  3.5235E-05  7.0492E+03  7.4643E-05  1.1080E-04  7.1845E-06
 4.6702E+25  3.5559E-05  7.0491E+03  7.4643E-05  1.0992E-04  7.1845E-06
 4.6794E+25  3.5449E-05  7.0490E+03  7.4643E-05  1.0903E-04  7.1845E-06
 4.6887E+25  3.5503E-05  7.0489E+03  7.4643E-05  1.0816E-04  7.1845E-06
 4.6979E+25  3.5821E-05  7.0488E+03  7.4643E-05  1.0729E-04  7.1845E-06
 4.7072E+25  3.6148E-05  7.0486E+03  7.4643E-05  1.0644E-04  7.1845E-06
 4.7165E+25  3.6315E-05  7.0485E+03  7.4643E-05  1.0560E-04  7.1845E-06
 4.7257E+25  3.6086E-05  7.0484E+03  7.4643E-05  1.0479E-04  7.1845E-06
 4.7350E+25  3.6413E-05  7.0484E+03  7.4643E-05  1.0399E-04  7.1845E-06
 4.7442E+25  3.6735E-05  7.0482E+03  7.4643E-05  1.0318E-04  7.1845E-06
 4.7535E+25  3.7067E-05  7.0481E+03  7.4643E-05  1.0238E-04  7.1845E-06
 4.7627E+25  3.6821E-05  7.0480E+03  7.4643E-05  1.0158E-04  7.1845E-06
 4.7720E+25  3.7004E-05  7.0480E+03  7.4643E-05  1.0078E-04  7.1845E-06
 4.7813E+25  3.7330E-05  7.0479E+03  7.4643E-05  9.9993E-05  7.1845E-06
 4.7905E+25  3.7663E-05  7.0478E+03  7.4643E-05  9.9209E-05  7.1845E-06
 4.7998E+25  3.7752E-05  7.0477E+03  7.4643E-05  9.8438E-05  7.1845E-06
 4.8090E+25  3.7594E-05  7.0476E+03  7.4643E-05  9.7671E-05  7.1845E-06
 4.8183E+25  3.7931E-05  7.0475E+03  7.4643E-05  9.6932E-05  7.1845E-06
 4.8275E+25  3.8259E-05  7.0474E+03  7.4643E-05  9.6207E-05  7.1845E-06
 4.8368E+25  3.8598E-05  7.0473E+03  7.4643E-05  9.5484E-05  7.1845E-06
 4.8461E+25  3.8311E-05  7.0472E+03  7.4643E-05  9.4760E-05  7.1845E-06
 4.8553E+25  3.8529E-05  7.0471E+03  7.4643E-05  9.4039E-05  7.1845E-06
 4.8646E+25  3.8866E-05  7.0470E+03  7.4643E-05  9.3321E-05  7.1845E-06
 4.8738E+25  3.9202E-05  7.0469E+03  7.4643E-05  9.2606E-05  7.1845E-06
 4.8831E+25  3.9313E-05  7.0468E+03  7.4643E-05  9.1894E-05  7.1845E-06
 4.8923E+25  3.9127E-05  7.0468E+03  7.4643E-05  9.1194E-05  7.1845E-06
 4.9016E+25  3.9473E-05  7.0467E+03  7.4643E-05  9.0500E-05  7.1845E-06
 4.9109E+25  3.9811E-05  7.0466E+03  7.4643E-05  8.9813E-05  7.1845E-06
 4.9201E+25  4.0155E-05  7.0465E+03  7.4643E-05  8.9152E-05  7.1845E-06
 4.9294E+25  3.9931E-05  7.0464E+03  7.4643E-05  8.8501E-05  7.1845E-06
 4.9386E+25  4.0077E-05  7.0463E+03  7.4643E-05  8.7851E-05  7.1845E-06
 4.9479E+25  4.0427E-05  7.0462E+03  7.4643E-05  8.7200E-05  7.1845E-06
 4.9571E+25  4.0767E-05  7.0462E+03  7.4643E-05  8.6551E-05  7.1845E-06
 4.9664E+25  4.1004E-05  7.0461E+03  7.4643E-05  8.5906E-05  7.1845E-06
 4.9757E+25  4.0691E-05  7.0460E+03  7.4643E-05  8.5263E-05  7.1845E-06
 4.9849E+25  4.1039E-05  7.0459E+03  7.4643E-05  8.4622E-05  7.1845E-06
 4.9942E+25  4.1391E-05  7.0458E+03  7.4643E-05  8.3992E-05  7.1845E-06
 5.0034E+25  4.1735E-05  7.0457E+03  7.4643E-05  8.3367E-05  7.1845E-06
 5.0127E+25  4.1688E-05  7.0457E+03  7.4643E-05  8.2747E-05  7.1845E-06
 5.0219E+25  4.1655E-05  7.0456E+03  7.4643E-05  8.2153E-05  7.1845E-06
 5.0312E+25  4.2011E-05  7.0455E+03  7.4643E-05  8.1567E-05  7.1845E-06
 5.0405E+25  4.2365E-05  7.0454E+03  7.4643E-05  8.0983E-05  7.1845E-06
 5.0497E+25  4.2713E-05  7.0454E+03  7.4643E-05  8.0396E-05  7.1845E-06
 5.0590E+25  4.2402E-05  7.0453E+03  7.4643E-05  7.9812E-05  7.1845E-06
 5.0682E+25  4.2631E-05  7.0452E+03  7.4643E-05  7.9231E-05  7.1845E-06
 5.0775E+25  4.2993E-05  7.0451E+03  7.4643E-05  7.8653E-05  7.1845E-06
 5.0867E+25  4.3350E-05  7.0451E+03  7.4643E-05  7.8076E-05  7.1845E-06
 5.0960E+25  4.3582E-05  7.0450E+03  7.4643E-05  7.7505E-05  7.1845E-06
 5.1053E+25  4.3270E-05  7.0449E+03  7.4643E-05  7.6942E-05  7.1845E-06
 5.1145E+25  4.3619E-05  7.0448E+03  7.4643E-05  7.6381E-05  7.1845E-06
 5.1238E+25  4.3986E-05  7.0448E+03  7.4643E-05  7.5837E-05  7.1845E-06
 5.1330E+25  4.4347E-05  7.0447E+03  7.4643E-05  7.5310E-05  7.1845E-06
 5.1423E+25  4.4366E-05  7.0446E+03  7.4643E-05  7.4784E-05  7.1845E-06
 5.1515E+25  4.4265E-05  7.0446E+03  7.4643E-05  7.4258E-05  7.1845E-06
 5.1608E+25  4.4619E-05  7.0445E+03  7.4643E-05  7.3733E-05  7.1845E-06
 5.1701E+25  4.4991E-05  7.0444E+03  7.4643E-05  7.3209E-05  7.1845E-06
 5.1793E+25  4.5355E-05  7.0443E+03  7.4643E-05  7.2688E-05  7.1845E-06
 5.1886E+25  4.5184E-05  7.0443E+03  7.4643E-05  7.2168E-05  7.1845E-06
 5.1978E+25  4.5272E-05  7.0442E+03  7.4643E-05  7.1650E-05  7.1845E-06
 5.2071E+25  4.5630E-05  7.0441E+03  7.4643E-05  7.1141E-05  7.1845E-06
 5.2163E+25  4.6007E-05  7.0441E+03  7.4643E-05  7.0634E-05  7.1845E-06
 5.2256E+25  4.6374E-05  7.0440E+03  7.4643E-05  7.0132E-05  7.1845E-06
 5.2349E+25  4.6039E-05  7.0439E+03  7.4643E-05  6.9651E-05  7.1845E-06
 5.2441E+25  4.6291E-05  7.0439E+03  7.4643E-05  6.9177E-05  7.1845E-06
 5.2534E+25  4.6654E-05  7.0438E+03  7.4643E-05  6.8706E-05  7.1845E-06
 5.2626E+25  4.7035E-05  7.0437E+03  7.4643E-05  6.8232E-05  7.1845E-06
 5.2719E+25  4.7378E-05  7.0437E+03  7.4643E-05  6.7761E-05  7.1845E-06
 5.2811E+25  4.6957E-05  7.0436E+03  7.4643E-05  6.7290E-05  7.1845E-06
 5.2904E+25  4.7323E-05  7.0435E+03  7.4643E-05  6.6823E-05  7.1845E-06
 5.2997E+25  4.7690E-05  7.0435E+03  7.4643E-05  6.6356E-05  7.1845E-06
 5.3089E+25  4.8075E-05  7.0434E+03  7.4643E-05  6.5891E-05  7.1845E-06
 5.3182E+25  4.8317E-05  7.0433E+03  7.4643E-05  6.5433E-05  7.1845E-06
 5.3274E+25  4.7989E-05  7.0433E+03  7.4643E-05  6.4977E-05  7.1845E-06
 5.3367E+25  4.8368E-05  7.0432E+03  7.4643E-05  6.4525E-05  7.1845E-06
 5.3459E+25  4.8739E-05  7.0432E+03  7.4643E-05  6.4093E-05  7.1845E-06
 5.3552E+25  4.9127E-05  7.0431E+03  7.4643E-05  6.3667E-05  7.1845E-06
 5.3645E+25  4.9288E-05  7.0430E+03  7.4643E-05  6.3244E-05  7.1845E-06
 5.3737E+25  4.9040E-05  7.0430E+03  7.4643E-05  6.2819E-05  7.1845E-06
 5.3830E+25  4.9426E-05  7.0429E+03  7.4643E-05  6.2395E-05  7.1845E-06
 5.3922E+25  4.9802E-05  7.0429E+03  7.4643E-05  6.1973E-05  7.1845E-06
 5.4015E+25  5.0192E-05  7.0428E+03  7.4643E-05  6.1552E-05  7.1845E-06
 5.4107E+25  5.0299E-05  7.0427E+03  7.4643E-05  6.1133E-05  7.1845E-06
 5.4200E+25  5.0106E-05  7.0427E+03  7.4643E-05  6.0715E-05  7.1845E-06
 5.4292E+25  5.0497E-05  7.0426E+03  7.4643E-05  6.0301E-05  7.1845E-06
 5.4385E+25  5.0880E-05  7.0426E+03  7.4643E-05  5.9891E-05  7.1845E-06
 5.4478E+25  5.1268E-05  7.0425E+03  7.4643E-05  5.9483E-05  7.1845E-06
 5.4570E+25  5.1349E-05  7.0425E+03  7.4643E-05  5.9088E-05  7.1845E-06
 5.4663E+25  5.1188E-05  7.0424E+03  7.4643E-05  5.8705E-05  7.1845E-06
 5.4755E+25  5.1581E-05  7.0424E+03  7.4643E-05  5.8324E-05  7.1845E-06
 5.4848E+25  5.1971E-05  7.0423E+03  7.4643E-05  5.7943E-05  7.1845E-06
 5.4940E+25  5.2359E-05  7.0422E+03  7.4643E-05  5.7562E-05  7.1845E-06
 5.5033E+25  5.2440E-05  7.0422E+03  7.4643E-05  5.7183E-05  7.1845E-06
 5.5126E+25  5.2285E-05  7.0421E+03  7.4643E-05  5.6804E-05  7.1845E-06
 5.5218E+25  5.2678E-05  7.0421E+03  7.4643E-05  5.6427E-05  7.1845E-06
 5.5311E+25  5.3076E-05  7.0420E+03  7.4643E-05  5.6051E-05  7.1845E-06
 5.5403E+25  5.3466E-05  7.0420E+03  7.4643E-05  5.5677E-05  7.1845E-06
 5.5496E+25  5.3573E-05  7.0419E+03  7.4643E-05  5.5306E-05  7.1845E-06
 5.5588E+25  5.3398E-05  7.0419E+03  7.4643E-05  5.4939E-05  7.1845E-06
 5.5681E+25  5.3788E-05  7.0418E+03  7.4643E-05  5.4573E-05  7.1845E-06
 5.5774E+25  5.4194E-05  7.0418E+03  7.4643E-05  5.4224E-05  7.1845E-06
 5.5866E+25  5.4591E-05  7.0417E+03  7.4643E-05  5.3881E-05  7.1845E-06
 5.5959E+25  5.4748E-05  7.0416E+03  7.4643E-05  5.3540E-05  7.1845E-06
 5.6051E+25  5.4524E-05  7.0416E+03  7.4643E-05  5.3198E-05  7.1845E-06
 5.6144E+25  5.4916E-05  7.0416E+03  7.4643E-05  5.2856E-05  7.1845E-06
 5.6236E+25  5.5326E-05  7.0415E+03  7.4643E-05  5.2515E-05  7.1845E-06
 5.6329E+25  5.5732E-05  7.0414E+03  7.4643E-05  5.2176E-05  7.1845E-06
 5.6422E+25  5.5967E-05  7.0414E+03  7.4643E-05  5.1838E-05  7.1845E-06
 5.6514E+25  5.5662E-05  7.0413E+03  7.4643E-05  5.1500E-05  7.1845E-06
 5.6607E+25  5.6065E-05  7.0413E+03  7.4643E-05  5.1164E-05  7.1845E-06
 5.6699E+25  5.6473E-05  7.0412E+03  7.4643E-05  5.0832E-05  7.1845E-06
 5.6792E+25  5.6887E-05  7.0412E+03  7.4643E-05  5.0501E-05  7.1845E-06
 5.6884E+25  5.7236E-05  7.0411E+03  7.4643E-05  5.0173E-05  7.1845E-06
 5.6977E+25  5.6815E-05  7.0411E+03  7.4643E-05  4.9859E-05  7.1845E-06
 5.7070E+25  5.7232E-05  7.0410E+03  7.4643E-05  4.9550E-05  7.1845E-06
 5.7162E+25  5.7632E-05  7.0410E+03  7.4643E-05  4.9244E-05  7.1845E-06
 5.7255E+25  5.8056E-05  7.0410E+03  7.4643E-05  4.8938E-05  7.1845E-06
 5.7347E+25  5.8465E-05  7.0409E+03  7.4643E-05  4.8632E-05  7.1845E-06
 5.7440E+25  5.8074E-05  7.0409E+03  7.4643E-05  4.8326E-05  7.1845E-06
 5.7532E+25  5.8406E-05  7.0408E+03  7.4643E-05  4.8021E-05  7.1845E-06
 5.7625E+25  5.8819E-05  7.0408E+03  7.4643E-05  4.7718E-05  7.1845E-06
 5.7718E+25  5.9239E-05  7.0407E+03  7.4643E-05  4.7414E-05  7.1845E-06
 5.7810E+25  5.9663E-05  7.0407E+03  7.4643E-05  4.7112E-05  7.1845E-06
 5.7903E+25  5.9430E-05  7.0406E+03  7.4643E-05  4.6813E-05  7.1845E-06
 5.7995E+25  5.9597E-05  7.0406E+03  7.4643E-05  4.6515E-05  7.1845E-06
 5.8088E+25  6.0025E-05  7.0405E+03  7.4643E-05  4.6219E-05  7.1845E-06
 5.8180E+25  6.0436E-05  7.0405E+03  7.4643E-05  4.5931E-05  7.1845E-06
 5.8273E+25  6.0871E-05  7.0404E+03  7.4643E-05  4.5653E-05  7.1845E-06
 5.8366E+25  6.0846E-05  7.0404E+03  7.4643E-05  4.5378E-05  7.1845E-06
 5.8458E+25  6.0803E-05  7.0404E+03  7.4643E-05  4.5105E-05  7.1845E-06
 5.8551E+25  6.1238E-05  7.0403E+03  7.4643E-05  4.4829E-05  7.1845E-06
 5.8643E+25  6.1664E-05  7.0403E+03  7.4643E-05  4.4555E-05  7.1845E-06
 5.8736E+25  6.2093E-05  7.0402E+03  7.4643E-05  4.4281E-05  7.1845E-06
 5.8828E+25  6.2307E-05  7.0402E+03  7.4643E-05  4.4008E-05  7.1845E-06
 5.8921E+25  6.2038E-05  7.0401E+03  7.4643E-05  4.3736E-05  7.1845E-06
 5.9014E+25  6.2468E-05  7.0401E+03  7.4643E-05  4.3464E-05  7.1845E-06
 5.9106E+25  6.2909E-05  7.0400E+03  7.4643E-05  4.3194E-05  7.1845E-06
 5.9199E+25  6.3333E-05  7.0400E+03  7.4643E-05  4.2926E-05  7.1845E-06
 5.9291E+25  6.3762E-05  7.0400E+03  7.4643E-05  4.2660E-05  7.1845E-06
 5.9384E+25  6.3345E-05  7.0399E+03  7.4643E-05  4.2393E-05  7.1845E-06
 5.9476E+25  6.3720E-05  7.0399E+03  7.4643E-05  4.2139E-05  7.1845E-06
 5.9569E+25  6.4163E-05  7.0398E+03  7.4643E-05  4.1890E-05  7.1845E-06
 5.9662E+25  6.4606E-05  7.0398E+03  7.4643E-05  4.1643E-05  7.1845E-06
 5.9754E+25  6.5038E-05  7.0397E+03  7.4643E-05  4.1398E-05  7.1845E-06
 5.9847E+25  6.4890E-05  7.0397E+03  7.4643E-05  4.1151E-05  7.1845E-06
 5.9939E+25  6.5002E-05  7.0397E+03  7.4643E-05  4.0906E-05  7.1845E-06
 6.0032E+25  6.5435E-05  7.0396E+03  7.4643E-05  4.0661E-05  7.1845E-06
 6.0124E+25  6.5888E-05  7.0396E+03  7.4643E-05  4.0416E-05  7.1845E-06
 6.0217E+25  6.6330E-05  7.0395E+03  7.4643E-05  4.0172E-05  7.1845E-06
 6.0310E+25  6.6495E-05  7.0395E+03  7.4643E-05  3.9928E-05  7.1845E-06
 6.0402E+25  6.6299E-05  7.0395E+03  7.4643E-05  3.9685E-05  7.1845E-06
 6.0495E+25  6.6741E-05  7.0394E+03  7.4643E-05  3.9445E-05  7.1845E-06
 6.0587E+25  6.7186E-05  7.0394E+03  7.4643E-05  3.9206E-05  7.1845E-06
 6.0680E+25  6.7645E-05  7.0393E+03  7.4643E-05  3.8967E-05  7.1845E-06
 6.0772E+25  6.8075E-05  7.0393E+03  7.4643E-05  3.8736E-05  7.1845E-06
 6.0865E+25  6.7691E-05  7.0393E+03  7.4643E-05  3.8513E-05  7.1845E-06
 6.0958E+25  6.8066E-05  7.0392E+03  7.4643E-05  3.8291E-05  7.1845E-06
 6.1050E+25  6.8512E-05  7.0392E+03  7.4643E-05  3.8072E-05  7.1845E-06
 6.1143E+25  6.8968E-05  7.0391E+03  7.4643E-05  3.7851E-05  7.1845E-06
 6.1235E+25  6.9433E-05  7.0391E+03  7.4643E-05  3.7631E-05  7.1845E-06
 6.1328E+25  6.9385E-05  7.0391E+03  7.4643E-05  3.7410E-05  7.1845E-06
 6.1420E+25  6.9411E-05  7.0390E+03  7.4643E-05  3.7191E-05  7.1845E-06
 6.1513E+25  6.9866E-05  7.0390E+03  7.4643E-05  3.6972E-05  7.1845E-06
 6.1606E+25  7.0318E-05  7.0389E+03  7.4643E-05  3.6754E-05  7.1845E-06
 6.1698E+25  7.0783E-05  7.0389E+03  7.4643E-05  3.6536E-05  7.1845E-06
 6.1791E+25  7.1161E-05  7.0389E+03  7.4643E-05  3.6319E-05  7.1845E-06
 6.1883E+25  7.0770E-05  7.0388E+03  7.4643E-05  3.6105E-05  7.1845E-06
 6.1976E+25  7.1239E-05  7.0388E+03  7.4643E-05  3.5890E-05  7.1845E-06
 6.2068E+25  7.1702E-05  7.0388E+03  7.4643E-05  3.5677E-05  7.1845E-06
 6.2161E+25  7.2160E-05  7.0387E+03  7.4643E-05  3.5475E-05  7.1845E-06
 6.2254E+25  7.2632E-05  7.0387E+03  7.4643E-05  3.5275E-05  7.1845E-06
 6.2346E+25  7.2509E-05  7.0386E+03  7.4643E-05  3.5078E-05  7.1845E-06
 6.2439E+25  7.2628E-05  7.0386E+03  7.4643E-05  3.4881E-05  7.1845E-06
 6.2531E+25  7.3103E-05  7.0386E+03  7.4643E-05  3.4683E-05  7.1845E-06
 6.2624E+25  7.3572E-05  7.0385E+03  7.4643E-05  3.4486E-05  7.1845E-06
 6.2716E+25  7.4036E-05  7.0385E+03  7.4643E-05  3.4289E-05  7.1845E-06
 6.2809E+25  7.4380E-05  7.0385E+03  7.4643E-05  3.4093E-05  7.1845E-06
 6.2902E+25  7.4054E-05  7.0384E+03  7.4643E-05  3.3897E-05  7.1845E-06
 6.2994E+25  7.4523E-05  7.0384E+03  7.4643E-05  3.3701E-05  7.1845E-06
 6.3087E+25  7.5002E-05  7.0383E+03  7.4643E-05  3.3506E-05  7.1845E-06
 6.3179E+25  7.5479E-05  7.0383E+03  7.4643E-05  3.3312E-05  7.1845E-06
 6.3272E+25  7.5950E-05  7.0383E+03  7.4643E-05  3.3119E-05  7.1845E-06
 6.3364E+25  7.5850E-05  7.0382E+03  7.4643E-05  3.2927E-05  7.1845E-06
 6.3457E+25  7.5977E-05  7.0382E+03  7.4643E-05  3.2736E-05  7.1845E-06
 6.3550E+25  7.6454E-05  7.0382E+03  7.4643E-05  3.2555E-05  7.1845E-06
 6.3642E+25  7.6939E-05  7.0381E+03  7.4643E-05  3.2376E-05  7.1845E-06
 6.3735E+25  7.7424E-05  7.0381E+03  7.4643E-05  3.2199E-05  7.1845E-06
 6.3827E+25  7.7825E-05  7.0381E+03  7.4643E-05  3.2024E-05  7.1845E-06
 6.3920E+25  7.7458E-05  7.0380E+03  7.4643E-05  3.1847E-05  7.1845E-06
 6.4012E+25  7.7938E-05  7.0380E+03  7.4643E-05  3.1670E-05  7.1845E-06
 6.4105E+25  7.8423E-05  7.0379E+03  7.4643E-05  3.1494E-05  7.1845E-06
 6.4198E+25  7.8915E-05  7.0379E+03  7.4643E-05  3.1318E-05  7.1845E-06
 6.4290E+25  7.9406E-05  7.0379E+03  7.4643E-05  3.1142E-05  7.1845E-06
 6.4383E+25  7.9418E-05  7.0379E+03  7.4643E-05  3.0967E-05  7.1845E-06
 6.4475E+25  7.9452E-05  7.0378E+03  7.4643E-05  3.0792E-05  7.1845E-06
 6.4568E+25  7.9940E-05  7.0378E+03  7.4643E-05  3.0618E-05  7.1845E-06
 6.4660E+25  8.0430E-05  7.0377E+03  7.4643E-05  3.0445E-05  7.1845E-06
 6.4753E+25  8.0930E-05  7.0377E+03  7.4643E-05  3.0272E-05  7.1845E-06
 6.4846E+25  8.1416E-05  7.0377E+03  7.4643E-05  3.0100E-05  7.1845E-06
 6.4938E+25  8.1089E-05  7.0376E+03  7.4643E-05  2.9935E-05  7.1845E-06
 6.5031E+25  8.1486E-05  7.0376E+03  7.4643E-05  2.9774E-05  7.1845E-06
 6.5123E+25  8.1983E-05  7.0376E+03  7.4643E-05  2.9615E-05  7.1845E-06
 6.5216E+25  8.2478E-05  7.0375E+03  7.4643E-05  2.9457E-05  7.1845E-06
 6.5308E+25  8.2987E-05  7.0375E+03  7.4643E-05  2.9300E-05  7.1845E-06
 6.5401E+25  8.3232E-05  7.0375E+03  7.4643E-05  2.9141E-05  7.1845E-06
 6.5494E+25  8.3064E-05  7.0374E+03  7.4643E-05  2.8983E-05  7.1845E-06
 6.5586E+25  8.3563E-05  7.0374E+03  7.4643E-05  2.8826E-05  7.1845E-06
 6.5679E+25  8.4069E-05  7.0373E+03  7.4643E-05  2.8668E-05  7.1845E-06
 6.5771E+25  8.4566E-05  7.0373E+03  7.4643E-05  2.8512E-05  7.1845E-06
 6.5864E+25  8.5084E-05  7.0373E+03  7.4643E-05  2.8355E-05  7.1845E-06
 6.5956E+25  8.5018E-05  7.0373E+03  7.4643E-05  2.8198E-05  7.1845E-06
 6.6049E+25  8.5181E-05  7.0372E+03  7.4643E-05  2.8043E-05  7.1845E-06
 6.6142E+25  8.5682E-05  7.0372E+03  7.4643E-05  2.7888E-05  7.1845E-06
 6.6234E+25  8.6197E-05  7.0371E+03  7.4643E-05  2.7733E-05  7.1845E-06
 6.6327E+25  8.6699E-05  7.0371E+03  7.4643E-05  2.7579E-05  7.1845E-06
 6.6419E+25  8.7206E-05  7.0371E+03  7.4643E-05  2.7433E-05  7.1845E-06
 6.6512E+25  8.6894E-05  7.0371E+03  7.4643E-05  2.7289E-05  7.1845E-06
 6.6604E+25  8.7341E-05  7.0370E+03  7.4643E-05  2.7146E-05  7.1845E-06
 6.6697E+25  8.7847E-05  7.0370E+03  7.4643E-05  2.7006E-05  7.1845E-06
 6.6789E+25  8.8367E-05  7.0369E+03  7.4643E-05  2.6864E-05  7.1845E-06
 6.6882E+25  8.8876E-05  7.0369E+03  7.4643E-05  2.6723E-05  7.1845E-06
 6.6975E+25  8.9192E-05  7.0369E+03  7.4643E-05  2.6581E-05  7.1845E-06
 6.7067E+25  8.9022E-05  7.0369E+03  7.4643E-05  2.6441E-05  7.1845E-06
 6.7160E+25  8.9547E-05  7.0368E+03  7.4643E-05  2.6300E-05  7.1845E-06
 6.7252E+25  9.0059E-05  7.0368E+03  7.4643E-05  2.6159E-05  7.1845E-06
 6.7345E+25  9.0583E-05  7.0367E+03  7.4643E-05  2.6019E-05  7.1845E-06
 6.7437E+25  9.1101E-05  7.0367E+03  7.4643E-05  2.5879E-05  7.1845E-06
 6.7530E+25  9.1181E-05  7.0367E+03  7.4643E-05  2.5740E-05  7.1845E-06
 6.7623E+25  9.1267E-05  7.0366E+03  7.4643E-05  2.5601E-05  7.1845E-06
 6.7715E+25  9.1796E-05  7.0366E+03  7.4643E-05  2.5462E-05  7.1845E-06
 6.7808E+25  9.2319E-05  7.0366E+03  7.4643E-05  2.5324E-05  7.1845E-06
 6.7900E+25  9.2845E-05  7.0365E+03  7.4643E-05  2.5191E-05  7.1845E-06
 6.7993E+25  9.3372E-05  7.0365E+03  7.4643E-05  2.5062E-05  7.1845E-06
 6.8085E+25  9.3245E-05  7.0365E+03  7.4643E-05  2.4933E-05  7.1845E-06
 6.8178E+25  9.3561E-05  7.0364E+03  7.4643E-05  2.4807E-05  7.1845E-06
 6.8271E+25  9.4091E-05  7.0364E+03  7.4643E-05  2.4682E-05  7.1845E-06
 6.8363E+25  9.4629E-05  7.0364E+03  7.4643E-05  2.4555E-05  7.1845E-06
 6.8456E+25  9.5157E-05  7.0363E+03  7.4643E-05  2.4428E-05  7.1845E-06
 6.8548E+25  9.5671E-05  7.0363E+03  7.4643E-05  2.4302E-05  7.1845E-06
 6.8641E+25  9.5406E-05  7.0363E+03  7.4643E-05  2.4177E-05  7.1845E-06
 6.8733E+25  9.5901E-05  7.0362E+03  7.4643E-05  2.4051E-05  7.1845E-06
 6.8826E+25  9.6438E-05  7.0362E+03  7.4643E-05  2.3925E-05  7.1845E-06
 6.8919E+25  9.6987E-05  7.0362E+03  7.4643E-05  2.3800E-05  7.1845E-06
 6.9011E+25  9.7521E-05  7.0361E+03  7.4643E-05  2.3675E-05  7.1845E-06
 6.9104E+25  9.7923E-05  7.0361E+03  7.4643E-05  2.3550E-05  7.1845E-06
 6.9196E+25  9.7741E-05  7.0361E+03  7.4643E-05  2.3426E-05  7.1845E-06
 6.9289E+25  9.8290E-05  7.0360E+03  7.4643E-05  2.3302E-05  7.1845E-06
 6.9381E+25  9.8840E-05  7.0360E+03  7.4643E-05  2.3179E-05  7.1845E-06
 6.9474E+25  9.9390E-05  7.0360E+03  7.4643E-05  2.3061E-05  7.1845E-06
 6.9567E+25  9.9939E-05  7.0359E+03  7.4643E-05  2.2946E-05  7.1845E-06
 6.9659E+25  1.0020E-04  7.0359E+03  7.4643E-05  2.2831E-05  7.1845E-06
 6.9752E+25  1.0018E-04  7.0359E+03  7.4643E-05  2.2719E-05  7.1845E-06
 6.9844E+25  1.0073E-04  7.0358E+03  7.4643E-05  2.2606E-05  7.1845E-06
 6.9937E+25  1.0129E-04  7.0358E+03  7.4643E-05  2.2493E-05  7.1845E-06
 7.0029E+25  1.0185E-04  7.0358E+03  7.4643E-05  2.2380E-05  7.1845E-06
 7.0122E+25  1.0241E-04  7.0357E+03  7.4643E-05  2.2267E-05  7.1845E-06
 7.0215E+25  1.0256E-04  7.0357E+03  7.4643E-05  2.2155E-05  7.1845E-06
 7.0307E+25  1.0268E-04  7.0357E+03  7.4643E-05  2.2043E-05  7.1845E-06
 7.0400E+25  1.0323E-04  7.0356E+03  7.4643E-05  2.1930E-05  7.1845E-06
 7.0492E+25  1.0379E-04  7.0356E+03  7.4643E-05  2.1818E-05  7.1845E-06
 7.0585E+25  1.0436E-04  7.0356E+03  7.4643E-05  2.1706E-05  7.1845E-06
 7.0677E+25  1.0492E-04  7.0355E+03  7.4643E-05  2.1594E-05  7.1845E-06
 7.0770E+25  1.0499E-04  7.0355E+03  7.4643E-05  2.1483E-05  7.1845E-06
 7.0863E+25  1.0523E-04  7.0355E+03  7.4643E-05  2.1372E-05  7.1845E-06
 7.0955E+25  1.0579E-04  7.0354E+03  7.4643E-05  2.1262E-05  7.1845E-06
 7.1048E+25  1.0635E-04  7.0354E+03  7.4643E-05  2.1156E-05  7.1845E-06
 7.1140E+25  1.0692E-04  7.0353E+03  7.4643E-05  2.1052E-05  7.1845E-06
 7.1233E+25  1.0749E-04  7.0353E+03  7.4643E-05  2.0949E-05  7.1845E-06
 7.1325E+25  1.0751E-04  7.0353E+03  7.4643E-05  2.0849E-05  7.1845E-06
 7.1418E+25  1.0784E-04  7.0353E+03  7.4643E-05  2.0748E-05  7.1845E-06
 7.1511E+25  1.0840E-04  7.0352E+03  7.4643E-05  2.0647E-05  7.1845E-06
 7.1603E+25  1.0897E-04  7.0352E+03  7.4643E-05  2.0546E-05  7.1845E-06
 7.1696E+25  1.0955E-04  7.0351E+03  7.4643E-05  2.0446E-05  7.1845E-06
 7.1788E+25  1.1012E-04  7.0351E+03  7.4643E-05  2.0345E-05  7.1845E-06
 7.1881E+25  1.1010E-04  7.0351E+03  7.4643E-05  2.0244E-05  7.1845E-06
 7.1973E+25  1.1051E-04  7.0351E+03  7.4643E-05  2.0144E-05  7.1845E-06
 7.2066E+25  1.1108E-04  7.0350E+03  7.4643E-05  2.0044E-05  7.1845E-06
 7.2159E+25  1.1165E-04  7.0350E+03  7.4643E-05  1.9943E-05  7.1845E-06
 7.2251E+25  1.1222E-04  7.0349E+03  7.4643E-05  1.9843E-05  7.1845E-06
 7.2344E+25  1.1280E-04  7.0349E+03  7.4643E-05  1.9744E-05  7.1845E-06
 7.2436E+25  1.1277E-04  7.0349E+03  7.4643E-05  1.9644E-05  7.1845E-06
 7.2529E+25  1.1324E-04  7.0349E+03  7.4643E-05  1.9545E-05  7.1845E-06
 7.2621E+25  1.1381E-04  7.0348E+03  7.4643E-05  1.9447E-05  7.1845E-06
 7.2714E+25  1.1439E-04  7.0348E+03  7.4643E-05  1.9354E-05  7.1845E-06
 7.2807E+25  1.1497E-04  7.0347E+03  7.4643E-05  1.9261E-05  7.1845E-06
 7.2899E+25  1.1555E-04  7.0347E+03  7.4643E-05  1.9169E-05  7.1845E-06
 7.2992E+25  1.1552E-04  7.0347E+03  7.4643E-05  1.9080E-05  7.1845E-06
 7.3084E+25  1.1602E-04  7.0347E+03  7.4643E-05  1.8990E-05  7.1845E-06
 7.3177E+25  1.1661E-04  7.0346E+03  7.4643E-05  1.8900E-05  7.1845E-06
 7.3269E+25  1.1719E-04  7.0346E+03  7.4643E-05  1.8810E-05  7.1845E-06
 7.3362E+25  1.1778E-04  7.0345E+03  7.4643E-05  1.8720E-05  7.1845E-06
 7.3455E+25  1.1835E-04  7.0345E+03  7.4643E-05  1.8630E-05  7.1845E-06
 7.3547E+25  1.1835E-04  7.0345E+03  7.4643E-05  1.8540E-05  7.1845E-06
 7.3640E+25  1.1886E-04  7.0344E+03  7.4643E-05  1.8451E-05  7.1845E-06
 7.3732E+25  1.1947E-04  7.0344E+03  7.4643E-05  1.8361E-05  7.1845E-06
 7.3825E+25  1.2006E-04  7.0344E+03  7.4643E-05  1.8271E-05  7.1845E-06
 7.3917E+25  1.2065E-04  7.0343E+03  7.4643E-05  1.8182E-05  7.1845E-06
 7.4010E+25  1.2123E-04  7.0343E+03  7.4643E-05  1.8093E-05  7.1845E-06
 7.4103E+25  1.2125E-04  7.0343E+03  7.4643E-05  1.8004E-05  7.1845E-06
 7.4195E+25  1.2177E-04  7.0342E+03  7.4643E-05  1.7915E-05  7.1845E-06
 7.4288E+25  1.2238E-04  7.0342E+03  7.4643E-05  1.7826E-05  7.1845E-06
 7.4380E+25  1.2299E-04  7.0341E+03  7.4643E-05  1.7743E-05  7.1845E-06
 7.4473E+25  1.2359E-04  7.0341E+03  7.4643E-05  1.7660E-05  7.1845E-06
 7.4565E+25  1.2417E-04  7.0341E+03  7.4643E-05  1.7577E-05  7.1845E-06
 7.4658E+25  1.2424E-04  7.0341E+03  7.4643E-05  1.7497E-05  7.1845E-06
 7.4751E+25  1.2475E-04  7.0340E+03  7.4643E-05  1.7417E-05  7.1845E-06
 7.4843E+25  1.2536E-04  7.0340E+03  7.4643E-05  1.7337E-05  7.1845E-06
 7.4936E+25  1.2598E-04  7.0339E+03  7.4643E-05  1.7256E-05  7.1845E-06
 7.5028E+25  1.2660E-04  7.0339E+03  7.4643E-05  1.7176E-05  7.1845E-06
 7.5121E+25  1.2719E-04  7.0339E+03  7.4643E-05  1.7095E-05  7.1845E-06
 7.5213E+25  1.2730E-04  7.0339E+03  7.4643E-05  1.7015E-05  7.1845E-06
 7.5306E+25  1.2780E-04  7.0338E+03  7.4643E-05  1.6935E-05  7.1845E-06
 7.5399E+25  1.2841E-04  7.0338E+03  7.4643E-05  1.6855E-05  7.1845E-06
 7.5491E+25  1.2903E-04  7.0337E+03  7.4643E-05  1.6775E-05  7.1845E-06
 7.5584E+25  1.2966E-04  7.0337E+03  7.4643E-05  1.6695E-05  7.1845E-06
 7.5676E+25  1.3027E-04  7.0336E+03  7.4643E-05  1.6615E-05  7.1845E-06
 7.5769E+25  1.3045E-04  7.0336E+03  7.4643E-05  1.6536E-05  7.1845E-06
 7.5861E+25  1.3092E-04  7.0336E+03  7.4643E-05  1.6456E-05  7.1845E-06
 7.5954E+25  1.3153E-04  7.0335E+03  7.4643E-05  1.6377E-05  7.1845E-06
 7.6047E+25  1.3216E-04  7.0335E+03  7.4643E-05  1.6299E-05  7.1845E-06
 7.6139E+25  1.3279E-04  7.0334E+03  7.4643E-05  1.6224E-05  7.1845E-06
 7.6232E+25  1.3342E-04  7.0334E+03  7.4643E-05  1.6150E-05  7.1845E-06
 7.6324E+25  1.3368E-04  7.0334E+03  7.4643E-05  1.6077E-05  7.1845E-06
 7.6417E+25  1.3411E-04  7.0334E+03  7.4643E-05  1.6006E-05  7.1845E-06
 7.6509E+25  1.3473E-04  7.0333E+03  7.4643E-05  1.5935E-05  7.1845E-06
 7.6602E+25  1.3536E-04  7.0333E+03  7.4643E-05  1.5862E-05  7.1845E-06
 7.6695E+25  1.3598E-04  7.0332E+03  7.4643E-05  1.5790E-05  7.1845E-06
 7.6787E+25  1.3662E-04  7.0332E+03  7.4643E-05  1.5719E-05  7.1845E-06
 7.6880E+25  1.3698E-04  7.0332E+03  7.4643E-05  1.5647E-05  7.1845E-06
 7.6972E+25  1.3738E-04  7.0331E+03  7.4643E-05  1.5576E-05  7.1845E-06
 7.7065E+25  1.3800E-04  7.0331E+03  7.4643E-05  1.5504E-05  7.1845E-06
 7.7157E+25  1.3863E-04  7.0330E+03  7.4643E-05  1.5433E-05  7.1845E-06
 7.7250E+25  1.3926E-04  7.0330E+03  7.4643E-05  1.5361E-05  7.1845E-06
 7.7343E+25  1.3989E-04  7.0329E+03  7.4643E-05  1.5290E-05  7.1845E-06
 7.7435E+25  1.4034E-04  7.0329E+03  7.4643E-05  1.5218E-05  7.1845E-06
 7.7528E+25  1.4072E-04  7.0329E+03  7.4643E-05  1.5147E-05  7.1845E-06
 7.7620E+25  1.4135E-04  7.0328E+03  7.4643E-05  1.5076E-05  7.1845E-06
 7.7713E+25  1.4198E-04  7.0328E+03  7.4643E-05  1.5005E-05  7.1845E-06
 7.7805E+25  1.4261E-04  7.0327E+03  7.4643E-05  1.4935E-05  7.1845E-06
 7.7898E+25  1.4325E-04  7.0327E+03  7.4643E-05  1.4868E-05  7.1845E-06
 7.7991E+25  1.4376E-04  7.0327E+03  7.4643E-05  1.4802E-05  7.1845E-06
 7.8083E+25  1.4413E-04  7.0327E+03  7.4643E-05  1.4736E-05  7.1845E-06
 7.8176E+25  1.4477E-04  7.0326E+03  7.4643E-05  1.4672E-05  7.1845E-06
 7.8268E+25  1.4541E-04  7.0326E+03  7.4643E-05  1.4609E-05  7.1845E-06
 7.8361E+25  1.4604E-04  7.0325E+03  7.4643E-05  1.4544E-05  7.1845E-06
 7.8453E+25  1.4667E-04  7.0325E+03  7.4643E-05  1.4480E-05  7.1845E-06
 7.8546E+25  1.4727E-04  7.0324E+03  7.4643E-05  1.4416E-05  7.1845E-06
 7.8638E+25  1.4759E-04  7.0324E+03  7.4643E-05  1.4352E-05  7.1845E-06
 7.8731E+25  1.4826E-04  7.0324E+03  7.4643E-05  1.4288E-05  7.1845E-06
 7.8824E+25  1.4891E-04  7.0323E+03  7.4643E-05  1.4224E-05  7.1845E-06
 7.8916E+25  1.4955E-04  7.0323E+03  7.4643E-05  1.4161E-05  7.1845E-06
 7.9009E+25  1.5018E-04  7.0322E+03  7.4643E-05  1.4097E-05  7.1845E-06
 7.9101E+25  1.5081E-04  7.0322E+03  7.4643E-05  1.4033E-05  7.1845E-06
 7.9194E+25  1.5118E-04  7.0322E+03  7.4643E-05  1.3969E-05  7.1845E-06
 7.9286E+25  1.5180E-04  7.0321E+03  7.4643E-05  1.3906E-05  7.1845E-06
 7.9379E+25  1.5247E-04  7.0321E+03  7.4643E-05  1.3842E-05  7.1845E-06
 7.9472E+25  1.5313E-04  7.0320E+03  7.4643E-05  1.3779E-05  7.1845E-06
 7.9564E+25  1.5378E-04  7.0320E+03  7.4643E-05  1.3715E-05  7.1845E-06
 7.9657E+25  1.5441E-04  7.0319E+03  7.4643E-05  1.3653E-05  7.1845E-06
 7.9749E+25  1.5486E-04  7.0319E+03  7.4643E-05  1.3594E-05  7.1845E-06
 7.9842E+25  1.5544E-04  7.0319E+03  7.4643E-05  1.3534E-05  7.1845E-06
 7.9934E+25  1.5610E-04  7.0318E+03  7.4643E-05  1.3476E-05  7.1845E-06
 8.0027E+25  1.5678E-04  7.0317E+03  7.4643E-05  1.3419E-05  7.1845E-06
 8.0120E+25  1.5744E-04  7.0317E+03  7.4643E-05  1.3362E-05  7.1845E-06
 8.0212E+25  1.5809E-04  7.0317E+03  7.4643E-05  1.3305E-05  7.1845E-06
 8.0305E+25  1.5861E-04  7.0317E+03  7.4643E-05  1.3248E-05  7.1845E-06
 8.0397E+25  1.5915E-04  7.0316E+03  7.4643E-05  1.3191E-05  7.1845E-06
 8.0490E+25  1.5981E-04  7.0315E+03  7.4643E-05  1.3134E-05  7.1845E-06
 8.0582E+25  1.6048E-04  7.0315E+03  7.4643E-05  1.3077E-05  7.1845E-06
 8.0675E+25  1.6116E-04  7.0314E+03  7.4643E-05  1.3020E-05  7.1845E-06
 8.0768E+25  1.6183E-04  7.0314E+03  7.4643E-05  1.2963E-05  7.1845E-06
 8.0860E+25  1.6244E-04  7.0314E+03  7.4643E-05  1.2906E-05  7.1845E-06
 8.0953E+25  1.6296E-04  7.0313E+03  7.4643E-05  1.2849E-05  7.1845E-06
 8.1045E+25  1.6361E-04  7.0313E+03  7.4643E-05  1.2792E-05  7.1845E-06
 8.1138E+25  1.6428E-04  7.0312E+03  7.4643E-05  1.2735E-05  7.1845E-06
 8.1230E+25  1.6495E-04  7.0312E+03  7.4643E-05  1.2678E-05  7.1845E-06
 8.1323E+25  1.6564E-04  7.0311E+03  7.4643E-05  1.2622E-05  7.1845E-06
 8.1416E+25  1.6630E-04  7.0311E+03  7.4643E-05  1.2565E-05  7.1845E-06
 8.1508E+25  1.6685E-04  7.0311E+03  7.4643E-05  1.2509E-05  7.1845E-06
 8.1601E+25  1.6751E-04  7.0310E+03  7.4643E-05  1.2456E-05  7.1845E-06
 8.1693E+25  1.6816E-04  7.0310E+03  7.4643E-05  1.2402E-05  7.1845E-06
 8.1786E+25  1.6883E-04  7.0309E+03  7.4643E-05  1.2350E-05  7.1845E-06
 8.1878E+25  1.6950E-04  7.0308E+03  7.4643E-05  1.2299E-05  7.1845E-06
 8.1971E+25  1.7019E-04  7.0308E+03  7.4643E-05  1.2248E-05  7.1845E-06
 8.2064E+25  1.7083E-04  7.0308E+03  7.4643E-05  1.2197E-05  7.1845E-06
 8.2156E+25  1.7147E-04  7.0307E+03  7.4643E-05  1.2146E-05  7.1845E-06
 8.2249E+25  1.7214E-04  7.0307E+03  7.4643E-05  1.2095E-05  7.1845E-06
 8.2341E+25  1.7280E-04  7.0306E+03  7.4643E-05  1.2044E-05  7.1845E-06
 8.2434E+25  1.7346E-04  7.0306E+03  7.4643E-05  1.1994E-05  7.1845E-06
 8.2526E+25  1.7413E-04  7.0305E+03  7.4643E-05  1.1943E-05  7.1845E-06
 8.2619E+25  1.7483E-04  7.0305E+03  7.4643E-05  1.1892E-05  7.1845E-06
 8.2712E+25  1.7552E-04  7.0304E+03  7.4643E-05  1.1841E-05  7.1845E-06
 8.2804E+25  1.7618E-04  7.0304E+03  7.4643E-05  1.1790E-05  7.1845E-06
 8.2897E+25  1.7685E-04  7.0303E+03  7.4643E-05  1.1740E-05  7.1845E-06
 8.2989E+25  1.7752E-04  7.0303E+03  7.4643E-05  1.1689E-05  7.1845E-06
 8.3082E+25  1.7818E-04  7.0302E+03  7.4643E-05  1.1638E-05  7.1845E-06
 8.3174E+25  1.7886E-04  7.0302E+03  7.4643E-05  1.1587E-05  7.1845E-06
 8.3267E+25  1.7961E-04  7.0301E+03  7.4643E-05  1.1537E-05  7.1845E-06
 8.3360E+25  1.8030E-04  7.0301E+03  7.4643E-05  1.1486E-05  7.1845E-06
 8.3452E+25  1.8097E-04  7.0300E+03  7.4643E-05  1.1436E-05  7.1845E-06
 8.3545E+25  1.8164E-04  7.0300E+03  7.4643E-05  1.1389E-05  7.1845E-06
 8.3637E+25  1.8232E-04  7.0299E+03  7.4643E-05  1.1341E-05  7.1845E-06
 8.3730E+25  1.8298E-04  7.0299E+03  7.4643E-05  1.1294E-05  7.1845E-06
 8.3822E+25  1.8374E-04  7.0298E+03  7.4643E-05  1.1249E-05  7.1845E-06
 8.3915E+25  1.8447E-04  7.0298E+03  7.4643E-05  1.1204E-05  7.1845E-06
 8.4008E+25  1.8517E-04  7.0297E+03  7.4643E-05  1.1159E-05  7.1845E-06
 8.4100E+25  1.8585E-04  7.0297E+03  7.4643E-05  1.1113E-05  7.1845E-06
 8.4193E+25  1.8651E-04  7.0296E+03  7.4643E-05  1.1068E-05  7.1845E-06
 8.4285E+25  1.8720E-04  7.0296E+03  7.4643E-05  1.1022E-05  7.1845E-06
 8.4378E+25  1.8793E-04  7.0295E+03  7.4643E-05  1.0977E-05  7.1845E-06
 8.4470E+25  1.8871E-04  7.0295E+03  7.4643E-05  1.0932E-05  7.1845E-06
 8.4563E+25  1.8941E-04  7.0294E+03  7.4643E-05  1.0887E-05  7.1845E-06
 8.4656E+25  1.9011E-04  7.0293E+03  7.4643E-05  1.0841E-05  7.1845E-06
 8.4748E+25  1.9080E-04  7.0293E+03  7.4643E-05  1.0796E-05  7.1845E-06
 8.4841E+25  1.9146E-04  7.0292E+03  7.4643E-05  1.0751E-05  7.1845E-06
 8.4933E+25  1.9217E-04  7.0292E+03  7.4643E-05  1.0705E-05  7.1845E-06
 8.5026E+25  1.9306E-04  7.0292E+03  7.4643E-05  1.0660E-05  7.1845E-06
 8.5118E+25  1.9373E-04  7.0291E+03  7.4643E-05  1.0615E-05  7.1845E-06
 8.5211E+25  1.9442E-04  7.0290E+03  7.4643E-05  1.0569E-05  7.1845E-06
 8.5304E+25  1.9513E-04  7.0290E+03  7.4643E-05  1.0524E-05  7.1845E-06
 8.5396E+25  1.9582E-04  7.0289E+03  7.4643E-05  1.0479E-05  7.1845E-06
 8.5489E+25  1.9649E-04  7.0289E+03  7.4643E-05  1.0436E-05  7.1845E-06
 8.5581E+25  1.9736E-04  7.0288E+03  7.4643E-05  1.0394E-05  7.1845E-06
 8.5674E+25  1.9817E-04  7.0288E+03  7.4643E-05  1.0351E-05  7.1845E-06
 8.5766E+25  1.9884E-04  7.0287E+03  7.4643E-05  1.0310E-05  7.1845E-06
 8.5859E+25  1.9951E-04  7.0286E+03  7.4643E-05  1.0270E-05  7.1845E-06
 8.5952E+25  2.0021E-04  7.0286E+03  7.4643E-05  1.0230E-05  7.1845E-06
 8.6044E+25  2.0091E-04  7.0285E+03  7.4643E-05  1.0189E-05  7.1845E-06
 8.6137E+25  2.0166E-04  7.0285E+03  7.4643E-05  1.0149E-05  7.1845E-06
 8.6229E+25  2.0265E-04  7.0284E+03  7.4643E-05  1.0108E-05  7.1845E-06
 8.6322E+25  2.0334E-04  7.0284E+03  7.4643E-05  1.0068E-05  7.1845E-06
 8.6414E+25  2.0401E-04  7.0283E+03  7.4643E-05  1.0027E-05  7.1845E-06
 8.6507E+25  2.0467E-04  7.0282E+03  7.4643E-05  9.9872E-06  7.1845E-06
 8.6600E+25  2.0536E-04  7.0282E+03  7.4643E-05  9.9469E-06  7.1845E-06
 8.6692E+25  2.0608E-04  7.0281E+03  7.4643E-05  9.9066E-06  7.1845E-06
 8.6785E+25  2.0708E-04  7.0281E+03  7.4643E-05  9.8661E-06  7.1845E-06
 8.6877E+25  2.0788E-04  7.0280E+03  7.4643E-05  9.8257E-06  7.1845E-06
 8.6970E+25  2.0857E-04  7.0280E+03  7.4643E-05  9.7852E-06  7.1845E-06
 8.7062E+25  2.0924E-04  7.0279E+03  7.4643E-05  9.7448E-06  7.1845E-06
 8.7155E+25  2.0991E-04  7.0278E+03  7.4643E-05  9.7044E-06  7.1845E-06
 8.7248E+25  2.1058E-04  7.0278E+03  7.4643E-05  9.6641E-06  7.1845E-06
 8.7340E+25  2.1141E-04  7.0277E+03  7.4643E-05  9.6237E-06  7.1845E-06
 8.7433E+25  2.1252E-04  7.0277E+03  7.4643E-05  9.5835E-06  7.1845E-06
 8.7525E+25  2.1318E-04  7.0276E+03  7.4643E-05  9.5450E-06  7.1845E-06
 8.7618E+25  2.1386E-04  7.0275E+03  7.4643E-05  9.5071E-06  7.1845E-06
 8.7710E+25  2.1454E-04  7.0275E+03  7.4643E-05  9.4691E-06  7.1845E-06
 8.7803E+25  2.1521E-04  7.0274E+03  7.4643E-05  9.4318E-06  7.1845E-06
 8.7896E+25  2.1588E-04  7.0274E+03  7.4643E-05  9.3962E-06  7.1845E-06
 8.7988E+25  2.1697E-04  7.0273E+03  7.4643E-05  9.3607E-06  7.1845E-06
 8.8081E+25  2.1786E-04  7.0273E+03  7.4643E-05  9.3245E-06  7.1845E-06
 8.8173E+25  2.1855E-04  7.0272E+03  7.4643E-05  9.2885E-06  7.1845E-06
 8.8266E+25  2.1920E-04  7.0271E+03  7.4643E-05  9.2524E-06  7.1845E-06
 8.8358E+25  2.1989E-04  7.0271E+03  7.4643E-05  9.2164E-06  7.1845E-06
 8.8451E+25  2.2056E-04  7.0270E+03  7.4643E-05  9.1804E-06  7.1845E-06
 8.8544E+25  2.2134E-04  7.0270E+03  7.4643E-05  9.1445E-06  7.1845E-06
 8.8636E+25  2.2255E-04  7.0269E+03  7.4643E-05  9.1086E-06  7.1845E-06
 8.8729E+25  2.2325E-04  7.0268E+03  7.4643E-05  9.0727E-06  7.1845E-06
 8.8821E+25  2.2395E-04  7.0267E+03  7.4643E-05  9.0367E-06  7.1845E-06
 8.8914E+25  2.2461E-04  7.0267E+03  7.4643E-05  9.0006E-06  7.1845E-06
 8.9006E+25  2.2529E-04  7.0266E+03  7.4643E-05  8.9645E-06  7.1845E-06
 8.9099E+25  2.2598E-04  7.0266E+03  7.4643E-05  8.9285E-06  7.1845E-06
 8.9192E+25  2.2706E-04  7.0265E+03  7.4643E-05  8.8925E-06  7.1845E-06
 8.9284E+25  2.2802E-04  7.0265E+03  7.4643E-05  8.8565E-06  7.1845E-06
 8.9377E+25  2.2869E-04  7.0264E+03  7.4643E-05  8.8205E-06  7.1845E-06
 8.9469E+25  2.2939E-04  7.0263E+03  7.4643E-05  8.7845E-06  7.1845E-06
 8.9562E+25  2.3007E-04  7.0262E+03  7.4643E-05  8.7490E-06  7.1845E-06
 8.9654E+25  2.3073E-04  7.0262E+03  7.4643E-05  8.7150E-06  7.1845E-06
 8.9747E+25  2.3148E-04  7.0261E+03  7.4643E-05  8.6810E-06  7.1845E-06
 8.9840E+25  2.3280E-04  7.0261E+03  7.4643E-05  8.6470E-06  7.1845E-06
 8.9932E+25  2.3354E-04  7.0260E+03  7.4643E-05  8.6143E-06  7.1845E-06
 9.0025E+25  2.3419E-04  7.0259E+03  7.4643E-05  8.5828E-06  7.1845E-06
 9.0117E+25  2.3487E-04  7.0259E+03  7.4643E-05  8.5510E-06  7.1845E-06
 9.0210E+25  2.3556E-04  7.0258E+03  7.4643E-05  8.5188E-06  7.1845E-06
 9.0302E+25  2.3623E-04  7.0257E+03  7.4643E-05  8.4867E-06  7.1845E-06
 9.0395E+25  2.3719E-04  7.0257E+03  7.4643E-05  8.4546E-06  7.1845E-06
 9.0487E+25  2.3842E-04  7.0256E+03  7.4643E-05  8.4225E-06  7.1845E-06
 9.0580E+25  2.3908E-04  7.0255E+03  7.4643E-05  8.3905E-06  7.1845E-06
 9.0673E+25  2.3974E-04  7.0255E+03  7.4643E-05  8.3585E-06  7.1845E-06
 9.0765E+25  2.4038E-04  7.0254E+03  7.4643E-05  8.3265E-06  7.1845E-06
 9.0858E+25  2.4107E-04  7.0253E+03  7.4643E-05  8.2945E-06  7.1845E-06
 9.0950E+25  2.4178E-04  7.0253E+03  7.4643E-05  8.2625E-06  7.1845E-06
 9.1043E+25  2.4300E-04  7.0252E+03  7.4643E-05  8.2303E-06  7.1845E-06
 9.1135E+25  2.4400E-04  7.0251E+03  7.4643E-05  8.1981E-06  7.1845E-06
 9.1228E+25  2.4465E-04  7.0251E+03  7.4643E-05  8.1660E-06  7.1845E-06
 9.1321E+25  2.4530E-04  7.0250E+03  7.4643E-05  8.1339E-06  7.1845E-06
 9.1413E+25  2.4595E-04  7.0249E+03  7.4643E-05  8.1018E-06  7.1845E-06
 9.1506E+25  2.4660E-04  7.0249E+03  7.4643E-05  8.0697E-06  7.1845E-06
 9.1598E+25  2.4737E-04  7.0248E+03  7.4643E-05  8.0376E-06  7.1845E-06
 9.1691E+25  2.4883E-04  7.0247E+03  7.4643E-05  8.0057E-06  7.1845E-06
 9.1783E+25  2.4958E-04  7.0247E+03  7.4643E-05  7.9750E-06  7.1845E-06
 9.1876E+25  2.5024E-04  7.0246E+03  7.4643E-05  7.9447E-06  7.1845E-06
 9.1969E+25  2.5088E-04  7.0245E+03  7.4643E-05  7.9144E-06  7.1845E-06
 9.2061E+25  2.5154E-04  7.0245E+03  7.4643E-05  7.8845E-06  7.1845E-06
 9.2154E+25  2.5219E-04  7.0244E+03  7.4643E-05  7.8563E-06  7.1845E-06
 9.2246E+25  2.5307E-04  7.0243E+03  7.4643E-05  7.8280E-06  7.1845E-06
 9.2339E+25  2.5455E-04  7.0243E+03  7.4643E-05  7.7995E-06  7.1845E-06
 9.2431E+25  2.5519E-04  7.0242E+03  7.4643E-05  7.7710E-06  7.1845E-06
 9.2524E+25  2.5583E-04  7.0241E+03  7.4643E-05  7.7424E-06  7.1845E-06
