 4.6285E+22  3.2677E-11  1.1691E+04  7.4643E-05  1.0000E+00  7.1845E-06
 1.3886E+23  2.2868E-10  1.1694E+04  7.4643E-05  1.0000E+00  7.1845E-06
 2.3143E+23  6.2023E-10  1.1707E+04  7.4643E-05  1.0000E+00  7.1845E-06
 3.2400E+23  1.2058E-09  1.1734E+04  7.4643E-05  1.0000E+00  7.1845E-06
 4.1657E+23  1.9820E-09  1.1782E+04  7.4643E-05  1.0000E+00  7.1845E-06
 5.0914E+23  2.9429E-09  1.1861E+04  7.4643E-05  1.0000E+00  7.1845E-06
 6.0171E+23  4.0757E-09  1.1983E+04  7.4643E-05  1.0000E+00  7.1845E-06
 6.9428E+23  5.3683E-09  1.2158E+04  7.4643E-05  1.0000E+00  7.1845E-06
 7.8685E+23  6.7879E-09  1.2415E+04  7.4643E-05  1.0000E+00  7.1845E-06
 8.7942E+23  8.3047E-09  1.2773E+04  7.4643E-05  1.0000E+00  7.1845E-06
 9.7199E+23  9.9009E-09  1.3206E+04  7.4643E-05  1.0000E+00  7.1845E-06
 1.0646E+24  1.1597E-08  1.3643E+04  7.4643E-05  1.0000E+00  7.1845E-06
 1.1571E+24  1.3470E-08  1.3960E+04  7.4643E-05  1.0000E+00  7.1845E-06
 1.2497E+24  1.5580E-08  1.4130E+04  7.4643E-05  1.0000E+00  7.1845E-06
 1.3423E+24  1.7875E-08  1.4225E+04  7.4643E-05  1.0000E+00  7.1845E-06
 1.4348E+24  2.0323E-08  1.4325E+04  7.4643E-05  9.9999E-01  7.1845E-06
 1.5274E+24  2.2912E-08  1.4425E+04  7.4643E-05  9.9999E-01  7.1845E-06
 1.6200E+24  2.5652E-08  1.4518E+04  7.4643E-05  9.9999E-01  7.1845E-06
 1.7126E+24  2.8530E-08  1.4609E+04  7.4643E-05  9.9999E-01  7.1845E-06
 1.8051E+24  3.1575E-08  1.4691E+04  7.4643E-05  9.9999E-01  7.1845E-06
 1.8977E+24  3.4748E-08  1.4770E+04  7.4643E-05  9.9999E-01  7.1845E-06
 1.9903E+24  3.8089E-08  1.4846E+04  7.4643E-05  9.9999E-01  7.1845E-06
 2.0828E+24  4.1549E-08  1.4921E+04  7.4643E-05  9.9999E-01  7.1845E-06
 2.1754E+24  4.5160E-08  1.4993E+04  7.4643E-05  9.9999E-01  7.1845E-06
 2.2680E+24  4.8915E-08  1.5063E+04  7.4643E-05  9.9999E-01  7.1845E-06
 2.3605E+24  5.2826E-08  1.5131E+04  7.4643E-05  9.9999E-01  7.1845E-06
 2.4531E+24  5.6866E-08  1.5195E+04  7.4643E-05  9.9999E-01  7.1845E-06
 2.5457E+24  6.1042E-08  1.5259E+04  7.4643E-05  9.9998E-01  7.1845E-06
 2.6383E+24  6.5391E-08  1.5323E+04  7.4643E-05  9.9998E-01  7.1845E-06
 2.7308E+24  6.9832E-08  1.5381E+04  7.4643E-05  9.9998E-01  7.1845E-06
 2.8234E+24  7.4441E-08  1.5442E+04  7.4643E-05  9.9998E-01  7.1845E-06
 2.9160E+24  7.9160E-08  1.5498E+04  7.4643E-05  9.9998E-01  7.1845E-06
 3.0085E+24  8.4100E-08  1.5553E+04  7.4643E-05  9.9998E-01  7.1845E-06
 3.1011E+24  8.9128E-08  1.5610E+04  7.4643E-05  9.9998E-01  7.1845E-06
 3.1937E+24  9.4266E-08  1.5662E+04  7.4643E-05  9.9998E-01  7.1845E-06
 3.2862E+24  9.9543E-08  1.5714E+04  7.4643E-05  9.9997E-01  7.1845E-06
 3.3788E+24  1.0494E-07  1.5765E+04  7.4643E-05  9.9997E-01  7.1845E-06
 3.4714E+24  1.1050E-07  1.5815E+04  7.4643E-05  9.9997E-01  7.1845E-06
 3.5640E+24  1.1625E-07  1.5863E+04  7.4643E-05  9.9997E-01  7.1845E-06
 3.6565E+24  1.2221E-07  1.5909E+04  7.4643E-05  9.9997E-01  7.1845E-06
 3.7491E+24  1.2800E-07  1.5956E+04  7.4643E-05  9.9997E-01  7.1845E-06
 3.8417E+24  1.3424E-07  1.6002E+04  7.4643E-05  9.9997E-01  7.1845E-06
 3.9342E+24  1.4044E-07  1.6046E+04  7.4643E-05  9.9996E-01  7.1845E-06
 4.0268E+24  1.4693E-07  1.6090E+04  7.4643E-05  9.9996E-01  7.1845E-06
 4.1194E+24  1.5326E-07  1.6132E+04  7.4643E-05  9.9996E-01  7.1845E-06
 4.2120E+24  1.6013E-07  1.6174E+04  7.4643E-05  9.9996E-01  7.1845E-06
 4.3045E+24  1.6692E-07  1.6215E+04  7.4643E-05  9.9996E-01  7.1845E-06
 4.3971E+24  1.7363E-07  1.6255E+04  7.4643E-05  9.9996E-01  7.1845E-06
 4.4897E+24  1.8079E-07  1.6295E+04  7.4643E-05  9.9995E-01  7.1845E-06
 4.5822E+24  1.8804E-07  1.6333E+04  7.4643E-05  9.9995E-01  7.1845E-06
 4.6748E+24  1.9539E-07  1.6372E+04  7.4643E-05  9.9995E-01  7.1845E-06
 4.7674E+24  2.0286E-07  1.6408E+04  7.4643E-05  9.9995E-01  7.1845E-06
 4.8599E+24  2.1044E-07  1.6445E+04  7.4643E-05  9.9995E-01  7.1845E-06
 4.9525E+24  2.1815E-07  1.6481E+04  7.4643E-05  9.9994E-01  7.1845E-06
 5.0451E+24  2.2600E-07  1.6516E+04  7.4643E-05  9.9994E-01  7.1845E-06
 5.1377E+24  2.3401E-07  1.6551E+04  7.4643E-05  9.9994E-01  7.1845E-06
 5.2302E+24  2.4218E-07  1.6585E+04  7.4643E-05  9.9994E-01  7.1845E-06
 5.3228E+24  2.5054E-07  1.6619E+04  7.4643E-05  9.9994E-01  7.1845E-06
 5.4154E+24  2.5910E-07  1.6652E+04  7.4643E-05  9.9993E-01  7.1845E-06
 5.5079E+24  2.6718E-07  1.6685E+04  7.4643E-05  9.9993E-01  7.1845E-06
 5.6005E+24  2.7582E-07  1.6717E+04  7.4643E-05  9.9993E-01  7.1845E-06
 5.6931E+24  2.8492E-07  1.6749E+04  7.4643E-05  9.9993E-01  7.1845E-06
 5.7856E+24  2.9414E-07  1.6779E+04  7.4643E-05  9.9992E-01  7.1845E-06
 5.8782E+24  3.0233E-07  1.6810E+04  7.4643E-05  9.9992E-01  7.1845E-06
 5.9708E+24  3.1210E-07  1.6840E+04  7.4643E-05  9.9992E-01  7.1845E-06
 6.0634E+24  3.2153E-07  1.6869E+04  7.4643E-05  9.9992E-01  7.1845E-06
 6.1559E+24  3.3041E-07  1.6898E+04  7.4643E-05  9.9991E-01  7.1845E-06
 6.2485E+24  3.4103E-07  1.6927E+04  7.4643E-05  9.9991E-01  7.1845E-06
 6.3411E+24  3.4940E-07  1.6955E+04  7.4643E-05  9.9991E-01  7.1845E-06
 6.4336E+24  3.6050E-07  1.6983E+04  7.4643E-05  9.9991E-01  7.1845E-06
 6.5262E+24  3.6932E-07  1.7011E+04  7.4643E-05  9.9990E-01  7.1845E-06
 6.6188E+24  3.8071E-07  1.7038E+04  7.4643E-05  9.9990E-01  7.1845E-06
 6.7113E+24  3.8951E-07  1.7065E+04  7.4643E-05  9.9990E-01  7.1845E-06
 6.8039E+24  4.0131E-07  1.7091E+04  7.4643E-05  9.9990E-01  7.1845E-06
 6.8965E+24  4.1049E-07  1.7117E+04  7.4643E-05  9.9989E-01  7.1845E-06
 6.9891E+24  4.2187E-07  1.7143E+04  7.4643E-05  9.9989E-01  7.1845E-06
 7.0816E+24  4.3286E-07  1.7168E+04  7.4643E-05  9.9989E-01  7.1845E-06
 7.1742E+24  4.4275E-07  1.7194E+04  7.4643E-05  9.9989E-01  7.1845E-06
 7.2668E+24  4.5486E-07  1.7218E+04  7.4643E-05  9.9988E-01  7.1845E-06
 7.3593E+24  4.6562E-07  1.7243E+04  7.4643E-05  9.9988E-01  7.1845E-06
 7.4519E+24  4.7622E-07  1.7267E+04  7.4643E-05  9.9988E-01  7.1845E-06
 7.5445E+24  4.8851E-07  1.7291E+04  7.4643E-05  9.9987E-01  7.1845E-06
 7.6371E+24  5.0053E-07  1.7315E+04  7.4643E-05  9.9987E-01  7.1845E-06
 7.7296E+24  5.1047E-07  1.7338E+04  7.4643E-05  9.9987E-01  7.1845E-06
 7.8222E+24  5.2294E-07  1.7361E+04  7.4643E-05  9.9986E-01  7.1845E-06
 7.9148E+24  5.3551E-07  1.7384E+04  7.4643E-05  9.9986E-01  7.1845E-06
 8.0073E+24  5.4816E-07  1.7407E+04  7.4643E-05  9.9986E-01  7.1845E-06
 8.0999E+24  5.5837E-07  1.7429E+04  7.4643E-05  9.9986E-01  7.1845E-06
 8.1925E+24  5.7110E-07  1.7451E+04  7.4643E-05  9.9985E-01  7.1845E-06
 8.2850E+24  5.8397E-07  1.7473E+04  7.4643E-05  9.9985E-01  7.1845E-06
 8.3776E+24  5.9691E-07  1.7495E+04  7.4643E-05  9.9985E-01  7.1845E-06
 8.4702E+24  6.0994E-07  1.7516E+04  7.4643E-05  9.9984E-01  7.1845E-06
 8.5628E+24  6.2260E-07  1.7538E+04  7.4643E-05  9.9984E-01  7.1845E-06
 8.6553E+24  6.3428E-07  1.7559E+04  7.4643E-05  9.9984E-01  7.1845E-06
 8.7479E+24  6.4755E-07  1.7579E+04  7.4643E-05  9.9983E-01  7.1845E-06
 8.8405E+24  6.6095E-07  1.7600E+04  7.4643E-05  9.9983E-01  7.1845E-06
 8.9330E+24  6.7444E-07  1.7620E+04  7.4643E-05  9.9982E-01  7.1845E-06
 9.0256E+24  6.8800E-07  1.7640E+04  7.4643E-05  9.9982E-01  7.1845E-06
 9.1182E+24  7.0167E-07  1.7660E+04  7.4643E-05  9.9982E-01  7.1845E-06
 9.2107E+24  7.1542E-07  1.7680E+04  7.4643E-05  9.9981E-01  7.1845E-06
 9.3033E+24  7.2928E-07  1.7700E+04  7.4643E-05  9.9981E-01  7.1845E-06
 9.3959E+24  7.4323E-07  1.7719E+04  7.4643E-05  9.9981E-01  7.1845E-06
 9.4885E+24  7.5729E-07  1.7738E+04  7.4643E-05  9.9980E-01  7.1845E-06
 9.5810E+24  7.7145E-07  1.7757E+04  7.4643E-05  9.9980E-01  7.1845E-06
 9.6736E+24  7.8572E-07  1.7776E+04  7.4643E-05  9.9980E-01  7.1845E-06
 9.7662E+24  8.0011E-07  1.7795E+04  7.4643E-05  9.9979E-01  7.1845E-06
 9.8587E+24  8.1462E-07  1.7813E+04  7.4643E-05  9.9979E-01  7.1845E-06
 9.9513E+24  8.2926E-07  1.7832E+04  7.4643E-05  9.9978E-01  7.1845E-06
 1.0044E+25  8.4403E-07  1.7850E+04  7.4643E-05  9.9978E-01  7.1845E-06
 1.0136E+25  8.5894E-07  1.7868E+04  7.4643E-05  9.9978E-01  7.1845E-06
 1.0229E+25  8.7400E-07  1.7886E+04  7.4643E-05  9.9977E-01  7.1845E-06
 1.0322E+25  8.8922E-07  1.7903E+04  7.4643E-05  9.9977E-01  7.1845E-06
 1.0414E+25  9.0460E-07  1.7921E+04  7.4643E-05  9.9976E-01  7.1845E-06
 1.0507E+25  9.2015E-07  1.7938E+04  7.4643E-05  9.9975E-01  7.1845E-06
 1.0599E+25  9.3587E-07  1.7956E+04  7.4643E-05  9.9974E-01  7.1845E-06
 1.0692E+25  9.5180E-07  1.7973E+04  7.4643E-05  9.9972E-01  7.1845E-06
 1.0784E+25  9.6792E-07  1.7990E+04  7.4643E-05  9.9970E-01  7.1845E-06
 1.0877E+25  9.8425E-07  1.8006E+04  7.4643E-05  9.9965E-01  7.1845E-06
 1.0970E+25  1.0007E-06  1.8023E+04  7.4643E-05  9.9956E-01  7.1845E-06
 1.1062E+25  1.0148E-06  1.8039E+04  7.4643E-05  9.9940E-01  7.1845E-06
 1.1155E+25  1.0306E-06  1.8054E+04  7.4643E-05  9.9911E-01  7.1845E-06
 1.1247E+25  1.0475E-06  1.8068E+04  7.4643E-05  9.9861E-01  7.1845E-06
 1.1340E+25  1.0647E-06  1.8081E+04  7.4643E-05  9.9772E-01  7.1845E-06
 1.1432E+25  1.0823E-06  1.8090E+04  7.4643E-05  9.9619E-01  7.1845E-06
 1.1525E+25  1.1002E-06  1.8095E+04  7.4643E-05  9.9356E-01  7.1845E-06
 1.1618E+25  1.1186E-06  1.8092E+04  7.4643E-05  9.8909E-01  7.1845E-06
 1.1710E+25  1.1336E-06  1.8077E+04  7.4643E-05  9.8164E-01  7.1845E-06
 1.1803E+25  1.1511E-06  1.8040E+04  7.4643E-05  9.6944E-01  7.1845E-06
 1.1895E+25  1.1718E-06  1.7972E+04  7.4643E-05  9.4996E-01  7.1845E-06
 1.1988E+25  1.1942E-06  1.7856E+04  7.4643E-05  9.1993E-01  7.1845E-06
 1.2080E+25  1.2192E-06  1.7672E+04  7.4643E-05  8.7579E-01  7.1845E-06
 1.2173E+25  1.2477E-06  1.7400E+04  7.4643E-05  8.1492E-01  7.1845E-06
 1.2266E+25  1.2737E-06  1.7025E+04  7.4643E-05  7.3757E-01  7.1845E-06
 1.2358E+25  1.3126E-06  1.6547E+04  7.4643E-05  6.4832E-01  7.1845E-06
 1.2451E+25  1.3577E-06  1.5989E+04  7.4643E-05  5.5534E-01  7.1845E-06
 1.2543E+25  1.4087E-06  1.5384E+04  7.4643E-05  4.6734E-01  7.1845E-06
 1.2636E+25  1.4645E-06  1.4771E+04  7.4643E-05  3.9037E-01  7.1845E-06
 1.2728E+25  1.5236E-06  1.4182E+04  7.4643E-05  3.2662E-01  7.1845E-06
 1.2821E+25  1.5816E-06  1.3634E+04  7.4643E-05  2.7545E-01  7.1845E-06
 1.2914E+25  1.6413E-06  1.3134E+04  7.4643E-05  2.3487E-01  7.1845E-06
 1.3006E+25  1.7033E-06  1.2685E+04  7.4643E-05  2.0264E-01  7.1845E-06
 1.3099E+25  1.7649E-06  1.2283E+04  7.4643E-05  1.7681E-01  7.1845E-06
 1.3191E+25  1.8258E-06  1.1923E+04  7.4643E-05  1.5585E-01  7.1845E-06
 1.3284E+25  1.8859E-06  1.1600E+04  7.4643E-05  1.3861E-01  7.1845E-06
 1.3376E+25  1.9451E-06  1.1310E+04  7.4643E-05  1.2425E-01  7.1845E-06
 1.3469E+25  2.0036E-06  1.1048E+04  7.4643E-05  1.1213E-01  7.1845E-06
 1.3562E+25  2.0614E-06  1.0811E+04  7.4643E-05  1.0180E-01  7.1845E-06
 1.3654E+25  2.1183E-06  1.0596E+04  7.4643E-05  9.2908E-02  7.1845E-06
 1.3747E+25  2.1748E-06  1.0400E+04  7.4643E-05  8.5184E-02  7.1845E-06
 1.3839E+25  2.2304E-06  1.0221E+04  7.4643E-05  7.8424E-02  7.1845E-06
 1.3932E+25  2.2859E-06  1.0056E+04  7.4643E-05  7.2467E-02  7.1845E-06
 1.4024E+25  2.3407E-06  9.9046E+03  7.4643E-05  6.7185E-02  7.1845E-06
 1.4117E+25  2.3917E-06  9.7646E+03  7.4643E-05  6.2474E-02  7.1845E-06
 1.4210E+25  2.4445E-06  9.6351E+03  7.4643E-05  5.8252E-02  7.1845E-06
 1.4302E+25  2.4980E-06  9.5150E+03  7.4643E-05  5.4451E-02  7.1845E-06
 1.4395E+25  2.5511E-06  9.4033E+03  7.4643E-05  5.1015E-02  7.1845E-06
 1.4487E+25  2.6042E-06  9.2991E+03  7.4643E-05  4.7896E-02  7.1845E-06
 1.4580E+25  2.6570E-06  9.2018E+03  7.4643E-05  4.5055E-02  7.1845E-06
 1.4672E+25  2.7098E-06  9.1108E+03  7.4643E-05  4.2460E-02  7.1845E-06
 1.4765E+25  2.7626E-06  9.0256E+03  7.4643E-05  4.0081E-02  7.1845E-06
 1.4858E+25  2.8154E-06  8.9455E+03  7.4643E-05  3.7894E-02  7.1845E-06
 1.4950E+25  2.8682E-06  8.8702E+03  7.4643E-05  3.5880E-02  7.1845E-06
 1.5043E+25  2.9211E-06  8.7992E+03  7.4643E-05  3.4019E-02  7.1845E-06
 1.5135E+25  2.9668E-06  8.7323E+03  7.4643E-05  3.2296E-02  7.1845E-06
 1.5228E+25  3.0161E-06  8.6692E+03  7.4643E-05  3.0698E-02  7.1845E-06
 1.5320E+25  3.0686E-06  8.6094E+03  7.4643E-05  2.9212E-02  7.1845E-06
 1.5413E+25  3.1214E-06  8.5529E+03  7.4643E-05  2.7828E-02  7.1845E-06
 1.5506E+25  3.1747E-06  8.4993E+03  7.4643E-05  2.6537E-02  7.1845E-06
 1.5598E+25  3.2283E-06  8.4485E+03  7.4643E-05  2.5331E-02  7.1845E-06
 1.5691E+25  3.2824E-06  8.4002E+03  7.4643E-05  2.4202E-02  7.1845E-06
 1.5783E+25  3.3253E-06  8.3543E+03  7.4643E-05  2.3143E-02  7.1845E-06
 1.5876E+25  3.3736E-06  8.3106E+03  7.4643E-05  2.2150E-02  7.1845E-06
 1.5968E+25  3.4278E-06  8.2690E+03  7.4643E-05  2.1216E-02  7.1845E-06
 1.6061E+25  3.4827E-06  8.2293E+03  7.4643E-05  2.0337E-02  7.1845E-06
 1.6154E+25  3.5382E-06  8.1915E+03  7.4643E-05  1.9509E-02  7.1845E-06
 1.6246E+25  3.5902E-06  8.1554E+03  7.4643E-05  1.8728E-02  7.1845E-06
 1.6339E+25  3.6277E-06  8.1208E+03  7.4643E-05  1.7990E-02  7.1845E-06
 1.6431E+25  3.6838E-06  8.0878E+03  7.4643E-05  1.7292E-02  7.1845E-06
 1.6524E+25  3.7409E-06  8.0563E+03  7.4643E-05  1.6632E-02  7.1845E-06
 1.6616E+25  3.7989E-06  8.0260E+03  7.4643E-05  1.6006E-02  7.1845E-06
 1.6709E+25  3.8430E-06  7.9970E+03  7.4643E-05  1.5413E-02  7.1845E-06
 1.6802E+25  3.8871E-06  7.9693E+03  7.4643E-05  1.4850E-02  7.1845E-06
 1.6894E+25  3.9464E-06  7.9426E+03  7.4643E-05  1.4316E-02  7.1845E-06
 1.6987E+25  4.0067E-06  7.9170E+03  7.4643E-05  1.3808E-02  7.1845E-06
 1.7079E+25  4.0559E-06  7.8925E+03  7.4643E-05  1.3324E-02  7.1845E-06
 1.7172E+25  4.0942E-06  7.8689E+03  7.4643E-05  1.2864E-02  7.1845E-06
 1.7264E+25  4.1562E-06  7.8462E+03  7.4643E-05  1.2425E-02  7.1845E-06
 1.7357E+25  4.2196E-06  7.8243E+03  7.4643E-05  1.2007E-02  7.1845E-06
 1.7450E+25  4.2614E-06  7.8033E+03  7.4643E-05  1.1608E-02  7.1845E-06
 1.7542E+25  4.3072E-06  7.7831E+03  7.4643E-05  1.1226E-02  7.1845E-06
 1.7635E+25  4.3726E-06  7.7636E+03  7.4643E-05  1.0863E-02  7.1845E-06
 1.7727E+25  4.4375E-06  7.7448E+03  7.4643E-05  1.0514E-02  7.1845E-06
 1.7820E+25  4.4605E-06  7.7267E+03  7.4643E-05  1.0181E-02  7.1845E-06
 1.7912E+25  4.5276E-06  7.7092E+03  7.4643E-05  9.8629E-03  7.1845E-06
 1.8005E+25  4.5973E-06  7.6924E+03  7.4643E-05  9.5574E-03  7.1845E-06
 1.8097E+25  4.6302E-06  7.6761E+03  7.4643E-05  9.2649E-03  7.1845E-06
 1.8190E+25  4.6858E-06  7.6604E+03  7.4643E-05  8.9848E-03  7.1845E-06
 1.8283E+25  4.7581E-06  7.6452E+03  7.4643E-05  8.7154E-03  7.1845E-06
 1.8375E+25  4.7981E-06  7.6305E+03  7.4643E-05  8.4576E-03  7.1845E-06
 1.8468E+25  4.8473E-06  7.6164E+03  7.4643E-05  8.2096E-03  7.1845E-06
 1.8560E+25  4.9230E-06  7.6026E+03  7.4643E-05  7.9715E-03  7.1845E-06
 1.8653E+25  4.9632E-06  7.5894E+03  7.4643E-05  7.7428E-03  7.1845E-06
 1.8745E+25  5.0126E-06  7.5765E+03  7.4643E-05  7.5224E-03  7.1845E-06
 1.8838E+25  5.0922E-06  7.5641E+03  7.4643E-05  7.3111E-03  7.1845E-06
 1.8931E+25  5.1244E-06  7.5520E+03  7.4643E-05  7.1071E-03  7.1845E-06
 1.9023E+25  5.1835E-06  7.5404E+03  7.4643E-05  6.9114E-03  7.1845E-06
 1.9116E+25  5.2667E-06  7.5291E+03  7.4643E-05  6.7221E-03  7.1845E-06
 1.9208E+25  5.2814E-06  7.5181E+03  7.4643E-05  6.5405E-03  7.1845E-06
 1.9301E+25  5.3600E-06  7.5075E+03  7.4643E-05  6.3647E-03  7.1845E-06
 1.9393E+25  5.4292E-06  7.4972E+03  7.4643E-05  6.1960E-03  7.1845E-06
 1.9486E+25  5.4526E-06  7.4872E+03  7.4643E-05  6.0325E-03  7.1845E-06
 1.9579E+25  5.5429E-06  7.4775E+03  7.4643E-05  5.8754E-03  7.1845E-06
 1.9671E+25  5.5806E-06  7.4680E+03  7.4643E-05  5.7230E-03  7.1845E-06
 1.9764E+25  5.6379E-06  7.4589E+03  7.4643E-05  5.5767E-03  7.1845E-06
 1.9856E+25  5.7268E-06  7.4500E+03  7.4643E-05  5.4345E-03  7.1845E-06
 1.9949E+25  5.7340E-06  7.4414E+03  7.4643E-05  5.2980E-03  7.1845E-06
 2.0041E+25  5.8311E-06  7.4330E+03  7.4643E-05  5.1653E-03  7.1845E-06
 2.0134E+25  5.8721E-06  7.4249E+03  7.4643E-05  5.0376E-03  7.1845E-06
 2.0227E+25  5.9298E-06  7.4169E+03  7.4643E-05  4.9136E-03  7.1845E-06
 2.0319E+25  6.0164E-06  7.4092E+03  7.4643E-05  4.7939E-03  7.1845E-06
 2.0412E+25  6.0295E-06  7.4017E+03  7.4643E-05  4.6781E-03  7.1845E-06
 2.0504E+25  6.1356E-06  7.3945E+03  7.4643E-05  4.5656E-03  7.1845E-06
 2.0597E+25  6.1545E-06  7.3874E+03  7.4643E-05  4.4574E-03  7.1845E-06
 2.0689E+25  6.2389E-06  7.3805E+03  7.4643E-05  4.3517E-03  7.1845E-06
 2.0782E+25  6.2964E-06  7.3738E+03  7.4643E-05  4.2502E-03  7.1845E-06
 2.0875E+25  6.3429E-06  7.3672E+03  7.4643E-05  4.1512E-03  7.1845E-06
 2.0967E+25  6.4379E-06  7.3608E+03  7.4643E-05  4.0554E-03  7.1845E-06
 2.1060E+25  6.4484E-06  7.3546E+03  7.4643E-05  3.9628E-03  7.1845E-06
 2.1152E+25  6.5680E-06  7.3486E+03  7.4643E-05  3.8724E-03  7.1845E-06
 2.1245E+25  6.5662E-06  7.3427E+03  7.4643E-05  3.7854E-03  7.1845E-06
 2.1337E+25  6.6781E-06  7.3370E+03  7.4643E-05  3.7004E-03  7.1845E-06
 2.1430E+25  6.7047E-06  7.3314E+03  7.4643E-05  3.6181E-03  7.1845E-06
 2.1523E+25  6.7903E-06  7.3259E+03  7.4643E-05  3.5385E-03  7.1845E-06
 2.1615E+25  6.8425E-06  7.3206E+03  7.4643E-05  3.4607E-03  7.1845E-06
 2.1708E+25  6.9041E-06  7.3154E+03  7.4643E-05  3.3856E-03  7.1845E-06
 2.1800E+25  6.9798E-06  7.3104E+03  7.4643E-05  3.3125E-03  7.1845E-06
 2.1893E+25  7.0197E-06  7.3054E+03  7.4643E-05  3.2411E-03  7.1845E-06
 2.1985E+25  7.1161E-06  7.3006E+03  7.4643E-05  3.1724E-03  7.1845E-06
 2.2078E+25  7.1376E-06  7.2959E+03  7.4643E-05  3.1051E-03  7.1845E-06
 2.2171E+25  7.2521E-06  7.2913E+03  7.4643E-05  3.0397E-03  7.1845E-06
 2.2263E+25  7.2577E-06  7.2869E+03  7.4643E-05  2.9766E-03  7.1845E-06
 2.2356E+25  7.3868E-06  7.2825E+03  7.4643E-05  2.9146E-03  7.1845E-06
 2.2448E+25  7.3805E-06  7.2782E+03  7.4643E-05  2.8545E-03  7.1845E-06
 2.2541E+25  7.5204E-06  7.2740E+03  7.4643E-05  2.7963E-03  7.1845E-06
 2.2633E+25  7.5059E-06  7.2699E+03  7.4643E-05  2.7392E-03  7.1845E-06
 2.2726E+25  7.6532E-06  7.2660E+03  7.4643E-05  2.6839E-03  7.1845E-06
 2.2819E+25  7.6341E-06  7.2621E+03  7.4643E-05  2.6302E-03  7.1845E-06
 2.2911E+25  7.7852E-06  7.2583E+03  7.4643E-05  2.5775E-03  7.1845E-06
 2.3004E+25  7.7652E-06  7.2546E+03  7.4643E-05  2.5264E-03  7.1845E-06
 2.3096E+25  7.9164E-06  7.2509E+03  7.4643E-05  2.4768E-03  7.1845E-06
 2.3189E+25  7.8992E-06  7.2474E+03  7.4643E-05  2.4281E-03  7.1845E-06
 2.3281E+25  8.0465E-06  7.2439E+03  7.4643E-05  2.3808E-03  7.1845E-06
 2.3374E+25  8.0367E-06  7.2405E+03  7.4643E-05  2.3350E-03  7.1845E-06
 2.3467E+25  8.1753E-06  7.2372E+03  7.4643E-05  2.2899E-03  7.1845E-06
 2.3559E+25  8.1778E-06  7.2339E+03  7.4643E-05  2.2461E-03  7.1845E-06
 2.3652E+25  8.3029E-06  7.2308E+03  7.4643E-05  2.2037E-03  7.1845E-06
 2.3744E+25  8.3227E-06  7.2276E+03  7.4643E-05  2.1620E-03  7.1845E-06
 2.3837E+25  8.4293E-06  7.2246E+03  7.4643E-05  2.1211E-03  7.1845E-06
 2.3929E+25  8.4717E-06  7.2216E+03  7.4643E-05  2.0818E-03  7.1845E-06
 2.4022E+25  8.5544E-06  7.2187E+03  7.4643E-05  2.0432E-03  7.1845E-06
 2.4115E+25  8.6248E-06  7.2158E+03  7.4643E-05  2.0053E-03  7.1845E-06
 2.4207E+25  8.6783E-06  7.2131E+03  7.4643E-05  1.9686E-03  7.1845E-06
 2.4300E+25  8.7823E-06  7.2103E+03  7.4643E-05  1.9328E-03  7.1845E-06
 2.4392E+25  8.8009E-06  7.2076E+03  7.4643E-05  1.8976E-03  7.1845E-06
 2.4485E+25  8.9445E-06  7.2050E+03  7.4643E-05  1.8633E-03  7.1845E-06
 2.4577E+25  8.9222E-06  7.2024E+03  7.4643E-05  1.8301E-03  7.1845E-06
 2.4670E+25  9.0946E-06  7.1999E+03  7.4643E-05  1.7974E-03  7.1845E-06
 2.4763E+25  9.0591E-06  7.1974E+03  7.4643E-05  1.7653E-03  7.1845E-06
 2.4855E+25  9.2155E-06  7.1950E+03  7.4643E-05  1.7343E-03  7.1845E-06
 2.4948E+25  9.2289E-06  7.1927E+03  7.4643E-05  1.7040E-03  7.1845E-06
 2.5040E+25  9.3346E-06  7.1903E+03  7.4643E-05  1.6741E-03  7.1845E-06
 2.5133E+25  9.4044E-06  7.1880E+03  7.4643E-05  1.6449E-03  7.1845E-06
 2.5225E+25  9.4520E-06  7.1858E+03  7.4643E-05  1.6167E-03  7.1845E-06
 2.5318E+25  9.5855E-06  7.1836E+03  7.4643E-05  1.5890E-03  7.1845E-06
 2.5411E+25  9.5680E-06  7.1815E+03  7.4643E-05  1.5617E-03  7.1845E-06
 2.5503E+25  9.7453E-06  7.1794E+03  7.4643E-05  1.5351E-03  7.1845E-06
 2.5596E+25  9.7097E-06  7.1773E+03  7.4643E-05  1.5093E-03  7.1845E-06
 2.5688E+25  9.8607E-06  7.1753E+03  7.4643E-05  1.4839E-03  7.1845E-06
 2.5781E+25  9.9006E-06  7.1733E+03  7.4643E-05  1.4589E-03  7.1845E-06
 2.5873E+25  9.9745E-06  7.1713E+03  7.4643E-05  1.4346E-03  7.1845E-06
 2.5966E+25  1.0098E-05  7.1694E+03  7.4643E-05  1.4110E-03  7.1845E-06
 2.6059E+25  1.0087E-05  7.1676E+03  7.4643E-05  1.3877E-03  7.1845E-06
 2.6151E+25  1.0267E-05  7.1657E+03  7.4643E-05  1.3648E-03  7.1845E-06
 2.6244E+25  1.0232E-05  7.1639E+03  7.4643E-05  1.3425E-03  7.1845E-06
 2.6336E+25  1.0378E-05  7.1621E+03  7.4643E-05  1.3209E-03  7.1845E-06
 2.6429E+25  1.0440E-05  7.1604E+03  7.4643E-05  1.2995E-03  7.1845E-06
 2.6521E+25  1.0488E-05  7.1587E+03  7.4643E-05  1.2785E-03  7.1845E-06
 2.6614E+25  1.0656E-05  7.1570E+03  7.4643E-05  1.2580E-03  7.1845E-06
 2.6707E+25  1.0595E-05  7.1554E+03  7.4643E-05  1.2381E-03  7.1845E-06
 2.6799E+25  1.0779E-05  7.1537E+03  7.4643E-05  1.2185E-03  7.1845E-06
 2.6892E+25  1.0802E-05  7.1521E+03  7.4643E-05  1.1991E-03  7.1845E-06
 2.6984E+25  1.0885E-05  7.1506E+03  7.4643E-05  1.1803E-03  7.1845E-06
 2.7077E+25  1.1031E-05  7.1491E+03  7.4643E-05  1.1620E-03  7.1845E-06
 2.7169E+25  1.0991E-05  7.1476E+03  7.4643E-05  1.1440E-03  7.1845E-06
 2.7262E+25  1.1177E-05  7.1461E+03  7.4643E-05  1.1261E-03  7.1845E-06
 2.7355E+25  1.1184E-05  7.1446E+03  7.4643E-05  1.1087E-03  7.1845E-06
 2.7447E+25  1.1280E-05  7.1432E+03  7.4643E-05  1.0918E-03  7.1845E-06
 2.7540E+25  1.1428E-05  7.1418E+03  7.4643E-05  1.0752E-03  7.1845E-06
 2.7632E+25  1.1382E-05  7.1404E+03  7.4643E-05  1.0588E-03  7.1845E-06
 2.7725E+25  1.1571E-05  7.1391E+03  7.4643E-05  1.0427E-03  7.1845E-06
 2.7817E+25  1.1591E-05  7.1377E+03  7.4643E-05  1.0270E-03  7.1845E-06
 2.7910E+25  1.1671E-05  7.1364E+03  7.4643E-05  1.0117E-03  7.1845E-06
 2.8003E+25  1.1849E-05  7.1351E+03  7.4643E-05  9.9662E-04  7.1845E-06
 2.8095E+25  1.1770E-05  7.1339E+03  7.4643E-05  9.8171E-04  7.1845E-06
 2.8188E+25  1.1961E-05  7.1326E+03  7.4643E-05  9.6710E-04  7.1845E-06
 2.8280E+25  1.2023E-05  7.1314E+03  7.4643E-05  9.5296E-04  7.1845E-06
 2.8373E+25  1.2058E-05  7.1302E+03  7.4643E-05  9.3909E-04  7.1845E-06
 2.8465E+25  1.2252E-05  7.1290E+03  7.4643E-05  9.2534E-04  7.1845E-06
 2.8558E+25  1.2200E-05  7.1279E+03  7.4643E-05  9.1175E-04  7.1845E-06
 2.8651E+25  1.2347E-05  7.1267E+03  7.4643E-05  8.9854E-04  7.1845E-06
 2.8743E+25  1.2484E-05  7.1256E+03  7.4643E-05  8.8571E-04  7.1845E-06
 2.8836E+25  1.2440E-05  7.1245E+03  7.4643E-05  8.7307E-04  7.1845E-06
 2.8928E+25  1.2636E-05  7.1234E+03  7.4643E-05  8.6052E-04  7.1845E-06
 2.9021E+25  1.2674E-05  7.1223E+03  7.4643E-05  8.4817E-04  7.1845E-06
 2.9113E+25  1.2727E-05  7.1213E+03  7.4643E-05  8.3616E-04  7.1845E-06
 2.9206E+25  1.2927E-05  7.1202E+03  7.4643E-05  8.2449E-04  7.1845E-06
 2.9299E+25  1.2867E-05  7.1192E+03  7.4643E-05  8.1294E-04  7.1845E-06
 2.9391E+25  1.3016E-05  7.1182E+03  7.4643E-05  8.0150E-04  7.1845E-06
 2.9484E+25  1.3181E-05  7.1172E+03  7.4643E-05  7.9022E-04  7.1845E-06
 2.9576E+25  1.3103E-05  7.1163E+03  7.4643E-05  7.7927E-04  7.1845E-06
 2.9669E+25  1.3304E-05  7.1153E+03  7.4643E-05  7.6863E-04  7.1845E-06
 2.9761E+25  1.3391E-05  7.1144E+03  7.4643E-05  7.5808E-04  7.1845E-06
 2.9854E+25  1.3389E-05  7.1134E+03  7.4643E-05  7.4763E-04  7.1845E-06
 2.9947E+25  1.3593E-05  7.1125E+03  7.4643E-05  7.3732E-04  7.1845E-06
 3.0039E+25  1.3605E-05  7.1116E+03  7.4643E-05  7.2730E-04  7.1845E-06
 3.0132E+25  1.3676E-05  7.1108E+03  7.4643E-05  7.1757E-04  7.1845E-06
 3.0224E+25  1.3882E-05  7.1099E+03  7.4643E-05  7.0793E-04  7.1845E-06
 3.0317E+25  1.3825E-05  7.1090E+03  7.4643E-05  6.9836E-04  7.1845E-06
 3.0409E+25  1.3962E-05  7.1082E+03  7.4643E-05  6.8892E-04  7.1845E-06
 3.0502E+25  1.4170E-05  7.1073E+03  7.4643E-05  6.7973E-04  7.1845E-06
 3.0594E+25  1.4055E-05  7.1065E+03  7.4643E-05  6.7079E-04  7.1845E-06
 3.0687E+25  1.4248E-05  7.1057E+03  7.4643E-05  6.6199E-04  7.1845E-06
 3.0780E+25  1.4423E-05  7.1049E+03  7.4643E-05  6.5324E-04  7.1845E-06
 3.0872E+25  1.4325E-05  7.1041E+03  7.4643E-05  6.4458E-04  7.1845E-06
 3.0965E+25  1.4534E-05  7.1034E+03  7.4643E-05  6.3611E-04  7.1845E-06
 3.1057E+25  1.4670E-05  7.1026E+03  7.4643E-05  6.2787E-04  7.1845E-06
 3.1150E+25  1.4609E-05  7.1019E+03  7.4643E-05  6.1982E-04  7.1845E-06
 3.1242E+25  1.4821E-05  7.1011E+03  7.4643E-05  6.1182E-04  7.1845E-06
 3.1335E+25  1.4925E-05  7.1004E+03  7.4643E-05  6.0389E-04  7.1845E-06
 3.1428E+25  1.4893E-05  7.0997E+03  7.4643E-05  5.9606E-04  7.1845E-06
 3.1520E+25  1.5107E-05  7.0990E+03  7.4643E-05  5.8845E-04  7.1845E-06
 3.1613E+25  1.5188E-05  7.0983E+03  7.4643E-05  5.8104E-04  7.1845E-06
 3.1705E+25  1.5177E-05  7.0976E+03  7.4643E-05  5.7373E-04  7.1845E-06
 3.1798E+25  1.5392E-05  7.0969E+03  7.4643E-05  5.6646E-04  7.1845E-06
 3.1890E+25  1.5461E-05  7.0963E+03  7.4643E-05  5.5926E-04  7.1845E-06
 3.1983E+25  1.5460E-05  7.0956E+03  7.4643E-05  5.5219E-04  7.1845E-06
 3.2076E+25  1.5677E-05  7.0950E+03  7.4643E-05  5.4531E-04  7.1845E-06
 3.2168E+25  1.5744E-05  7.0943E+03  7.4643E-05  5.3861E-04  7.1845E-06
 3.2261E+25  1.5742E-05  7.0937E+03  7.4643E-05  5.3196E-04  7.1845E-06
 3.2353E+25  1.5961E-05  7.0931E+03  7.4643E-05  5.2536E-04  7.1845E-06
 3.2446E+25  1.6036E-05  7.0925E+03  7.4643E-05  5.1881E-04  7.1845E-06
 3.2538E+25  1.6024E-05  7.0919E+03  7.4643E-05  5.1241E-04  7.1845E-06
 3.2631E+25  1.6245E-05  7.0913E+03  7.4643E-05  5.0618E-04  7.1845E-06
 3.2724E+25  1.6340E-05  7.0907E+03  7.4643E-05  5.0009E-04  7.1845E-06
 3.2816E+25  1.6305E-05  7.0901E+03  7.4643E-05  4.9404E-04  7.1845E-06
 3.2909E+25  1.6527E-05  7.0896E+03  7.4643E-05  4.8803E-04  7.1845E-06
 3.3001E+25  1.6654E-05  7.0890E+03  7.4643E-05  4.8208E-04  7.1845E-06
 3.3094E+25  1.6585E-05  7.0884E+03  7.4643E-05  4.7626E-04  7.1845E-06
 3.3186E+25  1.6809E-05  7.0879E+03  7.4643E-05  4.7059E-04  7.1845E-06
 3.3279E+25  1.6981E-05  7.0874E+03  7.4643E-05  4.6505E-04  7.1845E-06
 3.3372E+25  1.6865E-05  7.0868E+03  7.4643E-05  4.5954E-04  7.1845E-06
 3.3464E+25  1.7090E-05  7.0863E+03  7.4643E-05  4.5408E-04  7.1845E-06
 3.3557E+25  1.7314E-05  7.0858E+03  7.4643E-05  4.4865E-04  7.1845E-06
 3.3649E+25  1.7149E-05  7.0853E+03  7.4643E-05  4.4334E-04  7.1845E-06
 3.3742E+25  1.7370E-05  7.0848E+03  7.4643E-05  4.3815E-04  7.1845E-06
 3.3834E+25  1.7603E-05  7.0843E+03  7.4643E-05  4.3311E-04  7.1845E-06
 3.3927E+25  1.7489E-05  7.0838E+03  7.4643E-05  4.2810E-04  7.1845E-06
 3.4020E+25  1.7650E-05  7.0833E+03  7.4643E-05  4.2312E-04  7.1845E-06
 3.4112E+25  1.7884E-05  7.0828E+03  7.4643E-05  4.1817E-04  7.1845E-06
 3.4205E+25  1.7850E-05  7.0823E+03  7.4643E-05  4.1330E-04  7.1845E-06
 3.4297E+25  1.7928E-05  7.0819E+03  7.4643E-05  4.0855E-04  7.1845E-06
 3.4390E+25  1.8162E-05  7.0814E+03  7.4643E-05  4.0392E-04  7.1845E-06
 3.4482E+25  1.8225E-05  7.0810E+03  7.4643E-05  3.9937E-04  7.1845E-06
 3.4575E+25  1.8206E-05  7.0805E+03  7.4643E-05  3.9483E-04  7.1845E-06
 3.4668E+25  1.8440E-05  7.0801E+03  7.4643E-05  3.9032E-04  7.1845E-06
 3.4760E+25  1.8615E-05  7.0796E+03  7.4643E-05  3.8585E-04  7.1845E-06
 3.4853E+25  1.8483E-05  7.0792E+03  7.4643E-05  3.8149E-04  7.1845E-06
 3.4945E+25  1.8717E-05  7.0788E+03  7.4643E-05  3.7722E-04  7.1845E-06
 3.5038E+25  1.8958E-05  7.0784E+03  7.4643E-05  3.7306E-04  7.1845E-06
 3.5130E+25  1.8820E-05  7.0780E+03  7.4643E-05  3.6893E-04  7.1845E-06
 3.5223E+25  1.8994E-05  7.0776E+03  7.4643E-05  3.6482E-04  7.1845E-06
 3.5316E+25  1.9236E-05  7.0772E+03  7.4643E-05  3.6074E-04  7.1845E-06
 3.5408E+25  1.9236E-05  7.0767E+03  7.4643E-05  3.5670E-04  7.1845E-06
 3.5501E+25  1.9270E-05  7.0764E+03  7.4643E-05  3.5277E-04  7.1845E-06
 3.5593E+25  1.9511E-05  7.0760E+03  7.4643E-05  3.4892E-04  7.1845E-06
 3.5686E+25  1.9669E-05  7.0756E+03  7.4643E-05  3.4516E-04  7.1845E-06
 3.5778E+25  1.9545E-05  7.0752E+03  7.4643E-05  3.4141E-04  7.1845E-06
 3.5871E+25  1.9785E-05  7.0748E+03  7.4643E-05  3.3769E-04  7.1845E-06
 3.5964E+25  2.0033E-05  7.0745E+03  7.4643E-05  3.3399E-04  7.1845E-06
 3.6056E+25  1.9904E-05  7.0741E+03  7.4643E-05  3.3033E-04  7.1845E-06
 3.6149E+25  2.0060E-05  7.0737E+03  7.4643E-05  3.2678E-04  7.1845E-06
 3.6241E+25  2.0307E-05  7.0734E+03  7.4643E-05  3.2330E-04  7.1845E-06
 3.6334E+25  2.0369E-05  7.0730E+03  7.4643E-05  3.1989E-04  7.1845E-06
 3.6426E+25  2.0334E-05  7.0727E+03  7.4643E-05  3.1649E-04  7.1845E-06
 3.6519E+25  2.0579E-05  7.0724E+03  7.4643E-05  3.1311E-04  7.1845E-06
 3.6612E+25  2.0829E-05  7.0720E+03  7.4643E-05  3.0975E-04  7.1845E-06
 3.6704E+25  2.0628E-05  7.0717E+03  7.4643E-05  3.0643E-04  7.1845E-06
 3.6797E+25  2.0852E-05  7.0713E+03  7.4643E-05  3.0321E-04  7.1845E-06
 3.6889E+25  2.1105E-05  7.0710E+03  7.4643E-05  3.0004E-04  7.1845E-06
 3.6982E+25  2.1123E-05  7.0707E+03  7.4643E-05  2.9695E-04  7.1845E-06
 3.7074E+25  2.1125E-05  7.0704E+03  7.4643E-05  2.9386E-04  7.1845E-06
 3.7167E+25  2.1375E-05  7.0701E+03  7.4643E-05  2.9079E-04  7.1845E-06
 3.7260E+25  2.1627E-05  7.0697E+03  7.4643E-05  2.8774E-04  7.1845E-06
 3.7352E+25  2.1410E-05  7.0694E+03  7.4643E-05  2.8472E-04  7.1845E-06
 3.7445E+25  2.1646E-05  7.0691E+03  7.4643E-05  2.8178E-04  7.1845E-06
 3.7537E+25  2.1903E-05  7.0688E+03  7.4643E-05  2.7888E-04  7.1845E-06
 3.7630E+25  2.1938E-05  7.0685E+03  7.4643E-05  2.7607E-04  7.1845E-06
 3.7722E+25  2.1918E-05  7.0682E+03  7.4643E-05  2.7327E-04  7.1845E-06
 3.7815E+25  2.2172E-05  7.0680E+03  7.4643E-05  2.7049E-04  7.1845E-06
 3.7908E+25  2.2433E-05  7.0677E+03  7.4643E-05  2.6772E-04  7.1845E-06
 3.8000E+25  2.2247E-05  7.0674E+03  7.4643E-05  2.6497E-04  7.1845E-06
 3.8093E+25  2.2442E-05  7.0671E+03  7.4643E-05  2.6226E-04  7.1845E-06
 3.8185E+25  2.2701E-05  7.0668E+03  7.4643E-05  2.5962E-04  7.1845E-06
 3.8278E+25  2.2821E-05  7.0665E+03  7.4643E-05  2.5703E-04  7.1845E-06
 3.8370E+25  2.2712E-05  7.0663E+03  7.4643E-05  2.5450E-04  7.1845E-06
 3.8463E+25  2.2969E-05  7.0660E+03  7.4643E-05  2.5197E-04  7.1845E-06
 3.8556E+25  2.3235E-05  7.0657E+03  7.4643E-05  2.4945E-04  7.1845E-06
 3.8648E+25  2.3160E-05  7.0655E+03  7.4643E-05  2.4695E-04  7.1845E-06
 3.8741E+25  2.3239E-05  7.0652E+03  7.4643E-05  2.4446E-04  7.1845E-06
 3.8833E+25  2.3501E-05  7.0650E+03  7.4643E-05  2.4204E-04  7.1845E-06
 3.8926E+25  2.3763E-05  7.0647E+03  7.4643E-05  2.3965E-04  7.1845E-06
 3.9018E+25  2.3519E-05  7.0644E+03  7.4643E-05  2.3733E-04  7.1845E-06
 3.9111E+25  2.3769E-05  7.0642E+03  7.4643E-05  2.3504E-04  7.1845E-06
 3.9204E+25  2.4035E-05  7.0640E+03  7.4643E-05  2.3275E-04  7.1845E-06
 3.9296E+25  2.4149E-05  7.0637E+03  7.4643E-05  2.3048E-04  7.1845E-06
 3.9389E+25  2.4036E-05  7.0635E+03  7.4643E-05  2.2821E-04  7.1845E-06
 3.9481E+25  2.4301E-05  7.0632E+03  7.4643E-05  2.2597E-04  7.1845E-06
 3.9574E+25  2.4573E-05  7.0630E+03  7.4643E-05  2.2378E-04  7.1845E-06
 3.9666E+25  2.4536E-05  7.0628E+03  7.4643E-05  2.2162E-04  7.1845E-06
 3.9759E+25  2.4569E-05  7.0625E+03  7.4643E-05  2.1953E-04  7.1845E-06
 3.9852E+25  2.4836E-05  7.0623E+03  7.4643E-05  2.1745E-04  7.1845E-06
 3.9944E+25  2.5112E-05  7.0621E+03  7.4643E-05  2.1538E-04  7.1845E-06
 4.0037E+25  2.4939E-05  7.0619E+03  7.4643E-05  2.1332E-04  7.1845E-06
 4.0129E+25  2.5104E-05  7.0616E+03  7.4643E-05  2.1128E-04  7.1845E-06
 4.0222E+25  2.5375E-05  7.0614E+03  7.4643E-05  2.0924E-04  7.1845E-06
 4.0314E+25  2.5640E-05  7.0612E+03  7.4643E-05  2.0726E-04  7.1845E-06
 4.0407E+25  2.5373E-05  7.0610E+03  7.4643E-05  2.0530E-04  7.1845E-06
 4.0500E+25  2.5641E-05  7.0608E+03  7.4643E-05  2.0339E-04  7.1845E-06
 4.0592E+25  2.5916E-05  7.0606E+03  7.4643E-05  2.0152E-04  7.1845E-06
 4.0685E+25  2.6088E-05  7.0604E+03  7.4643E-05  1.9965E-04  7.1845E-06
 4.0777E+25  2.5905E-05  7.0602E+03  7.4643E-05  1.9778E-04  7.1845E-06
 4.0870E+25  2.6181E-05  7.0600E+03  7.4643E-05  1.9593E-04  7.1845E-06
 4.0962E+25  2.6459E-05  7.0598E+03  7.4643E-05  1.9408E-04  7.1845E-06
 4.1055E+25  2.6551E-05  7.0596E+03  7.4643E-05  1.9227E-04  7.1845E-06
 4.1148E+25  2.6445E-05  7.0594E+03  7.4643E-05  1.9049E-04  7.1845E-06
 4.1240E+25  2.6724E-05  7.0592E+03  7.4643E-05  1.8875E-04  7.1845E-06
 4.1333E+25  2.7004E-05  7.0590E+03  7.4643E-05  1.8705E-04  7.1845E-06
 4.1425E+25  2.7031E-05  7.0588E+03  7.4643E-05  1.8536E-04  7.1845E-06
 4.1518E+25  2.6986E-05  7.0586E+03  7.4643E-05  1.8367E-04  7.1845E-06
 4.1610E+25  2.7268E-05  7.0584E+03  7.4643E-05  1.8199E-04  7.1845E-06
 4.1703E+25  2.7552E-05  7.0582E+03  7.4643E-05  1.8032E-04  7.1845E-06
 4.1796E+25  2.7532E-05  7.0581E+03  7.4643E-05  1.7866E-04  7.1845E-06
 4.1888E+25  2.7531E-05  7.0579E+03  7.4643E-05  1.7704E-04  7.1845E-06
 4.1981E+25  2.7816E-05  7.0577E+03  7.4643E-05  1.7543E-04  7.1845E-06
 4.2073E+25  2.8102E-05  7.0575E+03  7.4643E-05  1.7388E-04  7.1845E-06
 4.2166E+25  2.8054E-05  7.0573E+03  7.4643E-05  1.7235E-04  7.1845E-06
 4.2258E+25  2.8078E-05  7.0572E+03  7.4643E-05  1.7082E-04  7.1845E-06
 4.2351E+25  2.8365E-05  7.0570E+03  7.4643E-05  1.6929E-04  7.1845E-06
 4.2443E+25  2.8654E-05  7.0568E+03  7.4643E-05  1.6778E-04  7.1845E-06
 4.2536E+25  2.8597E-05  7.0567E+03  7.4643E-05  1.6627E-04  7.1845E-06
 4.2629E+25  2.8627E-05  7.0565E+03  7.4643E-05  1.6478E-04  7.1845E-06
 4.2721E+25  2.8917E-05  7.0563E+03  7.4643E-05  1.6332E-04  7.1845E-06
 4.2814E+25  2.9209E-05  7.0562E+03  7.4643E-05  1.6187E-04  7.1845E-06
 4.2906E+25  2.9163E-05  7.0560E+03  7.4643E-05  1.6048E-04  7.1845E-06
 4.2999E+25  2.9179E-05  7.0558E+03  7.4643E-05  1.5909E-04  7.1845E-06
 4.3091E+25  2.9472E-05  7.0557E+03  7.4643E-05  1.5771E-04  7.1845E-06
 4.3184E+25  2.9765E-05  7.0555E+03  7.4643E-05  1.5634E-04  7.1845E-06
 4.3277E+25  2.9752E-05  7.0554E+03  7.4643E-05  1.5497E-04  7.1845E-06
 4.3369E+25  2.9733E-05  7.0552E+03  7.4643E-05  1.5361E-04  7.1845E-06
 4.3462E+25  3.0029E-05  7.0551E+03  7.4643E-05  1.5226E-04  7.1845E-06
 4.3554E+25  3.0324E-05  7.0549E+03  7.4643E-05  1.5094E-04  7.1845E-06
 4.3647E+25  3.0365E-05  7.0548E+03  7.4643E-05  1.4963E-04  7.1845E-06
 4.3739E+25  3.0291E-05  7.0546E+03  7.4643E-05  1.4836E-04  7.1845E-06
 4.3832E+25  3.0588E-05  7.0545E+03  7.4643E-05  1.4712E-04  7.1845E-06
 4.3925E+25  3.0886E-05  7.0543E+03  7.4643E-05  1.4587E-04  7.1845E-06
 4.4017E+25  3.1003E-05  7.0542E+03  7.4643E-05  1.4463E-04  7.1845E-06
 4.4110E+25  3.0851E-05  7.0540E+03  7.4643E-05  1.4339E-04  7.1845E-06
 4.4202E+25  3.1148E-05  7.0539E+03  7.4643E-05  1.4216E-04  7.1845E-06
 4.4295E+25  3.1451E-05  7.0538E+03  7.4643E-05  1.4094E-04  7.1845E-06
 4.4387E+25  3.1666E-05  7.0536E+03  7.4643E-05  1.3974E-04  7.1845E-06
 4.4480E+25  3.1414E-05  7.0535E+03  7.4643E-05  1.3856E-04  7.1845E-06
 4.4573E+25  3.1711E-05  7.0533E+03  7.4643E-05  1.3739E-04  7.1845E-06
 4.4665E+25  3.2018E-05  7.0532E+03  7.4643E-05  1.3627E-04  7.1845E-06
 4.4758E+25  3.2319E-05  7.0531E+03  7.4643E-05  1.3515E-04  7.1845E-06
 4.4850E+25  3.2015E-05  7.0529E+03  7.4643E-05  1.3402E-04  7.1845E-06
 4.4943E+25  3.2279E-05  7.0528E+03  7.4643E-05  1.3291E-04  7.1845E-06
 4.5035E+25  3.2588E-05  7.0527E+03  7.4643E-05  1.3179E-04  7.1845E-06
 4.5128E+25  3.2895E-05  7.0525E+03  7.4643E-05  1.3069E-04  7.1845E-06
 4.5221E+25  3.2724E-05  7.0524E+03  7.4643E-05  1.2959E-04  7.1845E-06
 4.5313E+25  3.2850E-05  7.0523E+03  7.4643E-05  1.2852E-04  7.1845E-06
 4.5406E+25  3.3158E-05  7.0522E+03  7.4643E-05  1.2745E-04  7.1845E-06
 4.5498E+25  3.3471E-05  7.0520E+03  7.4643E-05  1.2642E-04  7.1845E-06
 4.5591E+25  3.3466E-05  7.0519E+03  7.4643E-05  1.2541E-04  7.1845E-06
 4.5683E+25  3.3424E-05  7.0518E+03  7.4643E-05  1.2440E-04  7.1845E-06
 4.5776E+25  3.3731E-05  7.0517E+03  7.4643E-05  1.2338E-04  7.1845E-06
 4.5869E+25  3.4048E-05  7.0516E+03  7.4643E-05  1.2238E-04  7.1845E-06
 4.5961E+25  3.4240E-05  7.0514E+03  7.4643E-05  1.2137E-04  7.1845E-06
 4.6054E+25  3.3997E-05  7.0513E+03  7.4643E-05  1.2038E-04  7.1845E-06
 4.6146E+25  3.4310E-05  7.0512E+03  7.4643E-05  1.1939E-04  7.1845E-06
 4.6239E+25  3.4628E-05  7.0511E+03  7.4643E-05  1.1842E-04  7.1845E-06
 4.6331E+25  3.4945E-05  7.0510E+03  7.4643E-05  1.1746E-04  7.1845E-06
 4.6424E+25  3.4673E-05  7.0509E+03  7.4643E-05  1.1654E-04  7.1845E-06
 4.6517E+25  3.4893E-05  7.0508E+03  7.4643E-05  1.1563E-04  7.1845E-06
 4.6609E+25  3.5207E-05  7.0506E+03  7.4643E-05  1.1471E-04  7.1845E-06
 4.6702E+25  3.5532E-05  7.0505E+03  7.4643E-05  1.1380E-04  7.1845E-06
 4.6794E+25  3.5502E-05  7.0504E+03  7.4643E-05  1.1290E-04  7.1845E-06
 4.6887E+25  3.5475E-05  7.0503E+03  7.4643E-05  1.1199E-04  7.1845E-06
 4.6979E+25  3.5794E-05  7.0502E+03  7.4643E-05  1.1109E-04  7.1845E-06
 4.7072E+25  3.6120E-05  7.0501E+03  7.4643E-05  1.1020E-04  7.1845E-06
 4.7165E+25  3.6369E-05  7.0500E+03  7.4643E-05  1.0933E-04  7.1845E-06
 4.7257E+25  3.6057E-05  7.0499E+03  7.4643E-05  1.0846E-04  7.1845E-06
 4.7350E+25  3.6386E-05  7.0498E+03  7.4643E-05  1.0762E-04  7.1845E-06
 4.7442E+25  3.6707E-05  7.0497E+03  7.4643E-05  1.0680E-04  7.1845E-06
 4.7535E+25  3.7040E-05  7.0496E+03  7.4643E-05  1.0598E-04  7.1845E-06
 4.7627E+25  3.6875E-05  7.0495E+03  7.4643E-05  1.0516E-04  7.1845E-06
 4.7720E+25  3.6976E-05  7.0494E+03  7.4643E-05  1.0434E-04  7.1845E-06
 4.7813E+25  3.7304E-05  7.0493E+03  7.4643E-05  1.0353E-04  7.1845E-06
 4.7905E+25  3.7635E-05  7.0492E+03  7.4643E-05  1.0271E-04  7.1845E-06
 4.7998E+25  3.7807E-05  7.0491E+03  7.4643E-05  1.0191E-04  7.1845E-06
 4.8090E+25  3.7566E-05  7.0490E+03  7.4643E-05  1.0112E-04  7.1845E-06
 4.8183E+25  3.7904E-05  7.0489E+03  7.4643E-05  1.0033E-04  7.1845E-06
 4.8275E+25  3.8232E-05  7.0488E+03  7.4643E-05  9.9559E-05  7.1845E-06
 4.8368E+25  3.8571E-05  7.0487E+03  7.4643E-05  9.8816E-05  7.1845E-06
 4.8461E+25  3.8366E-05  7.0486E+03  7.4643E-05  9.8077E-05  7.1845E-06
 4.8553E+25  3.8500E-05  7.0485E+03  7.4643E-05  9.7337E-05  7.1845E-06
 4.8646E+25  3.8840E-05  7.0484E+03  7.4643E-05  9.6598E-05  7.1845E-06
 4.8738E+25  3.9173E-05  7.0483E+03  7.4643E-05  9.5863E-05  7.1845E-06
 4.8831E+25  3.9368E-05  7.0482E+03  7.4643E-05  9.5131E-05  7.1845E-06
 4.8923E+25  3.9100E-05  7.0481E+03  7.4643E-05  9.4402E-05  7.1845E-06
 4.9016E+25  3.9445E-05  7.0480E+03  7.4643E-05  9.3680E-05  7.1845E-06
 4.9109E+25  3.9784E-05  7.0479E+03  7.4643E-05  9.2969E-05  7.1845E-06
 4.9201E+25  4.0127E-05  7.0479E+03  7.4643E-05  9.2261E-05  7.1845E-06
 4.9294E+25  3.9987E-05  7.0478E+03  7.4643E-05  9.1575E-05  7.1845E-06
 4.9386E+25  4.0049E-05  7.0477E+03  7.4643E-05  9.0907E-05  7.1845E-06
 4.9479E+25  4.0399E-05  7.0476E+03  7.4643E-05  9.0243E-05  7.1845E-06
 4.9571E+25  4.0740E-05  7.0475E+03  7.4643E-05  8.9577E-05  7.1845E-06
 4.9664E+25  4.1056E-05  7.0474E+03  7.4643E-05  8.8913E-05  7.1845E-06
 4.9757E+25  4.0666E-05  7.0473E+03  7.4643E-05  8.8252E-05  7.1845E-06
 4.9849E+25  4.1010E-05  7.0473E+03  7.4643E-05  8.7593E-05  7.1845E-06
 4.9942E+25  4.1363E-05  7.0472E+03  7.4643E-05  8.6937E-05  7.1845E-06
 5.0034E+25  4.1707E-05  7.0471E+03  7.4643E-05  8.6287E-05  7.1845E-06
 5.0127E+25  4.1742E-05  7.0470E+03  7.4643E-05  8.5647E-05  7.1845E-06
 5.0219E+25  4.1628E-05  7.0469E+03  7.4643E-05  8.5010E-05  7.1845E-06
 5.0312E+25  4.1982E-05  7.0469E+03  7.4643E-05  8.4390E-05  7.1845E-06
 5.0405E+25  4.2338E-05  7.0468E+03  7.4643E-05  8.3790E-05  7.1845E-06
 5.0497E+25  4.2685E-05  7.0467E+03  7.4643E-05  8.3191E-05  7.1845E-06
 5.0590E+25  4.2456E-05  7.0466E+03  7.4643E-05  8.2593E-05  7.1845E-06
 5.0682E+25  4.2604E-05  7.0465E+03  7.4643E-05  8.1995E-05  7.1845E-06
 5.0775E+25  4.2964E-05  7.0465E+03  7.4643E-05  8.1400E-05  7.1845E-06
 5.0867E+25  4.3323E-05  7.0464E+03  7.4643E-05  8.0807E-05  7.1845E-06
 5.0960E+25  4.3635E-05  7.0463E+03  7.4643E-05  8.0216E-05  7.1845E-06
 5.1053E+25  4.3243E-05  7.0462E+03  7.4643E-05  7.9629E-05  7.1845E-06
 5.1145E+25  4.3591E-05  7.0462E+03  7.4643E-05  7.9051E-05  7.1845E-06
 5.1238E+25  4.3957E-05  7.0461E+03  7.4643E-05  7.8476E-05  7.1845E-06
 5.1330E+25  4.4320E-05  7.0460E+03  7.4643E-05  7.7910E-05  7.1845E-06
 5.1423E+25  4.4420E-05  7.0459E+03  7.4643E-05  7.7367E-05  7.1845E-06
 5.1515E+25  4.4237E-05  7.0459E+03  7.4643E-05  7.6828E-05  7.1845E-06
 5.1608E+25  4.4591E-05  7.0458E+03  7.4643E-05  7.6291E-05  7.1845E-06
 5.1701E+25  4.4961E-05  7.0457E+03  7.4643E-05  7.5753E-05  7.1845E-06
 5.1793E+25  4.5328E-05  7.0456E+03  7.4643E-05  7.5216E-05  7.1845E-06
 5.1886E+25  4.5238E-05  7.0456E+03  7.4643E-05  7.4682E-05  7.1845E-06
 5.1978E+25  4.5244E-05  7.0455E+03  7.4643E-05  7.4150E-05  7.1845E-06
 5.2071E+25  4.5602E-05  7.0454E+03  7.4643E-05  7.3619E-05  7.1845E-06
 5.2163E+25  4.5977E-05  7.0454E+03  7.4643E-05  7.3095E-05  7.1845E-06
 5.2256E+25  4.6348E-05  7.0453E+03  7.4643E-05  7.2576E-05  7.1845E-06
 5.2349E+25  4.6091E-05  7.0452E+03  7.4643E-05  7.2059E-05  7.1845E-06
 5.2441E+25  4.6263E-05  7.0452E+03  7.4643E-05  7.1557E-05  7.1845E-06
 5.2534E+25  4.6625E-05  7.0451E+03  7.4643E-05  7.1072E-05  7.1845E-06
 5.2626E+25  4.7005E-05  7.0450E+03  7.4643E-05  7.0588E-05  7.1845E-06
 5.2719E+25  4.7375E-05  7.0449E+03  7.4643E-05  7.0106E-05  7.1845E-06
 5.2811E+25  4.6986E-05  7.0449E+03  7.4643E-05  6.9622E-05  7.1845E-06
 5.2904E+25  4.7295E-05  7.0448E+03  7.4643E-05  6.9140E-05  7.1845E-06
 5.2997E+25  4.7661E-05  7.0448E+03  7.4643E-05  6.8661E-05  7.1845E-06
 5.3089E+25  4.8045E-05  7.0447E+03  7.4643E-05  6.8183E-05  7.1845E-06
 5.3182E+25  4.8373E-05  7.0446E+03  7.4643E-05  6.7706E-05  7.1845E-06
 5.3274E+25  4.7959E-05  7.0446E+03  7.4643E-05  6.7234E-05  7.1845E-06
 5.3367E+25  4.8340E-05  7.0445E+03  7.4643E-05  6.6767E-05  7.1845E-06
 5.3459E+25  4.8711E-05  7.0444E+03  7.4643E-05  6.6303E-05  7.1845E-06
 5.3552E+25  4.9097E-05  7.0444E+03  7.4643E-05  6.5851E-05  7.1845E-06
 5.3645E+25  4.9344E-05  7.0443E+03  7.4643E-05  6.5415E-05  7.1845E-06
 5.3737E+25  4.9011E-05  7.0442E+03  7.4643E-05  6.4981E-05  7.1845E-06
 5.3830E+25  4.9397E-05  7.0442E+03  7.4643E-05  6.4547E-05  7.1845E-06
 5.3922E+25  4.9774E-05  7.0441E+03  7.4643E-05  6.4113E-05  7.1845E-06
 5.4015E+25  5.0161E-05  7.0441E+03  7.4643E-05  6.3680E-05  7.1845E-06
 5.4107E+25  5.0353E-05  7.0440E+03  7.4643E-05  6.3249E-05  7.1845E-06
 5.4200E+25  5.0078E-05  7.0439E+03  7.4643E-05  6.2819E-05  7.1845E-06
 5.4292E+25  5.0467E-05  7.0439E+03  7.4643E-05  6.2390E-05  7.1845E-06
 5.4385E+25  5.0852E-05  7.0438E+03  7.4643E-05  6.1965E-05  7.1845E-06
 5.4478E+25  5.1237E-05  7.0438E+03  7.4643E-05  6.1545E-05  7.1845E-06
 5.4570E+25  5.1403E-05  7.0437E+03  7.4643E-05  6.1126E-05  7.1845E-06
 5.4663E+25  5.1160E-05  7.0436E+03  7.4643E-05  6.0714E-05  7.1845E-06
 5.4755E+25  5.1551E-05  7.0436E+03  7.4643E-05  6.0319E-05  7.1845E-06
 5.4848E+25  5.1942E-05  7.0435E+03  7.4643E-05  5.9928E-05  7.1845E-06
 5.4940E+25  5.2329E-05  7.0435E+03  7.4643E-05  5.9540E-05  7.1845E-06
 5.5033E+25  5.2493E-05  7.0434E+03  7.4643E-05  5.9150E-05  7.1845E-06
 5.5126E+25  5.2258E-05  7.0434E+03  7.4643E-05  5.8761E-05  7.1845E-06
 5.5218E+25  5.2648E-05  7.0433E+03  7.4643E-05  5.8372E-05  7.1845E-06
 5.5311E+25  5.3047E-05  7.0432E+03  7.4643E-05  5.7986E-05  7.1845E-06
 5.5403E+25  5.3437E-05  7.0432E+03  7.4643E-05  5.7601E-05  7.1845E-06
 5.5496E+25  5.3626E-05  7.0431E+03  7.4643E-05  5.7216E-05  7.1845E-06
 5.5588E+25  5.3371E-05  7.0431E+03  7.4643E-05  5.6837E-05  7.1845E-06
 5.5681E+25  5.3757E-05  7.0430E+03  7.4643E-05  5.6459E-05  7.1845E-06
 5.5774E+25  5.4164E-05  7.0430E+03  7.4643E-05  5.6083E-05  7.1845E-06
 5.5866E+25  5.4563E-05  7.0429E+03  7.4643E-05  5.5719E-05  7.1845E-06
 5.5959E+25  5.4800E-05  7.0429E+03  7.4643E-05  5.5366E-05  7.1845E-06
 5.6051E+25  5.4494E-05  7.0428E+03  7.4643E-05  5.5016E-05  7.1845E-06
 5.6144E+25  5.4888E-05  7.0428E+03  7.4643E-05  5.4668E-05  7.1845E-06
 5.6236E+25  5.5296E-05  7.0427E+03  7.4643E-05  5.4317E-05  7.1845E-06
 5.6329E+25  5.5703E-05  7.0427E+03  7.4643E-05  5.3968E-05  7.1845E-06
 5.6422E+25  5.6020E-05  7.0426E+03  7.4643E-05  5.3620E-05  7.1845E-06
 5.6514E+25  5.5632E-05  7.0425E+03  7.4643E-05  5.3273E-05  7.1845E-06
 5.6607E+25  5.6037E-05  7.0425E+03  7.4643E-05  5.2927E-05  7.1845E-06
 5.6699E+25  5.6441E-05  7.0424E+03  7.4643E-05  5.2582E-05  7.1845E-06
 5.6792E+25  5.6857E-05  7.0424E+03  7.4643E-05  5.2241E-05  7.1845E-06
 5.6884E+25  5.7248E-05  7.0423E+03  7.4643E-05  5.1903E-05  7.1845E-06
 5.6977E+25  5.6826E-05  7.0423E+03  7.4643E-05  5.1564E-05  7.1845E-06
 5.7070E+25  5.7201E-05  7.0422E+03  7.4643E-05  5.1236E-05  7.1845E-06
 5.7162E+25  5.7602E-05  7.0422E+03  7.4643E-05  5.0920E-05  7.1845E-06
 5.7255E+25  5.8025E-05  7.0421E+03  7.4643E-05  5.0605E-05  7.1845E-06
 5.7347E+25  5.8440E-05  7.0421E+03  7.4643E-05  5.0293E-05  7.1845E-06
 5.7440E+25  5.8122E-05  7.0420E+03  7.4643E-05  4.9979E-05  7.1845E-06
 5.7532E+25  5.8375E-05  7.0420E+03  7.4643E-05  4.9665E-05  7.1845E-06
 5.7625E+25  5.8790E-05  7.0420E+03  7.4643E-05  4.9353E-05  7.1845E-06
 5.7718E+25  5.9207E-05  7.0419E+03  7.4643E-05  4.9042E-05  7.1845E-06
 5.7810E+25  5.9634E-05  7.0419E+03  7.4643E-05  4.8731E-05  7.1845E-06
 5.7903E+25  5.9484E-05  7.0418E+03  7.4643E-05  4.8421E-05  7.1845E-06
 5.7995E+25  5.9565E-05  7.0418E+03  7.4643E-05  4.8114E-05  7.1845E-06
 5.8088E+25  5.9994E-05  7.0417E+03  7.4643E-05  4.7809E-05  7.1845E-06
 5.8180E+25  6.0406E-05  7.0417E+03  7.4643E-05  4.7505E-05  7.1845E-06
 5.8273E+25  6.0840E-05  7.0416E+03  7.4643E-05  4.7204E-05  7.1845E-06
 5.8366E+25  6.0899E-05  7.0416E+03  7.4643E-05  4.6918E-05  7.1845E-06
 5.8458E+25  6.0773E-05  7.0415E+03  7.4643E-05  4.6635E-05  7.1845E-06
 5.8551E+25  6.1207E-05  7.0415E+03  7.4643E-05  4.6354E-05  7.1845E-06
 5.8643E+25  6.1635E-05  7.0414E+03  7.4643E-05  4.6073E-05  7.1845E-06
 5.8736E+25  6.2061E-05  7.0414E+03  7.4643E-05  4.5792E-05  7.1845E-06
 5.8828E+25  6.2359E-05  7.0413E+03  7.4643E-05  4.5511E-05  7.1845E-06
 5.8921E+25  6.2009E-05  7.0413E+03  7.4643E-05  4.5232E-05  7.1845E-06
 5.9014E+25  6.2436E-05  7.0413E+03  7.4643E-05  4.4953E-05  7.1845E-06
 5.9106E+25  6.2877E-05  7.0412E+03  7.4643E-05  4.4674E-05  7.1845E-06
 5.9199E+25  6.3303E-05  7.0412E+03  7.4643E-05  4.4397E-05  7.1845E-06
 5.9291E+25  6.3741E-05  7.0411E+03  7.4643E-05  4.4122E-05  7.1845E-06
 5.9384E+25  6.3386E-05  7.0411E+03  7.4643E-05  4.3848E-05  7.1845E-06
 5.9476E+25  6.3690E-05  7.0410E+03  7.4643E-05  4.3575E-05  7.1845E-06
 5.9569E+25  6.4131E-05  7.0410E+03  7.4643E-05  4.3308E-05  7.1845E-06
 5.9662E+25  6.4576E-05  7.0409E+03  7.4643E-05  4.3053E-05  7.1845E-06
 5.9754E+25  6.5005E-05  7.0409E+03  7.4643E-05  4.2799E-05  7.1845E-06
 5.9847E+25  6.4940E-05  7.0409E+03  7.4643E-05  4.2548E-05  7.1845E-06
 5.9939E+25  6.4971E-05  7.0408E+03  7.4643E-05  4.2296E-05  7.1845E-06
 6.0032E+25  6.5404E-05  7.0408E+03  7.4643E-05  4.2044E-05  7.1845E-06
 6.0124E+25  6.5855E-05  7.0407E+03  7.4643E-05  4.1792E-05  7.1845E-06
 6.0217E+25  6.6300E-05  7.0407E+03  7.4643E-05  4.1542E-05  7.1845E-06
 6.0310E+25  6.6544E-05  7.0406E+03  7.4643E-05  4.1292E-05  7.1845E-06
 6.0402E+25  6.6268E-05  7.0406E+03  7.4643E-05  4.1042E-05  7.1845E-06
 6.0495E+25  6.6711E-05  7.0406E+03  7.4643E-05  4.0793E-05  7.1845E-06
 6.0587E+25  6.7152E-05  7.0405E+03  7.4643E-05  4.0546E-05  7.1845E-06
 6.0680E+25  6.7612E-05  7.0405E+03  7.4643E-05  4.0301E-05  7.1845E-06
 6.0772E+25  6.8052E-05  7.0404E+03  7.4643E-05  4.0056E-05  7.1845E-06
 6.0865E+25  6.7732E-05  7.0404E+03  7.4643E-05  3.9815E-05  7.1845E-06
 6.0958E+25  6.8034E-05  7.0404E+03  7.4643E-05  3.9585E-05  7.1845E-06
 6.1050E+25  6.8482E-05  7.0403E+03  7.4643E-05  3.9356E-05  7.1845E-06
 6.1143E+25  6.8935E-05  7.0403E+03  7.4643E-05  3.9131E-05  7.1845E-06
 6.1235E+25  6.9401E-05  7.0402E+03  7.4643E-05  3.8906E-05  7.1845E-06
 6.1328E+25  6.9434E-05  7.0402E+03  7.4643E-05  3.8679E-05  7.1845E-06
 6.1420E+25  6.9378E-05  7.0402E+03  7.4643E-05  3.8454E-05  7.1845E-06
 6.1513E+25  6.9834E-05  7.0401E+03  7.4643E-05  3.8229E-05  7.1845E-06
 6.1606E+25  7.0287E-05  7.0401E+03  7.4643E-05  3.8005E-05  7.1845E-06
 6.1698E+25  7.0750E-05  7.0400E+03  7.4643E-05  3.7781E-05  7.1845E-06
 6.1791E+25  7.1188E-05  7.0400E+03  7.4643E-05  3.7557E-05  7.1845E-06
 6.1883E+25  7.0759E-05  7.0400E+03  7.4643E-05  3.7335E-05  7.1845E-06
 6.1976E+25  7.1207E-05  7.0399E+03  7.4643E-05  3.7115E-05  7.1845E-06
 6.2068E+25  7.1669E-05  7.0399E+03  7.4643E-05  3.6895E-05  7.1845E-06
 6.2161E+25  7.2128E-05  7.0398E+03  7.4643E-05  3.6675E-05  7.1845E-06
 6.2254E+25  7.2598E-05  7.0398E+03  7.4643E-05  3.6464E-05  7.1845E-06
 6.2346E+25  7.2559E-05  7.0398E+03  7.4643E-05  3.6259E-05  7.1845E-06
 6.2439E+25  7.2594E-05  7.0397E+03  7.4643E-05  3.6055E-05  7.1845E-06
 6.2531E+25  7.3070E-05  7.0397E+03  7.4643E-05  3.5854E-05  7.1845E-06
 6.2624E+25  7.3539E-05  7.0396E+03  7.4643E-05  3.5652E-05  7.1845E-06
 6.2716E+25  7.4004E-05  7.0396E+03  7.4643E-05  3.5449E-05  7.1845E-06
 6.2809E+25  7.4422E-05  7.0396E+03  7.4643E-05  3.5247E-05  7.1845E-06
 6.2902E+25  7.4026E-05  7.0395E+03  7.4643E-05  3.5046E-05  7.1845E-06
 6.2994E+25  7.4488E-05  7.0395E+03  7.4643E-05  3.4845E-05  7.1845E-06
 6.3087E+25  7.4969E-05  7.0395E+03  7.4643E-05  3.4645E-05  7.1845E-06
 6.3179E+25  7.5446E-05  7.0394E+03  7.4643E-05  3.4445E-05  7.1845E-06
 6.3272E+25  7.5917E-05  7.0394E+03  7.4643E-05  3.4246E-05  7.1845E-06
 6.3364E+25  7.5894E-05  7.0393E+03  7.4643E-05  3.4048E-05  7.1845E-06
 6.3457E+25  7.5945E-05  7.0393E+03  7.4643E-05  3.3850E-05  7.1845E-06
 6.3550E+25  7.6419E-05  7.0393E+03  7.4643E-05  3.3654E-05  7.1845E-06
 6.3642E+25  7.6906E-05  7.0392E+03  7.4643E-05  3.3465E-05  7.1845E-06
 6.3735E+25  7.7389E-05  7.0392E+03  7.4643E-05  3.3281E-05  7.1845E-06
 6.3827E+25  7.7838E-05  7.0392E+03  7.4643E-05  3.3099E-05  7.1845E-06
 6.3920E+25  7.7455E-05  7.0391E+03  7.4643E-05  3.2919E-05  7.1845E-06
 6.4012E+25  7.7906E-05  7.0391E+03  7.4643E-05  3.2737E-05  7.1845E-06
 6.4105E+25  7.8387E-05  7.0390E+03  7.4643E-05  3.2556E-05  7.1845E-06
 6.4198E+25  7.8882E-05  7.0390E+03  7.4643E-05  3.2376E-05  7.1845E-06
 6.4290E+25  7.9371E-05  7.0390E+03  7.4643E-05  3.2195E-05  7.1845E-06
 6.4383E+25  7.9462E-05  7.0389E+03  7.4643E-05  3.2016E-05  7.1845E-06
 6.4475E+25  7.9417E-05  7.0389E+03  7.4643E-05  3.1836E-05  7.1845E-06
 6.4568E+25  7.9908E-05  7.0389E+03  7.4643E-05  3.1657E-05  7.1845E-06
 6.4660E+25  8.0394E-05  7.0388E+03  7.4643E-05  3.1478E-05  7.1845E-06
 6.4753E+25  8.0897E-05  7.0388E+03  7.4643E-05  3.1300E-05  7.1845E-06
 6.4846E+25  8.1388E-05  7.0388E+03  7.4643E-05  3.1123E-05  7.1845E-06
 6.4938E+25  8.1126E-05  7.0387E+03  7.4643E-05  3.0946E-05  7.1845E-06
 6.5031E+25  8.1451E-05  7.0387E+03  7.4643E-05  3.0773E-05  7.1845E-06
 6.5123E+25  8.1951E-05  7.0386E+03  7.4643E-05  3.0608E-05  7.1845E-06
 6.5216E+25  8.2441E-05  7.0386E+03  7.4643E-05  3.0443E-05  7.1845E-06
 6.5308E+25  8.2952E-05  7.0386E+03  7.4643E-05  3.0282E-05  7.1845E-06
 6.5401E+25  8.3272E-05  7.0385E+03  7.4643E-05  3.0121E-05  7.1845E-06
 6.5494E+25  8.3031E-05  7.0385E+03  7.4643E-05  2.9958E-05  7.1845E-06
 6.5586E+25  8.3527E-05  7.0385E+03  7.4643E-05  2.9796E-05  7.1845E-06
 6.5679E+25  8.4035E-05  7.0384E+03  7.4643E-05  2.9635E-05  7.1845E-06
 6.5771E+25  8.4530E-05  7.0384E+03  7.4643E-05  2.9474E-05  7.1845E-06
 6.5864E+25  8.5049E-05  7.0384E+03  7.4643E-05  2.9313E-05  7.1845E-06
 6.5956E+25  8.5058E-05  7.0383E+03  7.4643E-05  2.9152E-05  7.1845E-06
 6.6049E+25  8.5147E-05  7.0383E+03  7.4643E-05  2.8992E-05  7.1845E-06
 6.6142E+25  8.5647E-05  7.0383E+03  7.4643E-05  2.8832E-05  7.1845E-06
 6.6234E+25  8.6162E-05  7.0382E+03  7.4643E-05  2.8673E-05  7.1845E-06
 6.6327E+25  8.6663E-05  7.0382E+03  7.4643E-05  2.8514E-05  7.1845E-06
 6.6419E+25  8.7180E-05  7.0382E+03  7.4643E-05  2.8356E-05  7.1845E-06
 6.6512E+25  8.6923E-05  7.0381E+03  7.4643E-05  2.8202E-05  7.1845E-06
 6.6604E+25  8.7306E-05  7.0381E+03  7.4643E-05  2.8055E-05  7.1845E-06
 6.6697E+25  8.7812E-05  7.0381E+03  7.4643E-05  2.7907E-05  7.1845E-06
 6.6789E+25  8.8331E-05  7.0380E+03  7.4643E-05  2.7763E-05  7.1845E-06
 6.6882E+25  8.8841E-05  7.0380E+03  7.4643E-05  2.7619E-05  7.1845E-06
 6.6975E+25  8.9229E-05  7.0379E+03  7.4643E-05  2.7473E-05  7.1845E-06
 6.7067E+25  8.8986E-05  7.0379E+03  7.4643E-05  2.7329E-05  7.1845E-06
 6.7160E+25  8.9511E-05  7.0379E+03  7.4643E-05  2.7184E-05  7.1845E-06
 6.7252E+25  9.0023E-05  7.0378E+03  7.4643E-05  2.7040E-05  7.1845E-06
 6.7345E+25  9.0546E-05  7.0378E+03  7.4643E-05  2.6896E-05  7.1845E-06
 6.7437E+25  9.1066E-05  7.0378E+03  7.4643E-05  2.6752E-05  7.1845E-06
 6.7530E+25  9.1216E-05  7.0377E+03  7.4643E-05  2.6608E-05  7.1845E-06
 6.7623E+25  9.1232E-05  7.0377E+03  7.4643E-05  2.6465E-05  7.1845E-06
 6.7715E+25  9.1758E-05  7.0377E+03  7.4643E-05  2.6323E-05  7.1845E-06
 6.7808E+25  9.2284E-05  7.0376E+03  7.4643E-05  2.6181E-05  7.1845E-06
 6.7900E+25  9.2808E-05  7.0376E+03  7.4643E-05  2.6039E-05  7.1845E-06
 6.7993E+25  9.3338E-05  7.0376E+03  7.4643E-05  2.5899E-05  7.1845E-06
 6.8085E+25  9.3277E-05  7.0375E+03  7.4643E-05  2.5766E-05  7.1845E-06
 6.8178E+25  9.3525E-05  7.0375E+03  7.4643E-05  2.5634E-05  7.1845E-06
 6.8271E+25  9.4053E-05  7.0375E+03  7.4643E-05  2.5504E-05  7.1845E-06
 6.8363E+25  9.4593E-05  7.0374E+03  7.4643E-05  2.5376E-05  7.1845E-06
 6.8456E+25  9.5120E-05  7.0374E+03  7.4643E-05  2.5246E-05  7.1845E-06
 6.8548E+25  9.5648E-05  7.0374E+03  7.4643E-05  2.5116E-05  7.1845E-06
 6.8641E+25  9.5425E-05  7.0373E+03  7.4643E-05  2.4987E-05  7.1845E-06
 6.8733E+25  9.5863E-05  7.0373E+03  7.4643E-05  2.4858E-05  7.1845E-06
 6.8826E+25  9.6401E-05  7.0373E+03  7.4643E-05  2.4729E-05  7.1845E-06
 6.8919E+25  9.6949E-05  7.0372E+03  7.4643E-05  2.4600E-05  7.1845E-06
 6.9011E+25  9.7484E-05  7.0372E+03  7.4643E-05  2.4472E-05  7.1845E-06
 6.9104E+25  9.7952E-05  7.0372E+03  7.4643E-05  2.4343E-05  7.1845E-06
 6.9196E+25  9.7706E-05  7.0371E+03  7.4643E-05  2.4215E-05  7.1845E-06
 6.9289E+25  9.8251E-05  7.0371E+03  7.4643E-05  2.4088E-05  7.1845E-06
 6.9381E+25  9.8802E-05  7.0370E+03  7.4643E-05  2.3961E-05  7.1845E-06
 6.9474E+25  9.9351E-05  7.0370E+03  7.4643E-05  2.3834E-05  7.1845E-06
 6.9567E+25  9.9902E-05  7.0370E+03  7.4643E-05  2.3711E-05  7.1845E-06
 6.9659E+25  1.0023E-04  7.0370E+03  7.4643E-05  2.3592E-05  7.1845E-06
 6.9752E+25  1.0015E-04  7.0369E+03  7.4643E-05  2.3474E-05  7.1845E-06
 6.9844E+25  1.0069E-04  7.0369E+03  7.4643E-05  2.3359E-05  7.1845E-06
 6.9937E+25  1.0125E-04  7.0368E+03  7.4643E-05  2.3243E-05  7.1845E-06
 7.0029E+25  1.0181E-04  7.0368E+03  7.4643E-05  2.3127E-05  7.1845E-06
 7.0122E+25  1.0237E-04  7.0368E+03  7.4643E-05  2.3012E-05  7.1845E-06
 7.0215E+25  1.0258E-04  7.0368E+03  7.4643E-05  2.2896E-05  7.1845E-06
 7.0307E+25  1.0264E-04  7.0367E+03  7.4643E-05  2.2780E-05  7.1845E-06
 7.0400E+25  1.0319E-04  7.0367E+03  7.4643E-05  2.2665E-05  7.1845E-06
 7.0492E+25  1.0375E-04  7.0366E+03  7.4643E-05  2.2550E-05  7.1845E-06
 7.0585E+25  1.0432E-04  7.0366E+03  7.4643E-05  2.2435E-05  7.1845E-06
 7.0677E+25  1.0488E-04  7.0366E+03  7.4643E-05  2.2320E-05  7.1845E-06
 7.0770E+25  1.0502E-04  7.0366E+03  7.4643E-05  2.2206E-05  7.1845E-06
 7.0863E+25  1.0519E-04  7.0365E+03  7.4643E-05  2.2092E-05  7.1845E-06
 7.0955E+25  1.0575E-04  7.0365E+03  7.4643E-05  2.1978E-05  7.1845E-06
 7.1048E+25  1.0631E-04  7.0364E+03  7.4643E-05  2.1864E-05  7.1845E-06
 7.1140E+25  1.0688E-04  7.0364E+03  7.4643E-05  2.1753E-05  7.1845E-06
 7.1233E+25  1.0746E-04  7.0364E+03  7.4643E-05  2.1647E-05  7.1845E-06
 7.1325E+25  1.0753E-04  7.0364E+03  7.4643E-05  2.1541E-05  7.1845E-06
 7.1418E+25  1.0780E-04  7.0363E+03  7.4643E-05  2.1437E-05  7.1845E-06
 7.1511E+25  1.0836E-04  7.0363E+03  7.4643E-05  2.1334E-05  7.1845E-06
 7.1603E+25  1.0893E-04  7.0362E+03  7.4643E-05  2.1231E-05  7.1845E-06
 7.1696E+25  1.0951E-04  7.0362E+03  7.4643E-05  2.1127E-05  7.1845E-06
 7.1788E+25  1.1008E-04  7.0362E+03  7.4643E-05  2.1024E-05  7.1845E-06
 7.1881E+25  1.1012E-04  7.0361E+03  7.4643E-05  2.0920E-05  7.1845E-06
 7.1973E+25  1.1047E-04  7.0361E+03  7.4643E-05  2.0817E-05  7.1845E-06
 7.2066E+25  1.1104E-04  7.0361E+03  7.4643E-05  2.0714E-05  7.1845E-06
 7.2159E+25  1.1161E-04  7.0360E+03  7.4643E-05  2.0612E-05  7.1845E-06
 7.2251E+25  1.1218E-04  7.0360E+03  7.4643E-05  2.0509E-05  7.1845E-06
 7.2344E+25  1.1277E-04  7.0359E+03  7.4643E-05  2.0406E-05  7.1845E-06
 7.2436E+25  1.1279E-04  7.0359E+03  7.4643E-05  2.0304E-05  7.1845E-06
 7.2529E+25  1.1320E-04  7.0359E+03  7.4643E-05  2.0202E-05  7.1845E-06
 7.2621E+25  1.1377E-04  7.0358E+03  7.4643E-05  2.0100E-05  7.1845E-06
 7.2714E+25  1.1435E-04  7.0358E+03  7.4643E-05  1.9998E-05  7.1845E-06
 7.2807E+25  1.1493E-04  7.0358E+03  7.4643E-05  1.9901E-05  7.1845E-06
 7.2899E+25  1.1551E-04  7.0357E+03  7.4643E-05  1.9806E-05  7.1845E-06
 7.2992E+25  1.1553E-04  7.0357E+03  7.4643E-05  1.9711E-05  7.1845E-06
 7.3084E+25  1.1598E-04  7.0357E+03  7.4643E-05  1.9619E-05  7.1845E-06
 7.3177E+25  1.1657E-04  7.0356E+03  7.4643E-05  1.9527E-05  7.1845E-06
 7.3269E+25  1.1715E-04  7.0356E+03  7.4643E-05  1.9435E-05  7.1845E-06
 7.3362E+25  1.1774E-04  7.0356E+03  7.4643E-05  1.9342E-05  7.1845E-06
 7.3455E+25  1.1832E-04  7.0355E+03  7.4643E-05  1.9250E-05  7.1845E-06
 7.3547E+25  1.1835E-04  7.0355E+03  7.4643E-05  1.9158E-05  7.1845E-06
 7.3640E+25  1.1882E-04  7.0355E+03  7.4643E-05  1.9066E-05  7.1845E-06
 7.3732E+25  1.1943E-04  7.0354E+03  7.4643E-05  1.8974E-05  7.1845E-06
 7.3825E+25  1.2002E-04  7.0354E+03  7.4643E-05  1.8882E-05  7.1845E-06
 7.3917E+25  1.2061E-04  7.0353E+03  7.4643E-05  1.8790E-05  7.1845E-06
 7.4010E+25  1.2119E-04  7.0353E+03  7.4643E-05  1.8698E-05  7.1845E-06
 7.4103E+25  1.2126E-04  7.0353E+03  7.4643E-05  1.8607E-05  7.1845E-06
 7.4195E+25  1.2173E-04  7.0352E+03  7.4643E-05  1.8515E-05  7.1845E-06
 7.4288E+25  1.2234E-04  7.0352E+03  7.4643E-05  1.8424E-05  7.1845E-06
 7.4380E+25  1.2295E-04  7.0351E+03  7.4643E-05  1.8333E-05  7.1845E-06
 7.4473E+25  1.2355E-04  7.0351E+03  7.4643E-05  1.8245E-05  7.1845E-06
 7.4565E+25  1.2414E-04  7.0351E+03  7.4643E-05  1.8160E-05  7.1845E-06
 7.4658E+25  1.2424E-04  7.0351E+03  7.4643E-05  1.8075E-05  7.1845E-06
 7.4751E+25  1.2471E-04  7.0350E+03  7.4643E-05  1.7992E-05  7.1845E-06
 7.4843E+25  1.2532E-04  7.0350E+03  7.4643E-05  1.7911E-05  7.1845E-06
 7.4936E+25  1.2594E-04  7.0349E+03  7.4643E-05  1.7828E-05  7.1845E-06
 7.5028E+25  1.2655E-04  7.0349E+03  7.4643E-05  1.7745E-05  7.1845E-06
 7.5121E+25  1.2715E-04  7.0349E+03  7.4643E-05  1.7663E-05  7.1845E-06
 7.5213E+25  1.2730E-04  7.0349E+03  7.4643E-05  1.7581E-05  7.1845E-06
 7.5306E+25  1.2775E-04  7.0348E+03  7.4643E-05  1.7498E-05  7.1845E-06
 7.5399E+25  1.2837E-04  7.0348E+03  7.4643E-05  1.7416E-05  7.1845E-06
 7.5491E+25  1.2899E-04  7.0347E+03  7.4643E-05  1.7334E-05  7.1845E-06
 7.5584E+25  1.2962E-04  7.0347E+03  7.4643E-05  1.7252E-05  7.1845E-06
 7.5676E+25  1.3023E-04  7.0346E+03  7.4643E-05  1.7170E-05  7.1845E-06
 7.5769E+25  1.3045E-04  7.0346E+03  7.4643E-05  1.7088E-05  7.1845E-06
 7.5861E+25  1.3087E-04  7.0346E+03  7.4643E-05  1.7006E-05  7.1845E-06
 7.5954E+25  1.3149E-04  7.0345E+03  7.4643E-05  1.6925E-05  7.1845E-06
 7.6047E+25  1.3211E-04  7.0345E+03  7.4643E-05  1.6843E-05  7.1845E-06
 7.6139E+25  1.3274E-04  7.0344E+03  7.4643E-05  1.6762E-05  7.1845E-06
 7.6232E+25  1.3338E-04  7.0344E+03  7.4643E-05  1.6685E-05  7.1845E-06
 7.6324E+25  1.3368E-04  7.0344E+03  7.4643E-05  1.6609E-05  7.1845E-06
 7.6417E+25  1.3407E-04  7.0344E+03  7.4643E-05  1.6533E-05  7.1845E-06
 7.6509E+25  1.3469E-04  7.0343E+03  7.4643E-05  1.6460E-05  7.1845E-06
 7.6602E+25  1.3531E-04  7.0343E+03  7.4643E-05  1.6387E-05  7.1845E-06
 7.6695E+25  1.3594E-04  7.0342E+03  7.4643E-05  1.6313E-05  7.1845E-06
 7.6787E+25  1.3658E-04  7.0342E+03  7.4643E-05  1.6239E-05  7.1845E-06
 7.6880E+25  1.3697E-04  7.0342E+03  7.4643E-05  1.6166E-05  7.1845E-06
 7.6972E+25  1.3734E-04  7.0341E+03  7.4643E-05  1.6092E-05  7.1845E-06
 7.7065E+25  1.3796E-04  7.0341E+03  7.4643E-05  1.6019E-05  7.1845E-06
 7.7157E+25  1.3858E-04  7.0340E+03  7.4643E-05  1.5945E-05  7.1845E-06
 7.7250E+25  1.3921E-04  7.0340E+03  7.4643E-05  1.5872E-05  7.1845E-06
 7.7343E+25  1.3985E-04  7.0339E+03  7.4643E-05  1.5799E-05  7.1845E-06
 7.7435E+25  1.4033E-04  7.0339E+03  7.4643E-05  1.5725E-05  7.1845E-06
 7.7528E+25  1.4068E-04  7.0339E+03  7.4643E-05  1.5652E-05  7.1845E-06
 7.7620E+25  1.4131E-04  7.0338E+03  7.4643E-05  1.5579E-05  7.1845E-06
 7.7713E+25  1.4193E-04  7.0338E+03  7.4643E-05  1.5506E-05  7.1845E-06
 7.7805E+25  1.4256E-04  7.0337E+03  7.4643E-05  1.5434E-05  7.1845E-06
 7.7898E+25  1.4320E-04  7.0337E+03  7.4643E-05  1.5361E-05  7.1845E-06
 7.7991E+25  1.4375E-04  7.0337E+03  7.4643E-05  1.5291E-05  7.1845E-06
 7.8083E+25  1.4408E-04  7.0336E+03  7.4643E-05  1.5223E-05  7.1845E-06
 7.8176E+25  1.4473E-04  7.0336E+03  7.4643E-05  1.5155E-05  7.1845E-06
 7.8268E+25  1.4536E-04  7.0335E+03  7.4643E-05  1.5089E-05  7.1845E-06
 7.8361E+25  1.4599E-04  7.0335E+03  7.4643E-05  1.5024E-05  7.1845E-06
 7.8453E+25  1.4663E-04  7.0334E+03  7.4643E-05  1.4958E-05  7.1845E-06
 7.8546E+25  1.4724E-04  7.0334E+03  7.4643E-05  1.4892E-05  7.1845E-06
 7.8638E+25  1.4755E-04  7.0334E+03  7.4643E-05  1.4827E-05  7.1845E-06
 7.8731E+25  1.4821E-04  7.0333E+03  7.4643E-05  1.4761E-05  7.1845E-06
 7.8824E+25  1.4886E-04  7.0333E+03  7.4643E-05  1.4695E-05  7.1845E-06
 7.8916E+25  1.4950E-04  7.0332E+03  7.4643E-05  1.4630E-05  7.1845E-06
 7.9009E+25  1.5014E-04  7.0332E+03  7.4643E-05  1.4565E-05  7.1845E-06
 7.9101E+25  1.5077E-04  7.0332E+03  7.4643E-05  1.4499E-05  7.1845E-06
 7.9194E+25  1.5115E-04  7.0331E+03  7.4643E-05  1.4434E-05  7.1845E-06
 7.9286E+25  1.5175E-04  7.0331E+03  7.4643E-05  1.4368E-05  7.1845E-06
 7.9379E+25  1.5243E-04  7.0330E+03  7.4643E-05  1.4303E-05  7.1845E-06
 7.9472E+25  1.5308E-04  7.0330E+03  7.4643E-05  1.4238E-05  7.1845E-06
 7.9564E+25  1.5373E-04  7.0329E+03  7.4643E-05  1.4172E-05  7.1845E-06
 7.9657E+25  1.5437E-04  7.0329E+03  7.4643E-05  1.4107E-05  7.1845E-06
 7.9749E+25  1.5483E-04  7.0329E+03  7.4643E-05  1.4043E-05  7.1845E-06
 7.9842E+25  1.5539E-04  7.0328E+03  7.4643E-05  1.3981E-05  7.1845E-06
 7.9934E+25  1.5605E-04  7.0328E+03  7.4643E-05  1.3920E-05  7.1845E-06
 8.0027E+25  1.5673E-04  7.0327E+03  7.4643E-05  1.3860E-05  7.1845E-06
 8.0120E+25  1.5739E-04  7.0326E+03  7.4643E-05  1.3801E-05  7.1845E-06
 8.0212E+25  1.5804E-04  7.0326E+03  7.4643E-05  1.3743E-05  7.1845E-06
 8.0305E+25  1.5858E-04  7.0326E+03  7.4643E-05  1.3684E-05  7.1845E-06
 8.0397E+25  1.5911E-04  7.0326E+03  7.4643E-05  1.3626E-05  7.1845E-06
 8.0490E+25  1.5977E-04  7.0325E+03  7.4643E-05  1.3567E-05  7.1845E-06
 8.0582E+25  1.6043E-04  7.0324E+03  7.4643E-05  1.3508E-05  7.1845E-06
 8.0675E+25  1.6112E-04  7.0324E+03  7.4643E-05  1.3450E-05  7.1845E-06
 8.0768E+25  1.6178E-04  7.0323E+03  7.4643E-05  1.3392E-05  7.1845E-06
 8.0860E+25  1.6240E-04  7.0323E+03  7.4643E-05  1.3333E-05  7.1845E-06
 8.0953E+25  1.6292E-04  7.0323E+03  7.4643E-05  1.3275E-05  7.1845E-06
 8.1045E+25  1.6357E-04  7.0322E+03  7.4643E-05  1.3216E-05  7.1845E-06
 8.1138E+25  1.6423E-04  7.0322E+03  7.4643E-05  1.3158E-05  7.1845E-06
 8.1230E+25  1.6490E-04  7.0321E+03  7.4643E-05  1.3100E-05  7.1845E-06
 8.1323E+25  1.6559E-04  7.0320E+03  7.4643E-05  1.3041E-05  7.1845E-06
 8.1416E+25  1.6626E-04  7.0320E+03  7.4643E-05  1.2983E-05  7.1845E-06
 8.1508E+25  1.6681E-04  7.0320E+03  7.4643E-05  1.2925E-05  7.1845E-06
 8.1601E+25  1.6746E-04  7.0319E+03  7.4643E-05  1.2867E-05  7.1845E-06
 8.1693E+25  1.6811E-04  7.0319E+03  7.4643E-05  1.2811E-05  7.1845E-06
 8.1786E+25  1.6878E-04  7.0318E+03  7.4643E-05  1.2757E-05  7.1845E-06
 8.1878E+25  1.6945E-04  7.0318E+03  7.4643E-05  1.2702E-05  7.1845E-06
 8.1971E+25  1.7014E-04  7.0317E+03  7.4643E-05  1.2649E-05  7.1845E-06
 8.2064E+25  1.7078E-04  7.0317E+03  7.4643E-05  1.2598E-05  7.1845E-06
 8.2156E+25  1.7142E-04  7.0317E+03  7.4643E-05  1.2546E-05  7.1845E-06
 8.2249E+25  1.7209E-04  7.0316E+03  7.4643E-05  1.2493E-05  7.1845E-06
 8.2341E+25  1.7275E-04  7.0315E+03  7.4643E-05  1.2441E-05  7.1845E-06
 8.2434E+25  1.7341E-04  7.0315E+03  7.4643E-05  1.2389E-05  7.1845E-06
 8.2526E+25  1.7408E-04  7.0314E+03  7.4643E-05  1.2336E-05  7.1845E-06
 8.2619E+25  1.7478E-04  7.0314E+03  7.4643E-05  1.2284E-05  7.1845E-06
 8.2712E+25  1.7547E-04  7.0314E+03  7.4643E-05  1.2232E-05  7.1845E-06
 8.2804E+25  1.7613E-04  7.0313E+03  7.4643E-05  1.2180E-05  7.1845E-06
 8.2897E+25  1.7680E-04  7.0312E+03  7.4643E-05  1.2128E-05  7.1845E-06
 8.2989E+25  1.7747E-04  7.0312E+03  7.4643E-05  1.2076E-05  7.1845E-06
 8.3082E+25  1.7813E-04  7.0311E+03  7.4643E-05  1.2024E-05  7.1845E-06
 8.3174E+25  1.7880E-04  7.0311E+03  7.4643E-05  1.1972E-05  7.1845E-06
 8.3267E+25  1.7955E-04  7.0311E+03  7.4643E-05  1.1920E-05  7.1845E-06
 8.3360E+25  1.8025E-04  7.0310E+03  7.4643E-05  1.1868E-05  7.1845E-06
 8.3452E+25  1.8092E-04  7.0309E+03  7.4643E-05  1.1816E-05  7.1845E-06
 8.3545E+25  1.8159E-04  7.0309E+03  7.4643E-05  1.1764E-05  7.1845E-06
 8.3637E+25  1.8227E-04  7.0308E+03  7.4643E-05  1.1715E-05  7.1845E-06
 8.3730E+25  1.8293E-04  7.0308E+03  7.4643E-05  1.1666E-05  7.1845E-06
 8.3822E+25  1.8368E-04  7.0308E+03  7.4643E-05  1.1617E-05  7.1845E-06
 8.3915E+25  1.8442E-04  7.0307E+03  7.4643E-05  1.1570E-05  7.1845E-06
 8.4008E+25  1.8511E-04  7.0306E+03  7.4643E-05  1.1524E-05  7.1845E-06
 8.4100E+25  1.8580E-04  7.0306E+03  7.4643E-05  1.1478E-05  7.1845E-06
 8.4193E+25  1.8646E-04  7.0305E+03  7.4643E-05  1.1431E-05  7.1845E-06
 8.4285E+25  1.8714E-04  7.0305E+03  7.4643E-05  1.1384E-05  7.1845E-06
 8.4378E+25  1.8787E-04  7.0304E+03  7.4643E-05  1.1338E-05  7.1845E-06
 8.4470E+25  1.8866E-04  7.0304E+03  7.4643E-05  1.1291E-05  7.1845E-06
 8.4563E+25  1.8935E-04  7.0303E+03  7.4643E-05  1.1245E-05  7.1845E-06
 8.4656E+25  1.9005E-04  7.0302E+03  7.4643E-05  1.1198E-05  7.1845E-06
 8.4748E+25  1.9075E-04  7.0302E+03  7.4643E-05  1.1152E-05  7.1845E-06
 8.4841E+25  1.9141E-04  7.0301E+03  7.4643E-05  1.1106E-05  7.1845E-06
 8.4933E+25  1.9211E-04  7.0301E+03  7.4643E-05  1.1059E-05  7.1845E-06
 8.5026E+25  1.9299E-04  7.0301E+03  7.4643E-05  1.1012E-05  7.1845E-06
 8.5118E+25  1.9368E-04  7.0300E+03  7.4643E-05  1.0966E-05  7.1845E-06
 8.5211E+25  1.9436E-04  7.0299E+03  7.4643E-05  1.0920E-05  7.1845E-06
 8.5304E+25  1.9507E-04  7.0299E+03  7.4643E-05  1.0873E-05  7.1845E-06
 8.5396E+25  1.9577E-04  7.0298E+03  7.4643E-05  1.0827E-05  7.1845E-06
 8.5489E+25  1.9644E-04  7.0297E+03  7.4643E-05  1.0780E-05  7.1845E-06
 8.5581E+25  1.9729E-04  7.0297E+03  7.4643E-05  1.0735E-05  7.1845E-06
 8.5674E+25  1.9812E-04  7.0297E+03  7.4643E-05  1.0692E-05  7.1845E-06
 8.5766E+25  1.9878E-04  7.0296E+03  7.4643E-05  1.0648E-05  7.1845E-06
 8.5859E+25  1.9945E-04  7.0295E+03  7.4643E-05  1.0605E-05  7.1845E-06
 8.5952E+25  2.0016E-04  7.0295E+03  7.4643E-05  1.0564E-05  7.1845E-06
 8.6044E+25  2.0086E-04  7.0294E+03  7.4643E-05  1.0523E-05  7.1845E-06
 8.6137E+25  2.0159E-04  7.0294E+03  7.4643E-05  1.0481E-05  7.1845E-06
 8.6229E+25  2.0259E-04  7.0293E+03  7.4643E-05  1.0439E-05  7.1845E-06
 8.6322E+25  2.0329E-04  7.0292E+03  7.4643E-05  1.0398E-05  7.1845E-06
 8.6414E+25  2.0396E-04  7.0292E+03  7.4643E-05  1.0356E-05  7.1845E-06
 8.6507E+25  2.0461E-04  7.0291E+03  7.4643E-05  1.0315E-05  7.1845E-06
 8.6600E+25  2.0531E-04  7.0290E+03  7.4643E-05  1.0274E-05  7.1845E-06
 8.6692E+25  2.0602E-04  7.0290E+03  7.4643E-05  1.0232E-05  7.1845E-06
 8.6785E+25  2.0699E-04  7.0290E+03  7.4643E-05  1.0191E-05  7.1845E-06
 8.6877E+25  2.0782E-04  7.0289E+03  7.4643E-05  1.0150E-05  7.1845E-06
 8.6970E+25  2.0852E-04  7.0288E+03  7.4643E-05  1.0108E-05  7.1845E-06
 8.7062E+25  2.0919E-04  7.0288E+03  7.4643E-05  1.0066E-05  7.1845E-06
 8.7155E+25  2.0985E-04  7.0287E+03  7.4643E-05  1.0025E-05  7.1845E-06
 8.7248E+25  2.1052E-04  7.0286E+03  7.4643E-05  9.9836E-06  7.1845E-06
 8.7340E+25  2.1131E-04  7.0286E+03  7.4643E-05  9.9421E-06  7.1845E-06
 8.7433E+25  2.1245E-04  7.0285E+03  7.4643E-05  9.9007E-06  7.1845E-06
 8.7525E+25  2.1313E-04  7.0285E+03  7.4643E-05  9.8594E-06  7.1845E-06
 8.7618E+25  2.1380E-04  7.0284E+03  7.4643E-05  9.8191E-06  7.1845E-06
 8.7710E+25  2.1449E-04  7.0283E+03  7.4643E-05  9.7801E-06  7.1845E-06
 8.7803E+25  2.1515E-04  7.0283E+03  7.4643E-05  9.7411E-06  7.1845E-06
 8.7896E+25  2.1582E-04  7.0282E+03  7.4643E-05  9.7023E-06  7.1845E-06
 8.7988E+25  2.1687E-04  7.0282E+03  7.4643E-05  9.6654E-06  7.1845E-06
 8.8081E+25  2.1780E-04  7.0281E+03  7.4643E-05  9.6288E-06  7.1845E-06
 8.8173E+25  2.1849E-04  7.0280E+03  7.4643E-05  9.5920E-06  7.1845E-06
 8.8266E+25  2.1914E-04  7.0280E+03  7.4643E-05  9.5549E-06  7.1845E-06
 8.8358E+25  2.1983E-04  7.0279E+03  7.4643E-05  9.5180E-06  7.1845E-06
 8.8451E+25  2.2050E-04  7.0278E+03  7.4643E-05  9.4810E-06  7.1845E-06
 8.8544E+25  2.2125E-04  7.0278E+03  7.4643E-05  9.4441E-06  7.1845E-06
 8.8636E+25  2.2247E-04  7.0277E+03  7.4643E-05  9.4071E-06  7.1845E-06
 8.8729E+25  2.2319E-04  7.0277E+03  7.4643E-05  9.3703E-06  7.1845E-06
 8.8821E+25  2.2389E-04  7.0276E+03  7.4643E-05  9.3335E-06  7.1845E-06
 8.8914E+25  2.2455E-04  7.0275E+03  7.4643E-05  9.2966E-06  7.1845E-06
 8.9006E+25  2.2522E-04  7.0275E+03  7.4643E-05  9.2596E-06  7.1845E-06
 8.9099E+25  2.2591E-04  7.0274E+03  7.4643E-05  9.2225E-06  7.1845E-06
 8.9192E+25  2.2694E-04  7.0274E+03  7.4643E-05  9.1856E-06  7.1845E-06
 8.9284E+25  2.2796E-04  7.0273E+03  7.4643E-05  9.1486E-06  7.1845E-06
 8.9377E+25  2.2863E-04  7.0272E+03  7.4643E-05  9.1116E-06  7.1845E-06
 8.9469E+25  2.2933E-04  7.0271E+03  7.4643E-05  9.0747E-06  7.1845E-06
 8.9562E+25  2.3001E-04  7.0271E+03  7.4643E-05  9.0378E-06  7.1845E-06
 8.9654E+25  2.3066E-04  7.0270E+03  7.4643E-05  9.0011E-06  7.1845E-06
 8.9747E+25  2.3139E-04  7.0269E+03  7.4643E-05  8.9656E-06  7.1845E-06
 8.9840E+25  2.3269E-04  7.0269E+03  7.4643E-05  8.9307E-06  7.1845E-06
 8.9932E+25  2.3348E-04  7.0268E+03  7.4643E-05  8.8959E-06  7.1845E-06
 9.0025E+25  2.3412E-04  7.0268E+03  7.4643E-05  8.8616E-06  7.1845E-06
 9.0117E+25  2.3480E-04  7.0267E+03  7.4643E-05  8.8290E-06  7.1845E-06
 9.0210E+25  2.3549E-04  7.0266E+03  7.4643E-05  8.7964E-06  7.1845E-06
 9.0302E+25  2.3616E-04  7.0265E+03  7.4643E-05  8.7635E-06  7.1845E-06
 9.0395E+25  2.3705E-04  7.0265E+03  7.4643E-05  8.7306E-06  7.1845E-06
 9.0487E+25  2.3836E-04  7.0264E+03  7.4643E-05  8.6976E-06  7.1845E-06
 9.0580E+25  2.3901E-04  7.0263E+03  7.4643E-05  8.6647E-06  7.1845E-06
 9.0673E+25  2.3967E-04  7.0263E+03  7.4643E-05  8.6318E-06  7.1845E-06
 9.0765E+25  2.4031E-04  7.0262E+03  7.4643E-05  8.5990E-06  7.1845E-06
 9.0858E+25  2.4100E-04  7.0261E+03  7.4643E-05  8.5661E-06  7.1845E-06
 9.0950E+25  2.4170E-04  7.0261E+03  7.4643E-05  8.5334E-06  7.1845E-06
 9.1043E+25  2.4287E-04  7.0260E+03  7.4643E-05  8.5005E-06  7.1845E-06
 9.1135E+25  2.4393E-04  7.0259E+03  7.4643E-05  8.4674E-06  7.1845E-06
 9.1228E+25  2.4458E-04  7.0259E+03  7.4643E-05  8.4344E-06  7.1845E-06
 9.1321E+25  2.4523E-04  7.0258E+03  7.4643E-05  8.4015E-06  7.1845E-06
 9.1413E+25  2.4588E-04  7.0257E+03  7.4643E-05  8.3685E-06  7.1845E-06
 9.1506E+25  2.4653E-04  7.0257E+03  7.4643E-05  8.3356E-06  7.1845E-06
 9.1598E+25  2.4727E-04  7.0256E+03  7.4643E-05  8.3026E-06  7.1845E-06
 9.1691E+25  2.4870E-04  7.0255E+03  7.4643E-05  8.2697E-06  7.1845E-06
 9.1783E+25  2.4951E-04  7.0255E+03  7.4643E-05  8.2368E-06  7.1845E-06
 9.1876E+25  2.5017E-04  7.0254E+03  7.4643E-05  8.2048E-06  7.1845E-06
 9.1969E+25  2.5081E-04  7.0253E+03  7.4643E-05  8.1737E-06  7.1845E-06
 9.2061E+25  2.5147E-04  7.0252E+03  7.4643E-05  8.1426E-06  7.1845E-06
 9.2154E+25  2.5211E-04  7.0252E+03  7.4643E-05  8.1115E-06  7.1845E-06
 9.2246E+25  2.5293E-04  7.0251E+03  7.4643E-05  8.0819E-06  7.1845E-06
 9.2339E+25  2.5445E-04  7.0250E+03  7.4643E-05  8.0530E-06  7.1845E-06
 9.2431E+25  2.5513E-04  7.0250E+03  7.4643E-05  8.0240E-06  7.1845E-06
 9.2524E+25  2.5576E-04  7.0249E+03  7.4643E-05  7.9946E-06  7.1845E-06
