 4.6285E+22  3.2739E-11  1.1660E+04  7.4643E-05  1.0000E+00  7.1845E-06
 1.3886E+23  2.2912E-10  1.1664E+04  7.4643E-05  1.0000E+00  7.1845E-06
 2.3143E+23  6.2141E-10  1.1676E+04  7.4643E-05  1.0000E+00  7.1845E-06
 3.2400E+23  1.2081E-09  1.1703E+04  7.4643E-05  1.0000E+00  7.1845E-06
 4.1657E+23  1.9858E-09  1.1752E+04  7.4643E-05  1.0000E+00  7.1845E-06
 5.0914E+23  2.9483E-09  1.1831E+04  7.4643E-05  1.0000E+00  7.1845E-06
 6.0171E+23  4.0832E-09  1.1952E+04  7.4643E-05  1.0000E+00  7.1845E-06
 6.9428E+23  5.3781E-09  1.2128E+04  7.4643E-05  1.0000E+00  7.1845E-06
 7.8685E+23  6.7991E-09  1.2386E+04  7.4643E-05  1.0000E+00  7.1845E-06
 8.7942E+23  8.3183E-09  1.2744E+04  7.4643E-05  1.0000E+00  7.1845E-06
 9.7199E+23  9.9159E-09  1.3178E+04  7.4643E-05  1.0000E+00  7.1845E-06
 1.0646E+24  1.1614E-08  1.3616E+04  7.4643E-05  1.0000E+00  7.1845E-06
 1.1571E+24  1.3490E-08  1.3933E+04  7.4643E-05  1.0000E+00  7.1845E-06
 1.2497E+24  1.5600E-08  1.4104E+04  7.4643E-05  1.0000E+00  7.1845E-06
 1.3423E+24  1.7899E-08  1.4199E+04  7.4643E-05  1.0000E+00  7.1845E-06
 1.4348E+24  2.0353E-08  1.4299E+04  7.4643E-05  9.9999E-01  7.1845E-06
 1.5274E+24  2.2938E-08  1.4399E+04  7.4643E-05  9.9999E-01  7.1845E-06
 1.6200E+24  2.5685E-08  1.4492E+04  7.4643E-05  9.9999E-01  7.1845E-06
 1.7126E+24  2.8571E-08  1.4583E+04  7.4643E-05  9.9999E-01  7.1845E-06
 1.8051E+24  3.1611E-08  1.4665E+04  7.4643E-05  9.9999E-01  7.1845E-06
 1.8977E+24  3.4793E-08  1.4744E+04  7.4643E-05  9.9999E-01  7.1845E-06
 1.9903E+24  3.8135E-08  1.4821E+04  7.4643E-05  9.9999E-01  7.1845E-06
 2.0828E+24  4.1608E-08  1.4896E+04  7.4643E-05  9.9999E-01  7.1845E-06
 2.1754E+24  4.5209E-08  1.4968E+04  7.4643E-05  9.9999E-01  7.1845E-06
 2.2680E+24  4.8980E-08  1.5038E+04  7.4643E-05  9.9999E-01  7.1845E-06
 2.3605E+24  5.2892E-08  1.5106E+04  7.4643E-05  9.9999E-01  7.1845E-06
 2.4531E+24  5.6935E-08  1.5170E+04  7.4643E-05  9.9999E-01  7.1845E-06
 2.5457E+24  6.1112E-08  1.5235E+04  7.4643E-05  9.9998E-01  7.1845E-06
 2.6383E+24  6.5462E-08  1.5298E+04  7.4643E-05  9.9998E-01  7.1845E-06
 2.7308E+24  6.9929E-08  1.5357E+04  7.4643E-05  9.9998E-01  7.1845E-06
 2.8234E+24  7.4513E-08  1.5417E+04  7.4643E-05  9.9998E-01  7.1845E-06
 2.9160E+24  7.9262E-08  1.5474E+04  7.4643E-05  9.9998E-01  7.1845E-06
 3.0085E+24  8.4205E-08  1.5529E+04  7.4643E-05  9.9998E-01  7.1845E-06
 3.1011E+24  8.9236E-08  1.5585E+04  7.4643E-05  9.9998E-01  7.1845E-06
 3.1937E+24  9.4340E-08  1.5638E+04  7.4643E-05  9.9998E-01  7.1845E-06
 3.2862E+24  9.9674E-08  1.5690E+04  7.4643E-05  9.9997E-01  7.1845E-06
 3.3788E+24  1.0507E-07  1.5741E+04  7.4643E-05  9.9997E-01  7.1845E-06
 3.4714E+24  1.1061E-07  1.5790E+04  7.4643E-05  9.9997E-01  7.1845E-06
 3.5640E+24  1.1636E-07  1.5839E+04  7.4643E-05  9.9997E-01  7.1845E-06
 3.6565E+24  1.2233E-07  1.5886E+04  7.4643E-05  9.9997E-01  7.1845E-06
 3.7491E+24  1.2817E-07  1.5932E+04  7.4643E-05  9.9997E-01  7.1845E-06
 3.8417E+24  1.3436E-07  1.5978E+04  7.4643E-05  9.9997E-01  7.1845E-06
 3.9342E+24  1.4062E-07  1.6022E+04  7.4643E-05  9.9996E-01  7.1845E-06
 4.0268E+24  1.4705E-07  1.6067E+04  7.4643E-05  9.9996E-01  7.1845E-06
 4.1194E+24  1.5345E-07  1.6109E+04  7.4643E-05  9.9996E-01  7.1845E-06
 4.2120E+24  1.6033E-07  1.6150E+04  7.4643E-05  9.9996E-01  7.1845E-06
 4.3045E+24  1.6705E-07  1.6191E+04  7.4643E-05  9.9996E-01  7.1845E-06
 4.3971E+24  1.7383E-07  1.6232E+04  7.4643E-05  9.9996E-01  7.1845E-06
 4.4897E+24  1.8100E-07  1.6271E+04  7.4643E-05  9.9995E-01  7.1845E-06
 4.5822E+24  1.8825E-07  1.6310E+04  7.4643E-05  9.9995E-01  7.1845E-06
 4.6748E+24  1.9561E-07  1.6348E+04  7.4643E-05  9.9995E-01  7.1845E-06
 4.7674E+24  2.0308E-07  1.6385E+04  7.4643E-05  9.9995E-01  7.1845E-06
 4.8599E+24  2.1066E-07  1.6422E+04  7.4643E-05  9.9995E-01  7.1845E-06
 4.9525E+24  2.1837E-07  1.6458E+04  7.4643E-05  9.9994E-01  7.1845E-06
 5.0451E+24  2.2623E-07  1.6493E+04  7.4643E-05  9.9994E-01  7.1845E-06
 5.1377E+24  2.3424E-07  1.6528E+04  7.4643E-05  9.9994E-01  7.1845E-06
 5.2302E+24  2.4241E-07  1.6562E+04  7.4643E-05  9.9994E-01  7.1845E-06
 5.3228E+24  2.5077E-07  1.6596E+04  7.4643E-05  9.9994E-01  7.1845E-06
 5.4154E+24  2.5934E-07  1.6629E+04  7.4643E-05  9.9993E-01  7.1845E-06
 5.5079E+24  2.6757E-07  1.6662E+04  7.4643E-05  9.9993E-01  7.1845E-06
 5.6005E+24  2.7606E-07  1.6694E+04  7.4643E-05  9.9993E-01  7.1845E-06
 5.6931E+24  2.8516E-07  1.6726E+04  7.4643E-05  9.9993E-01  7.1845E-06
 5.7856E+24  2.9454E-07  1.6756E+04  7.4643E-05  9.9992E-01  7.1845E-06
 5.8782E+24  3.0260E-07  1.6787E+04  7.4643E-05  9.9992E-01  7.1845E-06
 5.9708E+24  3.1234E-07  1.6817E+04  7.4643E-05  9.9992E-01  7.1845E-06
 6.0634E+24  3.2198E-07  1.6846E+04  7.4643E-05  9.9992E-01  7.1845E-06
 6.1559E+24  3.3065E-07  1.6876E+04  7.4643E-05  9.9991E-01  7.1845E-06
 6.2485E+24  3.4128E-07  1.6904E+04  7.4643E-05  9.9991E-01  7.1845E-06
 6.3411E+24  3.4986E-07  1.6933E+04  7.4643E-05  9.9991E-01  7.1845E-06
 6.4336E+24  3.6074E-07  1.6961E+04  7.4643E-05  9.9991E-01  7.1845E-06
 6.5262E+24  3.6980E-07  1.6988E+04  7.4643E-05  9.9990E-01  7.1845E-06
 6.6188E+24  3.8095E-07  1.7015E+04  7.4643E-05  9.9990E-01  7.1845E-06
 6.7113E+24  3.9001E-07  1.7042E+04  7.4643E-05  9.9990E-01  7.1845E-06
 6.8039E+24  4.0182E-07  1.7068E+04  7.4643E-05  9.9990E-01  7.1845E-06
 6.8965E+24  4.1072E-07  1.7095E+04  7.4643E-05  9.9989E-01  7.1845E-06
 6.9891E+24  4.2240E-07  1.7121E+04  7.4643E-05  9.9989E-01  7.1845E-06
 7.0816E+24  4.3308E-07  1.7146E+04  7.4643E-05  9.9989E-01  7.1845E-06
 7.1742E+24  4.4329E-07  1.7171E+04  7.4643E-05  9.9989E-01  7.1845E-06
 7.2668E+24  4.5542E-07  1.7196E+04  7.4643E-05  9.9988E-01  7.1845E-06
 7.3593E+24  4.6583E-07  1.7221E+04  7.4643E-05  9.9988E-01  7.1845E-06
 7.4519E+24  4.7678E-07  1.7245E+04  7.4643E-05  9.9988E-01  7.1845E-06
 7.5445E+24  4.8909E-07  1.7269E+04  7.4643E-05  9.9987E-01  7.1845E-06
 7.6371E+24  5.0074E-07  1.7293E+04  7.4643E-05  9.9987E-01  7.1845E-06
 7.7296E+24  5.1105E-07  1.7316E+04  7.4643E-05  9.9987E-01  7.1845E-06
 7.8222E+24  5.2354E-07  1.7339E+04  7.4643E-05  9.9986E-01  7.1845E-06
 7.9148E+24  5.3613E-07  1.7362E+04  7.4643E-05  9.9986E-01  7.1845E-06
 8.0073E+24  5.4837E-07  1.7385E+04  7.4643E-05  9.9986E-01  7.1845E-06
 8.0999E+24  5.5895E-07  1.7407E+04  7.4643E-05  9.9985E-01  7.1845E-06
 8.1925E+24  5.7172E-07  1.7429E+04  7.4643E-05  9.9984E-01  7.1845E-06
 8.2850E+24  5.8460E-07  1.7451E+04  7.4643E-05  9.9983E-01  7.1845E-06
 8.3776E+24  5.9756E-07  1.7473E+04  7.4643E-05  9.9981E-01  7.1845E-06
 8.4702E+24  6.1060E-07  1.7494E+04  7.4643E-05  9.9976E-01  7.1845E-06
 8.5628E+24  6.2275E-07  1.7515E+04  7.4643E-05  9.9968E-01  7.1845E-06
 8.6553E+24  6.3494E-07  1.7535E+04  7.4643E-05  9.9953E-01  7.1845E-06
 8.7479E+24  6.4826E-07  1.7555E+04  7.4643E-05  9.9924E-01  7.1845E-06
 8.8405E+24  6.6170E-07  1.7573E+04  7.4643E-05  9.9872E-01  7.1845E-06
 8.9330E+24  6.7527E-07  1.7589E+04  7.4643E-05  9.9778E-01  7.1845E-06
 9.0256E+24  6.8898E-07  1.7602E+04  7.4643E-05  9.9609E-01  7.1845E-06
 9.1182E+24  7.0286E-07  1.7609E+04  7.4643E-05  9.9311E-01  7.1845E-06
 9.2107E+24  7.1701E-07  1.7608E+04  7.4643E-05  9.8795E-01  7.1845E-06
 9.3033E+24  7.3155E-07  1.7590E+04  7.4643E-05  9.7920E-01  7.1845E-06
 9.3959E+24  7.4667E-07  1.7548E+04  7.4643E-05  9.6468E-01  7.1845E-06
 9.4885E+24  7.6269E-07  1.7466E+04  7.4643E-05  9.4136E-01  7.1845E-06
 9.5810E+24  7.8008E-07  1.7327E+04  7.4643E-05  9.0543E-01  7.1845E-06
 9.6736E+24  7.9954E-07  1.7106E+04  7.4643E-05  8.5314E-01  7.1845E-06
 9.7662E+24  8.2201E-07  1.6784E+04  7.4643E-05  7.8261E-01  7.1845E-06
 9.8587E+24  8.4834E-07  1.6351E+04  7.4643E-05  6.9596E-01  7.1845E-06
 9.9513E+24  8.7917E-07  1.5817E+04  7.4643E-05  6.0018E-01  7.1845E-06
 1.0044E+25  9.1394E-07  1.5214E+04  7.4643E-05  5.0502E-01  7.1845E-06
 1.0136E+25  9.5316E-07  1.4585E+04  7.4643E-05  4.1892E-01  7.1845E-06
 1.0229E+25  9.9586E-07  1.3967E+04  7.4643E-05  3.4635E-01  7.1845E-06
 1.0322E+25  1.0407E-06  1.3388E+04  7.4643E-05  2.8787E-01  7.1845E-06
 1.0414E+25  1.0868E-06  1.2859E+04  7.4643E-05  2.4173E-01  7.1845E-06
 1.0507E+25  1.1335E-06  1.2385E+04  7.4643E-05  2.0549E-01  7.1845E-06
 1.0599E+25  1.1803E-06  1.1962E+04  7.4643E-05  1.7684E-01  7.1845E-06
 1.0692E+25  1.2270E-06  1.1586E+04  7.4643E-05  1.5391E-01  7.1845E-06
 1.0784E+25  1.2734E-06  1.1252E+04  7.4643E-05  1.3531E-01  7.1845E-06
 1.0877E+25  1.3181E-06  1.0953E+04  7.4643E-05  1.2001E-01  7.1845E-06
 1.0970E+25  1.3605E-06  1.0687E+04  7.4643E-05  1.0726E-01  7.1845E-06
 1.1062E+25  1.4054E-06  1.0447E+04  7.4643E-05  9.6500E-02  7.1845E-06
 1.1155E+25  1.4500E-06  1.0231E+04  7.4643E-05  8.7328E-02  7.1845E-06
 1.1247E+25  1.4942E-06  1.0035E+04  7.4643E-05  7.9436E-02  7.1845E-06
 1.1340E+25  1.5380E-06  9.8570E+03  7.4643E-05  7.2588E-02  7.1845E-06
 1.1432E+25  1.5816E-06  9.6948E+03  7.4643E-05  6.6600E-02  7.1845E-06
 1.1525E+25  1.6234E-06  9.5464E+03  7.4643E-05  6.1331E-02  7.1845E-06
 1.1618E+25  1.6630E-06  9.4103E+03  7.4643E-05  5.6665E-02  7.1845E-06
 1.1710E+25  1.7057E-06  9.2850E+03  7.4643E-05  5.2511E-02  7.1845E-06
 1.1803E+25  1.7481E-06  9.1694E+03  7.4643E-05  4.8796E-02  7.1845E-06
 1.1895E+25  1.7904E-06  9.0625E+03  7.4643E-05  4.5457E-02  7.1845E-06
 1.1988E+25  1.8324E-06  8.9633E+03  7.4643E-05  4.2444E-02  7.1845E-06
 1.2080E+25  1.8743E-06  8.8712E+03  7.4643E-05  3.9716E-02  7.1845E-06
 1.2173E+25  1.9160E-06  8.7855E+03  7.4643E-05  3.7237E-02  7.1845E-06
 1.2266E+25  1.9577E-06  8.7055E+03  7.4643E-05  3.4976E-02  7.1845E-06
 1.2358E+25  1.9990E-06  8.6308E+03  7.4643E-05  3.2910E-02  7.1845E-06
 1.2451E+25  2.0405E-06  8.5608E+03  7.4643E-05  3.1014E-02  7.1845E-06
 1.2543E+25  2.0816E-06  8.4952E+03  7.4643E-05  2.9272E-02  7.1845E-06
 1.2636E+25  2.1226E-06  8.4336E+03  7.4643E-05  2.7667E-02  7.1845E-06
 1.2728E+25  2.1630E-06  8.3757E+03  7.4643E-05  2.6184E-02  7.1845E-06
 1.2821E+25  2.2045E-06  8.3212E+03  7.4643E-05  2.4812E-02  7.1845E-06
 1.2914E+25  2.2462E-06  8.2697E+03  7.4643E-05  2.3540E-02  7.1845E-06
 1.3006E+25  2.2880E-06  8.2212E+03  7.4643E-05  2.2358E-02  7.1845E-06
 1.3099E+25  2.3298E-06  8.1754E+03  7.4643E-05  2.1258E-02  7.1845E-06
 1.3191E+25  2.3714E-06  8.1320E+03  7.4643E-05  2.0232E-02  7.1845E-06
 1.3284E+25  2.4121E-06  8.0909E+03  7.4643E-05  1.9275E-02  7.1845E-06
 1.3376E+25  2.4535E-06  8.0519E+03  7.4643E-05  1.8380E-02  7.1845E-06
 1.3469E+25  2.4950E-06  8.0150E+03  7.4643E-05  1.7542E-02  7.1845E-06
 1.3562E+25  2.5370E-06  7.9798E+03  7.4643E-05  1.6756E-02  7.1845E-06
 1.3654E+25  2.5791E-06  7.9465E+03  7.4643E-05  1.6018E-02  7.1845E-06
 1.3747E+25  2.6215E-06  7.9147E+03  7.4643E-05  1.5324E-02  7.1845E-06
 1.3839E+25  2.6643E-06  7.8845E+03  7.4643E-05  1.4672E-02  7.1845E-06
 1.3932E+25  2.7074E-06  7.8557E+03  7.4643E-05  1.4057E-02  7.1845E-06
 1.4024E+25  2.7508E-06  7.8282E+03  7.4643E-05  1.3477E-02  7.1845E-06
 1.4117E+25  2.7947E-06  7.8020E+03  7.4643E-05  1.2929E-02  7.1845E-06
 1.4210E+25  2.8390E-06  7.7769E+03  7.4643E-05  1.2411E-02  7.1845E-06
 1.4302E+25  2.8837E-06  7.7530E+03  7.4643E-05  1.1922E-02  7.1845E-06
 1.4395E+25  2.9201E-06  7.7301E+03  7.4643E-05  1.1459E-02  7.1845E-06
 1.4487E+25  2.9620E-06  7.7082E+03  7.4643E-05  1.1019E-02  7.1845E-06
 1.4580E+25  3.0072E-06  7.6872E+03  7.4643E-05  1.0602E-02  7.1845E-06
 1.4672E+25  3.0531E-06  7.6671E+03  7.4643E-05  1.0207E-02  7.1845E-06
 1.4765E+25  3.0996E-06  7.6479E+03  7.4643E-05  9.8316E-03  7.1845E-06
 1.4858E+25  3.1468E-06  7.6294E+03  7.4643E-05  9.4745E-03  7.1845E-06
 1.4950E+25  3.1875E-06  7.6117E+03  7.4643E-05  9.1344E-03  7.1845E-06
 1.5043E+25  3.2242E-06  7.5946E+03  7.4643E-05  8.8110E-03  7.1845E-06
 1.5135E+25  3.2723E-06  7.5783E+03  7.4643E-05  8.5031E-03  7.1845E-06
 1.5228E+25  3.3212E-06  7.5626E+03  7.4643E-05  8.2091E-03  7.1845E-06
 1.5320E+25  3.3710E-06  7.5475E+03  7.4643E-05  7.9287E-03  7.1845E-06
 1.5413E+25  3.4133E-06  7.5329E+03  7.4643E-05  7.6615E-03  7.1845E-06
 1.5506E+25  3.4483E-06  7.5189E+03  7.4643E-05  7.4057E-03  7.1845E-06
 1.5598E+25  3.4993E-06  7.5055E+03  7.4643E-05  7.1617E-03  7.1845E-06
 1.5691E+25  3.5516E-06  7.4925E+03  7.4643E-05  6.9282E-03  7.1845E-06
 1.5783E+25  3.6040E-06  7.4800E+03  7.4643E-05  6.7046E-03  7.1845E-06
 1.5876E+25  3.6297E-06  7.4680E+03  7.4643E-05  6.4912E-03  7.1845E-06
 1.5968E+25  3.6824E-06  7.4563E+03  7.4643E-05  6.2861E-03  7.1845E-06
 1.6061E+25  3.7374E-06  7.4451E+03  7.4643E-05  6.0900E-03  7.1845E-06
 1.6154E+25  3.7909E-06  7.4343E+03  7.4643E-05  5.9018E-03  7.1845E-06
 1.6246E+25  3.8155E-06  7.4238E+03  7.4643E-05  5.7213E-03  7.1845E-06
 1.6339E+25  3.8719E-06  7.4138E+03  7.4643E-05  5.5484E-03  7.1845E-06
 1.6431E+25  3.9304E-06  7.4040E+03  7.4643E-05  5.3819E-03  7.1845E-06
 1.6524E+25  3.9716E-06  7.3946E+03  7.4643E-05  5.2225E-03  7.1845E-06
 1.6616E+25  4.0088E-06  7.3855E+03  7.4643E-05  5.0687E-03  7.1845E-06
 1.6709E+25  4.0697E-06  7.3767E+03  7.4643E-05  4.9216E-03  7.1845E-06
 1.6802E+25  4.1283E-06  7.3681E+03  7.4643E-05  4.7794E-03  7.1845E-06
 1.6894E+25  4.1490E-06  7.3599E+03  7.4643E-05  4.6433E-03  7.1845E-06
 1.6987E+25  4.2119E-06  7.3519E+03  7.4643E-05  4.5116E-03  7.1845E-06
 1.7079E+25  4.2772E-06  7.3442E+03  7.4643E-05  4.3856E-03  7.1845E-06
 1.7172E+25  4.2980E-06  7.3367E+03  7.4643E-05  4.2634E-03  7.1845E-06
 1.7264E+25  4.3580E-06  7.3295E+03  7.4643E-05  4.1465E-03  7.1845E-06
 1.7357E+25  4.4261E-06  7.3224E+03  7.4643E-05  4.0330E-03  7.1845E-06
 1.7450E+25  4.4485E-06  7.3156E+03  7.4643E-05  3.9242E-03  7.1845E-06
 1.7542E+25  4.5081E-06  7.3090E+03  7.4643E-05  3.8188E-03  7.1845E-06
 1.7635E+25  4.5798E-06  7.3026E+03  7.4643E-05  3.7175E-03  7.1845E-06
 1.7727E+25  4.5960E-06  7.2964E+03  7.4643E-05  3.6195E-03  7.1845E-06
 1.7820E+25  4.6631E-06  7.2903E+03  7.4643E-05  3.5248E-03  7.1845E-06
 1.7912E+25  4.7325E-06  7.2845E+03  7.4643E-05  3.4336E-03  7.1845E-06
 1.8005E+25  4.7468E-06  7.2788E+03  7.4643E-05  3.3451E-03  7.1845E-06
 1.8097E+25  4.8238E-06  7.2733E+03  7.4643E-05  3.2602E-03  7.1845E-06
 1.8190E+25  4.8764E-06  7.2679E+03  7.4643E-05  3.1774E-03  7.1845E-06
 1.8283E+25  4.9090E-06  7.2627E+03  7.4643E-05  3.0979E-03  7.1845E-06
 1.8375E+25  4.9905E-06  7.2576E+03  7.4643E-05  3.0207E-03  7.1845E-06
 1.8468E+25  5.0167E-06  7.2527E+03  7.4643E-05  2.9461E-03  7.1845E-06
 1.8560E+25  5.0781E-06  7.2479E+03  7.4643E-05  2.8741E-03  7.1845E-06
 1.8653E+25  5.1514E-06  7.2433E+03  7.4643E-05  2.8040E-03  7.1845E-06
 1.8745E+25  5.1664E-06  7.2387E+03  7.4643E-05  2.7365E-03  7.1845E-06
 1.8838E+25  5.2546E-06  7.2343E+03  7.4643E-05  2.6709E-03  7.1845E-06
 1.8931E+25  5.2869E-06  7.2300E+03  7.4643E-05  2.6073E-03  7.1845E-06
 1.9023E+25  5.3457E-06  7.2259E+03  7.4643E-05  2.5460E-03  7.1845E-06
 1.9116E+25  5.4208E-06  7.2218E+03  7.4643E-05  2.4862E-03  7.1845E-06
 1.9208E+25  5.4370E-06  7.2179E+03  7.4643E-05  2.4284E-03  7.1845E-06
 1.9301E+25  5.5334E-06  7.2140E+03  7.4643E-05  2.3724E-03  7.1845E-06
 1.9393E+25  5.5509E-06  7.2103E+03  7.4643E-05  2.3178E-03  7.1845E-06
 1.9486E+25  5.6286E-06  7.2066E+03  7.4643E-05  2.2653E-03  7.1845E-06
 1.9579E+25  5.6831E-06  7.2031E+03  7.4643E-05  2.2141E-03  7.1845E-06
 1.9671E+25  5.7244E-06  7.1996E+03  7.4643E-05  2.1642E-03  7.1845E-06
 1.9764E+25  5.8151E-06  7.1962E+03  7.4643E-05  2.1162E-03  7.1845E-06
 1.9856E+25  5.8219E-06  7.1929E+03  7.4643E-05  2.0692E-03  7.1845E-06
 1.9949E+25  5.9302E-06  7.1897E+03  7.4643E-05  2.0237E-03  7.1845E-06
 2.0041E+25  5.9376E-06  7.1866E+03  7.4643E-05  1.9797E-03  7.1845E-06
 2.0134E+25  6.0317E-06  7.1835E+03  7.4643E-05  1.9366E-03  7.1845E-06
 2.0227E+25  6.0675E-06  7.1805E+03  7.4643E-05  1.8948E-03  7.1845E-06
 2.0319E+25  6.1349E-06  7.1776E+03  7.4643E-05  1.8544E-03  7.1845E-06
 2.0412E+25  6.1973E-06  7.1748E+03  7.4643E-05  1.8148E-03  7.1845E-06
 2.0504E+25  6.2399E-06  7.1720E+03  7.4643E-05  1.7764E-03  7.1845E-06
 2.0597E+25  6.3265E-06  7.1693E+03  7.4643E-05  1.7394E-03  7.1845E-06
 2.0689E+25  6.3467E-06  7.1667E+03  7.4643E-05  1.7029E-03  7.1845E-06
 2.0782E+25  6.4550E-06  7.1641E+03  7.4643E-05  1.6675E-03  7.1845E-06
 2.0875E+25  6.4554E-06  7.1616E+03  7.4643E-05  1.6334E-03  7.1845E-06
 2.0967E+25  6.5816E-06  7.1591E+03  7.4643E-05  1.5998E-03  7.1845E-06
 2.1060E+25  6.5677E-06  7.1567E+03  7.4643E-05  1.5672E-03  7.1845E-06
 2.1152E+25  6.6991E-06  7.1544E+03  7.4643E-05  1.5357E-03  7.1845E-06
 2.1245E+25  6.6909E-06  7.1521E+03  7.4643E-05  1.5048E-03  7.1845E-06
 2.1337E+25  6.8161E-06  7.1499E+03  7.4643E-05  1.4745E-03  7.1845E-06
 2.1430E+25  6.8163E-06  7.1477E+03  7.4643E-05  1.4454E-03  7.1845E-06
 2.1523E+25  6.9356E-06  7.1456E+03  7.4643E-05  1.4170E-03  7.1845E-06
 2.1615E+25  6.9410E-06  7.1434E+03  7.4643E-05  1.3890E-03  7.1845E-06
 2.1708E+25  7.0577E-06  7.1414E+03  7.4643E-05  1.3619E-03  7.1845E-06
 2.1800E+25  7.0650E-06  7.1394E+03  7.4643E-05  1.3357E-03  7.1845E-06
 2.1893E+25  7.1826E-06  7.1375E+03  7.4643E-05  1.3098E-03  7.1845E-06
 2.1985E+25  7.1883E-06  7.1355E+03  7.4643E-05  1.2846E-03  7.1845E-06
 2.2078E+25  7.3105E-06  7.1337E+03  7.4643E-05  1.2603E-03  7.1845E-06
 2.2171E+25  7.3108E-06  7.1318E+03  7.4643E-05  1.2364E-03  7.1845E-06
 2.2263E+25  7.4415E-06  7.1300E+03  7.4643E-05  1.2130E-03  7.1845E-06
 2.2356E+25  7.4325E-06  7.1283E+03  7.4643E-05  1.1903E-03  7.1845E-06
 2.2448E+25  7.5757E-06  7.1266E+03  7.4643E-05  1.1683E-03  7.1845E-06
 2.2541E+25  7.5533E-06  7.1249E+03  7.4643E-05  1.1465E-03  7.1845E-06
 2.2633E+25  7.7078E-06  7.1232E+03  7.4643E-05  1.1252E-03  7.1845E-06
 2.2726E+25  7.6789E-06  7.1217E+03  7.4643E-05  1.1048E-03  7.1845E-06
 2.2819E+25  7.8299E-06  7.1201E+03  7.4643E-05  1.0847E-03  7.1845E-06
 2.2911E+25  7.8172E-06  7.1185E+03  7.4643E-05  1.0649E-03  7.1845E-06
 2.3004E+25  7.9497E-06  7.1170E+03  7.4643E-05  1.0457E-03  7.1845E-06
 2.3096E+25  7.9606E-06  7.1155E+03  7.4643E-05  1.0271E-03  7.1845E-06
 2.3189E+25  8.0685E-06  7.1141E+03  7.4643E-05  1.0088E-03  7.1845E-06
 2.3281E+25  8.1082E-06  7.1127E+03  7.4643E-05  9.9073E-04  7.1845E-06
 2.3374E+25  8.1861E-06  7.1113E+03  7.4643E-05  9.7321E-04  7.1845E-06
 2.3467E+25  8.2600E-06  7.1099E+03  7.4643E-05  9.5629E-04  7.1845E-06
 2.3559E+25  8.3027E-06  7.1086E+03  7.4643E-05  9.3959E-04  7.1845E-06
 2.3652E+25  8.4162E-06  7.1072E+03  7.4643E-05  9.2312E-04  7.1845E-06
 2.3744E+25  8.4183E-06  7.1060E+03  7.4643E-05  9.0714E-04  7.1845E-06
 2.3837E+25  8.5767E-06  7.1047E+03  7.4643E-05  8.9169E-04  7.1845E-06
 2.3929E+25  8.5332E-06  7.1035E+03  7.4643E-05  8.7643E-04  7.1845E-06
 2.4022E+25  8.6976E-06  7.1023E+03  7.4643E-05  8.6138E-04  7.1845E-06
 2.4115E+25  8.6911E-06  7.1011E+03  7.4643E-05  8.4677E-04  7.1845E-06
 2.4207E+25  8.8112E-06  7.0999E+03  7.4643E-05  8.3264E-04  7.1845E-06
 2.4300E+25  8.8603E-06  7.0988E+03  7.4643E-05  8.1869E-04  7.1845E-06
 2.4392E+25  8.9234E-06  7.0976E+03  7.4643E-05  8.0490E-04  7.1845E-06
 2.4485E+25  9.0348E-06  7.0965E+03  7.4643E-05  7.9148E-04  7.1845E-06
 2.4577E+25  9.0346E-06  7.0955E+03  7.4643E-05  7.7852E-04  7.1845E-06
 2.4670E+25  9.2031E-06  7.0944E+03  7.4643E-05  7.6577E-04  7.1845E-06
 2.4763E+25  9.1565E-06  7.0934E+03  7.4643E-05  7.5317E-04  7.1845E-06
 2.4855E+25  9.3145E-06  7.0923E+03  7.4643E-05  7.4080E-04  7.1845E-06
 2.4948E+25  9.3394E-06  7.0913E+03  7.4643E-05  7.2886E-04  7.1845E-06
 2.5040E+25  9.4233E-06  7.0904E+03  7.4643E-05  7.1719E-04  7.1845E-06
 2.5133E+25  9.5295E-06  7.0894E+03  7.4643E-05  7.0564E-04  7.1845E-06
 2.5225E+25  9.5307E-06  7.0884E+03  7.4643E-05  6.9425E-04  7.1845E-06
 2.5318E+25  9.7037E-06  7.0875E+03  7.4643E-05  6.8321E-04  7.1845E-06
 2.5411E+25  9.6594E-06  7.0866E+03  7.4643E-05  6.7252E-04  7.1845E-06
 2.5503E+25  9.8110E-06  7.0857E+03  7.4643E-05  6.6193E-04  7.1845E-06
 2.5596E+25  9.8600E-06  7.0848E+03  7.4643E-05  6.5147E-04  7.1845E-06
 2.5688E+25  9.9160E-06  7.0840E+03  7.4643E-05  6.4121E-04  7.1845E-06
 2.5781E+25  1.0068E-05  7.0831E+03  7.4643E-05  6.3131E-04  7.1845E-06
 2.5873E+25  1.0019E-05  7.0823E+03  7.4643E-05  6.2163E-04  7.1845E-06
 2.5966E+25  1.0197E-05  7.0815E+03  7.4643E-05  6.1203E-04  7.1845E-06
 2.6059E+25  1.0209E-05  7.0807E+03  7.4643E-05  6.0256E-04  7.1845E-06
 2.6151E+25  1.0299E-05  7.0799E+03  7.4643E-05  5.9332E-04  7.1845E-06
 2.6244E+25  1.0429E-05  7.0791E+03  7.4643E-05  5.8441E-04  7.1845E-06
 2.6336E+25  1.0400E-05  7.0783E+03  7.4643E-05  5.7561E-04  7.1845E-06
 2.6429E+25  1.0580E-05  7.0776E+03  7.4643E-05  5.6690E-04  7.1845E-06
 2.6521E+25  1.0577E-05  7.0768E+03  7.4643E-05  5.5830E-04  7.1845E-06
 2.6614E+25  1.0680E-05  7.0761E+03  7.4643E-05  5.4996E-04  7.1845E-06
 2.6707E+25  1.0812E-05  7.0754E+03  7.4643E-05  5.4189E-04  7.1845E-06
 2.6799E+25  1.0778E-05  7.0747E+03  7.4643E-05  5.3389E-04  7.1845E-06
 2.6892E+25  1.0960E-05  7.0740E+03  7.4643E-05  5.2598E-04  7.1845E-06
 2.6984E+25  1.0969E-05  7.0733E+03  7.4643E-05  5.1817E-04  7.1845E-06
 2.7077E+25  1.1057E-05  7.0727E+03  7.4643E-05  5.1060E-04  7.1845E-06
 2.7169E+25  1.1218E-05  7.0720E+03  7.4643E-05  5.0327E-04  7.1845E-06
 2.7262E+25  1.1152E-05  7.0714E+03  7.4643E-05  4.9600E-04  7.1845E-06
 2.7355E+25  1.1337E-05  7.0707E+03  7.4643E-05  4.8880E-04  7.1845E-06
 2.7447E+25  1.1385E-05  7.0701E+03  7.4643E-05  4.8170E-04  7.1845E-06
 2.7540E+25  1.1431E-05  7.0695E+03  7.4643E-05  4.7480E-04  7.1845E-06
 2.7632E+25  1.1618E-05  7.0689E+03  7.4643E-05  4.6812E-04  7.1845E-06
 2.7725E+25  1.1555E-05  7.0683E+03  7.4643E-05  4.6152E-04  7.1845E-06
 2.7817E+25  1.1711E-05  7.0677E+03  7.4643E-05  4.5495E-04  7.1845E-06
 2.7910E+25  1.1828E-05  7.0671E+03  7.4643E-05  4.4848E-04  7.1845E-06
 2.8003E+25  1.1801E-05  7.0666E+03  7.4643E-05  4.4216E-04  7.1845E-06
 2.8095E+25  1.1991E-05  7.0660E+03  7.4643E-05  4.3606E-04  7.1845E-06
 2.8188E+25  1.2010E-05  7.0655E+03  7.4643E-05  4.3005E-04  7.1845E-06
 2.8280E+25  1.2080E-05  7.0649E+03  7.4643E-05  4.2408E-04  7.1845E-06
 2.8373E+25  1.2271E-05  7.0644E+03  7.4643E-05  4.1817E-04  7.1845E-06
 2.8465E+25  1.2198E-05  7.0639E+03  7.4643E-05  4.1238E-04  7.1845E-06
 2.8558E+25  1.2360E-05  7.0634E+03  7.4643E-05  4.0676E-04  7.1845E-06
 2.8651E+25  1.2497E-05  7.0629E+03  7.4643E-05  4.0130E-04  7.1845E-06
 2.8743E+25  1.2445E-05  7.0624E+03  7.4643E-05  3.9585E-04  7.1845E-06
 2.8836E+25  1.2639E-05  7.0619E+03  7.4643E-05  3.9046E-04  7.1845E-06
 2.8928E+25  1.2698E-05  7.0614E+03  7.4643E-05  3.8513E-04  7.1845E-06
 2.9021E+25  1.2723E-05  7.0609E+03  7.4643E-05  3.7997E-04  7.1845E-06
 2.9113E+25  1.2919E-05  7.0605E+03  7.4643E-05  3.7495E-04  7.1845E-06
 2.9206E+25  1.2904E-05  7.0600E+03  7.4643E-05  3.7000E-04  7.1845E-06
 2.9299E+25  1.3002E-05  7.0595E+03  7.4643E-05  3.6508E-04  7.1845E-06
 2.9391E+25  1.3198E-05  7.0591E+03  7.4643E-05  3.6021E-04  7.1845E-06
 2.9484E+25  1.3117E-05  7.0587E+03  7.4643E-05  3.5541E-04  7.1845E-06
 2.9576E+25  1.3280E-05  7.0582E+03  7.4643E-05  3.5077E-04  7.1845E-06
 2.9669E+25  1.3457E-05  7.0578E+03  7.4643E-05  3.4625E-04  7.1845E-06
 2.9761E+25  1.3358E-05  7.0574E+03  7.4643E-05  3.4177E-04  7.1845E-06
 2.9854E+25  1.3558E-05  7.0570E+03  7.4643E-05  3.3732E-04  7.1845E-06
 2.9947E+25  1.3687E-05  7.0565E+03  7.4643E-05  3.3291E-04  7.1845E-06
 3.0039E+25  1.3634E-05  7.0561E+03  7.4643E-05  3.2859E-04  7.1845E-06
 3.0132E+25  1.3837E-05  7.0558E+03  7.4643E-05  3.2440E-04  7.1845E-06
 3.0224E+25  1.3923E-05  7.0554E+03  7.4643E-05  3.2032E-04  7.1845E-06
 3.0317E+25  1.3911E-05  7.0550E+03  7.4643E-05  3.1625E-04  7.1845E-06
 3.0409E+25  1.4115E-05  7.0546E+03  7.4643E-05  3.1223E-04  7.1845E-06
 3.0502E+25  1.4167E-05  7.0542E+03  7.4643E-05  3.0823E-04  7.1845E-06
 3.0594E+25  1.4188E-05  7.0539E+03  7.4643E-05  3.0432E-04  7.1845E-06
 3.0687E+25  1.4393E-05  7.0535E+03  7.4643E-05  3.0052E-04  7.1845E-06
 3.0780E+25  1.4419E-05  7.0531E+03  7.4643E-05  2.9682E-04  7.1845E-06
 3.0872E+25  1.4465E-05  7.0528E+03  7.4643E-05  2.9315E-04  7.1845E-06
 3.0965E+25  1.4672E-05  7.0524E+03  7.4643E-05  2.8949E-04  7.1845E-06
 3.1057E+25  1.4679E-05  7.0521E+03  7.4643E-05  2.8586E-04  7.1845E-06
 3.1150E+25  1.4741E-05  7.0518E+03  7.4643E-05  2.8231E-04  7.1845E-06
 3.1242E+25  1.4950E-05  7.0514E+03  7.4643E-05  2.7885E-04  7.1845E-06
 3.1335E+25  1.4949E-05  7.0511E+03  7.4643E-05  2.7550E-04  7.1845E-06
 3.1428E+25  1.5017E-05  7.0508E+03  7.4643E-05  2.7217E-04  7.1845E-06
 3.1520E+25  1.5227E-05  7.0505E+03  7.4643E-05  2.6885E-04  7.1845E-06
 3.1613E+25  1.5228E-05  7.0501E+03  7.4643E-05  2.6556E-04  7.1845E-06
 3.1705E+25  1.5292E-05  7.0498E+03  7.4643E-05  2.6231E-04  7.1845E-06
 3.1798E+25  1.5505E-05  7.0495E+03  7.4643E-05  2.5916E-04  7.1845E-06
 3.1890E+25  1.5517E-05  7.0492E+03  7.4643E-05  2.5608E-04  7.1845E-06
 3.1983E+25  1.5567E-05  7.0489E+03  7.4643E-05  2.5307E-04  7.1845E-06
 3.2076E+25  1.5781E-05  7.0486E+03  7.4643E-05  2.5006E-04  7.1845E-06
 3.2168E+25  1.5816E-05  7.0483E+03  7.4643E-05  2.4708E-04  7.1845E-06
 3.2261E+25  1.5841E-05  7.0480E+03  7.4643E-05  2.4411E-04  7.1845E-06
 3.2353E+25  1.6058E-05  7.0478E+03  7.4643E-05  2.4122E-04  7.1845E-06
 3.2446E+25  1.6126E-05  7.0475E+03  7.4643E-05  2.3840E-04  7.1845E-06
 3.2538E+25  1.6115E-05  7.0472E+03  7.4643E-05  2.3565E-04  7.1845E-06
 3.2631E+25  1.6334E-05  7.0469E+03  7.4643E-05  2.3293E-04  7.1845E-06
 3.2724E+25  1.6447E-05  7.0467E+03  7.4643E-05  2.3021E-04  7.1845E-06
 3.2816E+25  1.6388E-05  7.0464E+03  7.4643E-05  2.2752E-04  7.1845E-06
 3.2909E+25  1.6609E-05  7.0461E+03  7.4643E-05  2.2485E-04  7.1845E-06
 3.3001E+25  1.6780E-05  7.0459E+03  7.4643E-05  2.2226E-04  7.1845E-06
 3.3094E+25  1.6660E-05  7.0456E+03  7.4643E-05  2.1973E-04  7.1845E-06
 3.3186E+25  1.6884E-05  7.0454E+03  7.4643E-05  2.1727E-04  7.1845E-06
 3.3279E+25  1.7104E-05  7.0451E+03  7.4643E-05  2.1480E-04  7.1845E-06
 3.3372E+25  1.6953E-05  7.0449E+03  7.4643E-05  2.1235E-04  7.1845E-06
 3.3464E+25  1.7157E-05  7.0446E+03  7.4643E-05  2.0992E-04  7.1845E-06
 3.3557E+25  1.7381E-05  7.0444E+03  7.4643E-05  2.0751E-04  7.1845E-06
 3.3649E+25  1.7306E-05  7.0442E+03  7.4643E-05  2.0518E-04  7.1845E-06
 3.3742E+25  1.7430E-05  7.0439E+03  7.4643E-05  2.0289E-04  7.1845E-06
 3.3834E+25  1.7656E-05  7.0437E+03  7.4643E-05  2.0067E-04  7.1845E-06
 3.3927E+25  1.7675E-05  7.0435E+03  7.4643E-05  1.9845E-04  7.1845E-06
 3.4020E+25  1.7700E-05  7.0433E+03  7.4643E-05  1.9623E-04  7.1845E-06
 3.4112E+25  1.7929E-05  7.0430E+03  7.4643E-05  1.9404E-04  7.1845E-06
 3.4205E+25  1.8057E-05  7.0428E+03  7.4643E-05  1.9186E-04  7.1845E-06
 3.4297E+25  1.7971E-05  7.0426E+03  7.4643E-05  1.8975E-04  7.1845E-06
 3.4390E+25  1.8203E-05  7.0424E+03  7.4643E-05  1.8768E-04  7.1845E-06
 3.4482E+25  1.8430E-05  7.0422E+03  7.4643E-05  1.8567E-04  7.1845E-06
 3.4575E+25  1.8263E-05  7.0420E+03  7.4643E-05  1.8366E-04  7.1845E-06
 3.4668E+25  1.8474E-05  7.0418E+03  7.4643E-05  1.8165E-04  7.1845E-06
 3.4760E+25  1.8706E-05  7.0416E+03  7.4643E-05  1.7967E-04  7.1845E-06
 3.4853E+25  1.8670E-05  7.0414E+03  7.4643E-05  1.7770E-04  7.1845E-06
 3.4945E+25  1.8743E-05  7.0412E+03  7.4643E-05  1.7578E-04  7.1845E-06
 3.5038E+25  1.8978E-05  7.0410E+03  7.4643E-05  1.7389E-04  7.1845E-06
 3.5130E+25  1.9094E-05  7.0408E+03  7.4643E-05  1.7207E-04  7.1845E-06
 3.5223E+25  1.9011E-05  7.0406E+03  7.4643E-05  1.7026E-04  7.1845E-06
 3.5316E+25  1.9250E-05  7.0404E+03  7.4643E-05  1.6845E-04  7.1845E-06
 3.5408E+25  1.9486E-05  7.0402E+03  7.4643E-05  1.6665E-04  7.1845E-06
 3.5501E+25  1.9328E-05  7.0400E+03  7.4643E-05  1.6486E-04  7.1845E-06
 3.5593E+25  1.9519E-05  7.0399E+03  7.4643E-05  1.6310E-04  7.1845E-06
 3.5686E+25  1.9758E-05  7.0397E+03  7.4643E-05  1.6139E-04  7.1845E-06
 3.5778E+25  1.9782E-05  7.0395E+03  7.4643E-05  1.5971E-04  7.1845E-06
 3.5871E+25  1.9785E-05  7.0393E+03  7.4643E-05  1.5808E-04  7.1845E-06
 3.5964E+25  2.0029E-05  7.0392E+03  7.4643E-05  1.5644E-04  7.1845E-06
 3.6056E+25  2.0253E-05  7.0390E+03  7.4643E-05  1.5481E-04  7.1845E-06
 3.6149E+25  2.0053E-05  7.0388E+03  7.4643E-05  1.5320E-04  7.1845E-06
 3.6241E+25  2.0296E-05  7.0387E+03  7.4643E-05  1.5159E-04  7.1845E-06
 3.6334E+25  2.0540E-05  7.0385E+03  7.4643E-05  1.5002E-04  7.1845E-06
 3.6426E+25  2.0523E-05  7.0383E+03  7.4643E-05  1.4848E-04  7.1845E-06
 3.6519E+25  2.0561E-05  7.0382E+03  7.4643E-05  1.4698E-04  7.1845E-06
 3.6612E+25  2.0810E-05  7.0380E+03  7.4643E-05  1.4551E-04  7.1845E-06
 3.6704E+25  2.1029E-05  7.0378E+03  7.4643E-05  1.4403E-04  7.1845E-06
 3.6797E+25  2.0827E-05  7.0377E+03  7.4643E-05  1.4257E-04  7.1845E-06
 3.6889E+25  2.1076E-05  7.0375E+03  7.4643E-05  1.4111E-04  7.1845E-06
 3.6982E+25  2.1325E-05  7.0374E+03  7.4643E-05  1.3966E-04  7.1845E-06
 3.7074E+25  2.1323E-05  7.0372E+03  7.4643E-05  1.3825E-04  7.1845E-06
 3.7167E+25  2.1340E-05  7.0371E+03  7.4643E-05  1.3686E-04  7.1845E-06
 3.7260E+25  2.1593E-05  7.0369E+03  7.4643E-05  1.3552E-04  7.1845E-06
 3.7352E+25  2.1839E-05  7.0368E+03  7.4643E-05  1.3419E-04  7.1845E-06
 3.7445E+25  2.1631E-05  7.0367E+03  7.4643E-05  1.3286E-04  7.1845E-06
 3.7537E+25  2.1856E-05  7.0365E+03  7.4643E-05  1.3154E-04  7.1845E-06
 3.7630E+25  2.2111E-05  7.0364E+03  7.4643E-05  1.3023E-04  7.1845E-06
 3.7722E+25  2.2187E-05  7.0362E+03  7.4643E-05  1.2892E-04  7.1845E-06
 3.7815E+25  2.2120E-05  7.0361E+03  7.4643E-05  1.2765E-04  7.1845E-06
 3.7908E+25  2.2377E-05  7.0360E+03  7.4643E-05  1.2639E-04  7.1845E-06
 3.8000E+25  2.2632E-05  7.0358E+03  7.4643E-05  1.2517E-04  7.1845E-06
 3.8093E+25  2.2521E-05  7.0357E+03  7.4643E-05  1.2398E-04  7.1845E-06
 3.8185E+25  2.2638E-05  7.0356E+03  7.4643E-05  1.2278E-04  7.1845E-06
 3.8278E+25  2.2899E-05  7.0354E+03  7.4643E-05  1.2159E-04  7.1845E-06
 3.8370E+25  2.3121E-05  7.0353E+03  7.4643E-05  1.2040E-04  7.1845E-06
 3.8463E+25  2.2902E-05  7.0352E+03  7.4643E-05  1.1922E-04  7.1845E-06
 3.8556E+25  2.3160E-05  7.0351E+03  7.4643E-05  1.1806E-04  7.1845E-06
 3.8648E+25  2.3424E-05  7.0349E+03  7.4643E-05  1.1693E-04  7.1845E-06
 3.8741E+25  2.3487E-05  7.0348E+03  7.4643E-05  1.1581E-04  7.1845E-06
 3.8833E+25  2.3422E-05  7.0347E+03  7.4643E-05  1.1473E-04  7.1845E-06
 3.8926E+25  2.3686E-05  7.0346E+03  7.4643E-05  1.1366E-04  7.1845E-06
 3.9018E+25  2.3950E-05  7.0344E+03  7.4643E-05  1.1258E-04  7.1845E-06
 3.9111E+25  2.3867E-05  7.0343E+03  7.4643E-05  1.1151E-04  7.1845E-06
 3.9204E+25  2.3946E-05  7.0342E+03  7.4643E-05  1.1045E-04  7.1845E-06
 3.9296E+25  2.4214E-05  7.0341E+03  7.4643E-05  1.0939E-04  7.1845E-06
 3.9389E+25  2.4478E-05  7.0340E+03  7.4643E-05  1.0836E-04  7.1845E-06
 3.9481E+25  2.4263E-05  7.0339E+03  7.4643E-05  1.0734E-04  7.1845E-06
 3.9574E+25  2.4472E-05  7.0338E+03  7.4643E-05  1.0635E-04  7.1845E-06
 3.9666E+25  2.4744E-05  7.0336E+03  7.4643E-05  1.0538E-04  7.1845E-06
 3.9759E+25  2.4950E-05  7.0335E+03  7.4643E-05  1.0441E-04  7.1845E-06
 3.9852E+25  2.4734E-05  7.0334E+03  7.4643E-05  1.0344E-04  7.1845E-06
 3.9944E+25  2.5001E-05  7.0333E+03  7.4643E-05  1.0248E-04  7.1845E-06
 4.0037E+25  2.5276E-05  7.0332E+03  7.4643E-05  1.0152E-04  7.1845E-06
 4.0129E+25  2.5383E-05  7.0331E+03  7.4643E-05  1.0057E-04  7.1845E-06
 4.0222E+25  2.5262E-05  7.0330E+03  7.4643E-05  9.9651E-05  7.1845E-06
 4.0314E+25  2.5533E-05  7.0329E+03  7.4643E-05  9.8734E-05  7.1845E-06
 4.0407E+25  2.5811E-05  7.0328E+03  7.4643E-05  9.7850E-05  7.1845E-06
 4.0500E+25  2.5834E-05  7.0327E+03  7.4643E-05  9.6981E-05  7.1845E-06
 4.0592E+25  2.5794E-05  7.0326E+03  7.4643E-05  9.6109E-05  7.1845E-06
 4.0685E+25  2.6067E-05  7.0325E+03  7.4643E-05  9.5238E-05  7.1845E-06
 4.0777E+25  2.6348E-05  7.0324E+03  7.4643E-05  9.4371E-05  7.1845E-06
 4.0870E+25  2.6303E-05  7.0323E+03  7.4643E-05  9.3510E-05  7.1845E-06
 4.0962E+25  2.6327E-05  7.0322E+03  7.4643E-05  9.2658E-05  7.1845E-06
 4.1055E+25  2.6604E-05  7.0321E+03  7.4643E-05  9.1824E-05  7.1845E-06
 4.1148E+25  2.6888E-05  7.0320E+03  7.4643E-05  9.0996E-05  7.1845E-06
 4.1240E+25  2.6791E-05  7.0319E+03  7.4643E-05  9.0199E-05  7.1845E-06
 4.1333E+25  2.6863E-05  7.0318E+03  7.4643E-05  8.9417E-05  7.1845E-06
 4.1425E+25  2.7143E-05  7.0317E+03  7.4643E-05  8.8633E-05  7.1845E-06
 4.1518E+25  2.7430E-05  7.0316E+03  7.4643E-05  8.7850E-05  7.1845E-06
 4.1610E+25  2.7299E-05  7.0315E+03  7.4643E-05  8.7071E-05  7.1845E-06
 4.1703E+25  2.7402E-05  7.0315E+03  7.4643E-05  8.6296E-05  7.1845E-06
 4.1796E+25  2.7684E-05  7.0314E+03  7.4643E-05  8.5523E-05  7.1845E-06
 4.1888E+25  2.7974E-05  7.0313E+03  7.4643E-05  8.4769E-05  7.1845E-06
 4.1981E+25  2.7829E-05  7.0312E+03  7.4643E-05  8.4022E-05  7.1845E-06
 4.2073E+25  2.7943E-05  7.0311E+03  7.4643E-05  8.3293E-05  7.1845E-06
 4.2166E+25  2.8227E-05  7.0310E+03  7.4643E-05  8.2590E-05  7.1845E-06
 4.2258E+25  2.8521E-05  7.0309E+03  7.4643E-05  8.1884E-05  7.1845E-06
 4.2351E+25  2.8380E-05  7.0309E+03  7.4643E-05  8.1181E-05  7.1845E-06
 4.2443E+25  2.8487E-05  7.0308E+03  7.4643E-05  8.0479E-05  7.1845E-06
 4.2536E+25  2.8773E-05  7.0307E+03  7.4643E-05  7.9781E-05  7.1845E-06
 4.2629E+25  2.9069E-05  7.0306E+03  7.4643E-05  7.9085E-05  7.1845E-06
 4.2721E+25  2.8955E-05  7.0305E+03  7.4643E-05  7.8396E-05  7.1845E-06
 4.2814E+25  2.9033E-05  7.0305E+03  7.4643E-05  7.7723E-05  7.1845E-06
 4.2906E+25  2.9322E-05  7.0304E+03  7.4643E-05  7.7054E-05  7.1845E-06
 4.2999E+25  2.9619E-05  7.0303E+03  7.4643E-05  7.6409E-05  7.1845E-06
 4.3091E+25  2.9554E-05  7.0302E+03  7.4643E-05  7.5777E-05  7.1845E-06
 4.3184E+25  2.9582E-05  7.0302E+03  7.4643E-05  7.5146E-05  7.1845E-06
 4.3277E+25  2.9873E-05  7.0301E+03  7.4643E-05  7.4514E-05  7.1845E-06
 4.3369E+25  3.0172E-05  7.0300E+03  7.4643E-05  7.3883E-05  7.1845E-06
 4.3462E+25  3.0177E-05  7.0299E+03  7.4643E-05  7.3256E-05  7.1845E-06
 4.3554E+25  3.0132E-05  7.0299E+03  7.4643E-05  7.2633E-05  7.1845E-06
 4.3647E+25  3.0428E-05  7.0298E+03  7.4643E-05  7.2016E-05  7.1845E-06
 4.3739E+25  3.0726E-05  7.0297E+03  7.4643E-05  7.1411E-05  7.1845E-06
 4.3832E+25  3.0826E-05  7.0296E+03  7.4643E-05  7.0811E-05  7.1845E-06
 4.3925E+25  3.0685E-05  7.0296E+03  7.4643E-05  7.0234E-05  7.1845E-06
 4.4017E+25  3.0984E-05  7.0295E+03  7.4643E-05  6.9668E-05  7.1845E-06
 4.4110E+25  3.1283E-05  7.0294E+03  7.4643E-05  6.9099E-05  7.1845E-06
 4.4202E+25  3.1500E-05  7.0293E+03  7.4643E-05  6.8531E-05  7.1845E-06
 4.4295E+25  3.1242E-05  7.0293E+03  7.4643E-05  6.7966E-05  7.1845E-06
 4.4387E+25  3.1543E-05  7.0292E+03  7.4643E-05  6.7403E-05  7.1845E-06
 4.4480E+25  3.1844E-05  7.0292E+03  7.4643E-05  6.6843E-05  7.1845E-06
 4.4573E+25  3.2150E-05  7.0291E+03  7.4643E-05  6.6287E-05  7.1845E-06
 4.4665E+25  3.1852E-05  7.0290E+03  7.4643E-05  6.5743E-05  7.1845E-06
 4.4758E+25  3.2104E-05  7.0290E+03  7.4643E-05  6.5202E-05  7.1845E-06
 4.4850E+25  3.2409E-05  7.0289E+03  7.4643E-05  6.4680E-05  7.1845E-06
 4.4943E+25  3.2718E-05  7.0288E+03  7.4643E-05  6.4172E-05  7.1845E-06
 4.5035E+25  3.2574E-05  7.0288E+03  7.4643E-05  6.3663E-05  7.1845E-06
 4.5128E+25  3.2667E-05  7.0287E+03  7.4643E-05  6.3153E-05  7.1845E-06
 4.5221E+25  3.2976E-05  7.0286E+03  7.4643E-05  6.2645E-05  7.1845E-06
 4.5313E+25  3.3285E-05  7.0286E+03  7.4643E-05  6.2138E-05  7.1845E-06
 4.5406E+25  3.3327E-05  7.0285E+03  7.4643E-05  6.1634E-05  7.1845E-06
 4.5498E+25  3.3235E-05  7.0284E+03  7.4643E-05  6.1133E-05  7.1845E-06
 4.5591E+25  3.3545E-05  7.0284E+03  7.4643E-05  6.0641E-05  7.1845E-06
 4.5683E+25  3.3856E-05  7.0283E+03  7.4643E-05  6.0154E-05  7.1845E-06
 4.5776E+25  3.4108E-05  7.0283E+03  7.4643E-05  5.9673E-05  7.1845E-06
 4.5869E+25  3.3808E-05  7.0282E+03  7.4643E-05  5.9215E-05  7.1845E-06
 4.5961E+25  3.4115E-05  7.0282E+03  7.4643E-05  5.8760E-05  7.1845E-06
 4.6054E+25  3.4432E-05  7.0281E+03  7.4643E-05  5.8302E-05  7.1845E-06
 4.6146E+25  3.4748E-05  7.0280E+03  7.4643E-05  5.7846E-05  7.1845E-06
 4.6239E+25  3.4551E-05  7.0280E+03  7.4643E-05  5.7390E-05  7.1845E-06
 4.6331E+25  3.4692E-05  7.0279E+03  7.4643E-05  5.6937E-05  7.1845E-06
 4.6424E+25  3.5010E-05  7.0279E+03  7.4643E-05  5.6486E-05  7.1845E-06
 4.6517E+25  3.5328E-05  7.0278E+03  7.4643E-05  5.6037E-05  7.1845E-06
 4.6609E+25  3.5390E-05  7.0277E+03  7.4643E-05  5.5597E-05  7.1845E-06
 4.6702E+25  3.5273E-05  7.0277E+03  7.4643E-05  5.5159E-05  7.1845E-06
 4.6794E+25  3.5587E-05  7.0276E+03  7.4643E-05  5.4735E-05  7.1845E-06
 4.6887E+25  3.5912E-05  7.0276E+03  7.4643E-05  5.4325E-05  7.1845E-06
 4.6979E+25  3.6226E-05  7.0275E+03  7.4643E-05  5.3916E-05  7.1845E-06
 4.7072E+25  3.5888E-05  7.0275E+03  7.4643E-05  5.3506E-05  7.1845E-06
 4.7165E+25  3.6173E-05  7.0274E+03  7.4643E-05  5.3097E-05  7.1845E-06
 4.7257E+25  3.6497E-05  7.0274E+03  7.4643E-05  5.2688E-05  7.1845E-06
 4.7350E+25  3.6824E-05  7.0273E+03  7.4643E-05  5.2282E-05  7.1845E-06
 4.7442E+25  3.6780E-05  7.0273E+03  7.4643E-05  5.1877E-05  7.1845E-06
 4.7535E+25  3.6763E-05  7.0272E+03  7.4643E-05  5.1475E-05  7.1845E-06
 4.7627E+25  3.7084E-05  7.0272E+03  7.4643E-05  5.1081E-05  7.1845E-06
 4.7720E+25  3.7416E-05  7.0271E+03  7.4643E-05  5.0687E-05  7.1845E-06
 4.7813E+25  3.7714E-05  7.0271E+03  7.4643E-05  5.0305E-05  7.1845E-06
 4.7905E+25  3.7353E-05  7.0270E+03  7.4643E-05  4.9937E-05  7.1845E-06
 4.7998E+25  3.7681E-05  7.0270E+03  7.4643E-05  4.9570E-05  7.1845E-06
 4.8090E+25  3.8008E-05  7.0269E+03  7.4643E-05  4.9203E-05  7.1845E-06
 4.8183E+25  3.8344E-05  7.0269E+03  7.4643E-05  4.8837E-05  7.1845E-06
 4.8275E+25  3.8289E-05  7.0268E+03  7.4643E-05  4.8470E-05  7.1845E-06
 4.8368E+25  3.8277E-05  7.0268E+03  7.4643E-05  4.8105E-05  7.1845E-06
 4.8461E+25  3.8608E-05  7.0267E+03  7.4643E-05  4.7742E-05  7.1845E-06
 4.8553E+25  3.8944E-05  7.0267E+03  7.4643E-05  4.7380E-05  7.1845E-06
 4.8646E+25  3.9270E-05  7.0266E+03  7.4643E-05  4.7025E-05  7.1845E-06
 4.8738E+25  3.8899E-05  7.0266E+03  7.4643E-05  4.6671E-05  7.1845E-06
 4.8831E+25  3.9213E-05  7.0265E+03  7.4643E-05  4.6322E-05  7.1845E-06
 4.8923E+25  3.9546E-05  7.0265E+03  7.4643E-05  4.5991E-05  7.1845E-06
 4.9016E+25  3.9890E-05  7.0265E+03  7.4643E-05  4.5662E-05  7.1845E-06
 4.9109E+25  3.9927E-05  7.0264E+03  7.4643E-05  4.5334E-05  7.1845E-06
 4.9201E+25  3.9814E-05  7.0264E+03  7.4643E-05  4.5003E-05  7.1845E-06
 4.9294E+25  4.0160E-05  7.0263E+03  7.4643E-05  4.4675E-05  7.1845E-06
 4.9386E+25  4.0496E-05  7.0263E+03  7.4643E-05  4.4347E-05  7.1845E-06
 4.9479E+25  4.0845E-05  7.0262E+03  7.4643E-05  4.4022E-05  7.1845E-06
 4.9571E+25  4.0584E-05  7.0262E+03  7.4643E-05  4.3696E-05  7.1845E-06
 4.9664E+25  4.0768E-05  7.0261E+03  7.4643E-05  4.3374E-05  7.1845E-06
 4.9757E+25  4.1116E-05  7.0261E+03  7.4643E-05  4.3056E-05  7.1845E-06
 4.9849E+25  4.1458E-05  7.0261E+03  7.4643E-05  4.2739E-05  7.1845E-06
 4.9942E+25  4.1703E-05  7.0260E+03  7.4643E-05  4.2431E-05  7.1845E-06
 5.0034E+25  4.1379E-05  7.0260E+03  7.4643E-05  4.2136E-05  7.1845E-06
 5.0127E+25  4.1733E-05  7.0259E+03  7.4643E-05  4.1841E-05  7.1845E-06
 5.0219E+25  4.2083E-05  7.0259E+03  7.4643E-05  4.1548E-05  7.1845E-06
 5.0312E+25  4.2432E-05  7.0259E+03  7.4643E-05  4.1252E-05  7.1845E-06
 5.0405E+25  4.2427E-05  7.0258E+03  7.4643E-05  4.0959E-05  7.1845E-06
 5.0497E+25  4.2348E-05  7.0258E+03  7.4643E-05  4.0665E-05  7.1845E-06
 5.0590E+25  4.2708E-05  7.0257E+03  7.4643E-05  4.0372E-05  7.1845E-06
 5.0682E+25  4.3061E-05  7.0257E+03  7.4643E-05  4.0081E-05  7.1845E-06
 5.0775E+25  4.3416E-05  7.0256E+03  7.4643E-05  3.9793E-05  7.1845E-06
 5.0867E+25  4.3183E-05  7.0256E+03  7.4643E-05  3.9508E-05  7.1845E-06
 5.0960E+25  4.3330E-05  7.0256E+03  7.4643E-05  3.9223E-05  7.1845E-06
 5.1053E+25  4.3694E-05  7.0255E+03  7.4643E-05  3.8947E-05  7.1845E-06
 5.1145E+25  4.4051E-05  7.0255E+03  7.4643E-05  3.8683E-05  7.1845E-06
 5.1238E+25  4.4392E-05  7.0255E+03  7.4643E-05  3.8419E-05  7.1845E-06
 5.1330E+25  4.3989E-05  7.0254E+03  7.4643E-05  3.8156E-05  7.1845E-06
 5.1423E+25  4.4323E-05  7.0254E+03  7.4643E-05  3.7892E-05  7.1845E-06
 5.1515E+25  4.4692E-05  7.0253E+03  7.4643E-05  3.7629E-05  7.1845E-06
 5.1608E+25  4.5053E-05  7.0253E+03  7.4643E-05  3.7366E-05  7.1845E-06
 5.1701E+25  4.5240E-05  7.0253E+03  7.4643E-05  3.7105E-05  7.1845E-06
 5.1793E+25  4.4970E-05  7.0252E+03  7.4643E-05  3.6843E-05  7.1845E-06
 5.1886E+25  4.5328E-05  7.0252E+03  7.4643E-05  3.6583E-05  7.1845E-06
 5.1978E+25  4.5701E-05  7.0252E+03  7.4643E-05  3.6327E-05  7.1845E-06
 5.2071E+25  4.6067E-05  7.0251E+03  7.4643E-05  3.6072E-05  7.1845E-06
 5.2163E+25  4.6103E-05  7.0251E+03  7.4643E-05  3.5820E-05  7.1845E-06
 5.2256E+25  4.5984E-05  7.0251E+03  7.4643E-05  3.5582E-05  7.1845E-06
 5.2349E+25  4.6344E-05  7.0250E+03  7.4643E-05  3.5345E-05  7.1845E-06
 5.2441E+25  4.6723E-05  7.0250E+03  7.4643E-05  3.5110E-05  7.1845E-06
 5.2534E+25  4.7094E-05  7.0249E+03  7.4643E-05  3.4874E-05  7.1845E-06
 5.2626E+25  4.7002E-05  7.0249E+03  7.4643E-05  3.4637E-05  7.1845E-06
 5.2719E+25  4.7009E-05  7.0249E+03  7.4643E-05  3.4403E-05  7.1845E-06
 5.2811E+25  4.7373E-05  7.0248E+03  7.4643E-05  3.4167E-05  7.1845E-06
 5.2904E+25  4.7756E-05  7.0248E+03  7.4643E-05  3.3934E-05  7.1845E-06
 5.2997E+25  4.8134E-05  7.0248E+03  7.4643E-05  3.3700E-05  7.1845E-06
 5.3089E+25  4.7937E-05  7.0247E+03  7.4643E-05  3.3469E-05  7.1845E-06
 5.3182E+25  4.8048E-05  7.0247E+03  7.4643E-05  3.3240E-05  7.1845E-06
 5.3274E+25  4.8416E-05  7.0247E+03  7.4643E-05  3.3011E-05  7.1845E-06
 5.3367E+25  4.8802E-05  7.0246E+03  7.4643E-05  3.2789E-05  7.1845E-06
 5.3459E+25  4.9186E-05  7.0246E+03  7.4643E-05  3.2577E-05  7.1845E-06
 5.3552E+25  4.8911E-05  7.0246E+03  7.4643E-05  3.2366E-05  7.1845E-06
 5.3645E+25  4.9099E-05  7.0245E+03  7.4643E-05  3.2156E-05  7.1845E-06
 5.3737E+25  4.9473E-05  7.0245E+03  7.4643E-05  3.1944E-05  7.1845E-06
 5.3830E+25  4.9860E-05  7.0245E+03  7.4643E-05  3.1733E-05  7.1845E-06
 5.3922E+25  5.0249E-05  7.0244E+03  7.4643E-05  3.1523E-05  7.1845E-06
 5.4015E+25  4.9927E-05  7.0244E+03  7.4643E-05  3.1312E-05  7.1845E-06
 5.4107E+25  5.0163E-05  7.0244E+03  7.4643E-05  3.1103E-05  7.1845E-06
 5.4200E+25  5.0544E-05  7.0244E+03  7.4643E-05  3.0894E-05  7.1845E-06
 5.4292E+25  5.0930E-05  7.0243E+03  7.4643E-05  3.0687E-05  7.1845E-06
 5.4385E+25  5.1326E-05  7.0243E+03  7.4643E-05  3.0482E-05  7.1845E-06
 5.4478E+25  5.0986E-05  7.0243E+03  7.4643E-05  3.0277E-05  7.1845E-06
 5.4570E+25  5.1241E-05  7.0242E+03  7.4643E-05  3.0078E-05  7.1845E-06
 5.4663E+25  5.1629E-05  7.0242E+03  7.4643E-05  2.9888E-05  7.1845E-06
 5.4755E+25  5.2014E-05  7.0242E+03  7.4643E-05  2.9698E-05  7.1845E-06
 5.4848E+25  5.2416E-05  7.0241E+03  7.4643E-05  2.9511E-05  7.1845E-06
 5.4940E+25  5.2087E-05  7.0241E+03  7.4643E-05  2.9322E-05  7.1845E-06
 5.5033E+25  5.2332E-05  7.0241E+03  7.4643E-05  2.9133E-05  7.1845E-06
 5.5126E+25  5.2728E-05  7.0240E+03  7.4643E-05  2.8945E-05  7.1845E-06
 5.5218E+25  5.3115E-05  7.0240E+03  7.4643E-05  2.8756E-05  7.1845E-06
 5.5311E+25  5.3520E-05  7.0240E+03  7.4643E-05  2.8569E-05  7.1845E-06
 5.5403E+25  5.3231E-05  7.0240E+03  7.4643E-05  2.8382E-05  7.1845E-06
 5.5496E+25  5.3435E-05  7.0239E+03  7.4643E-05  2.8196E-05  7.1845E-06
 5.5588E+25  5.3840E-05  7.0239E+03  7.4643E-05  2.8012E-05  7.1845E-06
 5.5681E+25  5.4236E-05  7.0239E+03  7.4643E-05  2.7828E-05  7.1845E-06
 5.5774E+25  5.4636E-05  7.0238E+03  7.4643E-05  2.7646E-05  7.1845E-06
 5.5866E+25  5.4414E-05  7.0238E+03  7.4643E-05  2.7475E-05  7.1845E-06
 5.5959E+25  5.4560E-05  7.0238E+03  7.4643E-05  2.7305E-05  7.1845E-06
 5.6051E+25  5.4966E-05  7.0238E+03  7.4643E-05  2.7137E-05  7.1845E-06
 5.6144E+25  5.5370E-05  7.0237E+03  7.4643E-05  2.6969E-05  7.1845E-06
 5.6236E+25  5.5769E-05  7.0237E+03  7.4643E-05  2.6799E-05  7.1845E-06
 5.6329E+25  5.5641E-05  7.0237E+03  7.4643E-05  2.6630E-05  7.1845E-06
 5.6422E+25  5.5704E-05  7.0236E+03  7.4643E-05  2.6462E-05  7.1845E-06
 5.6514E+25  5.6104E-05  7.0236E+03  7.4643E-05  2.6294E-05  7.1845E-06
 5.6607E+25  5.6518E-05  7.0236E+03  7.4643E-05  2.6127E-05  7.1845E-06
 5.6699E+25  5.6923E-05  7.0236E+03  7.4643E-05  2.5959E-05  7.1845E-06
 5.6792E+25  5.6911E-05  7.0235E+03  7.4643E-05  2.5794E-05  7.1845E-06
 5.6884E+25  5.6861E-05  7.0235E+03  7.4643E-05  2.5629E-05  7.1845E-06
 5.6977E+25  5.7261E-05  7.0235E+03  7.4643E-05  2.5464E-05  7.1845E-06
 5.7070E+25  5.7681E-05  7.0234E+03  7.4643E-05  2.5303E-05  7.1845E-06
 5.7162E+25  5.8095E-05  7.0234E+03  7.4643E-05  2.5151E-05  7.1845E-06
 5.7255E+25  5.8228E-05  7.0234E+03  7.4643E-05  2.4999E-05  7.1845E-06
 5.7347E+25  5.8030E-05  7.0234E+03  7.4643E-05  2.4849E-05  7.1845E-06
 5.7440E+25  5.8444E-05  7.0233E+03  7.4643E-05  2.4699E-05  7.1845E-06
 5.7532E+25  5.8856E-05  7.0233E+03  7.4643E-05  2.4548E-05  7.1845E-06
 5.7625E+25  5.9282E-05  7.0233E+03  7.4643E-05  2.4397E-05  7.1845E-06
 5.7718E+25  5.9599E-05  7.0233E+03  7.4643E-05  2.4247E-05  7.1845E-06
 5.7810E+25  5.9213E-05  7.0232E+03  7.4643E-05  2.4096E-05  7.1845E-06
 5.7903E+25  5.9640E-05  7.0232E+03  7.4643E-05  2.3947E-05  7.1845E-06
 5.7995E+25  6.0051E-05  7.0232E+03  7.4643E-05  2.3797E-05  7.1845E-06
 5.8088E+25  6.0482E-05  7.0232E+03  7.4643E-05  2.3649E-05  7.1845E-06
 5.8180E+25  6.0903E-05  7.0231E+03  7.4643E-05  2.3501E-05  7.1845E-06
 5.8273E+25  6.0533E-05  7.0231E+03  7.4643E-05  2.3354E-05  7.1845E-06
 5.8366E+25  6.0847E-05  7.0231E+03  7.4643E-05  2.3209E-05  7.1845E-06
 5.8458E+25  6.1275E-05  7.0231E+03  7.4643E-05  2.3071E-05  7.1845E-06
 5.8551E+25  6.1695E-05  7.0230E+03  7.4643E-05  2.2935E-05  7.1845E-06
 5.8643E+25  6.2133E-05  7.0230E+03  7.4643E-05  2.2801E-05  7.1845E-06
 5.8736E+25  6.2000E-05  7.0230E+03  7.4643E-05  2.2667E-05  7.1845E-06
 5.8828E+25  6.2070E-05  7.0230E+03  7.4643E-05  2.2532E-05  7.1845E-06
 5.8921E+25  6.2510E-05  7.0229E+03  7.4643E-05  2.2398E-05  7.1845E-06
 5.9014E+25  6.2936E-05  7.0229E+03  7.4643E-05  2.2263E-05  7.1845E-06
 5.9106E+25  6.3374E-05  7.0229E+03  7.4643E-05  2.2129E-05  7.1845E-06
 5.9199E+25  6.3517E-05  7.0229E+03  7.4643E-05  2.1995E-05  7.1845E-06
 5.9291E+25  6.3320E-05  7.0228E+03  7.4643E-05  2.1862E-05  7.1845E-06
 5.9384E+25  6.3757E-05  7.0228E+03  7.4643E-05  2.1728E-05  7.1845E-06
 5.9476E+25  6.4202E-05  7.0228E+03  7.4643E-05  2.1595E-05  7.1845E-06
 5.9569E+25  6.4628E-05  7.0228E+03  7.4643E-05  2.1464E-05  7.1845E-06
 5.9662E+25  6.5051E-05  7.0227E+03  7.4643E-05  2.1332E-05  7.1845E-06
 5.9754E+25  6.4625E-05  7.0227E+03  7.4643E-05  2.1206E-05  7.1845E-06
 5.9847E+25  6.5026E-05  7.0227E+03  7.4643E-05  2.1084E-05  7.1845E-06
 5.9939E+25  6.5474E-05  7.0227E+03  7.4643E-05  2.0963E-05  7.1845E-06
 6.0032E+25  6.5921E-05  7.0226E+03  7.4643E-05  2.0844E-05  7.1845E-06
 6.0124E+25  6.6358E-05  7.0226E+03  7.4643E-05  2.0723E-05  7.1845E-06
 6.0217E+25  6.6215E-05  7.0226E+03  7.4643E-05  2.0603E-05  7.1845E-06
 6.0310E+25  6.6328E-05  7.0226E+03  7.4643E-05  2.0483E-05  7.1845E-06
 6.0402E+25  6.6766E-05  7.0225E+03  7.4643E-05  2.0362E-05  7.1845E-06
 6.0495E+25  6.7223E-05  7.0225E+03  7.4643E-05  2.0243E-05  7.1845E-06
 6.0587E+25  6.7670E-05  7.0225E+03  7.4643E-05  2.0123E-05  7.1845E-06
 6.0680E+25  6.7877E-05  7.0225E+03  7.4643E-05  2.0004E-05  7.1845E-06
 6.0772E+25  6.7646E-05  7.0225E+03  7.4643E-05  1.9885E-05  7.1845E-06
 6.0865E+25  6.8092E-05  7.0224E+03  7.4643E-05  1.9767E-05  7.1845E-06
 6.0958E+25  6.8540E-05  7.0224E+03  7.4643E-05  1.9649E-05  7.1845E-06
 6.1050E+25  6.9004E-05  7.0224E+03  7.4643E-05  1.9530E-05  7.1845E-06
 6.1143E+25  6.9447E-05  7.0224E+03  7.4643E-05  1.9418E-05  7.1845E-06
 6.1235E+25  6.9127E-05  7.0223E+03  7.4643E-05  1.9309E-05  7.1845E-06
 6.1328E+25  6.9438E-05  7.0223E+03  7.4643E-05  1.9201E-05  7.1845E-06
 6.1420E+25  6.9890E-05  7.0223E+03  7.4643E-05  1.9094E-05  7.1845E-06
 6.1513E+25  7.0348E-05  7.0223E+03  7.4643E-05  1.8987E-05  7.1845E-06
 6.1606E+25  7.0818E-05  7.0222E+03  7.4643E-05  1.8880E-05  7.1845E-06
 6.1698E+25  7.0886E-05  7.0222E+03  7.4643E-05  1.8772E-05  7.1845E-06
 6.1791E+25  7.0805E-05  7.0222E+03  7.4643E-05  1.8665E-05  7.1845E-06
 6.1883E+25  7.1265E-05  7.0222E+03  7.4643E-05  1.8558E-05  7.1845E-06
 6.1976E+25  7.1723E-05  7.0222E+03  7.4643E-05  1.8451E-05  7.1845E-06
 6.2068E+25  7.2189E-05  7.0221E+03  7.4643E-05  1.8344E-05  7.1845E-06
 6.2161E+25  7.2650E-05  7.0221E+03  7.4643E-05  1.8238E-05  7.1845E-06
 6.2254E+25  7.2257E-05  7.0221E+03  7.4643E-05  1.8132E-05  7.1845E-06
 6.2346E+25  7.2661E-05  7.0221E+03  7.4643E-05  1.8026E-05  7.1845E-06
 6.2439E+25  7.3128E-05  7.0220E+03  7.4643E-05  1.7921E-05  7.1845E-06
 6.2531E+25  7.3592E-05  7.0220E+03  7.4643E-05  1.7818E-05  7.1845E-06
 6.2624E+25  7.4065E-05  7.0220E+03  7.4643E-05  1.7720E-05  7.1845E-06
 6.2716E+25  7.4135E-05  7.0220E+03  7.4643E-05  1.7623E-05  7.1845E-06
 6.2809E+25  7.4071E-05  7.0220E+03  7.4643E-05  1.7527E-05  7.1845E-06
 6.2902E+25  7.4554E-05  7.0219E+03  7.4643E-05  1.7432E-05  7.1845E-06
 6.2994E+25  7.5027E-05  7.0219E+03  7.4643E-05  1.7336E-05  7.1845E-06
 6.3087E+25  7.5498E-05  7.0219E+03  7.4643E-05  1.7240E-05  7.1845E-06
 6.3179E+25  7.5965E-05  7.0219E+03  7.4643E-05  1.7144E-05  7.1845E-06
 6.3272E+25  7.5622E-05  7.0218E+03  7.4643E-05  1.7049E-05  7.1845E-06
 6.3364E+25  7.5994E-05  7.0218E+03  7.4643E-05  1.6954E-05  7.1845E-06
 6.3457E+25  7.6483E-05  7.0218E+03  7.4643E-05  1.6858E-05  7.1845E-06
 6.3550E+25  7.6963E-05  7.0218E+03  7.4643E-05  1.6763E-05  7.1845E-06
 6.3642E+25  7.7442E-05  7.0218E+03  7.4643E-05  1.6668E-05  7.1845E-06
 6.3735E+25  7.7591E-05  7.0217E+03  7.4643E-05  1.6573E-05  7.1845E-06
 6.3827E+25  7.7485E-05  7.0217E+03  7.4643E-05  1.6479E-05  7.1845E-06
 6.3920E+25  7.7955E-05  7.0217E+03  7.4643E-05  1.6385E-05  7.1845E-06
 6.4012E+25  7.8452E-05  7.0217E+03  7.4643E-05  1.6293E-05  7.1845E-06
 6.4105E+25  7.8937E-05  7.0216E+03  7.4643E-05  1.6206E-05  7.1845E-06
 6.4198E+25  7.9422E-05  7.0216E+03  7.4643E-05  1.6120E-05  7.1845E-06
 6.4290E+25  7.9192E-05  7.0216E+03  7.4643E-05  1.6035E-05  7.1845E-06
 6.4383E+25  7.9479E-05  7.0216E+03  7.4643E-05  1.5950E-05  7.1845E-06
 6.4475E+25  7.9956E-05  7.0216E+03  7.4643E-05  1.5864E-05  7.1845E-06
 6.4568E+25  8.0459E-05  7.0215E+03  7.4643E-05  1.5778E-05  7.1845E-06
 6.4660E+25  8.0951E-05  7.0215E+03  7.4643E-05  1.5693E-05  7.1845E-06
 6.4753E+25  8.1290E-05  7.0215E+03  7.4643E-05  1.5608E-05  7.1845E-06
 6.4846E+25  8.1012E-05  7.0215E+03  7.4643E-05  1.5523E-05  7.1845E-06
 6.4938E+25  8.1513E-05  7.0215E+03  7.4643E-05  1.5438E-05  7.1845E-06
 6.5031E+25  8.1998E-05  7.0214E+03  7.4643E-05  1.5352E-05  7.1845E-06
 6.5123E+25  8.2507E-05  7.0214E+03  7.4643E-05  1.5268E-05  7.1845E-06
 6.5216E+25  8.3006E-05  7.0214E+03  7.4643E-05  1.5183E-05  7.1845E-06
 6.5308E+25  8.3018E-05  7.0214E+03  7.4643E-05  1.5099E-05  7.1845E-06
 6.5401E+25  8.3082E-05  7.0214E+03  7.4643E-05  1.5014E-05  7.1845E-06
 6.5494E+25  8.3589E-05  7.0213E+03  7.4643E-05  1.4932E-05  7.1845E-06
 6.5586E+25  8.4082E-05  7.0213E+03  7.4643E-05  1.4853E-05  7.1845E-06
 6.5679E+25  8.4596E-05  7.0213E+03  7.4643E-05  1.4776E-05  7.1845E-06
 6.5771E+25  8.5093E-05  7.0213E+03  7.4643E-05  1.4699E-05  7.1845E-06
 6.5864E+25  8.4824E-05  7.0212E+03  7.4643E-05  1.4624E-05  7.1845E-06
 6.5956E+25  8.5197E-05  7.0212E+03  7.4643E-05  1.4548E-05  7.1845E-06
 6.6049E+25  8.5707E-05  7.0212E+03  7.4643E-05  1.4471E-05  7.1845E-06
 6.6142E+25  8.6210E-05  7.0212E+03  7.4643E-05  1.4395E-05  7.1845E-06
 6.6234E+25  8.6728E-05  7.0211E+03  7.4643E-05  1.4319E-05  7.1845E-06
 6.6327E+25  8.7073E-05  7.0211E+03  7.4643E-05  1.4243E-05  7.1845E-06
 6.6419E+25  8.6852E-05  7.0211E+03  7.4643E-05  1.4167E-05  7.1845E-06
 6.6512E+25  8.7355E-05  7.0211E+03  7.4643E-05  1.4091E-05  7.1845E-06
 6.6604E+25  8.7870E-05  7.0211E+03  7.4643E-05  1.4015E-05  7.1845E-06
 6.6697E+25  8.8385E-05  7.0210E+03  7.4643E-05  1.3939E-05  7.1845E-06
 6.6789E+25  8.8901E-05  7.0210E+03  7.4643E-05  1.3864E-05  7.1845E-06
 6.6882E+25  8.9002E-05  7.0210E+03  7.4643E-05  1.3789E-05  7.1845E-06
 6.6975E+25  8.9045E-05  7.0210E+03  7.4643E-05  1.3713E-05  7.1845E-06
 6.7067E+25  8.9563E-05  7.0210E+03  7.4643E-05  1.3641E-05  7.1845E-06
 6.7160E+25  9.0079E-05  7.0209E+03  7.4643E-05  1.3571E-05  7.1845E-06
 6.7252E+25  9.0604E-05  7.0209E+03  7.4643E-05  1.3502E-05  7.1845E-06
 6.7345E+25  9.1118E-05  7.0209E+03  7.4643E-05  1.3434E-05  7.1845E-06
 6.7437E+25  9.1005E-05  7.0209E+03  7.4643E-05  1.3367E-05  7.1845E-06
 6.7530E+25  9.1287E-05  7.0209E+03  7.4643E-05  1.3299E-05  7.1845E-06
 6.7623E+25  9.1818E-05  7.0208E+03  7.4643E-05  1.3231E-05  7.1845E-06
 6.7715E+25  9.2337E-05  7.0208E+03  7.4643E-05  1.3163E-05  7.1845E-06
 6.7808E+25  9.2869E-05  7.0208E+03  7.4643E-05  1.3095E-05  7.1845E-06
 6.7900E+25  9.3363E-05  7.0208E+03  7.4643E-05  1.3028E-05  7.1845E-06
 6.7993E+25  9.3101E-05  7.0208E+03  7.4643E-05  1.2960E-05  7.1845E-06
 6.8085E+25  9.3580E-05  7.0207E+03  7.4643E-05  1.2892E-05  7.1845E-06
 6.8178E+25  9.4119E-05  7.0207E+03  7.4643E-05  1.2824E-05  7.1845E-06
 6.8271E+25  9.4645E-05  7.0207E+03  7.4643E-05  1.2757E-05  7.1845E-06
 6.8363E+25  9.5180E-05  7.0207E+03  7.4643E-05  1.2689E-05  7.1845E-06
 6.8456E+25  9.5548E-05  7.0206E+03  7.4643E-05  1.2622E-05  7.1845E-06
 6.8548E+25  9.5382E-05  7.0206E+03  7.4643E-05  1.2555E-05  7.1845E-06
 6.8641E+25  9.5925E-05  7.0206E+03  7.4643E-05  1.2489E-05  7.1845E-06
 6.8733E+25  9.6465E-05  7.0206E+03  7.4643E-05  1.2427E-05  7.1845E-06
 6.8826E+25  9.7007E-05  7.0206E+03  7.4643E-05  1.2365E-05  7.1845E-06
 6.8919E+25  9.7541E-05  7.0205E+03  7.4643E-05  1.2304E-05  7.1845E-06
 6.9011E+25  9.7760E-05  7.0205E+03  7.4643E-05  1.2244E-05  7.1845E-06
 6.9104E+25  9.7765E-05  7.0205E+03  7.4643E-05  1.2184E-05  7.1845E-06
 6.9196E+25  9.8320E-05  7.0205E+03  7.4643E-05  1.2123E-05  7.1845E-06
 6.9289E+25  9.8863E-05  7.0205E+03  7.4643E-05  1.2063E-05  7.1845E-06
 6.9381E+25  9.9418E-05  7.0204E+03  7.4643E-05  1.2002E-05  7.1845E-06
 6.9474E+25  9.9956E-05  7.0204E+03  7.4643E-05  1.1942E-05  7.1845E-06
 6.9567E+25  1.0005E-04  7.0204E+03  7.4643E-05  1.1881E-05  7.1845E-06
 6.9659E+25  1.0021E-04  7.0204E+03  7.4643E-05  1.1821E-05  7.1845E-06
 6.9752E+25  1.0076E-04  7.0203E+03  7.4643E-05  1.1761E-05  7.1845E-06
 6.9844E+25  1.0132E-04  7.0203E+03  7.4643E-05  1.1700E-05  7.1845E-06
 6.9937E+25  1.0188E-04  7.0203E+03  7.4643E-05  1.1640E-05  7.1845E-06
 7.0029E+25  1.0243E-04  7.0203E+03  7.4643E-05  1.1580E-05  7.1845E-06
 7.0122E+25  1.0241E-04  7.0203E+03  7.4643E-05  1.1520E-05  7.1845E-06
 7.0215E+25  1.0270E-04  7.0202E+03  7.4643E-05  1.1460E-05  7.1845E-06
 7.0307E+25  1.0326E-04  7.0202E+03  7.4643E-05  1.1403E-05  7.1845E-06
 7.0400E+25  1.0383E-04  7.0202E+03  7.4643E-05  1.1347E-05  7.1845E-06
 7.0492E+25  1.0439E-04  7.0202E+03  7.4643E-05  1.1292E-05  7.1845E-06
 7.0585E+25  1.0495E-04  7.0201E+03  7.4643E-05  1.1238E-05  7.1845E-06
 7.0677E+25  1.0486E-04  7.0201E+03  7.4643E-05  1.1185E-05  7.1845E-06
 7.0770E+25  1.0526E-04  7.0201E+03  7.4643E-05  1.1131E-05  7.1845E-06
 7.0863E+25  1.0582E-04  7.0201E+03  7.4643E-05  1.1077E-05  7.1845E-06
 7.0955E+25  1.0639E-04  7.0201E+03  7.4643E-05  1.1023E-05  7.1845E-06
 7.1048E+25  1.0696E-04  7.0200E+03  7.4643E-05  1.0969E-05  7.1845E-06
 7.1140E+25  1.0751E-04  7.0200E+03  7.4643E-05  1.0915E-05  7.1845E-06
 7.1233E+25  1.0740E-04  7.0200E+03  7.4643E-05  1.0861E-05  7.1845E-06
 7.1325E+25  1.0787E-04  7.0200E+03  7.4643E-05  1.0808E-05  7.1845E-06
 7.1418E+25  1.0844E-04  7.0200E+03  7.4643E-05  1.0754E-05  7.1845E-06
 7.1511E+25  1.0901E-04  7.0199E+03  7.4643E-05  1.0700E-05  7.1845E-06
 7.1603E+25  1.0959E-04  7.0199E+03  7.4643E-05  1.0646E-05  7.1845E-06
 7.1696E+25  1.1013E-04  7.0199E+03  7.4643E-05  1.0593E-05  7.1845E-06
 7.1788E+25  1.1002E-04  7.0199E+03  7.4643E-05  1.0539E-05  7.1845E-06
 7.1881E+25  1.1054E-04  7.0198E+03  7.4643E-05  1.0485E-05  7.1845E-06
 7.1973E+25  1.1112E-04  7.0198E+03  7.4643E-05  1.0434E-05  7.1845E-06
 7.2066E+25  1.1169E-04  7.0198E+03  7.4643E-05  1.0384E-05  7.1845E-06
 7.2159E+25  1.1227E-04  7.0198E+03  7.4643E-05  1.0334E-05  7.1845E-06
 7.2251E+25  1.1280E-04  7.0197E+03  7.4643E-05  1.0286E-05  7.1845E-06
 7.2344E+25  1.1272E-04  7.0197E+03  7.4643E-05  1.0239E-05  7.1845E-06
 7.2436E+25  1.1328E-04  7.0197E+03  7.4643E-05  1.0191E-05  7.1845E-06
 7.2529E+25  1.1386E-04  7.0197E+03  7.4643E-05  1.0143E-05  7.1845E-06
 7.2621E+25  1.1444E-04  7.0197E+03  7.4643E-05  1.0095E-05  7.1845E-06
 7.2714E+25  1.1502E-04  7.0196E+03  7.4643E-05  1.0047E-05  7.1845E-06
 7.2807E+25  1.1554E-04  7.0196E+03  7.4643E-05  9.9988E-06  7.1845E-06
 7.2899E+25  1.1549E-04  7.0196E+03  7.4643E-05  9.9509E-06  7.1845E-06
 7.2992E+25  1.1608E-04  7.0196E+03  7.4643E-05  9.9029E-06  7.1845E-06
 7.3084E+25  1.1666E-04  7.0195E+03  7.4643E-05  9.8550E-06  7.1845E-06
 7.3177E+25  1.1725E-04  7.0195E+03  7.4643E-05  9.8069E-06  7.1845E-06
 7.3269E+25  1.1783E-04  7.0195E+03  7.4643E-05  9.7589E-06  7.1845E-06
 7.3362E+25  1.1835E-04  7.0195E+03  7.4643E-05  9.7111E-06  7.1845E-06
 7.3455E+25  1.1834E-04  7.0195E+03  7.4643E-05  9.6632E-06  7.1845E-06
 7.3547E+25  1.1894E-04  7.0194E+03  7.4643E-05  9.6155E-06  7.1845E-06
 7.3640E+25  1.1954E-04  7.0194E+03  7.4643E-05  9.5679E-06  7.1845E-06
 7.3732E+25  1.2013E-04  7.0194E+03  7.4643E-05  9.5228E-06  7.1845E-06
 7.3825E+25  1.2071E-04  7.0194E+03  7.4643E-05  9.4784E-06  7.1845E-06
 7.3917E+25  1.2124E-04  7.0193E+03  7.4643E-05  9.4343E-06  7.1845E-06
 7.4010E+25  1.2126E-04  7.0193E+03  7.4643E-05  9.3917E-06  7.1845E-06
 7.4103E+25  1.2186E-04  7.0193E+03  7.4643E-05  9.3496E-06  7.1845E-06
 7.4195E+25  1.2247E-04  7.0193E+03  7.4643E-05  9.3068E-06  7.1845E-06
 7.4288E+25  1.2307E-04  7.0192E+03  7.4643E-05  9.2638E-06  7.1845E-06
 7.4380E+25  1.2367E-04  7.0192E+03  7.4643E-05  9.2212E-06  7.1845E-06
 7.4473E+25  1.2420E-04  7.0192E+03  7.4643E-05  9.1785E-06  7.1845E-06
 7.4565E+25  1.2425E-04  7.0192E+03  7.4643E-05  9.1357E-06  7.1845E-06
 7.4658E+25  1.2485E-04  7.0191E+03  7.4643E-05  9.0931E-06  7.1845E-06
 7.4751E+25  1.2547E-04  7.0191E+03  7.4643E-05  9.0505E-06  7.1845E-06
 7.4843E+25  1.2609E-04  7.0191E+03  7.4643E-05  9.0077E-06  7.1845E-06
 7.4936E+25  1.2669E-04  7.0191E+03  7.4643E-05  8.9647E-06  7.1845E-06
 7.5028E+25  1.2724E-04  7.0190E+03  7.4643E-05  8.9221E-06  7.1845E-06
 7.5121E+25  1.2732E-04  7.0190E+03  7.4643E-05  8.8793E-06  7.1845E-06
 7.5213E+25  1.2791E-04  7.0190E+03  7.4643E-05  8.8367E-06  7.1845E-06
 7.5306E+25  1.2853E-04  7.0190E+03  7.4643E-05  8.7940E-06  7.1845E-06
 7.5399E+25  1.2916E-04  7.0189E+03  7.4643E-05  8.7514E-06  7.1845E-06
 7.5491E+25  1.2978E-04  7.0189E+03  7.4643E-05  8.7108E-06  7.1845E-06
 7.5584E+25  1.3035E-04  7.0189E+03  7.4643E-05  8.6712E-06  7.1845E-06
 7.5676E+25  1.3048E-04  7.0189E+03  7.4643E-05  8.6318E-06  7.1845E-06
 7.5769E+25  1.3105E-04  7.0189E+03  7.4643E-05  8.5934E-06  7.1845E-06
 7.5861E+25  1.3167E-04  7.0188E+03  7.4643E-05  8.5559E-06  7.1845E-06
 7.5954E+25  1.3230E-04  7.0188E+03  7.4643E-05  8.5180E-06  7.1845E-06
 7.6047E+25  1.3293E-04  7.0188E+03  7.4643E-05  8.4799E-06  7.1845E-06
 7.6139E+25  1.3354E-04  7.0187E+03  7.4643E-05  8.4418E-06  7.1845E-06
 7.6232E+25  1.3373E-04  7.0187E+03  7.4643E-05  8.4037E-06  7.1845E-06
 7.6324E+25  1.3427E-04  7.0187E+03  7.4643E-05  8.3656E-06  7.1845E-06
 7.6417E+25  1.3489E-04  7.0187E+03  7.4643E-05  8.3277E-06  7.1845E-06
 7.6509E+25  1.3552E-04  7.0186E+03  7.4643E-05  8.2899E-06  7.1845E-06
 7.6602E+25  1.3616E-04  7.0186E+03  7.4643E-05  8.2517E-06  7.1845E-06
 7.6695E+25  1.3678E-04  7.0186E+03  7.4643E-05  8.2135E-06  7.1845E-06
 7.6787E+25  1.3706E-04  7.0186E+03  7.4643E-05  8.1754E-06  7.1845E-06
 7.6880E+25  1.3757E-04  7.0185E+03  7.4643E-05  8.1373E-06  7.1845E-06
 7.6972E+25  1.3819E-04  7.0185E+03  7.4643E-05  8.0992E-06  7.1845E-06
 7.7065E+25  1.3883E-04  7.0185E+03  7.4643E-05  8.0613E-06  7.1845E-06
 7.7157E+25  1.3946E-04  7.0185E+03  7.4643E-05  8.0231E-06  7.1845E-06
 7.7250E+25  1.4009E-04  7.0184E+03  7.4643E-05  7.9854E-06  7.1845E-06
 7.7343E+25  1.4046E-04  7.0184E+03  7.4643E-05  7.9496E-06  7.1845E-06
 7.7435E+25  1.4095E-04  7.0184E+03  7.4643E-05  7.9144E-06  7.1845E-06
 7.7528E+25  1.4158E-04  7.0184E+03  7.4643E-05  7.8792E-06  7.1845E-06
 7.7620E+25  1.4221E-04  7.0183E+03  7.4643E-05  7.8453E-06  7.1845E-06
 7.7713E+25  1.4285E-04  7.0183E+03  7.4643E-05  7.8120E-06  7.1845E-06
 7.7805E+25  1.4348E-04  7.0183E+03  7.4643E-05  7.7783E-06  7.1845E-06
 7.7898E+25  1.4393E-04  7.0183E+03  7.4643E-05  7.7444E-06  7.1845E-06
 7.7991E+25  1.4440E-04  7.0182E+03  7.4643E-05  7.7104E-06  7.1845E-06
 7.8083E+25  1.4505E-04  7.0182E+03  7.4643E-05  7.6766E-06  7.1845E-06
 7.8176E+25  1.4568E-04  7.0182E+03  7.4643E-05  7.6428E-06  7.1845E-06
 7.8268E+25  1.4632E-04  7.0181E+03  7.4643E-05  7.6089E-06  7.1845E-06
 7.8361E+25  1.4696E-04  7.0181E+03  7.4643E-05  7.5751E-06  7.1845E-06
 7.8453E+25  1.4747E-04  7.0181E+03  7.4643E-05  7.5412E-06  7.1845E-06
 7.8546E+25  1.4792E-04  7.0181E+03  7.4643E-05  7.5073E-06  7.1845E-06
 7.8638E+25  1.4859E-04  7.0180E+03  7.4643E-05  7.4734E-06  7.1845E-06
 7.8731E+25  1.4924E-04  7.0180E+03  7.4643E-05  7.4393E-06  7.1845E-06
 7.8824E+25  1.4988E-04  7.0180E+03  7.4643E-05  7.4054E-06  7.1845E-06
 7.8916E+25  1.5052E-04  7.0179E+03  7.4643E-05  7.3715E-06  7.1845E-06
 7.9009E+25  1.5110E-04  7.0179E+03  7.4643E-05  7.3376E-06  7.1845E-06
 7.9101E+25  1.5152E-04  7.0179E+03  7.4643E-05  7.3037E-06  7.1845E-06
 7.9194E+25  1.5220E-04  7.0179E+03  7.4643E-05  7.2714E-06  7.1845E-06
 7.9286E+25  1.5287E-04  7.0178E+03  7.4643E-05  7.2398E-06  7.1845E-06
 7.9379E+25  1.5353E-04  7.0178E+03  7.4643E-05  7.2084E-06  7.1845E-06
 7.9472E+25  1.5417E-04  7.0178E+03  7.4643E-05  7.1776E-06  7.1845E-06
 7.9564E+25  1.5479E-04  7.0177E+03  7.4643E-05  7.1480E-06  7.1845E-06
 7.9657E+25  1.5525E-04  7.0177E+03  7.4643E-05  7.1182E-06  7.1845E-06
 7.9749E+25  1.5589E-04  7.0177E+03  7.4643E-05  7.0880E-06  7.1845E-06
 7.9842E+25  1.5657E-04  7.0177E+03  7.4643E-05  7.0579E-06  7.1845E-06
 7.9934E+25  1.5725E-04  7.0176E+03  7.4643E-05  7.0278E-06  7.1845E-06
 8.0027E+25  1.5791E-04  7.0176E+03  7.4643E-05  6.9977E-06  7.1845E-06
 8.0120E+25  1.5855E-04  7.0176E+03  7.4643E-05  6.9675E-06  7.1845E-06
 8.0212E+25  1.5906E-04  7.0176E+03  7.4643E-05  6.9375E-06  7.1845E-06
 8.0305E+25  1.5969E-04  7.0175E+03  7.4643E-05  6.9075E-06  7.1845E-06
 8.0397E+25  1.6035E-04  7.0175E+03  7.4643E-05  6.8773E-06  7.1845E-06
 8.0490E+25  1.6104E-04  7.0175E+03  7.4643E-05  6.8469E-06  7.1845E-06
 8.0582E+25  1.6173E-04  7.0174E+03  7.4643E-05  6.8166E-06  7.1845E-06
 8.0675E+25  1.6239E-04  7.0174E+03  7.4643E-05  6.7865E-06  7.1845E-06
 8.0768E+25  1.6296E-04  7.0174E+03  7.4643E-05  6.7563E-06  7.1845E-06
 8.0860E+25  1.6357E-04  7.0173E+03  7.4643E-05  6.7260E-06  7.1845E-06
 8.0953E+25  1.6424E-04  7.0173E+03  7.4643E-05  6.6958E-06  7.1845E-06
 8.1045E+25  1.6492E-04  7.0173E+03  7.4643E-05  6.6657E-06  7.1845E-06
 8.1138E+25  1.6561E-04  7.0172E+03  7.4643E-05  6.6371E-06  7.1845E-06
 8.1230E+25  1.6630E-04  7.0172E+03  7.4643E-05  6.6089E-06  7.1845E-06
 8.1323E+25  1.6694E-04  7.0172E+03  7.4643E-05  6.5808E-06  7.1845E-06
 8.1416E+25  1.6755E-04  7.0172E+03  7.4643E-05  6.5535E-06  7.1845E-06
 8.1508E+25  1.6822E-04  7.0171E+03  7.4643E-05  6.5272E-06  7.1845E-06
 8.1601E+25  1.6890E-04  7.0171E+03  7.4643E-05  6.5007E-06  7.1845E-06
 8.1693E+25  1.6958E-04  7.0171E+03  7.4643E-05  6.4739E-06  7.1845E-06
 8.1786E+25  1.7028E-04  7.0170E+03  7.4643E-05  6.4471E-06  7.1845E-06
 8.1878E+25  1.7097E-04  7.0170E+03  7.4643E-05  6.4203E-06  7.1845E-06
 8.1971E+25  1.7162E-04  7.0170E+03  7.4643E-05  6.3936E-06  7.1845E-06
 8.2064E+25  1.7229E-04  7.0169E+03  7.4643E-05  6.3668E-06  7.1845E-06
 8.2156E+25  1.7298E-04  7.0169E+03  7.4643E-05  6.3401E-06  7.1845E-06
 8.2249E+25  1.7366E-04  7.0169E+03  7.4643E-05  6.3134E-06  7.1845E-06
 8.2341E+25  1.7435E-04  7.0168E+03  7.4643E-05  6.2865E-06  7.1845E-06
 8.2434E+25  1.7505E-04  7.0168E+03  7.4643E-05  6.2595E-06  7.1845E-06
 8.2526E+25  1.7576E-04  7.0168E+03  7.4643E-05  6.2326E-06  7.1845E-06
 8.2619E+25  1.7645E-04  7.0167E+03  7.4643E-05  6.2057E-06  7.1845E-06
 8.2712E+25  1.7714E-04  7.0167E+03  7.4643E-05  6.1787E-06  7.1845E-06
 8.2804E+25  1.7783E-04  7.0167E+03  7.4643E-05  6.1517E-06  7.1845E-06
 8.2897E+25  1.7852E-04  7.0166E+03  7.4643E-05  6.1249E-06  7.1845E-06
 8.2989E+25  1.7922E-04  7.0166E+03  7.4643E-05  6.0980E-06  7.1845E-06
 8.3082E+25  1.7996E-04  7.0166E+03  7.4643E-05  6.0718E-06  7.1845E-06
 8.3174E+25  1.8069E-04  7.0165E+03  7.4643E-05  6.0466E-06  7.1845E-06
 8.3267E+25  1.8139E-04  7.0165E+03  7.4643E-05  6.0215E-06  7.1845E-06
 8.3360E+25  1.8209E-04  7.0165E+03  7.4643E-05  5.9966E-06  7.1845E-06
 8.3452E+25  1.8279E-04  7.0164E+03  7.4643E-05  5.9729E-06  7.1845E-06
 8.3545E+25  1.8349E-04  7.0164E+03  7.4643E-05  5.9496E-06  7.1845E-06
 8.3637E+25  1.8421E-04  7.0164E+03  7.4643E-05  5.9258E-06  7.1845E-06
 8.3730E+25  1.8500E-04  7.0164E+03  7.4643E-05  5.9020E-06  7.1845E-06
 8.3822E+25  1.8572E-04  7.0163E+03  7.4643E-05  5.8782E-06  7.1845E-06
 8.3915E+25  1.8643E-04  7.0163E+03  7.4643E-05  5.8544E-06  7.1845E-06
 8.4008E+25  1.8713E-04  7.0162E+03  7.4643E-05  5.8305E-06  7.1845E-06
 8.4100E+25  1.8784E-04  7.0162E+03  7.4643E-05  5.8068E-06  7.1845E-06
 8.4193E+25  1.8857E-04  7.0162E+03  7.4643E-05  5.7830E-06  7.1845E-06
 8.4285E+25  1.8938E-04  7.0161E+03  7.4643E-05  5.7593E-06  7.1845E-06
 8.4378E+25  1.9011E-04  7.0161E+03  7.4643E-05  5.7353E-06  7.1845E-06
 8.4470E+25  1.9084E-04  7.0161E+03  7.4643E-05  5.7114E-06  7.1845E-06
 8.4563E+25  1.9157E-04  7.0160E+03  7.4643E-05  5.6874E-06  7.1845E-06
 8.4656E+25  1.9228E-04  7.0160E+03  7.4643E-05  5.6634E-06  7.1845E-06
 8.4748E+25  1.9301E-04  7.0160E+03  7.4643E-05  5.6395E-06  7.1845E-06
 8.4841E+25  1.9383E-04  7.0159E+03  7.4643E-05  5.6155E-06  7.1845E-06
 8.4933E+25  1.9461E-04  7.0159E+03  7.4643E-05  5.5915E-06  7.1845E-06
 8.5026E+25  1.9532E-04  7.0159E+03  7.4643E-05  5.5674E-06  7.1845E-06
 8.5118E+25  1.9606E-04  7.0158E+03  7.4643E-05  5.5440E-06  7.1845E-06
 8.5211E+25  1.9679E-04  7.0158E+03  7.4643E-05  5.5217E-06  7.1845E-06
 8.5304E+25  1.9753E-04  7.0158E+03  7.4643E-05  5.4993E-06  7.1845E-06
 8.5396E+25  1.9832E-04  7.0157E+03  7.4643E-05  5.4769E-06  7.1845E-06
 8.5489E+25  1.9920E-04  7.0157E+03  7.4643E-05  5.4558E-06  7.1845E-06
 8.5581E+25  1.9991E-04  7.0157E+03  7.4643E-05  5.4350E-06  7.1845E-06
 8.5674E+25  2.0062E-04  7.0156E+03  7.4643E-05  5.4140E-06  7.1845E-06
 8.5766E+25  2.0136E-04  7.0156E+03  7.4643E-05  5.3928E-06  7.1845E-06
 8.5859E+25  2.0212E-04  7.0155E+03  7.4643E-05  5.3717E-06  7.1845E-06
 8.5952E+25  2.0290E-04  7.0155E+03  7.4643E-05  5.3505E-06  7.1845E-06
 8.6044E+25  2.0380E-04  7.0155E+03  7.4643E-05  5.3293E-06  7.1845E-06
 8.6137E+25  2.0458E-04  7.0154E+03  7.4643E-05  5.3082E-06  7.1845E-06
 8.6229E+25  2.0530E-04  7.0154E+03  7.4643E-05  5.2870E-06  7.1845E-06
 8.6322E+25  2.0601E-04  7.0154E+03  7.4643E-05  5.2659E-06  7.1845E-06
 8.6414E+25  2.0676E-04  7.0153E+03  7.4643E-05  5.2447E-06  7.1845E-06
 8.6507E+25  2.0755E-04  7.0153E+03  7.4643E-05  5.2234E-06  7.1845E-06
 8.6600E+25  2.0844E-04  7.0152E+03  7.4643E-05  5.2021E-06  7.1845E-06
 8.6692E+25  2.0931E-04  7.0152E+03  7.4643E-05  5.1807E-06  7.1845E-06
 8.6785E+25  2.1004E-04  7.0152E+03  7.4643E-05  5.1594E-06  7.1845E-06
 8.6877E+25  2.1077E-04  7.0151E+03  7.4643E-05  5.1381E-06  7.1845E-06
 8.6970E+25  2.1150E-04  7.0151E+03  7.4643E-05  5.1167E-06  7.1845E-06
 8.7062E+25  2.1225E-04  7.0151E+03  7.4643E-05  5.0953E-06  7.1845E-06
 8.7155E+25  2.1310E-04  7.0150E+03  7.4643E-05  5.0740E-06  7.1845E-06
 8.7248E+25  2.1409E-04  7.0150E+03  7.4643E-05  5.0537E-06  7.1845E-06
 8.7340E+25  2.1485E-04  7.0149E+03  7.4643E-05  5.0336E-06  7.1845E-06
 8.7433E+25  2.1557E-04  7.0149E+03  7.4643E-05  5.0135E-06  7.1845E-06
 8.7525E+25  2.1631E-04  7.0149E+03  7.4643E-05  4.9939E-06  7.1845E-06
 8.7618E+25  2.1706E-04  7.0148E+03  7.4643E-05  4.9753E-06  7.1845E-06
 8.7710E+25  2.1785E-04  7.0148E+03  7.4643E-05  4.9569E-06  7.1845E-06
 8.7803E+25  2.1882E-04  7.0148E+03  7.4643E-05  4.9381E-06  7.1845E-06
 8.7896E+25  2.1971E-04  7.0147E+03  7.4643E-05  4.9193E-06  7.1845E-06
 8.7988E+25  2.2045E-04  7.0147E+03  7.4643E-05  4.9005E-06  7.1845E-06
 8.8081E+25  2.2118E-04  7.0146E+03  7.4643E-05  4.8816E-06  7.1845E-06
 8.8173E+25  2.2193E-04  7.0146E+03  7.4643E-05  4.8629E-06  7.1845E-06
 8.8266E+25  2.2271E-04  7.0146E+03  7.4643E-05  4.8441E-06  7.1845E-06
 8.8358E+25  2.2357E-04  7.0145E+03  7.4643E-05  4.8253E-06  7.1845E-06
 8.8451E+25  2.2459E-04  7.0145E+03  7.4643E-05  4.8065E-06  7.1845E-06
 8.8544E+25  2.2536E-04  7.0144E+03  7.4643E-05  4.7877E-06  7.1845E-06
 8.8636E+25  2.2611E-04  7.0144E+03  7.4643E-05  4.7687E-06  7.1845E-06
 8.8729E+25  2.2685E-04  7.0144E+03  7.4643E-05  4.7497E-06  7.1845E-06
 8.8821E+25  2.2762E-04  7.0143E+03  7.4643E-05  4.7308E-06  7.1845E-06
 8.8914E+25  2.2844E-04  7.0143E+03  7.4643E-05  4.7118E-06  7.1845E-06
 8.9006E+25  2.2943E-04  7.0143E+03  7.4643E-05  4.6928E-06  7.1845E-06
 8.9099E+25  2.3032E-04  7.0142E+03  7.4643E-05  4.6738E-06  7.1845E-06
 8.9192E+25  2.3106E-04  7.0142E+03  7.4643E-05  4.6548E-06  7.1845E-06
 8.9284E+25  2.3182E-04  7.0141E+03  7.4643E-05  4.6358E-06  7.1845E-06
 8.9377E+25  2.3258E-04  7.0141E+03  7.4643E-05  4.6173E-06  7.1845E-06
 8.9469E+25  2.3337E-04  7.0140E+03  7.4643E-05  4.5994E-06  7.1845E-06
 8.9562E+25  2.3427E-04  7.0140E+03  7.4643E-05  4.5816E-06  7.1845E-06
 8.9654E+25  2.3532E-04  7.0140E+03  7.4643E-05  4.5638E-06  7.1845E-06
 8.9747E+25  2.3608E-04  7.0139E+03  7.4643E-05  4.5469E-06  7.1845E-06
 8.9840E+25  2.3681E-04  7.0139E+03  7.4643E-05  4.5305E-06  7.1845E-06
 8.9932E+25  2.3757E-04  7.0138E+03  7.4643E-05  4.5141E-06  7.1845E-06
 9.0025E+25  2.3836E-04  7.0138E+03  7.4643E-05  4.4974E-06  7.1845E-06
 9.0117E+25  2.3919E-04  7.0138E+03  7.4643E-05  4.4807E-06  7.1845E-06
 9.0210E+25  2.4019E-04  7.0137E+03  7.4643E-05  4.4639E-06  7.1845E-06
 9.0302E+25  2.4114E-04  7.0137E+03  7.4643E-05  4.4472E-06  7.1845E-06
 9.0395E+25  2.4187E-04  7.0136E+03  7.4643E-05  4.4306E-06  7.1845E-06
 9.0487E+25  2.4260E-04  7.0136E+03  7.4643E-05  4.4138E-06  7.1845E-06
 9.0580E+25  2.4336E-04  7.0136E+03  7.4643E-05  4.3972E-06  7.1845E-06
 9.0673E+25  2.4418E-04  7.0135E+03  7.4643E-05  4.3804E-06  7.1845E-06
 9.0765E+25  2.4507E-04  7.0135E+03  7.4643E-05  4.3637E-06  7.1845E-06
 9.0858E+25  2.4614E-04  7.0134E+03  7.4643E-05  4.3468E-06  7.1845E-06
 9.0950E+25  2.4695E-04  7.0134E+03  7.4643E-05  4.3299E-06  7.1845E-06
 9.1043E+25  2.4768E-04  7.0134E+03  7.4643E-05  4.3130E-06  7.1845E-06
 9.1135E+25  2.4842E-04  7.0133E+03  7.4643E-05  4.2961E-06  7.1845E-06
 9.1228E+25  2.4919E-04  7.0133E+03  7.4643E-05  4.2793E-06  7.1845E-06
 9.1321E+25  2.5002E-04  7.0132E+03  7.4643E-05  4.2623E-06  7.1845E-06
 9.1413E+25  2.5100E-04  7.0132E+03  7.4643E-05  4.2454E-06  7.1845E-06
 9.1506E+25  2.5204E-04  7.0132E+03  7.4643E-05  4.2285E-06  7.1845E-06
 9.1598E+25  2.5276E-04  7.0131E+03  7.4643E-05  4.2121E-06  7.1845E-06
 9.1691E+25  2.5350E-04  7.0131E+03  7.4643E-05  4.1962E-06  7.1845E-06
 9.1783E+25  2.5425E-04  7.0130E+03  7.4643E-05  4.1803E-06  7.1845E-06
 9.1876E+25  2.5504E-04  7.0130E+03  7.4643E-05  4.1644E-06  7.1845E-06
 9.1969E+25  2.5590E-04  7.0129E+03  7.4643E-05  4.1494E-06  7.1845E-06
 9.2061E+25  2.5696E-04  7.0129E+03  7.4643E-05  4.1349E-06  7.1845E-06
 9.2154E+25  2.5787E-04  7.0129E+03  7.4643E-05  4.1203E-06  7.1845E-06
 9.2246E+25  2.5858E-04  7.0128E+03  7.4643E-05  4.1053E-06  7.1845E-06
 9.2339E+25  2.5932E-04  7.0128E+03  7.4643E-05  4.0905E-06  7.1845E-06
 9.2431E+25  2.6008E-04  7.0127E+03  7.4643E-05  4.0757E-06  7.1845E-06
 9.2524E+25  2.6089E-04  7.0127E+03  7.4643E-05  4.0609E-06  7.1845E-06
