 4.6285E+22  3.2656E-11  1.1701E+04  7.4643E-05  1.0000E+00  7.1845E-06
 1.3886E+23  2.2854E-10  1.1705E+04  7.4643E-05  1.0000E+00  7.1845E-06
 2.3143E+23  6.1984E-10  1.1717E+04  7.4643E-05  1.0000E+00  7.1845E-06
 3.2400E+23  1.2050E-09  1.1744E+04  7.4643E-05  1.0000E+00  7.1845E-06
 4.1657E+23  1.9808E-09  1.1793E+04  7.4643E-05  1.0000E+00  7.1845E-06
 5.0914E+23  2.9410E-09  1.1871E+04  7.4643E-05  1.0000E+00  7.1845E-06
 6.0171E+23  4.0732E-09  1.1993E+04  7.4643E-05  1.0000E+00  7.1845E-06
 6.9428E+23  5.3650E-09  1.2168E+04  7.4643E-05  1.0000E+00  7.1845E-06
 7.8685E+23  6.7841E-09  1.2425E+04  7.4643E-05  1.0000E+00  7.1845E-06
 8.7942E+23  8.3002E-09  1.2782E+04  7.4643E-05  1.0000E+00  7.1845E-06
 9.7199E+23  9.8959E-09  1.3216E+04  7.4643E-05  1.0000E+00  7.1845E-06
 1.0646E+24  1.1592E-08  1.3652E+04  7.4643E-05  1.0000E+00  7.1845E-06
 1.1571E+24  1.3464E-08  1.3969E+04  7.4643E-05  1.0000E+00  7.1845E-06
 1.2497E+24  1.5573E-08  1.4139E+04  7.4643E-05  1.0000E+00  7.1845E-06
 1.3423E+24  1.7866E-08  1.4234E+04  7.4643E-05  1.0000E+00  7.1845E-06
 1.4348E+24  2.0313E-08  1.4334E+04  7.4643E-05  9.9999E-01  7.1845E-06
 1.5274E+24  2.2903E-08  1.4434E+04  7.4643E-05  9.9999E-01  7.1845E-06
 1.6200E+24  2.5641E-08  1.4527E+04  7.4643E-05  9.9999E-01  7.1845E-06
 1.7126E+24  2.8516E-08  1.4617E+04  7.4643E-05  9.9999E-01  7.1845E-06
 1.8051E+24  3.1564E-08  1.4699E+04  7.4643E-05  9.9999E-01  7.1845E-06
 1.8977E+24  3.4733E-08  1.4778E+04  7.4643E-05  9.9999E-01  7.1845E-06
 1.9903E+24  3.8073E-08  1.4855E+04  7.4643E-05  9.9999E-01  7.1845E-06
 2.0828E+24  4.1529E-08  1.4929E+04  7.4643E-05  9.9999E-01  7.1845E-06
 2.1754E+24  4.5144E-08  1.5001E+04  7.4643E-05  9.9999E-01  7.1845E-06
 2.2680E+24  4.8894E-08  1.5072E+04  7.4643E-05  9.9999E-01  7.1845E-06
 2.3605E+24  5.2803E-08  1.5140E+04  7.4643E-05  9.9999E-01  7.1845E-06
 2.4531E+24  5.6843E-08  1.5203E+04  7.4643E-05  9.9999E-01  7.1845E-06
 2.5457E+24  6.1019E-08  1.5268E+04  7.4643E-05  9.9998E-01  7.1845E-06
 2.6383E+24  6.5368E-08  1.5331E+04  7.4643E-05  9.9998E-01  7.1845E-06
 2.7308E+24  6.9800E-08  1.5390E+04  7.4643E-05  9.9998E-01  7.1845E-06
 2.8234E+24  7.4416E-08  1.5450E+04  7.4643E-05  9.9998E-01  7.1845E-06
 2.9160E+24  7.9126E-08  1.5506E+04  7.4643E-05  9.9998E-01  7.1845E-06
 3.0085E+24  8.4064E-08  1.5562E+04  7.4643E-05  9.9998E-01  7.1845E-06
 3.1011E+24  8.9092E-08  1.5618E+04  7.4643E-05  9.9998E-01  7.1845E-06
 3.1937E+24  9.4235E-08  1.5670E+04  7.4643E-05  9.9998E-01  7.1845E-06
 3.2862E+24  9.9498E-08  1.5722E+04  7.4643E-05  9.9997E-01  7.1845E-06
 3.3788E+24  1.0490E-07  1.5773E+04  7.4643E-05  9.9997E-01  7.1845E-06
 3.4714E+24  1.1046E-07  1.5823E+04  7.4643E-05  9.9997E-01  7.1845E-06
 3.5640E+24  1.1621E-07  1.5871E+04  7.4643E-05  9.9997E-01  7.1845E-06
 3.6565E+24  1.2217E-07  1.5917E+04  7.4643E-05  9.9997E-01  7.1845E-06
 3.7491E+24  1.2794E-07  1.5964E+04  7.4643E-05  9.9997E-01  7.1845E-06
 3.8417E+24  1.3420E-07  1.6010E+04  7.4643E-05  9.9997E-01  7.1845E-06
 3.9342E+24  1.4038E-07  1.6054E+04  7.4643E-05  9.9996E-01  7.1845E-06
 4.0268E+24  1.4689E-07  1.6098E+04  7.4643E-05  9.9996E-01  7.1845E-06
 4.1194E+24  1.5320E-07  1.6140E+04  7.4643E-05  9.9996E-01  7.1845E-06
 4.2120E+24  1.6006E-07  1.6182E+04  7.4643E-05  9.9996E-01  7.1845E-06
 4.3045E+24  1.6688E-07  1.6223E+04  7.4643E-05  9.9996E-01  7.1845E-06
 4.3971E+24  1.7356E-07  1.6263E+04  7.4643E-05  9.9996E-01  7.1845E-06
 4.4897E+24  1.8072E-07  1.6302E+04  7.4643E-05  9.9995E-01  7.1845E-06
 4.5822E+24  1.8797E-07  1.6341E+04  7.4643E-05  9.9995E-01  7.1845E-06
 4.6748E+24  1.9532E-07  1.6380E+04  7.4643E-05  9.9995E-01  7.1845E-06
 4.7674E+24  2.0279E-07  1.6416E+04  7.4643E-05  9.9995E-01  7.1845E-06
 4.8599E+24  2.1036E-07  1.6453E+04  7.4643E-05  9.9995E-01  7.1845E-06
 4.9525E+24  2.1807E-07  1.6489E+04  7.4643E-05  9.9994E-01  7.1845E-06
 5.0451E+24  2.2592E-07  1.6524E+04  7.4643E-05  9.9994E-01  7.1845E-06
 5.1377E+24  2.3393E-07  1.6559E+04  7.4643E-05  9.9994E-01  7.1845E-06
 5.2302E+24  2.4210E-07  1.6593E+04  7.4643E-05  9.9994E-01  7.1845E-06
 5.3228E+24  2.5046E-07  1.6627E+04  7.4643E-05  9.9994E-01  7.1845E-06
 5.4154E+24  2.5902E-07  1.6660E+04  7.4643E-05  9.9993E-01  7.1845E-06
 5.5079E+24  2.6704E-07  1.6693E+04  7.4643E-05  9.9993E-01  7.1845E-06
 5.6005E+24  2.7574E-07  1.6724E+04  7.4643E-05  9.9993E-01  7.1845E-06
 5.6931E+24  2.8484E-07  1.6756E+04  7.4643E-05  9.9993E-01  7.1845E-06
 5.7856E+24  2.9400E-07  1.6787E+04  7.4643E-05  9.9992E-01  7.1845E-06
 5.8782E+24  3.0225E-07  1.6818E+04  7.4643E-05  9.9992E-01  7.1845E-06
 5.9708E+24  3.1202E-07  1.6848E+04  7.4643E-05  9.9992E-01  7.1845E-06
 6.0634E+24  3.2138E-07  1.6877E+04  7.4643E-05  9.9992E-01  7.1845E-06
 6.1559E+24  3.3033E-07  1.6906E+04  7.4643E-05  9.9991E-01  7.1845E-06
 6.2485E+24  3.4095E-07  1.6935E+04  7.4643E-05  9.9991E-01  7.1845E-06
 6.3411E+24  3.4924E-07  1.6963E+04  7.4643E-05  9.9991E-01  7.1845E-06
 6.4336E+24  3.6041E-07  1.6991E+04  7.4643E-05  9.9991E-01  7.1845E-06
 6.5262E+24  3.6916E-07  1.7019E+04  7.4643E-05  9.9990E-01  7.1845E-06
 6.6188E+24  3.8063E-07  1.7046E+04  7.4643E-05  9.9990E-01  7.1845E-06
 6.7113E+24  3.8935E-07  1.7072E+04  7.4643E-05  9.9990E-01  7.1845E-06
 6.8039E+24  4.0113E-07  1.7099E+04  7.4643E-05  9.9990E-01  7.1845E-06
 6.8965E+24  4.1041E-07  1.7125E+04  7.4643E-05  9.9989E-01  7.1845E-06
 6.9891E+24  4.2169E-07  1.7151E+04  7.4643E-05  9.9989E-01  7.1845E-06
 7.0816E+24  4.3278E-07  1.7176E+04  7.4643E-05  9.9989E-01  7.1845E-06
 7.1742E+24  4.4257E-07  1.7201E+04  7.4643E-05  9.9989E-01  7.1845E-06
 7.2668E+24  4.5467E-07  1.7226E+04  7.4643E-05  9.9988E-01  7.1845E-06
 7.3593E+24  4.6555E-07  1.7250E+04  7.4643E-05  9.9988E-01  7.1845E-06
 7.4519E+24  4.7603E-07  1.7275E+04  7.4643E-05  9.9988E-01  7.1845E-06
 7.5445E+24  4.8832E-07  1.7299E+04  7.4643E-05  9.9987E-01  7.1845E-06
 7.6371E+24  5.0046E-07  1.7322E+04  7.4643E-05  9.9987E-01  7.1845E-06
 7.7296E+24  5.1028E-07  1.7346E+04  7.4643E-05  9.9987E-01  7.1845E-06
 7.8222E+24  5.2274E-07  1.7369E+04  7.4643E-05  9.9986E-01  7.1845E-06
 7.9148E+24  5.3531E-07  1.7392E+04  7.4643E-05  9.9986E-01  7.1845E-06
 8.0073E+24  5.4795E-07  1.7414E+04  7.4643E-05  9.9986E-01  7.1845E-06
 8.0999E+24  5.5832E-07  1.7437E+04  7.4643E-05  9.9986E-01  7.1845E-06
 8.1925E+24  5.7089E-07  1.7459E+04  7.4643E-05  9.9985E-01  7.1845E-06
 8.2850E+24  5.8375E-07  1.7481E+04  7.4643E-05  9.9985E-01  7.1845E-06
 8.3776E+24  5.9669E-07  1.7502E+04  7.4643E-05  9.9985E-01  7.1845E-06
 8.4702E+24  6.0972E-07  1.7524E+04  7.4643E-05  9.9984E-01  7.1845E-06
 8.5628E+24  6.2255E-07  1.7545E+04  7.4643E-05  9.9984E-01  7.1845E-06
 8.6553E+24  6.3406E-07  1.7566E+04  7.4643E-05  9.9984E-01  7.1845E-06
 8.7479E+24  6.4733E-07  1.7587E+04  7.4643E-05  9.9983E-01  7.1845E-06
 8.8405E+24  6.6072E-07  1.7607E+04  7.4643E-05  9.9983E-01  7.1845E-06
 8.9330E+24  6.7421E-07  1.7628E+04  7.4643E-05  9.9982E-01  7.1845E-06
 9.0256E+24  6.8777E-07  1.7648E+04  7.4643E-05  9.9982E-01  7.1845E-06
 9.1182E+24  7.0143E-07  1.7668E+04  7.4643E-05  9.9982E-01  7.1845E-06
 9.2107E+24  7.1519E-07  1.7687E+04  7.4643E-05  9.9981E-01  7.1845E-06
 9.3033E+24  7.2904E-07  1.7707E+04  7.4643E-05  9.9981E-01  7.1845E-06
 9.3959E+24  7.4299E-07  1.7726E+04  7.4643E-05  9.9981E-01  7.1845E-06
 9.4885E+24  7.5704E-07  1.7746E+04  7.4643E-05  9.9980E-01  7.1845E-06
 9.5810E+24  7.7120E-07  1.7765E+04  7.4643E-05  9.9980E-01  7.1845E-06
 9.6736E+24  7.8547E-07  1.7784E+04  7.4643E-05  9.9980E-01  7.1845E-06
 9.7662E+24  7.9986E-07  1.7802E+04  7.4643E-05  9.9979E-01  7.1845E-06
 9.8587E+24  8.1437E-07  1.7821E+04  7.4643E-05  9.9979E-01  7.1845E-06
 9.9513E+24  8.2901E-07  1.7839E+04  7.4643E-05  9.9978E-01  7.1845E-06
 1.0044E+25  8.4378E-07  1.7857E+04  7.4643E-05  9.9978E-01  7.1845E-06
 1.0136E+25  8.5869E-07  1.7875E+04  7.4643E-05  9.9978E-01  7.1845E-06
 1.0229E+25  8.7375E-07  1.7893E+04  7.4643E-05  9.9977E-01  7.1845E-06
 1.0322E+25  8.8896E-07  1.7911E+04  7.4643E-05  9.9977E-01  7.1845E-06
 1.0414E+25  9.0434E-07  1.7928E+04  7.4643E-05  9.9976E-01  7.1845E-06
 1.0507E+25  9.1989E-07  1.7946E+04  7.4643E-05  9.9976E-01  7.1845E-06
 1.0599E+25  9.3561E-07  1.7963E+04  7.4643E-05  9.9976E-01  7.1845E-06
 1.0692E+25  9.5154E-07  1.7980E+04  7.4643E-05  9.9975E-01  7.1845E-06
 1.0784E+25  9.6766E-07  1.7997E+04  7.4643E-05  9.9975E-01  7.1845E-06
 1.0877E+25  9.8398E-07  1.8014E+04  7.4643E-05  9.9974E-01  7.1845E-06
 1.0970E+25  1.0005E-06  1.8031E+04  7.4643E-05  9.9974E-01  7.1845E-06
 1.1062E+25  1.0141E-06  1.8047E+04  7.4643E-05  9.9973E-01  7.1845E-06
 1.1155E+25  1.0303E-06  1.8064E+04  7.4643E-05  9.9972E-01  7.1845E-06
 1.1247E+25  1.0472E-06  1.8080E+04  7.4643E-05  9.9971E-01  7.1845E-06
 1.1340E+25  1.0643E-06  1.8096E+04  7.4643E-05  9.9969E-01  7.1845E-06
 1.1432E+25  1.0816E-06  1.8112E+04  7.4643E-05  9.9966E-01  7.1845E-06
 1.1525E+25  1.0993E-06  1.8128E+04  7.4643E-05  9.9960E-01  7.1845E-06
 1.1618E+25  1.1172E-06  1.8143E+04  7.4643E-05  9.9950E-01  7.1845E-06
 1.1710E+25  1.1309E-06  1.8158E+04  7.4643E-05  9.9933E-01  7.1845E-06
 1.1803E+25  1.1475E-06  1.8173E+04  7.4643E-05  9.9901E-01  7.1845E-06
 1.1895E+25  1.1660E-06  1.8186E+04  7.4643E-05  9.9847E-01  7.1845E-06
 1.1988E+25  1.1848E-06  1.8197E+04  7.4643E-05  9.9752E-01  7.1845E-06
 1.2080E+25  1.2040E-06  1.8206E+04  7.4643E-05  9.9589E-01  7.1845E-06
 1.2173E+25  1.2215E-06  1.8209E+04  7.4643E-05  9.9310E-01  7.1845E-06
 1.2266E+25  1.2355E-06  1.8204E+04  7.4643E-05  9.8841E-01  7.1845E-06
 1.2358E+25  1.2560E-06  1.8187E+04  7.4643E-05  9.8062E-01  7.1845E-06
 1.2451E+25  1.2775E-06  1.8148E+04  7.4643E-05  9.6795E-01  7.1845E-06
 1.2543E+25  1.3004E-06  1.8076E+04  7.4643E-05  9.4786E-01  7.1845E-06
 1.2636E+25  1.3202E-06  1.7956E+04  7.4643E-05  9.1707E-01  7.1845E-06
 1.2728E+25  1.3429E-06  1.7767E+04  7.4643E-05  8.7213E-01  7.1845E-06
 1.2821E+25  1.3741E-06  1.7489E+04  7.4643E-05  8.1059E-01  7.1845E-06
 1.2914E+25  1.4106E-06  1.7110E+04  7.4643E-05  7.3298E-01  7.1845E-06
 1.3006E+25  1.4533E-06  1.6630E+04  7.4643E-05  6.4404E-01  7.1845E-06
 1.3099E+25  1.4927E-06  1.6072E+04  7.4643E-05  5.5191E-01  7.1845E-06
 1.3191E+25  1.5483E-06  1.5469E+04  7.4643E-05  4.6506E-01  7.1845E-06
 1.3284E+25  1.6090E-06  1.4860E+04  7.4643E-05  3.8923E-01  7.1845E-06
 1.3376E+25  1.6731E-06  1.4275E+04  7.4643E-05  3.2646E-01  7.1845E-06
 1.3469E+25  1.7390E-06  1.3730E+04  7.4643E-05  2.7602E-01  7.1845E-06
 1.3562E+25  1.8023E-06  1.3234E+04  7.4643E-05  2.3594E-01  7.1845E-06
 1.3654E+25  1.8646E-06  1.2787E+04  7.4643E-05  2.0404E-01  7.1845E-06
 1.3747E+25  1.9309E-06  1.2386E+04  7.4643E-05  1.7842E-01  7.1845E-06
 1.3839E+25  1.9964E-06  1.2027E+04  7.4643E-05  1.5759E-01  7.1845E-06
 1.3932E+25  2.0609E-06  1.1704E+04  7.4643E-05  1.4042E-01  7.1845E-06
 1.4024E+25  2.1245E-06  1.1414E+04  7.4643E-05  1.2609E-01  7.1845E-06
 1.4117E+25  2.1872E-06  1.1152E+04  7.4643E-05  1.1398E-01  7.1845E-06
 1.4210E+25  2.2491E-06  1.0914E+04  7.4643E-05  1.0364E-01  7.1845E-06
 1.4302E+25  2.3103E-06  1.0698E+04  7.4643E-05  9.4721E-02  7.1845E-06
 1.4395E+25  2.3647E-06  1.0501E+04  7.4643E-05  8.6967E-02  7.1845E-06
 1.4487E+25  2.4233E-06  1.0320E+04  7.4643E-05  8.0171E-02  7.1845E-06
 1.4580E+25  2.4822E-06  1.0154E+04  7.4643E-05  7.4175E-02  7.1845E-06
 1.4672E+25  2.5406E-06  1.0001E+04  7.4643E-05  6.8852E-02  7.1845E-06
 1.4765E+25  2.5987E-06  9.8594E+03  7.4643E-05  6.4100E-02  7.1845E-06
 1.4858E+25  2.6563E-06  9.7284E+03  7.4643E-05  5.9836E-02  7.1845E-06
 1.4950E+25  2.7138E-06  9.6067E+03  7.4643E-05  5.5993E-02  7.1845E-06
 1.5043E+25  2.7709E-06  9.4934E+03  7.4643E-05  5.2515E-02  7.1845E-06
 1.5135E+25  2.8281E-06  9.3878E+03  7.4643E-05  4.9355E-02  7.1845E-06
 1.5228E+25  2.8780E-06  9.2890E+03  7.4643E-05  4.6475E-02  7.1845E-06
 1.5320E+25  2.9307E-06  9.1965E+03  7.4643E-05  4.3840E-02  7.1845E-06
 1.5413E+25  2.9869E-06  9.1097E+03  7.4643E-05  4.1423E-02  7.1845E-06
 1.5506E+25  3.0431E-06  9.0282E+03  7.4643E-05  3.9200E-02  7.1845E-06
 1.5598E+25  3.0994E-06  8.9514E+03  7.4643E-05  3.7150E-02  7.1845E-06
 1.5691E+25  3.1559E-06  8.8790E+03  7.4643E-05  3.5254E-02  7.1845E-06
 1.5783E+25  3.2126E-06  8.8107E+03  7.4643E-05  3.3497E-02  7.1845E-06
 1.5876E+25  3.2607E-06  8.7462E+03  7.4643E-05  3.1867E-02  7.1845E-06
 1.5968E+25  3.3101E-06  8.6851E+03  7.4643E-05  3.0350E-02  7.1845E-06
 1.6061E+25  3.3667E-06  8.6273E+03  7.4643E-05  2.8936E-02  7.1845E-06
 1.6154E+25  3.4236E-06  8.5724E+03  7.4643E-05  2.7615E-02  7.1845E-06
 1.6246E+25  3.4811E-06  8.5203E+03  7.4643E-05  2.6381E-02  7.1845E-06
 1.6339E+25  3.5391E-06  8.4707E+03  7.4643E-05  2.5224E-02  7.1845E-06
 1.6431E+25  3.5784E-06  8.4236E+03  7.4643E-05  2.4139E-02  7.1845E-06
 1.6524E+25  3.6334E-06  8.3787E+03  7.4643E-05  2.3120E-02  7.1845E-06
 1.6616E+25  3.6919E-06  8.3359E+03  7.4643E-05  2.2161E-02  7.1845E-06
 1.6709E+25  3.7512E-06  8.2951E+03  7.4643E-05  2.1259E-02  7.1845E-06
 1.6802E+25  3.8100E-06  8.2562E+03  7.4643E-05  2.0407E-02  7.1845E-06
 1.6894E+25  3.8443E-06  8.2190E+03  7.4643E-05  1.9603E-02  7.1845E-06
 1.6987E+25  3.9038E-06  8.1834E+03  7.4643E-05  1.8844E-02  7.1845E-06
 1.7079E+25  3.9648E-06  8.1493E+03  7.4643E-05  1.8125E-02  7.1845E-06
 1.7172E+25  4.0269E-06  8.1167E+03  7.4643E-05  1.7445E-02  7.1845E-06
 1.7264E+25  4.0651E-06  8.0855E+03  7.4643E-05  1.6800E-02  7.1845E-06
 1.7357E+25  4.1184E-06  8.0555E+03  7.4643E-05  1.6187E-02  7.1845E-06
 1.7450E+25  4.1819E-06  8.0268E+03  7.4643E-05  1.5606E-02  7.1845E-06
 1.7542E+25  4.2466E-06  7.9992E+03  7.4643E-05  1.5054E-02  7.1845E-06
 1.7635E+25  4.2794E-06  7.9727E+03  7.4643E-05  1.4528E-02  7.1845E-06
 1.7727E+25  4.3375E-06  7.9473E+03  7.4643E-05  1.4028E-02  7.1845E-06
 1.7820E+25  4.4042E-06  7.9228E+03  7.4643E-05  1.3551E-02  7.1845E-06
 1.7912E+25  4.4627E-06  7.8992E+03  7.4643E-05  1.3097E-02  7.1845E-06
 1.8005E+25  4.4946E-06  7.8766E+03  7.4643E-05  1.2663E-02  7.1845E-06
 1.8097E+25  4.5635E-06  7.8547E+03  7.4643E-05  1.2249E-02  7.1845E-06
 1.8190E+25  4.6342E-06  7.8337E+03  7.4643E-05  1.1853E-02  7.1845E-06
 1.8283E+25  4.6633E-06  7.8134E+03  7.4643E-05  1.1476E-02  7.1845E-06
 1.8375E+25  4.7252E-06  7.7939E+03  7.4643E-05  1.1114E-02  7.1845E-06
 1.8468E+25  4.7984E-06  7.7750E+03  7.4643E-05  1.0767E-02  7.1845E-06
 1.8560E+25  4.8376E-06  7.7568E+03  7.4643E-05  1.0436E-02  7.1845E-06
 1.8653E+25  4.8899E-06  7.7393E+03  7.4643E-05  1.0118E-02  7.1845E-06
 1.8745E+25  4.9665E-06  7.7223E+03  7.4643E-05  9.8137E-03  7.1845E-06
 1.8838E+25  5.0091E-06  7.7059E+03  7.4643E-05  9.5218E-03  7.1845E-06
 1.8931E+25  5.0585E-06  7.6900E+03  7.4643E-05  9.2411E-03  7.1845E-06
 1.9023E+25  5.1382E-06  7.6747E+03  7.4643E-05  8.9722E-03  7.1845E-06
 1.9116E+25  5.1763E-06  7.6599E+03  7.4643E-05  8.7133E-03  7.1845E-06
 1.9208E+25  5.2317E-06  7.6455E+03  7.4643E-05  8.4647E-03  7.1845E-06
 1.9301E+25  5.3152E-06  7.6317E+03  7.4643E-05  8.2258E-03  7.1845E-06
 1.9393E+25  5.3389E-06  7.6182E+03  7.4643E-05  7.9956E-03  7.1845E-06
 1.9486E+25  5.4099E-06  7.6052E+03  7.4643E-05  7.7746E-03  7.1845E-06
 1.9579E+25  5.4914E-06  7.5925E+03  7.4643E-05  7.5611E-03  7.1845E-06
 1.9671E+25  5.5043E-06  7.5803E+03  7.4643E-05  7.3563E-03  7.1845E-06
 1.9764E+25  5.5942E-06  7.5685E+03  7.4643E-05  7.1580E-03  7.1845E-06
 1.9856E+25  5.6486E-06  7.5570E+03  7.4643E-05  6.9678E-03  7.1845E-06
 1.9949E+25  5.6908E-06  7.5458E+03  7.4643E-05  6.7835E-03  7.1845E-06
 2.0041E+25  5.7856E-06  7.5350E+03  7.4643E-05  6.6066E-03  7.1845E-06
 2.0134E+25  5.8008E-06  7.5245E+03  7.4643E-05  6.4350E-03  7.1845E-06
 2.0227E+25  5.8850E-06  7.5143E+03  7.4643E-05  6.2702E-03  7.1845E-06
 2.0319E+25  5.9491E-06  7.5044E+03  7.4643E-05  6.1101E-03  7.1845E-06
 2.0412E+25  5.9844E-06  7.4947E+03  7.4643E-05  5.9564E-03  7.1845E-06
 2.0504E+25  6.0877E-06  7.4854E+03  7.4643E-05  5.8069E-03  7.1845E-06
 2.0597E+25  6.0946E-06  7.4763E+03  7.4643E-05  5.6634E-03  7.1845E-06
 2.0689E+25  6.1904E-06  7.4675E+03  7.4643E-05  5.5237E-03  7.1845E-06
 2.0782E+25  6.2411E-06  7.4589E+03  7.4643E-05  5.3893E-03  7.1845E-06
 2.0875E+25  6.2937E-06  7.4505E+03  7.4643E-05  5.2588E-03  7.1845E-06
 2.0967E+25  6.3869E-06  7.4424E+03  7.4643E-05  5.1326E-03  7.1845E-06
 2.1060E+25  6.3985E-06  7.4345E+03  7.4643E-05  5.0106E-03  7.1845E-06
 2.1152E+25  6.5139E-06  7.4268E+03  7.4643E-05  4.8920E-03  7.1845E-06
 2.1245E+25  6.5225E-06  7.4193E+03  7.4643E-05  4.7778E-03  7.1845E-06
 2.1337E+25  6.6229E-06  7.4120E+03  7.4643E-05  4.6664E-03  7.1845E-06
 2.1430E+25  6.6651E-06  7.4049E+03  7.4643E-05  4.5591E-03  7.1845E-06
 2.1523E+25  6.7335E-06  7.3980E+03  7.4643E-05  4.4546E-03  7.1845E-06
 2.1615E+25  6.8075E-06  7.3913E+03  7.4643E-05  4.3534E-03  7.1845E-06
 2.1708E+25  6.8453E-06  7.3847E+03  7.4643E-05  4.2555E-03  7.1845E-06
 2.1800E+25  6.9491E-06  7.3783E+03  7.4643E-05  4.1599E-03  7.1845E-06
 2.1893E+25  6.9585E-06  7.3721E+03  7.4643E-05  4.0679E-03  7.1845E-06
 2.1985E+25  7.0891E-06  7.3660E+03  7.4643E-05  3.9780E-03  7.1845E-06
 2.2078E+25  7.0752E-06  7.3600E+03  7.4643E-05  3.8909E-03  7.1845E-06
 2.2171E+25  7.2125E-06  7.3543E+03  7.4643E-05  3.8066E-03  7.1845E-06
 2.2263E+25  7.2093E-06  7.3486E+03  7.4643E-05  3.7241E-03  7.1845E-06
 2.2356E+25  7.3342E-06  7.3431E+03  7.4643E-05  3.6446E-03  7.1845E-06
 2.2448E+25  7.3464E-06  7.3377E+03  7.4643E-05  3.5670E-03  7.1845E-06
 2.2541E+25  7.4580E-06  7.3325E+03  7.4643E-05  3.4914E-03  7.1845E-06
 2.2633E+25  7.4828E-06  7.3274E+03  7.4643E-05  3.4184E-03  7.1845E-06
 2.2726E+25  7.5847E-06  7.3224E+03  7.4643E-05  3.3470E-03  7.1845E-06
 2.2819E+25  7.6181E-06  7.3175E+03  7.4643E-05  3.2776E-03  7.1845E-06
 2.2911E+25  7.7140E-06  7.3127E+03  7.4643E-05  3.2105E-03  7.1845E-06
 2.3004E+25  7.7525E-06  7.3081E+03  7.4643E-05  3.1447E-03  7.1845E-06
 2.3096E+25  7.8460E-06  7.3035E+03  7.4643E-05  3.0808E-03  7.1845E-06
 2.3189E+25  7.8860E-06  7.2991E+03  7.4643E-05  3.0189E-03  7.1845E-06
 2.3281E+25  7.9810E-06  7.2947E+03  7.4643E-05  2.9582E-03  7.1845E-06
 2.3374E+25  8.0180E-06  7.2905E+03  7.4643E-05  2.8993E-03  7.1845E-06
 2.3467E+25  8.1195E-06  7.2864E+03  7.4643E-05  2.8422E-03  7.1845E-06
 2.3559E+25  8.1491E-06  7.2823E+03  7.4643E-05  2.7861E-03  7.1845E-06
 2.3652E+25  8.2614E-06  7.2783E+03  7.4643E-05  2.7316E-03  7.1845E-06
 2.3744E+25  8.2791E-06  7.2745E+03  7.4643E-05  2.6788E-03  7.1845E-06
 2.3837E+25  8.4070E-06  7.2707E+03  7.4643E-05  2.6269E-03  7.1845E-06
 2.3929E+25  8.4079E-06  7.2670E+03  7.4643E-05  2.5765E-03  7.1845E-06
 2.4022E+25  8.5564E-06  7.2633E+03  7.4643E-05  2.5277E-03  7.1845E-06
 2.4115E+25  8.5354E-06  7.2598E+03  7.4643E-05  2.4796E-03  7.1845E-06
 2.4207E+25  8.7043E-06  7.2563E+03  7.4643E-05  2.4327E-03  7.1845E-06
 2.4300E+25  8.6672E-06  7.2529E+03  7.4643E-05  2.3875E-03  7.1845E-06
 2.4392E+25  8.8327E-06  7.2496E+03  7.4643E-05  2.3429E-03  7.1845E-06
 2.4485E+25  8.8216E-06  7.2463E+03  7.4643E-05  2.2994E-03  7.1845E-06
 2.4577E+25  8.9582E-06  7.2431E+03  7.4643E-05  2.2573E-03  7.1845E-06
 2.4670E+25  8.9819E-06  7.2400E+03  7.4643E-05  2.2161E-03  7.1845E-06
 2.4763E+25  9.0823E-06  7.2369E+03  7.4643E-05  2.1755E-03  7.1845E-06
 2.4855E+25  9.1471E-06  7.2340E+03  7.4643E-05  2.1362E-03  7.1845E-06
 2.4948E+25  9.2051E-06  7.2310E+03  7.4643E-05  2.0980E-03  7.1845E-06
 2.5040E+25  9.3173E-06  7.2281E+03  7.4643E-05  2.0603E-03  7.1845E-06
 2.5133E+25  9.3265E-06  7.2253E+03  7.4643E-05  2.0236E-03  7.1845E-06
 2.5225E+25  9.4927E-06  7.2226E+03  7.4643E-05  1.9880E-03  7.1845E-06
 2.5318E+25  9.4463E-06  7.2199E+03  7.4643E-05  1.9531E-03  7.1845E-06
 2.5411E+25  9.6237E-06  7.2172E+03  7.4643E-05  1.9187E-03  7.1845E-06
 2.5503E+25  9.6143E-06  7.2146E+03  7.4643E-05  1.8853E-03  7.1845E-06
 2.5596E+25  9.7423E-06  7.2121E+03  7.4643E-05  1.8529E-03  7.1845E-06
 2.5688E+25  9.7992E-06  7.2096E+03  7.4643E-05  1.8209E-03  7.1845E-06
 2.5781E+25  9.8595E-06  7.2071E+03  7.4643E-05  1.7895E-03  7.1845E-06
 2.5873E+25  9.9899E-06  7.2047E+03  7.4643E-05  1.7593E-03  7.1845E-06
 2.5966E+25  9.9752E-06  7.2024E+03  7.4643E-05  1.7296E-03  7.1845E-06
 2.6059E+25  1.0157E-05  7.2001E+03  7.4643E-05  1.7002E-03  7.1845E-06
 2.6151E+25  1.0119E-05  7.1978E+03  7.4643E-05  1.6716E-03  7.1845E-06
 2.6244E+25  1.0272E-05  7.1956E+03  7.4643E-05  1.6440E-03  7.1845E-06
 2.6336E+25  1.0321E-05  7.1934E+03  7.4643E-05  1.6167E-03  7.1845E-06
 2.6429E+25  1.0384E-05  7.1912E+03  7.4643E-05  1.5898E-03  7.1845E-06
 2.6521E+25  1.0529E-05  7.1892E+03  7.4643E-05  1.5637E-03  7.1845E-06
 2.6614E+25  1.0495E-05  7.1871E+03  7.4643E-05  1.5383E-03  7.1845E-06
 2.6707E+25  1.0681E-05  7.1851E+03  7.4643E-05  1.5133E-03  7.1845E-06
 2.6799E+25  1.0669E-05  7.1831E+03  7.4643E-05  1.4886E-03  7.1845E-06
 2.6892E+25  1.0791E-05  7.1811E+03  7.4643E-05  1.4647E-03  7.1845E-06
 2.6984E+25  1.0890E-05  7.1792E+03  7.4643E-05  1.4414E-03  7.1845E-06
 2.7077E+25  1.0899E-05  7.1774E+03  7.4643E-05  1.4184E-03  7.1845E-06
 2.7169E+25  1.1087E-05  7.1755E+03  7.4643E-05  1.3957E-03  7.1845E-06
 2.7262E+25  1.1036E-05  7.1737E+03  7.4643E-05  1.3736E-03  7.1845E-06
 2.7355E+25  1.1194E-05  7.1719E+03  7.4643E-05  1.3522E-03  7.1845E-06
 2.7447E+25  1.1271E-05  7.1702E+03  7.4643E-05  1.3311E-03  7.1845E-06
 2.7540E+25  1.1299E-05  7.1685E+03  7.4643E-05  1.3102E-03  7.1845E-06
 2.7632E+25  1.1489E-05  7.1668E+03  7.4643E-05  1.2899E-03  7.1845E-06
 2.7725E+25  1.1426E-05  7.1651E+03  7.4643E-05  1.2701E-03  7.1845E-06
 2.7817E+25  1.1593E-05  7.1635E+03  7.4643E-05  1.2507E-03  7.1845E-06
 2.7910E+25  1.1676E-05  7.1619E+03  7.4643E-05  1.2315E-03  7.1845E-06
 2.8003E+25  1.1695E-05  7.1603E+03  7.4643E-05  1.2126E-03  7.1845E-06
 2.8095E+25  1.1887E-05  7.1588E+03  7.4643E-05  1.1944E-03  7.1845E-06
 2.8188E+25  1.1841E-05  7.1573E+03  7.4643E-05  1.1765E-03  7.1845E-06
 2.8280E+25  1.1987E-05  7.1558E+03  7.4643E-05  1.1588E-03  7.1845E-06
 2.8373E+25  1.2107E-05  7.1543E+03  7.4643E-05  1.1413E-03  7.1845E-06
 2.8465E+25  1.2086E-05  7.1529E+03  7.4643E-05  1.1244E-03  7.1845E-06
 2.8558E+25  1.2281E-05  7.1515E+03  7.4643E-05  1.1079E-03  7.1845E-06
 2.8651E+25  1.2283E-05  7.1501E+03  7.4643E-05  1.0916E-03  7.1845E-06
 2.8743E+25  1.2377E-05  7.1487E+03  7.4643E-05  1.0755E-03  7.1845E-06
 2.8836E+25  1.2566E-05  7.1473E+03  7.4643E-05  1.0597E-03  7.1845E-06
 2.8928E+25  1.2473E-05  7.1460E+03  7.4643E-05  1.0443E-03  7.1845E-06
 2.9021E+25  1.2670E-05  7.1447E+03  7.4643E-05  1.0293E-03  7.1845E-06
 2.9113E+25  1.2754E-05  7.1434E+03  7.4643E-05  1.0145E-03  7.1845E-06
 2.9206E+25  1.2763E-05  7.1422E+03  7.4643E-05  9.9978E-04  7.1845E-06
 2.9299E+25  1.2963E-05  7.1409E+03  7.4643E-05  9.8545E-04  7.1845E-06
 2.9391E+25  1.2948E-05  7.1397E+03  7.4643E-05  9.7157E-04  7.1845E-06
 2.9484E+25  1.3053E-05  7.1385E+03  7.4643E-05  9.5786E-04  7.1845E-06
 2.9576E+25  1.3253E-05  7.1373E+03  7.4643E-05  9.4428E-04  7.1845E-06
 2.9669E+25  1.3150E-05  7.1362E+03  7.4643E-05  9.3089E-04  7.1845E-06
 2.9761E+25  1.3344E-05  7.1350E+03  7.4643E-05  9.1787E-04  7.1845E-06
 2.9854E+25  1.3467E-05  7.1339E+03  7.4643E-05  9.0522E-04  7.1845E-06
 2.9947E+25  1.3431E-05  7.1328E+03  7.4643E-05  8.9270E-04  7.1845E-06
 3.0039E+25  1.3636E-05  7.1317E+03  7.4643E-05  8.8029E-04  7.1845E-06
 3.0132E+25  1.3682E-05  7.1306E+03  7.4643E-05  8.6806E-04  7.1845E-06
 3.0224E+25  1.3720E-05  7.1296E+03  7.4643E-05  8.5618E-04  7.1845E-06
 3.0317E+25  1.3927E-05  7.1286E+03  7.4643E-05  8.4462E-04  7.1845E-06
 3.0409E+25  1.3902E-05  7.1275E+03  7.4643E-05  8.3317E-04  7.1845E-06
 3.0502E+25  1.4009E-05  7.1265E+03  7.4643E-05  8.2183E-04  7.1845E-06
 3.0594E+25  1.4218E-05  7.1255E+03  7.4643E-05  8.1064E-04  7.1845E-06
 3.0687E+25  1.4128E-05  7.1245E+03  7.4643E-05  7.9976E-04  7.1845E-06
 3.0780E+25  1.4298E-05  7.1236E+03  7.4643E-05  7.8917E-04  7.1845E-06
 3.0872E+25  1.4494E-05  7.1226E+03  7.4643E-05  7.7871E-04  7.1845E-06
 3.0965E+25  1.4377E-05  7.1217E+03  7.4643E-05  7.6832E-04  7.1845E-06
 3.1057E+25  1.4587E-05  7.1208E+03  7.4643E-05  7.5805E-04  7.1845E-06
 3.1150E+25  1.4740E-05  7.1199E+03  7.4643E-05  7.4806E-04  7.1845E-06
 3.1242E+25  1.4664E-05  7.1190E+03  7.4643E-05  7.3833E-04  7.1845E-06
 3.1335E+25  1.4875E-05  7.1181E+03  7.4643E-05  7.2876E-04  7.1845E-06
 3.1428E+25  1.4994E-05  7.1173E+03  7.4643E-05  7.1926E-04  7.1845E-06
 3.1520E+25  1.4949E-05  7.1164E+03  7.4643E-05  7.0984E-04  7.1845E-06
 3.1613E+25  1.5164E-05  7.1156E+03  7.4643E-05  7.0061E-04  7.1845E-06
 3.1705E+25  1.5256E-05  7.1147E+03  7.4643E-05  6.9164E-04  7.1845E-06
 3.1798E+25  1.5235E-05  7.1139E+03  7.4643E-05  6.8289E-04  7.1845E-06
 3.1890E+25  1.5451E-05  7.1131E+03  7.4643E-05  6.7417E-04  7.1845E-06
 3.1983E+25  1.5528E-05  7.1123E+03  7.4643E-05  6.6554E-04  7.1845E-06
 3.2076E+25  1.5520E-05  7.1115E+03  7.4643E-05  6.5701E-04  7.1845E-06
 3.2168E+25  1.5738E-05  7.1108E+03  7.4643E-05  6.4872E-04  7.1845E-06
 3.2261E+25  1.5808E-05  7.1100E+03  7.4643E-05  6.4064E-04  7.1845E-06
 3.2353E+25  1.5805E-05  7.1093E+03  7.4643E-05  6.3268E-04  7.1845E-06
 3.2446E+25  1.6025E-05  7.1085E+03  7.4643E-05  6.2475E-04  7.1845E-06
 3.2538E+25  1.6099E-05  7.1078E+03  7.4643E-05  6.1691E-04  7.1845E-06
 3.2631E+25  1.6089E-05  7.1071E+03  7.4643E-05  6.0920E-04  7.1845E-06
 3.2724E+25  1.6311E-05  7.1064E+03  7.4643E-05  6.0169E-04  7.1845E-06
 3.2816E+25  1.6400E-05  7.1057E+03  7.4643E-05  5.9438E-04  7.1845E-06
 3.2909E+25  1.6373E-05  7.1050E+03  7.4643E-05  5.8713E-04  7.1845E-06
 3.3001E+25  1.6596E-05  7.1043E+03  7.4643E-05  5.7993E-04  7.1845E-06
 3.3094E+25  1.6712E-05  7.1037E+03  7.4643E-05  5.7279E-04  7.1845E-06
 3.3186E+25  1.6656E-05  7.1030E+03  7.4643E-05  5.6580E-04  7.1845E-06
 3.3279E+25  1.6880E-05  7.1024E+03  7.4643E-05  5.5899E-04  7.1845E-06
 3.3372E+25  1.7036E-05  7.1017E+03  7.4643E-05  5.5235E-04  7.1845E-06
 3.3464E+25  1.6938E-05  7.1011E+03  7.4643E-05  5.4575E-04  7.1845E-06
 3.3557E+25  1.7164E-05  7.1005E+03  7.4643E-05  5.3918E-04  7.1845E-06
 3.3649E+25  1.7372E-05  7.0998E+03  7.4643E-05  5.3269E-04  7.1845E-06
 3.3742E+25  1.7219E-05  7.0992E+03  7.4643E-05  5.2632E-04  7.1845E-06
 3.3834E+25  1.7447E-05  7.0986E+03  7.4643E-05  5.2012E-04  7.1845E-06
 3.3927E+25  1.7679E-05  7.0981E+03  7.4643E-05  5.1407E-04  7.1845E-06
 3.4020E+25  1.7540E-05  7.0975E+03  7.4643E-05  5.0805E-04  7.1845E-06
 3.4112E+25  1.7729E-05  7.0969E+03  7.4643E-05  5.0208E-04  7.1845E-06
 3.4205E+25  1.7962E-05  7.0963E+03  7.4643E-05  4.9615E-04  7.1845E-06
 3.4297E+25  1.7898E-05  7.0958E+03  7.4643E-05  4.9033E-04  7.1845E-06
 3.4390E+25  1.8010E-05  7.0952E+03  7.4643E-05  4.8466E-04  7.1845E-06
 3.4482E+25  1.8244E-05  7.0947E+03  7.4643E-05  4.7914E-04  7.1845E-06
 3.4575E+25  1.8271E-05  7.0941E+03  7.4643E-05  4.7366E-04  7.1845E-06
 3.4668E+25  1.8289E-05  7.0936E+03  7.4643E-05  4.6820E-04  7.1845E-06
 3.4760E+25  1.8524E-05  7.0931E+03  7.4643E-05  4.6280E-04  7.1845E-06
 3.4853E+25  1.8658E-05  7.0926E+03  7.4643E-05  4.5746E-04  7.1845E-06
 3.4945E+25  1.8568E-05  7.0921E+03  7.4643E-05  4.5227E-04  7.1845E-06
 3.5038E+25  1.8804E-05  7.0916E+03  7.4643E-05  4.4720E-04  7.1845E-06
 3.5130E+25  1.9043E-05  7.0911E+03  7.4643E-05  4.4221E-04  7.1845E-06
 3.5223E+25  1.8862E-05  7.0906E+03  7.4643E-05  4.3724E-04  7.1845E-06
 3.5316E+25  1.9083E-05  7.0901E+03  7.4643E-05  4.3230E-04  7.1845E-06
 3.5408E+25  1.9325E-05  7.0896E+03  7.4643E-05  4.2741E-04  7.1845E-06
 3.5501E+25  1.9273E-05  7.0891E+03  7.4643E-05  4.2263E-04  7.1845E-06
 3.5593E+25  1.9361E-05  7.0887E+03  7.4643E-05  4.1794E-04  7.1845E-06
 3.5686E+25  1.9602E-05  7.0882E+03  7.4643E-05  4.1338E-04  7.1845E-06
 3.5778E+25  1.9704E-05  7.0878E+03  7.4643E-05  4.0886E-04  7.1845E-06
 3.5871E+25  1.9637E-05  7.0873E+03  7.4643E-05  4.0435E-04  7.1845E-06
 3.5964E+25  1.9879E-05  7.0869E+03  7.4643E-05  3.9988E-04  7.1845E-06
 3.6056E+25  2.0126E-05  7.0864E+03  7.4643E-05  3.9545E-04  7.1845E-06
 3.6149E+25  1.9937E-05  7.0860E+03  7.4643E-05  3.9114E-04  7.1845E-06
 3.6241E+25  2.0157E-05  7.0856E+03  7.4643E-05  3.8692E-04  7.1845E-06
 3.6334E+25  2.0404E-05  7.0852E+03  7.4643E-05  3.8279E-04  7.1845E-06
 3.6426E+25  2.0396E-05  7.0847E+03  7.4643E-05  3.7868E-04  7.1845E-06
 3.6519E+25  2.0432E-05  7.0843E+03  7.4643E-05  3.7459E-04  7.1845E-06
 3.6612E+25  2.0679E-05  7.0839E+03  7.4643E-05  3.7053E-04  7.1845E-06
 3.6704E+25  2.0875E-05  7.0835E+03  7.4643E-05  3.6652E-04  7.1845E-06
 3.6797E+25  2.0706E-05  7.0831E+03  7.4643E-05  3.6262E-04  7.1845E-06
 3.6889E+25  2.0954E-05  7.0827E+03  7.4643E-05  3.5879E-04  7.1845E-06
 3.6982E+25  2.1207E-05  7.0823E+03  7.4643E-05  3.5505E-04  7.1845E-06
 3.7074E+25  2.1143E-05  7.0820E+03  7.4643E-05  3.5131E-04  7.1845E-06
 3.7167E+25  2.1228E-05  7.0816E+03  7.4643E-05  3.4760E-04  7.1845E-06
 3.7260E+25  2.1480E-05  7.0812E+03  7.4643E-05  3.4392E-04  7.1845E-06
 3.7352E+25  2.1658E-05  7.0808E+03  7.4643E-05  3.4027E-04  7.1845E-06
 3.7445E+25  2.1501E-05  7.0805E+03  7.4643E-05  3.3672E-04  7.1845E-06
 3.7537E+25  2.1753E-05  7.0801E+03  7.4643E-05  3.3323E-04  7.1845E-06
 3.7630E+25  2.2010E-05  7.0798E+03  7.4643E-05  3.2983E-04  7.1845E-06
 3.7722E+25  2.1952E-05  7.0794E+03  7.4643E-05  3.2644E-04  7.1845E-06
 3.7815E+25  2.2026E-05  7.0791E+03  7.4643E-05  3.2307E-04  7.1845E-06
 3.7908E+25  2.2281E-05  7.0787E+03  7.4643E-05  3.1972E-04  7.1845E-06
 3.8000E+25  2.2504E-05  7.0784E+03  7.4643E-05  3.1640E-04  7.1845E-06
 3.8093E+25  2.2297E-05  7.0780E+03  7.4643E-05  3.1316E-04  7.1845E-06
 3.8185E+25  2.2554E-05  7.0777E+03  7.4643E-05  3.0997E-04  7.1845E-06
 3.8278E+25  2.2814E-05  7.0774E+03  7.4643E-05  3.0687E-04  7.1845E-06
 3.8370E+25  2.2827E-05  7.0771E+03  7.4643E-05  3.0380E-04  7.1845E-06
 3.8463E+25  2.2825E-05  7.0767E+03  7.4643E-05  3.0073E-04  7.1845E-06
 3.8556E+25  2.3084E-05  7.0764E+03  7.4643E-05  2.9769E-04  7.1845E-06
 3.8648E+25  2.3350E-05  7.0761E+03  7.4643E-05  2.9466E-04  7.1845E-06
 3.8741E+25  2.3162E-05  7.0758E+03  7.4643E-05  2.9168E-04  7.1845E-06
 3.8833E+25  2.3356E-05  7.0755E+03  7.4643E-05  2.8877E-04  7.1845E-06
 3.8926E+25  2.3618E-05  7.0752E+03  7.4643E-05  2.8592E-04  7.1845E-06
 3.9018E+25  2.3774E-05  7.0749E+03  7.4643E-05  2.8313E-04  7.1845E-06
 3.9111E+25  2.3624E-05  7.0746E+03  7.4643E-05  2.8034E-04  7.1845E-06
 3.9204E+25  2.3889E-05  7.0743E+03  7.4643E-05  2.7757E-04  7.1845E-06
 3.9296E+25  2.4156E-05  7.0740E+03  7.4643E-05  2.7482E-04  7.1845E-06
 3.9389E+25  2.4144E-05  7.0737E+03  7.4643E-05  2.7208E-04  7.1845E-06
 3.9481E+25  2.4157E-05  7.0734E+03  7.4643E-05  2.6941E-04  7.1845E-06
 3.9574E+25  2.4424E-05  7.0732E+03  7.4643E-05  2.6678E-04  7.1845E-06
 3.9666E+25  2.4697E-05  7.0729E+03  7.4643E-05  2.6421E-04  7.1845E-06
 3.9759E+25  2.4526E-05  7.0726E+03  7.4643E-05  2.6169E-04  7.1845E-06
 3.9852E+25  2.4693E-05  7.0723E+03  7.4643E-05  2.5917E-04  7.1845E-06
 3.9944E+25  2.4962E-05  7.0721E+03  7.4643E-05  2.5666E-04  7.1845E-06
 4.0037E+25  2.5204E-05  7.0718E+03  7.4643E-05  2.5417E-04  7.1845E-06
 4.0129E+25  2.4961E-05  7.0715E+03  7.4643E-05  2.5169E-04  7.1845E-06
 4.0222E+25  2.5231E-05  7.0713E+03  7.4643E-05  2.4928E-04  7.1845E-06
 4.0314E+25  2.5504E-05  7.0710E+03  7.4643E-05  2.4689E-04  7.1845E-06
 4.0407E+25  2.5627E-05  7.0708E+03  7.4643E-05  2.4458E-04  7.1845E-06
 4.0500E+25  2.5497E-05  7.0705E+03  7.4643E-05  2.4229E-04  7.1845E-06
 4.0592E+25  2.5771E-05  7.0703E+03  7.4643E-05  2.4001E-04  7.1845E-06
 4.0685E+25  2.6048E-05  7.0700E+03  7.4643E-05  2.3773E-04  7.1845E-06
 4.0777E+25  2.6067E-05  7.0698E+03  7.4643E-05  2.3548E-04  7.1845E-06
 4.0870E+25  2.6037E-05  7.0695E+03  7.4643E-05  2.3323E-04  7.1845E-06
 4.0962E+25  2.6315E-05  7.0693E+03  7.4643E-05  2.3104E-04  7.1845E-06
 4.1055E+25  2.6594E-05  7.0691E+03  7.4643E-05  2.2888E-04  7.1845E-06
 4.1148E+25  2.6524E-05  7.0688E+03  7.4643E-05  2.2677E-04  7.1845E-06
 4.1240E+25  2.6579E-05  7.0686E+03  7.4643E-05  2.2470E-04  7.1845E-06
 4.1333E+25  2.6860E-05  7.0684E+03  7.4643E-05  2.2264E-04  7.1845E-06
 4.1425E+25  2.7142E-05  7.0682E+03  7.4643E-05  2.2057E-04  7.1845E-06
 4.1518E+25  2.7000E-05  7.0679E+03  7.4643E-05  2.1853E-04  7.1845E-06
 4.1610E+25  2.7124E-05  7.0677E+03  7.4643E-05  2.1649E-04  7.1845E-06
 4.1703E+25  2.7408E-05  7.0675E+03  7.4643E-05  2.1449E-04  7.1845E-06
 4.1796E+25  2.7693E-05  7.0673E+03  7.4643E-05  2.1252E-04  7.1845E-06
 4.1888E+25  2.7497E-05  7.0670E+03  7.4643E-05  2.1059E-04  7.1845E-06
 4.1981E+25  2.7671E-05  7.0668E+03  7.4643E-05  2.0871E-04  7.1845E-06
 4.2073E+25  2.7958E-05  7.0666E+03  7.4643E-05  2.0684E-04  7.1845E-06
 4.2166E+25  2.8245E-05  7.0664E+03  7.4643E-05  2.0498E-04  7.1845E-06
 4.2258E+25  2.8014E-05  7.0662E+03  7.4643E-05  2.0312E-04  7.1845E-06
 4.2351E+25  2.8221E-05  7.0660E+03  7.4643E-05  2.0127E-04  7.1845E-06
 4.2443E+25  2.8510E-05  7.0658E+03  7.4643E-05  1.9944E-04  7.1845E-06
 4.2536E+25  2.8800E-05  7.0656E+03  7.4643E-05  1.9764E-04  7.1845E-06
 4.2629E+25  2.8554E-05  7.0654E+03  7.4643E-05  1.9587E-04  7.1845E-06
 4.2721E+25  2.8773E-05  7.0652E+03  7.4643E-05  1.9415E-04  7.1845E-06
 4.2814E+25  2.9065E-05  7.0650E+03  7.4643E-05  1.9246E-04  7.1845E-06
 4.2906E+25  2.9357E-05  7.0648E+03  7.4643E-05  1.9077E-04  7.1845E-06
 4.2999E+25  2.9114E-05  7.0646E+03  7.4643E-05  1.8908E-04  7.1845E-06
 4.3091E+25  2.9327E-05  7.0645E+03  7.4643E-05  1.8740E-04  7.1845E-06
 4.3184E+25  2.9622E-05  7.0643E+03  7.4643E-05  1.8573E-04  7.1845E-06
 4.3277E+25  2.9917E-05  7.0641E+03  7.4643E-05  1.8408E-04  7.1845E-06
 4.3369E+25  2.9698E-05  7.0639E+03  7.4643E-05  1.8246E-04  7.1845E-06
 4.3462E+25  2.9884E-05  7.0637E+03  7.4643E-05  1.8086E-04  7.1845E-06
 4.3554E+25  3.0182E-05  7.0635E+03  7.4643E-05  1.7931E-04  7.1845E-06
 4.3647E+25  3.0479E-05  7.0634E+03  7.4643E-05  1.7779E-04  7.1845E-06
 4.3739E+25  3.0307E-05  7.0632E+03  7.4643E-05  1.7626E-04  7.1845E-06
 4.3832E+25  3.0444E-05  7.0630E+03  7.4643E-05  1.7473E-04  7.1845E-06
 4.3925E+25  3.0744E-05  7.0628E+03  7.4643E-05  1.7322E-04  7.1845E-06
 4.4017E+25  3.1043E-05  7.0627E+03  7.4643E-05  1.7171E-04  7.1845E-06
 4.4110E+25  3.0940E-05  7.0625E+03  7.4643E-05  1.7022E-04  7.1845E-06
 4.4202E+25  3.1007E-05  7.0623E+03  7.4643E-05  1.6875E-04  7.1845E-06
 4.4295E+25  3.1307E-05  7.0622E+03  7.4643E-05  1.6730E-04  7.1845E-06
 4.4387E+25  3.1611E-05  7.0620E+03  7.4643E-05  1.6590E-04  7.1845E-06
 4.4480E+25  3.1599E-05  7.0618E+03  7.4643E-05  1.6452E-04  7.1845E-06
 4.4573E+25  3.1573E-05  7.0617E+03  7.4643E-05  1.6314E-04  7.1845E-06
 4.4665E+25  3.1872E-05  7.0615E+03  7.4643E-05  1.6176E-04  7.1845E-06
 4.4758E+25  3.2181E-05  7.0614E+03  7.4643E-05  1.6039E-04  7.1845E-06
 4.4850E+25  3.2286E-05  7.0612E+03  7.4643E-05  1.5903E-04  7.1845E-06
 4.4943E+25  3.2139E-05  7.0610E+03  7.4643E-05  1.5767E-04  7.1845E-06
 4.5035E+25  3.2442E-05  7.0609E+03  7.4643E-05  1.5634E-04  7.1845E-06
 4.5128E+25  3.2753E-05  7.0607E+03  7.4643E-05  1.5503E-04  7.1845E-06
 4.5221E+25  3.3001E-05  7.0606E+03  7.4643E-05  1.5374E-04  7.1845E-06
 4.5313E+25  3.2707E-05  7.0604E+03  7.4643E-05  1.5249E-04  7.1845E-06
 4.5406E+25  3.3015E-05  7.0603E+03  7.4643E-05  1.5124E-04  7.1845E-06
 4.5498E+25  3.3327E-05  7.0601E+03  7.4643E-05  1.5000E-04  7.1845E-06
 4.5591E+25  3.3638E-05  7.0600E+03  7.4643E-05  1.4876E-04  7.1845E-06
 4.5683E+25  3.3385E-05  7.0599E+03  7.4643E-05  1.4752E-04  7.1845E-06
 4.5776E+25  3.3592E-05  7.0597E+03  7.4643E-05  1.4630E-04  7.1845E-06
 4.5869E+25  3.3901E-05  7.0596E+03  7.4643E-05  1.4508E-04  7.1845E-06
 4.5961E+25  3.4220E-05  7.0594E+03  7.4643E-05  1.4389E-04  7.1845E-06
 4.6054E+25  3.4153E-05  7.0593E+03  7.4643E-05  1.4271E-04  7.1845E-06
 4.6146E+25  3.4169E-05  7.0591E+03  7.4643E-05  1.4156E-04  7.1845E-06
 4.6239E+25  3.4481E-05  7.0590E+03  7.4643E-05  1.4044E-04  7.1845E-06
 4.6331E+25  3.4802E-05  7.0589E+03  7.4643E-05  1.3931E-04  7.1845E-06
 4.6424E+25  3.4954E-05  7.0587E+03  7.4643E-05  1.3819E-04  7.1845E-06
 4.6517E+25  3.4746E-05  7.0586E+03  7.4643E-05  1.3707E-04  7.1845E-06
 4.6609E+25  3.5067E-05  7.0585E+03  7.4643E-05  1.3596E-04  7.1845E-06
 4.6702E+25  3.5385E-05  7.0583E+03  7.4643E-05  1.3485E-04  7.1845E-06
 4.6794E+25  3.5708E-05  7.0582E+03  7.4643E-05  1.3376E-04  7.1845E-06
 4.6887E+25  3.5407E-05  7.0581E+03  7.4643E-05  1.3268E-04  7.1845E-06
 4.6979E+25  3.5653E-05  7.0580E+03  7.4643E-05  1.3162E-04  7.1845E-06
 4.7072E+25  3.5972E-05  7.0578E+03  7.4643E-05  1.3059E-04  7.1845E-06
 4.7165E+25  3.6301E-05  7.0577E+03  7.4643E-05  1.2957E-04  7.1845E-06
 4.7257E+25  3.6266E-05  7.0576E+03  7.4643E-05  1.2856E-04  7.1845E-06
 4.7350E+25  3.6238E-05  7.0575E+03  7.4643E-05  1.2755E-04  7.1845E-06
 4.7442E+25  3.6567E-05  7.0573E+03  7.4643E-05  1.2654E-04  7.1845E-06
 4.7535E+25  3.6891E-05  7.0572E+03  7.4643E-05  1.2553E-04  7.1845E-06
 4.7627E+25  3.7165E-05  7.0571E+03  7.4643E-05  1.2454E-04  7.1845E-06
 4.7720E+25  3.6825E-05  7.0570E+03  7.4643E-05  1.2355E-04  7.1845E-06
 4.7813E+25  3.7160E-05  7.0569E+03  7.4643E-05  1.2258E-04  7.1845E-06
 4.7905E+25  3.7488E-05  7.0567E+03  7.4643E-05  1.2161E-04  7.1845E-06
 4.7998E+25  3.7823E-05  7.0566E+03  7.4643E-05  1.2068E-04  7.1845E-06
 4.8090E+25  3.7693E-05  7.0565E+03  7.4643E-05  1.1976E-04  7.1845E-06
 4.8183E+25  3.7753E-05  7.0564E+03  7.4643E-05  1.1885E-04  7.1845E-06
 4.8275E+25  3.8091E-05  7.0563E+03  7.4643E-05  1.1793E-04  7.1845E-06
 4.8368E+25  3.8421E-05  7.0562E+03  7.4643E-05  1.1702E-04  7.1845E-06
 4.8461E+25  3.8658E-05  7.0561E+03  7.4643E-05  1.1612E-04  7.1845E-06
 4.8553E+25  3.8350E-05  7.0560E+03  7.4643E-05  1.1522E-04  7.1845E-06
 4.8646E+25  3.8692E-05  7.0558E+03  7.4643E-05  1.1432E-04  7.1845E-06
 4.8738E+25  3.9029E-05  7.0557E+03  7.4643E-05  1.1344E-04  7.1845E-06
 4.8831E+25  3.9368E-05  7.0556E+03  7.4643E-05  1.1257E-04  7.1845E-06
 4.8923E+25  3.9245E-05  7.0555E+03  7.4643E-05  1.1171E-04  7.1845E-06
 4.9016E+25  3.9292E-05  7.0554E+03  7.4643E-05  1.1088E-04  7.1845E-06
 4.9109E+25  3.9639E-05  7.0553E+03  7.4643E-05  1.1006E-04  7.1845E-06
 4.9201E+25  3.9978E-05  7.0552E+03  7.4643E-05  1.0923E-04  7.1845E-06
 4.9294E+25  4.0277E-05  7.0551E+03  7.4643E-05  1.0841E-04  7.1845E-06
 4.9386E+25  3.9904E-05  7.0550E+03  7.4643E-05  1.0759E-04  7.1845E-06
 4.9479E+25  4.0246E-05  7.0549E+03  7.4643E-05  1.0678E-04  7.1845E-06
 4.9571E+25  4.0597E-05  7.0548E+03  7.4643E-05  1.0597E-04  7.1845E-06
 4.9664E+25  4.0937E-05  7.0547E+03  7.4643E-05  1.0516E-04  7.1845E-06
 4.9757E+25  4.0927E-05  7.0546E+03  7.4643E-05  1.0437E-04  7.1845E-06
 4.9849E+25  4.0860E-05  7.0545E+03  7.4643E-05  1.0358E-04  7.1845E-06
 4.9942E+25  4.1212E-05  7.0544E+03  7.4643E-05  1.0282E-04  7.1845E-06
 5.0034E+25  4.1564E-05  7.0543E+03  7.4643E-05  1.0207E-04  7.1845E-06
 5.0127E+25  4.1908E-05  7.0542E+03  7.4643E-05  1.0133E-04  7.1845E-06
 5.0219E+25  4.1605E-05  7.0541E+03  7.4643E-05  1.0059E-04  7.1845E-06
 5.0312E+25  4.1829E-05  7.0540E+03  7.4643E-05  9.9852E-05  7.1845E-06
 5.0405E+25  4.2187E-05  7.0539E+03  7.4643E-05  9.9116E-05  7.1845E-06
 5.0497E+25  4.2541E-05  7.0538E+03  7.4643E-05  9.8382E-05  7.1845E-06
 5.0590E+25  4.2744E-05  7.0537E+03  7.4643E-05  9.7651E-05  7.1845E-06
 5.0682E+25  4.2462E-05  7.0536E+03  7.4643E-05  9.6927E-05  7.1845E-06
 5.0775E+25  4.2809E-05  7.0535E+03  7.4643E-05  9.6214E-05  7.1845E-06
 5.0867E+25  4.3172E-05  7.0535E+03  7.4643E-05  9.5505E-05  7.1845E-06
 5.0960E+25  4.3529E-05  7.0534E+03  7.4643E-05  9.4812E-05  7.1845E-06
 5.1053E+25  4.3491E-05  7.0533E+03  7.4643E-05  9.4142E-05  7.1845E-06
 5.1145E+25  4.3448E-05  7.0532E+03  7.4643E-05  9.3476E-05  7.1845E-06
 5.1238E+25  4.3801E-05  7.0531E+03  7.4643E-05  9.2808E-05  7.1845E-06
 5.1330E+25  4.4169E-05  7.0530E+03  7.4643E-05  9.2142E-05  7.1845E-06
 5.1423E+25  4.4529E-05  7.0529E+03  7.4643E-05  9.1478E-05  7.1845E-06
 5.1515E+25  4.4270E-05  7.0528E+03  7.4643E-05  9.0818E-05  7.1845E-06
 5.1608E+25  4.4447E-05  7.0528E+03  7.4643E-05  9.0159E-05  7.1845E-06
 5.1701E+25  4.4804E-05  7.0527E+03  7.4643E-05  8.9505E-05  7.1845E-06
 5.1793E+25  4.5178E-05  7.0526E+03  7.4643E-05  8.8860E-05  7.1845E-06
 5.1886E+25  4.5517E-05  7.0525E+03  7.4643E-05  8.8219E-05  7.1845E-06
 5.1978E+25  4.5106E-05  7.0524E+03  7.4643E-05  8.7586E-05  7.1845E-06
 5.2071E+25  4.5457E-05  7.0523E+03  7.4643E-05  8.6980E-05  7.1845E-06
 5.2163E+25  4.5819E-05  7.0523E+03  7.4643E-05  8.6379E-05  7.1845E-06
 5.2256E+25  4.6197E-05  7.0522E+03  7.4643E-05  8.5780E-05  7.1845E-06
 5.2349E+25  4.6382E-05  7.0521E+03  7.4643E-05  8.5179E-05  7.1845E-06
 5.2441E+25  4.6113E-05  7.0520E+03  7.4643E-05  8.4580E-05  7.1845E-06
 5.2534E+25  4.6480E-05  7.0519E+03  7.4643E-05  8.3985E-05  7.1845E-06
 5.2626E+25  4.6846E-05  7.0519E+03  7.4643E-05  8.3391E-05  7.1845E-06
 5.2719E+25  4.7229E-05  7.0518E+03  7.4643E-05  8.2800E-05  7.1845E-06
 5.2811E+25  4.7272E-05  7.0517E+03  7.4643E-05  8.2214E-05  7.1845E-06
 5.2904E+25  4.7143E-05  7.0516E+03  7.4643E-05  8.1635E-05  7.1845E-06
 5.2997E+25  4.7516E-05  7.0515E+03  7.4643E-05  8.1059E-05  7.1845E-06
 5.3089E+25  4.7885E-05  7.0515E+03  7.4643E-05  8.0497E-05  7.1845E-06
 5.3182E+25  4.8272E-05  7.0514E+03  7.4643E-05  7.9955E-05  7.1845E-06
 5.3274E+25  4.8199E-05  7.0513E+03  7.4643E-05  7.9414E-05  7.1845E-06
 5.3367E+25  4.8186E-05  7.0512E+03  7.4643E-05  7.8875E-05  7.1845E-06
 5.3459E+25  4.8564E-05  7.0512E+03  7.4643E-05  7.8335E-05  7.1845E-06
 5.3552E+25  4.8937E-05  7.0511E+03  7.4643E-05  7.7797E-05  7.1845E-06
 5.3645E+25  4.9328E-05  7.0510E+03  7.4643E-05  7.7262E-05  7.1845E-06
 5.3737E+25  4.9166E-05  7.0509E+03  7.4643E-05  7.6729E-05  7.1845E-06
 5.3830E+25  4.9241E-05  7.0509E+03  7.4643E-05  7.6197E-05  7.1845E-06
 5.3922E+25  4.9626E-05  7.0508E+03  7.4643E-05  7.5670E-05  7.1845E-06
 5.4015E+25  5.0002E-05  7.0507E+03  7.4643E-05  7.5149E-05  7.1845E-06
 5.4107E+25  5.0396E-05  7.0506E+03  7.4643E-05  7.4630E-05  7.1845E-06
 5.4200E+25  5.0173E-05  7.0506E+03  7.4643E-05  7.4125E-05  7.1845E-06
 5.4292E+25  5.0309E-05  7.0505E+03  7.4643E-05  7.3637E-05  7.1845E-06
 5.4385E+25  5.0700E-05  7.0505E+03  7.4643E-05  7.3151E-05  7.1845E-06
 5.4478E+25  5.1082E-05  7.0504E+03  7.4643E-05  7.2667E-05  7.1845E-06
 5.4570E+25  5.1477E-05  7.0503E+03  7.4643E-05  7.2181E-05  7.1845E-06
 5.4663E+25  5.1221E-05  7.0502E+03  7.4643E-05  7.1698E-05  7.1845E-06
 5.4755E+25  5.1391E-05  7.0502E+03  7.4643E-05  7.1216E-05  7.1845E-06
 5.4848E+25  5.1788E-05  7.0501E+03  7.4643E-05  7.0736E-05  7.1845E-06
 5.4940E+25  5.2177E-05  7.0500E+03  7.4643E-05  7.0257E-05  7.1845E-06
 5.5033E+25  5.2570E-05  7.0500E+03  7.4643E-05  6.9782E-05  7.1845E-06
 5.5126E+25  5.2308E-05  7.0499E+03  7.4643E-05  6.9313E-05  7.1845E-06
 5.5218E+25  5.2491E-05  7.0498E+03  7.4643E-05  6.8845E-05  7.1845E-06
 5.5311E+25  5.2889E-05  7.0498E+03  7.4643E-05  6.8383E-05  7.1845E-06
 5.5403E+25  5.3286E-05  7.0497E+03  7.4643E-05  6.7942E-05  7.1845E-06
 5.5496E+25  5.3678E-05  7.0496E+03  7.4643E-05  6.7504E-05  7.1845E-06
 5.5588E+25  5.3437E-05  7.0496E+03  7.4643E-05  6.7070E-05  7.1845E-06
 5.5681E+25  5.3607E-05  7.0495E+03  7.4643E-05  6.6633E-05  7.1845E-06
 5.5774E+25  5.4004E-05  7.0495E+03  7.4643E-05  6.6198E-05  7.1845E-06
 5.5866E+25  5.4409E-05  7.0494E+03  7.4643E-05  6.5764E-05  7.1845E-06
 5.5959E+25  5.4804E-05  7.0493E+03  7.4643E-05  6.5332E-05  7.1845E-06
 5.6051E+25  5.4610E-05  7.0493E+03  7.4643E-05  6.4901E-05  7.1845E-06
 5.6144E+25  5.4739E-05  7.0492E+03  7.4643E-05  6.4472E-05  7.1845E-06
 5.6236E+25  5.5131E-05  7.0492E+03  7.4643E-05  6.4047E-05  7.1845E-06
 5.6329E+25  5.5545E-05  7.0491E+03  7.4643E-05  6.3625E-05  7.1845E-06
 5.6422E+25  5.5950E-05  7.0490E+03  7.4643E-05  6.3205E-05  7.1845E-06
 5.6514E+25  5.5824E-05  7.0490E+03  7.4643E-05  6.2795E-05  7.1845E-06
 5.6607E+25  5.5882E-05  7.0489E+03  7.4643E-05  6.2401E-05  7.1845E-06
 5.6699E+25  5.6282E-05  7.0489E+03  7.4643E-05  6.2009E-05  7.1845E-06
 5.6792E+25  5.6696E-05  7.0488E+03  7.4643E-05  6.1618E-05  7.1845E-06
 5.6884E+25  5.7108E-05  7.0487E+03  7.4643E-05  6.1227E-05  7.1845E-06
 5.6977E+25  5.7088E-05  7.0487E+03  7.4643E-05  6.0835E-05  7.1845E-06
 5.7070E+25  5.7038E-05  7.0486E+03  7.4643E-05  6.0446E-05  7.1845E-06
 5.7162E+25  5.7451E-05  7.0486E+03  7.4643E-05  6.0059E-05  7.1845E-06
 5.7255E+25  5.7859E-05  7.0485E+03  7.4643E-05  5.9672E-05  7.1845E-06
 5.7347E+25  5.8282E-05  7.0484E+03  7.4643E-05  5.9286E-05  7.1845E-06
 5.7440E+25  5.8404E-05  7.0484E+03  7.4643E-05  5.8904E-05  7.1845E-06
 5.7532E+25  5.8209E-05  7.0483E+03  7.4643E-05  5.8525E-05  7.1845E-06
 5.7625E+25  5.8634E-05  7.0483E+03  7.4643E-05  5.8147E-05  7.1845E-06
 5.7718E+25  5.9042E-05  7.0482E+03  7.4643E-05  5.7778E-05  7.1845E-06
 5.7810E+25  5.9470E-05  7.0482E+03  7.4643E-05  5.7423E-05  7.1845E-06
 5.7903E+25  5.9768E-05  7.0481E+03  7.4643E-05  5.7071E-05  7.1845E-06
 5.7995E+25  5.9400E-05  7.0481E+03  7.4643E-05  5.6721E-05  7.1845E-06
 5.8088E+25  5.9828E-05  7.0480E+03  7.4643E-05  5.6369E-05  7.1845E-06
 5.8180E+25  6.0252E-05  7.0479E+03  7.4643E-05  5.6018E-05  7.1845E-06
 5.8273E+25  6.0671E-05  7.0479E+03  7.4643E-05  5.5668E-05  7.1845E-06
 5.8366E+25  6.1097E-05  7.0478E+03  7.4643E-05  5.5320E-05  7.1845E-06
 5.8458E+25  6.0696E-05  7.0478E+03  7.4643E-05  5.4972E-05  7.1845E-06
 5.8551E+25  6.1038E-05  7.0477E+03  7.4643E-05  5.4625E-05  7.1845E-06
 5.8643E+25  6.1474E-05  7.0477E+03  7.4643E-05  5.4281E-05  7.1845E-06
 5.8736E+25  6.1895E-05  7.0476E+03  7.4643E-05  5.3939E-05  7.1845E-06
 5.8828E+25  6.2332E-05  7.0476E+03  7.4643E-05  5.3599E-05  7.1845E-06
 5.8921E+25  6.2147E-05  7.0475E+03  7.4643E-05  5.3263E-05  7.1845E-06
 5.9014E+25  6.2271E-05  7.0475E+03  7.4643E-05  5.2941E-05  7.1845E-06
 5.9106E+25  6.2707E-05  7.0474E+03  7.4643E-05  5.2623E-05  7.1845E-06
 5.9199E+25  6.3147E-05  7.0474E+03  7.4643E-05  5.2309E-05  7.1845E-06
 5.9291E+25  6.3572E-05  7.0473E+03  7.4643E-05  5.1994E-05  7.1845E-06
 5.9384E+25  6.3654E-05  7.0473E+03  7.4643E-05  5.1678E-05  7.1845E-06
 5.9476E+25  6.3532E-05  7.0472E+03  7.4643E-05  5.1363E-05  7.1845E-06
 5.9569E+25  6.3959E-05  7.0472E+03  7.4643E-05  5.1050E-05  7.1845E-06
 5.9662E+25  6.4406E-05  7.0471E+03  7.4643E-05  5.0738E-05  7.1845E-06
 5.9754E+25  6.4844E-05  7.0471E+03  7.4643E-05  5.0426E-05  7.1845E-06
 5.9847E+25  6.5205E-05  7.0470E+03  7.4643E-05  5.0115E-05  7.1845E-06
 5.9939E+25  6.4807E-05  7.0470E+03  7.4643E-05  4.9807E-05  7.1845E-06
 6.0032E+25  6.5242E-05  7.0469E+03  7.4643E-05  4.9501E-05  7.1845E-06
 6.0124E+25  6.5682E-05  7.0469E+03  7.4643E-05  4.9195E-05  7.1845E-06
 6.0217E+25  6.6136E-05  7.0468E+03  7.4643E-05  4.8895E-05  7.1845E-06
 6.0310E+25  6.6571E-05  7.0468E+03  7.4643E-05  4.8608E-05  7.1845E-06
 6.0402E+25  6.6334E-05  7.0467E+03  7.4643E-05  4.8323E-05  7.1845E-06
 6.0495E+25  6.6544E-05  7.0467E+03  7.4643E-05  4.8042E-05  7.1845E-06
 6.0587E+25  6.6985E-05  7.0466E+03  7.4643E-05  4.7759E-05  7.1845E-06
 6.0680E+25  6.7437E-05  7.0466E+03  7.4643E-05  4.7476E-05  7.1845E-06
 6.0772E+25  6.7896E-05  7.0465E+03  7.4643E-05  4.7194E-05  7.1845E-06
 6.0865E+25  6.7983E-05  7.0465E+03  7.4643E-05  4.6913E-05  7.1845E-06
 6.0958E+25  6.7866E-05  7.0464E+03  7.4643E-05  4.6633E-05  7.1845E-06
 6.1050E+25  6.8316E-05  7.0464E+03  7.4643E-05  4.6352E-05  7.1845E-06
 6.1143E+25  6.8762E-05  7.0463E+03  7.4643E-05  4.6073E-05  7.1845E-06
 6.1235E+25  6.9223E-05  7.0463E+03  7.4643E-05  4.5797E-05  7.1845E-06
 6.1328E+25  6.9662E-05  7.0462E+03  7.4643E-05  4.5521E-05  7.1845E-06
 6.1420E+25  6.9243E-05  7.0462E+03  7.4643E-05  4.5247E-05  7.1845E-06
 6.1513E+25  6.9664E-05  7.0462E+03  7.4643E-05  4.4976E-05  7.1845E-06
 6.1606E+25  7.0121E-05  7.0461E+03  7.4643E-05  4.4717E-05  7.1845E-06
 6.1698E+25  7.0573E-05  7.0461E+03  7.4643E-05  4.4461E-05  7.1845E-06
 6.1791E+25  7.1043E-05  7.0460E+03  7.4643E-05  4.4208E-05  7.1845E-06
 6.1883E+25  7.0989E-05  7.0460E+03  7.4643E-05  4.3955E-05  7.1845E-06
 6.1976E+25  7.1030E-05  7.0459E+03  7.4643E-05  4.3701E-05  7.1845E-06
 6.2068E+25  7.1496E-05  7.0459E+03  7.4643E-05  4.3448E-05  7.1845E-06
 6.2161E+25  7.1960E-05  7.0458E+03  7.4643E-05  4.3196E-05  7.1845E-06
 6.2254E+25  7.2420E-05  7.0458E+03  7.4643E-05  4.2944E-05  7.1845E-06
 6.2346E+25  7.2809E-05  7.0457E+03  7.4643E-05  4.2693E-05  7.1845E-06
 6.2439E+25  7.2423E-05  7.0457E+03  7.4643E-05  4.2442E-05  7.1845E-06
 6.2531E+25  7.2893E-05  7.0457E+03  7.4643E-05  4.2193E-05  7.1845E-06
 6.2624E+25  7.3363E-05  7.0456E+03  7.4643E-05  4.1945E-05  7.1845E-06
 6.2716E+25  7.3835E-05  7.0456E+03  7.4643E-05  4.1698E-05  7.1845E-06
 6.2809E+25  7.4301E-05  7.0455E+03  7.4643E-05  4.1452E-05  7.1845E-06
 6.2902E+25  7.4217E-05  7.0455E+03  7.4643E-05  4.1214E-05  7.1845E-06
 6.2994E+25  7.4312E-05  7.0454E+03  7.4643E-05  4.0984E-05  7.1845E-06
 6.3087E+25  7.4792E-05  7.0454E+03  7.4643E-05  4.0755E-05  7.1845E-06
 6.3179E+25  7.5267E-05  7.0454E+03  7.4643E-05  4.0529E-05  7.1845E-06
 6.3272E+25  7.5746E-05  7.0453E+03  7.4643E-05  4.0301E-05  7.1845E-06
 6.3364E+25  7.6133E-05  7.0453E+03  7.4643E-05  4.0074E-05  7.1845E-06
 6.3457E+25  7.5772E-05  7.0452E+03  7.4643E-05  3.9847E-05  7.1845E-06
 6.3550E+25  7.6239E-05  7.0452E+03  7.4643E-05  3.9621E-05  7.1845E-06
 6.3642E+25  7.6727E-05  7.0451E+03  7.4643E-05  3.9396E-05  7.1845E-06
 6.3735E+25  7.7208E-05  7.0451E+03  7.4643E-05  3.9171E-05  7.1845E-06
 6.3827E+25  7.7694E-05  7.0451E+03  7.4643E-05  3.8946E-05  7.1845E-06
 6.3920E+25  7.7661E-05  7.0450E+03  7.4643E-05  3.8723E-05  7.1845E-06
 6.4012E+25  7.7731E-05  7.0450E+03  7.4643E-05  3.8501E-05  7.1845E-06
 6.4105E+25  7.8205E-05  7.0449E+03  7.4643E-05  3.8279E-05  7.1845E-06
 6.4198E+25  7.8700E-05  7.0449E+03  7.4643E-05  3.8059E-05  7.1845E-06
 6.4290E+25  7.9188E-05  7.0448E+03  7.4643E-05  3.7846E-05  7.1845E-06
 6.4383E+25  7.9657E-05  7.0448E+03  7.4643E-05  3.7639E-05  7.1845E-06
 6.4475E+25  7.9279E-05  7.0448E+03  7.4643E-05  3.7433E-05  7.1845E-06
 6.4568E+25  7.9729E-05  7.0447E+03  7.4643E-05  3.7231E-05  7.1845E-06
 6.4660E+25  8.0211E-05  7.0447E+03  7.4643E-05  3.7027E-05  7.1845E-06
 6.4753E+25  8.0712E-05  7.0446E+03  7.4643E-05  3.6824E-05  7.1845E-06
 6.4846E+25  8.1207E-05  7.0446E+03  7.4643E-05  3.6620E-05  7.1845E-06
 6.4938E+25  8.1355E-05  7.0446E+03  7.4643E-05  3.6418E-05  7.1845E-06
 6.5031E+25  8.1268E-05  7.0445E+03  7.4643E-05  3.6216E-05  7.1845E-06
 6.5123E+25  8.1768E-05  7.0445E+03  7.4643E-05  3.6014E-05  7.1845E-06
 6.5216E+25  8.2257E-05  7.0444E+03  7.4643E-05  3.5812E-05  7.1845E-06
 6.5308E+25  8.2764E-05  7.0444E+03  7.4643E-05  3.5612E-05  7.1845E-06
 6.5401E+25  8.3264E-05  7.0444E+03  7.4643E-05  3.5412E-05  7.1845E-06
 6.5494E+25  8.3079E-05  7.0443E+03  7.4643E-05  3.5214E-05  7.1845E-06
 6.5586E+25  8.3343E-05  7.0443E+03  7.4643E-05  3.5015E-05  7.1845E-06
 6.5679E+25  8.3848E-05  7.0442E+03  7.4643E-05  3.4820E-05  7.1845E-06
 6.5771E+25  8.4347E-05  7.0442E+03  7.4643E-05  3.4634E-05  7.1845E-06
 6.5864E+25  8.4857E-05  7.0441E+03  7.4643E-05  3.4449E-05  7.1845E-06
 6.5956E+25  8.5273E-05  7.0441E+03  7.4643E-05  3.4267E-05  7.1845E-06
 6.6049E+25  8.4963E-05  7.0441E+03  7.4643E-05  3.4085E-05  7.1845E-06
 6.6142E+25  8.5462E-05  7.0440E+03  7.4643E-05  3.3903E-05  7.1845E-06
 6.6234E+25  8.5971E-05  7.0440E+03  7.4643E-05  3.3720E-05  7.1845E-06
 6.6327E+25  8.6480E-05  7.0439E+03  7.4643E-05  3.3539E-05  7.1845E-06
 6.6419E+25  8.6992E-05  7.0439E+03  7.4643E-05  3.3358E-05  7.1845E-06
 6.6512E+25  8.7126E-05  7.0439E+03  7.4643E-05  3.3177E-05  7.1845E-06
 6.6604E+25  8.7116E-05  7.0438E+03  7.4643E-05  3.2996E-05  7.1845E-06
 6.6697E+25  8.7627E-05  7.0438E+03  7.4643E-05  3.2815E-05  7.1845E-06
 6.6789E+25  8.8138E-05  7.0438E+03  7.4643E-05  3.2636E-05  7.1845E-06
 6.6882E+25  8.8658E-05  7.0437E+03  7.4643E-05  3.2457E-05  7.1845E-06
 6.6975E+25  8.9169E-05  7.0437E+03  7.4643E-05  3.2279E-05  7.1845E-06
 6.7067E+25  8.9052E-05  7.0436E+03  7.4643E-05  3.2101E-05  7.1845E-06
 6.7160E+25  8.9314E-05  7.0436E+03  7.4643E-05  3.1928E-05  7.1845E-06
 6.7252E+25  8.9839E-05  7.0436E+03  7.4643E-05  3.1762E-05  7.1845E-06
 6.7345E+25  9.0352E-05  7.0435E+03  7.4643E-05  3.1596E-05  7.1845E-06
 6.7437E+25  9.0880E-05  7.0435E+03  7.4643E-05  3.1433E-05  7.1845E-06
 6.7530E+25  9.1365E-05  7.0434E+03  7.4643E-05  3.1271E-05  7.1845E-06
 6.7623E+25  9.1076E-05  7.0434E+03  7.4643E-05  3.1107E-05  7.1845E-06
 6.7715E+25  9.1562E-05  7.0434E+03  7.4643E-05  3.0944E-05  7.1845E-06
 6.7808E+25  9.2095E-05  7.0433E+03  7.4643E-05  3.0782E-05  7.1845E-06
 6.7900E+25  9.2615E-05  7.0433E+03  7.4643E-05  3.0619E-05  7.1845E-06
 6.7993E+25  9.3146E-05  7.0432E+03  7.4643E-05  3.0457E-05  7.1845E-06
 6.8085E+25  9.3459E-05  7.0432E+03  7.4643E-05  3.0296E-05  7.1845E-06
 6.8178E+25  9.3326E-05  7.0432E+03  7.4643E-05  3.0134E-05  7.1845E-06
 6.8271E+25  9.3859E-05  7.0431E+03  7.4643E-05  2.9973E-05  7.1845E-06
 6.8363E+25  9.4397E-05  7.0431E+03  7.4643E-05  2.9813E-05  7.1845E-06
 6.8456E+25  9.4928E-05  7.0430E+03  7.4643E-05  2.9653E-05  7.1845E-06
 6.8548E+25  9.5461E-05  7.0430E+03  7.4643E-05  2.9493E-05  7.1845E-06
 6.8641E+25  9.5593E-05  7.0430E+03  7.4643E-05  2.9336E-05  7.1845E-06
 6.8733E+25  9.5660E-05  7.0429E+03  7.4643E-05  2.9186E-05  7.1845E-06
 6.8826E+25  9.6206E-05  7.0429E+03  7.4643E-05  2.9037E-05  7.1845E-06
 6.8919E+25  9.6745E-05  7.0429E+03  7.4643E-05  2.8891E-05  7.1845E-06
 6.9011E+25  9.7291E-05  7.0428E+03  7.4643E-05  2.8746E-05  7.1845E-06
 6.9104E+25  9.7825E-05  7.0428E+03  7.4643E-05  2.8600E-05  7.1845E-06
 6.9196E+25  9.7806E-05  7.0428E+03  7.4643E-05  2.8453E-05  7.1845E-06
 6.9289E+25  9.8046E-05  7.0427E+03  7.4643E-05  2.8308E-05  7.1845E-06
 6.9381E+25  9.8601E-05  7.0427E+03  7.4643E-05  2.8162E-05  7.1845E-06
 6.9474E+25  9.9147E-05  7.0426E+03  7.4643E-05  2.8017E-05  7.1845E-06
 6.9567E+25  9.9703E-05  7.0426E+03  7.4643E-05  2.7873E-05  7.1845E-06
 6.9659E+25  1.0024E-04  7.0426E+03  7.4643E-05  2.7728E-05  7.1845E-06
 6.9752E+25  1.0010E-04  7.0425E+03  7.4643E-05  2.7583E-05  7.1845E-06
 6.9844E+25  1.0049E-04  7.0425E+03  7.4643E-05  2.7439E-05  7.1845E-06
 6.9937E+25  1.0105E-04  7.0424E+03  7.4643E-05  2.7296E-05  7.1845E-06
 7.0029E+25  1.0160E-04  7.0424E+03  7.4643E-05  2.7153E-05  7.1845E-06
 7.0122E+25  1.0216E-04  7.0424E+03  7.4643E-05  2.7010E-05  7.1845E-06
 7.0215E+25  1.0269E-04  7.0423E+03  7.4643E-05  2.6871E-05  7.1845E-06
 7.0307E+25  1.0248E-04  7.0423E+03  7.4643E-05  2.6737E-05  7.1845E-06
 7.0400E+25  1.0299E-04  7.0423E+03  7.4643E-05  2.6604E-05  7.1845E-06
 7.0492E+25  1.0354E-04  7.0422E+03  7.4643E-05  2.6473E-05  7.1845E-06
 7.0585E+25  1.0411E-04  7.0421E+03  7.4643E-05  2.6344E-05  7.1845E-06
 7.0677E+25  1.0468E-04  7.0421E+03  7.4643E-05  2.6213E-05  7.1845E-06
 7.0770E+25  1.0516E-04  7.0421E+03  7.4643E-05  2.6082E-05  7.1845E-06
 7.0863E+25  1.0499E-04  7.0421E+03  7.4643E-05  2.5952E-05  7.1845E-06
 7.0955E+25  1.0554E-04  7.0420E+03  7.4643E-05  2.5822E-05  7.1845E-06
 7.1048E+25  1.0610E-04  7.0420E+03  7.4643E-05  2.5692E-05  7.1845E-06
 7.1140E+25  1.0667E-04  7.0419E+03  7.4643E-05  2.5563E-05  7.1845E-06
 7.1233E+25  1.0725E-04  7.0419E+03  7.4643E-05  2.5433E-05  7.1845E-06
 7.1325E+25  1.0765E-04  7.0419E+03  7.4643E-05  2.5304E-05  7.1845E-06
 7.1418E+25  1.0760E-04  7.0418E+03  7.4643E-05  2.5175E-05  7.1845E-06
 7.1511E+25  1.0816E-04  7.0418E+03  7.4643E-05  2.5046E-05  7.1845E-06
 7.1603E+25  1.0872E-04  7.0417E+03  7.4643E-05  2.4918E-05  7.1845E-06
 7.1696E+25  1.0929E-04  7.0417E+03  7.4643E-05  2.4790E-05  7.1845E-06
 7.1788E+25  1.0987E-04  7.0416E+03  7.4643E-05  2.4665E-05  7.1845E-06
 7.1881E+25  1.1023E-04  7.0416E+03  7.4643E-05  2.4545E-05  7.1845E-06
 7.1973E+25  1.1026E-04  7.0416E+03  7.4643E-05  2.4425E-05  7.1845E-06
 7.2066E+25  1.1083E-04  7.0416E+03  7.4643E-05  2.4307E-05  7.1845E-06
 7.2159E+25  1.1140E-04  7.0415E+03  7.4643E-05  2.4192E-05  7.1845E-06
 7.2251E+25  1.1197E-04  7.0415E+03  7.4643E-05  2.4075E-05  7.1845E-06
 7.2344E+25  1.1256E-04  7.0414E+03  7.4643E-05  2.3958E-05  7.1845E-06
 7.2436E+25  1.1287E-04  7.0414E+03  7.4643E-05  2.3841E-05  7.1845E-06
 7.2529E+25  1.1298E-04  7.0414E+03  7.4643E-05  2.3725E-05  7.1845E-06
 7.2621E+25  1.1356E-04  7.0413E+03  7.4643E-05  2.3609E-05  7.1845E-06
 7.2714E+25  1.1414E-04  7.0413E+03  7.4643E-05  2.3493E-05  7.1845E-06
 7.2807E+25  1.1472E-04  7.0412E+03  7.4643E-05  2.3377E-05  7.1845E-06
 7.2899E+25  1.1530E-04  7.0412E+03  7.4643E-05  2.3261E-05  7.1845E-06
 7.2992E+25  1.1561E-04  7.0412E+03  7.4643E-05  2.3145E-05  7.1845E-06
 7.3084E+25  1.1576E-04  7.0411E+03  7.4643E-05  2.3030E-05  7.1845E-06
 7.3177E+25  1.1635E-04  7.0411E+03  7.4643E-05  2.2915E-05  7.1845E-06
 7.3269E+25  1.1694E-04  7.0410E+03  7.4643E-05  2.2801E-05  7.1845E-06
 7.3362E+25  1.1752E-04  7.0410E+03  7.4643E-05  2.2686E-05  7.1845E-06
 7.3455E+25  1.1811E-04  7.0409E+03  7.4643E-05  2.2576E-05  7.1845E-06
 7.3547E+25  1.1841E-04  7.0409E+03  7.4643E-05  2.2469E-05  7.1845E-06
 7.3640E+25  1.1860E-04  7.0409E+03  7.4643E-05  2.2362E-05  7.1845E-06
 7.3732E+25  1.1920E-04  7.0408E+03  7.4643E-05  2.2257E-05  7.1845E-06
 7.3825E+25  1.1980E-04  7.0408E+03  7.4643E-05  2.2154E-05  7.1845E-06
 7.3917E+25  1.2039E-04  7.0407E+03  7.4643E-05  2.2049E-05  7.1845E-06
 7.4010E+25  1.2098E-04  7.0407E+03  7.4643E-05  2.1945E-05  7.1845E-06
 7.4103E+25  1.2130E-04  7.0407E+03  7.4643E-05  2.1841E-05  7.1845E-06
 7.4195E+25  1.2151E-04  7.0406E+03  7.4643E-05  2.1737E-05  7.1845E-06
 7.4288E+25  1.2211E-04  7.0406E+03  7.4643E-05  2.1633E-05  7.1845E-06
 7.4380E+25  1.2273E-04  7.0405E+03  7.4643E-05  2.1529E-05  7.1845E-06
 7.4473E+25  1.2333E-04  7.0405E+03  7.4643E-05  2.1426E-05  7.1845E-06
 7.4565E+25  1.2393E-04  7.0405E+03  7.4643E-05  2.1322E-05  7.1845E-06
 7.4658E+25  1.2428E-04  7.0404E+03  7.4643E-05  2.1219E-05  7.1845E-06
 7.4751E+25  1.2448E-04  7.0404E+03  7.4643E-05  2.1116E-05  7.1845E-06
 7.4843E+25  1.2509E-04  7.0403E+03  7.4643E-05  2.1013E-05  7.1845E-06
 7.4936E+25  1.2571E-04  7.0403E+03  7.4643E-05  2.0910E-05  7.1845E-06
 7.5028E+25  1.2633E-04  7.0402E+03  7.4643E-05  2.0807E-05  7.1845E-06
 7.5121E+25  1.2693E-04  7.0402E+03  7.4643E-05  2.0708E-05  7.1845E-06
 7.5213E+25  1.2733E-04  7.0402E+03  7.4643E-05  2.0612E-05  7.1845E-06
 7.5306E+25  1.2753E-04  7.0402E+03  7.4643E-05  2.0516E-05  7.1845E-06
 7.5399E+25  1.2814E-04  7.0401E+03  7.4643E-05  2.0422E-05  7.1845E-06
 7.5491E+25  1.2876E-04  7.0400E+03  7.4643E-05  2.0330E-05  7.1845E-06
 7.5584E+25  1.2938E-04  7.0400E+03  7.4643E-05  2.0236E-05  7.1845E-06
 7.5676E+25  1.3001E-04  7.0399E+03  7.4643E-05  2.0143E-05  7.1845E-06
 7.5769E+25  1.3046E-04  7.0399E+03  7.4643E-05  2.0050E-05  7.1845E-06
 7.5861E+25  1.3065E-04  7.0399E+03  7.4643E-05  1.9957E-05  7.1845E-06
 7.5954E+25  1.3126E-04  7.0398E+03  7.4643E-05  1.9864E-05  7.1845E-06
 7.6047E+25  1.3188E-04  7.0398E+03  7.4643E-05  1.9771E-05  7.1845E-06
 7.6139E+25  1.3251E-04  7.0397E+03  7.4643E-05  1.9679E-05  7.1845E-06
 7.6232E+25  1.3314E-04  7.0397E+03  7.4643E-05  1.9586E-05  7.1845E-06
 7.6324E+25  1.3367E-04  7.0397E+03  7.4643E-05  1.9493E-05  7.1845E-06
 7.6417E+25  1.3384E-04  7.0396E+03  7.4643E-05  1.9401E-05  7.1845E-06
 7.6509E+25  1.3446E-04  7.0396E+03  7.4643E-05  1.9309E-05  7.1845E-06
 7.6602E+25  1.3508E-04  7.0395E+03  7.4643E-05  1.9217E-05  7.1845E-06
 7.6695E+25  1.3570E-04  7.0395E+03  7.4643E-05  1.9125E-05  7.1845E-06
 7.6787E+25  1.3634E-04  7.0394E+03  7.4643E-05  1.9034E-05  7.1845E-06
 7.6880E+25  1.3693E-04  7.0394E+03  7.4643E-05  1.8946E-05  7.1845E-06
 7.6972E+25  1.3712E-04  7.0394E+03  7.4643E-05  1.8860E-05  7.1845E-06
 7.7065E+25  1.3773E-04  7.0393E+03  7.4643E-05  1.8775E-05  7.1845E-06
 7.7157E+25  1.3835E-04  7.0393E+03  7.4643E-05  1.8691E-05  7.1845E-06
 7.7250E+25  1.3898E-04  7.0392E+03  7.4643E-05  1.8609E-05  7.1845E-06
 7.7343E+25  1.3961E-04  7.0392E+03  7.4643E-05  1.8525E-05  7.1845E-06
 7.7435E+25  1.4024E-04  7.0391E+03  7.4643E-05  1.8442E-05  7.1845E-06
 7.7528E+25  1.4047E-04  7.0391E+03  7.4643E-05  1.8359E-05  7.1845E-06
 7.7620E+25  1.4108E-04  7.0391E+03  7.4643E-05  1.8276E-05  7.1845E-06
 7.7713E+25  1.4170E-04  7.0390E+03  7.4643E-05  1.8193E-05  7.1845E-06
 7.7805E+25  1.4233E-04  7.0389E+03  7.4643E-05  1.8110E-05  7.1845E-06
 7.7898E+25  1.4296E-04  7.0389E+03  7.4643E-05  1.8028E-05  7.1845E-06
 7.7991E+25  1.4359E-04  7.0389E+03  7.4643E-05  1.7945E-05  7.1845E-06
 7.8083E+25  1.4392E-04  7.0388E+03  7.4643E-05  1.7862E-05  7.1845E-06
 7.8176E+25  1.4448E-04  7.0388E+03  7.4643E-05  1.7779E-05  7.1845E-06
 7.8268E+25  1.4513E-04  7.0387E+03  7.4643E-05  1.7697E-05  7.1845E-06
 7.8361E+25  1.4576E-04  7.0387E+03  7.4643E-05  1.7614E-05  7.1845E-06
 7.8453E+25  1.4639E-04  7.0386E+03  7.4643E-05  1.7532E-05  7.1845E-06
 7.8546E+25  1.4703E-04  7.0386E+03  7.4643E-05  1.7450E-05  7.1845E-06
 7.8638E+25  1.4743E-04  7.0386E+03  7.4643E-05  1.7371E-05  7.1845E-06
 7.8731E+25  1.4796E-04  7.0385E+03  7.4643E-05  1.7294E-05  7.1845E-06
 7.8824E+25  1.4862E-04  7.0384E+03  7.4643E-05  1.7217E-05  7.1845E-06
 7.8916E+25  1.4927E-04  7.0384E+03  7.4643E-05  1.7142E-05  7.1845E-06
 7.9009E+25  1.4990E-04  7.0383E+03  7.4643E-05  1.7069E-05  7.1845E-06
 7.9101E+25  1.5054E-04  7.0383E+03  7.4643E-05  1.6995E-05  7.1845E-06
 7.9194E+25  1.5103E-04  7.0383E+03  7.4643E-05  1.6920E-05  7.1845E-06
 7.9286E+25  1.5150E-04  7.0382E+03  7.4643E-05  1.6846E-05  7.1845E-06
 7.9379E+25  1.5217E-04  7.0381E+03  7.4643E-05  1.6772E-05  7.1845E-06
 7.9472E+25  1.5284E-04  7.0381E+03  7.4643E-05  1.6698E-05  7.1845E-06
 7.9564E+25  1.5349E-04  7.0380E+03  7.4643E-05  1.6624E-05  7.1845E-06
 7.9657E+25  1.5413E-04  7.0380E+03  7.4643E-05  1.6550E-05  7.1845E-06
 7.9749E+25  1.5470E-04  7.0380E+03  7.4643E-05  1.6476E-05  7.1845E-06
 7.9842E+25  1.5515E-04  7.0379E+03  7.4643E-05  1.6402E-05  7.1845E-06
 7.9934E+25  1.5579E-04  7.0379E+03  7.4643E-05  1.6328E-05  7.1845E-06
 8.0027E+25  1.5647E-04  7.0378E+03  7.4643E-05  1.6254E-05  7.1845E-06
 8.0120E+25  1.5714E-04  7.0377E+03  7.4643E-05  1.6180E-05  7.1845E-06
 8.0212E+25  1.5780E-04  7.0377E+03  7.4643E-05  1.6107E-05  7.1845E-06
 8.0305E+25  1.5842E-04  7.0377E+03  7.4643E-05  1.6034E-05  7.1845E-06
 8.0397E+25  1.5887E-04  7.0376E+03  7.4643E-05  1.5961E-05  7.1845E-06
 8.0490E+25  1.5952E-04  7.0376E+03  7.4643E-05  1.5891E-05  7.1845E-06
 8.0582E+25  1.6017E-04  7.0375E+03  7.4643E-05  1.5822E-05  7.1845E-06
 8.0675E+25  1.6085E-04  7.0374E+03  7.4643E-05  1.5753E-05  7.1845E-06
 8.0768E+25  1.6153E-04  7.0374E+03  7.4643E-05  1.5687E-05  7.1845E-06
 8.0860E+25  1.6219E-04  7.0374E+03  7.4643E-05  1.5621E-05  7.1845E-06
 8.0953E+25  1.6270E-04  7.0373E+03  7.4643E-05  1.5555E-05  7.1845E-06
 8.1045E+25  1.6332E-04  7.0373E+03  7.4643E-05  1.5488E-05  7.1845E-06
 8.1138E+25  1.6398E-04  7.0372E+03  7.4643E-05  1.5422E-05  7.1845E-06
 8.1230E+25  1.6464E-04  7.0371E+03  7.4643E-05  1.5356E-05  7.1845E-06
 8.1323E+25  1.6532E-04  7.0371E+03  7.4643E-05  1.5289E-05  7.1845E-06
 8.1416E+25  1.6600E-04  7.0370E+03  7.4643E-05  1.5223E-05  7.1845E-06
 8.1508E+25  1.6660E-04  7.0370E+03  7.4643E-05  1.5157E-05  7.1845E-06
 8.1601E+25  1.6721E-04  7.0370E+03  7.4643E-05  1.5091E-05  7.1845E-06
 8.1693E+25  1.6787E-04  7.0369E+03  7.4643E-05  1.5025E-05  7.1845E-06
 8.1786E+25  1.6852E-04  7.0368E+03  7.4643E-05  1.4959E-05  7.1845E-06
 8.1878E+25  1.6919E-04  7.0367E+03  7.4643E-05  1.4893E-05  7.1845E-06
 8.1971E+25  1.6987E-04  7.0367E+03  7.4643E-05  1.4828E-05  7.1845E-06
 8.2064E+25  1.7055E-04  7.0367E+03  7.4643E-05  1.4762E-05  7.1845E-06
 8.2156E+25  1.7117E-04  7.0366E+03  7.4643E-05  1.4696E-05  7.1845E-06
 8.2249E+25  1.7183E-04  7.0366E+03  7.4643E-05  1.4631E-05  7.1845E-06
 8.2341E+25  1.7250E-04  7.0365E+03  7.4643E-05  1.4567E-05  7.1845E-06
 8.2434E+25  1.7315E-04  7.0364E+03  7.4643E-05  1.4506E-05  7.1845E-06
 8.2526E+25  1.7382E-04  7.0364E+03  7.4643E-05  1.4444E-05  7.1845E-06
 8.2619E+25  1.7450E-04  7.0363E+03  7.4643E-05  1.4384E-05  7.1845E-06
 8.2712E+25  1.7520E-04  7.0363E+03  7.4643E-05  1.4325E-05  7.1845E-06
 8.2804E+25  1.7588E-04  7.0362E+03  7.4643E-05  1.4266E-05  7.1845E-06
 8.2897E+25  1.7654E-04  7.0362E+03  7.4643E-05  1.4207E-05  7.1845E-06
 8.2989E+25  1.7721E-04  7.0361E+03  7.4643E-05  1.4148E-05  7.1845E-06
 8.3082E+25  1.7787E-04  7.0360E+03  7.4643E-05  1.4089E-05  7.1845E-06
 8.3174E+25  1.7854E-04  7.0360E+03  7.4643E-05  1.4030E-05  7.1845E-06
 8.3267E+25  1.7926E-04  7.0360E+03  7.4643E-05  1.3971E-05  7.1845E-06
 8.3360E+25  1.7998E-04  7.0359E+03  7.4643E-05  1.3912E-05  7.1845E-06
 8.3452E+25  1.8066E-04  7.0358E+03  7.4643E-05  1.3853E-05  7.1845E-06
 8.3545E+25  1.8133E-04  7.0358E+03  7.4643E-05  1.3794E-05  7.1845E-06
 8.3637E+25  1.8200E-04  7.0357E+03  7.4643E-05  1.3735E-05  7.1845E-06
 8.3730E+25  1.8267E-04  7.0356E+03  7.4643E-05  1.3676E-05  7.1845E-06
 8.3822E+25  1.8337E-04  7.0356E+03  7.4643E-05  1.3617E-05  7.1845E-06
 8.3915E+25  1.8414E-04  7.0355E+03  7.4643E-05  1.3558E-05  7.1845E-06
 8.4008E+25  1.8484E-04  7.0355E+03  7.4643E-05  1.3500E-05  7.1845E-06
 8.4100E+25  1.8553E-04  7.0354E+03  7.4643E-05  1.3441E-05  7.1845E-06
 8.4193E+25  1.8620E-04  7.0353E+03  7.4643E-05  1.3383E-05  7.1845E-06
 8.4285E+25  1.8687E-04  7.0353E+03  7.4643E-05  1.3327E-05  7.1845E-06
 8.4378E+25  1.8756E-04  7.0352E+03  7.4643E-05  1.3271E-05  7.1845E-06
 8.4470E+25  1.8837E-04  7.0352E+03  7.4643E-05  1.3216E-05  7.1845E-06
 8.4563E+25  1.8907E-04  7.0351E+03  7.4643E-05  1.3162E-05  7.1845E-06
 8.4656E+25  1.8977E-04  7.0350E+03  7.4643E-05  1.3110E-05  7.1845E-06
 8.4748E+25  1.9047E-04  7.0350E+03  7.4643E-05  1.3058E-05  7.1845E-06
 8.4841E+25  1.9115E-04  7.0349E+03  7.4643E-05  1.3005E-05  7.1845E-06
 8.4933E+25  1.9182E-04  7.0349E+03  7.4643E-05  1.2952E-05  7.1845E-06
 8.5026E+25  1.9264E-04  7.0348E+03  7.4643E-05  1.2899E-05  7.1845E-06
 8.5118E+25  1.9342E-04  7.0348E+03  7.4643E-05  1.2847E-05  7.1845E-06
 8.5211E+25  1.9408E-04  7.0347E+03  7.4643E-05  1.2794E-05  7.1845E-06
 8.5304E+25  1.9479E-04  7.0346E+03  7.4643E-05  1.2741E-05  7.1845E-06
 8.5396E+25  1.9549E-04  7.0345E+03  7.4643E-05  1.2689E-05  7.1845E-06
 8.5489E+25  1.9617E-04  7.0345E+03  7.4643E-05  1.2636E-05  7.1845E-06
 8.5581E+25  1.9688E-04  7.0344E+03  7.4643E-05  1.2584E-05  7.1845E-06
 8.5674E+25  1.9784E-04  7.0344E+03  7.4643E-05  1.2531E-05  7.1845E-06
 8.5766E+25  1.9852E-04  7.0343E+03  7.4643E-05  1.2478E-05  7.1845E-06
 8.5859E+25  1.9917E-04  7.0342E+03  7.4643E-05  1.2426E-05  7.1845E-06
 8.5952E+25  1.9986E-04  7.0342E+03  7.4643E-05  1.2373E-05  7.1845E-06
 8.6044E+25  2.0057E-04  7.0341E+03  7.4643E-05  1.2321E-05  7.1845E-06
 8.6137E+25  2.0127E-04  7.0340E+03  7.4643E-05  1.2269E-05  7.1845E-06
 8.6229E+25  2.0219E-04  7.0340E+03  7.4643E-05  1.2217E-05  7.1845E-06
 8.6322E+25  2.0301E-04  7.0339E+03  7.4643E-05  1.2168E-05  7.1845E-06
 8.6414E+25  2.0368E-04  7.0339E+03  7.4643E-05  1.2119E-05  7.1845E-06
 8.6507E+25  2.0434E-04  7.0338E+03  7.4643E-05  1.2070E-05  7.1845E-06
 8.6600E+25  2.0501E-04  7.0337E+03  7.4643E-05  1.2023E-05  7.1845E-06
 8.6692E+25  2.0572E-04  7.0336E+03  7.4643E-05  1.1976E-05  7.1845E-06
 8.6785E+25  2.0653E-04  7.0336E+03  7.4643E-05  1.1929E-05  7.1845E-06
 8.6877E+25  2.0755E-04  7.0335E+03  7.4643E-05  1.1882E-05  7.1845E-06
 8.6970E+25  2.0822E-04  7.0335E+03  7.4643E-05  1.1835E-05  7.1845E-06
 8.7062E+25  2.0891E-04  7.0334E+03  7.4643E-05  1.1788E-05  7.1845E-06
 8.7155E+25  2.0958E-04  7.0333E+03  7.4643E-05  1.1741E-05  7.1845E-06
 8.7248E+25  2.1023E-04  7.0332E+03  7.4643E-05  1.1694E-05  7.1845E-06
 8.7340E+25  2.1094E-04  7.0332E+03  7.4643E-05  1.1647E-05  7.1845E-06
 8.7433E+25  2.1202E-04  7.0331E+03  7.4643E-05  1.1600E-05  7.1845E-06
 8.7525E+25  2.1285E-04  7.0331E+03  7.4643E-05  1.1554E-05  7.1845E-06
 8.7618E+25  2.1351E-04  7.0330E+03  7.4643E-05  1.1507E-05  7.1845E-06
 8.7710E+25  2.1420E-04  7.0329E+03  7.4643E-05  1.1460E-05  7.1845E-06
 8.7803E+25  2.1487E-04  7.0328E+03  7.4643E-05  1.1413E-05  7.1845E-06
 8.7896E+25  2.1553E-04  7.0328E+03  7.4643E-05  1.1366E-05  7.1845E-06
 8.7988E+25  2.1633E-04  7.0327E+03  7.4643E-05  1.1319E-05  7.1845E-06
 8.8081E+25  2.1750E-04  7.0326E+03  7.4643E-05  1.1272E-05  7.1845E-06
 8.8173E+25  2.1820E-04  7.0326E+03  7.4643E-05  1.1225E-05  7.1845E-06
 8.8266E+25  2.1886E-04  7.0325E+03  7.4643E-05  1.1179E-05  7.1845E-06
 8.8358E+25  2.1953E-04  7.0324E+03  7.4643E-05  1.1135E-05  7.1845E-06
 8.8451E+25  2.2021E-04  7.0323E+03  7.4643E-05  1.1091E-05  7.1845E-06
 8.8544E+25  2.2089E-04  7.0323E+03  7.4643E-05  1.1047E-05  7.1845E-06
 8.8636E+25  2.2198E-04  7.0322E+03  7.4643E-05  1.1005E-05  7.1845E-06
 8.8729E+25  2.2289E-04  7.0321E+03  7.4643E-05  1.0964E-05  7.1845E-06
 8.8821E+25  2.2359E-04  7.0321E+03  7.4643E-05  1.0922E-05  7.1845E-06
 8.8914E+25  2.2427E-04  7.0320E+03  7.4643E-05  1.0880E-05  7.1845E-06
 8.9006E+25  2.2492E-04  7.0319E+03  7.4643E-05  1.0838E-05  7.1845E-06
 8.9099E+25  2.2561E-04  7.0318E+03  7.4643E-05  1.0796E-05  7.1845E-06
 8.9192E+25  2.2637E-04  7.0318E+03  7.4643E-05  1.0754E-05  7.1845E-06
 8.9284E+25  2.2765E-04  7.0317E+03  7.4643E-05  1.0712E-05  7.1845E-06
 8.9377E+25  2.2833E-04  7.0316E+03  7.4643E-05  1.0670E-05  7.1845E-06
 8.9469E+25  2.2901E-04  7.0315E+03  7.4643E-05  1.0629E-05  7.1845E-06
 8.9562E+25  2.2971E-04  7.0315E+03  7.4643E-05  1.0587E-05  7.1845E-06
 8.9654E+25  2.3036E-04  7.0314E+03  7.4643E-05  1.0545E-05  7.1845E-06
 8.9747E+25  2.3104E-04  7.0313E+03  7.4643E-05  1.0503E-05  7.1845E-06
 8.9840E+25  2.3210E-04  7.0313E+03  7.4643E-05  1.0461E-05  7.1845E-06
 8.9932E+25  2.3318E-04  7.0312E+03  7.4643E-05  1.0419E-05  7.1845E-06
 9.0025E+25  2.3383E-04  7.0311E+03  7.4643E-05  1.0378E-05  7.1845E-06
 9.0117E+25  2.3448E-04  7.0310E+03  7.4643E-05  1.0336E-05  7.1845E-06
 9.0210E+25  2.3517E-04  7.0309E+03  7.4643E-05  1.0294E-05  7.1845E-06
 9.0302E+25  2.3585E-04  7.0309E+03  7.4643E-05  1.0252E-05  7.1845E-06
 9.0395E+25  2.3654E-04  7.0308E+03  7.4643E-05  1.0212E-05  7.1845E-06
 9.0487E+25  2.3789E-04  7.0307E+03  7.4643E-05  1.0173E-05  7.1845E-06
 9.0580E+25  2.3871E-04  7.0307E+03  7.4643E-05  1.0133E-05  7.1845E-06
 9.0673E+25  2.3937E-04  7.0306E+03  7.4643E-05  1.0094E-05  7.1845E-06
 9.0765E+25  2.4001E-04  7.0305E+03  7.4643E-05  1.0057E-05  7.1845E-06
 9.0858E+25  2.4067E-04  7.0304E+03  7.4643E-05  1.0020E-05  7.1845E-06
 9.0950E+25  2.4135E-04  7.0303E+03  7.4643E-05  9.9827E-06  7.1845E-06
 9.1043E+25  2.4219E-04  7.0303E+03  7.4643E-05  9.9453E-06  7.1845E-06
 9.1135E+25  2.4360E-04  7.0302E+03  7.4643E-05  9.9079E-06  7.1845E-06
 9.1228E+25  2.4427E-04  7.0301E+03  7.4643E-05  9.8706E-06  7.1845E-06
 9.1321E+25  2.4492E-04  7.0300E+03  7.4643E-05  9.8333E-06  7.1845E-06
 9.1413E+25  2.4557E-04  7.0299E+03  7.4643E-05  9.7960E-06  7.1845E-06
 9.1506E+25  2.4621E-04  7.0299E+03  7.4643E-05  9.7588E-06  7.1845E-06
 9.1598E+25  2.4688E-04  7.0298E+03  7.4643E-05  9.7216E-06  7.1845E-06
 9.1691E+25  2.4801E-04  7.0297E+03  7.4643E-05  9.6843E-06  7.1845E-06
 9.1783E+25  2.4920E-04  7.0296E+03  7.4643E-05  9.6469E-06  7.1845E-06
 9.1876E+25  2.4985E-04  7.0296E+03  7.4643E-05  9.6095E-06  7.1845E-06
 9.1969E+25  2.5050E-04  7.0295E+03  7.4643E-05  9.5721E-06  7.1845E-06
 9.2061E+25  2.5114E-04  7.0294E+03  7.4643E-05  9.5348E-06  7.1845E-06
 9.2154E+25  2.5179E-04  7.0293E+03  7.4643E-05  9.4975E-06  7.1845E-06
 9.2246E+25  2.5245E-04  7.0292E+03  7.4643E-05  9.4601E-06  7.1845E-06
 9.2339E+25  2.5382E-04  7.0292E+03  7.4643E-05  9.4228E-06  7.1845E-06
 9.2431E+25  2.5481E-04  7.0291E+03  7.4643E-05  9.3857E-06  7.1845E-06
 9.2524E+25  2.5543E-04  7.0290E+03  7.4643E-05  9.3493E-06  7.1845E-06
