 4.6285E+22  3.2683E-11  1.1687E+04  7.4643E-05  1.0000E+00  7.1845E-06
 1.3886E+23  2.2873E-10  1.1691E+04  7.4643E-05  1.0000E+00  7.1845E-06
 2.3143E+23  6.2036E-10  1.1703E+04  7.4643E-05  1.0000E+00  7.1845E-06
 3.2400E+23  1.2061E-09  1.1730E+04  7.4643E-05  1.0000E+00  7.1845E-06
 4.1657E+23  1.9824E-09  1.1779E+04  7.4643E-05  1.0000E+00  7.1845E-06
 5.0914E+23  2.9435E-09  1.1858E+04  7.4643E-05  1.0000E+00  7.1845E-06
 6.0171E+23  4.0765E-09  1.1979E+04  7.4643E-05  1.0000E+00  7.1845E-06
 6.9428E+23  5.3694E-09  1.2155E+04  7.4643E-05  1.0000E+00  7.1845E-06
 7.8685E+23  6.7891E-09  1.2412E+04  7.4643E-05  1.0000E+00  7.1845E-06
 8.7942E+23  8.3062E-09  1.2770E+04  7.4643E-05  1.0000E+00  7.1845E-06
 9.7199E+23  9.9026E-09  1.3203E+04  7.4643E-05  1.0000E+00  7.1845E-06
 1.0646E+24  1.1599E-08  1.3640E+04  7.4643E-05  1.0000E+00  7.1845E-06
 1.1571E+24  1.3472E-08  1.3957E+04  7.4643E-05  1.0000E+00  7.1845E-06
 1.2497E+24  1.5582E-08  1.4127E+04  7.4643E-05  1.0000E+00  7.1845E-06
 1.3423E+24  1.7877E-08  1.4222E+04  7.4643E-05  1.0000E+00  7.1845E-06
 1.4348E+24  2.0326E-08  1.4322E+04  7.4643E-05  9.9999E-01  7.1845E-06
 1.5274E+24  2.2914E-08  1.4422E+04  7.4643E-05  9.9999E-01  7.1845E-06
 1.6200E+24  2.5656E-08  1.4515E+04  7.4643E-05  9.9999E-01  7.1845E-06
 1.7126E+24  2.8534E-08  1.4606E+04  7.4643E-05  9.9999E-01  7.1845E-06
 1.8051E+24  3.1579E-08  1.4688E+04  7.4643E-05  9.9999E-01  7.1845E-06
 1.8977E+24  3.4753E-08  1.4767E+04  7.4643E-05  9.9999E-01  7.1845E-06
 1.9903E+24  3.8094E-08  1.4844E+04  7.4643E-05  9.9999E-01  7.1845E-06
 2.0828E+24  4.1555E-08  1.4918E+04  7.4643E-05  9.9999E-01  7.1845E-06
 2.1754E+24  4.5166E-08  1.4990E+04  7.4643E-05  9.9999E-01  7.1845E-06
 2.2680E+24  4.8922E-08  1.5060E+04  7.4643E-05  9.9999E-01  7.1845E-06
 2.3605E+24  5.2833E-08  1.5129E+04  7.4643E-05  9.9999E-01  7.1845E-06
 2.4531E+24  5.6874E-08  1.5192E+04  7.4643E-05  9.9999E-01  7.1845E-06
 2.5457E+24  6.1050E-08  1.5257E+04  7.4643E-05  9.9998E-01  7.1845E-06
 2.6383E+24  6.5399E-08  1.5320E+04  7.4643E-05  9.9998E-01  7.1845E-06
 2.7308E+24  6.9843E-08  1.5379E+04  7.4643E-05  9.9998E-01  7.1845E-06
 2.8234E+24  7.4448E-08  1.5439E+04  7.4643E-05  9.9998E-01  7.1845E-06
 2.9160E+24  7.9171E-08  1.5495E+04  7.4643E-05  9.9998E-01  7.1845E-06
 3.0085E+24  8.4111E-08  1.5551E+04  7.4643E-05  9.9998E-01  7.1845E-06
 3.1011E+24  8.9140E-08  1.5607E+04  7.4643E-05  9.9998E-01  7.1845E-06
 3.1937E+24  9.4274E-08  1.5660E+04  7.4643E-05  9.9998E-01  7.1845E-06
 3.2862E+24  9.9559E-08  1.5711E+04  7.4643E-05  9.9997E-01  7.1845E-06
 3.3788E+24  1.0495E-07  1.5762E+04  7.4643E-05  9.9997E-01  7.1845E-06
 3.4714E+24  1.1051E-07  1.5812E+04  7.4643E-05  9.9997E-01  7.1845E-06
 3.5640E+24  1.1626E-07  1.5860E+04  7.4643E-05  9.9997E-01  7.1845E-06
 3.6565E+24  1.2223E-07  1.5907E+04  7.4643E-05  9.9997E-01  7.1845E-06
 3.7491E+24  1.2802E-07  1.5954E+04  7.4643E-05  9.9997E-01  7.1845E-06
 3.8417E+24  1.3425E-07  1.6000E+04  7.4643E-05  9.9997E-01  7.1845E-06
 3.9342E+24  1.4046E-07  1.6043E+04  7.4643E-05  9.9996E-01  7.1845E-06
 4.0268E+24  1.4695E-07  1.6088E+04  7.4643E-05  9.9996E-01  7.1845E-06
 4.1194E+24  1.5328E-07  1.6130E+04  7.4643E-05  9.9996E-01  7.1845E-06
 4.2120E+24  1.6015E-07  1.6172E+04  7.4643E-05  9.9996E-01  7.1845E-06
 4.3045E+24  1.6694E-07  1.6212E+04  7.4643E-05  9.9996E-01  7.1845E-06
 4.3971E+24  1.7365E-07  1.6253E+04  7.4643E-05  9.9996E-01  7.1845E-06
 4.4897E+24  1.8081E-07  1.6292E+04  7.4643E-05  9.9995E-01  7.1845E-06
 4.5822E+24  1.8806E-07  1.6331E+04  7.4643E-05  9.9995E-01  7.1845E-06
 4.6748E+24  1.9542E-07  1.6369E+04  7.4643E-05  9.9995E-01  7.1845E-06
 4.7674E+24  2.0288E-07  1.6406E+04  7.4643E-05  9.9995E-01  7.1845E-06
 4.8599E+24  2.1046E-07  1.6443E+04  7.4643E-05  9.9995E-01  7.1845E-06
 4.9525E+24  2.1817E-07  1.6479E+04  7.4643E-05  9.9994E-01  7.1845E-06
 5.0451E+24  2.2603E-07  1.6514E+04  7.4643E-05  9.9994E-01  7.1845E-06
 5.1377E+24  2.3403E-07  1.6548E+04  7.4643E-05  9.9994E-01  7.1845E-06
 5.2302E+24  2.4220E-07  1.6583E+04  7.4643E-05  9.9994E-01  7.1845E-06
 5.3228E+24  2.5057E-07  1.6616E+04  7.4643E-05  9.9994E-01  7.1845E-06
 5.4154E+24  2.5913E-07  1.6650E+04  7.4643E-05  9.9993E-01  7.1845E-06
 5.5079E+24  2.6722E-07  1.6682E+04  7.4643E-05  9.9993E-01  7.1845E-06
 5.6005E+24  2.7585E-07  1.6714E+04  7.4643E-05  9.9993E-01  7.1845E-06
 5.6931E+24  2.8495E-07  1.6746E+04  7.4643E-05  9.9993E-01  7.1845E-06
 5.7856E+24  2.9419E-07  1.6777E+04  7.4643E-05  9.9992E-01  7.1845E-06
 5.8782E+24  3.0235E-07  1.6808E+04  7.4643E-05  9.9992E-01  7.1845E-06
 5.9708E+24  3.1213E-07  1.6838E+04  7.4643E-05  9.9992E-01  7.1845E-06
 6.0634E+24  3.2158E-07  1.6867E+04  7.4643E-05  9.9992E-01  7.1845E-06
 6.1559E+24  3.3044E-07  1.6896E+04  7.4643E-05  9.9991E-01  7.1845E-06
 6.2485E+24  3.4106E-07  1.6925E+04  7.4643E-05  9.9991E-01  7.1845E-06
 6.3411E+24  3.4945E-07  1.6953E+04  7.4643E-05  9.9991E-01  7.1845E-06
 6.4336E+24  3.6052E-07  1.6981E+04  7.4643E-05  9.9991E-01  7.1845E-06
 6.5262E+24  3.6937E-07  1.7008E+04  7.4643E-05  9.9990E-01  7.1845E-06
 6.6188E+24  3.8074E-07  1.7035E+04  7.4643E-05  9.9990E-01  7.1845E-06
 6.7113E+24  3.8957E-07  1.7062E+04  7.4643E-05  9.9990E-01  7.1845E-06
 6.8039E+24  4.0136E-07  1.7089E+04  7.4643E-05  9.9990E-01  7.1845E-06
 6.8965E+24  4.1052E-07  1.7115E+04  7.4643E-05  9.9989E-01  7.1845E-06
 6.9891E+24  4.2193E-07  1.7141E+04  7.4643E-05  9.9989E-01  7.1845E-06
 7.0816E+24  4.3288E-07  1.7166E+04  7.4643E-05  9.9989E-01  7.1845E-06
 7.1742E+24  4.4281E-07  1.7191E+04  7.4643E-05  9.9989E-01  7.1845E-06
 7.2668E+24  4.5492E-07  1.7216E+04  7.4643E-05  9.9988E-01  7.1845E-06
 7.3593E+24  4.6565E-07  1.7241E+04  7.4643E-05  9.9988E-01  7.1845E-06
 7.4519E+24  4.7628E-07  1.7265E+04  7.4643E-05  9.9988E-01  7.1845E-06
 7.5445E+24  4.8857E-07  1.7289E+04  7.4643E-05  9.9987E-01  7.1845E-06
 7.6371E+24  5.0056E-07  1.7312E+04  7.4643E-05  9.9987E-01  7.1845E-06
 7.7296E+24  5.1053E-07  1.7336E+04  7.4643E-05  9.9987E-01  7.1845E-06
 7.8222E+24  5.2301E-07  1.7359E+04  7.4643E-05  9.9986E-01  7.1845E-06
 7.9148E+24  5.3558E-07  1.7382E+04  7.4643E-05  9.9986E-01  7.1845E-06
 8.0073E+24  5.4821E-07  1.7404E+04  7.4643E-05  9.9986E-01  7.1845E-06
 8.0999E+24  5.5841E-07  1.7427E+04  7.4643E-05  9.9986E-01  7.1845E-06
 8.1925E+24  5.7116E-07  1.7449E+04  7.4643E-05  9.9985E-01  7.1845E-06
 8.2850E+24  5.8404E-07  1.7471E+04  7.4643E-05  9.9985E-01  7.1845E-06
 8.3776E+24  5.9698E-07  1.7493E+04  7.4643E-05  9.9985E-01  7.1845E-06
 8.4702E+24  6.1001E-07  1.7514E+04  7.4643E-05  9.9984E-01  7.1845E-06
 8.5628E+24  6.2261E-07  1.7535E+04  7.4643E-05  9.9984E-01  7.1845E-06
 8.6553E+24  6.3435E-07  1.7556E+04  7.4643E-05  9.9984E-01  7.1845E-06
 8.7479E+24  6.4763E-07  1.7577E+04  7.4643E-05  9.9983E-01  7.1845E-06
 8.8405E+24  6.6102E-07  1.7598E+04  7.4643E-05  9.9983E-01  7.1845E-06
 8.9330E+24  6.7451E-07  1.7618E+04  7.4643E-05  9.9982E-01  7.1845E-06
 9.0256E+24  6.8808E-07  1.7638E+04  7.4643E-05  9.9982E-01  7.1845E-06
 9.1182E+24  7.0174E-07  1.7658E+04  7.4643E-05  9.9982E-01  7.1845E-06
 9.2107E+24  7.1550E-07  1.7678E+04  7.4643E-05  9.9981E-01  7.1845E-06
 9.3033E+24  7.2935E-07  1.7697E+04  7.4643E-05  9.9981E-01  7.1845E-06
 9.3959E+24  7.4331E-07  1.7717E+04  7.4643E-05  9.9981E-01  7.1845E-06
 9.4885E+24  7.5736E-07  1.7736E+04  7.4643E-05  9.9980E-01  7.1845E-06
 9.5810E+24  7.7152E-07  1.7755E+04  7.4643E-05  9.9980E-01  7.1845E-06
 9.6736E+24  7.8580E-07  1.7774E+04  7.4643E-05  9.9980E-01  7.1845E-06
 9.7662E+24  8.0019E-07  1.7792E+04  7.4643E-05  9.9979E-01  7.1845E-06
 9.8587E+24  8.1470E-07  1.7811E+04  7.4643E-05  9.9979E-01  7.1845E-06
 9.9513E+24  8.2934E-07  1.7829E+04  7.4643E-05  9.9978E-01  7.1845E-06
 1.0044E+25  8.4411E-07  1.7848E+04  7.4643E-05  9.9978E-01  7.1845E-06
 1.0136E+25  8.5902E-07  1.7866E+04  7.4643E-05  9.9977E-01  7.1845E-06
 1.0229E+25  8.7408E-07  1.7883E+04  7.4643E-05  9.9977E-01  7.1845E-06
 1.0322E+25  8.8930E-07  1.7901E+04  7.4643E-05  9.9976E-01  7.1845E-06
 1.0414E+25  9.0468E-07  1.7919E+04  7.4643E-05  9.9975E-01  7.1845E-06
 1.0507E+25  9.2024E-07  1.7936E+04  7.4643E-05  9.9973E-01  7.1845E-06
 1.0599E+25  9.3596E-07  1.7953E+04  7.4643E-05  9.9969E-01  7.1845E-06
 1.0692E+25  9.5189E-07  1.7970E+04  7.4643E-05  9.9963E-01  7.1845E-06
 1.0784E+25  9.6802E-07  1.7987E+04  7.4643E-05  9.9952E-01  7.1845E-06
 1.0877E+25  9.8436E-07  1.8003E+04  7.4643E-05  9.9933E-01  7.1845E-06
 1.0970E+25  1.0009E-06  1.8018E+04  7.4643E-05  9.9898E-01  7.1845E-06
 1.1062E+25  1.0151E-06  1.8032E+04  7.4643E-05  9.9837E-01  7.1845E-06
 1.1155E+25  1.0309E-06  1.8044E+04  7.4643E-05  9.9729E-01  7.1845E-06
 1.1247E+25  1.0479E-06  1.8052E+04  7.4643E-05  9.9543E-01  7.1845E-06
 1.1340E+25  1.0654E-06  1.8055E+04  7.4643E-05  9.9223E-01  7.1845E-06
 1.1432E+25  1.0833E-06  1.8048E+04  7.4643E-05  9.8683E-01  7.1845E-06
 1.1525E+25  1.1019E-06  1.8027E+04  7.4643E-05  9.7786E-01  7.1845E-06
 1.1618E+25  1.1214E-06  1.7980E+04  7.4643E-05  9.6329E-01  7.1845E-06
 1.1710E+25  1.1388E-06  1.7897E+04  7.4643E-05  9.4026E-01  7.1845E-06
 1.1803E+25  1.1590E-06  1.7758E+04  7.4643E-05  9.0528E-01  7.1845E-06
 1.1895E+25  1.1843E-06  1.7542E+04  7.4643E-05  8.5492E-01  7.1845E-06
 1.1988E+25  1.2135E-06  1.7232E+04  7.4643E-05  7.8740E-01  7.1845E-06
 1.2080E+25  1.2477E-06  1.6816E+04  7.4643E-05  7.0452E-01  7.1845E-06
 1.2173E+25  1.2877E-06  1.6303E+04  7.4643E-05  6.1249E-01  7.1845E-06
 1.2266E+25  1.3314E-06  1.5721E+04  7.4643E-05  5.2020E-01  7.1845E-06
 1.2358E+25  1.3798E-06  1.5107E+04  7.4643E-05  4.3568E-01  7.1845E-06
 1.2451E+25  1.4356E-06  1.4500E+04  7.4643E-05  3.6353E-01  7.1845E-06
 1.2543E+25  1.4942E-06  1.3924E+04  7.4643E-05  3.0468E-01  7.1845E-06
 1.2636E+25  1.5541E-06  1.3393E+04  7.4643E-05  2.5779E-01  7.1845E-06
 1.2728E+25  1.6146E-06  1.2913E+04  7.4643E-05  2.2065E-01  7.1845E-06
 1.2821E+25  1.6748E-06  1.2483E+04  7.4643E-05  1.9109E-01  7.1845E-06
 1.2914E+25  1.7345E-06  1.2097E+04  7.4643E-05  1.6731E-01  7.1845E-06
 1.3006E+25  1.7936E-06  1.1753E+04  7.4643E-05  1.4792E-01  7.1845E-06
 1.3099E+25  1.8519E-06  1.1444E+04  7.4643E-05  1.3190E-01  7.1845E-06
 1.3191E+25  1.9094E-06  1.1165E+04  7.4643E-05  1.1850E-01  7.1845E-06
 1.3284E+25  1.9662E-06  1.0914E+04  7.4643E-05  1.0715E-01  7.1845E-06
 1.3376E+25  2.0223E-06  1.0687E+04  7.4643E-05  9.7435E-02  7.1845E-06
 1.3469E+25  2.0756E-06  1.0480E+04  7.4643E-05  8.9048E-02  7.1845E-06
 1.3562E+25  2.1302E-06  1.0291E+04  7.4643E-05  8.1744E-02  7.1845E-06
 1.3654E+25  2.1842E-06  1.0119E+04  7.4643E-05  7.5336E-02  7.1845E-06
 1.3747E+25  2.2380E-06  9.9600E+03  7.4643E-05  6.9677E-02  7.1845E-06
 1.3839E+25  2.2911E-06  9.8137E+03  7.4643E-05  6.4650E-02  7.1845E-06
 1.3932E+25  2.3441E-06  9.6787E+03  7.4643E-05  6.0159E-02  7.1845E-06
 1.4024E+25  2.3966E-06  9.5536E+03  7.4643E-05  5.6129E-02  7.1845E-06
 1.4117E+25  2.4488E-06  9.4375E+03  7.4643E-05  5.2495E-02  7.1845E-06
 1.4210E+25  2.5008E-06  9.3294E+03  7.4643E-05  4.9206E-02  7.1845E-06
 1.4302E+25  2.5527E-06  9.2287E+03  7.4643E-05  4.6217E-02  7.1845E-06
 1.4395E+25  2.6044E-06  9.1345E+03  7.4643E-05  4.3493E-02  7.1845E-06
 1.4487E+25  2.6561E-06  9.0464E+03  7.4643E-05  4.1001E-02  7.1845E-06
 1.4580E+25  2.7078E-06  8.9638E+03  7.4643E-05  3.8715E-02  7.1845E-06
 1.4672E+25  2.7595E-06  8.8862E+03  7.4643E-05  3.6613E-02  7.1845E-06
 1.4765E+25  2.8111E-06  8.8132E+03  7.4643E-05  3.4674E-02  7.1845E-06
 1.4858E+25  2.8562E-06  8.7444E+03  7.4643E-05  3.2883E-02  7.1845E-06
 1.4950E+25  2.9055E-06  8.6796E+03  7.4643E-05  3.1223E-02  7.1845E-06
 1.5043E+25  2.9568E-06  8.6183E+03  7.4643E-05  2.9683E-02  7.1845E-06
 1.5135E+25  3.0082E-06  8.5604E+03  7.4643E-05  2.8250E-02  7.1845E-06
 1.5228E+25  3.0601E-06  8.5055E+03  7.4643E-05  2.6916E-02  7.1845E-06
 1.5320E+25  3.1123E-06  8.4535E+03  7.4643E-05  2.5670E-02  7.1845E-06
 1.5413E+25  3.1647E-06  8.4041E+03  7.4643E-05  2.4505E-02  7.1845E-06
 1.5506E+25  3.2165E-06  8.3573E+03  7.4643E-05  2.3415E-02  7.1845E-06
 1.5598E+25  3.2556E-06  8.3127E+03  7.4643E-05  2.2392E-02  7.1845E-06
 1.5691E+25  3.3078E-06  8.2703E+03  7.4643E-05  2.1432E-02  7.1845E-06
 1.5783E+25  3.3609E-06  8.2299E+03  7.4643E-05  2.0530E-02  7.1845E-06
 1.5876E+25  3.4146E-06  8.1914E+03  7.4643E-05  1.9680E-02  7.1845E-06
 1.5968E+25  3.4690E-06  8.1546E+03  7.4643E-05  1.8880E-02  7.1845E-06
 1.6061E+25  3.5181E-06  8.1195E+03  7.4643E-05  1.8124E-02  7.1845E-06
 1.6154E+25  3.5573E-06  8.0860E+03  7.4643E-05  1.7410E-02  7.1845E-06
 1.6246E+25  3.6123E-06  8.0540E+03  7.4643E-05  1.6735E-02  7.1845E-06
 1.6339E+25  3.6682E-06  8.0233E+03  7.4643E-05  1.6096E-02  7.1845E-06
 1.6431E+25  3.7249E-06  7.9939E+03  7.4643E-05  1.5491E-02  7.1845E-06
 1.6524E+25  3.7700E-06  7.9658E+03  7.4643E-05  1.4917E-02  7.1845E-06
 1.6616E+25  3.8121E-06  7.9388E+03  7.4643E-05  1.4372E-02  7.1845E-06
 1.6709E+25  3.8700E-06  7.9129E+03  7.4643E-05  1.3855E-02  7.1845E-06
 1.6802E+25  3.9289E-06  7.8880E+03  7.4643E-05  1.3362E-02  7.1845E-06
 1.6894E+25  3.9821E-06  7.8642E+03  7.4643E-05  1.2894E-02  7.1845E-06
 1.6987E+25  4.0155E-06  7.8413E+03  7.4643E-05  1.2449E-02  7.1845E-06
 1.7079E+25  4.0759E-06  7.8192E+03  7.4643E-05  1.2024E-02  7.1845E-06
 1.7172E+25  4.1377E-06  7.7980E+03  7.4643E-05  1.1619E-02  7.1845E-06
 1.7264E+25  4.1871E-06  7.7776E+03  7.4643E-05  1.1232E-02  7.1845E-06
 1.7357E+25  4.2242E-06  7.7579E+03  7.4643E-05  1.0863E-02  7.1845E-06
 1.7450E+25  4.2881E-06  7.7390E+03  7.4643E-05  1.0510E-02  7.1845E-06
 1.7542E+25  4.3534E-06  7.7208E+03  7.4643E-05  1.0173E-02  7.1845E-06
 1.7635E+25  4.3844E-06  7.7032E+03  7.4643E-05  9.8505E-03  7.1845E-06
 1.7727E+25  4.4402E-06  7.6862E+03  7.4643E-05  9.5417E-03  7.1845E-06
 1.7820E+25  4.5079E-06  7.6699E+03  7.4643E-05  9.2463E-03  7.1845E-06
 1.7912E+25  4.5555E-06  7.6540E+03  7.4643E-05  8.9626E-03  7.1845E-06
 1.8005E+25  4.5953E-06  7.6388E+03  7.4643E-05  8.6912E-03  7.1845E-06
 1.8097E+25  4.6659E-06  7.6241E+03  7.4643E-05  8.4306E-03  7.1845E-06
 1.8190E+25  4.7237E-06  7.6098E+03  7.4643E-05  8.1803E-03  7.1845E-06
 1.8283E+25  4.7532E-06  7.5960E+03  7.4643E-05  7.9405E-03  7.1845E-06
 1.8375E+25  4.8272E-06  7.5827E+03  7.4643E-05  7.7094E-03  7.1845E-06
 1.8468E+25  4.8886E-06  7.5698E+03  7.4643E-05  7.4881E-03  7.1845E-06
 1.8560E+25  4.9156E-06  7.5574E+03  7.4643E-05  7.2746E-03  7.1845E-06
 1.8653E+25  4.9927E-06  7.5453E+03  7.4643E-05  7.0698E-03  7.1845E-06
 1.8745E+25  5.0497E-06  7.5336E+03  7.4643E-05  6.8723E-03  7.1845E-06
 1.8838E+25  5.0826E-06  7.5223E+03  7.4643E-05  6.6823E-03  7.1845E-06
 1.8931E+25  5.1636E-06  7.5113E+03  7.4643E-05  6.4994E-03  7.1845E-06
 1.9023E+25  5.2069E-06  7.5007E+03  7.4643E-05  6.3231E-03  7.1845E-06
 1.9116E+25  5.2548E-06  7.4903E+03  7.4643E-05  6.1533E-03  7.1845E-06
 1.9208E+25  5.3404E-06  7.4803E+03  7.4643E-05  5.9893E-03  7.1845E-06
 1.9301E+25  5.3604E-06  7.4706E+03  7.4643E-05  5.8313E-03  7.1845E-06
 1.9393E+25  5.4334E-06  7.4612E+03  7.4643E-05  5.6788E-03  7.1845E-06
 1.9486E+25  5.5067E-06  7.4521E+03  7.4643E-05  5.5316E-03  7.1845E-06
 1.9579E+25  5.5267E-06  7.4432E+03  7.4643E-05  5.3896E-03  7.1845E-06
 1.9671E+25  5.6191E-06  7.4346E+03  7.4643E-05  5.2521E-03  7.1845E-06
 1.9764E+25  5.6541E-06  7.4262E+03  7.4643E-05  5.1197E-03  7.1845E-06
 1.9856E+25  5.7152E-06  7.4181E+03  7.4643E-05  4.9911E-03  7.1845E-06
 1.9949E+25  5.7982E-06  7.4102E+03  7.4643E-05  4.8676E-03  7.1845E-06
 2.0041E+25  5.8118E-06  7.4025E+03  7.4643E-05  4.7473E-03  7.1845E-06
 2.0134E+25  5.9121E-06  7.3950E+03  7.4643E-05  4.6317E-03  7.1845E-06
 2.0227E+25  5.9392E-06  7.3878E+03  7.4643E-05  4.5191E-03  7.1845E-06
 2.0319E+25  6.0121E-06  7.3807E+03  7.4643E-05  4.4107E-03  7.1845E-06
 2.0412E+25  6.0815E-06  7.3738E+03  7.4643E-05  4.3055E-03  7.1845E-06
 2.0504E+25  6.1125E-06  7.3671E+03  7.4643E-05  4.2034E-03  7.1845E-06
 2.0597E+25  6.2213E-06  7.3606E+03  7.4643E-05  4.1050E-03  7.1845E-06
 2.0689E+25  6.2166E-06  7.3543E+03  7.4643E-05  4.0090E-03  7.1845E-06
 2.0782E+25  6.3271E-06  7.3481E+03  7.4643E-05  3.9166E-03  7.1845E-06
 2.0875E+25  6.3551E-06  7.3421E+03  7.4643E-05  3.8266E-03  7.1845E-06
 2.0967E+25  6.4331E-06  7.3362E+03  7.4643E-05  3.7393E-03  7.1845E-06
 2.1060E+25  6.4944E-06  7.3306E+03  7.4643E-05  3.6551E-03  7.1845E-06
 2.1152E+25  6.5407E-06  7.3250E+03  7.4643E-05  3.5727E-03  7.1845E-06
 2.1245E+25  6.6333E-06  7.3196E+03  7.4643E-05  3.4933E-03  7.1845E-06
 2.1337E+25  6.6496E-06  7.3143E+03  7.4643E-05  3.4160E-03  7.1845E-06
 2.1430E+25  6.7708E-06  7.3091E+03  7.4643E-05  3.3407E-03  7.1845E-06
 2.1523E+25  6.7612E-06  7.3041E+03  7.4643E-05  3.2682E-03  7.1845E-06
 2.1615E+25  6.8917E-06  7.2992E+03  7.4643E-05  3.1972E-03  7.1845E-06
 2.1708E+25  6.8906E-06  7.2944E+03  7.4643E-05  3.1284E-03  7.1845E-06
 2.1800E+25  7.0082E-06  7.2898E+03  7.4643E-05  3.0618E-03  7.1845E-06
 2.1893E+25  7.0253E-06  7.2852E+03  7.4643E-05  2.9965E-03  7.1845E-06
 2.1985E+25  7.1269E-06  7.2808E+03  7.4643E-05  2.9335E-03  7.1845E-06
 2.2078E+25  7.1594E-06  7.2764E+03  7.4643E-05  2.8722E-03  7.1845E-06
 2.2171E+25  7.2480E-06  7.2722E+03  7.4643E-05  2.8122E-03  7.1845E-06
 2.2263E+25  7.2928E-06  7.2681E+03  7.4643E-05  2.7544E-03  7.1845E-06
 2.2356E+25  7.3715E-06  7.2640E+03  7.4643E-05  2.6978E-03  7.1845E-06
 2.2448E+25  7.4252E-06  7.2601E+03  7.4643E-05  2.6425E-03  7.1845E-06
 2.2541E+25  7.4979E-06  7.2562E+03  7.4643E-05  2.5893E-03  7.1845E-06
 2.2633E+25  7.5567E-06  7.2524E+03  7.4643E-05  2.5371E-03  7.1845E-06
 2.2726E+25  7.6270E-06  7.2488E+03  7.4643E-05  2.4861E-03  7.1845E-06
 2.2819E+25  7.6870E-06  7.2452E+03  7.4643E-05  2.4370E-03  7.1845E-06
 2.2911E+25  7.7591E-06  7.2417E+03  7.4643E-05  2.3888E-03  7.1845E-06
 2.3004E+25  7.8165E-06  7.2382E+03  7.4643E-05  2.3416E-03  7.1845E-06
 2.3096E+25  7.8944E-06  7.2349E+03  7.4643E-05  2.2962E-03  7.1845E-06
 2.3189E+25  7.9450E-06  7.2316E+03  7.4643E-05  2.2517E-03  7.1845E-06
 2.3281E+25  8.0332E-06  7.2283E+03  7.4643E-05  2.2080E-03  7.1845E-06
 2.3374E+25  8.0724E-06  7.2252E+03  7.4643E-05  2.1658E-03  7.1845E-06
 2.3467E+25  8.1756E-06  7.2221E+03  7.4643E-05  2.1247E-03  7.1845E-06
 2.3559E+25  8.1986E-06  7.2191E+03  7.4643E-05  2.0843E-03  7.1845E-06
 2.3652E+25  8.3217E-06  7.2162E+03  7.4643E-05  2.0450E-03  7.1845E-06
 2.3744E+25  8.3238E-06  7.2133E+03  7.4643E-05  2.0070E-03  7.1845E-06
 2.3837E+25  8.4718E-06  7.2105E+03  7.4643E-05  1.9695E-03  7.1845E-06
 2.3929E+25  8.4477E-06  7.2077E+03  7.4643E-05  1.9329E-03  7.1845E-06
 2.4022E+25  8.6154E-06  7.2050E+03  7.4643E-05  1.8976E-03  7.1845E-06
 2.4115E+25  8.5812E-06  7.2023E+03  7.4643E-05  1.8629E-03  7.1845E-06
 2.4207E+25  8.7395E-06  7.1997E+03  7.4643E-05  1.8288E-03  7.1845E-06
 2.4300E+25  8.7373E-06  7.1972E+03  7.4643E-05  1.7958E-03  7.1845E-06
 2.4392E+25  8.8616E-06  7.1947E+03  7.4643E-05  1.7637E-03  7.1845E-06
 2.4485E+25  8.8988E-06  7.1923E+03  7.4643E-05  1.7320E-03  7.1845E-06
 2.4577E+25  8.9823E-06  7.1899E+03  7.4643E-05  1.7010E-03  7.1845E-06
 2.4670E+25  9.0651E-06  7.1876E+03  7.4643E-05  1.6711E-03  7.1845E-06
 2.4763E+25  9.1015E-06  7.1853E+03  7.4643E-05  1.6418E-03  7.1845E-06
 2.4855E+25  9.2367E-06  7.1830E+03  7.4643E-05  1.6128E-03  7.1845E-06
 2.4948E+25  9.2194E-06  7.1808E+03  7.4643E-05  1.5847E-03  7.1845E-06
 2.5040E+25  9.3934E-06  7.1787E+03  7.4643E-05  1.5575E-03  7.1845E-06
 2.5133E+25  9.3561E-06  7.1765E+03  7.4643E-05  1.5306E-03  7.1845E-06
 2.5225E+25  9.5109E-06  7.1745E+03  7.4643E-05  1.5042E-03  7.1845E-06
 2.5318E+25  9.5362E-06  7.1724E+03  7.4643E-05  1.4786E-03  7.1845E-06
 2.5411E+25  9.6266E-06  7.1704E+03  7.4643E-05  1.4537E-03  7.1845E-06
 2.5503E+25  9.7226E-06  7.1685E+03  7.4643E-05  1.4291E-03  7.1845E-06
 2.5596E+25  9.7411E-06  7.1665E+03  7.4643E-05  1.4050E-03  7.1845E-06
 2.5688E+25  9.9137E-06  7.1647E+03  7.4643E-05  1.3816E-03  7.1845E-06
 2.5781E+25  9.8548E-06  7.1628E+03  7.4643E-05  1.3588E-03  7.1845E-06
 2.5873E+25  1.0032E-05  7.1610E+03  7.4643E-05  1.3362E-03  7.1845E-06
 2.5966E+25  1.0046E-05  7.1592E+03  7.4643E-05  1.3141E-03  7.1845E-06
 2.6059E+25  1.0143E-05  7.1575E+03  7.4643E-05  1.2927E-03  7.1845E-06
 2.6151E+25  1.0250E-05  7.1558E+03  7.4643E-05  1.2718E-03  7.1845E-06
 2.6244E+25  1.0254E-05  7.1541E+03  7.4643E-05  1.2511E-03  7.1845E-06
 2.6336E+25  1.0435E-05  7.1524E+03  7.4643E-05  1.2308E-03  7.1845E-06
 2.6429E+25  1.0388E-05  7.1508E+03  7.4643E-05  1.2111E-03  7.1845E-06
 2.6521E+25  1.0543E-05  7.1492E+03  7.4643E-05  1.1919E-03  7.1845E-06
 2.6614E+25  1.0603E-05  7.1477E+03  7.4643E-05  1.1729E-03  7.1845E-06
 2.6707E+25  1.0651E-05  7.1461E+03  7.4643E-05  1.1542E-03  7.1845E-06
 2.6799E+25  1.0825E-05  7.1446E+03  7.4643E-05  1.1360E-03  7.1845E-06
 2.6892E+25  1.0757E-05  7.1432E+03  7.4643E-05  1.1184E-03  7.1845E-06
 2.6984E+25  1.0941E-05  7.1417E+03  7.4643E-05  1.1009E-03  7.1845E-06
 2.7077E+25  1.0976E-05  7.1403E+03  7.4643E-05  1.0837E-03  7.1845E-06
 2.7169E+25  1.1045E-05  7.1389E+03  7.4643E-05  1.0669E-03  7.1845E-06
 2.7262E+25  1.1212E-05  7.1375E+03  7.4643E-05  1.0507E-03  7.1845E-06
 2.7355E+25  1.1148E-05  7.1361E+03  7.4643E-05  1.0346E-03  7.1845E-06
 2.7447E+25  1.1335E-05  7.1348E+03  7.4643E-05  1.0188E-03  7.1845E-06
 2.7540E+25  1.1372E-05  7.1335E+03  7.4643E-05  1.0032E-03  7.1845E-06
 2.7632E+25  1.1436E-05  7.1322E+03  7.4643E-05  9.8815E-04  7.1845E-06
 2.7725E+25  1.1621E-05  7.1310E+03  7.4643E-05  9.7340E-04  7.1845E-06
 2.7817E+25  1.1538E-05  7.1297E+03  7.4643E-05  9.5878E-04  7.1845E-06
 2.7910E+25  1.1725E-05  7.1285E+03  7.4643E-05  9.4437E-04  7.1845E-06
 2.8003E+25  1.1792E-05  7.1273E+03  7.4643E-05  9.3034E-04  7.1845E-06
 2.8095E+25  1.1823E-05  7.1261E+03  7.4643E-05  9.1675E-04  7.1845E-06
 2.8188E+25  1.2016E-05  7.1250E+03  7.4643E-05  9.0331E-04  7.1845E-06
 2.8280E+25  1.1963E-05  7.1238E+03  7.4643E-05  8.9000E-04  7.1845E-06
 2.8373E+25  1.2111E-05  7.1227E+03  7.4643E-05  8.7692E-04  7.1845E-06
 2.8465E+25  1.2240E-05  7.1216E+03  7.4643E-05  8.6424E-04  7.1845E-06
 2.8558E+25  1.2205E-05  7.1205E+03  7.4643E-05  8.5188E-04  7.1845E-06
 2.8651E+25  1.2400E-05  7.1194E+03  7.4643E-05  8.3962E-04  7.1845E-06
 2.8743E+25  1.2424E-05  7.1184E+03  7.4643E-05  8.2748E-04  7.1845E-06
 2.8836E+25  1.2493E-05  7.1174E+03  7.4643E-05  8.1561E-04  7.1845E-06
 2.8928E+25  1.2690E-05  7.1163E+03  7.4643E-05  8.0409E-04  7.1845E-06
 2.9021E+25  1.2611E-05  7.1153E+03  7.4643E-05  7.9283E-04  7.1845E-06
 2.9113E+25  1.2780E-05  7.1144E+03  7.4643E-05  7.8164E-04  7.1845E-06
 2.9206E+25  1.2916E-05  7.1134E+03  7.4643E-05  7.7058E-04  7.1845E-06
 2.9299E+25  1.2869E-05  7.1124E+03  7.4643E-05  7.5975E-04  7.1845E-06
 2.9391E+25  1.3068E-05  7.1115E+03  7.4643E-05  7.4926E-04  7.1845E-06
 2.9484E+25  1.3118E-05  7.1106E+03  7.4643E-05  7.3897E-04  7.1845E-06
 2.9576E+25  1.3155E-05  7.1097E+03  7.4643E-05  7.2875E-04  7.1845E-06
 2.9669E+25  1.3357E-05  7.1088E+03  7.4643E-05  7.1865E-04  7.1845E-06
 2.9761E+25  1.3325E-05  7.1079E+03  7.4643E-05  7.0875E-04  7.1845E-06
 2.9854E+25  1.3441E-05  7.1070E+03  7.4643E-05  6.9915E-04  7.1845E-06
 2.9947E+25  1.3645E-05  7.1062E+03  7.4643E-05  6.8976E-04  7.1845E-06
 3.0039E+25  1.3540E-05  7.1053E+03  7.4643E-05  6.8042E-04  7.1845E-06
 3.0132E+25  1.3727E-05  7.1045E+03  7.4643E-05  6.7119E-04  7.1845E-06
 3.0224E+25  1.3886E-05  7.1037E+03  7.4643E-05  6.6210E-04  7.1845E-06
 3.0317E+25  1.3808E-05  7.1029E+03  7.4643E-05  6.5328E-04  7.1845E-06
 3.0409E+25  1.4014E-05  7.1021E+03  7.4643E-05  6.4469E-04  7.1845E-06
 3.0502E+25  1.4117E-05  7.1013E+03  7.4643E-05  6.3616E-04  7.1845E-06
 3.0594E+25  1.4092E-05  7.1006E+03  7.4643E-05  6.2771E-04  7.1845E-06
 3.0687E+25  1.4301E-05  7.0998E+03  7.4643E-05  6.1936E-04  7.1845E-06
 3.0780E+25  1.4355E-05  7.0991E+03  7.4643E-05  6.1124E-04  7.1845E-06
 3.0872E+25  1.4376E-05  7.0984E+03  7.4643E-05  6.0334E-04  7.1845E-06
 3.0965E+25  1.4587E-05  7.0976E+03  7.4643E-05  5.9556E-04  7.1845E-06
 3.1057E+25  1.4601E-05  7.0969E+03  7.4643E-05  5.8782E-04  7.1845E-06
 3.1150E+25  1.4660E-05  7.0962E+03  7.4643E-05  5.8015E-04  7.1845E-06
 3.1242E+25  1.4874E-05  7.0955E+03  7.4643E-05  5.7264E-04  7.1845E-06
 3.1335E+25  1.4855E-05  7.0948E+03  7.4643E-05  5.6534E-04  7.1845E-06
 3.1428E+25  1.4944E-05  7.0942E+03  7.4643E-05  5.5822E-04  7.1845E-06
 3.1520E+25  1.5160E-05  7.0935E+03  7.4643E-05  5.5114E-04  7.1845E-06
 3.1613E+25  1.5118E-05  7.0929E+03  7.4643E-05  5.4412E-04  7.1845E-06
 3.1705E+25  1.5227E-05  7.0922E+03  7.4643E-05  5.3717E-04  7.1845E-06
 3.1798E+25  1.5445E-05  7.0916E+03  7.4643E-05  5.3040E-04  7.1845E-06
 3.1890E+25  1.5390E-05  7.0910E+03  7.4643E-05  5.2381E-04  7.1845E-06
 3.1983E+25  1.5509E-05  7.0904E+03  7.4643E-05  5.1734E-04  7.1845E-06
 3.2076E+25  1.5729E-05  7.0898E+03  7.4643E-05  5.1091E-04  7.1845E-06
 3.2168E+25  1.5672E-05  7.0892E+03  7.4643E-05  5.0453E-04  7.1845E-06
 3.2261E+25  1.5791E-05  7.0886E+03  7.4643E-05  4.9823E-04  7.1845E-06
 3.2353E+25  1.6013E-05  7.0880E+03  7.4643E-05  4.9210E-04  7.1845E-06
 3.2446E+25  1.5964E-05  7.0874E+03  7.4643E-05  4.8613E-04  7.1845E-06
 3.2538E+25  1.6073E-05  7.0869E+03  7.4643E-05  4.8025E-04  7.1845E-06
 3.2631E+25  1.6297E-05  7.0863E+03  7.4643E-05  4.7440E-04  7.1845E-06
 3.2724E+25  1.6266E-05  7.0858E+03  7.4643E-05  4.6860E-04  7.1845E-06
 3.2816E+25  1.6354E-05  7.0852E+03  7.4643E-05  4.6287E-04  7.1845E-06
 3.2909E+25  1.6579E-05  7.0847E+03  7.4643E-05  4.5729E-04  7.1845E-06
 3.3001E+25  1.6580E-05  7.0842E+03  7.4643E-05  4.5186E-04  7.1845E-06
 3.3094E+25  1.6634E-05  7.0837E+03  7.4643E-05  4.4652E-04  7.1845E-06
 3.3186E+25  1.6860E-05  7.0831E+03  7.4643E-05  4.4120E-04  7.1845E-06
 3.3279E+25  1.6906E-05  7.0826E+03  7.4643E-05  4.3591E-04  7.1845E-06
 3.3372E+25  1.6914E-05  7.0821E+03  7.4643E-05  4.3069E-04  7.1845E-06
 3.3464E+25  1.7141E-05  7.0816E+03  7.4643E-05  4.2561E-04  7.1845E-06
 3.3557E+25  1.7245E-05  7.0811E+03  7.4643E-05  4.2064E-04  7.1845E-06
 3.3649E+25  1.7193E-05  7.0807E+03  7.4643E-05  4.1578E-04  7.1845E-06
 3.3742E+25  1.7420E-05  7.0802E+03  7.4643E-05  4.1093E-04  7.1845E-06
 3.3834E+25  1.7596E-05  7.0797E+03  7.4643E-05  4.0612E-04  7.1845E-06
 3.3927E+25  1.7470E-05  7.0793E+03  7.4643E-05  4.0136E-04  7.1845E-06
 3.4020E+25  1.7699E-05  7.0788E+03  7.4643E-05  3.9669E-04  7.1845E-06
 3.4112E+25  1.7932E-05  7.0784E+03  7.4643E-05  3.9214E-04  7.1845E-06
 3.4205E+25  1.7775E-05  7.0779E+03  7.4643E-05  3.8770E-04  7.1845E-06
 3.4297E+25  1.7977E-05  7.0775E+03  7.4643E-05  3.8330E-04  7.1845E-06
 3.4390E+25  1.8213E-05  7.0771E+03  7.4643E-05  3.7891E-04  7.1845E-06
 3.4482E+25  1.8148E-05  7.0766E+03  7.4643E-05  3.7456E-04  7.1845E-06
 3.4575E+25  1.8254E-05  7.0762E+03  7.4643E-05  3.7027E-04  7.1845E-06
 3.4668E+25  1.8491E-05  7.0758E+03  7.4643E-05  3.6609E-04  7.1845E-06
 3.4760E+25  1.8537E-05  7.0754E+03  7.4643E-05  3.6200E-04  7.1845E-06
 3.4853E+25  1.8531E-05  7.0750E+03  7.4643E-05  3.5800E-04  7.1845E-06
 3.4945E+25  1.8767E-05  7.0746E+03  7.4643E-05  3.5401E-04  7.1845E-06
 3.5038E+25  1.8942E-05  7.0742E+03  7.4643E-05  3.5004E-04  7.1845E-06
 3.5130E+25  1.8806E-05  7.0738E+03  7.4643E-05  3.4610E-04  7.1845E-06
 3.5223E+25  1.9042E-05  7.0734E+03  7.4643E-05  3.4224E-04  7.1845E-06
 3.5316E+25  1.9285E-05  7.0731E+03  7.4643E-05  3.3847E-04  7.1845E-06
 3.5408E+25  1.9157E-05  7.0727E+03  7.4643E-05  3.3479E-04  7.1845E-06
 3.5501E+25  1.9317E-05  7.0723E+03  7.4643E-05  3.3116E-04  7.1845E-06
 3.5593E+25  1.9561E-05  7.0720E+03  7.4643E-05  3.2754E-04  7.1845E-06
 3.5686E+25  1.9590E-05  7.0716E+03  7.4643E-05  3.2394E-04  7.1845E-06
 3.5778E+25  1.9592E-05  7.0712E+03  7.4643E-05  3.2038E-04  7.1845E-06
 3.5871E+25  1.9834E-05  7.0709E+03  7.4643E-05  3.1689E-04  7.1845E-06
 3.5964E+25  2.0040E-05  7.0705E+03  7.4643E-05  3.1347E-04  7.1845E-06
 3.6056E+25  1.9866E-05  7.0702E+03  7.4643E-05  3.1014E-04  7.1845E-06
 3.6149E+25  2.0107E-05  7.0699E+03  7.4643E-05  3.0686E-04  7.1845E-06
 3.6241E+25  2.0357E-05  7.0695E+03  7.4643E-05  3.0357E-04  7.1845E-06
 3.6334E+25  2.0288E-05  7.0692E+03  7.4643E-05  3.0031E-04  7.1845E-06
 3.6426E+25  2.0381E-05  7.0689E+03  7.4643E-05  2.9708E-04  7.1845E-06
 3.6519E+25  2.0629E-05  7.0686E+03  7.4643E-05  2.9390E-04  7.1845E-06
 3.6612E+25  2.0770E-05  7.0682E+03  7.4643E-05  2.9080E-04  7.1845E-06
 3.6704E+25  2.0653E-05  7.0679E+03  7.4643E-05  2.8778E-04  7.1845E-06
 3.6797E+25  2.0900E-05  7.0676E+03  7.4643E-05  2.8480E-04  7.1845E-06
 3.6889E+25  2.1154E-05  7.0673E+03  7.4643E-05  2.8182E-04  7.1845E-06
 3.6982E+25  2.1041E-05  7.0670E+03  7.4643E-05  2.7886E-04  7.1845E-06
 3.7074E+25  2.1172E-05  7.0667E+03  7.4643E-05  2.7592E-04  7.1845E-06
 3.7167E+25  2.1424E-05  7.0664E+03  7.4643E-05  2.7303E-04  7.1845E-06
 3.7260E+25  2.1558E-05  7.0661E+03  7.4643E-05  2.7020E-04  7.1845E-06
 3.7352E+25  2.1443E-05  7.0658E+03  7.4643E-05  2.6744E-04  7.1845E-06
 3.7445E+25  2.1694E-05  7.0655E+03  7.4643E-05  2.6473E-04  7.1845E-06
 3.7537E+25  2.1952E-05  7.0653E+03  7.4643E-05  2.6203E-04  7.1845E-06
 3.7630E+25  2.1855E-05  7.0650E+03  7.4643E-05  2.5934E-04  7.1845E-06
 3.7722E+25  2.1965E-05  7.0647E+03  7.4643E-05  2.5668E-04  7.1845E-06
 3.7815E+25  2.2220E-05  7.0644E+03  7.4643E-05  2.5403E-04  7.1845E-06
 3.7908E+25  2.2411E-05  7.0641E+03  7.4643E-05  2.5145E-04  7.1845E-06
 3.8000E+25  2.2234E-05  7.0639E+03  7.4643E-05  2.4891E-04  7.1845E-06
 3.8093E+25  2.2488E-05  7.0636E+03  7.4643E-05  2.4644E-04  7.1845E-06
 3.8185E+25  2.2751E-05  7.0634E+03  7.4643E-05  2.4400E-04  7.1845E-06
 3.8278E+25  2.2737E-05  7.0631E+03  7.4643E-05  2.4155E-04  7.1845E-06
 3.8370E+25  2.2758E-05  7.0628E+03  7.4643E-05  2.3913E-04  7.1845E-06
 3.8463E+25  2.3017E-05  7.0626E+03  7.4643E-05  2.3672E-04  7.1845E-06
 3.8556E+25  2.3282E-05  7.0623E+03  7.4643E-05  2.3434E-04  7.1845E-06
 3.8648E+25  2.3076E-05  7.0621E+03  7.4643E-05  2.3201E-04  7.1845E-06
 3.8741E+25  2.3286E-05  7.0619E+03  7.4643E-05  2.2973E-04  7.1845E-06
 3.8833E+25  2.3549E-05  7.0616E+03  7.4643E-05  2.2751E-04  7.1845E-06
 3.8926E+25  2.3691E-05  7.0614E+03  7.4643E-05  2.2530E-04  7.1845E-06
 3.9018E+25  2.3553E-05  7.0611E+03  7.4643E-05  2.2309E-04  7.1845E-06
 3.9111E+25  2.3815E-05  7.0609E+03  7.4643E-05  2.2090E-04  7.1845E-06
 3.9204E+25  2.4084E-05  7.0607E+03  7.4643E-05  2.1872E-04  7.1845E-06
 3.9296E+25  2.4063E-05  7.0604E+03  7.4643E-05  2.1657E-04  7.1845E-06
 3.9389E+25  2.4083E-05  7.0602E+03  7.4643E-05  2.1447E-04  7.1845E-06
 3.9481E+25  2.4348E-05  7.0600E+03  7.4643E-05  2.1241E-04  7.1845E-06
 3.9574E+25  2.4622E-05  7.0598E+03  7.4643E-05  2.1040E-04  7.1845E-06
 3.9666E+25  2.4450E-05  7.0596E+03  7.4643E-05  2.0840E-04  7.1845E-06
 3.9759E+25  2.4615E-05  7.0593E+03  7.4643E-05  2.0641E-04  7.1845E-06
 3.9852E+25  2.4884E-05  7.0591E+03  7.4643E-05  2.0442E-04  7.1845E-06
 3.9944E+25  2.5133E-05  7.0589E+03  7.4643E-05  2.0245E-04  7.1845E-06
 4.0037E+25  2.4880E-05  7.0587E+03  7.4643E-05  2.0050E-04  7.1845E-06
 4.0129E+25  2.5150E-05  7.0585E+03  7.4643E-05  1.9860E-04  7.1845E-06
 4.0222E+25  2.5423E-05  7.0583E+03  7.4643E-05  1.9673E-04  7.1845E-06
 4.0314E+25  2.5559E-05  7.0581E+03  7.4643E-05  1.9491E-04  7.1845E-06
 4.0407E+25  2.5414E-05  7.0579E+03  7.4643E-05  1.9310E-04  7.1845E-06
 4.0500E+25  2.5687E-05  7.0577E+03  7.4643E-05  1.9130E-04  7.1845E-06
 4.0592E+25  2.5964E-05  7.0575E+03  7.4643E-05  1.8950E-04  7.1845E-06
 4.0685E+25  2.6001E-05  7.0573E+03  7.4643E-05  1.8771E-04  7.1845E-06
 4.0777E+25  2.5951E-05  7.0571E+03  7.4643E-05  1.8594E-04  7.1845E-06
 4.0870E+25  2.6227E-05  7.0569E+03  7.4643E-05  1.8421E-04  7.1845E-06
 4.0962E+25  2.6508E-05  7.0567E+03  7.4643E-05  1.8250E-04  7.1845E-06
 4.1055E+25  2.6462E-05  7.0565E+03  7.4643E-05  1.8084E-04  7.1845E-06
 4.1148E+25  2.6491E-05  7.0564E+03  7.4643E-05  1.7921E-04  7.1845E-06
 4.1240E+25  2.6769E-05  7.0562E+03  7.4643E-05  1.7758E-04  7.1845E-06
 4.1333E+25  2.7054E-05  7.0560E+03  7.4643E-05  1.7595E-04  7.1845E-06
 4.1425E+25  2.6942E-05  7.0558E+03  7.4643E-05  1.7433E-04  7.1845E-06
 4.1518E+25  2.7033E-05  7.0556E+03  7.4643E-05  1.7272E-04  7.1845E-06
 4.1610E+25  2.7314E-05  7.0555E+03  7.4643E-05  1.7114E-04  7.1845E-06
 4.1703E+25  2.7601E-05  7.0553E+03  7.4643E-05  1.6958E-04  7.1845E-06
 4.1796E+25  2.7442E-05  7.0551E+03  7.4643E-05  1.6805E-04  7.1845E-06
 4.1888E+25  2.7578E-05  7.0550E+03  7.4643E-05  1.6657E-04  7.1845E-06
 4.1981E+25  2.7861E-05  7.0548E+03  7.4643E-05  1.6509E-04  7.1845E-06
 4.2073E+25  2.8151E-05  7.0546E+03  7.4643E-05  1.6362E-04  7.1845E-06
 4.2166E+25  2.7964E-05  7.0545E+03  7.4643E-05  1.6215E-04  7.1845E-06
 4.2258E+25  2.8124E-05  7.0543E+03  7.4643E-05  1.6069E-04  7.1845E-06
 4.2351E+25  2.8411E-05  7.0541E+03  7.4643E-05  1.5924E-04  7.1845E-06
 4.2443E+25  2.8703E-05  7.0540E+03  7.4643E-05  1.5781E-04  7.1845E-06
 4.2536E+25  2.8507E-05  7.0538E+03  7.4643E-05  1.5641E-04  7.1845E-06
 4.2629E+25  2.8673E-05  7.0537E+03  7.4643E-05  1.5503E-04  7.1845E-06
 4.2721E+25  2.8963E-05  7.0535E+03  7.4643E-05  1.5370E-04  7.1845E-06
 4.2814E+25  2.9257E-05  7.0533E+03  7.4643E-05  1.5237E-04  7.1845E-06
 4.2906E+25  2.9073E-05  7.0532E+03  7.4643E-05  1.5104E-04  7.1845E-06
 4.2999E+25  2.9224E-05  7.0531E+03  7.4643E-05  1.4971E-04  7.1845E-06
 4.3091E+25  2.9518E-05  7.0529E+03  7.4643E-05  1.4840E-04  7.1845E-06
 4.3184E+25  2.9813E-05  7.0527E+03  7.4643E-05  1.4709E-04  7.1845E-06
 4.3277E+25  2.9663E-05  7.0526E+03  7.4643E-05  1.4580E-04  7.1845E-06
 4.3369E+25  2.9778E-05  7.0525E+03  7.4643E-05  1.4453E-04  7.1845E-06
 4.3462E+25  3.0075E-05  7.0523E+03  7.4643E-05  1.4328E-04  7.1845E-06
 4.3554E+25  3.0372E-05  7.0522E+03  7.4643E-05  1.4208E-04  7.1845E-06
 4.3647E+25  3.0276E-05  7.0520E+03  7.4643E-05  1.4088E-04  7.1845E-06
 4.3739E+25  3.0335E-05  7.0519E+03  7.4643E-05  1.3968E-04  7.1845E-06
 4.3832E+25  3.0634E-05  7.0518E+03  7.4643E-05  1.3848E-04  7.1845E-06
 4.3925E+25  3.0933E-05  7.0516E+03  7.4643E-05  1.3729E-04  7.1845E-06
 4.4017E+25  3.0914E-05  7.0515E+03  7.4643E-05  1.3611E-04  7.1845E-06
 4.4110E+25  3.0895E-05  7.0513E+03  7.4643E-05  1.3493E-04  7.1845E-06
 4.4202E+25  3.1196E-05  7.0512E+03  7.4643E-05  1.3379E-04  7.1845E-06
 4.4295E+25  3.1497E-05  7.0511E+03  7.4643E-05  1.3265E-04  7.1845E-06
 4.4387E+25  3.1578E-05  7.0509E+03  7.4643E-05  1.3155E-04  7.1845E-06
 4.4480E+25  3.1458E-05  7.0508E+03  7.4643E-05  1.3047E-04  7.1845E-06
 4.4573E+25  3.1758E-05  7.0507E+03  7.4643E-05  1.2939E-04  7.1845E-06
 4.4665E+25  3.2064E-05  7.0506E+03  7.4643E-05  1.2831E-04  7.1845E-06
 4.4758E+25  3.2268E-05  7.0504E+03  7.4643E-05  1.2723E-04  7.1845E-06
 4.4850E+25  3.2024E-05  7.0503E+03  7.4643E-05  1.2616E-04  7.1845E-06
 4.4943E+25  3.2324E-05  7.0502E+03  7.4643E-05  1.2510E-04  7.1845E-06
 4.5035E+25  3.2634E-05  7.0501E+03  7.4643E-05  1.2405E-04  7.1845E-06
 4.5128E+25  3.2939E-05  7.0499E+03  7.4643E-05  1.2302E-04  7.1845E-06
 4.5221E+25  3.2638E-05  7.0498E+03  7.4643E-05  1.2200E-04  7.1845E-06
 4.5313E+25  3.2895E-05  7.0497E+03  7.4643E-05  1.2102E-04  7.1845E-06
 4.5406E+25  3.3206E-05  7.0496E+03  7.4643E-05  1.2005E-04  7.1845E-06
 4.5498E+25  3.3516E-05  7.0495E+03  7.4643E-05  1.1907E-04  7.1845E-06
 4.5591E+25  3.3377E-05  7.0494E+03  7.4643E-05  1.1810E-04  7.1845E-06
 4.5683E+25  3.3469E-05  7.0492E+03  7.4643E-05  1.1713E-04  7.1845E-06
 4.5776E+25  3.3778E-05  7.0491E+03  7.4643E-05  1.1617E-04  7.1845E-06
 4.5869E+25  3.4095E-05  7.0490E+03  7.4643E-05  1.1521E-04  7.1845E-06
 4.5961E+25  3.4149E-05  7.0489E+03  7.4643E-05  1.1427E-04  7.1845E-06
 4.6054E+25  3.4044E-05  7.0488E+03  7.4643E-05  1.1334E-04  7.1845E-06
 4.6146E+25  3.4355E-05  7.0487E+03  7.4643E-05  1.1243E-04  7.1845E-06
 4.6239E+25  3.4675E-05  7.0486E+03  7.4643E-05  1.1154E-04  7.1845E-06
 4.6331E+25  3.4954E-05  7.0485E+03  7.4643E-05  1.1067E-04  7.1845E-06
 4.6424E+25  3.4620E-05  7.0484E+03  7.4643E-05  1.0979E-04  7.1845E-06
 4.6517E+25  3.4938E-05  7.0483E+03  7.4643E-05  1.0891E-04  7.1845E-06
 4.6609E+25  3.5256E-05  7.0481E+03  7.4643E-05  1.0804E-04  7.1845E-06
 4.6702E+25  3.5579E-05  7.0480E+03  7.4643E-05  1.0717E-04  7.1845E-06
 4.6794E+25  3.5411E-05  7.0479E+03  7.4643E-05  1.0631E-04  7.1845E-06
 4.6887E+25  3.5522E-05  7.0478E+03  7.4643E-05  1.0546E-04  7.1845E-06
 4.6979E+25  3.5840E-05  7.0477E+03  7.4643E-05  1.0462E-04  7.1845E-06
 4.7072E+25  3.6167E-05  7.0476E+03  7.4643E-05  1.0379E-04  7.1845E-06
 4.7165E+25  3.6276E-05  7.0475E+03  7.4643E-05  1.0299E-04  7.1845E-06
 4.7257E+25  3.6106E-05  7.0474E+03  7.4643E-05  1.0220E-04  7.1845E-06
 4.7350E+25  3.6432E-05  7.0473E+03  7.4643E-05  1.0141E-04  7.1845E-06
 4.7442E+25  3.6755E-05  7.0472E+03  7.4643E-05  1.0062E-04  7.1845E-06
 4.7535E+25  3.7085E-05  7.0471E+03  7.4643E-05  9.9835E-05  7.1845E-06
 4.7627E+25  3.6784E-05  7.0470E+03  7.4643E-05  9.9054E-05  7.1845E-06
 4.7720E+25  3.7024E-05  7.0470E+03  7.4643E-05  9.8274E-05  7.1845E-06
 4.7813E+25  3.7349E-05  7.0469E+03  7.4643E-05  9.7503E-05  7.1845E-06
 4.7905E+25  3.7683E-05  7.0467E+03  7.4643E-05  9.6743E-05  7.1845E-06
 4.7998E+25  3.7713E-05  7.0467E+03  7.4643E-05  9.5989E-05  7.1845E-06
 4.8090E+25  3.7615E-05  7.0466E+03  7.4643E-05  9.5261E-05  7.1845E-06
 4.8183E+25  3.7951E-05  7.0465E+03  7.4643E-05  9.4549E-05  7.1845E-06
 4.8275E+25  3.8279E-05  7.0464E+03  7.4643E-05  9.3838E-05  7.1845E-06
 4.8368E+25  3.8615E-05  7.0463E+03  7.4643E-05  9.3125E-05  7.1845E-06
 4.8461E+25  3.8275E-05  7.0462E+03  7.4643E-05  9.2416E-05  7.1845E-06
 4.8553E+25  3.8549E-05  7.0461E+03  7.4643E-05  9.1709E-05  7.1845E-06
 4.8646E+25  3.8885E-05  7.0460E+03  7.4643E-05  9.1006E-05  7.1845E-06
 4.8738E+25  3.9222E-05  7.0459E+03  7.4643E-05  9.0305E-05  7.1845E-06
 4.8831E+25  3.9274E-05  7.0459E+03  7.4643E-05  8.9616E-05  7.1845E-06
 4.8923E+25  3.9147E-05  7.0458E+03  7.4643E-05  8.8934E-05  7.1845E-06
 4.9016E+25  3.9493E-05  7.0457E+03  7.4643E-05  8.8257E-05  7.1845E-06
 4.9109E+25  3.9830E-05  7.0456E+03  7.4643E-05  8.7609E-05  7.1845E-06
 4.9201E+25  4.0175E-05  7.0455E+03  7.4643E-05  8.6967E-05  7.1845E-06
 4.9294E+25  3.9892E-05  7.0454E+03  7.4643E-05  8.6328E-05  7.1845E-06
 4.9386E+25  4.0098E-05  7.0454E+03  7.4643E-05  8.5687E-05  7.1845E-06
 4.9479E+25  4.0447E-05  7.0453E+03  7.4643E-05  8.5049E-05  7.1845E-06
 4.9571E+25  4.0786E-05  7.0452E+03  7.4643E-05  8.4414E-05  7.1845E-06
 4.9664E+25  4.0965E-05  7.0451E+03  7.4643E-05  8.3781E-05  7.1845E-06
 4.9757E+25  4.0710E-05  7.0450E+03  7.4643E-05  8.3151E-05  7.1845E-06
 4.9849E+25  4.1060E-05  7.0450E+03  7.4643E-05  8.2531E-05  7.1845E-06
 4.9942E+25  4.1411E-05  7.0449E+03  7.4643E-05  8.1916E-05  7.1845E-06
 5.0034E+25  4.1755E-05  7.0448E+03  7.4643E-05  8.1307E-05  7.1845E-06
 5.0127E+25  4.1648E-05  7.0447E+03  7.4643E-05  8.0722E-05  7.1845E-06
 5.0219E+25  4.1674E-05  7.0446E+03  7.4643E-05  8.0146E-05  7.1845E-06
 5.0312E+25  4.2031E-05  7.0446E+03  7.4643E-05  7.9571E-05  7.1845E-06
 5.0405E+25  4.2384E-05  7.0445E+03  7.4643E-05  7.8995E-05  7.1845E-06
 5.0497E+25  4.2730E-05  7.0444E+03  7.4643E-05  7.8420E-05  7.1845E-06
 5.0590E+25  4.2367E-05  7.0443E+03  7.4643E-05  7.7848E-05  7.1845E-06
 5.0682E+25  4.2651E-05  7.0443E+03  7.4643E-05  7.7279E-05  7.1845E-06
 5.0775E+25  4.3013E-05  7.0442E+03  7.4643E-05  7.6711E-05  7.1845E-06
 5.0867E+25  4.3369E-05  7.0441E+03  7.4643E-05  7.6151E-05  7.1845E-06
 5.0960E+25  4.3544E-05  7.0440E+03  7.4643E-05  7.5596E-05  7.1845E-06
 5.1053E+25  4.3289E-05  7.0440E+03  7.4643E-05  7.5044E-05  7.1845E-06
 5.1145E+25  4.3640E-05  7.0439E+03  7.4643E-05  7.4510E-05  7.1845E-06
 5.1238E+25  4.4007E-05  7.0438E+03  7.4643E-05  7.3991E-05  7.1845E-06
 5.1330E+25  4.4366E-05  7.0438E+03  7.4643E-05  7.3474E-05  7.1845E-06
 5.1423E+25  4.4328E-05  7.0437E+03  7.4643E-05  7.2957E-05  7.1845E-06
 5.1515E+25  4.4284E-05  7.0436E+03  7.4643E-05  7.2440E-05  7.1845E-06
 5.1608E+25  4.4640E-05  7.0436E+03  7.4643E-05  7.1925E-05  7.1845E-06
 5.1701E+25  4.5011E-05  7.0435E+03  7.4643E-05  7.1412E-05  7.1845E-06
 5.1793E+25  4.5374E-05  7.0434E+03  7.4643E-05  7.0901E-05  7.1845E-06
 5.1886E+25  4.5146E-05  7.0433E+03  7.4643E-05  7.0391E-05  7.1845E-06
 5.1978E+25  4.5291E-05  7.0433E+03  7.4643E-05  6.9890E-05  7.1845E-06
 5.2071E+25  4.5651E-05  7.0432E+03  7.4643E-05  6.9392E-05  7.1845E-06
 5.2163E+25  4.6028E-05  7.0431E+03  7.4643E-05  6.8898E-05  7.1845E-06
 5.2256E+25  4.6388E-05  7.0431E+03  7.4643E-05  6.8426E-05  7.1845E-06
 5.2349E+25  4.6005E-05  7.0430E+03  7.4643E-05  6.7959E-05  7.1845E-06
 5.2441E+25  4.6311E-05  7.0430E+03  7.4643E-05  6.7496E-05  7.1845E-06
 5.2534E+25  4.6675E-05  7.0429E+03  7.4643E-05  6.7031E-05  7.1845E-06
 5.2626E+25  4.7056E-05  7.0428E+03  7.4643E-05  6.6566E-05  7.1845E-06
 5.2719E+25  4.7345E-05  7.0428E+03  7.4643E-05  6.6104E-05  7.1845E-06
 5.2811E+25  4.6971E-05  7.0427E+03  7.4643E-05  6.5643E-05  7.1845E-06
 5.2904E+25  4.7343E-05  7.0426E+03  7.4643E-05  6.5185E-05  7.1845E-06
 5.2997E+25  4.7710E-05  7.0426E+03  7.4643E-05  6.4728E-05  7.1845E-06
 5.3089E+25  4.8096E-05  7.0425E+03  7.4643E-05  6.4277E-05  7.1845E-06
 5.3182E+25  4.8277E-05  7.0424E+03  7.4643E-05  6.3829E-05  7.1845E-06
 5.3274E+25  4.8010E-05  7.0424E+03  7.4643E-05  6.3385E-05  7.1845E-06
 5.3367E+25  4.8388E-05  7.0423E+03  7.4643E-05  6.2959E-05  7.1845E-06
 5.3459E+25  4.8759E-05  7.0423E+03  7.4643E-05  6.2541E-05  7.1845E-06
 5.3552E+25  4.9148E-05  7.0422E+03  7.4643E-05  6.2125E-05  7.1845E-06
 5.3645E+25  4.9249E-05  7.0422E+03  7.4643E-05  6.1707E-05  7.1845E-06
 5.3737E+25  4.9062E-05  7.0421E+03  7.4643E-05  6.1290E-05  7.1845E-06
 5.3830E+25  4.9446E-05  7.0420E+03  7.4643E-05  6.0875E-05  7.1845E-06
 5.3922E+25  4.9821E-05  7.0420E+03  7.4643E-05  6.0461E-05  7.1845E-06
 5.4015E+25  5.0214E-05  7.0419E+03  7.4643E-05  6.0048E-05  7.1845E-06
 5.4107E+25  5.0260E-05  7.0419E+03  7.4643E-05  5.9637E-05  7.1845E-06
 5.4200E+25  5.0126E-05  7.0418E+03  7.4643E-05  5.9231E-05  7.1845E-06
 5.4292E+25  5.0517E-05  7.0418E+03  7.4643E-05  5.8828E-05  7.1845E-06
 5.4385E+25  5.0899E-05  7.0417E+03  7.4643E-05  5.8426E-05  7.1845E-06
 5.4478E+25  5.1291E-05  7.0416E+03  7.4643E-05  5.8038E-05  7.1845E-06
 5.4570E+25  5.1311E-05  7.0416E+03  7.4643E-05  5.7661E-05  7.1845E-06
 5.4663E+25  5.1207E-05  7.0415E+03  7.4643E-05  5.7287E-05  7.1845E-06
 5.4755E+25  5.1602E-05  7.0415E+03  7.4643E-05  5.6913E-05  7.1845E-06
 5.4848E+25  5.1991E-05  7.0414E+03  7.4643E-05  5.6538E-05  7.1845E-06
 5.4940E+25  5.2381E-05  7.0414E+03  7.4643E-05  5.6164E-05  7.1845E-06
 5.5033E+25  5.2402E-05  7.0413E+03  7.4643E-05  5.5792E-05  7.1845E-06
 5.5126E+25  5.2305E-05  7.0413E+03  7.4643E-05  5.5422E-05  7.1845E-06
 5.5218E+25  5.2700E-05  7.0412E+03  7.4643E-05  5.5051E-05  7.1845E-06
 5.5311E+25  5.3096E-05  7.0412E+03  7.4643E-05  5.4683E-05  7.1845E-06
 5.5403E+25  5.3487E-05  7.0411E+03  7.4643E-05  5.4320E-05  7.1845E-06
 5.5496E+25  5.3535E-05  7.0410E+03  7.4643E-05  5.3958E-05  7.1845E-06
 5.5588E+25  5.3418E-05  7.0410E+03  7.4643E-05  5.3599E-05  7.1845E-06
 5.5681E+25  5.3810E-05  7.0409E+03  7.4643E-05  5.3256E-05  7.1845E-06
 5.5774E+25  5.4215E-05  7.0409E+03  7.4643E-05  5.2918E-05  7.1845E-06
 5.5866E+25  5.4611E-05  7.0408E+03  7.4643E-05  5.2583E-05  7.1845E-06
 5.5959E+25  5.4711E-05  7.0408E+03  7.4643E-05  5.2247E-05  7.1845E-06
 5.6051E+25  5.4545E-05  7.0407E+03  7.4643E-05  5.1911E-05  7.1845E-06
 5.6144E+25  5.4936E-05  7.0407E+03  7.4643E-05  5.1576E-05  7.1845E-06
 5.6236E+25  5.5348E-05  7.0406E+03  7.4643E-05  5.1242E-05  7.1845E-06
 5.6329E+25  5.5753E-05  7.0406E+03  7.4643E-05  5.0909E-05  7.1845E-06
 5.6422E+25  5.5929E-05  7.0405E+03  7.4643E-05  5.0577E-05  7.1845E-06
 5.6514E+25  5.5684E-05  7.0405E+03  7.4643E-05  5.0247E-05  7.1845E-06
 5.6607E+25  5.6085E-05  7.0404E+03  7.4643E-05  4.9921E-05  7.1845E-06
 5.6699E+25  5.6495E-05  7.0404E+03  7.4643E-05  4.9595E-05  7.1845E-06
 5.6792E+25  5.6908E-05  7.0403E+03  7.4643E-05  4.9272E-05  7.1845E-06
 5.6884E+25  5.7198E-05  7.0403E+03  7.4643E-05  4.8964E-05  7.1845E-06
 5.6977E+25  5.6837E-05  7.0403E+03  7.4643E-05  4.8661E-05  7.1845E-06
 5.7070E+25  5.7252E-05  7.0402E+03  7.4643E-05  4.8360E-05  7.1845E-06
 5.7162E+25  5.7654E-05  7.0402E+03  7.4643E-05  4.8060E-05  7.1845E-06
 5.7255E+25  5.8078E-05  7.0401E+03  7.4643E-05  4.7758E-05  7.1845E-06
 5.7347E+25  5.8476E-05  7.0401E+03  7.4643E-05  4.7457E-05  7.1845E-06
 5.7440E+25  5.8047E-05  7.0400E+03  7.4643E-05  4.7158E-05  7.1845E-06
 5.7532E+25  5.8428E-05  7.0400E+03  7.4643E-05  4.6859E-05  7.1845E-06
 5.7625E+25  5.8839E-05  7.0399E+03  7.4643E-05  4.6561E-05  7.1845E-06
 5.7718E+25  5.9262E-05  7.0399E+03  7.4643E-05  4.6264E-05  7.1845E-06
 5.7810E+25  5.9684E-05  7.0398E+03  7.4643E-05  4.5970E-05  7.1845E-06
 5.7903E+25  5.9393E-05  7.0398E+03  7.4643E-05  4.5677E-05  7.1845E-06
 5.7995E+25  5.9619E-05  7.0397E+03  7.4643E-05  4.5386E-05  7.1845E-06
 5.8088E+25  6.0046E-05  7.0397E+03  7.4643E-05  4.5103E-05  7.1845E-06
 5.8180E+25  6.0459E-05  7.0397E+03  7.4643E-05  4.4831E-05  7.1845E-06
 5.8273E+25  6.0894E-05  7.0396E+03  7.4643E-05  4.4559E-05  7.1845E-06
 5.8366E+25  6.0809E-05  7.0396E+03  7.4643E-05  4.4291E-05  7.1845E-06
 5.8458E+25  6.0825E-05  7.0395E+03  7.4643E-05  4.4021E-05  7.1845E-06
 5.8551E+25  6.1261E-05  7.0395E+03  7.4643E-05  4.3750E-05  7.1845E-06
 5.8643E+25  6.1684E-05  7.0394E+03  7.4643E-05  4.3481E-05  7.1845E-06
 5.8736E+25  6.2116E-05  7.0394E+03  7.4643E-05  4.3213E-05  7.1845E-06
 5.8828E+25  6.2270E-05  7.0394E+03  7.4643E-05  4.2946E-05  7.1845E-06
 5.8921E+25  6.2059E-05  7.0393E+03  7.4643E-05  4.2679E-05  7.1845E-06
 5.9014E+25  6.2491E-05  7.0393E+03  7.4643E-05  4.2413E-05  7.1845E-06
 5.9106E+25  6.2932E-05  7.0392E+03  7.4643E-05  4.2150E-05  7.1845E-06
 5.9199E+25  6.3354E-05  7.0392E+03  7.4643E-05  4.1887E-05  7.1845E-06
 5.9291E+25  6.3764E-05  7.0391E+03  7.4643E-05  4.1626E-05  7.1845E-06
 5.9384E+25  6.3329E-05  7.0391E+03  7.4643E-05  4.1376E-05  7.1845E-06
 5.9476E+25  6.3742E-05  7.0391E+03  7.4643E-05  4.1131E-05  7.1845E-06
 5.9569E+25  6.4186E-05  7.0390E+03  7.4643E-05  4.0889E-05  7.1845E-06
 5.9662E+25  6.4627E-05  7.0390E+03  7.4643E-05  4.0648E-05  7.1845E-06
 5.9754E+25  6.5062E-05  7.0389E+03  7.4643E-05  4.0406E-05  7.1845E-06
 5.9847E+25  6.4854E-05  7.0389E+03  7.4643E-05  4.0164E-05  7.1845E-06
 5.9939E+25  6.5024E-05  7.0389E+03  7.4643E-05  3.9923E-05  7.1845E-06
 6.0032E+25  6.5458E-05  7.0388E+03  7.4643E-05  3.9683E-05  7.1845E-06
 6.0124E+25  6.5911E-05  7.0388E+03  7.4643E-05  3.9442E-05  7.1845E-06
 6.0217E+25  6.6351E-05  7.0387E+03  7.4643E-05  3.9203E-05  7.1845E-06
 6.0310E+25  6.6461E-05  7.0387E+03  7.4643E-05  3.8965E-05  7.1845E-06
 6.0402E+25  6.6321E-05  7.0387E+03  7.4643E-05  3.8728E-05  7.1845E-06
 6.0495E+25  6.6762E-05  7.0386E+03  7.4643E-05  3.8493E-05  7.1845E-06
 6.0587E+25  6.7209E-05  7.0386E+03  7.4643E-05  3.8258E-05  7.1845E-06
 6.0680E+25  6.7668E-05  7.0385E+03  7.4643E-05  3.8032E-05  7.1845E-06
 6.0772E+25  6.8083E-05  7.0385E+03  7.4643E-05  3.7813E-05  7.1845E-06
 6.0865E+25  6.7670E-05  7.0385E+03  7.4643E-05  3.7595E-05  7.1845E-06
 6.0958E+25  6.8088E-05  7.0384E+03  7.4643E-05  3.7379E-05  7.1845E-06
 6.1050E+25  6.8534E-05  7.0384E+03  7.4643E-05  3.7162E-05  7.1845E-06
 6.1143E+25  6.8991E-05  7.0383E+03  7.4643E-05  3.6945E-05  7.1845E-06
 6.1235E+25  6.9456E-05  7.0383E+03  7.4643E-05  3.6729E-05  7.1845E-06
 6.1328E+25  6.9350E-05  7.0383E+03  7.4643E-05  3.6513E-05  7.1845E-06
 6.1420E+25  6.9434E-05  7.0382E+03  7.4643E-05  3.6298E-05  7.1845E-06
 6.1513E+25  6.9889E-05  7.0382E+03  7.4643E-05  3.6084E-05  7.1845E-06
 6.1606E+25  7.0341E-05  7.0381E+03  7.4643E-05  3.5870E-05  7.1845E-06
 6.1698E+25  7.0807E-05  7.0381E+03  7.4643E-05  3.5657E-05  7.1845E-06
 6.1791E+25  7.1126E-05  7.0381E+03  7.4643E-05  3.5445E-05  7.1845E-06
 6.1883E+25  7.0794E-05  7.0380E+03  7.4643E-05  3.5234E-05  7.1845E-06
 6.1976E+25  7.1262E-05  7.0380E+03  7.4643E-05  3.5025E-05  7.1845E-06
 6.2068E+25  7.1725E-05  7.0380E+03  7.4643E-05  3.4827E-05  7.1845E-06
 6.2161E+25  7.2182E-05  7.0379E+03  7.4643E-05  3.4631E-05  7.1845E-06
 6.2254E+25  7.2656E-05  7.0379E+03  7.4643E-05  3.4437E-05  7.1845E-06
 6.2346E+25  7.2475E-05  7.0378E+03  7.4643E-05  3.4243E-05  7.1845E-06
 6.2439E+25  7.2653E-05  7.0378E+03  7.4643E-05  3.4049E-05  7.1845E-06
 6.2531E+25  7.3126E-05  7.0378E+03  7.4643E-05  3.3855E-05  7.1845E-06
 6.2624E+25  7.3595E-05  7.0377E+03  7.4643E-05  3.3662E-05  7.1845E-06
 6.2716E+25  7.4060E-05  7.0377E+03  7.4643E-05  3.3469E-05  7.1845E-06
 6.2809E+25  7.4348E-05  7.0377E+03  7.4643E-05  3.3276E-05  7.1845E-06
 6.2902E+25  7.4076E-05  7.0376E+03  7.4643E-05  3.3084E-05  7.1845E-06
 6.2994E+25  7.4547E-05  7.0376E+03  7.4643E-05  3.2892E-05  7.1845E-06
 6.3087E+25  7.5025E-05  7.0376E+03  7.4643E-05  3.2702E-05  7.1845E-06
 6.3179E+25  7.5503E-05  7.0375E+03  7.4643E-05  3.2512E-05  7.1845E-06
 6.3272E+25  7.5973E-05  7.0375E+03  7.4643E-05  3.2323E-05  7.1845E-06
 6.3364E+25  7.5818E-05  7.0375E+03  7.4643E-05  3.2136E-05  7.1845E-06
 6.3457E+25  7.5999E-05  7.0374E+03  7.4643E-05  3.1958E-05  7.1845E-06
 6.3550E+25  7.6479E-05  7.0374E+03  7.4643E-05  3.1782E-05  7.1845E-06
 6.3642E+25  7.6963E-05  7.0373E+03  7.4643E-05  3.1608E-05  7.1845E-06
 6.3735E+25  7.7448E-05  7.0373E+03  7.4643E-05  3.1436E-05  7.1845E-06
 6.3827E+25  7.7793E-05  7.0373E+03  7.4643E-05  3.1262E-05  7.1845E-06
 6.3920E+25  7.7482E-05  7.0372E+03  7.4643E-05  3.1088E-05  7.1845E-06
 6.4012E+25  7.7961E-05  7.0372E+03  7.4643E-05  3.0915E-05  7.1845E-06
 6.4105E+25  7.8448E-05  7.0372E+03  7.4643E-05  3.0742E-05  7.1845E-06
 6.4198E+25  7.8938E-05  7.0371E+03  7.4643E-05  3.0570E-05  7.1845E-06
 6.4290E+25  7.9431E-05  7.0371E+03  7.4643E-05  3.0398E-05  7.1845E-06
 6.4383E+25  7.9386E-05  7.0371E+03  7.4643E-05  3.0226E-05  7.1845E-06
 6.4475E+25  7.9476E-05  7.0370E+03  7.4643E-05  3.0055E-05  7.1845E-06
 6.4568E+25  7.9963E-05  7.0370E+03  7.4643E-05  2.9885E-05  7.1845E-06
 6.4660E+25  8.0456E-05  7.0369E+03  7.4643E-05  2.9715E-05  7.1845E-06
 6.4753E+25  8.0954E-05  7.0369E+03  7.4643E-05  2.9546E-05  7.1845E-06
 6.4846E+25  8.1431E-05  7.0369E+03  7.4643E-05  2.9384E-05  7.1845E-06
 6.4938E+25  8.1068E-05  7.0369E+03  7.4643E-05  2.9226E-05  7.1845E-06
 6.5031E+25  8.1511E-05  7.0368E+03  7.4643E-05  2.9069E-05  7.1845E-06
 6.5123E+25  8.2006E-05  7.0368E+03  7.4643E-05  2.8915E-05  7.1845E-06
 6.5216E+25  8.2503E-05  7.0367E+03  7.4643E-05  2.8759E-05  7.1845E-06
 6.5308E+25  8.3011E-05  7.0367E+03  7.4643E-05  2.8604E-05  7.1845E-06
 6.5401E+25  8.3203E-05  7.0367E+03  7.4643E-05  2.8448E-05  7.1845E-06
 6.5494E+25  8.3087E-05  7.0367E+03  7.4643E-05  2.8294E-05  7.1845E-06
 6.5586E+25  8.3588E-05  7.0366E+03  7.4643E-05  2.8139E-05  7.1845E-06
 6.5679E+25  8.4092E-05  7.0366E+03  7.4643E-05  2.7985E-05  7.1845E-06
 6.5771E+25  8.4592E-05  7.0365E+03  7.4643E-05  2.7831E-05  7.1845E-06
 6.5864E+25  8.5108E-05  7.0365E+03  7.4643E-05  2.7677E-05  7.1845E-06
 6.5956E+25  8.4991E-05  7.0365E+03  7.4643E-05  2.7525E-05  7.1845E-06
 6.6049E+25  8.5204E-05  7.0365E+03  7.4643E-05  2.7372E-05  7.1845E-06
 6.6142E+25  8.5707E-05  7.0364E+03  7.4643E-05  2.7220E-05  7.1845E-06
 6.6234E+25  8.6221E-05  7.0364E+03  7.4643E-05  2.7069E-05  7.1845E-06
 6.6327E+25  8.6724E-05  7.0363E+03  7.4643E-05  2.6925E-05  7.1845E-06
 6.6419E+25  8.7217E-05  7.0363E+03  7.4643E-05  2.6784E-05  7.1845E-06
 6.6512E+25  8.6881E-05  7.0363E+03  7.4643E-05  2.6644E-05  7.1845E-06
 6.6604E+25  8.7366E-05  7.0363E+03  7.4643E-05  2.6506E-05  7.1845E-06
 6.6697E+25  8.7872E-05  7.0362E+03  7.4643E-05  2.6367E-05  7.1845E-06
 6.6789E+25  8.8393E-05  7.0362E+03  7.4643E-05  2.6228E-05  7.1845E-06
 6.6882E+25  8.8902E-05  7.0361E+03  7.4643E-05  2.6089E-05  7.1845E-06
 6.6975E+25  8.9166E-05  7.0361E+03  7.4643E-05  2.5950E-05  7.1845E-06
 6.7067E+25  8.9047E-05  7.0361E+03  7.4643E-05  2.5813E-05  7.1845E-06
 6.7160E+25  8.9572E-05  7.0361E+03  7.4643E-05  2.5675E-05  7.1845E-06
 6.7252E+25  9.0084E-05  7.0360E+03  7.4643E-05  2.5537E-05  7.1845E-06
 6.7345E+25  9.0609E-05  7.0360E+03  7.4643E-05  2.5399E-05  7.1845E-06
 6.7437E+25  9.1126E-05  7.0359E+03  7.4643E-05  2.5262E-05  7.1845E-06
 6.7530E+25  9.1156E-05  7.0359E+03  7.4643E-05  2.5126E-05  7.1845E-06
 6.7623E+25  9.1292E-05  7.0359E+03  7.4643E-05  2.4989E-05  7.1845E-06
 6.7715E+25  9.1823E-05  7.0359E+03  7.4643E-05  2.4854E-05  7.1845E-06
 6.7808E+25  9.2344E-05  7.0358E+03  7.4643E-05  2.4723E-05  7.1845E-06
 6.7900E+25  9.2871E-05  7.0358E+03  7.4643E-05  2.4596E-05  7.1845E-06
 6.7993E+25  9.3395E-05  7.0358E+03  7.4643E-05  2.4470E-05  7.1845E-06
 6.8085E+25  9.3223E-05  7.0357E+03  7.4643E-05  2.4346E-05  7.1845E-06
 6.8178E+25  9.3587E-05  7.0357E+03  7.4643E-05  2.4223E-05  7.1845E-06
 6.8271E+25  9.4117E-05  7.0357E+03  7.4643E-05  2.4098E-05  7.1845E-06
 6.8363E+25  9.4655E-05  7.0356E+03  7.4643E-05  2.3974E-05  7.1845E-06
 6.8456E+25  9.5183E-05  7.0356E+03  7.4643E-05  2.3850E-05  7.1845E-06
 6.8548E+25  9.5679E-05  7.0356E+03  7.4643E-05  2.3727E-05  7.1845E-06
 6.8641E+25  9.5401E-05  7.0355E+03  7.4643E-05  2.3603E-05  7.1845E-06
 6.8733E+25  9.5928E-05  7.0355E+03  7.4643E-05  2.3480E-05  7.1845E-06
 6.8826E+25  9.6465E-05  7.0354E+03  7.4643E-05  2.3357E-05  7.1845E-06
 6.8919E+25  9.7013E-05  7.0354E+03  7.4643E-05  2.3234E-05  7.1845E-06
 6.9011E+25  9.7547E-05  7.0354E+03  7.4643E-05  2.3111E-05  7.1845E-06
 6.9104E+25  9.7901E-05  7.0354E+03  7.4643E-05  2.2989E-05  7.1845E-06
 6.9196E+25  9.7767E-05  7.0353E+03  7.4643E-05  2.2867E-05  7.1845E-06
 6.9289E+25  9.8317E-05  7.0353E+03  7.4643E-05  2.2746E-05  7.1845E-06
 6.9381E+25  9.8866E-05  7.0352E+03  7.4643E-05  2.2631E-05  7.1845E-06
 6.9474E+25  9.9418E-05  7.0352E+03  7.4643E-05  2.2518E-05  7.1845E-06
 6.9567E+25  9.9965E-05  7.0352E+03  7.4643E-05  2.2405E-05  7.1845E-06
 6.9659E+25  1.0018E-04  7.0352E+03  7.4643E-05  2.2295E-05  7.1845E-06
 6.9752E+25  1.0021E-04  7.0351E+03  7.4643E-05  2.2185E-05  7.1845E-06
 6.9844E+25  1.0076E-04  7.0351E+03  7.4643E-05  2.2073E-05  7.1845E-06
 6.9937E+25  1.0132E-04  7.0351E+03  7.4643E-05  2.1962E-05  7.1845E-06
 7.0029E+25  1.0187E-04  7.0350E+03  7.4643E-05  2.1852E-05  7.1845E-06
 7.0122E+25  1.0243E-04  7.0350E+03  7.4643E-05  2.1741E-05  7.1845E-06
 7.0215E+25  1.0254E-04  7.0350E+03  7.4643E-05  2.1631E-05  7.1845E-06
 7.0307E+25  1.0271E-04  7.0349E+03  7.4643E-05  2.1521E-05  7.1845E-06
 7.0400E+25  1.0325E-04  7.0349E+03  7.4643E-05  2.1410E-05  7.1845E-06
 7.0492E+25  1.0382E-04  7.0349E+03  7.4643E-05  2.1300E-05  7.1845E-06
 7.0585E+25  1.0439E-04  7.0348E+03  7.4643E-05  2.1191E-05  7.1845E-06
 7.0677E+25  1.0495E-04  7.0348E+03  7.4643E-05  2.1081E-05  7.1845E-06
 7.0770E+25  1.0498E-04  7.0348E+03  7.4643E-05  2.0972E-05  7.1845E-06
 7.0863E+25  1.0525E-04  7.0348E+03  7.4643E-05  2.0864E-05  7.1845E-06
 7.0955E+25  1.0581E-04  7.0347E+03  7.4643E-05  2.0760E-05  7.1845E-06
 7.1048E+25  1.0638E-04  7.0347E+03  7.4643E-05  2.0658E-05  7.1845E-06
 7.1140E+25  1.0695E-04  7.0346E+03  7.4643E-05  2.0557E-05  7.1845E-06
 7.1233E+25  1.0752E-04  7.0346E+03  7.4643E-05  2.0458E-05  7.1845E-06
 7.1325E+25  1.0750E-04  7.0346E+03  7.4643E-05  2.0360E-05  7.1845E-06
 7.1418E+25  1.0786E-04  7.0346E+03  7.4643E-05  2.0261E-05  7.1845E-06
 7.1511E+25  1.0843E-04  7.0345E+03  7.4643E-05  2.0161E-05  7.1845E-06
 7.1603E+25  1.0899E-04  7.0345E+03  7.4643E-05  2.0062E-05  7.1845E-06
 7.1696E+25  1.0958E-04  7.0344E+03  7.4643E-05  1.9964E-05  7.1845E-06
 7.1788E+25  1.1015E-04  7.0344E+03  7.4643E-05  1.9865E-05  7.1845E-06
 7.1881E+25  1.1009E-04  7.0344E+03  7.4643E-05  1.9766E-05  7.1845E-06
 7.1973E+25  1.1054E-04  7.0343E+03  7.4643E-05  1.9668E-05  7.1845E-06
 7.2066E+25  1.1110E-04  7.0343E+03  7.4643E-05  1.9569E-05  7.1845E-06
 7.2159E+25  1.1167E-04  7.0343E+03  7.4643E-05  1.9471E-05  7.1845E-06
 7.2251E+25  1.1225E-04  7.0342E+03  7.4643E-05  1.9373E-05  7.1845E-06
 7.2344E+25  1.1283E-04  7.0342E+03  7.4643E-05  1.9275E-05  7.1845E-06
 7.2436E+25  1.1277E-04  7.0342E+03  7.4643E-05  1.9178E-05  7.1845E-06
 7.2529E+25  1.1326E-04  7.0341E+03  7.4643E-05  1.9082E-05  7.1845E-06
 7.2621E+25  1.1384E-04  7.0341E+03  7.4643E-05  1.8990E-05  7.1845E-06
 7.2714E+25  1.1442E-04  7.0341E+03  7.4643E-05  1.8899E-05  7.1845E-06
 7.2807E+25  1.1500E-04  7.0340E+03  7.4643E-05  1.8809E-05  7.1845E-06
 7.2899E+25  1.1557E-04  7.0340E+03  7.4643E-05  1.8721E-05  7.1845E-06
 7.2992E+25  1.1552E-04  7.0340E+03  7.4643E-05  1.8633E-05  7.1845E-06
 7.3084E+25  1.1605E-04  7.0339E+03  7.4643E-05  1.8544E-05  7.1845E-06
 7.3177E+25  1.1664E-04  7.0339E+03  7.4643E-05  1.8456E-05  7.1845E-06
 7.3269E+25  1.1722E-04  7.0339E+03  7.4643E-05  1.8367E-05  7.1845E-06
 7.3362E+25  1.1781E-04  7.0338E+03  7.4643E-05  1.8279E-05  7.1845E-06
 7.3455E+25  1.1837E-04  7.0338E+03  7.4643E-05  1.8191E-05  7.1845E-06
 7.3547E+25  1.1835E-04  7.0338E+03  7.4643E-05  1.8103E-05  7.1845E-06
 7.3640E+25  1.1890E-04  7.0337E+03  7.4643E-05  1.8015E-05  7.1845E-06
 7.3732E+25  1.1950E-04  7.0337E+03  7.4643E-05  1.7927E-05  7.1845E-06
 7.3825E+25  1.2009E-04  7.0336E+03  7.4643E-05  1.7839E-05  7.1845E-06
 7.3917E+25  1.2068E-04  7.0336E+03  7.4643E-05  1.7752E-05  7.1845E-06
 7.4010E+25  1.2125E-04  7.0336E+03  7.4643E-05  1.7664E-05  7.1845E-06
 7.4103E+25  1.2125E-04  7.0336E+03  7.4643E-05  1.7577E-05  7.1845E-06
 7.4195E+25  1.2180E-04  7.0335E+03  7.4643E-05  1.7490E-05  7.1845E-06
 7.4288E+25  1.2242E-04  7.0335E+03  7.4643E-05  1.7408E-05  7.1845E-06
 7.4380E+25  1.2302E-04  7.0334E+03  7.4643E-05  1.7327E-05  7.1845E-06
 7.4473E+25  1.2362E-04  7.0334E+03  7.4643E-05  1.7246E-05  7.1845E-06
 7.4565E+25  1.2420E-04  7.0334E+03  7.4643E-05  1.7167E-05  7.1845E-06
 7.4658E+25  1.2424E-04  7.0334E+03  7.4643E-05  1.7089E-05  7.1845E-06
 7.4751E+25  1.2478E-04  7.0333E+03  7.4643E-05  1.7009E-05  7.1845E-06
 7.4843E+25  1.2539E-04  7.0333E+03  7.4643E-05  1.6930E-05  7.1845E-06
 7.4936E+25  1.2602E-04  7.0332E+03  7.4643E-05  1.6851E-05  7.1845E-06
 7.5028E+25  1.2663E-04  7.0332E+03  7.4643E-05  1.6773E-05  7.1845E-06
 7.5121E+25  1.2722E-04  7.0332E+03  7.4643E-05  1.6694E-05  7.1845E-06
 7.5213E+25  1.2730E-04  7.0331E+03  7.4643E-05  1.6615E-05  7.1845E-06
 7.5306E+25  1.2783E-04  7.0331E+03  7.4643E-05  1.6537E-05  7.1845E-06
 7.5399E+25  1.2844E-04  7.0330E+03  7.4643E-05  1.6458E-05  7.1845E-06
 7.5491E+25  1.2907E-04  7.0330E+03  7.4643E-05  1.6379E-05  7.1845E-06
 7.5584E+25  1.2970E-04  7.0330E+03  7.4643E-05  1.6301E-05  7.1845E-06
 7.5676E+25  1.3030E-04  7.0329E+03  7.4643E-05  1.6223E-05  7.1845E-06
 7.5769E+25  1.3045E-04  7.0329E+03  7.4643E-05  1.6145E-05  7.1845E-06
 7.5861E+25  1.3095E-04  7.0329E+03  7.4643E-05  1.6067E-05  7.1845E-06
 7.5954E+25  1.3157E-04  7.0328E+03  7.4643E-05  1.5990E-05  7.1845E-06
 7.6047E+25  1.3219E-04  7.0328E+03  7.4643E-05  1.5917E-05  7.1845E-06
 7.6139E+25  1.3282E-04  7.0327E+03  7.4643E-05  1.5845E-05  7.1845E-06
 7.6232E+25  1.3345E-04  7.0327E+03  7.4643E-05  1.5773E-05  7.1845E-06
 7.6324E+25  1.3368E-04  7.0327E+03  7.4643E-05  1.5703E-05  7.1845E-06
 7.6417E+25  1.3414E-04  7.0327E+03  7.4643E-05  1.5633E-05  7.1845E-06
 7.6509E+25  1.3476E-04  7.0326E+03  7.4643E-05  1.5562E-05  7.1845E-06
 7.6602E+25  1.3539E-04  7.0326E+03  7.4643E-05  1.5491E-05  7.1845E-06
 7.6695E+25  1.3601E-04  7.0325E+03  7.4643E-05  1.5421E-05  7.1845E-06
 7.6787E+25  1.3666E-04  7.0325E+03  7.4643E-05  1.5351E-05  7.1845E-06
 7.6880E+25  1.3699E-04  7.0325E+03  7.4643E-05  1.5280E-05  7.1845E-06
 7.6972E+25  1.3741E-04  7.0324E+03  7.4643E-05  1.5210E-05  7.1845E-06
 7.7065E+25  1.3803E-04  7.0324E+03  7.4643E-05  1.5140E-05  7.1845E-06
 7.7157E+25  1.3866E-04  7.0323E+03  7.4643E-05  1.5070E-05  7.1845E-06
 7.7250E+25  1.3929E-04  7.0323E+03  7.4643E-05  1.5000E-05  7.1845E-06
 7.7343E+25  1.3993E-04  7.0322E+03  7.4643E-05  1.4930E-05  7.1845E-06
 7.7435E+25  1.4035E-04  7.0322E+03  7.4643E-05  1.4860E-05  7.1845E-06
 7.7528E+25  1.4076E-04  7.0322E+03  7.4643E-05  1.4790E-05  7.1845E-06
 7.7620E+25  1.4138E-04  7.0322E+03  7.4643E-05  1.4720E-05  7.1845E-06
 7.7713E+25  1.4201E-04  7.0321E+03  7.4643E-05  1.4651E-05  7.1845E-06
 7.7805E+25  1.4264E-04  7.0321E+03  7.4643E-05  1.4586E-05  7.1845E-06
 7.7898E+25  1.4328E-04  7.0320E+03  7.4643E-05  1.4521E-05  7.1845E-06
 7.7991E+25  1.4377E-04  7.0320E+03  7.4643E-05  1.4456E-05  7.1845E-06
 7.8083E+25  1.4416E-04  7.0320E+03  7.4643E-05  1.4393E-05  7.1845E-06
 7.8176E+25  1.4481E-04  7.0319E+03  7.4643E-05  1.4331E-05  7.1845E-06
 7.8268E+25  1.4544E-04  7.0319E+03  7.4643E-05  1.4268E-05  7.1845E-06
 7.8361E+25  1.4607E-04  7.0318E+03  7.4643E-05  1.4205E-05  7.1845E-06
 7.8453E+25  1.4671E-04  7.0318E+03  7.4643E-05  1.4142E-05  7.1845E-06
 7.8546E+25  1.4728E-04  7.0318E+03  7.4643E-05  1.4079E-05  7.1845E-06
 7.8638E+25  1.4763E-04  7.0317E+03  7.4643E-05  1.4017E-05  7.1845E-06
 7.8731E+25  1.4829E-04  7.0317E+03  7.4643E-05  1.3954E-05  7.1845E-06
 7.8824E+25  1.4894E-04  7.0316E+03  7.4643E-05  1.3891E-05  7.1845E-06
 7.8916E+25  1.4958E-04  7.0316E+03  7.4643E-05  1.3829E-05  7.1845E-06
 7.9009E+25  1.5022E-04  7.0315E+03  7.4643E-05  1.3766E-05  7.1845E-06
 7.9101E+25  1.5084E-04  7.0315E+03  7.4643E-05  1.3703E-05  7.1845E-06
 7.9194E+25  1.5120E-04  7.0315E+03  7.4643E-05  1.3641E-05  7.1845E-06
 7.9286E+25  1.5184E-04  7.0314E+03  7.4643E-05  1.3578E-05  7.1845E-06
 7.9379E+25  1.5251E-04  7.0314E+03  7.4643E-05  1.3516E-05  7.1845E-06
 7.9472E+25  1.5316E-04  7.0313E+03  7.4643E-05  1.3454E-05  7.1845E-06
 7.9564E+25  1.5381E-04  7.0313E+03  7.4643E-05  1.3393E-05  7.1845E-06
 7.9657E+25  1.5444E-04  7.0313E+03  7.4643E-05  1.3335E-05  7.1845E-06
 7.9749E+25  1.5488E-04  7.0312E+03  7.4643E-05  1.3276E-05  7.1845E-06
 7.9842E+25  1.5547E-04  7.0312E+03  7.4643E-05  1.3219E-05  7.1845E-06
 7.9934E+25  1.5613E-04  7.0311E+03  7.4643E-05  1.3163E-05  7.1845E-06
 8.0027E+25  1.5681E-04  7.0311E+03  7.4643E-05  1.3108E-05  7.1845E-06
 8.0120E+25  1.5747E-04  7.0310E+03  7.4643E-05  1.3052E-05  7.1845E-06
 8.0212E+25  1.5812E-04  7.0310E+03  7.4643E-05  1.2995E-05  7.1845E-06
 8.0305E+25  1.5864E-04  7.0310E+03  7.4643E-05  1.2939E-05  7.1845E-06
 8.0397E+25  1.5919E-04  7.0309E+03  7.4643E-05  1.2883E-05  7.1845E-06
 8.0490E+25  1.5985E-04  7.0309E+03  7.4643E-05  1.2827E-05  7.1845E-06
 8.0582E+25  1.6052E-04  7.0308E+03  7.4643E-05  1.2771E-05  7.1845E-06
 8.0675E+25  1.6120E-04  7.0308E+03  7.4643E-05  1.2716E-05  7.1845E-06
 8.0768E+25  1.6186E-04  7.0307E+03  7.4643E-05  1.2660E-05  7.1845E-06
 8.0860E+25  1.6246E-04  7.0307E+03  7.4643E-05  1.2604E-05  7.1845E-06
 8.0953E+25  1.6300E-04  7.0307E+03  7.4643E-05  1.2548E-05  7.1845E-06
 8.1045E+25  1.6365E-04  7.0306E+03  7.4643E-05  1.2492E-05  7.1845E-06
 8.1138E+25  1.6431E-04  7.0306E+03  7.4643E-05  1.2436E-05  7.1845E-06
 8.1230E+25  1.6498E-04  7.0305E+03  7.4643E-05  1.2381E-05  7.1845E-06
 8.1323E+25  1.6567E-04  7.0304E+03  7.4643E-05  1.2325E-05  7.1845E-06
 8.1416E+25  1.6633E-04  7.0304E+03  7.4643E-05  1.2270E-05  7.1845E-06
 8.1508E+25  1.6689E-04  7.0304E+03  7.4643E-05  1.2218E-05  7.1845E-06
 8.1601E+25  1.6754E-04  7.0303E+03  7.4643E-05  1.2165E-05  7.1845E-06
 8.1693E+25  1.6820E-04  7.0303E+03  7.4643E-05  1.2113E-05  7.1845E-06
 8.1786E+25  1.6886E-04  7.0302E+03  7.4643E-05  1.2063E-05  7.1845E-06
 8.1878E+25  1.6954E-04  7.0302E+03  7.4643E-05  1.2014E-05  7.1845E-06
 8.1971E+25  1.7023E-04  7.0301E+03  7.4643E-05  1.1964E-05  7.1845E-06
 8.2064E+25  1.7086E-04  7.0301E+03  7.4643E-05  1.1914E-05  7.1845E-06
 8.2156E+25  1.7151E-04  7.0301E+03  7.4643E-05  1.1864E-05  7.1845E-06
 8.2249E+25  1.7217E-04  7.0300E+03  7.4643E-05  1.1814E-05  7.1845E-06
 8.2341E+25  1.7283E-04  7.0300E+03  7.4643E-05  1.1764E-05  7.1845E-06
 8.2434E+25  1.7350E-04  7.0299E+03  7.4643E-05  1.1714E-05  7.1845E-06
 8.2526E+25  1.7417E-04  7.0298E+03  7.4643E-05  1.1665E-05  7.1845E-06
 8.2619E+25  1.7486E-04  7.0298E+03  7.4643E-05  1.1615E-05  7.1845E-06
 8.2712E+25  1.7555E-04  7.0298E+03  7.4643E-05  1.1565E-05  7.1845E-06
 8.2804E+25  1.7621E-04  7.0297E+03  7.4643E-05  1.1515E-05  7.1845E-06
 8.2897E+25  1.7688E-04  7.0297E+03  7.4643E-05  1.1465E-05  7.1845E-06
 8.2989E+25  1.7755E-04  7.0296E+03  7.4643E-05  1.1415E-05  7.1845E-06
 8.3082E+25  1.7821E-04  7.0296E+03  7.4643E-05  1.1365E-05  7.1845E-06
 8.3174E+25  1.7890E-04  7.0295E+03  7.4643E-05  1.1316E-05  7.1845E-06
 8.3267E+25  1.7964E-04  7.0295E+03  7.4643E-05  1.1266E-05  7.1845E-06
 8.3360E+25  1.8034E-04  7.0294E+03  7.4643E-05  1.1217E-05  7.1845E-06
 8.3452E+25  1.8101E-04  7.0294E+03  7.4643E-05  1.1170E-05  7.1845E-06
 8.3545E+25  1.8168E-04  7.0293E+03  7.4643E-05  1.1124E-05  7.1845E-06
 8.3637E+25  1.8235E-04  7.0293E+03  7.4643E-05  1.1077E-05  7.1845E-06
 8.3730E+25  1.8302E-04  7.0292E+03  7.4643E-05  1.1033E-05  7.1845E-06
 8.3822E+25  1.8378E-04  7.0292E+03  7.4643E-05  1.0989E-05  7.1845E-06
 8.3915E+25  1.8451E-04  7.0291E+03  7.4643E-05  1.0945E-05  7.1845E-06
 8.4008E+25  1.8521E-04  7.0291E+03  7.4643E-05  1.0900E-05  7.1845E-06
 8.4100E+25  1.8588E-04  7.0290E+03  7.4643E-05  1.0855E-05  7.1845E-06
 8.4193E+25  1.8655E-04  7.0290E+03  7.4643E-05  1.0811E-05  7.1845E-06
 8.4285E+25  1.8723E-04  7.0289E+03  7.4643E-05  1.0766E-05  7.1845E-06
 8.4378E+25  1.8798E-04  7.0289E+03  7.4643E-05  1.0722E-05  7.1845E-06
 8.4470E+25  1.8875E-04  7.0288E+03  7.4643E-05  1.0678E-05  7.1845E-06
 8.4563E+25  1.8945E-04  7.0288E+03  7.4643E-05  1.0633E-05  7.1845E-06
 8.4656E+25  1.9015E-04  7.0287E+03  7.4643E-05  1.0589E-05  7.1845E-06
 8.4748E+25  1.9084E-04  7.0286E+03  7.4643E-05  1.0544E-05  7.1845E-06
 8.4841E+25  1.9150E-04  7.0286E+03  7.4643E-05  1.0500E-05  7.1845E-06
 8.4933E+25  1.9221E-04  7.0286E+03  7.4643E-05  1.0455E-05  7.1845E-06
 8.5026E+25  1.9310E-04  7.0285E+03  7.4643E-05  1.0411E-05  7.1845E-06
 8.5118E+25  1.9377E-04  7.0285E+03  7.4643E-05  1.0366E-05  7.1845E-06
 8.5211E+25  1.9446E-04  7.0284E+03  7.4643E-05  1.0322E-05  7.1845E-06
 8.5304E+25  1.9516E-04  7.0283E+03  7.4643E-05  1.0278E-05  7.1845E-06
 8.5396E+25  1.9586E-04  7.0283E+03  7.4643E-05  1.0235E-05  7.1845E-06
 8.5489E+25  1.9653E-04  7.0282E+03  7.4643E-05  1.0194E-05  7.1845E-06
 8.5581E+25  1.9742E-04  7.0282E+03  7.4643E-05  1.0152E-05  7.1845E-06
 8.5674E+25  1.9821E-04  7.0281E+03  7.4643E-05  1.0111E-05  7.1845E-06
 8.5766E+25  1.9887E-04  7.0281E+03  7.4643E-05  1.0072E-05  7.1845E-06
 8.5859E+25  1.9955E-04  7.0280E+03  7.4643E-05  1.0033E-05  7.1845E-06
 8.5952E+25  2.0025E-04  7.0279E+03  7.4643E-05  9.9931E-06  7.1845E-06
 8.6044E+25  2.0096E-04  7.0279E+03  7.4643E-05  9.9533E-06  7.1845E-06
 8.6137E+25  2.0172E-04  7.0279E+03  7.4643E-05  9.9136E-06  7.1845E-06
 8.6229E+25  2.0269E-04  7.0278E+03  7.4643E-05  9.8740E-06  7.1845E-06
 8.6322E+25  2.0338E-04  7.0278E+03  7.4643E-05  9.8344E-06  7.1845E-06
 8.6414E+25  2.0405E-04  7.0277E+03  7.4643E-05  9.7948E-06  7.1845E-06
 8.6507E+25  2.0471E-04  7.0276E+03  7.4643E-05  9.7552E-06  7.1845E-06
 8.6600E+25  2.0541E-04  7.0276E+03  7.4643E-05  9.7157E-06  7.1845E-06
 8.6692E+25  2.0613E-04  7.0275E+03  7.4643E-05  9.6760E-06  7.1845E-06
 8.6785E+25  2.0714E-04  7.0275E+03  7.4643E-05  9.6362E-06  7.1845E-06
 8.6877E+25  2.0792E-04  7.0274E+03  7.4643E-05  9.5966E-06  7.1845E-06
 8.6970E+25  2.0861E-04  7.0273E+03  7.4643E-05  9.5568E-06  7.1845E-06
 8.7062E+25  2.0928E-04  7.0273E+03  7.4643E-05  9.5172E-06  7.1845E-06
 8.7155E+25  2.0995E-04  7.0272E+03  7.4643E-05  9.4777E-06  7.1845E-06
 8.7248E+25  2.1063E-04  7.0272E+03  7.4643E-05  9.4381E-06  7.1845E-06
 8.7340E+25  2.1148E-04  7.0271E+03  7.4643E-05  9.3986E-06  7.1845E-06
 8.7433E+25  2.1256E-04  7.0271E+03  7.4643E-05  9.3607E-06  7.1845E-06
 8.7525E+25  2.1322E-04  7.0270E+03  7.4643E-05  9.3235E-06  7.1845E-06
 8.7618E+25  2.1390E-04  7.0269E+03  7.4643E-05  9.2863E-06  7.1845E-06
 8.7710E+25  2.1458E-04  7.0269E+03  7.4643E-05  9.2498E-06  7.1845E-06
 8.7803E+25  2.1525E-04  7.0268E+03  7.4643E-05  9.2148E-06  7.1845E-06
 8.7896E+25  2.1593E-04  7.0268E+03  7.4643E-05  9.1799E-06  7.1845E-06
 8.7988E+25  2.1705E-04  7.0267E+03  7.4643E-05  9.1445E-06  7.1845E-06
 8.8081E+25  2.1791E-04  7.0267E+03  7.4643E-05  9.1090E-06  7.1845E-06
 8.8173E+25  2.1859E-04  7.0266E+03  7.4643E-05  9.0737E-06  7.1845E-06
 8.8266E+25  2.1925E-04  7.0265E+03  7.4643E-05  9.0383E-06  7.1845E-06
 8.8358E+25  2.1994E-04  7.0265E+03  7.4643E-05  9.0031E-06  7.1845E-06
 8.8451E+25  2.2061E-04  7.0264E+03  7.4643E-05  8.9678E-06  7.1845E-06
 8.8544E+25  2.2142E-04  7.0264E+03  7.4643E-05  8.9326E-06  7.1845E-06
 8.8636E+25  2.2260E-04  7.0263E+03  7.4643E-05  8.8973E-06  7.1845E-06
 8.8729E+25  2.2330E-04  7.0262E+03  7.4643E-05  8.8620E-06  7.1845E-06
 8.8821E+25  2.2400E-04  7.0262E+03  7.4643E-05  8.8266E-06  7.1845E-06
 8.8914E+25  2.2465E-04  7.0261E+03  7.4643E-05  8.7912E-06  7.1845E-06
 8.9006E+25  2.2533E-04  7.0260E+03  7.4643E-05  8.7558E-06  7.1845E-06
 8.9099E+25  2.2603E-04  7.0260E+03  7.4643E-05  8.7204E-06  7.1845E-06
 8.9192E+25  2.2714E-04  7.0259E+03  7.4643E-05  8.6851E-06  7.1845E-06
 8.9284E+25  2.2807E-04  7.0259E+03  7.4643E-05  8.6498E-06  7.1845E-06
 8.9377E+25  2.2874E-04  7.0258E+03  7.4643E-05  8.6145E-06  7.1845E-06
 8.9469E+25  2.2944E-04  7.0257E+03  7.4643E-05  8.5796E-06  7.1845E-06
 8.9562E+25  2.3012E-04  7.0257E+03  7.4643E-05  8.5462E-06  7.1845E-06
 8.9654E+25  2.3077E-04  7.0256E+03  7.4643E-05  8.5130E-06  7.1845E-06
 8.9747E+25  2.3155E-04  7.0255E+03  7.4643E-05  8.4796E-06  7.1845E-06
 8.9840E+25  2.3287E-04  7.0255E+03  7.4643E-05  8.4475E-06  7.1845E-06
 8.9932E+25  2.3358E-04  7.0254E+03  7.4643E-05  8.4165E-06  7.1845E-06
 9.0025E+25  2.3423E-04  7.0254E+03  7.4643E-05  8.3854E-06  7.1845E-06
 9.0117E+25  2.3492E-04  7.0253E+03  7.4643E-05  8.3538E-06  7.1845E-06
 9.0210E+25  2.3561E-04  7.0252E+03  7.4643E-05  8.3223E-06  7.1845E-06
 9.0302E+25  2.3628E-04  7.0252E+03  7.4643E-05  8.2908E-06  7.1845E-06
 9.0395E+25  2.3729E-04  7.0251E+03  7.4643E-05  8.2594E-06  7.1845E-06
 9.0487E+25  2.3847E-04  7.0250E+03  7.4643E-05  8.2279E-06  7.1845E-06
 9.0580E+25  2.3913E-04  7.0250E+03  7.4643E-05  8.1965E-06  7.1845E-06
 9.0673E+25  2.3978E-04  7.0249E+03  7.4643E-05  8.1651E-06  7.1845E-06
 9.0765E+25  2.4043E-04  7.0248E+03  7.4643E-05  8.1338E-06  7.1845E-06
 9.0858E+25  2.4112E-04  7.0248E+03  7.4643E-05  8.1022E-06  7.1845E-06
 9.0950E+25  2.4184E-04  7.0247E+03  7.4643E-05  8.0707E-06  7.1845E-06
 9.1043E+25  2.4310E-04  7.0247E+03  7.4643E-05  8.0391E-06  7.1845E-06
 9.1135E+25  2.4405E-04  7.0246E+03  7.4643E-05  8.0076E-06  7.1845E-06
 9.1228E+25  2.4470E-04  7.0245E+03  7.4643E-05  7.9761E-06  7.1845E-06
 9.1321E+25  2.4535E-04  7.0244E+03  7.4643E-05  7.9445E-06  7.1845E-06
 9.1413E+25  2.4600E-04  7.0244E+03  7.4643E-05  7.9130E-06  7.1845E-06
 9.1506E+25  2.4666E-04  7.0243E+03  7.4643E-05  7.8816E-06  7.1845E-06
 9.1598E+25  2.4745E-04  7.0242E+03  7.4643E-05  7.8502E-06  7.1845E-06
 9.1691E+25  2.4891E-04  7.0242E+03  7.4643E-05  7.8202E-06  7.1845E-06
 9.1783E+25  2.4963E-04  7.0241E+03  7.4643E-05  7.7904E-06  7.1845E-06
 9.1876E+25  2.5030E-04  7.0240E+03  7.4643E-05  7.7607E-06  7.1845E-06
 9.1969E+25  2.5094E-04  7.0240E+03  7.4643E-05  7.7314E-06  7.1845E-06
 9.2061E+25  2.5159E-04  7.0239E+03  7.4643E-05  7.7037E-06  7.1845E-06
 9.2154E+25  2.5224E-04  7.0238E+03  7.4643E-05  7.6761E-06  7.1845E-06
 9.2246E+25  2.5318E-04  7.0238E+03  7.4643E-05  7.6480E-06  7.1845E-06
 9.2339E+25  2.5461E-04  7.0237E+03  7.4643E-05  7.6199E-06  7.1845E-06
 9.2431E+25  2.5525E-04  7.0236E+03  7.4643E-05  7.5920E-06  7.1845E-06
 9.2524E+25  2.5589E-04  7.0236E+03  7.4643E-05  7.5640E-06  7.1845E-06
