 4.6285E+22  3.2800E-11  1.1630E+04  7.4643E-05  1.0000E+00  7.1845E-06
 1.3886E+23  2.2954E-10  1.1633E+04  7.4643E-05  1.0000E+00  7.1845E-06
 2.3143E+23  6.2257E-10  1.1646E+04  7.4643E-05  1.0000E+00  7.1845E-06
 3.2400E+23  1.2103E-09  1.1673E+04  7.4643E-05  1.0000E+00  7.1845E-06
 4.1657E+23  1.9894E-09  1.1722E+04  7.4643E-05  1.0000E+00  7.1845E-06
 5.0914E+23  2.9536E-09  1.1801E+04  7.4643E-05  1.0000E+00  7.1845E-06
 6.0171E+23  4.0908E-09  1.1923E+04  7.4643E-05  1.0000E+00  7.1845E-06
 6.9428E+23  5.3878E-09  1.2099E+04  7.4643E-05  1.0000E+00  7.1845E-06
 7.8685E+23  6.8101E-09  1.2357E+04  7.4643E-05  1.0000E+00  7.1845E-06
 8.7942E+23  8.3317E-09  1.2716E+04  7.4643E-05  1.0000E+00  7.1845E-06
 9.7199E+23  9.9307E-09  1.3151E+04  7.4643E-05  1.0000E+00  7.1845E-06
 1.0646E+24  1.1630E-08  1.3589E+04  7.4643E-05  1.0000E+00  7.1845E-06
 1.1571E+24  1.3508E-08  1.3907E+04  7.4643E-05  1.0000E+00  7.1845E-06
 1.2497E+24  1.5619E-08  1.4078E+04  7.4643E-05  1.0000E+00  7.1845E-06
 1.3423E+24  1.7923E-08  1.4173E+04  7.4643E-05  1.0000E+00  7.1845E-06
 1.4348E+24  2.0383E-08  1.4273E+04  7.4643E-05  9.9999E-01  7.1845E-06
 1.5274E+24  2.2965E-08  1.4373E+04  7.4643E-05  9.9999E-01  7.1845E-06
 1.6200E+24  2.5718E-08  1.4467E+04  7.4643E-05  9.9999E-01  7.1845E-06
 1.7126E+24  2.8612E-08  1.4558E+04  7.4643E-05  9.9999E-01  7.1845E-06
 1.8051E+24  3.1645E-08  1.4640E+04  7.4643E-05  9.9999E-01  7.1845E-06
 1.8977E+24  3.4837E-08  1.4719E+04  7.4643E-05  9.9999E-01  7.1845E-06
 1.9903E+24  3.8181E-08  1.4796E+04  7.4643E-05  9.9999E-01  7.1845E-06
 2.0828E+24  4.1667E-08  1.4871E+04  7.4643E-05  9.9999E-01  7.1845E-06
 2.1754E+24  4.5257E-08  1.4943E+04  7.4643E-05  9.9999E-01  7.1845E-06
 2.2680E+24  4.9043E-08  1.5014E+04  7.4643E-05  9.9999E-01  7.1845E-06
 2.3605E+24  5.2958E-08  1.5082E+04  7.4643E-05  9.9999E-01  7.1845E-06
 2.4531E+24  5.7002E-08  1.5145E+04  7.4643E-05  9.9999E-01  7.1845E-06
 2.5457E+24  6.1181E-08  1.5210E+04  7.4643E-05  9.9998E-01  7.1845E-06
 2.6383E+24  6.5532E-08  1.5274E+04  7.4643E-05  9.9998E-01  7.1845E-06
 2.7308E+24  7.0023E-08  1.5333E+04  7.4643E-05  9.9998E-01  7.1845E-06
 2.8234E+24  7.4585E-08  1.5393E+04  7.4643E-05  9.9998E-01  7.1845E-06
 2.9160E+24  7.9362E-08  1.5450E+04  7.4643E-05  9.9998E-01  7.1845E-06
 3.0085E+24  8.4309E-08  1.5505E+04  7.4643E-05  9.9998E-01  7.1845E-06
 3.1011E+24  8.9310E-08  1.5561E+04  7.4643E-05  9.9998E-01  7.1845E-06
 3.1937E+24  9.4444E-08  1.5614E+04  7.4643E-05  9.9997E-01  7.1845E-06
 3.2862E+24  9.9783E-08  1.5666E+04  7.4643E-05  9.9997E-01  7.1845E-06
 3.3788E+24  1.0522E-07  1.5717E+04  7.4643E-05  9.9996E-01  7.1845E-06
 3.4714E+24  1.1073E-07  1.5767E+04  7.4643E-05  9.9993E-01  7.1845E-06
 3.5640E+24  1.1648E-07  1.5815E+04  7.4643E-05  9.9985E-01  7.1845E-06
 3.6565E+24  1.2246E-07  1.5860E+04  7.4643E-05  9.9966E-01  7.1845E-06
 3.7491E+24  1.2837E-07  1.5905E+04  7.4643E-05  9.9922E-01  7.1845E-06
 3.8417E+24  1.3452E-07  1.5946E+04  7.4643E-05  9.9822E-01  7.1845E-06
 3.9342E+24  1.4092E-07  1.5980E+04  7.4643E-05  9.9610E-01  7.1845E-06
 4.0268E+24  1.4736E-07  1.6003E+04  7.4643E-05  9.9181E-01  7.1845E-06
 4.1194E+24  1.5400E-07  1.6010E+04  7.4643E-05  9.8346E-01  7.1845E-06
 4.2120E+24  1.6123E-07  1.5986E+04  7.4643E-05  9.6801E-01  7.1845E-06
 4.3045E+24  1.6846E-07  1.5909E+04  7.4643E-05  9.4088E-01  7.1845E-06
 4.3971E+24  1.7655E-07  1.5751E+04  7.4643E-05  8.9633E-01  7.1845E-06
 4.4897E+24  1.8569E-07  1.5479E+04  7.4643E-05  8.2906E-01  7.1845E-06
 4.5822E+24  1.9615E-07  1.5068E+04  7.4643E-05  7.3786E-01  7.1845E-06
 4.6748E+24  2.0809E-07  1.4519E+04  7.4643E-05  6.2900E-01  7.1845E-06
 4.7674E+24  2.2174E-07  1.3867E+04  7.4643E-05  5.1557E-01  7.1845E-06
 4.8599E+24  2.3745E-07  1.3171E+04  7.4643E-05  4.1133E-01  7.1845E-06
 4.9525E+24  2.5464E-07  1.2491E+04  7.4643E-05  3.2454E-01  7.1845E-06
 5.0451E+24  2.7283E-07  1.1864E+04  7.4643E-05  2.5673E-01  7.1845E-06
 5.1377E+24  2.9096E-07  1.1309E+04  7.4643E-05  2.0540E-01  7.1845E-06
 5.2302E+24  3.1022E-07  1.0826E+04  7.4643E-05  1.6682E-01  7.1845E-06
 5.3228E+24  3.2972E-07  1.0411E+04  7.4643E-05  1.3761E-01  7.1845E-06
 5.4154E+24  3.4901E-07  1.0055E+04  7.4643E-05  1.1519E-01  7.1845E-06
 5.5079E+24  3.6795E-07  9.7477E+03  7.4643E-05  9.7672E-02  7.1845E-06
 5.6005E+24  3.8758E-07  9.4825E+03  7.4643E-05  8.3755E-02  7.1845E-06
 5.6931E+24  4.0721E-07  9.2521E+03  7.4643E-05  7.2528E-02  7.1845E-06
 5.7856E+24  4.2683E-07  9.0507E+03  7.4643E-05  6.3335E-02  7.1845E-06
 5.8782E+24  4.4642E-07  8.8746E+03  7.4643E-05  5.5731E-02  7.1845E-06
 5.9708E+24  4.6557E-07  8.7188E+03  7.4643E-05  4.9352E-02  7.1845E-06
 6.0634E+24  4.8525E-07  8.5807E+03  7.4643E-05  4.3956E-02  7.1845E-06
 6.1559E+24  5.0506E-07  8.4581E+03  7.4643E-05  3.9360E-02  7.1845E-06
 6.2485E+24  5.2500E-07  8.3483E+03  7.4643E-05  3.5405E-02  7.1845E-06
 6.3411E+24  5.4504E-07  8.2499E+03  7.4643E-05  3.1983E-02  7.1845E-06
 6.4336E+24  5.6527E-07  8.1614E+03  7.4643E-05  2.9004E-02  7.1845E-06
 6.5262E+24  5.8508E-07  8.0814E+03  7.4643E-05  2.6394E-02  7.1845E-06
 6.6188E+24  6.0514E-07  8.0088E+03  7.4643E-05  2.4095E-02  7.1845E-06
 6.7113E+24  6.2576E-07  7.9429E+03  7.4643E-05  2.2063E-02  7.1845E-06
 6.8039E+24  6.4670E-07  7.8828E+03  7.4643E-05  2.0257E-02  7.1845E-06
 6.8965E+24  6.6804E-07  7.8279E+03  7.4643E-05  1.8647E-02  7.1845E-06
 6.9891E+24  6.8874E-07  7.7778E+03  7.4643E-05  1.7208E-02  7.1845E-06
 7.0816E+24  7.0894E-07  7.7316E+03  7.4643E-05  1.5912E-02  7.1845E-06
 7.1742E+24  7.3131E-07  7.6892E+03  7.4643E-05  1.4745E-02  7.1845E-06
 7.2668E+24  7.5330E-07  7.6502E+03  7.4643E-05  1.3692E-02  7.1845E-06
 7.3593E+24  7.7332E-07  7.6141E+03  7.4643E-05  1.2738E-02  7.1845E-06
 7.4519E+24  7.9718E-07  7.5807E+03  7.4643E-05  1.1869E-02  7.1845E-06
 7.5445E+24  8.1772E-07  7.5498E+03  7.4643E-05  1.1079E-02  7.1845E-06
 7.6371E+24  8.4101E-07  7.5211E+03  7.4643E-05  1.0357E-02  7.1845E-06
 7.7296E+24  8.6325E-07  7.4943E+03  7.4643E-05  9.6961E-03  7.1845E-06
 7.8222E+24  8.8610E-07  7.4695E+03  7.4643E-05  9.0922E-03  7.1845E-06
 7.9148E+24  9.0890E-07  7.4464E+03  7.4643E-05  8.5353E-03  7.1845E-06
 8.0073E+24  9.3282E-07  7.4247E+03  7.4643E-05  8.0233E-03  7.1845E-06
 8.0999E+24  9.5476E-07  7.4045E+03  7.4643E-05  7.5520E-03  7.1845E-06
 8.1925E+24  9.8138E-07  7.3856E+03  7.4643E-05  7.1152E-03  7.1845E-06
 8.2850E+24  1.0011E-06  7.3679E+03  7.4643E-05  6.7132E-03  7.1845E-06
 8.3776E+24  1.0277E-06  7.3512E+03  7.4643E-05  6.3385E-03  7.1845E-06
 8.4702E+24  1.0526E-06  7.3357E+03  7.4643E-05  5.9929E-03  7.1845E-06
 8.5628E+24  1.0745E-06  7.3209E+03  7.4643E-05  5.6698E-03  7.1845E-06
 8.6553E+24  1.1014E-06  7.3072E+03  7.4643E-05  5.3711E-03  7.1845E-06
 8.7479E+24  1.1277E-06  7.2941E+03  7.4643E-05  5.0914E-03  7.1845E-06
 8.8405E+24  1.1491E-06  7.2819E+03  7.4643E-05  4.8316E-03  7.1845E-06
 8.9330E+24  1.1762E-06  7.2703E+03  7.4643E-05  4.5878E-03  7.1845E-06
 9.0256E+24  1.2034E-06  7.2593E+03  7.4643E-05  4.3610E-03  7.1845E-06
 9.1182E+24  1.2298E-06  7.2490E+03  7.4643E-05  4.1476E-03  7.1845E-06
 9.2107E+24  1.2525E-06  7.2392E+03  7.4643E-05  3.9489E-03  7.1845E-06
 9.3033E+24  1.2800E-06  7.2299E+03  7.4643E-05  3.7612E-03  7.1845E-06
 9.3959E+24  1.3077E-06  7.2212E+03  7.4643E-05  3.5864E-03  7.1845E-06
 9.4885E+24  1.3355E-06  7.2128E+03  7.4643E-05  3.4207E-03  7.1845E-06
 9.5810E+24  1.3633E-06  7.2049E+03  7.4643E-05  3.2656E-03  7.1845E-06
 9.6736E+24  1.3885E-06  7.1974E+03  7.4643E-05  3.1198E-03  7.1845E-06
 9.7662E+24  1.4152E-06  7.1903E+03  7.4643E-05  2.9812E-03  7.1845E-06
 9.8587E+24  1.4436E-06  7.1835E+03  7.4643E-05  2.8522E-03  7.1845E-06
 9.9513E+24  1.4722E-06  7.1770E+03  7.4643E-05  2.7287E-03  7.1845E-06
 1.0044E+25  1.5009E-06  7.1709E+03  7.4643E-05  2.6135E-03  7.1845E-06
 1.0136E+25  1.5297E-06  7.1651E+03  7.4643E-05  2.5037E-03  7.1845E-06
 1.0229E+25  1.5587E-06  7.1595E+03  7.4643E-05  2.3999E-03  7.1845E-06
 1.0322E+25  1.5879E-06  7.1542E+03  7.4643E-05  2.3022E-03  7.1845E-06
 1.0414E+25  1.6173E-06  7.1491E+03  7.4643E-05  2.2088E-03  7.1845E-06
 1.0507E+25  1.6469E-06  7.1442E+03  7.4643E-05  2.1210E-03  7.1845E-06
 1.0599E+25  1.6766E-06  7.1396E+03  7.4643E-05  2.0373E-03  7.1845E-06
 1.0692E+25  1.7066E-06  7.1351E+03  7.4643E-05  1.9577E-03  7.1845E-06
 1.0784E+25  1.7368E-06  7.1309E+03  7.4643E-05  1.8824E-03  7.1845E-06
 1.0877E+25  1.7673E-06  7.1268E+03  7.4643E-05  1.8108E-03  7.1845E-06
 1.0970E+25  1.7979E-06  7.1230E+03  7.4643E-05  1.7424E-03  7.1845E-06
 1.1062E+25  1.8289E-06  7.1192E+03  7.4643E-05  1.6778E-03  7.1845E-06
 1.1155E+25  1.8601E-06  7.1157E+03  7.4643E-05  1.6158E-03  7.1845E-06
 1.1247E+25  1.8917E-06  7.1122E+03  7.4643E-05  1.5568E-03  7.1845E-06
 1.1340E+25  1.9235E-06  7.1090E+03  7.4643E-05  1.5010E-03  7.1845E-06
 1.1432E+25  1.9557E-06  7.1058E+03  7.4643E-05  1.4471E-03  7.1845E-06
 1.1525E+25  1.9883E-06  7.1028E+03  7.4643E-05  1.3963E-03  7.1845E-06
 1.1618E+25  2.0212E-06  7.0999E+03  7.4643E-05  1.3474E-03  7.1845E-06
 1.1710E+25  2.0546E-06  7.0971E+03  7.4643E-05  1.3008E-03  7.1845E-06
 1.1803E+25  2.0883E-06  7.0944E+03  7.4643E-05  1.2563E-03  7.1845E-06
 1.1895E+25  2.1226E-06  7.0919E+03  7.4643E-05  1.2137E-03  7.1845E-06
 1.1988E+25  2.1572E-06  7.0894E+03  7.4643E-05  1.1729E-03  7.1845E-06
 1.2080E+25  2.1854E-06  7.0870E+03  7.4643E-05  1.1341E-03  7.1845E-06
 1.2173E+25  2.2193E-06  7.0847E+03  7.4643E-05  1.0968E-03  7.1845E-06
 1.2266E+25  2.2546E-06  7.0825E+03  7.4643E-05  1.0608E-03  7.1845E-06
 1.2358E+25  2.2905E-06  7.0804E+03  7.4643E-05  1.0268E-03  7.1845E-06
 1.2451E+25  2.3269E-06  7.0783E+03  7.4643E-05  9.9382E-04  7.1845E-06
 1.2543E+25  2.3639E-06  7.0763E+03  7.4643E-05  9.6231E-04  7.1845E-06
 1.2636E+25  2.4010E-06  7.0744E+03  7.4643E-05  9.3202E-04  7.1845E-06
 1.2728E+25  2.4277E-06  7.0726E+03  7.4643E-05  9.0323E-04  7.1845E-06
 1.2821E+25  2.4647E-06  7.0708E+03  7.4643E-05  8.7520E-04  7.1845E-06
 1.2914E+25  2.5032E-06  7.0691E+03  7.4643E-05  8.4842E-04  7.1845E-06
 1.3006E+25  2.5425E-06  7.0674E+03  7.4643E-05  8.2290E-04  7.1845E-06
 1.3099E+25  2.5825E-06  7.0658E+03  7.4643E-05  7.9803E-04  7.1845E-06
 1.3191E+25  2.6124E-06  7.0643E+03  7.4643E-05  7.7429E-04  7.1845E-06
 1.3284E+25  2.6465E-06  7.0628E+03  7.4643E-05  7.5140E-04  7.1845E-06
 1.3376E+25  2.6877E-06  7.0614E+03  7.4643E-05  7.2959E-04  7.1845E-06
 1.3469E+25  2.7298E-06  7.0600E+03  7.4643E-05  7.0830E-04  7.1845E-06
 1.3562E+25  2.7711E-06  7.0586E+03  7.4643E-05  6.8773E-04  7.1845E-06
 1.3654E+25  2.7951E-06  7.0573E+03  7.4643E-05  6.6841E-04  7.1845E-06
 1.3747E+25  2.8379E-06  7.0560E+03  7.4643E-05  6.4934E-04  7.1845E-06
 1.3839E+25  2.8823E-06  7.0548E+03  7.4643E-05  6.3104E-04  7.1845E-06
 1.3932E+25  2.9276E-06  7.0536E+03  7.4643E-05  6.1353E-04  7.1845E-06
 1.4024E+25  2.9497E-06  7.0525E+03  7.4643E-05  5.9658E-04  7.1845E-06
 1.4117E+25  2.9938E-06  7.0514E+03  7.4643E-05  5.8028E-04  7.1845E-06
 1.4210E+25  3.0410E-06  7.0503E+03  7.4643E-05  5.6435E-04  7.1845E-06
 1.4302E+25  3.0845E-06  7.0493E+03  7.4643E-05  5.4915E-04  7.1845E-06
 1.4395E+25  3.1078E-06  7.0483E+03  7.4643E-05  5.3461E-04  7.1845E-06
 1.4487E+25  3.1566E-06  7.0473E+03  7.4643E-05  5.2031E-04  7.1845E-06
 1.4580E+25  3.2068E-06  7.0463E+03  7.4643E-05  5.0636E-04  7.1845E-06
 1.4672E+25  3.2369E-06  7.0454E+03  7.4643E-05  4.9338E-04  7.1845E-06
 1.4765E+25  3.2749E-06  7.0445E+03  7.4643E-05  4.8055E-04  7.1845E-06
 1.4858E+25  3.3273E-06  7.0436E+03  7.4643E-05  4.6806E-04  7.1845E-06
 1.4950E+25  3.3701E-06  7.0428E+03  7.4643E-05  4.5609E-04  7.1845E-06
 1.5043E+25  3.3963E-06  7.0420E+03  7.4643E-05  4.4449E-04  7.1845E-06
 1.5135E+25  3.4510E-06  7.0412E+03  7.4643E-05  4.3327E-04  7.1845E-06
 1.5228E+25  3.5023E-06  7.0404E+03  7.4643E-05  4.2253E-04  7.1845E-06
 1.5320E+25  3.5213E-06  7.0396E+03  7.4643E-05  4.1186E-04  7.1845E-06
 1.5413E+25  3.5783E-06  7.0389E+03  7.4643E-05  4.0170E-04  7.1845E-06
 1.5506E+25  3.6336E-06  7.0382E+03  7.4643E-05  3.9198E-04  7.1845E-06
 1.5598E+25  3.6500E-06  7.0375E+03  7.4643E-05  3.8241E-04  7.1845E-06
 1.5691E+25  3.7096E-06  7.0369E+03  7.4643E-05  3.7302E-04  7.1845E-06
 1.5783E+25  3.7643E-06  7.0362E+03  7.4643E-05  3.6413E-04  7.1845E-06
 1.5876E+25  3.7823E-06  7.0356E+03  7.4643E-05  3.5553E-04  7.1845E-06
 1.5968E+25  3.8453E-06  7.0350E+03  7.4643E-05  3.4705E-04  7.1845E-06
 1.6061E+25  3.8933E-06  7.0344E+03  7.4643E-05  3.3883E-04  7.1845E-06
 1.6154E+25  3.9194E-06  7.0338E+03  7.4643E-05  3.3096E-04  7.1845E-06
 1.6246E+25  3.9859E-06  7.0332E+03  7.4643E-05  3.2325E-04  7.1845E-06
 1.6339E+25  4.0204E-06  7.0327E+03  7.4643E-05  3.1580E-04  7.1845E-06
 1.6431E+25  4.0618E-06  7.0321E+03  7.4643E-05  3.0863E-04  7.1845E-06
 1.6524E+25  4.1320E-06  7.0316E+03  7.4643E-05  3.0153E-04  7.1845E-06
 1.6616E+25  4.1455E-06  7.0311E+03  7.4643E-05  2.9462E-04  7.1845E-06
 1.6709E+25  4.2100E-06  7.0306E+03  7.4643E-05  2.8814E-04  7.1845E-06
 1.6802E+25  4.2642E-06  7.0301E+03  7.4643E-05  2.8174E-04  7.1845E-06
 1.6894E+25  4.2885E-06  7.0296E+03  7.4643E-05  2.7537E-04  7.1845E-06
 1.6987E+25  4.3643E-06  7.0292E+03  7.4643E-05  2.6924E-04  7.1845E-06
 1.7079E+25  4.3867E-06  7.0287E+03  7.4643E-05  2.6348E-04  7.1845E-06
 1.7172E+25  4.4454E-06  7.0283E+03  7.4643E-05  2.5773E-04  7.1845E-06
 1.7264E+25  4.5055E-06  7.0279E+03  7.4643E-05  2.5209E-04  7.1845E-06
 1.7357E+25  4.5270E-06  7.0274E+03  7.4643E-05  2.4667E-04  7.1845E-06
 1.7450E+25  4.6094E-06  7.0270E+03  7.4643E-05  2.4141E-04  7.1845E-06
 1.7542E+25  4.6249E-06  7.0266E+03  7.4643E-05  2.3628E-04  7.1845E-06
 1.7635E+25  4.6941E-06  7.0263E+03  7.4643E-05  2.3127E-04  7.1845E-06
 1.7727E+25  4.7434E-06  7.0259E+03  7.4643E-05  2.2647E-04  7.1845E-06
 1.7820E+25  4.7795E-06  7.0255E+03  7.4643E-05  2.2172E-04  7.1845E-06
 1.7912E+25  4.8617E-06  7.0251E+03  7.4643E-05  2.1706E-04  7.1845E-06
 1.8005E+25  4.8665E-06  7.0248E+03  7.4643E-05  2.1258E-04  7.1845E-06
 1.8097E+25  4.9582E-06  7.0245E+03  7.4643E-05  2.0830E-04  7.1845E-06
 1.8190E+25  4.9769E-06  7.0241E+03  7.4643E-05  2.0406E-04  7.1845E-06
 1.8283E+25  5.0484E-06  7.0238E+03  7.4643E-05  1.9983E-04  7.1845E-06
 1.8375E+25  5.0950E-06  7.0235E+03  7.4643E-05  1.9578E-04  7.1845E-06
 1.8468E+25  5.1397E-06  7.0232E+03  7.4643E-05  1.9196E-04  7.1845E-06
 1.8560E+25  5.2132E-06  7.0229E+03  7.4643E-05  1.8813E-04  7.1845E-06
 1.8653E+25  5.2324E-06  7.0226E+03  7.4643E-05  1.8438E-04  7.1845E-06
 1.8745E+25  5.3304E-06  7.0223E+03  7.4643E-05  1.8068E-04  7.1845E-06
 1.8838E+25  5.3276E-06  7.0220E+03  7.4643E-05  1.7717E-04  7.1845E-06
 1.8931E+25  5.4331E-06  7.0217E+03  7.4643E-05  1.7377E-04  7.1845E-06
 1.9023E+25  5.4390E-06  7.0214E+03  7.4643E-05  1.7037E-04  7.1845E-06
 1.9116E+25  5.5319E-06  7.0212E+03  7.4643E-05  1.6707E-04  7.1845E-06
 1.9208E+25  5.5558E-06  7.0209E+03  7.4643E-05  1.6387E-04  7.1845E-06
 1.9301E+25  5.6324E-06  7.0207E+03  7.4643E-05  1.6076E-04  7.1845E-06
 1.9393E+25  5.6726E-06  7.0204E+03  7.4643E-05  1.5770E-04  7.1845E-06
 1.9486E+25  5.7347E-06  7.0202E+03  7.4643E-05  1.5469E-04  7.1845E-06
 1.9579E+25  5.7892E-06  7.0199E+03  7.4643E-05  1.5183E-04  7.1845E-06
 1.9671E+25  5.8390E-06  7.0197E+03  7.4643E-05  1.4902E-04  7.1845E-06
 1.9764E+25  5.9056E-06  7.0195E+03  7.4643E-05  1.4623E-04  7.1845E-06
 1.9856E+25  5.9454E-06  7.0192E+03  7.4643E-05  1.4348E-04  7.1845E-06
 1.9949E+25  6.0218E-06  7.0190E+03  7.4643E-05  1.4085E-04  7.1845E-06
 2.0041E+25  6.0539E-06  7.0188E+03  7.4643E-05  1.3833E-04  7.1845E-06
 2.0134E+25  6.1377E-06  7.0186E+03  7.4643E-05  1.3583E-04  7.1845E-06
 2.0227E+25  6.1648E-06  7.0184E+03  7.4643E-05  1.3334E-04  7.1845E-06
 2.0319E+25  6.2532E-06  7.0182E+03  7.4643E-05  1.3088E-04  7.1845E-06
 2.0412E+25  6.2781E-06  7.0180E+03  7.4643E-05  1.2856E-04  7.1845E-06
 2.0504E+25  6.3683E-06  7.0178E+03  7.4643E-05  1.2631E-04  7.1845E-06
 2.0597E+25  6.3940E-06  7.0176E+03  7.4643E-05  1.2409E-04  7.1845E-06
 2.0689E+25  6.4830E-06  7.0174E+03  7.4643E-05  1.2186E-04  7.1845E-06
 2.0782E+25  6.5126E-06  7.0173E+03  7.4643E-05  1.1969E-04  7.1845E-06
 2.0875E+25  6.5972E-06  7.0171E+03  7.4643E-05  1.1762E-04  7.1845E-06
 2.0967E+25  6.6340E-06  7.0169E+03  7.4643E-05  1.1561E-04  7.1845E-06
 2.1060E+25  6.7108E-06  7.0167E+03  7.4643E-05  1.1360E-04  7.1845E-06
 2.1152E+25  6.7585E-06  7.0166E+03  7.4643E-05  1.1162E-04  7.1845E-06
 2.1245E+25  6.8239E-06  7.0164E+03  7.4643E-05  1.0970E-04  7.1845E-06
 2.1337E+25  6.8861E-06  7.0162E+03  7.4643E-05  1.0785E-04  7.1845E-06
 2.1430E+25  6.9363E-06  7.0161E+03  7.4643E-05  1.0604E-04  7.1845E-06
 2.1523E+25  7.0170E-06  7.0159E+03  7.4643E-05  1.0422E-04  7.1845E-06
 2.1615E+25  7.0481E-06  7.0158E+03  7.4643E-05  1.0246E-04  7.1845E-06
 2.1708E+25  7.1514E-06  7.0156E+03  7.4643E-05  1.0075E-04  7.1845E-06
 2.1800E+25  7.1591E-06  7.0155E+03  7.4643E-05  9.9097E-05  7.1845E-06
 2.1893E+25  7.2894E-06  7.0153E+03  7.4643E-05  9.7458E-05  7.1845E-06
 2.1985E+25  7.2696E-06  7.0152E+03  7.4643E-05  9.5845E-05  7.1845E-06
 2.2078E+25  7.4170E-06  7.0151E+03  7.4643E-05  9.4221E-05  7.1845E-06
 2.2171E+25  7.3934E-06  7.0149E+03  7.4643E-05  9.2700E-05  7.1845E-06
 2.2263E+25  7.5280E-06  7.0148E+03  7.4643E-05  9.1225E-05  7.1845E-06
 2.2356E+25  7.5368E-06  7.0147E+03  7.4643E-05  8.9762E-05  7.1845E-06
 2.2448E+25  7.6376E-06  7.0145E+03  7.4643E-05  8.8296E-05  7.1845E-06
 2.2541E+25  7.6851E-06  7.0144E+03  7.4643E-05  8.6856E-05  7.1845E-06
 2.2633E+25  7.7463E-06  7.0143E+03  7.4643E-05  8.5442E-05  7.1845E-06
 2.2726E+25  7.8378E-06  7.0142E+03  7.4643E-05  8.4120E-05  7.1845E-06
 2.2819E+25  7.8540E-06  7.0141E+03  7.4643E-05  8.2817E-05  7.1845E-06
 2.2911E+25  7.9950E-06  7.0139E+03  7.4643E-05  8.1506E-05  7.1845E-06
 2.3004E+25  7.9611E-06  7.0138E+03  7.4643E-05  8.0208E-05  7.1845E-06
 2.3096E+25  8.1155E-06  7.0137E+03  7.4643E-05  7.8924E-05  7.1845E-06
 2.3189E+25  8.1082E-06  7.0136E+03  7.4643E-05  7.7702E-05  7.1845E-06
 2.3281E+25  8.2220E-06  7.0135E+03  7.4643E-05  7.6533E-05  7.1845E-06
 2.3374E+25  8.2733E-06  7.0134E+03  7.4643E-05  7.5357E-05  7.1845E-06
 2.3467E+25  8.3275E-06  7.0133E+03  7.4643E-05  7.4197E-05  7.1845E-06
 2.3559E+25  8.4437E-06  7.0132E+03  7.4643E-05  7.3037E-05  7.1845E-06
 2.3652E+25  8.4320E-06  7.0131E+03  7.4643E-05  7.1919E-05  7.1845E-06
 2.3744E+25  8.5909E-06  7.0130E+03  7.4643E-05  7.0843E-05  7.1845E-06
 2.3837E+25  8.5640E-06  7.0129E+03  7.4643E-05  6.9793E-05  7.1845E-06
 2.3929E+25  8.6950E-06  7.0128E+03  7.4643E-05  6.8737E-05  7.1845E-06
 2.4022E+25  8.7433E-06  7.0127E+03  7.4643E-05  6.7699E-05  7.1845E-06
 2.4115E+25  8.7977E-06  7.0126E+03  7.4643E-05  6.6680E-05  7.1845E-06
 2.4207E+25  8.9287E-06  7.0125E+03  7.4643E-05  6.5686E-05  7.1845E-06
 2.4300E+25  8.8996E-06  7.0124E+03  7.4643E-05  6.4741E-05  7.1845E-06
 2.4392E+25  9.0626E-06  7.0123E+03  7.4643E-05  6.3790E-05  7.1845E-06
 2.4485E+25  9.0575E-06  7.0123E+03  7.4643E-05  6.2851E-05  7.1845E-06
 2.4577E+25  9.1635E-06  7.0122E+03  7.4643E-05  6.1917E-05  7.1845E-06
 2.4670E+25  9.2534E-06  7.0121E+03  7.4643E-05  6.1003E-05  7.1845E-06
 2.4763E+25  9.2631E-06  7.0120E+03  7.4643E-05  6.0136E-05  7.1845E-06
 2.4855E+25  9.4292E-06  7.0119E+03  7.4643E-05  5.9286E-05  7.1845E-06
 2.4948E+25  9.3886E-06  7.0118E+03  7.4643E-05  5.8442E-05  7.1845E-06
 2.5040E+25  9.5285E-06  7.0118E+03  7.4643E-05  5.7593E-05  7.1845E-06
 2.5133E+25  9.5956E-06  7.0117E+03  7.4643E-05  5.6757E-05  7.1845E-06
 2.5225E+25  9.6260E-06  7.0116E+03  7.4643E-05  5.5940E-05  7.1845E-06
 2.5318E+25  9.7943E-06  7.0115E+03  7.4643E-05  5.5156E-05  7.1845E-06
 2.5411E+25  9.7385E-06  7.0115E+03  7.4643E-05  5.4406E-05  7.1845E-06
 2.5503E+25  9.8923E-06  7.0114E+03  7.4643E-05  5.3649E-05  7.1845E-06
 2.5596E+25  9.9571E-06  7.0113E+03  7.4643E-05  5.2897E-05  7.1845E-06
 2.5688E+25  9.9875E-06  7.0113E+03  7.4643E-05  5.2139E-05  7.1845E-06
 2.5781E+25  1.0159E-05  7.0112E+03  7.4643E-05  5.1403E-05  7.1845E-06
 2.5873E+25  1.0107E-05  7.0111E+03  7.4643E-05  5.0695E-05  7.1845E-06
 2.5966E+25  1.0254E-05  7.0111E+03  7.4643E-05  5.0015E-05  7.1845E-06
 2.6059E+25  1.0340E-05  7.0110E+03  7.4643E-05  4.9354E-05  7.1845E-06
 2.6151E+25  1.0347E-05  7.0109E+03  7.4643E-05  4.8668E-05  7.1845E-06
 2.6244E+25  1.0522E-05  7.0109E+03  7.4643E-05  4.8003E-05  7.1845E-06
 2.6336E+25  1.0498E-05  7.0108E+03  7.4643E-05  4.7330E-05  7.1845E-06
 2.6429E+25  1.0614E-05  7.0107E+03  7.4643E-05  4.6691E-05  7.1845E-06
 2.6521E+25  1.0747E-05  7.0107E+03  7.4643E-05  4.6073E-05  7.1845E-06
 2.6614E+25  1.0705E-05  7.0106E+03  7.4643E-05  4.5468E-05  7.1845E-06
 2.6707E+25  1.0883E-05  7.0106E+03  7.4643E-05  4.4876E-05  7.1845E-06
 2.6799E+25  1.0915E-05  7.0105E+03  7.4643E-05  4.4264E-05  7.1845E-06
 2.6892E+25  1.0972E-05  7.0104E+03  7.4643E-05  4.3674E-05  7.1845E-06
 2.6984E+25  1.1151E-05  7.0104E+03  7.4643E-05  4.3083E-05  7.1845E-06
 2.7077E+25  1.1088E-05  7.0103E+03  7.4643E-05  4.2516E-05  7.1845E-06
 2.7169E+25  1.1240E-05  7.0103E+03  7.4643E-05  4.1980E-05  7.1845E-06
 2.7262E+25  1.1359E-05  7.0102E+03  7.4643E-05  4.1434E-05  7.1845E-06
 2.7355E+25  1.1326E-05  7.0102E+03  7.4643E-05  4.0898E-05  7.1845E-06
 2.7447E+25  1.1509E-05  7.0101E+03  7.4643E-05  4.0364E-05  7.1845E-06
 2.7540E+25  1.1543E-05  7.0101E+03  7.4643E-05  3.9827E-05  7.1845E-06
 2.7632E+25  1.1594E-05  7.0100E+03  7.4643E-05  3.9315E-05  7.1845E-06
 2.7725E+25  1.1778E-05  7.0100E+03  7.4643E-05  3.8817E-05  7.1845E-06
 2.7817E+25  1.1732E-05  7.0099E+03  7.4643E-05  3.8329E-05  7.1845E-06
 2.7910E+25  1.1863E-05  7.0099E+03  7.4643E-05  3.7855E-05  7.1845E-06
 2.8003E+25  1.2029E-05  7.0098E+03  7.4643E-05  3.7360E-05  7.1845E-06
 2.8095E+25  1.1946E-05  7.0098E+03  7.4643E-05  3.6889E-05  7.1845E-06
 2.8188E+25  1.2133E-05  7.0097E+03  7.4643E-05  3.6411E-05  7.1845E-06
 2.8280E+25  1.2232E-05  7.0097E+03  7.4643E-05  3.5958E-05  7.1845E-06
 2.8373E+25  1.2214E-05  7.0096E+03  7.4643E-05  3.5510E-05  7.1845E-06
 2.8465E+25  1.2403E-05  7.0096E+03  7.4643E-05  3.5084E-05  7.1845E-06
 2.8558E+25  1.2440E-05  7.0095E+03  7.4643E-05  3.4649E-05  7.1845E-06
 2.8651E+25  1.2483E-05  7.0095E+03  7.4643E-05  3.4223E-05  7.1845E-06
 2.8743E+25  1.2673E-05  7.0095E+03  7.4643E-05  3.3783E-05  7.1845E-06
 2.8836E+25  1.2655E-05  7.0094E+03  7.4643E-05  3.3365E-05  7.1845E-06
 2.8928E+25  1.2753E-05  7.0094E+03  7.4643E-05  3.2953E-05  7.1845E-06
 2.9021E+25  1.2942E-05  7.0093E+03  7.4643E-05  3.2558E-05  7.1845E-06
 2.9113E+25  1.2879E-05  7.0093E+03  7.4643E-05  3.2175E-05  7.1845E-06
 2.9206E+25  1.3023E-05  7.0093E+03  7.4643E-05  3.1791E-05  7.1845E-06
 2.9299E+25  1.3207E-05  7.0092E+03  7.4643E-05  3.1402E-05  7.1845E-06
 2.9391E+25  1.3113E-05  7.0092E+03  7.4643E-05  3.1023E-05  7.1845E-06
 2.9484E+25  1.3294E-05  7.0091E+03  7.4643E-05  3.0633E-05  7.1845E-06
 2.9576E+25  1.3459E-05  7.0091E+03  7.4643E-05  3.0266E-05  7.1845E-06
 2.9669E+25  1.3369E-05  7.0091E+03  7.4643E-05  2.9907E-05  7.1845E-06
 2.9761E+25  1.3566E-05  7.0090E+03  7.4643E-05  2.9564E-05  7.1845E-06
 2.9854E+25  1.3705E-05  7.0090E+03  7.4643E-05  2.9224E-05  7.1845E-06
 2.9947E+25  1.3640E-05  7.0090E+03  7.4643E-05  2.8879E-05  7.1845E-06
 3.0039E+25  1.3838E-05  7.0089E+03  7.4643E-05  2.8533E-05  7.1845E-06
 3.0132E+25  1.3959E-05  7.0089E+03  7.4643E-05  2.8194E-05  7.1845E-06
 3.0224E+25  1.3912E-05  7.0089E+03  7.4643E-05  2.7855E-05  7.1845E-06
 3.0317E+25  1.4111E-05  7.0088E+03  7.4643E-05  2.7526E-05  7.1845E-06
 3.0409E+25  1.4221E-05  7.0088E+03  7.4643E-05  2.7215E-05  7.1845E-06
 3.0502E+25  1.4184E-05  7.0088E+03  7.4643E-05  2.6911E-05  7.1845E-06
 3.0594E+25  1.4385E-05  7.0087E+03  7.4643E-05  2.6607E-05  7.1845E-06
 3.0687E+25  1.4493E-05  7.0087E+03  7.4643E-05  2.6302E-05  7.1845E-06
 3.0780E+25  1.4458E-05  7.0087E+03  7.4643E-05  2.5992E-05  7.1845E-06
 3.0872E+25  1.4660E-05  7.0086E+03  7.4643E-05  2.5688E-05  7.1845E-06
 3.0965E+25  1.4772E-05  7.0086E+03  7.4643E-05  2.5394E-05  7.1845E-06
 3.1057E+25  1.4732E-05  7.0086E+03  7.4643E-05  2.5099E-05  7.1845E-06
 3.1150E+25  1.4936E-05  7.0085E+03  7.4643E-05  2.4824E-05  7.1845E-06
 3.1242E+25  1.5062E-05  7.0085E+03  7.4643E-05  2.4553E-05  7.1845E-06
 3.1335E+25  1.5008E-05  7.0085E+03  7.4643E-05  2.4282E-05  7.1845E-06
 3.1428E+25  1.5213E-05  7.0084E+03  7.4643E-05  2.4009E-05  7.1845E-06
 3.1520E+25  1.5362E-05  7.0084E+03  7.4643E-05  2.3737E-05  7.1845E-06
 3.1613E+25  1.5285E-05  7.0084E+03  7.4643E-05  2.3461E-05  7.1845E-06
 3.1705E+25  1.5492E-05  7.0084E+03  7.4643E-05  2.3201E-05  7.1845E-06
 3.1798E+25  1.5663E-05  7.0083E+03  7.4643E-05  2.2945E-05  7.1845E-06
 3.1890E+25  1.5573E-05  7.0083E+03  7.4643E-05  2.2694E-05  7.1845E-06
 3.1983E+25  1.5773E-05  7.0083E+03  7.4643E-05  2.2453E-05  7.1845E-06
 3.2076E+25  1.5956E-05  7.0083E+03  7.4643E-05  2.2208E-05  7.1845E-06
 3.2168E+25  1.5880E-05  7.0082E+03  7.4643E-05  2.1967E-05  7.1845E-06
 3.2261E+25  1.6055E-05  7.0082E+03  7.4643E-05  2.1724E-05  7.1845E-06
 3.2353E+25  1.6248E-05  7.0082E+03  7.4643E-05  2.1483E-05  7.1845E-06
 3.2446E+25  1.6202E-05  7.0081E+03  7.4643E-05  2.1243E-05  7.1845E-06
 3.2538E+25  1.6341E-05  7.0081E+03  7.4643E-05  2.1015E-05  7.1845E-06
 3.2631E+25  1.6538E-05  7.0081E+03  7.4643E-05  2.0794E-05  7.1845E-06
 3.2724E+25  1.6539E-05  7.0081E+03  7.4643E-05  2.0577E-05  7.1845E-06
 3.2816E+25  1.6628E-05  7.0080E+03  7.4643E-05  2.0360E-05  7.1845E-06
 3.2909E+25  1.6830E-05  7.0080E+03  7.4643E-05  2.0140E-05  7.1845E-06
 3.3001E+25  1.6888E-05  7.0080E+03  7.4643E-05  1.9926E-05  7.1845E-06
 3.3094E+25  1.6916E-05  7.0080E+03  7.4643E-05  1.9709E-05  7.1845E-06
 3.3186E+25  1.7127E-05  7.0080E+03  7.4643E-05  1.9498E-05  7.1845E-06
 3.3279E+25  1.7248E-05  7.0079E+03  7.4643E-05  1.9288E-05  7.1845E-06
 3.3372E+25  1.7210E-05  7.0079E+03  7.4643E-05  1.9086E-05  7.1845E-06
 3.3464E+25  1.7424E-05  7.0079E+03  7.4643E-05  1.8898E-05  7.1845E-06
 3.3557E+25  1.7592E-05  7.0079E+03  7.4643E-05  1.8702E-05  7.1845E-06
 3.3649E+25  1.7538E-05  7.0078E+03  7.4643E-05  1.8510E-05  7.1845E-06
 3.3742E+25  1.7722E-05  7.0078E+03  7.4643E-05  1.8313E-05  7.1845E-06
 3.3834E+25  1.7914E-05  7.0078E+03  7.4643E-05  1.8120E-05  7.1845E-06
 3.3927E+25  1.7904E-05  7.0078E+03  7.4643E-05  1.7928E-05  7.1845E-06
 3.4020E+25  1.8026E-05  7.0077E+03  7.4643E-05  1.7743E-05  7.1845E-06
 3.4112E+25  1.8229E-05  7.0077E+03  7.4643E-05  1.7559E-05  7.1845E-06
 3.4205E+25  1.8294E-05  7.0077E+03  7.4643E-05  1.7381E-05  7.1845E-06
 3.4297E+25  1.8335E-05  7.0077E+03  7.4643E-05  1.7212E-05  7.1845E-06
 3.4390E+25  1.8545E-05  7.0077E+03  7.4643E-05  1.7041E-05  7.1845E-06
 3.4482E+25  1.8691E-05  7.0076E+03  7.4643E-05  1.6866E-05  7.1845E-06
 3.4575E+25  1.8658E-05  7.0076E+03  7.4643E-05  1.6696E-05  7.1845E-06
 3.4668E+25  1.8863E-05  7.0076E+03  7.4643E-05  1.6519E-05  7.1845E-06
 3.4760E+25  1.9048E-05  7.0076E+03  7.4643E-05  1.6350E-05  7.1845E-06
 3.4853E+25  1.9040E-05  7.0076E+03  7.4643E-05  1.6183E-05  7.1845E-06
 3.4945E+25  1.9189E-05  7.0075E+03  7.4643E-05  1.6022E-05  7.1845E-06
 3.5038E+25  1.9389E-05  7.0075E+03  7.4643E-05  1.5867E-05  7.1845E-06
 3.5130E+25  1.9459E-05  7.0075E+03  7.4643E-05  1.5713E-05  7.1845E-06
 3.5223E+25  1.9518E-05  7.0075E+03  7.4643E-05  1.5563E-05  7.1845E-06
 3.5316E+25  1.9728E-05  7.0075E+03  7.4643E-05  1.5409E-05  7.1845E-06
 3.5408E+25  1.9882E-05  7.0075E+03  7.4643E-05  1.5253E-05  7.1845E-06
 3.5501E+25  1.9871E-05  7.0074E+03  7.4643E-05  1.5102E-05  7.1845E-06
 3.5593E+25  2.0073E-05  7.0074E+03  7.4643E-05  1.4944E-05  7.1845E-06
 3.5686E+25  2.0260E-05  7.0074E+03  7.4643E-05  1.4799E-05  7.1845E-06
 3.5778E+25  2.0295E-05  7.0074E+03  7.4643E-05  1.4651E-05  7.1845E-06
 3.5871E+25  2.0421E-05  7.0074E+03  7.4643E-05  1.4514E-05  7.1845E-06
 3.5964E+25  2.0630E-05  7.0073E+03  7.4643E-05  1.4379E-05  7.1845E-06
 3.6056E+25  2.0749E-05  7.0073E+03  7.4643E-05  1.4241E-05  7.1845E-06
 3.6149E+25  2.0782E-05  7.0073E+03  7.4643E-05  1.4106E-05  7.1845E-06
 3.6241E+25  2.0993E-05  7.0073E+03  7.4643E-05  1.3970E-05  7.1845E-06
 3.6334E+25  2.1174E-05  7.0073E+03  7.4643E-05  1.3831E-05  7.1845E-06
 3.6426E+25  2.1203E-05  7.0073E+03  7.4643E-05  1.3696E-05  7.1845E-06
 3.6519E+25  2.1369E-05  7.0072E+03  7.4643E-05  1.3561E-05  7.1845E-06
 3.6612E+25  2.1573E-05  7.0072E+03  7.4643E-05  1.3430E-05  7.1845E-06
 3.6704E+25  2.1679E-05  7.0072E+03  7.4643E-05  1.3302E-05  7.1845E-06
 3.6797E+25  2.1748E-05  7.0072E+03  7.4643E-05  1.3183E-05  7.1845E-06
 3.6889E+25  2.1969E-05  7.0072E+03  7.4643E-05  1.3063E-05  7.1845E-06
 3.6982E+25  2.2138E-05  7.0072E+03  7.4643E-05  1.2940E-05  7.1845E-06
 3.7074E+25  2.2189E-05  7.0072E+03  7.4643E-05  1.2819E-05  7.1845E-06
 3.7167E+25  2.2366E-05  7.0071E+03  7.4643E-05  1.2699E-05  7.1845E-06
 3.7260E+25  2.2570E-05  7.0071E+03  7.4643E-05  1.2575E-05  7.1845E-06
 3.7352E+25  2.2688E-05  7.0071E+03  7.4643E-05  1.2454E-05  7.1845E-06
 3.7445E+25  2.2771E-05  7.0071E+03  7.4643E-05  1.2338E-05  7.1845E-06
 3.7537E+25  2.3004E-05  7.0071E+03  7.4643E-05  1.2219E-05  7.1845E-06
 3.7630E+25  2.3166E-05  7.0071E+03  7.4643E-05  1.2109E-05  7.1845E-06
 3.7722E+25  2.3246E-05  7.0070E+03  7.4643E-05  1.2002E-05  7.1845E-06
 3.7815E+25  2.3428E-05  7.0070E+03  7.4643E-05  1.1896E-05  7.1845E-06
 3.7908E+25  2.3636E-05  7.0070E+03  7.4643E-05  1.1789E-05  7.1845E-06
 3.8000E+25  2.3773E-05  7.0070E+03  7.4643E-05  1.1678E-05  7.1845E-06
 3.8093E+25  2.3867E-05  7.0070E+03  7.4643E-05  1.1570E-05  7.1845E-06
 3.8185E+25  2.4098E-05  7.0070E+03  7.4643E-05  1.1464E-05  7.1845E-06
 3.8278E+25  2.4283E-05  7.0070E+03  7.4643E-05  1.1354E-05  7.1845E-06
 3.8370E+25  2.4374E-05  7.0069E+03  7.4643E-05  1.1251E-05  7.1845E-06
 3.8463E+25  2.4563E-05  7.0069E+03  7.4643E-05  1.1147E-05  7.1845E-06
 3.8556E+25  2.4776E-05  7.0069E+03  7.4643E-05  1.1048E-05  7.1845E-06
 3.8648E+25  2.4936E-05  7.0069E+03  7.4643E-05  1.0954E-05  7.1845E-06
 3.8741E+25  2.5048E-05  7.0069E+03  7.4643E-05  1.0858E-05  7.1845E-06
 3.8833E+25  2.5268E-05  7.0069E+03  7.4643E-05  1.0762E-05  7.1845E-06
 3.8926E+25  2.5485E-05  7.0069E+03  7.4643E-05  1.0667E-05  7.1845E-06
 3.9018E+25  2.5594E-05  7.0068E+03  7.4643E-05  1.0569E-05  7.1845E-06
 3.9111E+25  2.5775E-05  7.0068E+03  7.4643E-05  1.0473E-05  7.1845E-06
 3.9204E+25  2.6016E-05  7.0068E+03  7.4643E-05  1.0378E-05  7.1845E-06
 3.9296E+25  2.6178E-05  7.0068E+03  7.4643E-05  1.0284E-05  7.1845E-06
 3.9389E+25  2.6324E-05  7.0068E+03  7.4643E-05  1.0192E-05  7.1845E-06
 3.9481E+25  2.6534E-05  7.0068E+03  7.4643E-05  1.0104E-05  7.1845E-06
 3.9574E+25  2.6770E-05  7.0068E+03  7.4643E-05  1.0019E-05  7.1845E-06
 3.9666E+25  2.6909E-05  7.0068E+03  7.4643E-05  9.9331E-06  7.1845E-06
 3.9759E+25  2.7087E-05  7.0067E+03  7.4643E-05  9.8482E-06  7.1845E-06
 3.9852E+25  2.7337E-05  7.0067E+03  7.4643E-05  9.7617E-06  7.1845E-06
 3.9944E+25  2.7536E-05  7.0067E+03  7.4643E-05  9.6779E-06  7.1845E-06
 4.0037E+25  2.7677E-05  7.0067E+03  7.4643E-05  9.5912E-06  7.1845E-06
 4.0129E+25  2.7919E-05  7.0067E+03  7.4643E-05  9.5042E-06  7.1845E-06
 4.0222E+25  2.8145E-05  7.0067E+03  7.4643E-05  9.4224E-06  7.1845E-06
 4.0314E+25  2.8332E-05  7.0067E+03  7.4643E-05  9.3387E-06  7.1845E-06
 4.0407E+25  2.8521E-05  7.0067E+03  7.4643E-05  9.2576E-06  7.1845E-06
 4.0500E+25  2.8745E-05  7.0066E+03  7.4643E-05  9.1828E-06  7.1845E-06
 4.0592E+25  2.9001E-05  7.0066E+03  7.4643E-05  9.1074E-06  7.1845E-06
 4.0685E+25  2.9167E-05  7.0066E+03  7.4643E-05  9.0313E-06  7.1845E-06
 4.0777E+25  2.9385E-05  7.0066E+03  7.4643E-05  8.9540E-06  7.1845E-06
 4.0870E+25  2.9661E-05  7.0066E+03  7.4643E-05  8.8776E-06  7.1845E-06
 4.0962E+25  2.9852E-05  7.0066E+03  7.4643E-05  8.8028E-06  7.1845E-06
 4.1055E+25  3.0054E-05  7.0066E+03  7.4643E-05  8.7270E-06  7.1845E-06
 4.1148E+25  3.0321E-05  7.0066E+03  7.4643E-05  8.6488E-06  7.1845E-06
 4.1240E+25  3.0562E-05  7.0065E+03  7.4643E-05  8.5760E-06  7.1845E-06
 4.1333E+25  3.0766E-05  7.0065E+03  7.4643E-05  8.5027E-06  7.1845E-06
 4.1425E+25  3.0992E-05  7.0065E+03  7.4643E-05  8.4312E-06  7.1845E-06
 4.1518E+25  3.1273E-05  7.0065E+03  7.4643E-05  8.3648E-06  7.1845E-06
 4.1610E+25  3.1514E-05  7.0065E+03  7.4643E-05  8.2982E-06  7.1845E-06
 4.1703E+25  3.1725E-05  7.0065E+03  7.4643E-05  8.2312E-06  7.1845E-06
 4.1796E+25  3.1991E-05  7.0065E+03  7.4643E-05  8.1618E-06  7.1845E-06
 4.1888E+25  3.2274E-05  7.0065E+03  7.4643E-05  8.0944E-06  7.1845E-06
 4.1981E+25  3.2494E-05  7.0065E+03  7.4643E-05  8.0258E-06  7.1845E-06
 4.2073E+25  3.2743E-05  7.0064E+03  7.4643E-05  7.9591E-06  7.1845E-06
 4.2166E+25  3.3034E-05  7.0064E+03  7.4643E-05  7.8928E-06  7.1845E-06
 4.2258E+25  3.3294E-05  7.0064E+03  7.4643E-05  7.8240E-06  7.1845E-06
 4.2351E+25  3.3556E-05  7.0064E+03  7.4643E-05  7.7596E-06  7.1845E-06
 4.2443E+25  3.3776E-05  7.0064E+03  7.4643E-05  7.6965E-06  7.1845E-06
 4.2536E+25  3.4126E-05  7.0064E+03  7.4643E-05  7.6369E-06  7.1845E-06
 4.2629E+25  3.4391E-05  7.0064E+03  7.4643E-05  7.5782E-06  7.1845E-06
 4.2721E+25  3.4594E-05  7.0064E+03  7.4643E-05  7.5182E-06  7.1845E-06
 4.2814E+25  3.4968E-05  7.0064E+03  7.4643E-05  7.4584E-06  7.1845E-06
 4.2906E+25  3.5215E-05  7.0063E+03  7.4643E-05  7.3976E-06  7.1845E-06
 4.2999E+25  3.5493E-05  7.0063E+03  7.4643E-05  7.3365E-06  7.1845E-06
 4.3091E+25  3.5804E-05  7.0063E+03  7.4643E-05  7.2758E-06  7.1845E-06
 4.3184E+25  3.6082E-05  7.0063E+03  7.4643E-05  7.2163E-06  7.1845E-06
 4.3277E+25  3.6416E-05  7.0063E+03  7.4643E-05  7.1581E-06  7.1845E-06
 4.3369E+25  3.6674E-05  7.0063E+03  7.4643E-05  7.0983E-06  7.1845E-06
 4.3462E+25  3.6983E-05  7.0063E+03  7.4643E-05  7.0401E-06  7.1845E-06
 4.3554E+25  3.7345E-05  7.0063E+03  7.4643E-05  6.9877E-06  7.1845E-06
 4.3647E+25  3.7616E-05  7.0063E+03  7.4643E-05  6.9350E-06  7.1845E-06
 4.3739E+25  3.7898E-05  7.0062E+03  7.4643E-05  6.8826E-06  7.1845E-06
 4.3832E+25  3.8277E-05  7.0062E+03  7.4643E-05  6.8292E-06  7.1845E-06
 4.3925E+25  3.8588E-05  7.0062E+03  7.4643E-05  6.7752E-06  7.1845E-06
 4.4017E+25  3.8885E-05  7.0062E+03  7.4643E-05  6.7227E-06  7.1845E-06
 4.4110E+25  3.9257E-05  7.0062E+03  7.4643E-05  6.6671E-06  7.1845E-06
 4.4202E+25  3.9557E-05  7.0062E+03  7.4643E-05  6.6136E-06  7.1845E-06
 4.4295E+25  3.9908E-05  7.0062E+03  7.4643E-05  6.5608E-06  7.1845E-06
 4.4387E+25  4.0251E-05  7.0062E+03  7.4643E-05  6.5082E-06  7.1845E-06
 4.4480E+25  4.0556E-05  7.0062E+03  7.4643E-05  6.4572E-06  7.1845E-06
 4.4573E+25  4.0981E-05  7.0061E+03  7.4643E-05  6.4049E-06  7.1845E-06
 4.4665E+25  4.1286E-05  7.0061E+03  7.4643E-05  6.3592E-06  7.1845E-06
 4.4758E+25  4.1614E-05  7.0061E+03  7.4643E-05  6.3129E-06  7.1845E-06
 4.4850E+25  4.2063E-05  7.0061E+03  7.4643E-05  6.2656E-06  7.1845E-06
 4.4943E+25  4.2352E-05  7.0061E+03  7.4643E-05  6.2186E-06  7.1845E-06
 4.5035E+25  4.2709E-05  7.0061E+03  7.4643E-05  6.1706E-06  7.1845E-06
 4.5128E+25  4.3142E-05  7.0061E+03  7.4643E-05  6.1233E-06  7.1845E-06
 4.5221E+25  4.3461E-05  7.0061E+03  7.4643E-05  6.0760E-06  7.1845E-06
 4.5313E+25  4.3888E-05  7.0061E+03  7.4643E-05  6.0274E-06  7.1845E-06
 4.5406E+25  4.4242E-05  7.0060E+03  7.4643E-05  5.9795E-06  7.1845E-06
 4.5498E+25  4.4623E-05  7.0060E+03  7.4643E-05  5.9332E-06  7.1845E-06
 4.5591E+25  4.5078E-05  7.0060E+03  7.4643E-05  5.8871E-06  7.1845E-06
 4.5683E+25  4.5397E-05  7.0060E+03  7.4643E-05  5.8427E-06  7.1845E-06
 4.5776E+25  4.5799E-05  7.0060E+03  7.4643E-05  5.7998E-06  7.1845E-06
 4.5869E+25  4.6256E-05  7.0060E+03  7.4643E-05  5.7591E-06  7.1845E-06
 4.5961E+25  4.6629E-05  7.0060E+03  7.4643E-05  5.7180E-06  7.1845E-06
 4.6054E+25  4.7039E-05  7.0060E+03  7.4643E-05  5.6753E-06  7.1845E-06
 4.6146E+25  4.7468E-05  7.0060E+03  7.4643E-05  5.6337E-06  7.1845E-06
 4.6239E+25  4.7901E-05  7.0059E+03  7.4643E-05  5.5913E-06  7.1845E-06
 4.6331E+25  4.8281E-05  7.0059E+03  7.4643E-05  5.5491E-06  7.1845E-06
 4.6424E+25  4.8752E-05  7.0059E+03  7.4643E-05  5.5068E-06  7.1845E-06
 4.6517E+25  4.9185E-05  7.0059E+03  7.4643E-05  5.4642E-06  7.1845E-06
 4.6609E+25  4.9574E-05  7.0059E+03  7.4643E-05  5.4220E-06  7.1845E-06
 4.6702E+25  5.0067E-05  7.0059E+03  7.4643E-05  5.3803E-06  7.1845E-06
 4.6794E+25  5.0511E-05  7.0059E+03  7.4643E-05  5.3400E-06  7.1845E-06
 4.6887E+25  5.0916E-05  7.0059E+03  7.4643E-05  5.3027E-06  7.1845E-06
 4.6979E+25  5.1428E-05  7.0059E+03  7.4643E-05  5.2654E-06  7.1845E-06
 4.7072E+25  5.1845E-05  7.0059E+03  7.4643E-05  5.2289E-06  7.1845E-06
 4.7165E+25  5.2315E-05  7.0058E+03  7.4643E-05  5.1920E-06  7.1845E-06
 4.7257E+25  5.2850E-05  7.0058E+03  7.4643E-05  5.1544E-06  7.1845E-06
 4.7350E+25  5.3183E-05  7.0058E+03  7.4643E-05  5.1170E-06  7.1845E-06
 4.7442E+25  5.3764E-05  7.0058E+03  7.4643E-05  5.0801E-06  7.1845E-06
 4.7535E+25  5.4287E-05  7.0058E+03  7.4643E-05  5.0415E-06  7.1845E-06
 4.7627E+25  5.4605E-05  7.0058E+03  7.4643E-05  5.0047E-06  7.1845E-06
 4.7720E+25  5.5248E-05  7.0058E+03  7.4643E-05  4.9670E-06  7.1845E-06
 4.7813E+25  5.5728E-05  7.0058E+03  7.4643E-05  4.9299E-06  7.1845E-06
 4.7905E+25  5.6107E-05  7.0058E+03  7.4643E-05  4.8923E-06  7.1845E-06
 4.7998E+25  5.6742E-05  7.0057E+03  7.4643E-05  4.8567E-06  7.1845E-06
 4.8090E+25  5.7201E-05  7.0057E+03  7.4643E-05  4.8241E-06  7.1845E-06
 4.8183E+25  5.7681E-05  7.0057E+03  7.4643E-05  4.7923E-06  7.1845E-06
 4.8275E+25  5.8264E-05  7.0057E+03  7.4643E-05  4.7590E-06  7.1845E-06
 4.8368E+25  5.8733E-05  7.0057E+03  7.4643E-05  4.7261E-06  7.1845E-06
 4.8461E+25  5.9275E-05  7.0057E+03  7.4643E-05  4.6931E-06  7.1845E-06
 4.8553E+25  5.9825E-05  7.0057E+03  7.4643E-05  4.6594E-06  7.1845E-06
 4.8646E+25  6.0314E-05  7.0057E+03  7.4643E-05  4.6265E-06  7.1845E-06
 4.8738E+25  6.0875E-05  7.0057E+03  7.4643E-05  4.5932E-06  7.1845E-06
 4.8831E+25  6.1470E-05  7.0056E+03  7.4643E-05  4.5593E-06  7.1845E-06
 4.8923E+25  6.1938E-05  7.0056E+03  7.4643E-05  4.5269E-06  7.1845E-06
 4.9016E+25  6.2497E-05  7.0056E+03  7.4643E-05  4.4935E-06  7.1845E-06
 4.9109E+25  6.3156E-05  7.0056E+03  7.4643E-05  4.4606E-06  7.1845E-06
 4.9201E+25  6.3576E-05  7.0056E+03  7.4643E-05  4.4282E-06  7.1845E-06
 4.9294E+25  6.4189E-05  7.0056E+03  7.4643E-05  4.3992E-06  7.1845E-06
 4.9386E+25  6.4884E-05  7.0056E+03  7.4643E-05  4.3700E-06  7.1845E-06
 4.9479E+25  6.5273E-05  7.0056E+03  7.4643E-05  4.3420E-06  7.1845E-06
 4.9571E+25  6.5938E-05  7.0055E+03  7.4643E-05  4.3122E-06  7.1845E-06
 4.9664E+25  6.6589E-05  7.0055E+03  7.4643E-05  4.2827E-06  7.1845E-06
 4.9757E+25  6.7047E-05  7.0055E+03  7.4643E-05  4.2535E-06  7.1845E-06
 4.9849E+25  6.7703E-05  7.0055E+03  7.4643E-05  4.2236E-06  7.1845E-06
 4.9942E+25  6.8358E-05  7.0055E+03  7.4643E-05  4.1943E-06  7.1845E-06
 5.0034E+25  6.8854E-05  7.0055E+03  7.4643E-05  4.1649E-06  7.1845E-06
 5.0127E+25  6.9494E-05  7.0055E+03  7.4643E-05  4.1348E-06  7.1845E-06
 5.0219E+25  7.0185E-05  7.0055E+03  7.4643E-05  4.1058E-06  7.1845E-06
 5.0312E+25  7.0713E-05  7.0055E+03  7.4643E-05  4.0764E-06  7.1845E-06
 5.0405E+25  7.1344E-05  7.0054E+03  7.4643E-05  4.0477E-06  7.1845E-06
 5.0497E+25  7.2037E-05  7.0054E+03  7.4643E-05  4.0205E-06  7.1845E-06
 5.0590E+25  7.2567E-05  7.0054E+03  7.4643E-05  3.9942E-06  7.1845E-06
 5.0682E+25  7.3237E-05  7.0054E+03  7.4643E-05  3.9690E-06  7.1845E-06
 5.0775E+25  7.3931E-05  7.0054E+03  7.4643E-05  3.9435E-06  7.1845E-06
 5.0867E+25  7.4473E-05  7.0054E+03  7.4643E-05  3.9177E-06  7.1845E-06
 5.0960E+25  7.5193E-05  7.0054E+03  7.4643E-05  3.8909E-06  7.1845E-06
 5.1053E+25  7.5856E-05  7.0054E+03  7.4643E-05  3.8651E-06  7.1845E-06
 5.1145E+25  7.6423E-05  7.0054E+03  7.4643E-05  3.8391E-06  7.1845E-06
 5.1238E+25  7.7163E-05  7.0053E+03  7.4643E-05  3.8122E-06  7.1845E-06
 5.1330E+25  7.7833E-05  7.0053E+03  7.4643E-05  3.7863E-06  7.1845E-06
 5.1423E+25  7.8427E-05  7.0053E+03  7.4643E-05  3.7600E-06  7.1845E-06
 5.1515E+25  7.9172E-05  7.0053E+03  7.4643E-05  3.7340E-06  7.1845E-06
 5.1608E+25  7.9855E-05  7.0053E+03  7.4643E-05  3.7078E-06  7.1845E-06
 5.1701E+25  8.0451E-05  7.0053E+03  7.4643E-05  3.6827E-06  7.1845E-06
 5.1793E+25  8.1194E-05  7.0053E+03  7.4643E-05  3.6593E-06  7.1845E-06
 5.1886E+25  8.1926E-05  7.0053E+03  7.4643E-05  3.6358E-06  7.1845E-06
 5.1978E+25  8.2498E-05  7.0052E+03  7.4643E-05  3.6133E-06  7.1845E-06
 5.2071E+25  8.3281E-05  7.0052E+03  7.4643E-05  3.5904E-06  7.1845E-06
 5.2163E+25  8.4039E-05  7.0052E+03  7.4643E-05  3.5674E-06  7.1845E-06
 5.2256E+25  8.4601E-05  7.0052E+03  7.4643E-05  3.5445E-06  7.1845E-06
 5.2349E+25  8.5374E-05  7.0052E+03  7.4643E-05  3.5208E-06  7.1845E-06
 5.2441E+25  8.6159E-05  7.0052E+03  7.4643E-05  3.4978E-06  7.1845E-06
 5.2534E+25  8.6787E-05  7.0052E+03  7.4643E-05  3.4746E-06  7.1845E-06
 5.2626E+25  8.7506E-05  7.0052E+03  7.4643E-05  3.4507E-06  7.1845E-06
 5.2719E+25  8.8324E-05  7.0051E+03  7.4643E-05  3.4280E-06  7.1845E-06
 5.2811E+25  8.9005E-05  7.0051E+03  7.4643E-05  3.4044E-06  7.1845E-06
 5.2904E+25  8.9657E-05  7.0051E+03  7.4643E-05  3.3814E-06  7.1845E-06
 5.2997E+25  9.0496E-05  7.0051E+03  7.4643E-05  3.3585E-06  7.1845E-06
 5.3089E+25  9.1218E-05  7.0051E+03  7.4643E-05  3.3378E-06  7.1845E-06
 5.3182E+25  9.1893E-05  7.0051E+03  7.4643E-05  3.3174E-06  7.1845E-06
 5.3274E+25  9.2729E-05  7.0051E+03  7.4643E-05  3.2970E-06  7.1845E-06
 5.3367E+25  9.3477E-05  7.0051E+03  7.4643E-05  3.2767E-06  7.1845E-06
 5.3459E+25  9.4144E-05  7.0050E+03  7.4643E-05  3.2563E-06  7.1845E-06
 5.3552E+25  9.5011E-05  7.0050E+03  7.4643E-05  3.2357E-06  7.1845E-06
 5.3645E+25  9.5756E-05  7.0050E+03  7.4643E-05  3.2154E-06  7.1845E-06
 5.3737E+25  9.6420E-05  7.0050E+03  7.4643E-05  3.1945E-06  7.1845E-06
 5.3830E+25  9.7272E-05  7.0050E+03  7.4643E-05  3.1739E-06  7.1845E-06
 5.3922E+25  9.8087E-05  7.0050E+03  7.4643E-05  3.1534E-06  7.1845E-06
 5.4015E+25  9.8759E-05  7.0050E+03  7.4643E-05  3.1322E-06  7.1845E-06
 5.4107E+25  9.9578E-05  7.0050E+03  7.4643E-05  3.1117E-06  7.1845E-06
 5.4200E+25  1.0043E-04  7.0049E+03  7.4643E-05  3.0913E-06  7.1845E-06
 5.4292E+25  1.0110E-04  7.0049E+03  7.4643E-05  3.0703E-06  7.1845E-06
 5.4385E+25  1.0194E-04  7.0049E+03  7.4643E-05  3.0511E-06  7.1845E-06
 5.4478E+25  1.0279E-04  7.0049E+03  7.4643E-05  3.0328E-06  7.1845E-06
 5.4570E+25  1.0348E-04  7.0049E+03  7.4643E-05  3.0149E-06  7.1845E-06
 5.4663E+25  1.0433E-04  7.0049E+03  7.4643E-05  2.9975E-06  7.1845E-06
 5.4755E+25  1.0518E-04  7.0049E+03  7.4643E-05  2.9788E-06  7.1845E-06
 5.4848E+25  1.0595E-04  7.0048E+03  7.4643E-05  2.9605E-06  7.1845E-06
 5.4940E+25  1.0670E-04  7.0048E+03  7.4643E-05  2.9426E-06  7.1845E-06
 5.5033E+25  1.0760E-04  7.0048E+03  7.4643E-05  2.9243E-06  7.1845E-06
 5.5126E+25  1.0841E-04  7.0048E+03  7.4643E-05  2.9063E-06  7.1845E-06
 5.5218E+25  1.0910E-04  7.0048E+03  7.4643E-05  2.8875E-06  7.1845E-06
 5.5311E+25  1.1003E-04  7.0048E+03  7.4643E-05  2.8692E-06  7.1845E-06
 5.5403E+25  1.1088E-04  7.0048E+03  7.4643E-05  2.8510E-06  7.1845E-06
 5.5496E+25  1.1159E-04  7.0048E+03  7.4643E-05  2.8321E-06  7.1845E-06
 5.5588E+25  1.1249E-04  7.0047E+03  7.4643E-05  2.8143E-06  7.1845E-06
 5.5681E+25  1.1335E-04  7.0047E+03  7.4643E-05  2.7956E-06  7.1845E-06
 5.5774E+25  1.1410E-04  7.0047E+03  7.4643E-05  2.7784E-06  7.1845E-06
 5.5866E+25  1.1493E-04  7.0047E+03  7.4643E-05  2.7624E-06  7.1845E-06
 5.5959E+25  1.1587E-04  7.0047E+03  7.4643E-05  2.7463E-06  7.1845E-06
 5.6051E+25  1.1667E-04  7.0047E+03  7.4643E-05  2.7307E-06  7.1845E-06
 5.6144E+25  1.1741E-04  7.0047E+03  7.4643E-05  2.7151E-06  7.1845E-06
 5.6236E+25  1.1836E-04  7.0047E+03  7.4643E-05  2.6987E-06  7.1845E-06
 5.6329E+25  1.1923E-04  7.0046E+03  7.4643E-05  2.6821E-06  7.1845E-06
 5.6422E+25  1.1996E-04  7.0046E+03  7.4643E-05  2.6662E-06  7.1845E-06
 5.6514E+25  1.2090E-04  7.0046E+03  7.4643E-05  2.6500E-06  7.1845E-06
 5.6607E+25  1.2177E-04  7.0046E+03  7.4643E-05  2.6339E-06  7.1845E-06
 5.6699E+25  1.2254E-04  7.0046E+03  7.4643E-05  2.6174E-06  7.1845E-06
 5.6792E+25  1.2336E-04  7.0046E+03  7.4643E-05  2.6010E-06  7.1845E-06
 5.6884E+25  1.2433E-04  7.0046E+03  7.4643E-05  2.5849E-06  7.1845E-06
 5.6977E+25  1.2519E-04  7.0045E+03  7.4643E-05  2.5683E-06  7.1845E-06
 5.7070E+25  1.2593E-04  7.0045E+03  7.4643E-05  2.5519E-06  7.1845E-06
 5.7162E+25  1.2690E-04  7.0045E+03  7.4643E-05  2.5362E-06  7.1845E-06
 5.7255E+25  1.2779E-04  7.0045E+03  7.4643E-05  2.5215E-06  7.1845E-06
 5.7347E+25  1.2854E-04  7.0045E+03  7.4643E-05  2.5073E-06  7.1845E-06
 5.7440E+25  1.2942E-04  7.0045E+03  7.4643E-05  2.4933E-06  7.1845E-06
 5.7532E+25  1.3039E-04  7.0045E+03  7.4643E-05  2.4794E-06  7.1845E-06
 5.7625E+25  1.3123E-04  7.0044E+03  7.4643E-05  2.4655E-06  7.1845E-06
 5.7718E+25  1.3199E-04  7.0044E+03  7.4643E-05  2.4512E-06  7.1845E-06
 5.7810E+25  1.3296E-04  7.0044E+03  7.4643E-05  2.4364E-06  7.1845E-06
 5.7903E+25  1.3384E-04  7.0044E+03  7.4643E-05  2.4221E-06  7.1845E-06
 5.7995E+25  1.3461E-04  7.0044E+03  7.4643E-05  2.4079E-06  7.1845E-06
 5.8088E+25  1.3555E-04  7.0044E+03  7.4643E-05  2.3933E-06  7.1845E-06
 5.8180E+25  1.3651E-04  7.0044E+03  7.4643E-05  2.3790E-06  7.1845E-06
 5.8273E+25  1.3734E-04  7.0043E+03  7.4643E-05  2.3641E-06  7.1845E-06
 5.8366E+25  1.3811E-04  7.0043E+03  7.4643E-05  2.3499E-06  7.1845E-06
 5.8458E+25  1.3910E-04  7.0043E+03  7.4643E-05  2.3355E-06  7.1845E-06
 5.8551E+25  1.3998E-04  7.0043E+03  7.4643E-05  2.3205E-06  7.1845E-06
 5.8643E+25  1.4076E-04  7.0043E+03  7.4643E-05  2.3068E-06  7.1845E-06
 5.8736E+25  1.4166E-04  7.0043E+03  7.4643E-05  2.2940E-06  7.1845E-06
 5.8828E+25  1.4265E-04  7.0043E+03  7.4643E-05  2.2813E-06  7.1845E-06
 5.8921E+25  1.4350E-04  7.0043E+03  7.4643E-05  2.2690E-06  7.1845E-06
 5.9014E+25  1.4428E-04  7.0042E+03  7.4643E-05  2.2568E-06  7.1845E-06
 5.9106E+25  1.4523E-04  7.0042E+03  7.4643E-05  2.2441E-06  7.1845E-06
 5.9199E+25  1.4615E-04  7.0042E+03  7.4643E-05  2.2316E-06  7.1845E-06
 5.9291E+25  1.4698E-04  7.0042E+03  7.4643E-05  2.2191E-06  7.1845E-06
 5.9384E+25  1.4781E-04  7.0042E+03  7.4643E-05  2.2060E-06  7.1845E-06
 5.9476E+25  1.4879E-04  7.0042E+03  7.4643E-05  2.1932E-06  7.1845E-06
 5.9569E+25  1.4968E-04  7.0042E+03  7.4643E-05  2.1805E-06  7.1845E-06
 5.9662E+25  1.5049E-04  7.0041E+03  7.4643E-05  2.1676E-06  7.1845E-06
 5.9754E+25  1.5139E-04  7.0041E+03  7.4643E-05  2.1548E-06  7.1845E-06
 5.9847E+25  1.5229E-04  7.0041E+03  7.4643E-05  2.1417E-06  7.1845E-06
 5.9939E+25  1.5319E-04  7.0041E+03  7.4643E-05  2.1290E-06  7.1845E-06
 6.0032E+25  1.5400E-04  7.0041E+03  7.4643E-05  2.1162E-06  7.1845E-06
 6.0124E+25  1.5493E-04  7.0041E+03  7.4643E-05  2.1030E-06  7.1845E-06
 6.0217E+25  1.5586E-04  7.0041E+03  7.4643E-05  2.0918E-06  7.1845E-06
 6.0310E+25  1.5673E-04  7.0040E+03  7.4643E-05  2.0806E-06  7.1845E-06
 6.0402E+25  1.5752E-04  7.0040E+03  7.4643E-05  2.0692E-06  7.1845E-06
 6.0495E+25  1.5846E-04  7.0040E+03  7.4643E-05  2.0587E-06  7.1845E-06
 6.0587E+25  1.5935E-04  7.0040E+03  7.4643E-05  2.0476E-06  7.1845E-06
 6.0680E+25  1.6021E-04  7.0040E+03  7.4643E-05  2.0364E-06  7.1845E-06
 6.0772E+25  1.6104E-04  7.0040E+03  7.4643E-05  2.0253E-06  7.1845E-06
 6.0865E+25  1.6195E-04  7.0040E+03  7.4643E-05  2.0142E-06  7.1845E-06
 6.0958E+25  1.6288E-04  7.0039E+03  7.4643E-05  2.0029E-06  7.1845E-06
 6.1050E+25  1.6376E-04  7.0039E+03  7.4643E-05  1.9912E-06  7.1845E-06
 6.1143E+25  1.6457E-04  7.0039E+03  7.4643E-05  1.9800E-06  7.1845E-06
 6.1235E+25  1.6546E-04  7.0039E+03  7.4643E-05  1.9686E-06  7.1845E-06
 6.1328E+25  1.6636E-04  7.0039E+03  7.4643E-05  1.9570E-06  7.1845E-06
 6.1420E+25  1.6721E-04  7.0039E+03  7.4643E-05  1.9457E-06  7.1845E-06
 6.1513E+25  1.6805E-04  7.0039E+03  7.4643E-05  1.9340E-06  7.1845E-06
 6.1606E+25  1.6894E-04  7.0038E+03  7.4643E-05  1.9227E-06  7.1845E-06
 6.1698E+25  1.6983E-04  7.0038E+03  7.4643E-05  1.9118E-06  7.1845E-06
 6.1791E+25  1.7071E-04  7.0038E+03  7.4643E-05  1.9013E-06  7.1845E-06
 6.1883E+25  1.7154E-04  7.0038E+03  7.4643E-05  1.8916E-06  7.1845E-06
 6.1976E+25  1.7241E-04  7.0038E+03  7.4643E-05  1.8818E-06  7.1845E-06
 6.2068E+25  1.7329E-04  7.0038E+03  7.4643E-05  1.8723E-06  7.1845E-06
 6.2161E+25  1.7416E-04  7.0038E+03  7.4643E-05  1.8624E-06  7.1845E-06
 6.2254E+25  1.7497E-04  7.0037E+03  7.4643E-05  1.8526E-06  7.1845E-06
 6.2346E+25  1.7583E-04  7.0037E+03  7.4643E-05  1.8427E-06  7.1845E-06
 6.2439E+25  1.7672E-04  7.0037E+03  7.4643E-05  1.8327E-06  7.1845E-06
 6.2531E+25  1.7761E-04  7.0037E+03  7.4643E-05  1.8229E-06  7.1845E-06
 6.2624E+25  1.7842E-04  7.0037E+03  7.4643E-05  1.8130E-06  7.1845E-06
 6.2716E+25  1.7927E-04  7.0037E+03  7.4643E-05  1.8025E-06  7.1845E-06
 6.2809E+25  1.8014E-04  7.0037E+03  7.4643E-05  1.7924E-06  7.1845E-06
 6.2902E+25  1.8100E-04  7.0037E+03  7.4643E-05  1.7824E-06  7.1845E-06
 6.2994E+25  1.8181E-04  7.0036E+03  7.4643E-05  1.7721E-06  7.1845E-06
 6.3087E+25  1.8264E-04  7.0036E+03  7.4643E-05  1.7620E-06  7.1845E-06
 6.3179E+25  1.8351E-04  7.0036E+03  7.4643E-05  1.7516E-06  7.1845E-06
 6.3272E+25  1.8435E-04  7.0036E+03  7.4643E-05  1.7417E-06  7.1845E-06
 6.3364E+25  1.8518E-04  7.0036E+03  7.4643E-05  1.7329E-06  7.1845E-06
 6.3457E+25  1.8603E-04  7.0036E+03  7.4643E-05  1.7235E-06  7.1845E-06
 6.3550E+25  1.8687E-04  7.0036E+03  7.4643E-05  1.7150E-06  7.1845E-06
 6.3642E+25  1.8769E-04  7.0035E+03  7.4643E-05  1.7067E-06  7.1845E-06
 6.3735E+25  1.8851E-04  7.0035E+03  7.4643E-05  1.6979E-06  7.1845E-06
 6.3827E+25  1.8934E-04  7.0035E+03  7.4643E-05  1.6893E-06  7.1845E-06
 6.3920E+25  1.9018E-04  7.0035E+03  7.4643E-05  1.6806E-06  7.1845E-06
 6.4012E+25  1.9100E-04  7.0035E+03  7.4643E-05  1.6716E-06  7.1845E-06
 6.4105E+25  1.9180E-04  7.0035E+03  7.4643E-05  1.6630E-06  7.1845E-06
 6.4198E+25  1.9262E-04  7.0035E+03  7.4643E-05  1.6543E-06  7.1845E-06
 6.4290E+25  1.9346E-04  7.0034E+03  7.4643E-05  1.6453E-06  7.1845E-06
 6.4383E+25  1.9429E-04  7.0034E+03  7.4643E-05  1.6363E-06  7.1845E-06
 6.4475E+25  1.9510E-04  7.0034E+03  7.4643E-05  1.6271E-06  7.1845E-06
 6.4568E+25  1.9589E-04  7.0034E+03  7.4643E-05  1.6182E-06  7.1845E-06
 6.4660E+25  1.9668E-04  7.0034E+03  7.4643E-05  1.6091E-06  7.1845E-06
 6.4753E+25  1.9749E-04  7.0034E+03  7.4643E-05  1.6000E-06  7.1845E-06
 6.4846E+25  1.9829E-04  7.0034E+03  7.4643E-05  1.5909E-06  7.1845E-06
 6.4938E+25  1.9908E-04  7.0033E+03  7.4643E-05  1.5824E-06  7.1845E-06
 6.5031E+25  1.9986E-04  7.0033E+03  7.4643E-05  1.5745E-06  7.1845E-06
 6.5123E+25  2.0067E-04  7.0033E+03  7.4643E-05  1.5665E-06  7.1845E-06
 6.5216E+25  2.0145E-04  7.0033E+03  7.4643E-05  1.5587E-06  7.1845E-06
 6.5308E+25  2.0229E-04  7.0033E+03  7.4643E-05  1.5515E-06  7.1845E-06
 6.5401E+25  2.0307E-04  7.0033E+03  7.4643E-05  1.5437E-06  7.1845E-06
 6.5494E+25  2.0383E-04  7.0033E+03  7.4643E-05  1.5360E-06  7.1845E-06
 6.5586E+25  2.0459E-04  7.0033E+03  7.4643E-05  1.5283E-06  7.1845E-06
 6.5679E+25  2.0537E-04  7.0032E+03  7.4643E-05  1.5205E-06  7.1845E-06
 6.5771E+25  2.0618E-04  7.0032E+03  7.4643E-05  1.5128E-06  7.1845E-06
 6.5864E+25  2.0693E-04  7.0032E+03  7.4643E-05  1.5049E-06  7.1845E-06
 6.5956E+25  2.0766E-04  7.0032E+03  7.4643E-05  1.4971E-06  7.1845E-06
 6.6049E+25  2.0842E-04  7.0032E+03  7.4643E-05  1.4892E-06  7.1845E-06
 6.6142E+25  2.0919E-04  7.0032E+03  7.4643E-05  1.4813E-06  7.1845E-06
 6.6234E+25  2.0998E-04  7.0032E+03  7.4643E-05  1.4730E-06  7.1845E-06
 6.6327E+25  2.1076E-04  7.0031E+03  7.4643E-05  1.4651E-06  7.1845E-06
 6.6419E+25  2.1148E-04  7.0031E+03  7.4643E-05  1.4571E-06  7.1845E-06
 6.6512E+25  2.1222E-04  7.0031E+03  7.4643E-05  1.4488E-06  7.1845E-06
 6.6604E+25  2.1296E-04  7.0031E+03  7.4643E-05  1.4411E-06  7.1845E-06
 6.6697E+25  2.1370E-04  7.0031E+03  7.4643E-05  1.4340E-06  7.1845E-06
 6.6789E+25  2.1448E-04  7.0031E+03  7.4643E-05  1.4271E-06  7.1845E-06
 6.6882E+25  2.1523E-04  7.0031E+03  7.4643E-05  1.4203E-06  7.1845E-06
 6.6975E+25  2.1593E-04  7.0031E+03  7.4643E-05  1.4134E-06  7.1845E-06
 6.7067E+25  2.1664E-04  7.0030E+03  7.4643E-05  1.4069E-06  7.1845E-06
 6.7160E+25  2.1734E-04  7.0030E+03  7.4643E-05  1.4000E-06  7.1845E-06
 6.7252E+25  2.1808E-04  7.0030E+03  7.4643E-05  1.3931E-06  7.1845E-06
 6.7345E+25  2.1886E-04  7.0030E+03  7.4643E-05  1.3863E-06  7.1845E-06
 6.7437E+25  2.1959E-04  7.0030E+03  7.4643E-05  1.3795E-06  7.1845E-06
 6.7530E+25  2.2026E-04  7.0030E+03  7.4643E-05  1.3725E-06  7.1845E-06
 6.7623E+25  2.2095E-04  7.0030E+03  7.4643E-05  1.3656E-06  7.1845E-06
 6.7715E+25  2.2163E-04  7.0030E+03  7.4643E-05  1.3587E-06  7.1845E-06
 6.7808E+25  2.2236E-04  7.0029E+03  7.4643E-05  1.3516E-06  7.1845E-06
 6.7900E+25  2.2309E-04  7.0029E+03  7.4643E-05  1.3445E-06  7.1845E-06
 6.7993E+25  2.2382E-04  7.0029E+03  7.4643E-05  1.3374E-06  7.1845E-06
 6.8085E+25  2.2448E-04  7.0029E+03  7.4643E-05  1.3301E-06  7.1845E-06
 6.8178E+25  2.2515E-04  7.0029E+03  7.4643E-05  1.3230E-06  7.1845E-06
 6.8271E+25  2.2583E-04  7.0029E+03  7.4643E-05  1.3159E-06  7.1845E-06
 6.8363E+25  2.2650E-04  7.0029E+03  7.4643E-05  1.3092E-06  7.1845E-06
 6.8456E+25  2.2720E-04  7.0029E+03  7.4643E-05  1.3028E-06  7.1845E-06
 6.8548E+25  2.2793E-04  7.0028E+03  7.4643E-05  1.2966E-06  7.1845E-06
 6.8641E+25  2.2861E-04  7.0028E+03  7.4643E-05  1.2908E-06  7.1845E-06
 6.8733E+25  2.2926E-04  7.0028E+03  7.4643E-05  1.2849E-06  7.1845E-06
 6.8826E+25  2.2990E-04  7.0028E+03  7.4643E-05  1.2788E-06  7.1845E-06
 6.8919E+25  2.3053E-04  7.0028E+03  7.4643E-05  1.2729E-06  7.1845E-06
 6.9011E+25  2.3119E-04  7.0028E+03  7.4643E-05  1.2668E-06  7.1845E-06
 6.9104E+25  2.3185E-04  7.0028E+03  7.4643E-05  1.2607E-06  7.1845E-06
 6.9196E+25  2.3258E-04  7.0028E+03  7.4643E-05  1.2546E-06  7.1845E-06
 6.9289E+25  2.3323E-04  7.0027E+03  7.4643E-05  1.2485E-06  7.1845E-06
 6.9381E+25  2.3383E-04  7.0027E+03  7.4643E-05  1.2424E-06  7.1845E-06
 6.9474E+25  2.3446E-04  7.0027E+03  7.4643E-05  1.2361E-06  7.1845E-06
 6.9567E+25  2.3509E-04  7.0027E+03  7.4643E-05  1.2299E-06  7.1845E-06
 6.9659E+25  2.3574E-04  7.0027E+03  7.4643E-05  1.2237E-06  7.1845E-06
 6.9752E+25  2.3638E-04  7.0027E+03  7.4643E-05  1.2174E-06  7.1845E-06
 6.9844E+25  2.3704E-04  7.0027E+03  7.4643E-05  1.2111E-06  7.1845E-06
 6.9937E+25  2.3770E-04  7.0027E+03  7.4643E-05  1.2046E-06  7.1845E-06
 7.0029E+25  2.3827E-04  7.0026E+03  7.4643E-05  1.1982E-06  7.1845E-06
 7.0122E+25  2.3888E-04  7.0026E+03  7.4643E-05  1.1923E-06  7.1845E-06
 7.0215E+25  2.3948E-04  7.0026E+03  7.4643E-05  1.1867E-06  7.1845E-06
 7.0307E+25  2.4008E-04  7.0026E+03  7.4643E-05  1.1810E-06  7.1845E-06
 7.0400E+25  2.4068E-04  7.0026E+03  7.4643E-05  1.1756E-06  7.1845E-06
 7.0492E+25  2.4130E-04  7.0026E+03  7.4643E-05  1.1706E-06  7.1845E-06
 7.0585E+25  2.4197E-04  7.0026E+03  7.4643E-05  1.1654E-06  7.1845E-06
 7.0677E+25  2.4256E-04  7.0026E+03  7.4643E-05  1.1598E-06  7.1845E-06
 7.0770E+25  2.4316E-04  7.0026E+03  7.4643E-05  1.1546E-06  7.1845E-06
 7.0863E+25  2.4372E-04  7.0025E+03  7.4643E-05  1.1492E-06  7.1845E-06
 7.0955E+25  2.4429E-04  7.0025E+03  7.4643E-05  1.1439E-06  7.1845E-06
 7.1048E+25  2.4486E-04  7.0025E+03  7.4643E-05  1.1384E-06  7.1845E-06
 7.1140E+25  2.4545E-04  7.0025E+03  7.4643E-05  1.1331E-06  7.1845E-06
 7.1233E+25  2.4603E-04  7.0025E+03  7.4643E-05  1.1276E-06  7.1845E-06
 7.1325E+25  2.4665E-04  7.0025E+03  7.4643E-05  1.1220E-06  7.1845E-06
 7.1418E+25  2.4723E-04  7.0025E+03  7.4643E-05  1.1165E-06  7.1845E-06
 7.1511E+25  2.4777E-04  7.0025E+03  7.4643E-05  1.1110E-06  7.1845E-06
 7.1603E+25  2.4832E-04  7.0025E+03  7.4643E-05  1.1054E-06  7.1845E-06
 7.1696E+25  2.4887E-04  7.0024E+03  7.4643E-05  1.0998E-06  7.1845E-06
 7.1788E+25  2.4943E-04  7.0024E+03  7.4643E-05  1.0941E-06  7.1845E-06
 7.1881E+25  2.4997E-04  7.0024E+03  7.4643E-05  1.0884E-06  7.1845E-06
 7.1973E+25  2.5053E-04  7.0024E+03  7.4643E-05  1.0833E-06  7.1845E-06
 7.2066E+25  2.5110E-04  7.0024E+03  7.4643E-05  1.0784E-06  7.1845E-06
 7.2159E+25  2.5171E-04  7.0024E+03  7.4643E-05  1.0732E-06  7.1845E-06
 7.2251E+25  2.5222E-04  7.0024E+03  7.4643E-05  1.0685E-06  7.1845E-06
 7.2344E+25  2.5275E-04  7.0024E+03  7.4643E-05  1.0640E-06  7.1845E-06
 7.2436E+25  2.5325E-04  7.0024E+03  7.4643E-05  1.0595E-06  7.1845E-06
 7.2529E+25  2.5378E-04  7.0023E+03  7.4643E-05  1.0548E-06  7.1845E-06
 7.2621E+25  2.5428E-04  7.0023E+03  7.4643E-05  1.0498E-06  7.1845E-06
 7.2714E+25  2.5481E-04  7.0023E+03  7.4643E-05  1.0453E-06  7.1845E-06
 7.2807E+25  2.5534E-04  7.0023E+03  7.4643E-05  1.0405E-06  7.1845E-06
 7.2899E+25  2.5588E-04  7.0023E+03  7.4643E-05  1.0357E-06  7.1845E-06
 7.2992E+25  2.5642E-04  7.0023E+03  7.4643E-05  1.0308E-06  7.1845E-06
 7.3084E+25  2.5693E-04  7.0023E+03  7.4643E-05  1.0261E-06  7.1845E-06
 7.3177E+25  2.5742E-04  7.0023E+03  7.4643E-05  1.0212E-06  7.1845E-06
 7.3269E+25  2.5792E-04  7.0023E+03  7.4643E-05  1.0162E-06  7.1845E-06
 7.3362E+25  2.5839E-04  7.0022E+03  7.4643E-05  1.0114E-06  7.1845E-06
 7.3455E+25  2.5892E-04  7.0022E+03  7.4643E-05  1.0064E-06  7.1845E-06
 7.3547E+25  2.5940E-04  7.0022E+03  7.4643E-05  1.0015E-06  7.1845E-06
 7.3640E+25  2.5990E-04  7.0022E+03  7.4643E-05  9.9649E-07  7.1845E-06
 7.3732E+25  2.6039E-04  7.0022E+03  7.4643E-05  9.9142E-07  7.1845E-06
 7.3825E+25  2.6090E-04  7.0022E+03  7.4643E-05  9.8665E-07  7.1845E-06
 7.3917E+25  2.6140E-04  7.0022E+03  7.4643E-05  9.8219E-07  7.1845E-06
 7.4010E+25  2.6186E-04  7.0022E+03  7.4643E-05  9.7780E-07  7.1845E-06
 7.4103E+25  2.6233E-04  7.0022E+03  7.4643E-05  9.7349E-07  7.1845E-06
 7.4195E+25  2.6278E-04  7.0022E+03  7.4643E-05  9.6945E-07  7.1845E-06
 7.4288E+25  2.6325E-04  7.0021E+03  7.4643E-05  9.6530E-07  7.1845E-06
 7.4380E+25  2.6368E-04  7.0021E+03  7.4643E-05  9.6127E-07  7.1845E-06
 7.4473E+25  2.6417E-04  7.0021E+03  7.4643E-05  9.5718E-07  7.1845E-06
 7.4565E+25  2.6464E-04  7.0021E+03  7.4643E-05  9.5281E-07  7.1845E-06
 7.4658E+25  2.6511E-04  7.0021E+03  7.4643E-05  9.4865E-07  7.1845E-06
 7.4751E+25  2.6561E-04  7.0021E+03  7.4643E-05  9.4447E-07  7.1845E-06
 7.4843E+25  2.6605E-04  7.0021E+03  7.4643E-05  9.4025E-07  7.1845E-06
 7.4936E+25  2.6647E-04  7.0021E+03  7.4643E-05  9.3594E-07  7.1845E-06
 7.5028E+25  2.6693E-04  7.0021E+03  7.4643E-05  9.3174E-07  7.1845E-06
 7.5121E+25  2.6736E-04  7.0021E+03  7.4643E-05  9.2730E-07  7.1845E-06
 7.5213E+25  2.6778E-04  7.0020E+03  7.4643E-05  9.2302E-07  7.1845E-06
 7.5306E+25  2.6822E-04  7.0020E+03  7.4643E-05  9.1862E-07  7.1845E-06
 7.5399E+25  2.6866E-04  7.0020E+03  7.4643E-05  9.1419E-07  7.1845E-06
 7.5491E+25  2.6906E-04  7.0020E+03  7.4643E-05  9.0984E-07  7.1845E-06
 7.5584E+25  2.6952E-04  7.0020E+03  7.4643E-05  9.0535E-07  7.1845E-06
 7.5676E+25  2.6996E-04  7.0020E+03  7.4643E-05  9.0095E-07  7.1845E-06
 7.5769E+25  2.7039E-04  7.0020E+03  7.4643E-05  8.9689E-07  7.1845E-06
 7.5861E+25  2.7082E-04  7.0020E+03  7.4643E-05  8.9284E-07  7.1845E-06
 7.5954E+25  2.7121E-04  7.0020E+03  7.4643E-05  8.8886E-07  7.1845E-06
 7.6047E+25  2.7160E-04  7.0020E+03  7.4643E-05  8.8512E-07  7.1845E-06
 7.6139E+25  2.7204E-04  7.0020E+03  7.4643E-05  8.8159E-07  7.1845E-06
 7.6232E+25  2.7242E-04  7.0019E+03  7.4643E-05  8.7795E-07  7.1845E-06
 7.6324E+25  2.7281E-04  7.0019E+03  7.4643E-05  8.7418E-07  7.1845E-06
 7.6417E+25  2.7324E-04  7.0019E+03  7.4643E-05  8.7061E-07  7.1845E-06
 7.6509E+25  2.7363E-04  7.0019E+03  7.4643E-05  8.6704E-07  7.1845E-06
 7.6602E+25  2.7403E-04  7.0019E+03  7.4643E-05  8.6314E-07  7.1845E-06
 7.6695E+25  2.7446E-04  7.0019E+03  7.4643E-05  8.5942E-07  7.1845E-06
 7.6787E+25  2.7487E-04  7.0019E+03  7.4643E-05  8.5574E-07  7.1845E-06
 7.6880E+25  2.7520E-04  7.0019E+03  7.4643E-05  8.5202E-07  7.1845E-06
 7.6972E+25  2.7560E-04  7.0019E+03  7.4643E-05  8.4814E-07  7.1845E-06
 7.7065E+25  2.7600E-04  7.0019E+03  7.4643E-05  8.4439E-07  7.1845E-06
 7.7157E+25  2.7633E-04  7.0019E+03  7.4643E-05  8.4044E-07  7.1845E-06
 7.7250E+25  2.7671E-04  7.0018E+03  7.4643E-05  8.3666E-07  7.1845E-06
 7.7343E+25  2.7713E-04  7.0018E+03  7.4643E-05  8.3272E-07  7.1845E-06
 7.7435E+25  2.7746E-04  7.0018E+03  7.4643E-05  8.2881E-07  7.1845E-06
 7.7528E+25  2.7782E-04  7.0018E+03  7.4643E-05  8.2487E-07  7.1845E-06
 7.7620E+25  2.7825E-04  7.0018E+03  7.4643E-05  8.2093E-07  7.1845E-06
 7.7713E+25  2.7858E-04  7.0018E+03  7.4643E-05  8.1716E-07  7.1845E-06
 7.7805E+25  2.7896E-04  7.0018E+03  7.4643E-05  8.1365E-07  7.1845E-06
 7.7898E+25  2.7934E-04  7.0018E+03  7.4643E-05  8.1014E-07  7.1845E-06
 7.7991E+25  2.7967E-04  7.0018E+03  7.4643E-05  8.0650E-07  7.1845E-06
 7.8083E+25  2.8001E-04  7.0018E+03  7.4643E-05  8.0338E-07  7.1845E-06
 7.8176E+25  2.8034E-04  7.0018E+03  7.4643E-05  8.0031E-07  7.1845E-06
 7.8268E+25  2.8073E-04  7.0018E+03  7.4643E-05  7.9707E-07  7.1845E-06
 7.8361E+25  2.8105E-04  7.0017E+03  7.4643E-05  7.9374E-07  7.1845E-06
 7.8453E+25  2.8137E-04  7.0017E+03  7.4643E-05  7.9043E-07  7.1845E-06
 7.8546E+25  2.8176E-04  7.0017E+03  7.4643E-05  7.8731E-07  7.1845E-06
 7.8638E+25  2.8209E-04  7.0017E+03  7.4643E-05  7.8405E-07  7.1845E-06
 7.8731E+25  2.8240E-04  7.0017E+03  7.4643E-05  7.8062E-07  7.1845E-06
 7.8824E+25  2.8275E-04  7.0017E+03  7.4643E-05  7.7737E-07  7.1845E-06
 7.8916E+25  2.8315E-04  7.0017E+03  7.4643E-05  7.7405E-07  7.1845E-06
 7.9009E+25  2.8344E-04  7.0017E+03  7.4643E-05  7.7070E-07  7.1845E-06
 7.9101E+25  2.8374E-04  7.0017E+03  7.4643E-05  7.6724E-07  7.1845E-06
 7.9194E+25  2.8411E-04  7.0017E+03  7.4643E-05  7.6388E-07  7.1845E-06
 7.9286E+25  2.8441E-04  7.0017E+03  7.4643E-05  7.6039E-07  7.1845E-06
 7.9379E+25  2.8468E-04  7.0017E+03  7.4643E-05  7.5697E-07  7.1845E-06
 7.9472E+25  2.8501E-04  7.0016E+03  7.4643E-05  7.5352E-07  7.1845E-06
 7.9564E+25  2.8535E-04  7.0016E+03  7.4643E-05  7.5000E-07  7.1845E-06
 7.9657E+25  2.8564E-04  7.0016E+03  7.4643E-05  7.4653E-07  7.1845E-06
 7.9749E+25  2.8595E-04  7.0016E+03  7.4643E-05  7.4309E-07  7.1845E-06
 7.9842E+25  2.8627E-04  7.0016E+03  7.4643E-05  7.4000E-07  7.1845E-06
 7.9934E+25  2.8661E-04  7.0016E+03  7.4643E-05  7.3688E-07  7.1845E-06
 8.0027E+25  2.8691E-04  7.0016E+03  7.4643E-05  7.3377E-07  7.1845E-06
 8.0120E+25  2.8719E-04  7.0016E+03  7.4643E-05  7.3082E-07  7.1845E-06
 8.0212E+25  2.8749E-04  7.0016E+03  7.4643E-05  7.2810E-07  7.1845E-06
 8.0305E+25  2.8782E-04  7.0016E+03  7.4643E-05  7.2534E-07  7.1845E-06
 8.0397E+25  2.8810E-04  7.0016E+03  7.4643E-05  7.2250E-07  7.1845E-06
 8.0490E+25  2.8837E-04  7.0016E+03  7.4643E-05  7.1950E-07  7.1845E-06
 8.0582E+25  2.8866E-04  7.0016E+03  7.4643E-05  7.1658E-07  7.1845E-06
 8.0675E+25  2.8898E-04  7.0015E+03  7.4643E-05  7.1375E-07  7.1845E-06
 8.0768E+25  2.8923E-04  7.0015E+03  7.4643E-05  7.1094E-07  7.1845E-06
 8.0860E+25  2.8949E-04  7.0015E+03  7.4643E-05  7.0794E-07  7.1845E-06
 8.0953E+25  2.8981E-04  7.0015E+03  7.4643E-05  7.0495E-07  7.1845E-06
 8.1045E+25  2.9012E-04  7.0015E+03  7.4643E-05  7.0204E-07  7.1845E-06
 8.1138E+25  2.9037E-04  7.0015E+03  7.4643E-05  6.9909E-07  7.1845E-06
 8.1230E+25  2.9064E-04  7.0015E+03  7.4643E-05  6.9597E-07  7.1845E-06
 8.1323E+25  2.9094E-04  7.0015E+03  7.4643E-05  6.9303E-07  7.1845E-06
 8.1416E+25  2.9123E-04  7.0015E+03  7.4643E-05  6.8989E-07  7.1845E-06
 8.1508E+25  2.9146E-04  7.0015E+03  7.4643E-05  6.8689E-07  7.1845E-06
 8.1601E+25  2.9173E-04  7.0015E+03  7.4643E-05  6.8378E-07  7.1845E-06
 8.1693E+25  2.9199E-04  7.0015E+03  7.4643E-05  6.8069E-07  7.1845E-06
 8.1786E+25  2.9228E-04  7.0015E+03  7.4643E-05  6.7755E-07  7.1845E-06
 8.1878E+25  2.9252E-04  7.0015E+03  7.4643E-05  6.7465E-07  7.1845E-06
 8.1971E+25  2.9278E-04  7.0014E+03  7.4643E-05  6.7191E-07  7.1845E-06
 8.2064E+25  2.9302E-04  7.0014E+03  7.4643E-05  6.6911E-07  7.1845E-06
 8.2156E+25  2.9331E-04  7.0014E+03  7.4643E-05  6.6635E-07  7.1845E-06
 8.2249E+25  2.9358E-04  7.0014E+03  7.4643E-05  6.6394E-07  7.1845E-06
 8.2341E+25  2.9381E-04  7.0014E+03  7.4643E-05  6.6144E-07  7.1845E-06
 8.2434E+25  2.9406E-04  7.0014E+03  7.4643E-05  6.5895E-07  7.1845E-06
 8.2526E+25  2.9433E-04  7.0014E+03  7.4643E-05  6.5646E-07  7.1845E-06
 8.2619E+25  2.9459E-04  7.0014E+03  7.4643E-05  6.5395E-07  7.1845E-06
 8.2712E+25  2.9482E-04  7.0014E+03  7.4643E-05  6.5126E-07  7.1845E-06
 8.2804E+25  2.9504E-04  7.0014E+03  7.4643E-05  6.4869E-07  7.1845E-06
 8.2897E+25  2.9527E-04  7.0014E+03  7.4643E-05  6.4621E-07  7.1845E-06
 8.2989E+25  2.9556E-04  7.0014E+03  7.4643E-05  6.4368E-07  7.1845E-06
 8.3082E+25  2.9578E-04  7.0014E+03  7.4643E-05  6.4104E-07  7.1845E-06
 8.3174E+25  2.9598E-04  7.0014E+03  7.4643E-05  6.3838E-07  7.1845E-06
 8.3267E+25  2.9622E-04  7.0014E+03  7.4643E-05  6.3575E-07  7.1845E-06
 8.3360E+25  2.9646E-04  7.0013E+03  7.4643E-05  6.3314E-07  7.1845E-06
 8.3452E+25  2.9671E-04  7.0013E+03  7.4643E-05  6.3035E-07  7.1845E-06
 8.3545E+25  2.9694E-04  7.0013E+03  7.4643E-05  6.2773E-07  7.1845E-06
 8.3637E+25  2.9716E-04  7.0013E+03  7.4643E-05  6.2494E-07  7.1845E-06
 8.3730E+25  2.9740E-04  7.0013E+03  7.4643E-05  6.2227E-07  7.1845E-06
 8.3822E+25  2.9765E-04  7.0013E+03  7.4643E-05  6.1949E-07  7.1845E-06
 8.3915E+25  2.9787E-04  7.0013E+03  7.4643E-05  6.1676E-07  7.1845E-06
 8.4008E+25  2.9807E-04  7.0013E+03  7.4643E-05  6.1406E-07  7.1845E-06
 8.4100E+25  2.9828E-04  7.0013E+03  7.4643E-05  6.1159E-07  7.1845E-06
 8.4193E+25  2.9849E-04  7.0013E+03  7.4643E-05  6.0913E-07  7.1845E-06
 8.4285E+25  2.9873E-04  7.0013E+03  7.4643E-05  6.0664E-07  7.1845E-06
 8.4378E+25  2.9895E-04  7.0013E+03  7.4643E-05  6.0437E-07  7.1845E-06
 8.4470E+25  2.9914E-04  7.0013E+03  7.4643E-05  6.0228E-07  7.1845E-06
 8.4563E+25  2.9934E-04  7.0013E+03  7.4643E-05  6.0009E-07  7.1845E-06
 8.4656E+25  2.9954E-04  7.0013E+03  7.4643E-05  5.9782E-07  7.1845E-06
 8.4748E+25  2.9979E-04  7.0013E+03  7.4643E-05  5.9562E-07  7.1845E-06
 8.4841E+25  2.9998E-04  7.0013E+03  7.4643E-05  5.9340E-07  7.1845E-06
 8.4933E+25  3.0017E-04  7.0012E+03  7.4643E-05  5.9113E-07  7.1845E-06
 8.5026E+25  3.0038E-04  7.0012E+03  7.4643E-05  5.8877E-07  7.1845E-06
 8.5118E+25  3.0062E-04  7.0012E+03  7.4643E-05  5.8652E-07  7.1845E-06
 8.5211E+25  3.0083E-04  7.0012E+03  7.4643E-05  5.8430E-07  7.1845E-06
 8.5304E+25  3.0101E-04  7.0012E+03  7.4643E-05  5.8205E-07  7.1845E-06
 8.5396E+25  3.0120E-04  7.0012E+03  7.4643E-05  5.7965E-07  7.1845E-06
 8.5489E+25  3.0138E-04  7.0012E+03  7.4643E-05  5.7731E-07  7.1845E-06
 8.5581E+25  3.0159E-04  7.0012E+03  7.4643E-05  5.7493E-07  7.1845E-06
 8.5674E+25  3.0178E-04  7.0012E+03  7.4643E-05  5.7258E-07  7.1845E-06
 8.5766E+25  3.0198E-04  7.0012E+03  7.4643E-05  5.7013E-07  7.1845E-06
 8.5859E+25  3.0217E-04  7.0012E+03  7.4643E-05  5.6777E-07  7.1845E-06
 8.5952E+25  3.0234E-04  7.0012E+03  7.4643E-05  5.6531E-07  7.1845E-06
 8.6044E+25  3.0253E-04  7.0012E+03  7.4643E-05  5.6289E-07  7.1845E-06
 8.6137E+25  3.0272E-04  7.0012E+03  7.4643E-05  5.6042E-07  7.1845E-06
 8.6229E+25  3.0293E-04  7.0012E+03  7.4643E-05  5.5809E-07  7.1845E-06
 8.6322E+25  3.0310E-04  7.0012E+03  7.4643E-05  5.5591E-07  7.1845E-06
 8.6414E+25  3.0327E-04  7.0012E+03  7.4643E-05  5.5364E-07  7.1845E-06
 8.6507E+25  3.0345E-04  7.0011E+03  7.4643E-05  5.5144E-07  7.1845E-06
 8.6600E+25  3.0366E-04  7.0011E+03  7.4643E-05  5.4944E-07  7.1845E-06
 8.6692E+25  3.0385E-04  7.0011E+03  7.4643E-05  5.4757E-07  7.1845E-06
 8.6785E+25  3.0401E-04  7.0011E+03  7.4643E-05  5.4569E-07  7.1845E-06
 8.6877E+25  3.0418E-04  7.0011E+03  7.4643E-05  5.4374E-07  7.1845E-06
 8.6970E+25  3.0433E-04  7.0011E+03  7.4643E-05  5.4170E-07  7.1845E-06
 8.7062E+25  3.0452E-04  7.0011E+03  7.4643E-05  5.3974E-07  7.1845E-06
 8.7155E+25  3.0470E-04  7.0011E+03  7.4643E-05  5.3779E-07  7.1845E-06
 8.7248E+25  3.0487E-04  7.0011E+03  7.4643E-05  5.3583E-07  7.1845E-06
 8.7340E+25  3.0503E-04  7.0011E+03  7.4643E-05  5.3372E-07  7.1845E-06
 8.7433E+25  3.0521E-04  7.0011E+03  7.4643E-05  5.3166E-07  7.1845E-06
 8.7525E+25  3.0536E-04  7.0011E+03  7.4643E-05  5.2973E-07  7.1845E-06
 8.7618E+25  3.0553E-04  7.0011E+03  7.4643E-05  5.2773E-07  7.1845E-06
 8.7710E+25  3.0571E-04  7.0011E+03  7.4643E-05  5.2564E-07  7.1845E-06
 8.7803E+25  3.0586E-04  7.0011E+03  7.4643E-05  5.2348E-07  7.1845E-06
 8.7896E+25  3.0603E-04  7.0011E+03  7.4643E-05  5.2139E-07  7.1845E-06
 8.7988E+25  3.0619E-04  7.0011E+03  7.4643E-05  5.1934E-07  7.1845E-06
 8.8081E+25  3.0633E-04  7.0011E+03  7.4643E-05  5.1712E-07  7.1845E-06
 8.8173E+25  3.0652E-04  7.0011E+03  7.4643E-05  5.1505E-07  7.1845E-06
 8.8266E+25  3.0670E-04  7.0010E+03  7.4643E-05  5.1283E-07  7.1845E-06
 8.8358E+25  3.0683E-04  7.0010E+03  7.4643E-05  5.1070E-07  7.1845E-06
 8.8451E+25  3.0698E-04  7.0010E+03  7.4643E-05  5.0851E-07  7.1845E-06
 8.8544E+25  3.0713E-04  7.0010E+03  7.4643E-05  5.0656E-07  7.1845E-06
 8.8636E+25  3.0726E-04  7.0010E+03  7.4643E-05  5.0452E-07  7.1845E-06
 8.8729E+25  3.0744E-04  7.0010E+03  7.4643E-05  5.0257E-07  7.1845E-06
 8.8821E+25  3.0760E-04  7.0010E+03  7.4643E-05  5.0061E-07  7.1845E-06
 8.8914E+25  3.0772E-04  7.0010E+03  7.4643E-05  4.9891E-07  7.1845E-06
 8.9006E+25  3.0788E-04  7.0010E+03  7.4643E-05  4.9726E-07  7.1845E-06
 8.9099E+25  3.0804E-04  7.0010E+03  7.4643E-05  4.9557E-07  7.1845E-06
 8.9192E+25  3.0817E-04  7.0010E+03  7.4643E-05  4.9385E-07  7.1845E-06
 8.9284E+25  3.0832E-04  7.0010E+03  7.4643E-05  4.9212E-07  7.1845E-06
 8.9377E+25  3.0849E-04  7.0010E+03  7.4643E-05  4.9034E-07  7.1845E-06
 8.9469E+25  3.0861E-04  7.0010E+03  7.4643E-05  4.8860E-07  7.1845E-06
 8.9562E+25  3.0876E-04  7.0010E+03  7.4643E-05  4.8686E-07  7.1845E-06
 8.9654E+25  3.0891E-04  7.0010E+03  7.4643E-05  4.8512E-07  7.1845E-06
 8.9747E+25  3.0903E-04  7.0010E+03  7.4643E-05  4.8326E-07  7.1845E-06
 8.9840E+25  3.0917E-04  7.0010E+03  7.4643E-05  4.8144E-07  7.1845E-06
 8.9932E+25  3.0934E-04  7.0010E+03  7.4643E-05  4.7970E-07  7.1845E-06
 9.0025E+25  3.0946E-04  7.0010E+03  7.4643E-05  4.7791E-07  7.1845E-06
 9.0117E+25  3.0957E-04  7.0010E+03  7.4643E-05  4.7605E-07  7.1845E-06
 9.0210E+25  3.0971E-04  7.0010E+03  7.4643E-05  4.7412E-07  7.1845E-06
 9.0302E+25  3.0985E-04  7.0009E+03  7.4643E-05  4.7226E-07  7.1845E-06
 9.0395E+25  3.0997E-04  7.0009E+03  7.4643E-05  4.7045E-07  7.1845E-06
 9.0487E+25  3.1013E-04  7.0009E+03  7.4643E-05  4.6846E-07  7.1845E-06
 9.0580E+25  3.1026E-04  7.0009E+03  7.4643E-05  4.6661E-07  7.1845E-06
 9.0673E+25  3.1037E-04  7.0009E+03  7.4643E-05  4.6465E-07  7.1845E-06
 9.0765E+25  3.1050E-04  7.0009E+03  7.4643E-05  4.6274E-07  7.1845E-06
 9.0858E+25  3.1065E-04  7.0009E+03  7.4643E-05  4.6090E-07  7.1845E-06
 9.0950E+25  3.1077E-04  7.0009E+03  7.4643E-05  4.5919E-07  7.1845E-06
 9.1043E+25  3.1090E-04  7.0009E+03  7.4643E-05  4.5737E-07  7.1845E-06
 9.1135E+25  3.1104E-04  7.0009E+03  7.4643E-05  4.5561E-07  7.1845E-06
 9.1228E+25  3.1116E-04  7.0009E+03  7.4643E-05  4.5402E-07  7.1845E-06
 9.1321E+25  3.1127E-04  7.0009E+03  7.4643E-05  4.5255E-07  7.1845E-06
 9.1413E+25  3.1139E-04  7.0009E+03  7.4643E-05  4.5110E-07  7.1845E-06
 9.1506E+25  3.1152E-04  7.0009E+03  7.4643E-05  4.4957E-07  7.1845E-06
 9.1598E+25  3.1164E-04  7.0009E+03  7.4643E-05  4.4805E-07  7.1845E-06
 9.1691E+25  3.1176E-04  7.0009E+03  7.4643E-05  4.4653E-07  7.1845E-06
 9.1783E+25  3.1189E-04  7.0009E+03  7.4643E-05  4.4498E-07  7.1845E-06
 9.1876E+25  3.1200E-04  7.0009E+03  7.4643E-05  4.4341E-07  7.1845E-06
 9.1969E+25  3.1210E-04  7.0009E+03  7.4643E-05  4.4188E-07  7.1845E-06
 9.2061E+25  3.1221E-04  7.0009E+03  7.4643E-05  4.4033E-07  7.1845E-06
 9.2154E+25  3.1234E-04  7.0009E+03  7.4643E-05  4.3880E-07  7.1845E-06
 9.2246E+25  3.1246E-04  7.0009E+03  7.4643E-05  4.3711E-07  7.1845E-06
 9.2339E+25  3.1257E-04  7.0009E+03  7.4643E-05  4.3551E-07  7.1845E-06
 9.2431E+25  3.1269E-04  7.0008E+03  7.4643E-05  4.3394E-07  7.1845E-06
 9.2524E+25  3.1281E-04  7.0008E+03  7.4643E-05  4.3233E-07  7.1845E-06
