 4.6285E+22  3.2649E-11  1.1704E+04  7.4643E-05  1.0000E+00  7.1845E-06
 1.3886E+23  2.2849E-10  1.1708E+04  7.4643E-05  1.0000E+00  7.1845E-06
 2.3143E+23  6.1971E-10  1.1720E+04  7.4643E-05  1.0000E+00  7.1845E-06
 3.2400E+23  1.2048E-09  1.1747E+04  7.4643E-05  1.0000E+00  7.1845E-06
 4.1657E+23  1.9804E-09  1.1796E+04  7.4643E-05  1.0000E+00  7.1845E-06
 5.0914E+23  2.9404E-09  1.1874E+04  7.4643E-05  1.0000E+00  7.1845E-06
 6.0171E+23  4.0724E-09  1.1996E+04  7.4643E-05  1.0000E+00  7.1845E-06
 6.9428E+23  5.3640E-09  1.2171E+04  7.4643E-05  1.0000E+00  7.1845E-06
 7.8685E+23  6.7829E-09  1.2428E+04  7.4643E-05  1.0000E+00  7.1845E-06
 8.7942E+23  8.2987E-09  1.2785E+04  7.4643E-05  1.0000E+00  7.1845E-06
 9.7199E+23  9.8943E-09  1.3219E+04  7.4643E-05  1.0000E+00  7.1845E-06
 1.0646E+24  1.1590E-08  1.3655E+04  7.4643E-05  1.0000E+00  7.1845E-06
 1.1571E+24  1.3462E-08  1.3971E+04  7.4643E-05  1.0000E+00  7.1845E-06
 1.2497E+24  1.5571E-08  1.4142E+04  7.4643E-05  1.0000E+00  7.1845E-06
 1.3423E+24  1.7864E-08  1.4236E+04  7.4643E-05  1.0000E+00  7.1845E-06
 1.4348E+24  2.0310E-08  1.4336E+04  7.4643E-05  9.9999E-01  7.1845E-06
 1.5274E+24  2.2900E-08  1.4436E+04  7.4643E-05  9.9999E-01  7.1845E-06
 1.6200E+24  2.5638E-08  1.4529E+04  7.4643E-05  9.9999E-01  7.1845E-06
 1.7126E+24  2.8511E-08  1.4620E+04  7.4643E-05  9.9999E-01  7.1845E-06
 1.8051E+24  3.1560E-08  1.4702E+04  7.4643E-05  9.9999E-01  7.1845E-06
 1.8977E+24  3.4728E-08  1.4781E+04  7.4643E-05  9.9999E-01  7.1845E-06
 1.9903E+24  3.8068E-08  1.4858E+04  7.4643E-05  9.9999E-01  7.1845E-06
 2.0828E+24  4.1522E-08  1.4932E+04  7.4643E-05  9.9999E-01  7.1845E-06
 2.1754E+24  4.5139E-08  1.5004E+04  7.4643E-05  9.9999E-01  7.1845E-06
 2.2680E+24  4.8887E-08  1.5074E+04  7.4643E-05  9.9999E-01  7.1845E-06
 2.3605E+24  5.2796E-08  1.5143E+04  7.4643E-05  9.9999E-01  7.1845E-06
 2.4531E+24  5.6836E-08  1.5206E+04  7.4643E-05  9.9999E-01  7.1845E-06
 2.5457E+24  6.1011E-08  1.5270E+04  7.4643E-05  9.9998E-01  7.1845E-06
 2.6383E+24  6.5360E-08  1.5334E+04  7.4643E-05  9.9998E-01  7.1845E-06
 2.7308E+24  6.9790E-08  1.5392E+04  7.4643E-05  9.9998E-01  7.1845E-06
 2.8234E+24  7.4408E-08  1.5453E+04  7.4643E-05  9.9998E-01  7.1845E-06
 2.9160E+24  7.9115E-08  1.5509E+04  7.4643E-05  9.9998E-01  7.1845E-06
 3.0085E+24  8.4053E-08  1.5564E+04  7.4643E-05  9.9998E-01  7.1845E-06
 3.1011E+24  8.9080E-08  1.5620E+04  7.4643E-05  9.9998E-01  7.1845E-06
 3.1937E+24  9.4223E-08  1.5673E+04  7.4643E-05  9.9998E-01  7.1845E-06
 3.2862E+24  9.9486E-08  1.5725E+04  7.4643E-05  9.9997E-01  7.1845E-06
 3.3788E+24  1.0489E-07  1.5775E+04  7.4643E-05  9.9997E-01  7.1845E-06
 3.4714E+24  1.1045E-07  1.5825E+04  7.4643E-05  9.9997E-01  7.1845E-06
 3.5640E+24  1.1619E-07  1.5874E+04  7.4643E-05  9.9997E-01  7.1845E-06
 3.6565E+24  1.2216E-07  1.5920E+04  7.4643E-05  9.9997E-01  7.1845E-06
 3.7491E+24  1.2792E-07  1.5967E+04  7.4643E-05  9.9997E-01  7.1845E-06
 3.8417E+24  1.3419E-07  1.6013E+04  7.4643E-05  9.9997E-01  7.1845E-06
 3.9342E+24  1.4036E-07  1.6056E+04  7.4643E-05  9.9996E-01  7.1845E-06
 4.0268E+24  1.4688E-07  1.6101E+04  7.4643E-05  9.9996E-01  7.1845E-06
 4.1194E+24  1.5317E-07  1.6143E+04  7.4643E-05  9.9996E-01  7.1845E-06
 4.2120E+24  1.6004E-07  1.6185E+04  7.4643E-05  9.9996E-01  7.1845E-06
 4.3045E+24  1.6687E-07  1.6225E+04  7.4643E-05  9.9996E-01  7.1845E-06
 4.3971E+24  1.7354E-07  1.6266E+04  7.4643E-05  9.9996E-01  7.1845E-06
 4.4897E+24  1.8070E-07  1.6305E+04  7.4643E-05  9.9995E-01  7.1845E-06
 4.5822E+24  1.8795E-07  1.6344E+04  7.4643E-05  9.9995E-01  7.1845E-06
 4.6748E+24  1.9530E-07  1.6382E+04  7.4643E-05  9.9995E-01  7.1845E-06
 4.7674E+24  2.0276E-07  1.6419E+04  7.4643E-05  9.9995E-01  7.1845E-06
 4.8599E+24  2.1034E-07  1.6456E+04  7.4643E-05  9.9995E-01  7.1845E-06
 4.9525E+24  2.1805E-07  1.6492E+04  7.4643E-05  9.9994E-01  7.1845E-06
 5.0451E+24  2.2590E-07  1.6527E+04  7.4643E-05  9.9994E-01  7.1845E-06
 5.1377E+24  2.3390E-07  1.6561E+04  7.4643E-05  9.9994E-01  7.1845E-06
 5.2302E+24  2.4208E-07  1.6595E+04  7.4643E-05  9.9994E-01  7.1845E-06
 5.3228E+24  2.5044E-07  1.6629E+04  7.4643E-05  9.9994E-01  7.1845E-06
 5.4154E+24  2.5900E-07  1.6662E+04  7.4643E-05  9.9993E-01  7.1845E-06
 5.5079E+24  2.6700E-07  1.6695E+04  7.4643E-05  9.9993E-01  7.1845E-06
 5.6005E+24  2.7572E-07  1.6727E+04  7.4643E-05  9.9993E-01  7.1845E-06
 5.6931E+24  2.8481E-07  1.6759E+04  7.4643E-05  9.9993E-01  7.1845E-06
 5.7856E+24  2.9395E-07  1.6790E+04  7.4643E-05  9.9992E-01  7.1845E-06
 5.8782E+24  3.0222E-07  1.6820E+04  7.4643E-05  9.9992E-01  7.1845E-06
 5.9708E+24  3.1200E-07  1.6850E+04  7.4643E-05  9.9992E-01  7.1845E-06
 6.0634E+24  3.2133E-07  1.6879E+04  7.4643E-05  9.9992E-01  7.1845E-06
 6.1559E+24  3.3030E-07  1.6908E+04  7.4643E-05  9.9991E-01  7.1845E-06
 6.2485E+24  3.4092E-07  1.6937E+04  7.4643E-05  9.9991E-01  7.1845E-06
 6.3411E+24  3.4919E-07  1.6965E+04  7.4643E-05  9.9991E-01  7.1845E-06
 6.4336E+24  3.6039E-07  1.6993E+04  7.4643E-05  9.9991E-01  7.1845E-06
 6.5262E+24  3.6910E-07  1.7021E+04  7.4643E-05  9.9990E-01  7.1845E-06
 6.6188E+24  3.8060E-07  1.7048E+04  7.4643E-05  9.9990E-01  7.1845E-06
 6.7113E+24  3.8929E-07  1.7075E+04  7.4643E-05  9.9990E-01  7.1845E-06
 6.8039E+24  4.0108E-07  1.7101E+04  7.4643E-05  9.9990E-01  7.1845E-06
 6.8965E+24  4.1039E-07  1.7127E+04  7.4643E-05  9.9989E-01  7.1845E-06
 6.9891E+24  4.2163E-07  1.7153E+04  7.4643E-05  9.9989E-01  7.1845E-06
 7.0816E+24  4.3276E-07  1.7178E+04  7.4643E-05  9.9989E-01  7.1845E-06
 7.1742E+24  4.4251E-07  1.7204E+04  7.4643E-05  9.9989E-01  7.1845E-06
 7.2668E+24  4.5461E-07  1.7228E+04  7.4643E-05  9.9988E-01  7.1845E-06
 7.3593E+24  4.6553E-07  1.7253E+04  7.4643E-05  9.9988E-01  7.1845E-06
 7.4519E+24  4.7596E-07  1.7277E+04  7.4643E-05  9.9988E-01  7.1845E-06
 7.5445E+24  4.8825E-07  1.7301E+04  7.4643E-05  9.9987E-01  7.1845E-06
 7.6371E+24  5.0044E-07  1.7325E+04  7.4643E-05  9.9987E-01  7.1845E-06
 7.7296E+24  5.1022E-07  1.7348E+04  7.4643E-05  9.9987E-01  7.1845E-06
 7.8222E+24  5.2268E-07  1.7371E+04  7.4643E-05  9.9986E-01  7.1845E-06
 7.9148E+24  5.3524E-07  1.7394E+04  7.4643E-05  9.9986E-01  7.1845E-06
 8.0073E+24  5.4789E-07  1.7417E+04  7.4643E-05  9.9986E-01  7.1845E-06
 8.0999E+24  5.5830E-07  1.7439E+04  7.4643E-05  9.9986E-01  7.1845E-06
 8.1925E+24  5.7082E-07  1.7461E+04  7.4643E-05  9.9985E-01  7.1845E-06
 8.2850E+24  5.8369E-07  1.7483E+04  7.4643E-05  9.9985E-01  7.1845E-06
 8.3776E+24  5.9662E-07  1.7505E+04  7.4643E-05  9.9985E-01  7.1845E-06
 8.4702E+24  6.0965E-07  1.7526E+04  7.4643E-05  9.9984E-01  7.1845E-06
 8.5628E+24  6.2253E-07  1.7547E+04  7.4643E-05  9.9984E-01  7.1845E-06
 8.6553E+24  6.3400E-07  1.7568E+04  7.4643E-05  9.9984E-01  7.1845E-06
 8.7479E+24  6.4726E-07  1.7589E+04  7.4643E-05  9.9983E-01  7.1845E-06
 8.8405E+24  6.6065E-07  1.7610E+04  7.4643E-05  9.9983E-01  7.1845E-06
 8.9330E+24  6.7414E-07  1.7630E+04  7.4643E-05  9.9982E-01  7.1845E-06
 9.0256E+24  6.8770E-07  1.7650E+04  7.4643E-05  9.9982E-01  7.1845E-06
 9.1182E+24  7.0136E-07  1.7670E+04  7.4643E-05  9.9982E-01  7.1845E-06
 9.2107E+24  7.1511E-07  1.7690E+04  7.4643E-05  9.9981E-01  7.1845E-06
 9.3033E+24  7.2896E-07  1.7709E+04  7.4643E-05  9.9981E-01  7.1845E-06
 9.3959E+24  7.4291E-07  1.7729E+04  7.4643E-05  9.9981E-01  7.1845E-06
 9.4885E+24  7.5697E-07  1.7748E+04  7.4643E-05  9.9980E-01  7.1845E-06
 9.5810E+24  7.7112E-07  1.7767E+04  7.4643E-05  9.9980E-01  7.1845E-06
 9.6736E+24  7.8539E-07  1.7786E+04  7.4643E-05  9.9980E-01  7.1845E-06
 9.7662E+24  7.9978E-07  1.7804E+04  7.4643E-05  9.9979E-01  7.1845E-06
 9.8587E+24  8.1429E-07  1.7823E+04  7.4643E-05  9.9979E-01  7.1845E-06
 9.9513E+24  8.2893E-07  1.7841E+04  7.4643E-05  9.9978E-01  7.1845E-06
 1.0044E+25  8.4370E-07  1.7860E+04  7.4643E-05  9.9978E-01  7.1845E-06
 1.0136E+25  8.5861E-07  1.7878E+04  7.4643E-05  9.9978E-01  7.1845E-06
 1.0229E+25  8.7367E-07  1.7895E+04  7.4643E-05  9.9977E-01  7.1845E-06
 1.0322E+25  8.8888E-07  1.7913E+04  7.4643E-05  9.9977E-01  7.1845E-06
 1.0414E+25  9.0426E-07  1.7931E+04  7.4643E-05  9.9976E-01  7.1845E-06
 1.0507E+25  9.1981E-07  1.7948E+04  7.4643E-05  9.9976E-01  7.1845E-06
 1.0599E+25  9.3553E-07  1.7965E+04  7.4643E-05  9.9976E-01  7.1845E-06
 1.0692E+25  9.5145E-07  1.7982E+04  7.4643E-05  9.9975E-01  7.1845E-06
 1.0784E+25  9.6758E-07  1.7999E+04  7.4643E-05  9.9975E-01  7.1845E-06
 1.0877E+25  9.8390E-07  1.8016E+04  7.4643E-05  9.9974E-01  7.1845E-06
 1.0970E+25  1.0004E-06  1.8033E+04  7.4643E-05  9.9974E-01  7.1845E-06
 1.1062E+25  1.0139E-06  1.8050E+04  7.4643E-05  9.9973E-01  7.1845E-06
 1.1155E+25  1.0302E-06  1.8066E+04  7.4643E-05  9.9973E-01  7.1845E-06
 1.1247E+25  1.0471E-06  1.8082E+04  7.4643E-05  9.9972E-01  7.1845E-06
 1.1340E+25  1.0642E-06  1.8099E+04  7.4643E-05  9.9971E-01  7.1845E-06
 1.1432E+25  1.0815E-06  1.8115E+04  7.4643E-05  9.9970E-01  7.1845E-06
 1.1525E+25  1.0992E-06  1.8130E+04  7.4643E-05  9.9968E-01  7.1845E-06
 1.1618E+25  1.1171E-06  1.8146E+04  7.4643E-05  9.9965E-01  7.1845E-06
 1.1710E+25  1.1307E-06  1.8162E+04  7.4643E-05  9.9959E-01  7.1845E-06
 1.1803E+25  1.1474E-06  1.8177E+04  7.4643E-05  9.9950E-01  7.1845E-06
 1.1895E+25  1.1658E-06  1.8192E+04  7.4643E-05  9.9933E-01  7.1845E-06
 1.1988E+25  1.1845E-06  1.8206E+04  7.4643E-05  9.9903E-01  7.1845E-06
 1.2080E+25  1.2036E-06  1.8219E+04  7.4643E-05  9.9850E-01  7.1845E-06
 1.2173E+25  1.2207E-06  1.8230E+04  7.4643E-05  9.9759E-01  7.1845E-06
 1.2266E+25  1.2345E-06  1.8239E+04  7.4643E-05  9.9601E-01  7.1845E-06
 1.2358E+25  1.2544E-06  1.8242E+04  7.4643E-05  9.9333E-01  7.1845E-06
 1.2451E+25  1.2749E-06  1.8238E+04  7.4643E-05  9.8882E-01  7.1845E-06
 1.2543E+25  1.2962E-06  1.8222E+04  7.4643E-05  9.8134E-01  7.1845E-06
 1.2636E+25  1.3126E-06  1.8185E+04  7.4643E-05  9.6915E-01  7.1845E-06
 1.2728E+25  1.3315E-06  1.8116E+04  7.4643E-05  9.4980E-01  7.1845E-06
 1.2821E+25  1.3567E-06  1.8000E+04  7.4643E-05  9.2008E-01  7.1845E-06
 1.2914E+25  1.3847E-06  1.7818E+04  7.4643E-05  8.7652E-01  7.1845E-06
 1.3006E+25  1.4136E-06  1.7549E+04  7.4643E-05  8.1656E-01  7.1845E-06
 1.3099E+25  1.4423E-06  1.7179E+04  7.4643E-05  7.4040E-01  7.1845E-06
 1.3191E+25  1.4855E-06  1.6709E+04  7.4643E-05  6.5237E-01  7.1845E-06
 1.3284E+25  1.5355E-06  1.6157E+04  7.4643E-05  5.6038E-01  7.1845E-06
 1.3376E+25  1.5919E-06  1.5558E+04  7.4643E-05  4.7298E-01  7.1845E-06
 1.3469E+25  1.6458E-06  1.4949E+04  7.4643E-05  3.9618E-01  7.1845E-06
 1.3562E+25  1.7086E-06  1.4362E+04  7.4643E-05  3.3233E-01  7.1845E-06
 1.3654E+25  1.7762E-06  1.3813E+04  7.4643E-05  2.8090E-01  7.1845E-06
 1.3747E+25  1.8444E-06  1.3313E+04  7.4643E-05  2.4000E-01  7.1845E-06
 1.3839E+25  1.9128E-06  1.2861E+04  7.4643E-05  2.0744E-01  7.1845E-06
 1.3932E+25  1.9805E-06  1.2456E+04  7.4643E-05  1.8130E-01  7.1845E-06
 1.4024E+25  2.0419E-06  1.2093E+04  7.4643E-05  1.6007E-01  7.1845E-06
 1.4117E+25  2.1055E-06  1.1767E+04  7.4643E-05  1.4258E-01  7.1845E-06
 1.4210E+25  2.1705E-06  1.1473E+04  7.4643E-05  1.2800E-01  7.1845E-06
 1.4302E+25  2.2347E-06  1.1208E+04  7.4643E-05  1.1569E-01  7.1845E-06
 1.4395E+25  2.2977E-06  1.0968E+04  7.4643E-05  1.0518E-01  7.1845E-06
 1.4487E+25  2.3604E-06  1.0749E+04  7.4643E-05  9.6118E-02  7.1845E-06
 1.4580E+25  2.4219E-06  1.0550E+04  7.4643E-05  8.8245E-02  7.1845E-06
 1.4672E+25  2.4831E-06  1.0367E+04  7.4643E-05  8.1348E-02  7.1845E-06
 1.4765E+25  2.5412E-06  1.0199E+04  7.4643E-05  7.5264E-02  7.1845E-06
 1.4858E+25  2.5948E-06  1.0045E+04  7.4643E-05  6.9864E-02  7.1845E-06
 1.4950E+25  2.6540E-06  9.9016E+03  7.4643E-05  6.5045E-02  7.1845E-06
 1.5043E+25  2.7127E-06  9.7691E+03  7.4643E-05  6.0722E-02  7.1845E-06
 1.5135E+25  2.7712E-06  9.6461E+03  7.4643E-05  5.6826E-02  7.1845E-06
 1.5228E+25  2.8294E-06  9.5316E+03  7.4643E-05  5.3300E-02  7.1845E-06
 1.5320E+25  2.8876E-06  9.4247E+03  7.4643E-05  5.0098E-02  7.1845E-06
 1.5413E+25  2.9457E-06  9.3248E+03  7.4643E-05  4.7178E-02  7.1845E-06
 1.5506E+25  3.0004E-06  9.2312E+03  7.4643E-05  4.4508E-02  7.1845E-06
 1.5598E+25  3.0487E-06  9.1435E+03  7.4643E-05  4.2059E-02  7.1845E-06
 1.5691E+25  3.1058E-06  9.0610E+03  7.4643E-05  3.9806E-02  7.1845E-06
 1.5783E+25  3.1632E-06  8.9833E+03  7.4643E-05  3.7728E-02  7.1845E-06
 1.5876E+25  3.2207E-06  8.9101E+03  7.4643E-05  3.5808E-02  7.1845E-06
 1.5968E+25  3.2784E-06  8.8410E+03  7.4643E-05  3.4027E-02  7.1845E-06
 1.6061E+25  3.3366E-06  8.7757E+03  7.4643E-05  3.2375E-02  7.1845E-06
 1.6154E+25  3.3801E-06  8.7139E+03  7.4643E-05  3.0838E-02  7.1845E-06
 1.6246E+25  3.4345E-06  8.6553E+03  7.4643E-05  2.9404E-02  7.1845E-06
 1.6339E+25  3.4926E-06  8.5997E+03  7.4643E-05  2.8066E-02  7.1845E-06
 1.6431E+25  3.5511E-06  8.5470E+03  7.4643E-05  2.6815E-02  7.1845E-06
 1.6524E+25  3.6103E-06  8.4968E+03  7.4643E-05  2.5642E-02  7.1845E-06
 1.6616E+25  3.6587E-06  8.4491E+03  7.4643E-05  2.4543E-02  7.1845E-06
 1.6709E+25  3.7054E-06  8.4036E+03  7.4643E-05  2.3510E-02  7.1845E-06
 1.6802E+25  3.7651E-06  8.3603E+03  7.4643E-05  2.2538E-02  7.1845E-06
 1.6894E+25  3.8256E-06  8.3190E+03  7.4643E-05  2.1622E-02  7.1845E-06
 1.6987E+25  3.8869E-06  8.2795E+03  7.4643E-05  2.0759E-02  7.1845E-06
 1.7079E+25  3.9240E-06  8.2418E+03  7.4643E-05  1.9944E-02  7.1845E-06
 1.7172E+25  3.9803E-06  8.2057E+03  7.4643E-05  1.9174E-02  7.1845E-06
 1.7264E+25  4.0426E-06  8.1712E+03  7.4643E-05  1.8445E-02  7.1845E-06
 1.7357E+25  4.1061E-06  8.1382E+03  7.4643E-05  1.7755E-02  7.1845E-06
 1.7450E+25  4.1466E-06  8.1065E+03  7.4643E-05  1.7100E-02  7.1845E-06
 1.7542E+25  4.1985E-06  8.0761E+03  7.4643E-05  1.6479E-02  7.1845E-06
 1.7635E+25  4.2634E-06  8.0470E+03  7.4643E-05  1.5889E-02  7.1845E-06
 1.7727E+25  4.3295E-06  8.0190E+03  7.4643E-05  1.5329E-02  7.1845E-06
 1.7820E+25  4.3609E-06  7.9921E+03  7.4643E-05  1.4795E-02  7.1845E-06
 1.7912E+25  4.4216E-06  7.9663E+03  7.4643E-05  1.4287E-02  7.1845E-06
 1.8005E+25  4.4896E-06  7.9415E+03  7.4643E-05  1.3803E-02  7.1845E-06
 1.8097E+25  4.5446E-06  7.9176E+03  7.4643E-05  1.3342E-02  7.1845E-06
 1.8190E+25  4.5814E-06  7.8946E+03  7.4643E-05  1.2902E-02  7.1845E-06
 1.8283E+25  4.6520E-06  7.8724E+03  7.4643E-05  1.2482E-02  7.1845E-06
 1.8375E+25  4.7238E-06  7.8511E+03  7.4643E-05  1.2080E-02  7.1845E-06
 1.8468E+25  4.7451E-06  7.8305E+03  7.4643E-05  1.1696E-02  7.1845E-06
 1.8560E+25  4.8167E-06  7.8107E+03  7.4643E-05  1.1329E-02  7.1845E-06
 1.8653E+25  4.8916E-06  7.7915E+03  7.4643E-05  1.0977E-02  7.1845E-06
 1.8745E+25  4.9195E-06  7.7731E+03  7.4643E-05  1.0641E-02  7.1845E-06
 1.8838E+25  4.9847E-06  7.7552E+03  7.4643E-05  1.0318E-02  7.1845E-06
 1.8931E+25  5.0630E-06  7.7380E+03  7.4643E-05  1.0008E-02  7.1845E-06
 1.9023E+25  5.0902E-06  7.7213E+03  7.4643E-05  9.7117E-03  7.1845E-06
 1.9116E+25  5.1561E-06  7.7052E+03  7.4643E-05  9.4265E-03  7.1845E-06
 1.9208E+25  5.2385E-06  7.6896E+03  7.4643E-05  9.1532E-03  7.1845E-06
 1.9301E+25  5.2573E-06  7.6746E+03  7.4643E-05  8.8900E-03  7.1845E-06
 1.9393E+25  5.3330E-06  7.6600E+03  7.4643E-05  8.6375E-03  7.1845E-06
 1.9486E+25  5.4109E-06  7.6459E+03  7.4643E-05  8.3944E-03  7.1845E-06
 1.9579E+25  5.4276E-06  7.6322E+03  7.4643E-05  8.1605E-03  7.1845E-06
 1.9671E+25  5.5154E-06  7.6190E+03  7.4643E-05  7.9357E-03  7.1845E-06
 1.9764E+25  5.5722E-06  7.6061E+03  7.4643E-05  7.7187E-03  7.1845E-06
 1.9856E+25  5.6111E-06  7.5937E+03  7.4643E-05  7.5103E-03  7.1845E-06
 1.9949E+25  5.7041E-06  7.5816E+03  7.4643E-05  7.3087E-03  7.1845E-06
 2.0041E+25  5.7287E-06  7.5699E+03  7.4643E-05  7.1152E-03  7.1845E-06
 2.0134E+25  5.8020E-06  7.5586E+03  7.4643E-05  6.9277E-03  7.1845E-06
 2.0227E+25  5.8793E-06  7.5476E+03  7.4643E-05  6.7477E-03  7.1845E-06
 2.0319E+25  5.9011E-06  7.5369E+03  7.4643E-05  6.5730E-03  7.1845E-06
 2.0412E+25  6.0010E-06  7.5265E+03  7.4643E-05  6.4053E-03  7.1845E-06
 2.0504E+25  6.0287E-06  7.5164E+03  7.4643E-05  6.2425E-03  7.1845E-06
 2.0597E+25  6.1030E-06  7.5066E+03  7.4643E-05  6.0860E-03  7.1845E-06
 2.0689E+25  6.1770E-06  7.4971E+03  7.4643E-05  5.9339E-03  7.1845E-06
 2.0782E+25  6.2049E-06  7.4879E+03  7.4643E-05  5.7877E-03  7.1845E-06
 2.0875E+25  6.3143E-06  7.4788E+03  7.4643E-05  5.6456E-03  7.1845E-06
 2.0967E+25  6.3190E-06  7.4701E+03  7.4643E-05  5.5086E-03  7.1845E-06
 2.1060E+25  6.4201E-06  7.4616E+03  7.4643E-05  5.3758E-03  7.1845E-06
 2.1152E+25  6.4651E-06  7.4533E+03  7.4643E-05  5.2472E-03  7.1845E-06
 2.1245E+25  6.5269E-06  7.4453E+03  7.4643E-05  5.1231E-03  7.1845E-06
 2.1337E+25  6.6102E-06  7.4374E+03  7.4643E-05  5.0022E-03  7.1845E-06
 2.1430E+25  6.6353E-06  7.4298E+03  7.4643E-05  4.8859E-03  7.1845E-06
 2.1523E+25  6.7537E-06  7.4224E+03  7.4643E-05  4.7724E-03  7.1845E-06
 2.1615E+25  6.7460E-06  7.4151E+03  7.4643E-05  4.6630E-03  7.1845E-06
 2.1708E+25  6.8710E-06  7.4081E+03  7.4643E-05  4.5567E-03  7.1845E-06
 2.1800E+25  6.8838E-06  7.4012E+03  7.4643E-05  4.4534E-03  7.1845E-06
 2.1893E+25  6.9859E-06  7.3945E+03  7.4643E-05  4.3537E-03  7.1845E-06
 2.1985E+25  7.0249E-06  7.3880E+03  7.4643E-05  4.2563E-03  7.1845E-06
 2.2078E+25  7.1026E-06  7.3817E+03  7.4643E-05  4.1624E-03  7.1845E-06
 2.2171E+25  7.1654E-06  7.3755E+03  7.4643E-05  4.0709E-03  7.1845E-06
 2.2263E+25  7.2212E-06  7.3694E+03  7.4643E-05  3.9820E-03  7.1845E-06
 2.2356E+25  7.3051E-06  7.3635E+03  7.4643E-05  3.8961E-03  7.1845E-06
 2.2448E+25  7.3416E-06  7.3577E+03  7.4643E-05  3.8120E-03  7.1845E-06
 2.2541E+25  7.4441E-06  7.3521E+03  7.4643E-05  3.7308E-03  7.1845E-06
 2.2633E+25  7.4647E-06  7.3467E+03  7.4643E-05  3.6518E-03  7.1845E-06
 2.2726E+25  7.5819E-06  7.3413E+03  7.4643E-05  3.5746E-03  7.1845E-06
 2.2819E+25  7.5902E-06  7.3361E+03  7.4643E-05  3.5002E-03  7.1845E-06
 2.2911E+25  7.7189E-06  7.3310E+03  7.4643E-05  3.4274E-03  7.1845E-06
 2.3004E+25  7.7182E-06  7.3260E+03  7.4643E-05  3.3565E-03  7.1845E-06
 2.3096E+25  7.8546E-06  7.3212E+03  7.4643E-05  3.2881E-03  7.1845E-06
 2.3189E+25  7.8493E-06  7.3164E+03  7.4643E-05  3.2209E-03  7.1845E-06
 2.3281E+25  7.9893E-06  7.3118E+03  7.4643E-05  3.1557E-03  7.1845E-06
 2.3374E+25  7.9833E-06  7.3072E+03  7.4643E-05  3.0926E-03  7.1845E-06
 2.3467E+25  8.1231E-06  7.3028E+03  7.4643E-05  3.0306E-03  7.1845E-06
 2.3559E+25  8.1206E-06  7.2985E+03  7.4643E-05  2.9704E-03  7.1845E-06
 2.3652E+25  8.2557E-06  7.2942E+03  7.4643E-05  2.9122E-03  7.1845E-06
 2.3744E+25  8.2613E-06  7.2901E+03  7.4643E-05  2.8549E-03  7.1845E-06
 2.3837E+25  8.3870E-06  7.2860E+03  7.4643E-05  2.7993E-03  7.1845E-06
 2.3929E+25  8.4056E-06  7.2821E+03  7.4643E-05  2.7454E-03  7.1845E-06
 2.4022E+25  8.5170E-06  7.2782E+03  7.4643E-05  2.6924E-03  7.1845E-06
 2.4115E+25  8.5538E-06  7.2744E+03  7.4643E-05  2.6409E-03  7.1845E-06
 2.4207E+25  8.6457E-06  7.2707E+03  7.4643E-05  2.5910E-03  7.1845E-06
 2.4300E+25  8.7062E-06  7.2671E+03  7.4643E-05  2.5420E-03  7.1845E-06
 2.4392E+25  8.7731E-06  7.2635E+03  7.4643E-05  2.4941E-03  7.1845E-06
 2.4485E+25  8.8627E-06  7.2601E+03  7.4643E-05  2.4478E-03  7.1845E-06
 2.4577E+25  8.8991E-06  7.2567E+03  7.4643E-05  2.4024E-03  7.1845E-06
 2.4670E+25  9.0238E-06  7.2533E+03  7.4643E-05  2.3578E-03  7.1845E-06
 2.4763E+25  9.0238E-06  7.2501E+03  7.4643E-05  2.3148E-03  7.1845E-06
 2.4855E+25  9.1896E-06  7.2469E+03  7.4643E-05  2.2728E-03  7.1845E-06
 2.4948E+25  9.1471E-06  7.2438E+03  7.4643E-05  2.2313E-03  7.1845E-06
 2.5040E+25  9.3222E-06  7.2407E+03  7.4643E-05  2.1911E-03  7.1845E-06
 2.5133E+25  9.3071E-06  7.2377E+03  7.4643E-05  2.1521E-03  7.1845E-06
 2.5225E+25  9.4446E-06  7.2348E+03  7.4643E-05  2.1136E-03  7.1845E-06
 2.5318E+25  9.4812E-06  7.2319E+03  7.4643E-05  2.0760E-03  7.1845E-06
 2.5411E+25  9.5655E-06  7.2291E+03  7.4643E-05  2.0396E-03  7.1845E-06
 2.5503E+25  9.6608E-06  7.2263E+03  7.4643E-05  2.0039E-03  7.1845E-06
 2.5596E+25  9.6850E-06  7.2236E+03  7.4643E-05  1.9688E-03  7.1845E-06
 2.5688E+25  9.8460E-06  7.2209E+03  7.4643E-05  1.9347E-03  7.1845E-06
 2.5781E+25  9.8028E-06  7.2183E+03  7.4643E-05  1.9015E-03  7.1845E-06
 2.5873E+25  9.9833E-06  7.2158E+03  7.4643E-05  1.8688E-03  7.1845E-06
 2.5966E+25  9.9726E-06  7.2133E+03  7.4643E-05  1.8367E-03  7.1845E-06
 2.6059E+25  1.0100E-05  7.2108E+03  7.4643E-05  1.8057E-03  7.1845E-06
 2.6151E+25  1.0168E-05  7.2084E+03  7.4643E-05  1.7754E-03  7.1845E-06
 2.6244E+25  1.0215E-05  7.2060E+03  7.4643E-05  1.7454E-03  7.1845E-06
 2.6336E+25  1.0370E-05  7.2037E+03  7.4643E-05  1.7161E-03  7.1845E-06
 2.6429E+25  1.0328E-05  7.2015E+03  7.4643E-05  1.6878E-03  7.1845E-06
 2.6521E+25  1.0513E-05  7.1992E+03  7.4643E-05  1.6599E-03  7.1845E-06
 2.6614E+25  1.0506E-05  7.1970E+03  7.4643E-05  1.6324E-03  7.1845E-06
 2.6707E+25  1.0625E-05  7.1949E+03  7.4643E-05  1.6057E-03  7.1845E-06
 2.6799E+25  1.0720E-05  7.1928E+03  7.4643E-05  1.5797E-03  7.1845E-06
 2.6892E+25  1.0735E-05  7.1907E+03  7.4643E-05  1.5541E-03  7.1845E-06
 2.6984E+25  1.0922E-05  7.1887E+03  7.4643E-05  1.5289E-03  7.1845E-06
 2.7077E+25  1.0863E-05  7.1867E+03  7.4643E-05  1.5043E-03  7.1845E-06
 2.7169E+25  1.1032E-05  7.1847E+03  7.4643E-05  1.4805E-03  7.1845E-06
 2.7262E+25  1.1090E-05  7.1828E+03  7.4643E-05  1.4570E-03  7.1845E-06
 2.7355E+25  1.1139E-05  7.1809E+03  7.4643E-05  1.4338E-03  7.1845E-06
 2.7447E+25  1.1324E-05  7.1791E+03  7.4643E-05  1.4111E-03  7.1845E-06
 2.7540E+25  1.1245E-05  7.1773E+03  7.4643E-05  1.3892E-03  7.1845E-06
 2.7632E+25  1.1435E-05  7.1755E+03  7.4643E-05  1.3676E-03  7.1845E-06
 2.7725E+25  1.1481E-05  7.1737E+03  7.4643E-05  1.3463E-03  7.1845E-06
 2.7817E+25  1.1539E-05  7.1720E+03  7.4643E-05  1.3254E-03  7.1845E-06
 2.7910E+25  1.1728E-05  7.1703E+03  7.4643E-05  1.3052E-03  7.1845E-06
 2.8003E+25  1.1644E-05  7.1686E+03  7.4643E-05  1.2853E-03  7.1845E-06
 2.8095E+25  1.1834E-05  7.1670E+03  7.4643E-05  1.2656E-03  7.1845E-06
 2.8188E+25  1.1897E-05  7.1654E+03  7.4643E-05  1.2463E-03  7.1845E-06
 2.8280E+25  1.1934E-05  7.1638E+03  7.4643E-05  1.2276E-03  7.1845E-06
 2.8373E+25  1.2129E-05  7.1622E+03  7.4643E-05  1.2093E-03  7.1845E-06
 2.8465E+25  1.2066E-05  7.1607E+03  7.4643E-05  1.1912E-03  7.1845E-06
 2.8558E+25  1.2228E-05  7.1592E+03  7.4643E-05  1.1733E-03  7.1845E-06
 2.8651E+25  1.2340E-05  7.1577E+03  7.4643E-05  1.1559E-03  7.1845E-06
 2.8743E+25  1.2325E-05  7.1563E+03  7.4643E-05  1.1390E-03  7.1845E-06
 2.8836E+25  1.2522E-05  7.1549E+03  7.4643E-05  1.1223E-03  7.1845E-06
 2.8928E+25  1.2521E-05  7.1534E+03  7.4643E-05  1.1058E-03  7.1845E-06
 2.9021E+25  1.2617E-05  7.1521E+03  7.4643E-05  1.0896E-03  7.1845E-06
 2.9113E+25  1.2812E-05  7.1507E+03  7.4643E-05  1.0739E-03  7.1845E-06
 2.9206E+25  1.2713E-05  7.1494E+03  7.4643E-05  1.0585E-03  7.1845E-06
 2.9299E+25  1.2910E-05  7.1481E+03  7.4643E-05  1.0433E-03  7.1845E-06
 2.9391E+25  1.3007E-05  7.1468E+03  7.4643E-05  1.0282E-03  7.1845E-06
 2.9484E+25  1.3002E-05  7.1455E+03  7.4643E-05  1.0135E-03  7.1845E-06
 2.9576E+25  1.3204E-05  7.1443E+03  7.4643E-05  9.9925E-04  7.1845E-06
 2.9669E+25  1.3207E-05  7.1430E+03  7.4643E-05  9.8523E-04  7.1845E-06
 2.9761E+25  1.3293E-05  7.1418E+03  7.4643E-05  9.7132E-04  7.1845E-06
 2.9854E+25  1.3497E-05  7.1406E+03  7.4643E-05  9.5759E-04  7.1845E-06
 2.9947E+25  1.3412E-05  7.1394E+03  7.4643E-05  9.4422E-04  7.1845E-06
 3.0039E+25  1.3584E-05  7.1383E+03  7.4643E-05  9.3123E-04  7.1845E-06
 3.0132E+25  1.3743E-05  7.1372E+03  7.4643E-05  9.1842E-04  7.1845E-06
 3.0224E+25  1.3670E-05  7.1360E+03  7.4643E-05  9.0571E-04  7.1845E-06
 3.0317E+25  1.3876E-05  7.1349E+03  7.4643E-05  8.9315E-04  7.1845E-06
 3.0409E+25  1.3964E-05  7.1339E+03  7.4643E-05  8.8096E-04  7.1845E-06
 3.0502E+25  1.3959E-05  7.1328E+03  7.4643E-05  8.6909E-04  7.1845E-06
 3.0594E+25  1.4167E-05  7.1317E+03  7.4643E-05  8.5737E-04  7.1845E-06
 3.0687E+25  1.4192E-05  7.1307E+03  7.4643E-05  8.4575E-04  7.1845E-06
 3.0780E+25  1.4248E-05  7.1297E+03  7.4643E-05  8.3426E-04  7.1845E-06
 3.0872E+25  1.4458E-05  7.1287E+03  7.4643E-05  8.2308E-04  7.1845E-06
 3.0965E+25  1.4427E-05  7.1277E+03  7.4643E-05  8.1222E-04  7.1845E-06
 3.1057E+25  1.4536E-05  7.1267E+03  7.4643E-05  8.0149E-04  7.1845E-06
 3.1150E+25  1.4749E-05  7.1258E+03  7.4643E-05  7.9085E-04  7.1845E-06
 3.1242E+25  1.4669E-05  7.1248E+03  7.4643E-05  7.8032E-04  7.1845E-06
 3.1335E+25  1.4825E-05  7.1239E+03  7.4643E-05  7.7004E-04  7.1845E-06
 3.1428E+25  1.5039E-05  7.1230E+03  7.4643E-05  7.6005E-04  7.1845E-06
 3.1520E+25  1.4920E-05  7.1221E+03  7.4643E-05  7.5025E-04  7.1845E-06
 3.1613E+25  1.5114E-05  7.1212E+03  7.4643E-05  7.4049E-04  7.1845E-06
 3.1705E+25  1.5321E-05  7.1203E+03  7.4643E-05  7.3084E-04  7.1845E-06
 3.1798E+25  1.5187E-05  7.1195E+03  7.4643E-05  7.2136E-04  7.1845E-06
 3.1890E+25  1.5402E-05  7.1186E+03  7.4643E-05  7.1214E-04  7.1845E-06
 3.1983E+25  1.5593E-05  7.1178E+03  7.4643E-05  7.0315E-04  7.1845E-06
 3.2076E+25  1.5472E-05  7.1170E+03  7.4643E-05  6.9422E-04  7.1845E-06
 3.2168E+25  1.5689E-05  7.1161E+03  7.4643E-05  6.8537E-04  7.1845E-06
 3.2261E+25  1.5875E-05  7.1153E+03  7.4643E-05  6.7661E-04  7.1845E-06
 3.2353E+25  1.5757E-05  7.1145E+03  7.4643E-05  6.6808E-04  7.1845E-06
 3.2446E+25  1.5976E-05  7.1138E+03  7.4643E-05  6.5977E-04  7.1845E-06
 3.2538E+25  1.6166E-05  7.1130E+03  7.4643E-05  6.5161E-04  7.1845E-06
 3.2631E+25  1.6041E-05  7.1123E+03  7.4643E-05  6.4349E-04  7.1845E-06
 3.2724E+25  1.6262E-05  7.1115E+03  7.4643E-05  6.3544E-04  7.1845E-06
 3.2816E+25  1.6468E-05  7.1108E+03  7.4643E-05  6.2751E-04  7.1845E-06
 3.2909E+25  1.6325E-05  7.1100E+03  7.4643E-05  6.1979E-04  7.1845E-06
 3.3001E+25  1.6547E-05  7.1093E+03  7.4643E-05  6.1228E-04  7.1845E-06
 3.3094E+25  1.6770E-05  7.1086E+03  7.4643E-05  6.0485E-04  7.1845E-06
 3.3186E+25  1.6618E-05  7.1079E+03  7.4643E-05  5.9745E-04  7.1845E-06
 3.3279E+25  1.6832E-05  7.1072E+03  7.4643E-05  5.9013E-04  7.1845E-06
 3.3372E+25  1.7060E-05  7.1066E+03  7.4643E-05  5.8294E-04  7.1845E-06
 3.3464E+25  1.6935E-05  7.1059E+03  7.4643E-05  5.7594E-04  7.1845E-06
 3.3557E+25  1.7116E-05  7.1052E+03  7.4643E-05  5.6911E-04  7.1845E-06
 3.3649E+25  1.7345E-05  7.1046E+03  7.4643E-05  5.6233E-04  7.1845E-06
 3.3742E+25  1.7268E-05  7.1040E+03  7.4643E-05  5.5560E-04  7.1845E-06
 3.3834E+25  1.7399E-05  7.1033E+03  7.4643E-05  5.4893E-04  7.1845E-06
 3.3927E+25  1.7629E-05  7.1027E+03  7.4643E-05  5.4238E-04  7.1845E-06
 3.4020E+25  1.7614E-05  7.1021E+03  7.4643E-05  5.3600E-04  7.1845E-06
 3.4112E+25  1.7681E-05  7.1015E+03  7.4643E-05  5.2978E-04  7.1845E-06
 3.4205E+25  1.7912E-05  7.1009E+03  7.4643E-05  5.2361E-04  7.1845E-06
 3.4297E+25  1.7973E-05  7.1003E+03  7.4643E-05  5.1747E-04  7.1845E-06
 3.4390E+25  1.7961E-05  7.0997E+03  7.4643E-05  5.1139E-04  7.1845E-06
 3.4482E+25  1.8194E-05  7.0991E+03  7.4643E-05  5.0540E-04  7.1845E-06
 3.4575E+25  1.8345E-05  7.0986E+03  7.4643E-05  4.9957E-04  7.1845E-06
 3.4668E+25  1.8242E-05  7.0980E+03  7.4643E-05  4.9388E-04  7.1845E-06
 3.4760E+25  1.8476E-05  7.0975E+03  7.4643E-05  4.8826E-04  7.1845E-06
 3.4853E+25  1.8713E-05  7.0969E+03  7.4643E-05  4.8266E-04  7.1845E-06
 3.4945E+25  1.8539E-05  7.0964E+03  7.4643E-05  4.7712E-04  7.1845E-06
 3.5038E+25  1.8757E-05  7.0958E+03  7.4643E-05  4.7162E-04  7.1845E-06
 3.5130E+25  1.8996E-05  7.0953E+03  7.4643E-05  4.6628E-04  7.1845E-06
 3.5223E+25  1.8935E-05  7.0948E+03  7.4643E-05  4.6105E-04  7.1845E-06
 3.5316E+25  1.9036E-05  7.0943E+03  7.4643E-05  4.5593E-04  7.1845E-06
 3.5408E+25  1.9275E-05  7.0938E+03  7.4643E-05  4.5082E-04  7.1845E-06
 3.5501E+25  1.9350E-05  7.0933E+03  7.4643E-05  4.4576E-04  7.1845E-06
 3.5593E+25  1.9313E-05  7.0928E+03  7.4643E-05  4.4073E-04  7.1845E-06
 3.5686E+25  1.9554E-05  7.0923E+03  7.4643E-05  4.3580E-04  7.1845E-06
 3.5778E+25  1.9779E-05  7.0918E+03  7.4643E-05  4.3098E-04  7.1845E-06
 3.5871E+25  1.9591E-05  7.0914E+03  7.4643E-05  4.2629E-04  7.1845E-06
 3.5964E+25  1.9833E-05  7.0909E+03  7.4643E-05  4.2164E-04  7.1845E-06
 3.6056E+25  2.0078E-05  7.0904E+03  7.4643E-05  4.1701E-04  7.1845E-06
 3.6149E+25  2.0013E-05  7.0900E+03  7.4643E-05  4.1242E-04  7.1845E-06
 3.6241E+25  2.0110E-05  7.0895E+03  7.4643E-05  4.0786E-04  7.1845E-06
 3.6334E+25  2.0355E-05  7.0891E+03  7.4643E-05  4.0342E-04  7.1845E-06
 3.6426E+25  2.0474E-05  7.0886E+03  7.4643E-05  3.9907E-04  7.1845E-06
 3.6519E+25  2.0385E-05  7.0882E+03  7.4643E-05  3.9483E-04  7.1845E-06
 3.6612E+25  2.0631E-05  7.0878E+03  7.4643E-05  3.9060E-04  7.1845E-06
 3.6704E+25  2.0883E-05  7.0874E+03  7.4643E-05  3.8640E-04  7.1845E-06
 3.6797E+25  2.0728E-05  7.0869E+03  7.4643E-05  3.8223E-04  7.1845E-06
 3.6889E+25  2.0908E-05  7.0865E+03  7.4643E-05  3.7811E-04  7.1845E-06
 3.6982E+25  2.1158E-05  7.0861E+03  7.4643E-05  3.7408E-04  7.1845E-06
 3.7074E+25  2.1224E-05  7.0857E+03  7.4643E-05  3.7014E-04  7.1845E-06
 3.7167E+25  2.1181E-05  7.0853E+03  7.4643E-05  3.6629E-04  7.1845E-06
 3.7260E+25  2.1432E-05  7.0849E+03  7.4643E-05  3.6245E-04  7.1845E-06
 3.7352E+25  2.1689E-05  7.0845E+03  7.4643E-05  3.5864E-04  7.1845E-06
 3.7445E+25  2.1502E-05  7.0842E+03  7.4643E-05  3.5485E-04  7.1845E-06
 3.7537E+25  2.1707E-05  7.0838E+03  7.4643E-05  3.5110E-04  7.1845E-06
 3.7630E+25  2.1962E-05  7.0834E+03  7.4643E-05  3.4744E-04  7.1845E-06
 3.7722E+25  2.2033E-05  7.0830E+03  7.4643E-05  3.4385E-04  7.1845E-06
 3.7815E+25  2.1979E-05  7.0827E+03  7.4643E-05  3.4035E-04  7.1845E-06
 3.7908E+25  2.2235E-05  7.0823E+03  7.4643E-05  3.3687E-04  7.1845E-06
 3.8000E+25  2.2496E-05  7.0819E+03  7.4643E-05  3.3340E-04  7.1845E-06
 3.8093E+25  2.2338E-05  7.0816E+03  7.4643E-05  3.2995E-04  7.1845E-06
 3.8185E+25  2.2508E-05  7.0812E+03  7.4643E-05  3.2654E-04  7.1845E-06
 3.8278E+25  2.2766E-05  7.0809E+03  7.4643E-05  3.2319E-04  7.1845E-06
 3.8370E+25  2.2909E-05  7.0805E+03  7.4643E-05  3.1991E-04  7.1845E-06
 3.8463E+25  2.2779E-05  7.0802E+03  7.4643E-05  3.1672E-04  7.1845E-06
 3.8556E+25  2.3039E-05  7.0799E+03  7.4643E-05  3.1356E-04  7.1845E-06
 3.8648E+25  2.3302E-05  7.0795E+03  7.4643E-05  3.1040E-04  7.1845E-06
 3.8741E+25  2.3245E-05  7.0792E+03  7.4643E-05  3.0727E-04  7.1845E-06
 3.8833E+25  2.3309E-05  7.0789E+03  7.4643E-05  3.0416E-04  7.1845E-06
 3.8926E+25  2.3572E-05  7.0786E+03  7.4643E-05  3.0109E-04  7.1845E-06
 3.9018E+25  2.3836E-05  7.0783E+03  7.4643E-05  2.9809E-04  7.1845E-06
 3.9111E+25  2.3598E-05  7.0779E+03  7.4643E-05  2.9515E-04  7.1845E-06
 3.9204E+25  2.3843E-05  7.0777E+03  7.4643E-05  2.9228E-04  7.1845E-06
 3.9296E+25  2.4108E-05  7.0773E+03  7.4643E-05  2.8941E-04  7.1845E-06
 3.9389E+25  2.4226E-05  7.0770E+03  7.4643E-05  2.8656E-04  7.1845E-06
 3.9481E+25  2.4112E-05  7.0767E+03  7.4643E-05  2.8373E-04  7.1845E-06
 3.9574E+25  2.4379E-05  7.0765E+03  7.4643E-05  2.8091E-04  7.1845E-06
 3.9666E+25  2.4648E-05  7.0761E+03  7.4643E-05  2.7815E-04  7.1845E-06
 3.9759E+25  2.4611E-05  7.0759E+03  7.4643E-05  2.7544E-04  7.1845E-06
 3.9852E+25  2.4646E-05  7.0756E+03  7.4643E-05  2.7280E-04  7.1845E-06
 3.9944E+25  2.4917E-05  7.0753E+03  7.4643E-05  2.7020E-04  7.1845E-06
 4.0037E+25  2.5191E-05  7.0750E+03  7.4643E-05  2.6761E-04  7.1845E-06
 4.0129E+25  2.5010E-05  7.0747E+03  7.4643E-05  2.6502E-04  7.1845E-06
 4.0222E+25  2.5185E-05  7.0745E+03  7.4643E-05  2.6246E-04  7.1845E-06
 4.0314E+25  2.5457E-05  7.0742E+03  7.4643E-05  2.5991E-04  7.1845E-06
 4.0407E+25  2.5709E-05  7.0739E+03  7.4643E-05  2.5742E-04  7.1845E-06
 4.0500E+25  2.5453E-05  7.0737E+03  7.4643E-05  2.5497E-04  7.1845E-06
 4.0592E+25  2.5726E-05  7.0734E+03  7.4643E-05  2.5258E-04  7.1845E-06
 4.0685E+25  2.6001E-05  7.0732E+03  7.4643E-05  2.5022E-04  7.1845E-06
 4.0777E+25  2.6150E-05  7.0729E+03  7.4643E-05  2.4787E-04  7.1845E-06
 4.0870E+25  2.5992E-05  7.0726E+03  7.4643E-05  2.4553E-04  7.1845E-06
 4.0962E+25  2.6269E-05  7.0724E+03  7.4643E-05  2.4321E-04  7.1845E-06
 4.1055E+25  2.6547E-05  7.0721E+03  7.4643E-05  2.4090E-04  7.1845E-06
 4.1148E+25  2.6608E-05  7.0719E+03  7.4643E-05  2.3863E-04  7.1845E-06
 4.1240E+25  2.6534E-05  7.0716E+03  7.4643E-05  2.3641E-04  7.1845E-06
 4.1333E+25  2.6814E-05  7.0714E+03  7.4643E-05  2.3423E-04  7.1845E-06
 4.1425E+25  2.7095E-05  7.0712E+03  7.4643E-05  2.3210E-04  7.1845E-06
 4.1518E+25  2.7085E-05  7.0709E+03  7.4643E-05  2.2997E-04  7.1845E-06
 4.1610E+25  2.7079E-05  7.0707E+03  7.4643E-05  2.2785E-04  7.1845E-06
 4.1703E+25  2.7362E-05  7.0705E+03  7.4643E-05  2.2575E-04  7.1845E-06
 4.1796E+25  2.7646E-05  7.0702E+03  7.4643E-05  2.2365E-04  7.1845E-06
 4.1888E+25  2.7582E-05  7.0700E+03  7.4643E-05  2.2158E-04  7.1845E-06
 4.1981E+25  2.7626E-05  7.0698E+03  7.4643E-05  2.1956E-04  7.1845E-06
 4.2073E+25  2.7912E-05  7.0696E+03  7.4643E-05  2.1756E-04  7.1845E-06
 4.2166E+25  2.8199E-05  7.0694E+03  7.4643E-05  2.1563E-04  7.1845E-06
 4.2258E+25  2.8100E-05  7.0691E+03  7.4643E-05  2.1370E-04  7.1845E-06
 4.2351E+25  2.8176E-05  7.0689E+03  7.4643E-05  2.1178E-04  7.1845E-06
 4.2443E+25  2.8464E-05  7.0687E+03  7.4643E-05  2.0986E-04  7.1845E-06
 4.2536E+25  2.8754E-05  7.0685E+03  7.4643E-05  2.0796E-04  7.1845E-06
 4.2629E+25  2.8638E-05  7.0683E+03  7.4643E-05  2.0607E-04  7.1845E-06
 4.2721E+25  2.8728E-05  7.0681E+03  7.4643E-05  2.0422E-04  7.1845E-06
 4.2814E+25  2.9019E-05  7.0679E+03  7.4643E-05  2.0240E-04  7.1845E-06
 4.2906E+25  2.9311E-05  7.0677E+03  7.4643E-05  2.0061E-04  7.1845E-06
 4.2999E+25  2.9200E-05  7.0675E+03  7.4643E-05  1.9887E-04  7.1845E-06
 4.3091E+25  2.9283E-05  7.0673E+03  7.4643E-05  1.9713E-04  7.1845E-06
 4.3184E+25  2.9577E-05  7.0671E+03  7.4643E-05  1.9539E-04  7.1845E-06
 4.3277E+25  2.9871E-05  7.0669E+03  7.4643E-05  1.9367E-04  7.1845E-06
 4.3369E+25  2.9784E-05  7.0667E+03  7.4643E-05  1.9195E-04  7.1845E-06
 4.3462E+25  2.9840E-05  7.0665E+03  7.4643E-05  1.9024E-04  7.1845E-06
 4.3554E+25  3.0136E-05  7.0663E+03  7.4643E-05  1.8858E-04  7.1845E-06
 4.3647E+25  3.0433E-05  7.0661E+03  7.4643E-05  1.8693E-04  7.1845E-06
 4.3739E+25  3.0393E-05  7.0659E+03  7.4643E-05  1.8532E-04  7.1845E-06
 4.3832E+25  3.0400E-05  7.0658E+03  7.4643E-05  1.8375E-04  7.1845E-06
 4.3925E+25  3.0697E-05  7.0656E+03  7.4643E-05  1.8217E-04  7.1845E-06
 4.4017E+25  3.0998E-05  7.0654E+03  7.4643E-05  1.8060E-04  7.1845E-06
 4.4110E+25  3.1026E-05  7.0652E+03  7.4643E-05  1.7904E-04  7.1845E-06
 4.4202E+25  3.0963E-05  7.0650E+03  7.4643E-05  1.7749E-04  7.1845E-06
 4.4295E+25  3.1260E-05  7.0649E+03  7.4643E-05  1.7595E-04  7.1845E-06
 4.4387E+25  3.1565E-05  7.0647E+03  7.4643E-05  1.7444E-04  7.1845E-06
 4.4480E+25  3.1686E-05  7.0645E+03  7.4643E-05  1.7295E-04  7.1845E-06
 4.4573E+25  3.1527E-05  7.0644E+03  7.4643E-05  1.7149E-04  7.1845E-06
 4.4665E+25  3.1827E-05  7.0642E+03  7.4643E-05  1.7007E-04  7.1845E-06
 4.4758E+25  3.2135E-05  7.0640E+03  7.4643E-05  1.6865E-04  7.1845E-06
 4.4850E+25  3.2374E-05  7.0639E+03  7.4643E-05  1.6723E-04  7.1845E-06
 4.4943E+25  3.2093E-05  7.0637E+03  7.4643E-05  1.6581E-04  7.1845E-06
 4.5035E+25  3.2397E-05  7.0635E+03  7.4643E-05  1.6441E-04  7.1845E-06
 4.5128E+25  3.2707E-05  7.0634E+03  7.4643E-05  1.6301E-04  7.1845E-06
 4.5221E+25  3.3014E-05  7.0632E+03  7.4643E-05  1.6164E-04  7.1845E-06
 4.5313E+25  3.2736E-05  7.0631E+03  7.4643E-05  1.6028E-04  7.1845E-06
 4.5406E+25  3.2971E-05  7.0629E+03  7.4643E-05  1.5895E-04  7.1845E-06
 4.5498E+25  3.3279E-05  7.0627E+03  7.4643E-05  1.5766E-04  7.1845E-06
 4.5591E+25  3.3594E-05  7.0626E+03  7.4643E-05  1.5638E-04  7.1845E-06
 4.5683E+25  3.3472E-05  7.0624E+03  7.4643E-05  1.5509E-04  7.1845E-06
 4.5776E+25  3.3546E-05  7.0623E+03  7.4643E-05  1.5381E-04  7.1845E-06
 4.5869E+25  3.3855E-05  7.0621E+03  7.4643E-05  1.5254E-04  7.1845E-06
 4.5961E+25  3.4174E-05  7.0620E+03  7.4643E-05  1.5128E-04  7.1845E-06
 4.6054E+25  3.4242E-05  7.0618E+03  7.4643E-05  1.5002E-04  7.1845E-06
 4.6146E+25  3.4122E-05  7.0617E+03  7.4643E-05  1.4879E-04  7.1845E-06
 4.6239E+25  3.4437E-05  7.0616E+03  7.4643E-05  1.4757E-04  7.1845E-06
 4.6331E+25  3.4755E-05  7.0614E+03  7.4643E-05  1.4639E-04  7.1845E-06
 4.6424E+25  3.5045E-05  7.0613E+03  7.4643E-05  1.4523E-04  7.1845E-06
 4.6517E+25  3.4699E-05  7.0611E+03  7.4643E-05  1.4407E-04  7.1845E-06
 4.6609E+25  3.5022E-05  7.0610E+03  7.4643E-05  1.4291E-04  7.1845E-06
 4.6702E+25  3.5338E-05  7.0609E+03  7.4643E-05  1.4176E-04  7.1845E-06
 4.6794E+25  3.5664E-05  7.0607E+03  7.4643E-05  1.4061E-04  7.1845E-06
 4.6887E+25  3.5495E-05  7.0606E+03  7.4643E-05  1.3947E-04  7.1845E-06
 4.6979E+25  3.5606E-05  7.0605E+03  7.4643E-05  1.3834E-04  7.1845E-06
 4.7072E+25  3.5928E-05  7.0603E+03  7.4643E-05  1.3723E-04  7.1845E-06
 4.7165E+25  3.6254E-05  7.0602E+03  7.4643E-05  1.3613E-04  7.1845E-06
 4.7257E+25  3.6358E-05  7.0601E+03  7.4643E-05  1.3506E-04  7.1845E-06
 4.7350E+25  3.6190E-05  7.0599E+03  7.4643E-05  1.3402E-04  7.1845E-06
 4.7442E+25  3.6521E-05  7.0598E+03  7.4643E-05  1.3297E-04  7.1845E-06
 4.7535E+25  3.6844E-05  7.0597E+03  7.4643E-05  1.3193E-04  7.1845E-06
 4.7627E+25  3.7176E-05  7.0595E+03  7.4643E-05  1.3089E-04  7.1845E-06
 4.7720E+25  3.6859E-05  7.0594E+03  7.4643E-05  1.2985E-04  7.1845E-06
 4.7813E+25  3.7113E-05  7.0593E+03  7.4643E-05  1.2882E-04  7.1845E-06
 4.7905E+25  3.7443E-05  7.0592E+03  7.4643E-05  1.2780E-04  7.1845E-06
 4.7998E+25  3.7775E-05  7.0590E+03  7.4643E-05  1.2680E-04  7.1845E-06
 4.8090E+25  3.7786E-05  7.0589E+03  7.4643E-05  1.2580E-04  7.1845E-06
 4.8183E+25  3.7705E-05  7.0588E+03  7.4643E-05  1.2484E-04  7.1845E-06
 4.8275E+25  3.8044E-05  7.0587E+03  7.4643E-05  1.2389E-04  7.1845E-06
 4.8368E+25  3.8374E-05  7.0586E+03  7.4643E-05  1.2295E-04  7.1845E-06
 4.8461E+25  3.8708E-05  7.0585E+03  7.4643E-05  1.2201E-04  7.1845E-06
 4.8553E+25  3.8346E-05  7.0583E+03  7.4643E-05  1.2107E-04  7.1845E-06
 4.8646E+25  3.8643E-05  7.0582E+03  7.4643E-05  1.2014E-04  7.1845E-06
 4.8738E+25  3.8984E-05  7.0581E+03  7.4643E-05  1.1921E-04  7.1845E-06
 4.8831E+25  3.9319E-05  7.0580E+03  7.4643E-05  1.1828E-04  7.1845E-06
 4.8923E+25  3.9337E-05  7.0579E+03  7.4643E-05  1.1737E-04  7.1845E-06
 4.9016E+25  3.9245E-05  7.0578E+03  7.4643E-05  1.1647E-04  7.1845E-06
 4.9109E+25  3.9591E-05  7.0577E+03  7.4643E-05  1.1558E-04  7.1845E-06
 4.9201E+25  3.9933E-05  7.0576E+03  7.4643E-05  1.1472E-04  7.1845E-06
 4.9294E+25  4.0274E-05  7.0574E+03  7.4643E-05  1.1387E-04  7.1845E-06
 4.9386E+25  3.9952E-05  7.0573E+03  7.4643E-05  1.1302E-04  7.1845E-06
 4.9479E+25  4.0198E-05  7.0572E+03  7.4643E-05  1.1218E-04  7.1845E-06
 4.9571E+25  4.0549E-05  7.0571E+03  7.4643E-05  1.1133E-04  7.1845E-06
 4.9664E+25  4.0891E-05  7.0570E+03  7.4643E-05  1.1049E-04  7.1845E-06
 4.9757E+25  4.1018E-05  7.0569E+03  7.4643E-05  1.0965E-04  7.1845E-06
 4.9849E+25  4.0816E-05  7.0568E+03  7.4643E-05  1.0882E-04  7.1845E-06
 4.9942E+25  4.1162E-05  7.0567E+03  7.4643E-05  1.0801E-04  7.1845E-06
 5.0034E+25  4.1517E-05  7.0566E+03  7.4643E-05  1.0720E-04  7.1845E-06
 5.0127E+25  4.1862E-05  7.0565E+03  7.4643E-05  1.0640E-04  7.1845E-06
 5.0219E+25  4.1697E-05  7.0564E+03  7.4643E-05  1.0563E-04  7.1845E-06
 5.0312E+25  4.1783E-05  7.0563E+03  7.4643E-05  1.0487E-04  7.1845E-06
 5.0405E+25  4.2138E-05  7.0562E+03  7.4643E-05  1.0410E-04  7.1845E-06
 5.0497E+25  4.2495E-05  7.0561E+03  7.4643E-05  1.0334E-04  7.1845E-06
 5.0590E+25  4.2822E-05  7.0560E+03  7.4643E-05  1.0258E-04  7.1845E-06
 5.0682E+25  4.2427E-05  7.0559E+03  7.4643E-05  1.0182E-04  7.1845E-06
 5.0775E+25  4.2762E-05  7.0558E+03  7.4643E-05  1.0107E-04  7.1845E-06
 5.0867E+25  4.3124E-05  7.0557E+03  7.4643E-05  1.0032E-04  7.1845E-06
 5.0960E+25  4.3484E-05  7.0556E+03  7.4643E-05  9.9583E-05  7.1845E-06
 5.1053E+25  4.3581E-05  7.0555E+03  7.4643E-05  9.8851E-05  7.1845E-06
 5.1145E+25  4.3402E-05  7.0554E+03  7.4643E-05  9.8132E-05  7.1845E-06
 5.1238E+25  4.3753E-05  7.0554E+03  7.4643E-05  9.7440E-05  7.1845E-06
 5.1330E+25  4.4120E-05  7.0553E+03  7.4643E-05  9.6752E-05  7.1845E-06
 5.1423E+25  4.4484E-05  7.0552E+03  7.4643E-05  9.6064E-05  7.1845E-06
 5.1515E+25  4.4360E-05  7.0551E+03  7.4643E-05  9.5376E-05  7.1845E-06
 5.1608E+25  4.4401E-05  7.0550E+03  7.4643E-05  9.4690E-05  7.1845E-06
 5.1701E+25  4.4755E-05  7.0549E+03  7.4643E-05  9.4009E-05  7.1845E-06
 5.1793E+25  4.5128E-05  7.0548E+03  7.4643E-05  9.3329E-05  7.1845E-06
 5.1886E+25  4.5494E-05  7.0547E+03  7.4643E-05  9.2652E-05  7.1845E-06
 5.1978E+25  4.5174E-05  7.0546E+03  7.4643E-05  9.1987E-05  7.1845E-06
 5.2071E+25  4.5411E-05  7.0546E+03  7.4643E-05  9.1325E-05  7.1845E-06
 5.2163E+25  4.5770E-05  7.0545E+03  7.4643E-05  9.0670E-05  7.1845E-06
 5.2256E+25  4.6148E-05  7.0544E+03  7.4643E-05  9.0042E-05  7.1845E-06
 5.2349E+25  4.6475E-05  7.0543E+03  7.4643E-05  8.9421E-05  7.1845E-06
 5.2441E+25  4.6064E-05  7.0542E+03  7.4643E-05  8.8803E-05  7.1845E-06
 5.2534E+25  4.6434E-05  7.0541E+03  7.4643E-05  8.8183E-05  7.1845E-06
 5.2626E+25  4.6797E-05  7.0541E+03  7.4643E-05  8.7565E-05  7.1845E-06
 5.2719E+25  4.7179E-05  7.0540E+03  7.4643E-05  8.6950E-05  7.1845E-06
 5.2811E+25  4.7366E-05  7.0539E+03  7.4643E-05  8.6337E-05  7.1845E-06
 5.2904E+25  4.7093E-05  7.0538E+03  7.4643E-05  8.5727E-05  7.1845E-06
 5.2997E+25  4.7469E-05  7.0537E+03  7.4643E-05  8.5121E-05  7.1845E-06
 5.3089E+25  4.7836E-05  7.0536E+03  7.4643E-05  8.4523E-05  7.1845E-06
 5.3182E+25  4.8222E-05  7.0536E+03  7.4643E-05  8.3928E-05  7.1845E-06
 5.3274E+25  4.8293E-05  7.0535E+03  7.4643E-05  8.3345E-05  7.1845E-06
 5.3367E+25  4.8136E-05  7.0534E+03  7.4643E-05  8.2783E-05  7.1845E-06
 5.3459E+25  4.8517E-05  7.0533E+03  7.4643E-05  8.2226E-05  7.1845E-06
 5.3552E+25  4.8888E-05  7.0533E+03  7.4643E-05  8.1669E-05  7.1845E-06
 5.3645E+25  4.9277E-05  7.0532E+03  7.4643E-05  8.1112E-05  7.1845E-06
 5.3737E+25  4.9260E-05  7.0531E+03  7.4643E-05  8.0556E-05  7.1845E-06
 5.3830E+25  4.9190E-05  7.0530E+03  7.4643E-05  8.0003E-05  7.1845E-06
 5.3922E+25  4.9577E-05  7.0530E+03  7.4643E-05  7.9453E-05  7.1845E-06
 5.4015E+25  4.9955E-05  7.0529E+03  7.4643E-05  7.8903E-05  7.1845E-06
 5.4107E+25  5.0345E-05  7.0528E+03  7.4643E-05  7.8359E-05  7.1845E-06
 5.4200E+25  5.0266E-05  7.0527E+03  7.4643E-05  7.7821E-05  7.1845E-06
 5.4292E+25  5.0259E-05  7.0527E+03  7.4643E-05  7.7285E-05  7.1845E-06
 5.4385E+25  5.0651E-05  7.0526E+03  7.4643E-05  7.6760E-05  7.1845E-06
 5.4478E+25  5.1035E-05  7.0525E+03  7.4643E-05  7.6255E-05  7.1845E-06
 5.4570E+25  5.1425E-05  7.0524E+03  7.4643E-05  7.5754E-05  7.1845E-06
 5.4663E+25  5.1311E-05  7.0524E+03  7.4643E-05  7.5254E-05  7.1845E-06
 5.4755E+25  5.1344E-05  7.0523E+03  7.4643E-05  7.4752E-05  7.1845E-06
 5.4848E+25  5.1738E-05  7.0522E+03  7.4643E-05  7.4252E-05  7.1845E-06
 5.4940E+25  5.2129E-05  7.0522E+03  7.4643E-05  7.3755E-05  7.1845E-06
 5.5033E+25  5.2519E-05  7.0521E+03  7.4643E-05  7.3259E-05  7.1845E-06
 5.5126E+25  5.2398E-05  7.0520E+03  7.4643E-05  7.2765E-05  7.1845E-06
 5.5218E+25  5.2444E-05  7.0520E+03  7.4643E-05  7.2273E-05  7.1845E-06
 5.5311E+25  5.2839E-05  7.0519E+03  7.4643E-05  7.1788E-05  7.1845E-06
 5.5403E+25  5.3237E-05  7.0518E+03  7.4643E-05  7.1305E-05  7.1845E-06
 5.5496E+25  5.3628E-05  7.0517E+03  7.4643E-05  7.0826E-05  7.1845E-06
 5.5588E+25  5.3526E-05  7.0517E+03  7.4643E-05  7.0369E-05  7.1845E-06
 5.5681E+25  5.3560E-05  7.0516E+03  7.4643E-05  6.9917E-05  7.1845E-06
 5.5774E+25  5.3951E-05  7.0516E+03  7.4643E-05  6.9467E-05  7.1845E-06
 5.5866E+25  5.4359E-05  7.0515E+03  7.4643E-05  6.9017E-05  7.1845E-06
 5.5959E+25  5.4756E-05  7.0514E+03  7.4643E-05  6.8567E-05  7.1845E-06
 5.6051E+25  5.4698E-05  7.0513E+03  7.4643E-05  6.8119E-05  7.1845E-06
 5.6144E+25  5.4689E-05  7.0513E+03  7.4643E-05  6.7673E-05  7.1845E-06
 5.6236E+25  5.5082E-05  7.0512E+03  7.4643E-05  6.7228E-05  7.1845E-06
 5.6329E+25  5.5494E-05  7.0512E+03  7.4643E-05  6.6784E-05  7.1845E-06
 5.6422E+25  5.5901E-05  7.0511E+03  7.4643E-05  6.6344E-05  7.1845E-06
 5.6514E+25  5.5913E-05  7.0510E+03  7.4643E-05  6.5909E-05  7.1845E-06
 5.6607E+25  5.5830E-05  7.0510E+03  7.4643E-05  6.5475E-05  7.1845E-06
 5.6699E+25  5.6234E-05  7.0509E+03  7.4643E-05  6.5049E-05  7.1845E-06
 5.6792E+25  5.6643E-05  7.0508E+03  7.4643E-05  6.4641E-05  7.1845E-06
 5.6884E+25  5.7058E-05  7.0508E+03  7.4643E-05  6.4236E-05  7.1845E-06
 5.6977E+25  5.7178E-05  7.0507E+03  7.4643E-05  6.3832E-05  7.1845E-06
 5.7070E+25  5.6986E-05  7.0507E+03  7.4643E-05  6.3427E-05  7.1845E-06
 5.7162E+25  5.7403E-05  7.0506E+03  7.4643E-05  6.3024E-05  7.1845E-06
 5.7255E+25  5.7805E-05  7.0505E+03  7.4643E-05  6.2621E-05  7.1845E-06
 5.7347E+25  5.8230E-05  7.0505E+03  7.4643E-05  6.2220E-05  7.1845E-06
 5.7440E+25  5.8496E-05  7.0504E+03  7.4643E-05  6.1821E-05  7.1845E-06
 5.7532E+25  5.8156E-05  7.0504E+03  7.4643E-05  6.1422E-05  7.1845E-06
 5.7625E+25  5.8581E-05  7.0503E+03  7.4643E-05  6.1027E-05  7.1845E-06
 5.7718E+25  5.8994E-05  7.0502E+03  7.4643E-05  6.0636E-05  7.1845E-06
 5.7810E+25  5.9417E-05  7.0502E+03  7.4643E-05  6.0245E-05  7.1845E-06
 5.7903E+25  5.9822E-05  7.0501E+03  7.4643E-05  5.9862E-05  7.1845E-06
 5.7995E+25  5.9384E-05  7.0501E+03  7.4643E-05  5.9494E-05  7.1845E-06
 5.8088E+25  5.9775E-05  7.0500E+03  7.4643E-05  5.9130E-05  7.1845E-06
 5.8180E+25  6.0203E-05  7.0500E+03  7.4643E-05  5.8768E-05  7.1845E-06
 5.8273E+25  6.0616E-05  7.0499E+03  7.4643E-05  5.8404E-05  7.1845E-06
 5.8366E+25  6.1052E-05  7.0498E+03  7.4643E-05  5.8042E-05  7.1845E-06
 5.8458E+25  6.0778E-05  7.0498E+03  7.4643E-05  5.7680E-05  7.1845E-06
 5.8551E+25  6.0984E-05  7.0497E+03  7.4643E-05  5.7320E-05  7.1845E-06
 5.8643E+25  6.1420E-05  7.0497E+03  7.4643E-05  5.6961E-05  7.1845E-06
 5.8736E+25  6.1845E-05  7.0496E+03  7.4643E-05  5.6602E-05  7.1845E-06
 5.8828E+25  6.2278E-05  7.0496E+03  7.4643E-05  5.6246E-05  7.1845E-06
 5.8921E+25  6.2235E-05  7.0495E+03  7.4643E-05  5.5893E-05  7.1845E-06
 5.9014E+25  6.2221E-05  7.0495E+03  7.4643E-05  5.5542E-05  7.1845E-06
 5.9106E+25  6.2653E-05  7.0494E+03  7.4643E-05  5.5193E-05  7.1845E-06
 5.9199E+25  6.3095E-05  7.0493E+03  7.4643E-05  5.4859E-05  7.1845E-06
 5.9291E+25  6.3518E-05  7.0493E+03  7.4643E-05  5.4531E-05  7.1845E-06
 5.9384E+25  6.3739E-05  7.0492E+03  7.4643E-05  5.4204E-05  7.1845E-06
 5.9476E+25  6.3480E-05  7.0492E+03  7.4643E-05  5.3879E-05  7.1845E-06
 5.9569E+25  6.3907E-05  7.0491E+03  7.4643E-05  5.3553E-05  7.1845E-06
 5.9662E+25  6.4352E-05  7.0491E+03  7.4643E-05  5.3228E-05  7.1845E-06
 5.9754E+25  6.4794E-05  7.0490E+03  7.4643E-05  5.2904E-05  7.1845E-06
 5.9847E+25  6.5218E-05  7.0490E+03  7.4643E-05  5.2581E-05  7.1845E-06
 5.9939E+25  6.4823E-05  7.0489E+03  7.4643E-05  5.2259E-05  7.1845E-06
 6.0032E+25  6.5192E-05  7.0489E+03  7.4643E-05  5.1937E-05  7.1845E-06
 6.0124E+25  6.5627E-05  7.0488E+03  7.4643E-05  5.1618E-05  7.1845E-06
 6.0217E+25  6.6081E-05  7.0488E+03  7.4643E-05  5.1302E-05  7.1845E-06
 6.0310E+25  6.6521E-05  7.0487E+03  7.4643E-05  5.0986E-05  7.1845E-06
 6.0402E+25  6.6417E-05  7.0487E+03  7.4643E-05  5.0674E-05  7.1845E-06
 6.0495E+25  6.6491E-05  7.0486E+03  7.4643E-05  5.0377E-05  7.1845E-06
 6.0587E+25  6.6933E-05  7.0486E+03  7.4643E-05  5.0082E-05  7.1845E-06
 6.0680E+25  6.7381E-05  7.0485E+03  7.4643E-05  4.9791E-05  7.1845E-06
 6.0772E+25  6.7842E-05  7.0485E+03  7.4643E-05  4.9499E-05  7.1845E-06
 6.0865E+25  6.8067E-05  7.0484E+03  7.4643E-05  4.9206E-05  7.1845E-06
 6.0958E+25  6.7812E-05  7.0484E+03  7.4643E-05  4.8915E-05  7.1845E-06
 6.1050E+25  6.8262E-05  7.0483E+03  7.4643E-05  4.8623E-05  7.1845E-06
 6.1143E+25  6.8709E-05  7.0483E+03  7.4643E-05  4.8334E-05  7.1845E-06
 6.1235E+25  6.9167E-05  7.0482E+03  7.4643E-05  4.8045E-05  7.1845E-06
 6.1328E+25  6.9628E-05  7.0482E+03  7.4643E-05  4.7756E-05  7.1845E-06
 6.1420E+25  6.9304E-05  7.0481E+03  7.4643E-05  4.7470E-05  7.1845E-06
 6.1513E+25  6.9610E-05  7.0481E+03  7.4643E-05  4.7185E-05  7.1845E-06
 6.1606E+25  7.0066E-05  7.0480E+03  7.4643E-05  4.6901E-05  7.1845E-06
 6.1698E+25  7.0519E-05  7.0480E+03  7.4643E-05  4.6620E-05  7.1845E-06
 6.1791E+25  7.0986E-05  7.0479E+03  7.4643E-05  4.6351E-05  7.1845E-06
 6.1883E+25  7.1074E-05  7.0479E+03  7.4643E-05  4.6087E-05  7.1845E-06
 6.1976E+25  7.0973E-05  7.0479E+03  7.4643E-05  4.5824E-05  7.1845E-06
 6.2068E+25  7.1442E-05  7.0478E+03  7.4643E-05  4.5563E-05  7.1845E-06
 6.2161E+25  7.1905E-05  7.0478E+03  7.4643E-05  4.5300E-05  7.1845E-06
 6.2254E+25  7.2364E-05  7.0477E+03  7.4643E-05  4.5039E-05  7.1845E-06
 6.2346E+25  7.2823E-05  7.0477E+03  7.4643E-05  4.4778E-05  7.1845E-06
 6.2439E+25  7.2435E-05  7.0476E+03  7.4643E-05  4.4517E-05  7.1845E-06
 6.2531E+25  7.2835E-05  7.0476E+03  7.4643E-05  4.4258E-05  7.1845E-06
 6.2624E+25  7.3308E-05  7.0475E+03  7.4643E-05  4.3999E-05  7.1845E-06
 6.2716E+25  7.3779E-05  7.0475E+03  7.4643E-05  4.3740E-05  7.1845E-06
 6.2809E+25  7.4245E-05  7.0474E+03  7.4643E-05  4.3484E-05  7.1845E-06
 6.2902E+25  7.4293E-05  7.0474E+03  7.4643E-05  4.3229E-05  7.1845E-06
 6.2994E+25  7.4259E-05  7.0473E+03  7.4643E-05  4.2975E-05  7.1845E-06
 6.3087E+25  7.4733E-05  7.0473E+03  7.4643E-05  4.2727E-05  7.1845E-06
 6.3179E+25  7.5211E-05  7.0473E+03  7.4643E-05  4.2488E-05  7.1845E-06
 6.3272E+25  7.5690E-05  7.0472E+03  7.4643E-05  4.2251E-05  7.1845E-06
 6.3364E+25  7.6145E-05  7.0472E+03  7.4643E-05  4.2017E-05  7.1845E-06
 6.3457E+25  7.5778E-05  7.0471E+03  7.4643E-05  4.1782E-05  7.1845E-06
 6.3550E+25  7.6185E-05  7.0471E+03  7.4643E-05  4.1547E-05  7.1845E-06
 6.3642E+25  7.6668E-05  7.0470E+03  7.4643E-05  4.1313E-05  7.1845E-06
 6.3735E+25  7.7151E-05  7.0470E+03  7.4643E-05  4.1079E-05  7.1845E-06
 6.3827E+25  7.7638E-05  7.0469E+03  7.4643E-05  4.0846E-05  7.1845E-06
 6.3920E+25  7.7736E-05  7.0469E+03  7.4643E-05  4.0613E-05  7.1845E-06
 6.4012E+25  7.7672E-05  7.0469E+03  7.4643E-05  4.0381E-05  7.1845E-06
 6.4105E+25  7.8150E-05  7.0468E+03  7.4643E-05  4.0149E-05  7.1845E-06
 6.4198E+25  7.8641E-05  7.0468E+03  7.4643E-05  3.9920E-05  7.1845E-06
 6.4290E+25  7.9130E-05  7.0467E+03  7.4643E-05  3.9691E-05  7.1845E-06
 6.4383E+25  7.9619E-05  7.0467E+03  7.4643E-05  3.9462E-05  7.1845E-06
 6.4475E+25  7.9333E-05  7.0467E+03  7.4643E-05  3.9240E-05  7.1845E-06
 6.4568E+25  7.9670E-05  7.0466E+03  7.4643E-05  3.9026E-05  7.1845E-06
 6.4660E+25  8.0155E-05  7.0465E+03  7.4643E-05  3.8814E-05  7.1845E-06
 6.4753E+25  8.0652E-05  7.0465E+03  7.4643E-05  3.8604E-05  7.1845E-06
 6.4846E+25  8.1149E-05  7.0465E+03  7.4643E-05  3.8394E-05  7.1845E-06
 6.4938E+25  8.1427E-05  7.0464E+03  7.4643E-05  3.8183E-05  7.1845E-06
 6.5031E+25  8.1210E-05  7.0464E+03  7.4643E-05  3.7973E-05  7.1845E-06
 6.5123E+25  8.1708E-05  7.0463E+03  7.4643E-05  3.7763E-05  7.1845E-06
 6.5216E+25  8.2202E-05  7.0463E+03  7.4643E-05  3.7554E-05  7.1845E-06
 6.5308E+25  8.2703E-05  7.0463E+03  7.4643E-05  3.7345E-05  7.1845E-06
 6.5401E+25  8.3208E-05  7.0462E+03  7.4643E-05  3.7137E-05  7.1845E-06
 6.5494E+25  8.3147E-05  7.0462E+03  7.4643E-05  3.6929E-05  7.1845E-06
 6.5586E+25  8.3285E-05  7.0461E+03  7.4643E-05  3.6723E-05  7.1845E-06
 6.5679E+25  8.3788E-05  7.0461E+03  7.4643E-05  3.6517E-05  7.1845E-06
 6.5771E+25  8.4291E-05  7.0460E+03  7.4643E-05  3.6312E-05  7.1845E-06
 6.5864E+25  8.4795E-05  7.0460E+03  7.4643E-05  3.6109E-05  7.1845E-06
 6.5956E+25  8.5288E-05  7.0460E+03  7.4643E-05  3.5916E-05  7.1845E-06
 6.6049E+25  8.4956E-05  7.0459E+03  7.4643E-05  3.5725E-05  7.1845E-06
 6.6142E+25  8.5405E-05  7.0459E+03  7.4643E-05  3.5535E-05  7.1845E-06
 6.6234E+25  8.5910E-05  7.0458E+03  7.4643E-05  3.5348E-05  7.1845E-06
 6.6327E+25  8.6423E-05  7.0458E+03  7.4643E-05  3.5159E-05  7.1845E-06
 6.6419E+25  8.6929E-05  7.0458E+03  7.4643E-05  3.4970E-05  7.1845E-06
 6.6512E+25  8.7193E-05  7.0457E+03  7.4643E-05  3.4782E-05  7.1845E-06
 6.6604E+25  8.7054E-05  7.0457E+03  7.4643E-05  3.4595E-05  7.1845E-06
 6.6697E+25  8.7570E-05  7.0456E+03  7.4643E-05  3.4408E-05  7.1845E-06
 6.6789E+25  8.8077E-05  7.0456E+03  7.4643E-05  3.4221E-05  7.1845E-06
 6.6882E+25  8.8599E-05  7.0455E+03  7.4643E-05  3.4034E-05  7.1845E-06
 6.6975E+25  8.9108E-05  7.0455E+03  7.4643E-05  3.3848E-05  7.1845E-06
 6.7067E+25  8.9113E-05  7.0455E+03  7.4643E-05  3.3663E-05  7.1845E-06
 6.7160E+25  8.9253E-05  7.0454E+03  7.4643E-05  3.3479E-05  7.1845E-06
 6.7252E+25  8.9779E-05  7.0454E+03  7.4643E-05  3.3295E-05  7.1845E-06
 6.7345E+25  9.0292E-05  7.0453E+03  7.4643E-05  3.3115E-05  7.1845E-06
 6.7437E+25  9.0818E-05  7.0453E+03  7.4643E-05  3.2942E-05  7.1845E-06
 6.7530E+25  9.1328E-05  7.0453E+03  7.4643E-05  3.2770E-05  7.1845E-06
 6.7623E+25  9.1112E-05  7.0452E+03  7.4643E-05  3.2602E-05  7.1845E-06
 6.7715E+25  9.1501E-05  7.0452E+03  7.4643E-05  3.2434E-05  7.1845E-06
 6.7808E+25  9.2034E-05  7.0451E+03  7.4643E-05  3.2265E-05  7.1845E-06
 6.7900E+25  9.2554E-05  7.0451E+03  7.4643E-05  3.2096E-05  7.1845E-06
 6.7993E+25  9.3083E-05  7.0451E+03  7.4643E-05  3.1927E-05  7.1845E-06
 6.8085E+25  9.3519E-05  7.0450E+03  7.4643E-05  3.1759E-05  7.1845E-06
 6.8178E+25  9.3262E-05  7.0450E+03  7.4643E-05  3.1592E-05  7.1845E-06
 6.8271E+25  9.3798E-05  7.0449E+03  7.4643E-05  3.1425E-05  7.1845E-06
 6.8363E+25  9.4332E-05  7.0449E+03  7.4643E-05  3.1257E-05  7.1845E-06
 6.8456E+25  9.4868E-05  7.0449E+03  7.4643E-05  3.1090E-05  7.1845E-06
 6.8548E+25  9.5397E-05  7.0448E+03  7.4643E-05  3.0925E-05  7.1845E-06
 6.8641E+25  9.5651E-05  7.0448E+03  7.4643E-05  3.0759E-05  7.1845E-06
 6.8733E+25  9.5595E-05  7.0448E+03  7.4643E-05  3.0594E-05  7.1845E-06
 6.8826E+25  9.6144E-05  7.0447E+03  7.4643E-05  3.0431E-05  7.1845E-06
 6.8919E+25  9.6681E-05  7.0447E+03  7.4643E-05  3.0275E-05  7.1845E-06
 6.9011E+25  9.7229E-05  7.0446E+03  7.4643E-05  3.0121E-05  7.1845E-06
 6.9104E+25  9.7763E-05  7.0446E+03  7.4643E-05  2.9969E-05  7.1845E-06
 6.9196E+25  9.7858E-05  7.0446E+03  7.4643E-05  2.9819E-05  7.1845E-06
 6.9289E+25  9.7983E-05  7.0445E+03  7.4643E-05  2.9668E-05  7.1845E-06
 6.9381E+25  9.8536E-05  7.0445E+03  7.4643E-05  2.9516E-05  7.1845E-06
 6.9474E+25  9.9084E-05  7.0444E+03  7.4643E-05  2.9366E-05  7.1845E-06
 6.9567E+25  9.9638E-05  7.0444E+03  7.4643E-05  2.9215E-05  7.1845E-06
 6.9659E+25  1.0018E-04  7.0444E+03  7.4643E-05  2.9065E-05  7.1845E-06
 6.9752E+25  1.0014E-04  7.0443E+03  7.4643E-05  2.8915E-05  7.1845E-06
 6.9844E+25  1.0043E-04  7.0443E+03  7.4643E-05  2.8765E-05  7.1845E-06
 6.9937E+25  1.0098E-04  7.0442E+03  7.4643E-05  2.8615E-05  7.1845E-06
 7.0029E+25  1.0154E-04  7.0442E+03  7.4643E-05  2.8466E-05  7.1845E-06
 7.0122E+25  1.0210E-04  7.0441E+03  7.4643E-05  2.8318E-05  7.1845E-06
 7.0215E+25  1.0265E-04  7.0441E+03  7.4643E-05  2.8170E-05  7.1845E-06
 7.0307E+25  1.0251E-04  7.0441E+03  7.4643E-05  2.8022E-05  7.1845E-06
 7.0400E+25  1.0293E-04  7.0440E+03  7.4643E-05  2.7877E-05  7.1845E-06
 7.0492E+25  1.0348E-04  7.0440E+03  7.4643E-05  2.7739E-05  7.1845E-06
 7.0585E+25  1.0405E-04  7.0439E+03  7.4643E-05  2.7601E-05  7.1845E-06
 7.0677E+25  1.0461E-04  7.0439E+03  7.4643E-05  2.7465E-05  7.1845E-06
 7.0770E+25  1.0515E-04  7.0439E+03  7.4643E-05  2.7331E-05  7.1845E-06
 7.0863E+25  1.0497E-04  7.0439E+03  7.4643E-05  2.7196E-05  7.1845E-06
 7.0955E+25  1.0548E-04  7.0438E+03  7.4643E-05  2.7060E-05  7.1845E-06
 7.1048E+25  1.0604E-04  7.0437E+03  7.4643E-05  2.6925E-05  7.1845E-06
 7.1140E+25  1.0661E-04  7.0437E+03  7.4643E-05  2.6791E-05  7.1845E-06
 7.1233E+25  1.0718E-04  7.0437E+03  7.4643E-05  2.6657E-05  7.1845E-06
 7.1325E+25  1.0769E-04  7.0436E+03  7.4643E-05  2.6522E-05  7.1845E-06
 7.1418E+25  1.0754E-04  7.0436E+03  7.4643E-05  2.6388E-05  7.1845E-06
 7.1511E+25  1.0809E-04  7.0436E+03  7.4643E-05  2.6254E-05  7.1845E-06
 7.1603E+25  1.0866E-04  7.0435E+03  7.4643E-05  2.6121E-05  7.1845E-06
 7.1696E+25  1.0922E-04  7.0434E+03  7.4643E-05  2.5988E-05  7.1845E-06
 7.1788E+25  1.0980E-04  7.0434E+03  7.4643E-05  2.5855E-05  7.1845E-06
 7.1881E+25  1.1026E-04  7.0434E+03  7.4643E-05  2.5723E-05  7.1845E-06
 7.1973E+25  1.1019E-04  7.0434E+03  7.4643E-05  2.5592E-05  7.1845E-06
 7.2066E+25  1.1076E-04  7.0433E+03  7.4643E-05  2.5468E-05  7.1845E-06
 7.2159E+25  1.1133E-04  7.0433E+03  7.4643E-05  2.5344E-05  7.1845E-06
 7.2251E+25  1.1190E-04  7.0432E+03  7.4643E-05  2.5221E-05  7.1845E-06
 7.2344E+25  1.1249E-04  7.0432E+03  7.4643E-05  2.5101E-05  7.1845E-06
 7.2436E+25  1.1290E-04  7.0431E+03  7.4643E-05  2.4981E-05  7.1845E-06
 7.2529E+25  1.1291E-04  7.0431E+03  7.4643E-05  2.4860E-05  7.1845E-06
 7.2621E+25  1.1350E-04  7.0431E+03  7.4643E-05  2.4739E-05  7.1845E-06
 7.2714E+25  1.1407E-04  7.0430E+03  7.4643E-05  2.4618E-05  7.1845E-06
 7.2807E+25  1.1465E-04  7.0430E+03  7.4643E-05  2.4498E-05  7.1845E-06
 7.2899E+25  1.1523E-04  7.0429E+03  7.4643E-05  2.4378E-05  7.1845E-06
 7.2992E+25  1.1563E-04  7.0429E+03  7.4643E-05  2.4258E-05  7.1845E-06
 7.3084E+25  1.1569E-04  7.0429E+03  7.4643E-05  2.4138E-05  7.1845E-06
 7.3177E+25  1.1628E-04  7.0428E+03  7.4643E-05  2.4018E-05  7.1845E-06
 7.3269E+25  1.1687E-04  7.0428E+03  7.4643E-05  2.3899E-05  7.1845E-06
 7.3362E+25  1.1745E-04  7.0427E+03  7.4643E-05  2.3780E-05  7.1845E-06
 7.3455E+25  1.1804E-04  7.0427E+03  7.4643E-05  2.3661E-05  7.1845E-06
 7.3547E+25  1.1844E-04  7.0427E+03  7.4643E-05  2.3543E-05  7.1845E-06
 7.3640E+25  1.1853E-04  7.0426E+03  7.4643E-05  2.3428E-05  7.1845E-06
 7.3732E+25  1.1913E-04  7.0426E+03  7.4643E-05  2.3317E-05  7.1845E-06
 7.3825E+25  1.1973E-04  7.0425E+03  7.4643E-05  2.3206E-05  7.1845E-06
 7.3917E+25  1.2033E-04  7.0425E+03  7.4643E-05  2.3097E-05  7.1845E-06
 7.4010E+25  1.2091E-04  7.0424E+03  7.4643E-05  2.2990E-05  7.1845E-06
 7.4103E+25  1.2132E-04  7.0424E+03  7.4643E-05  2.2882E-05  7.1845E-06
 7.4195E+25  1.2144E-04  7.0424E+03  7.4643E-05  2.2774E-05  7.1845E-06
 7.4288E+25  1.2204E-04  7.0423E+03  7.4643E-05  2.2666E-05  7.1845E-06
 7.4380E+25  1.2266E-04  7.0423E+03  7.4643E-05  2.2558E-05  7.1845E-06
 7.4473E+25  1.2326E-04  7.0422E+03  7.4643E-05  2.2451E-05  7.1845E-06
 7.4565E+25  1.2386E-04  7.0422E+03  7.4643E-05  2.2343E-05  7.1845E-06
 7.4658E+25  1.2429E-04  7.0422E+03  7.4643E-05  2.2236E-05  7.1845E-06
 7.4751E+25  1.2441E-04  7.0421E+03  7.4643E-05  2.2129E-05  7.1845E-06
 7.4843E+25  1.2502E-04  7.0421E+03  7.4643E-05  2.2022E-05  7.1845E-06
 7.4936E+25  1.2563E-04  7.0420E+03  7.4643E-05  2.1915E-05  7.1845E-06
 7.5028E+25  1.2626E-04  7.0419E+03  7.4643E-05  2.1809E-05  7.1845E-06
 7.5121E+25  1.2686E-04  7.0419E+03  7.4643E-05  2.1702E-05  7.1845E-06
 7.5213E+25  1.2734E-04  7.0419E+03  7.4643E-05  2.1596E-05  7.1845E-06
 7.5306E+25  1.2746E-04  7.0419E+03  7.4643E-05  2.1492E-05  7.1845E-06
 7.5399E+25  1.2807E-04  7.0418E+03  7.4643E-05  2.1393E-05  7.1845E-06
 7.5491E+25  1.2868E-04  7.0417E+03  7.4643E-05  2.1293E-05  7.1845E-06
 7.5584E+25  1.2931E-04  7.0417E+03  7.4643E-05  2.1195E-05  7.1845E-06
 7.5676E+25  1.2994E-04  7.0417E+03  7.4643E-05  2.1100E-05  7.1845E-06
 7.5769E+25  1.3046E-04  7.0416E+03  7.4643E-05  2.1004E-05  7.1845E-06
 7.5861E+25  1.3058E-04  7.0416E+03  7.4643E-05  2.0907E-05  7.1845E-06
 7.5954E+25  1.3119E-04  7.0415E+03  7.4643E-05  2.0810E-05  7.1845E-06
 7.6047E+25  1.3181E-04  7.0415E+03  7.4643E-05  2.0714E-05  7.1845E-06
 7.6139E+25  1.3243E-04  7.0414E+03  7.4643E-05  2.0618E-05  7.1845E-06
 7.6232E+25  1.3307E-04  7.0414E+03  7.4643E-05  2.0522E-05  7.1845E-06
 7.6324E+25  1.3366E-04  7.0414E+03  7.4643E-05  2.0426E-05  7.1845E-06
 7.6417E+25  1.3378E-04  7.0413E+03  7.4643E-05  2.0330E-05  7.1845E-06
 7.6509E+25  1.3438E-04  7.0413E+03  7.4643E-05  2.0234E-05  7.1845E-06
 7.6602E+25  1.3500E-04  7.0412E+03  7.4643E-05  2.0138E-05  7.1845E-06
 7.6695E+25  1.3563E-04  7.0412E+03  7.4643E-05  2.0043E-05  7.1845E-06
 7.6787E+25  1.3626E-04  7.0411E+03  7.4643E-05  1.9948E-05  7.1845E-06
 7.6880E+25  1.3688E-04  7.0411E+03  7.4643E-05  1.9852E-05  7.1845E-06
 7.6972E+25  1.3708E-04  7.0411E+03  7.4643E-05  1.9757E-05  7.1845E-06
 7.7065E+25  1.3766E-04  7.0410E+03  7.4643E-05  1.9666E-05  7.1845E-06
 7.7157E+25  1.3827E-04  7.0409E+03  7.4643E-05  1.9577E-05  7.1845E-06
 7.7250E+25  1.3890E-04  7.0409E+03  7.4643E-05  1.9488E-05  7.1845E-06
 7.7343E+25  1.3953E-04  7.0408E+03  7.4643E-05  1.9402E-05  7.1845E-06
 7.7435E+25  1.4017E-04  7.0408E+03  7.4643E-05  1.9316E-05  7.1845E-06
 7.7528E+25  1.4045E-04  7.0408E+03  7.4643E-05  1.9230E-05  7.1845E-06
 7.7620E+25  1.4100E-04  7.0407E+03  7.4643E-05  1.9144E-05  7.1845E-06
 7.7713E+25  1.4163E-04  7.0407E+03  7.4643E-05  1.9058E-05  7.1845E-06
 7.7805E+25  1.4225E-04  7.0406E+03  7.4643E-05  1.8971E-05  7.1845E-06
 7.7898E+25  1.4289E-04  7.0406E+03  7.4643E-05  1.8886E-05  7.1845E-06
 7.7991E+25  1.4352E-04  7.0405E+03  7.4643E-05  1.8800E-05  7.1845E-06
 7.8083E+25  1.4389E-04  7.0405E+03  7.4643E-05  1.8714E-05  7.1845E-06
 7.8176E+25  1.4441E-04  7.0404E+03  7.4643E-05  1.8628E-05  7.1845E-06
 7.8268E+25  1.4505E-04  7.0404E+03  7.4643E-05  1.8543E-05  7.1845E-06
 7.8361E+25  1.4568E-04  7.0403E+03  7.4643E-05  1.8457E-05  7.1845E-06
 7.8453E+25  1.4631E-04  7.0403E+03  7.4643E-05  1.8372E-05  7.1845E-06
 7.8546E+25  1.4695E-04  7.0402E+03  7.4643E-05  1.8286E-05  7.1845E-06
 7.8638E+25  1.4740E-04  7.0402E+03  7.4643E-05  1.8201E-05  7.1845E-06
 7.8731E+25  1.4788E-04  7.0402E+03  7.4643E-05  1.8116E-05  7.1845E-06
 7.8824E+25  1.4854E-04  7.0401E+03  7.4643E-05  1.8034E-05  7.1845E-06
 7.8916E+25  1.4919E-04  7.0400E+03  7.4643E-05  1.7954E-05  7.1845E-06
 7.9009E+25  1.4982E-04  7.0400E+03  7.4643E-05  1.7874E-05  7.1845E-06
 7.9101E+25  1.5046E-04  7.0399E+03  7.4643E-05  1.7796E-05  7.1845E-06
 7.9194E+25  1.5099E-04  7.0399E+03  7.4643E-05  1.7720E-05  7.1845E-06
 7.9286E+25  1.5142E-04  7.0399E+03  7.4643E-05  1.7643E-05  7.1845E-06
 7.9379E+25  1.5209E-04  7.0398E+03  7.4643E-05  1.7566E-05  7.1845E-06
 7.9472E+25  1.5276E-04  7.0397E+03  7.4643E-05  1.7489E-05  7.1845E-06
 7.9564E+25  1.5341E-04  7.0397E+03  7.4643E-05  1.7412E-05  7.1845E-06
 7.9657E+25  1.5405E-04  7.0396E+03  7.4643E-05  1.7335E-05  7.1845E-06
 7.9749E+25  1.5465E-04  7.0396E+03  7.4643E-05  1.7259E-05  7.1845E-06
 7.9842E+25  1.5507E-04  7.0396E+03  7.4643E-05  1.7182E-05  7.1845E-06
 7.9934E+25  1.5571E-04  7.0395E+03  7.4643E-05  1.7106E-05  7.1845E-06
 8.0027E+25  1.5639E-04  7.0394E+03  7.4643E-05  1.7029E-05  7.1845E-06
 8.0120E+25  1.5706E-04  7.0394E+03  7.4643E-05  1.6952E-05  7.1845E-06
 8.0212E+25  1.5772E-04  7.0393E+03  7.4643E-05  1.6876E-05  7.1845E-06
 8.0305E+25  1.5836E-04  7.0393E+03  7.4643E-05  1.6800E-05  7.1845E-06
 8.0397E+25  1.5881E-04  7.0393E+03  7.4643E-05  1.6724E-05  7.1845E-06
 8.0490E+25  1.5944E-04  7.0392E+03  7.4643E-05  1.6647E-05  7.1845E-06
 8.0582E+25  1.6009E-04  7.0391E+03  7.4643E-05  1.6572E-05  7.1845E-06
 8.0675E+25  1.6077E-04  7.0390E+03  7.4643E-05  1.6499E-05  7.1845E-06
 8.0768E+25  1.6145E-04  7.0390E+03  7.4643E-05  1.6428E-05  7.1845E-06
 8.0860E+25  1.6211E-04  7.0390E+03  7.4643E-05  1.6356E-05  7.1845E-06
 8.0953E+25  1.6264E-04  7.0389E+03  7.4643E-05  1.6287E-05  7.1845E-06
 8.1045E+25  1.6324E-04  7.0389E+03  7.4643E-05  1.6219E-05  7.1845E-06
 8.1138E+25  1.6390E-04  7.0388E+03  7.4643E-05  1.6150E-05  7.1845E-06
 8.1230E+25  1.6456E-04  7.0387E+03  7.4643E-05  1.6081E-05  7.1845E-06
 8.1323E+25  1.6524E-04  7.0387E+03  7.4643E-05  1.6013E-05  7.1845E-06
 8.1416E+25  1.6592E-04  7.0386E+03  7.4643E-05  1.5944E-05  7.1845E-06
 8.1508E+25  1.6654E-04  7.0386E+03  7.4643E-05  1.5875E-05  7.1845E-06
 8.1601E+25  1.6713E-04  7.0386E+03  7.4643E-05  1.5807E-05  7.1845E-06
 8.1693E+25  1.6779E-04  7.0385E+03  7.4643E-05  1.5739E-05  7.1845E-06
 8.1786E+25  1.6844E-04  7.0384E+03  7.4643E-05  1.5670E-05  7.1845E-06
 8.1878E+25  1.6911E-04  7.0383E+03  7.4643E-05  1.5602E-05  7.1845E-06
 8.1971E+25  1.6979E-04  7.0383E+03  7.4643E-05  1.5533E-05  7.1845E-06
 8.2064E+25  1.7047E-04  7.0383E+03  7.4643E-05  1.5465E-05  7.1845E-06
 8.2156E+25  1.7109E-04  7.0382E+03  7.4643E-05  1.5397E-05  7.1845E-06
 8.2249E+25  1.7175E-04  7.0382E+03  7.4643E-05  1.5329E-05  7.1845E-06
 8.2341E+25  1.7242E-04  7.0381E+03  7.4643E-05  1.5261E-05  7.1845E-06
 8.2434E+25  1.7307E-04  7.0380E+03  7.4643E-05  1.5193E-05  7.1845E-06
 8.2526E+25  1.7374E-04  7.0380E+03  7.4643E-05  1.5127E-05  7.1845E-06
 8.2619E+25  1.7442E-04  7.0379E+03  7.4643E-05  1.5063E-05  7.1845E-06
 8.2712E+25  1.7511E-04  7.0379E+03  7.4643E-05  1.4999E-05  7.1845E-06
 8.2804E+25  1.7579E-04  7.0378E+03  7.4643E-05  1.4936E-05  7.1845E-06
 8.2897E+25  1.7645E-04  7.0377E+03  7.4643E-05  1.4875E-05  7.1845E-06
 8.2989E+25  1.7713E-04  7.0377E+03  7.4643E-05  1.4815E-05  7.1845E-06
 8.3082E+25  1.7779E-04  7.0376E+03  7.4643E-05  1.4753E-05  7.1845E-06
 8.3174E+25  1.7845E-04  7.0376E+03  7.4643E-05  1.4692E-05  7.1845E-06
 8.3267E+25  1.7916E-04  7.0375E+03  7.4643E-05  1.4630E-05  7.1845E-06
 8.3360E+25  1.7989E-04  7.0375E+03  7.4643E-05  1.4569E-05  7.1845E-06
 8.3452E+25  1.8058E-04  7.0374E+03  7.4643E-05  1.4508E-05  7.1845E-06
 8.3545E+25  1.8124E-04  7.0373E+03  7.4643E-05  1.4447E-05  7.1845E-06
 8.3637E+25  1.8192E-04  7.0372E+03  7.4643E-05  1.4386E-05  7.1845E-06
 8.3730E+25  1.8259E-04  7.0372E+03  7.4643E-05  1.4325E-05  7.1845E-06
 8.3822E+25  1.8327E-04  7.0372E+03  7.4643E-05  1.4264E-05  7.1845E-06
 8.3915E+25  1.8405E-04  7.0371E+03  7.4643E-05  1.4203E-05  7.1845E-06
 8.4008E+25  1.8475E-04  7.0370E+03  7.4643E-05  1.4142E-05  7.1845E-06
 8.4100E+25  1.8545E-04  7.0369E+03  7.4643E-05  1.4081E-05  7.1845E-06
 8.4193E+25  1.8611E-04  7.0369E+03  7.4643E-05  1.4020E-05  7.1845E-06
 8.4285E+25  1.8679E-04  7.0368E+03  7.4643E-05  1.3959E-05  7.1845E-06
 8.4378E+25  1.8747E-04  7.0368E+03  7.4643E-05  1.3898E-05  7.1845E-06
 8.4470E+25  1.8827E-04  7.0367E+03  7.4643E-05  1.3840E-05  7.1845E-06
 8.4563E+25  1.8898E-04  7.0367E+03  7.4643E-05  1.3783E-05  7.1845E-06
 8.4656E+25  1.8969E-04  7.0366E+03  7.4643E-05  1.3726E-05  7.1845E-06
 8.4748E+25  1.9039E-04  7.0365E+03  7.4643E-05  1.3670E-05  7.1845E-06
 8.4841E+25  1.9106E-04  7.0364E+03  7.4643E-05  1.3615E-05  7.1845E-06
 8.4933E+25  1.9173E-04  7.0364E+03  7.4643E-05  1.3561E-05  7.1845E-06
 8.5026E+25  1.9252E-04  7.0364E+03  7.4643E-05  1.3506E-05  7.1845E-06
 8.5118E+25  1.9334E-04  7.0363E+03  7.4643E-05  1.3451E-05  7.1845E-06
 8.5211E+25  1.9400E-04  7.0362E+03  7.4643E-05  1.3397E-05  7.1845E-06
 8.5304E+25  1.9470E-04  7.0361E+03  7.4643E-05  1.3342E-05  7.1845E-06
 8.5396E+25  1.9540E-04  7.0360E+03  7.4643E-05  1.3288E-05  7.1845E-06
 8.5489E+25  1.9609E-04  7.0360E+03  7.4643E-05  1.3233E-05  7.1845E-06
 8.5581E+25  1.9677E-04  7.0359E+03  7.4643E-05  1.3179E-05  7.1845E-06
 8.5674E+25  1.9774E-04  7.0359E+03  7.4643E-05  1.3124E-05  7.1845E-06
 8.5766E+25  1.9843E-04  7.0358E+03  7.4643E-05  1.3070E-05  7.1845E-06
 8.5859E+25  1.9909E-04  7.0358E+03  7.4643E-05  1.3015E-05  7.1845E-06
 8.5952E+25  1.9977E-04  7.0357E+03  7.4643E-05  1.2960E-05  7.1845E-06
 8.6044E+25  2.0048E-04  7.0356E+03  7.4643E-05  1.2906E-05  7.1845E-06
 8.6137E+25  2.0118E-04  7.0355E+03  7.4643E-05  1.2852E-05  7.1845E-06
 8.6229E+25  2.0206E-04  7.0355E+03  7.4643E-05  1.2797E-05  7.1845E-06
 8.6322E+25  2.0292E-04  7.0354E+03  7.4643E-05  1.2743E-05  7.1845E-06
 8.6414E+25  2.0359E-04  7.0353E+03  7.4643E-05  1.2690E-05  7.1845E-06
 8.6507E+25  2.0426E-04  7.0353E+03  7.4643E-05  1.2638E-05  7.1845E-06
 8.6600E+25  2.0492E-04  7.0352E+03  7.4643E-05  1.2587E-05  7.1845E-06
 8.6692E+25  2.0563E-04  7.0351E+03  7.4643E-05  1.2536E-05  7.1845E-06
 8.6785E+25  2.0639E-04  7.0351E+03  7.4643E-05  1.2487E-05  7.1845E-06
 8.6877E+25  2.0746E-04  7.0350E+03  7.4643E-05  1.2439E-05  7.1845E-06
 8.6970E+25  2.0813E-04  7.0349E+03  7.4643E-05  1.2390E-05  7.1845E-06
 8.7062E+25  2.0883E-04  7.0349E+03  7.4643E-05  1.2342E-05  7.1845E-06
 8.7155E+25  2.0949E-04  7.0348E+03  7.4643E-05  1.2293E-05  7.1845E-06
 8.7248E+25  2.1015E-04  7.0347E+03  7.4643E-05  1.2244E-05  7.1845E-06
 8.7340E+25  2.1084E-04  7.0346E+03  7.4643E-05  1.2195E-05  7.1845E-06
 8.7433E+25  2.1186E-04  7.0346E+03  7.4643E-05  1.2147E-05  7.1845E-06
 8.7525E+25  2.1276E-04  7.0345E+03  7.4643E-05  1.2098E-05  7.1845E-06
 8.7618E+25  2.1342E-04  7.0344E+03  7.4643E-05  1.2050E-05  7.1845E-06
 8.7710E+25  2.1411E-04  7.0344E+03  7.4643E-05  1.2001E-05  7.1845E-06
 8.7803E+25  2.1478E-04  7.0343E+03  7.4643E-05  1.1952E-05  7.1845E-06
 8.7896E+25  2.1545E-04  7.0342E+03  7.4643E-05  1.1903E-05  7.1845E-06
 8.7988E+25  2.1618E-04  7.0342E+03  7.4643E-05  1.1855E-05  7.1845E-06
 8.8081E+25  2.1739E-04  7.0341E+03  7.4643E-05  1.1806E-05  7.1845E-06
 8.8173E+25  2.1811E-04  7.0340E+03  7.4643E-05  1.1758E-05  7.1845E-06
 8.8266E+25  2.1877E-04  7.0339E+03  7.4643E-05  1.1709E-05  7.1845E-06
 8.8358E+25  2.1944E-04  7.0338E+03  7.4643E-05  1.1661E-05  7.1845E-06
 8.8451E+25  2.2013E-04  7.0338E+03  7.4643E-05  1.1613E-05  7.1845E-06
 8.8544E+25  2.2080E-04  7.0337E+03  7.4643E-05  1.1567E-05  7.1845E-06
 8.8636E+25  2.2181E-04  7.0337E+03  7.4643E-05  1.1521E-05  7.1845E-06
 8.8729E+25  2.2279E-04  7.0336E+03  7.4643E-05  1.1476E-05  7.1845E-06
 8.8821E+25  2.2349E-04  7.0335E+03  7.4643E-05  1.1432E-05  7.1845E-06
 8.8914E+25  2.2418E-04  7.0334E+03  7.4643E-05  1.1389E-05  7.1845E-06
 8.9006E+25  2.2483E-04  7.0333E+03  7.4643E-05  1.1346E-05  7.1845E-06
 8.9099E+25  2.2551E-04  7.0332E+03  7.4643E-05  1.1302E-05  7.1845E-06
 8.9192E+25  2.2624E-04  7.0332E+03  7.4643E-05  1.1258E-05  7.1845E-06
 8.9284E+25  2.2752E-04  7.0331E+03  7.4643E-05  1.1215E-05  7.1845E-06
 8.9377E+25  2.2824E-04  7.0331E+03  7.4643E-05  1.1171E-05  7.1845E-06
 8.9469E+25  2.2892E-04  7.0330E+03  7.4643E-05  1.1128E-05  7.1845E-06
 8.9562E+25  2.2961E-04  7.0329E+03  7.4643E-05  1.1085E-05  7.1845E-06
 8.9654E+25  2.3028E-04  7.0328E+03  7.4643E-05  1.1042E-05  7.1845E-06
 8.9747E+25  2.3094E-04  7.0327E+03  7.4643E-05  1.0998E-05  7.1845E-06
 8.9840E+25  2.3191E-04  7.0327E+03  7.4643E-05  1.0955E-05  7.1845E-06
 8.9932E+25  2.3309E-04  7.0326E+03  7.4643E-05  1.0911E-05  7.1845E-06
 9.0025E+25  2.3374E-04  7.0325E+03  7.4643E-05  1.0868E-05  7.1845E-06
 9.0117E+25  2.3439E-04  7.0324E+03  7.4643E-05  1.0824E-05  7.1845E-06
 9.0210E+25  2.3508E-04  7.0323E+03  7.4643E-05  1.0781E-05  7.1845E-06
 9.0302E+25  2.3576E-04  7.0322E+03  7.4643E-05  1.0738E-05  7.1845E-06
 9.0395E+25  2.3643E-04  7.0322E+03  7.4643E-05  1.0694E-05  7.1845E-06
 9.0487E+25  2.3770E-04  7.0321E+03  7.4643E-05  1.0651E-05  7.1845E-06
 9.0580E+25  2.3862E-04  7.0320E+03  7.4643E-05  1.0609E-05  7.1845E-06
 9.0673E+25  2.3928E-04  7.0319E+03  7.4643E-05  1.0568E-05  7.1845E-06
 9.0765E+25  2.3992E-04  7.0319E+03  7.4643E-05  1.0527E-05  7.1845E-06
 9.0858E+25  2.4057E-04  7.0318E+03  7.4643E-05  1.0487E-05  7.1845E-06
 9.0950E+25  2.4126E-04  7.0317E+03  7.4643E-05  1.0448E-05  7.1845E-06
 9.1043E+25  2.4203E-04  7.0316E+03  7.4643E-05  1.0410E-05  7.1845E-06
 9.1135E+25  2.4346E-04  7.0316E+03  7.4643E-05  1.0371E-05  7.1845E-06
 9.1228E+25  2.4418E-04  7.0315E+03  7.4643E-05  1.0332E-05  7.1845E-06
 9.1321E+25  2.4483E-04  7.0314E+03  7.4643E-05  1.0293E-05  7.1845E-06
 9.1413E+25  2.4548E-04  7.0313E+03  7.4643E-05  1.0255E-05  7.1845E-06
 9.1506E+25  2.4612E-04  7.0312E+03  7.4643E-05  1.0216E-05  7.1845E-06
 9.1598E+25  2.4678E-04  7.0311E+03  7.4643E-05  1.0177E-05  7.1845E-06
 9.1691E+25  2.4779E-04  7.0311E+03  7.4643E-05  1.0139E-05  7.1845E-06
 9.1783E+25  2.4911E-04  7.0310E+03  7.4643E-05  1.0100E-05  7.1845E-06
 9.1876E+25  2.4975E-04  7.0309E+03  7.4643E-05  1.0062E-05  7.1845E-06
 9.1969E+25  2.5041E-04  7.0308E+03  7.4643E-05  1.0023E-05  7.1845E-06
 9.2061E+25  2.5104E-04  7.0307E+03  7.4643E-05  9.9840E-06  7.1845E-06
 9.2154E+25  2.5169E-04  7.0306E+03  7.4643E-05  9.9453E-06  7.1845E-06
 9.2246E+25  2.5234E-04  7.0306E+03  7.4643E-05  9.9065E-06  7.1845E-06
 9.2339E+25  2.5359E-04  7.0305E+03  7.4643E-05  9.8678E-06  7.1845E-06
 9.2431E+25  2.5471E-04  7.0304E+03  7.4643E-05  9.8292E-06  7.1845E-06
 9.2524E+25  2.5534E-04  7.0303E+03  7.4643E-05  9.7906E-06  7.1845E-06
