 4.6285E+22  3.2704E-11  1.1677E+04  7.4643E-05  1.0000E+00  7.1845E-06
 1.3886E+23  2.2887E-10  1.1681E+04  7.4643E-05  1.0000E+00  7.1845E-06
 2.3143E+23  6.2075E-10  1.1693E+04  7.4643E-05  1.0000E+00  7.1845E-06
 3.2400E+23  1.2068E-09  1.1720E+04  7.4643E-05  1.0000E+00  7.1845E-06
 4.1657E+23  1.9837E-09  1.1769E+04  7.4643E-05  1.0000E+00  7.1845E-06
 5.0914E+23  2.9453E-09  1.1848E+04  7.4643E-05  1.0000E+00  7.1845E-06
 6.0171E+23  4.0790E-09  1.1969E+04  7.4643E-05  1.0000E+00  7.1845E-06
 6.9428E+23  5.3726E-09  1.2145E+04  7.4643E-05  1.0000E+00  7.1845E-06
 7.8685E+23  6.7928E-09  1.2402E+04  7.4643E-05  1.0000E+00  7.1845E-06
 8.7942E+23  8.3107E-09  1.2760E+04  7.4643E-05  1.0000E+00  7.1845E-06
 9.7199E+23  9.9076E-09  1.3194E+04  7.4643E-05  1.0000E+00  7.1845E-06
 1.0646E+24  1.1605E-08  1.3631E+04  7.4643E-05  1.0000E+00  7.1845E-06
 1.1571E+24  1.3479E-08  1.3948E+04  7.4643E-05  1.0000E+00  7.1845E-06
 1.2497E+24  1.5588E-08  1.4119E+04  7.4643E-05  1.0000E+00  7.1845E-06
 1.3423E+24  1.7885E-08  1.4213E+04  7.4643E-05  1.0000E+00  7.1845E-06
 1.4348E+24  2.0336E-08  1.4313E+04  7.4643E-05  9.9999E-01  7.1845E-06
 1.5274E+24  2.2923E-08  1.4413E+04  7.4643E-05  9.9999E-01  7.1845E-06
 1.6200E+24  2.5667E-08  1.4507E+04  7.4643E-05  9.9999E-01  7.1845E-06
 1.7126E+24  2.8548E-08  1.4597E+04  7.4643E-05  9.9999E-01  7.1845E-06
 1.8051E+24  3.1591E-08  1.4680E+04  7.4643E-05  9.9999E-01  7.1845E-06
 1.8977E+24  3.4768E-08  1.4759E+04  7.4643E-05  9.9999E-01  7.1845E-06
 1.9903E+24  3.8109E-08  1.4835E+04  7.4643E-05  9.9999E-01  7.1845E-06
 2.0828E+24  4.1575E-08  1.4910E+04  7.4643E-05  9.9999E-01  7.1845E-06
 2.1754E+24  4.5182E-08  1.4982E+04  7.4643E-05  9.9999E-01  7.1845E-06
 2.2680E+24  4.8944E-08  1.5052E+04  7.4643E-05  9.9999E-01  7.1845E-06
 2.3605E+24  5.2855E-08  1.5120E+04  7.4643E-05  9.9999E-01  7.1845E-06
 2.4531E+24  5.6896E-08  1.5184E+04  7.4643E-05  9.9999E-01  7.1845E-06
 2.5457E+24  6.1073E-08  1.5248E+04  7.4643E-05  9.9998E-01  7.1845E-06
 2.6383E+24  6.5423E-08  1.5312E+04  7.4643E-05  9.9998E-01  7.1845E-06
 2.7308E+24  6.9875E-08  1.5371E+04  7.4643E-05  9.9998E-01  7.1845E-06
 2.8234E+24  7.4473E-08  1.5431E+04  7.4643E-05  9.9998E-01  7.1845E-06
 2.9160E+24  7.9205E-08  1.5487E+04  7.4643E-05  9.9998E-01  7.1845E-06
 3.0085E+24  8.4146E-08  1.5543E+04  7.4643E-05  9.9998E-01  7.1845E-06
 3.1011E+24  8.9176E-08  1.5599E+04  7.4643E-05  9.9998E-01  7.1845E-06
 3.1937E+24  9.4298E-08  1.5652E+04  7.4643E-05  9.9998E-01  7.1845E-06
 3.2862E+24  9.9609E-08  1.5703E+04  7.4643E-05  9.9997E-01  7.1845E-06
 3.3788E+24  1.0499E-07  1.5754E+04  7.4643E-05  9.9997E-01  7.1845E-06
 3.4714E+24  1.1055E-07  1.5804E+04  7.4643E-05  9.9997E-01  7.1845E-06
 3.5640E+24  1.1630E-07  1.5852E+04  7.4643E-05  9.9997E-01  7.1845E-06
 3.6565E+24  1.2227E-07  1.5899E+04  7.4643E-05  9.9997E-01  7.1845E-06
 3.7491E+24  1.2808E-07  1.5946E+04  7.4643E-05  9.9997E-01  7.1845E-06
 3.8417E+24  1.3429E-07  1.5992E+04  7.4643E-05  9.9997E-01  7.1845E-06
 3.9342E+24  1.4052E-07  1.6035E+04  7.4643E-05  9.9996E-01  7.1845E-06
 4.0268E+24  1.4699E-07  1.6080E+04  7.4643E-05  9.9996E-01  7.1845E-06
 4.1194E+24  1.5334E-07  1.6122E+04  7.4643E-05  9.9996E-01  7.1845E-06
 4.2120E+24  1.6022E-07  1.6164E+04  7.4643E-05  9.9996E-01  7.1845E-06
 4.3045E+24  1.6698E-07  1.6204E+04  7.4643E-05  9.9996E-01  7.1845E-06
 4.3971E+24  1.7372E-07  1.6245E+04  7.4643E-05  9.9996E-01  7.1845E-06
 4.4897E+24  1.8088E-07  1.6284E+04  7.4643E-05  9.9995E-01  7.1845E-06
 4.5822E+24  1.8813E-07  1.6323E+04  7.4643E-05  9.9995E-01  7.1845E-06
 4.6748E+24  1.9549E-07  1.6361E+04  7.4643E-05  9.9995E-01  7.1845E-06
 4.7674E+24  2.0296E-07  1.6398E+04  7.4643E-05  9.9995E-01  7.1845E-06
 4.8599E+24  2.1054E-07  1.6435E+04  7.4643E-05  9.9995E-01  7.1845E-06
 4.9525E+24  2.1825E-07  1.6471E+04  7.4643E-05  9.9994E-01  7.1845E-06
 5.0451E+24  2.2610E-07  1.6506E+04  7.4643E-05  9.9994E-01  7.1845E-06
 5.1377E+24  2.3411E-07  1.6541E+04  7.4643E-05  9.9994E-01  7.1845E-06
 5.2302E+24  2.4228E-07  1.6575E+04  7.4643E-05  9.9994E-01  7.1845E-06
 5.3228E+24  2.5064E-07  1.6609E+04  7.4643E-05  9.9994E-01  7.1845E-06
 5.4154E+24  2.5921E-07  1.6642E+04  7.4643E-05  9.9993E-01  7.1845E-06
 5.5079E+24  2.6735E-07  1.6675E+04  7.4643E-05  9.9993E-01  7.1845E-06
 5.6005E+24  2.7593E-07  1.6707E+04  7.4643E-05  9.9993E-01  7.1845E-06
 5.6931E+24  2.8503E-07  1.6738E+04  7.4643E-05  9.9993E-01  7.1845E-06
 5.7856E+24  2.9433E-07  1.6769E+04  7.4643E-05  9.9992E-01  7.1845E-06
 5.8782E+24  3.0243E-07  1.6800E+04  7.4643E-05  9.9992E-01  7.1845E-06
 5.9708E+24  3.1221E-07  1.6830E+04  7.4643E-05  9.9992E-01  7.1845E-06
 6.0634E+24  3.2173E-07  1.6859E+04  7.4643E-05  9.9992E-01  7.1845E-06
 6.1559E+24  3.3052E-07  1.6888E+04  7.4643E-05  9.9991E-01  7.1845E-06
 6.2485E+24  3.4114E-07  1.6917E+04  7.4643E-05  9.9991E-01  7.1845E-06
 6.3411E+24  3.4960E-07  1.6945E+04  7.4643E-05  9.9991E-01  7.1845E-06
 6.4336E+24  3.6060E-07  1.6973E+04  7.4643E-05  9.9991E-01  7.1845E-06
 6.5262E+24  3.6953E-07  1.7001E+04  7.4643E-05  9.9990E-01  7.1845E-06
 6.6188E+24  3.8082E-07  1.7028E+04  7.4643E-05  9.9990E-01  7.1845E-06
 6.7113E+24  3.8973E-07  1.7055E+04  7.4643E-05  9.9990E-01  7.1845E-06
 6.8039E+24  4.0153E-07  1.7081E+04  7.4643E-05  9.9990E-01  7.1845E-06
 6.8965E+24  4.1059E-07  1.7107E+04  7.4643E-05  9.9989E-01  7.1845E-06
 6.9891E+24  4.2210E-07  1.7133E+04  7.4643E-05  9.9989E-01  7.1845E-06
 7.0816E+24  4.3296E-07  1.7158E+04  7.4643E-05  9.9989E-01  7.1845E-06
 7.1742E+24  4.4299E-07  1.7184E+04  7.4643E-05  9.9989E-01  7.1845E-06
 7.2668E+24  4.5510E-07  1.7208E+04  7.4643E-05  9.9988E-01  7.1845E-06
 7.3593E+24  4.6572E-07  1.7233E+04  7.4643E-05  9.9988E-01  7.1845E-06
 7.4519E+24  4.7647E-07  1.7257E+04  7.4643E-05  9.9988E-01  7.1845E-06
 7.5445E+24  4.8877E-07  1.7281E+04  7.4643E-05  9.9987E-01  7.1845E-06
 7.6371E+24  5.0062E-07  1.7305E+04  7.4643E-05  9.9987E-01  7.1845E-06
 7.7296E+24  5.1073E-07  1.7328E+04  7.4643E-05  9.9987E-01  7.1845E-06
 7.8222E+24  5.2321E-07  1.7352E+04  7.4643E-05  9.9986E-01  7.1845E-06
 7.9148E+24  5.3578E-07  1.7374E+04  7.4643E-05  9.9986E-01  7.1845E-06
 8.0073E+24  5.4827E-07  1.7397E+04  7.4643E-05  9.9986E-01  7.1845E-06
 8.0999E+24  5.5861E-07  1.7419E+04  7.4643E-05  9.9986E-01  7.1845E-06
 8.1925E+24  5.7137E-07  1.7442E+04  7.4643E-05  9.9985E-01  7.1845E-06
 8.2850E+24  5.8425E-07  1.7463E+04  7.4643E-05  9.9985E-01  7.1845E-06
 8.3776E+24  5.9720E-07  1.7485E+04  7.4643E-05  9.9985E-01  7.1845E-06
 8.4702E+24  6.1023E-07  1.7507E+04  7.4643E-05  9.9984E-01  7.1845E-06
 8.5628E+24  6.2266E-07  1.7528E+04  7.4643E-05  9.9984E-01  7.1845E-06
 8.6553E+24  6.3456E-07  1.7549E+04  7.4643E-05  9.9984E-01  7.1845E-06
 8.7479E+24  6.4785E-07  1.7570E+04  7.4643E-05  9.9983E-01  7.1845E-06
 8.8405E+24  6.6125E-07  1.7590E+04  7.4643E-05  9.9983E-01  7.1845E-06
 8.9330E+24  6.7474E-07  1.7611E+04  7.4643E-05  9.9982E-01  7.1845E-06
 9.0256E+24  6.8831E-07  1.7631E+04  7.4643E-05  9.9982E-01  7.1845E-06
 9.1182E+24  7.0197E-07  1.7651E+04  7.4643E-05  9.9982E-01  7.1845E-06
 9.2107E+24  7.1573E-07  1.7670E+04  7.4643E-05  9.9981E-01  7.1845E-06
 9.3033E+24  7.2959E-07  1.7690E+04  7.4643E-05  9.9981E-01  7.1845E-06
 9.3959E+24  7.4354E-07  1.7709E+04  7.4643E-05  9.9981E-01  7.1845E-06
 9.4885E+24  7.5760E-07  1.7729E+04  7.4643E-05  9.9980E-01  7.1845E-06
 9.5810E+24  7.7177E-07  1.7748E+04  7.4643E-05  9.9979E-01  7.1845E-06
 9.6736E+24  7.8604E-07  1.7766E+04  7.4643E-05  9.9978E-01  7.1845E-06
 9.7662E+24  8.0043E-07  1.7785E+04  7.4643E-05  9.9976E-01  7.1845E-06
 9.8587E+24  8.1495E-07  1.7804E+04  7.4643E-05  9.9973E-01  7.1845E-06
 9.9513E+24  8.2959E-07  1.7822E+04  7.4643E-05  9.9968E-01  7.1845E-06
 1.0044E+25  8.4437E-07  1.7839E+04  7.4643E-05  9.9958E-01  7.1845E-06
 1.0136E+25  8.5931E-07  1.7857E+04  7.4643E-05  9.9941E-01  7.1845E-06
 1.0229E+25  8.7440E-07  1.7873E+04  7.4643E-05  9.9909E-01  7.1845E-06
 1.0322E+25  8.8967E-07  1.7889E+04  7.4643E-05  9.9852E-01  7.1845E-06
 1.0414E+25  9.0515E-07  1.7902E+04  7.4643E-05  9.9752E-01  7.1845E-06
 1.0507E+25  9.2087E-07  1.7912E+04  7.4643E-05  9.9576E-01  7.1845E-06
 1.0599E+25  9.3686E-07  1.7916E+04  7.4643E-05  9.9273E-01  7.1845E-06
 1.0692E+25  9.5326E-07  1.7912E+04  7.4643E-05  9.8755E-01  7.1845E-06
 1.0784E+25  9.7021E-07  1.7892E+04  7.4643E-05  9.7890E-01  7.1845E-06
 1.0877E+25  9.8794E-07  1.7849E+04  7.4643E-05  9.6473E-01  7.1845E-06
 1.0970E+25  1.0068E-06  1.7768E+04  7.4643E-05  9.4219E-01  7.1845E-06
 1.1062E+25  1.0257E-06  1.7633E+04  7.4643E-05  9.0772E-01  7.1845E-06
 1.1155E+25  1.0469E-06  1.7421E+04  7.4643E-05  8.5776E-01  7.1845E-06
 1.1247E+25  1.0733E-06  1.7113E+04  7.4643E-05  7.9034E-01  7.1845E-06
 1.1340E+25  1.1042E-06  1.6698E+04  7.4643E-05  7.0710E-01  7.1845E-06
 1.1432E+25  1.1406E-06  1.6184E+04  7.4643E-05  6.1424E-01  7.1845E-06
 1.1525E+25  1.1825E-06  1.5598E+04  7.4643E-05  5.2083E-01  7.1845E-06
 1.1618E+25  1.2294E-06  1.4981E+04  7.4643E-05  4.3519E-01  7.1845E-06
 1.1710E+25  1.2803E-06  1.4369E+04  7.4643E-05  3.6212E-01  7.1845E-06
 1.1803E+25  1.3336E-06  1.3789E+04  7.4643E-05  3.0262E-01  7.1845E-06
 1.1895E+25  1.3884E-06  1.3256E+04  7.4643E-05  2.5531E-01  7.1845E-06
 1.1988E+25  1.4438E-06  1.2775E+04  7.4643E-05  2.1793E-01  7.1845E-06
 1.2080E+25  1.4991E-06  1.2344E+04  7.4643E-05  1.8826E-01  7.1845E-06
 1.2173E+25  1.5540E-06  1.1959E+04  7.4643E-05  1.6444E-01  7.1845E-06
 1.2266E+25  1.6084E-06  1.1615E+04  7.4643E-05  1.4506E-01  7.1845E-06
 1.2358E+25  1.6621E-06  1.1307E+04  7.4643E-05  1.2909E-01  7.1845E-06
 1.2451E+25  1.7153E-06  1.1030E+04  7.4643E-05  1.1575E-01  7.1845E-06
 1.2543E+25  1.7678E-06  1.0781E+04  7.4643E-05  1.0447E-01  7.1845E-06
 1.2636E+25  1.8196E-06  1.0556E+04  7.4643E-05  9.4832E-02  7.1845E-06
 1.2728E+25  1.8710E-06  1.0351E+04  7.4643E-05  8.6525E-02  7.1845E-06
 1.2821E+25  1.9218E-06  1.0165E+04  7.4643E-05  7.9300E-02  7.1845E-06
 1.2914E+25  1.9722E-06  9.9941E+03  7.4643E-05  7.2972E-02  7.1845E-06
 1.3006E+25  2.0222E-06  9.8377E+03  7.4643E-05  6.7390E-02  7.1845E-06
 1.3099E+25  2.0717E-06  9.6938E+03  7.4643E-05  6.2438E-02  7.1845E-06
 1.3191E+25  2.1210E-06  9.5611E+03  7.4643E-05  5.8020E-02  7.1845E-06
 1.3284E+25  2.1700E-06  9.4383E+03  7.4643E-05  5.4060E-02  7.1845E-06
 1.3376E+25  2.2187E-06  9.3244E+03  7.4643E-05  5.0494E-02  7.1845E-06
 1.3469E+25  2.2672E-06  9.2186E+03  7.4643E-05  4.7270E-02  7.1845E-06
 1.3562E+25  2.3155E-06  9.1201E+03  7.4643E-05  4.4344E-02  7.1845E-06
 1.3654E+25  2.3637E-06  9.0281E+03  7.4643E-05  4.1679E-02  7.1845E-06
 1.3747E+25  2.4119E-06  8.9421E+03  7.4643E-05  3.9245E-02  7.1845E-06
 1.3839E+25  2.4599E-06  8.8616E+03  7.4643E-05  3.7014E-02  7.1845E-06
 1.3932E+25  2.5067E-06  8.7860E+03  7.4643E-05  3.4965E-02  7.1845E-06
 1.4024E+25  2.5523E-06  8.7150E+03  7.4643E-05  3.3077E-02  7.1845E-06
 1.4117E+25  2.5995E-06  8.6482E+03  7.4643E-05  3.1334E-02  7.1845E-06
 1.4210E+25  2.6469E-06  8.5852E+03  7.4643E-05  2.9721E-02  7.1845E-06
 1.4302E+25  2.6946E-06  8.5258E+03  7.4643E-05  2.8226E-02  7.1845E-06
 1.4395E+25  2.7423E-06  8.4697E+03  7.4643E-05  2.6836E-02  7.1845E-06
 1.4487E+25  2.7901E-06  8.4166E+03  7.4643E-05  2.5543E-02  7.1845E-06
 1.4580E+25  2.8382E-06  8.3663E+03  7.4643E-05  2.4337E-02  7.1845E-06
 1.4672E+25  2.8866E-06  8.3186E+03  7.4643E-05  2.3211E-02  7.1845E-06
 1.4765E+25  2.9353E-06  8.2734E+03  7.4643E-05  2.2157E-02  7.1845E-06
 1.4858E+25  2.9844E-06  8.2304E+03  7.4643E-05  2.1170E-02  7.1845E-06
 1.4950E+25  3.0301E-06  8.1896E+03  7.4643E-05  2.0244E-02  7.1845E-06
 1.5043E+25  3.0710E-06  8.1507E+03  7.4643E-05  1.9374E-02  7.1845E-06
 1.5135E+25  3.1201E-06  8.1137E+03  7.4643E-05  1.8556E-02  7.1845E-06
 1.5228E+25  3.1697E-06  8.0784E+03  7.4643E-05  1.7786E-02  7.1845E-06
 1.5320E+25  3.2199E-06  8.0447E+03  7.4643E-05  1.7059E-02  7.1845E-06
 1.5413E+25  3.2706E-06  8.0125E+03  7.4643E-05  1.6374E-02  7.1845E-06
 1.5506E+25  3.3220E-06  7.9818E+03  7.4643E-05  1.5726E-02  7.1845E-06
 1.5598E+25  3.3586E-06  7.9524E+03  7.4643E-05  1.5113E-02  7.1845E-06
 1.5691E+25  3.4066E-06  7.9243E+03  7.4643E-05  1.4534E-02  7.1845E-06
 1.5783E+25  3.4586E-06  7.8974E+03  7.4643E-05  1.3984E-02  7.1845E-06
 1.5876E+25  3.5115E-06  7.8717E+03  7.4643E-05  1.3463E-02  7.1845E-06
 1.5968E+25  3.5653E-06  7.8470E+03  7.4643E-05  1.2968E-02  7.1845E-06
 1.6061E+25  3.6031E-06  7.8233E+03  7.4643E-05  1.2498E-02  7.1845E-06
 1.6154E+25  3.6489E-06  7.8005E+03  7.4643E-05  1.2051E-02  7.1845E-06
 1.6246E+25  3.7037E-06  7.7787E+03  7.4643E-05  1.1626E-02  7.1845E-06
 1.6339E+25  3.7596E-06  7.7577E+03  7.4643E-05  1.1221E-02  7.1845E-06
 1.6431E+25  3.8094E-06  7.7375E+03  7.4643E-05  1.0836E-02  7.1845E-06
 1.6524E+25  3.8428E-06  7.7182E+03  7.4643E-05  1.0468E-02  7.1845E-06
 1.6616E+25  3.9001E-06  7.6995E+03  7.4643E-05  1.0117E-02  7.1845E-06
 1.6709E+25  3.9587E-06  7.6815E+03  7.4643E-05  9.7816E-03  7.1845E-06
 1.6802E+25  4.0094E-06  7.6643E+03  7.4643E-05  9.4618E-03  7.1845E-06
 1.6894E+25  4.0420E-06  7.6476E+03  7.4643E-05  9.1556E-03  7.1845E-06
 1.6987E+25  4.1025E-06  7.6315E+03  7.4643E-05  8.8626E-03  7.1845E-06
 1.7079E+25  4.1644E-06  7.6161E+03  7.4643E-05  8.5828E-03  7.1845E-06
 1.7172E+25  4.2023E-06  7.6011E+03  7.4643E-05  8.3142E-03  7.1845E-06
 1.7264E+25  4.2479E-06  7.5867E+03  7.4643E-05  8.0573E-03  7.1845E-06
 1.7357E+25  4.3123E-06  7.5728E+03  7.4643E-05  7.8109E-03  7.1845E-06
 1.7450E+25  4.3697E-06  7.5593E+03  7.4643E-05  7.5743E-03  7.1845E-06
 1.7542E+25  4.3963E-06  7.5464E+03  7.4643E-05  7.3479E-03  7.1845E-06
 1.7635E+25  4.4631E-06  7.5338E+03  7.4643E-05  7.1298E-03  7.1845E-06
 1.7727E+25  4.5317E-06  7.5217E+03  7.4643E-05  6.9210E-03  7.1845E-06
 1.7820E+25  4.5500E-06  7.5099E+03  7.4643E-05  6.7198E-03  7.1845E-06
 1.7912E+25  4.6174E-06  7.4986E+03  7.4643E-05  6.5268E-03  7.1845E-06
 1.8005E+25  4.6893E-06  7.4876E+03  7.4643E-05  6.3409E-03  7.1845E-06
 1.8097E+25  4.7092E-06  7.4769E+03  7.4643E-05  6.1622E-03  7.1845E-06
 1.8190E+25  4.7756E-06  7.4666E+03  7.4643E-05  5.9902E-03  7.1845E-06
 1.8283E+25  4.8511E-06  7.4567E+03  7.4643E-05  5.8244E-03  7.1845E-06
 1.8375E+25  4.8654E-06  7.4470E+03  7.4643E-05  5.6649E-03  7.1845E-06
 1.8468E+25  4.9386E-06  7.4376E+03  7.4643E-05  5.5110E-03  7.1845E-06
 1.8560E+25  5.0094E-06  7.4285E+03  7.4643E-05  5.3629E-03  7.1845E-06
 1.8653E+25  5.0266E-06  7.4197E+03  7.4643E-05  5.2198E-03  7.1845E-06
 1.8745E+25  5.1073E-06  7.4112E+03  7.4643E-05  5.0819E-03  7.1845E-06
 1.8838E+25  5.1609E-06  7.4029E+03  7.4643E-05  4.9487E-03  7.1845E-06
 1.8931E+25  5.1968E-06  7.3948E+03  7.4643E-05  4.8202E-03  7.1845E-06
 1.9023E+25  5.2822E-06  7.3870E+03  7.4643E-05  4.6963E-03  7.1845E-06
 1.9116E+25  5.3084E-06  7.3794E+03  7.4643E-05  4.5762E-03  7.1845E-06
 1.9208E+25  5.3739E-06  7.3720E+03  7.4643E-05  4.4606E-03  7.1845E-06
 1.9301E+25  5.4502E-06  7.3649E+03  7.4643E-05  4.3482E-03  7.1845E-06
 1.9393E+25  5.4659E-06  7.3579E+03  7.4643E-05  4.2404E-03  7.1845E-06
 1.9486E+25  5.5586E-06  7.3511E+03  7.4643E-05  4.1353E-03  7.1845E-06
 1.9579E+25  5.5920E-06  7.3446E+03  7.4643E-05  4.0343E-03  7.1845E-06
 1.9671E+25  5.6534E-06  7.3382E+03  7.4643E-05  3.9361E-03  7.1845E-06
 1.9764E+25  5.7324E-06  7.3320E+03  7.4643E-05  3.8411E-03  7.1845E-06
 1.9856E+25  5.7489E-06  7.3259E+03  7.4643E-05  3.7494E-03  7.1845E-06
 1.9949E+25  5.8497E-06  7.3200E+03  7.4643E-05  3.6601E-03  7.1845E-06
 2.0041E+25  5.8680E-06  7.3143E+03  7.4643E-05  3.5742E-03  7.1845E-06
 2.0134E+25  5.9490E-06  7.3087E+03  7.4643E-05  3.4904E-03  7.1845E-06
 2.0227E+25  6.0060E-06  7.3033E+03  7.4643E-05  3.4094E-03  7.1845E-06
 2.0319E+25  6.0489E-06  7.2980E+03  7.4643E-05  3.3311E-03  7.1845E-06
 2.0412E+25  6.1441E-06  7.2928E+03  7.4643E-05  3.2546E-03  7.1845E-06
 2.0504E+25  6.1504E-06  7.2878E+03  7.4643E-05  3.1810E-03  7.1845E-06
 2.0597E+25  6.2636E-06  7.2829E+03  7.4643E-05  3.1092E-03  7.1845E-06
 2.0689E+25  6.2707E-06  7.2781E+03  7.4643E-05  3.0395E-03  7.1845E-06
 2.0782E+25  6.3694E-06  7.2735E+03  7.4643E-05  2.9723E-03  7.1845E-06
 2.0875E+25  6.4063E-06  7.2690E+03  7.4643E-05  2.9064E-03  7.1845E-06
 2.0967E+25  6.4769E-06  7.2645E+03  7.4643E-05  2.8429E-03  7.1845E-06
 2.1060E+25  6.5411E-06  7.2602E+03  7.4643E-05  2.7812E-03  7.1845E-06
 2.1152E+25  6.5860E-06  7.2560E+03  7.4643E-05  2.7208E-03  7.1845E-06
 2.1245E+25  6.6751E-06  7.2519E+03  7.4643E-05  2.6626E-03  7.1845E-06
 2.1337E+25  6.6969E-06  7.2479E+03  7.4643E-05  2.6059E-03  7.1845E-06
 2.1430E+25  6.8089E-06  7.2440E+03  7.4643E-05  2.5504E-03  7.1845E-06
 2.1523E+25  6.8100E-06  7.2402E+03  7.4643E-05  2.4971E-03  7.1845E-06
 2.1615E+25  6.9410E-06  7.2365E+03  7.4643E-05  2.4449E-03  7.1845E-06
 2.1708E+25  6.9260E-06  7.2328E+03  7.4643E-05  2.3939E-03  7.1845E-06
 2.1800E+25  7.0651E-06  7.2293E+03  7.4643E-05  2.3448E-03  7.1845E-06
 2.1893E+25  7.0515E-06  7.2258E+03  7.4643E-05  2.2967E-03  7.1845E-06
 2.1985E+25  7.1868E-06  7.2224E+03  7.4643E-05  2.2497E-03  7.1845E-06
 2.2078E+25  7.1810E-06  7.2192E+03  7.4643E-05  2.2044E-03  7.1845E-06
 2.2171E+25  7.3111E-06  7.2159E+03  7.4643E-05  2.1601E-03  7.1845E-06
 2.2263E+25  7.3099E-06  7.2127E+03  7.4643E-05  2.1167E-03  7.1845E-06
 2.2356E+25  7.4383E-06  7.2097E+03  7.4643E-05  2.0749E-03  7.1845E-06
 2.2448E+25  7.4379E-06  7.2067E+03  7.4643E-05  2.0340E-03  7.1845E-06
 2.2541E+25  7.5684E-06  7.2037E+03  7.4643E-05  1.9938E-03  7.1845E-06
 2.2633E+25  7.5651E-06  7.2008E+03  7.4643E-05  1.9551E-03  7.1845E-06
 2.2726E+25  7.7015E-06  7.1980E+03  7.4643E-05  1.9173E-03  7.1845E-06
 2.2819E+25  7.6913E-06  7.1952E+03  7.4643E-05  1.8802E-03  7.1845E-06
 2.2911E+25  7.8379E-06  7.1925E+03  7.4643E-05  1.8442E-03  7.1845E-06
 2.3004E+25  7.8165E-06  7.1899E+03  7.4643E-05  1.8093E-03  7.1845E-06
 2.3096E+25  7.9754E-06  7.1873E+03  7.4643E-05  1.7749E-03  7.1845E-06
 2.3189E+25  7.9431E-06  7.1848E+03  7.4643E-05  1.7413E-03  7.1845E-06
 2.3281E+25  8.1028E-06  7.1823E+03  7.4643E-05  1.7090E-03  7.1845E-06
 2.3374E+25  8.0824E-06  7.1799E+03  7.4643E-05  1.6772E-03  7.1845E-06
 2.3467E+25  8.2269E-06  7.1775E+03  7.4643E-05  1.6459E-03  7.1845E-06
 2.3559E+25  8.2278E-06  7.1752E+03  7.4643E-05  1.6158E-03  7.1845E-06
 2.3652E+25  8.3497E-06  7.1729E+03  7.4643E-05  1.5864E-03  7.1845E-06
 2.3744E+25  8.3774E-06  7.1707E+03  7.4643E-05  1.5573E-03  7.1845E-06
 2.3837E+25  8.4714E-06  7.1685E+03  7.4643E-05  1.5291E-03  7.1845E-06
 2.3929E+25  8.5314E-06  7.1664E+03  7.4643E-05  1.5018E-03  7.1845E-06
 2.4022E+25  8.5918E-06  7.1643E+03  7.4643E-05  1.4749E-03  7.1845E-06
 2.4115E+25  8.6899E-06  7.1622E+03  7.4643E-05  1.4485E-03  7.1845E-06
 2.4207E+25  8.7111E-06  7.1602E+03  7.4643E-05  1.4229E-03  7.1845E-06
 2.4300E+25  8.8531E-06  7.1583E+03  7.4643E-05  1.3980E-03  7.1845E-06
 2.4392E+25  8.8291E-06  7.1563E+03  7.4643E-05  1.3734E-03  7.1845E-06
 2.4485E+25  8.9975E-06  7.1544E+03  7.4643E-05  1.3493E-03  7.1845E-06
 2.4577E+25  8.9695E-06  7.1526E+03  7.4643E-05  1.3261E-03  7.1845E-06
 2.4670E+25  9.1148E-06  7.1508E+03  7.4643E-05  1.3033E-03  7.1845E-06
 2.4763E+25  9.1406E-06  7.1490E+03  7.4643E-05  1.2809E-03  7.1845E-06
 2.4855E+25  9.2309E-06  7.1472E+03  7.4643E-05  1.2589E-03  7.1845E-06
 2.4948E+25  9.3172E-06  7.1455E+03  7.4643E-05  1.2377E-03  7.1845E-06
 2.5040E+25  9.3456E-06  7.1439E+03  7.4643E-05  1.2169E-03  7.1845E-06
 2.5133E+25  9.4995E-06  7.1422E+03  7.4643E-05  1.1963E-03  7.1845E-06
 2.5225E+25  9.4589E-06  7.1406E+03  7.4643E-05  1.1762E-03  7.1845E-06
 2.5318E+25  9.6321E-06  7.1390E+03  7.4643E-05  1.1568E-03  7.1845E-06
 2.5411E+25  9.6265E-06  7.1375E+03  7.4643E-05  1.1377E-03  7.1845E-06
 2.5503E+25  9.7443E-06  7.1359E+03  7.4643E-05  1.1189E-03  7.1845E-06
 2.5596E+25  9.8190E-06  7.1344E+03  7.4643E-05  1.1004E-03  7.1845E-06
 2.5688E+25  9.8551E-06  7.1330E+03  7.4643E-05  1.0826E-03  7.1845E-06
 2.5781E+25  1.0018E-05  7.1315E+03  7.4643E-05  1.0651E-03  7.1845E-06
 2.5873E+25  9.9647E-06  7.1301E+03  7.4643E-05  1.0478E-03  7.1845E-06
 2.5966E+25  1.0142E-05  7.1287E+03  7.4643E-05  1.0309E-03  7.1845E-06
 2.6059E+25  1.0154E-05  7.1274E+03  7.4643E-05  1.0145E-03  7.1845E-06
 2.6151E+25  1.0250E-05  7.1260E+03  7.4643E-05  9.9843E-04  7.1845E-06
 2.6244E+25  1.0365E-05  7.1247E+03  7.4643E-05  9.8258E-04  7.1845E-06
 2.6336E+25  1.0357E-05  7.1234E+03  7.4643E-05  9.6694E-04  7.1845E-06
 2.6429E+25  1.0537E-05  7.1221E+03  7.4643E-05  9.5177E-04  7.1845E-06
 2.6521E+25  1.0507E-05  7.1209E+03  7.4643E-05  9.3705E-04  7.1845E-06
 2.6614E+25  1.0642E-05  7.1197E+03  7.4643E-05  9.2249E-04  7.1845E-06
 2.6707E+25  1.0731E-05  7.1185E+03  7.4643E-05  9.0811E-04  7.1845E-06
 2.6799E+25  1.0746E-05  7.1173E+03  7.4643E-05  8.9404E-04  7.1845E-06
 2.6892E+25  1.0930E-05  7.1161E+03  7.4643E-05  8.8044E-04  7.1845E-06
 2.6984E+25  1.0880E-05  7.1150E+03  7.4643E-05  8.6708E-04  7.1845E-06
 2.7077E+25  1.1032E-05  7.1139E+03  7.4643E-05  8.5385E-04  7.1845E-06
 2.7169E+25  1.1119E-05  7.1128E+03  7.4643E-05  8.4081E-04  7.1845E-06
 2.7262E+25  1.1133E-05  7.1117E+03  7.4643E-05  8.2815E-04  7.1845E-06
 2.7355E+25  1.1320E-05  7.1106E+03  7.4643E-05  8.1587E-04  7.1845E-06
 2.7447E+25  1.1276E-05  7.1096E+03  7.4643E-05  8.0372E-04  7.1845E-06
 2.7540E+25  1.1418E-05  7.1085E+03  7.4643E-05  7.9168E-04  7.1845E-06
 2.7632E+25  1.1531E-05  7.1075E+03  7.4643E-05  7.7988E-04  7.1845E-06
 2.7725E+25  1.1516E-05  7.1065E+03  7.4643E-05  7.6845E-04  7.1845E-06
 2.7817E+25  1.1706E-05  7.1056E+03  7.4643E-05  7.5728E-04  7.1845E-06
 2.7910E+25  1.1698E-05  7.1046E+03  7.4643E-05  7.4622E-04  7.1845E-06
 2.8003E+25  1.1800E-05  7.1037E+03  7.4643E-05  7.3525E-04  7.1845E-06
 2.8095E+25  1.1969E-05  7.1027E+03  7.4643E-05  7.2456E-04  7.1845E-06
 2.8188E+25  1.1894E-05  7.1018E+03  7.4643E-05  7.1419E-04  7.1845E-06
 2.8280E+25  1.2087E-05  7.1009E+03  7.4643E-05  7.0403E-04  7.1845E-06
 2.8373E+25  1.2149E-05  7.1000E+03  7.4643E-05  6.9394E-04  7.1845E-06
 2.8465E+25  1.2178E-05  7.0992E+03  7.4643E-05  6.8396E-04  7.1845E-06
 2.8558E+25  1.2374E-05  7.0983E+03  7.4643E-05  6.7422E-04  7.1845E-06
 2.8651E+25  1.2332E-05  7.0975E+03  7.4643E-05  6.6478E-04  7.1845E-06
 2.8743E+25  1.2463E-05  7.0966E+03  7.4643E-05  6.5551E-04  7.1845E-06
 2.8836E+25  1.2630E-05  7.0958E+03  7.4643E-05  6.4631E-04  7.1845E-06
 2.8928E+25  1.2552E-05  7.0950E+03  7.4643E-05  6.3721E-04  7.1845E-06
 2.9021E+25  1.2749E-05  7.0942E+03  7.4643E-05  6.2832E-04  7.1845E-06
 2.9113E+25  1.2827E-05  7.0935E+03  7.4643E-05  6.1969E-04  7.1845E-06
 2.9206E+25  1.2835E-05  7.0927E+03  7.4643E-05  6.1124E-04  7.1845E-06
 2.9299E+25  1.3035E-05  7.0919E+03  7.4643E-05  6.0284E-04  7.1845E-06
 2.9391E+25  1.3030E-05  7.0912E+03  7.4643E-05  5.9453E-04  7.1845E-06
 2.9484E+25  1.3118E-05  7.0905E+03  7.4643E-05  5.8637E-04  7.1845E-06
 2.9576E+25  1.3321E-05  7.0897E+03  7.4643E-05  5.7846E-04  7.1845E-06
 2.9669E+25  1.3239E-05  7.0890E+03  7.4643E-05  5.7075E-04  7.1845E-06
 2.9761E+25  1.3402E-05  7.0884E+03  7.4643E-05  5.6308E-04  7.1845E-06
 2.9854E+25  1.3577E-05  7.0877E+03  7.4643E-05  5.5549E-04  7.1845E-06
 2.9947E+25  1.3483E-05  7.0870E+03  7.4643E-05  5.4799E-04  7.1845E-06
 3.0039E+25  1.3686E-05  7.0863E+03  7.4643E-05  5.4071E-04  7.1845E-06
 3.0132E+25  1.3802E-05  7.0857E+03  7.4643E-05  5.3364E-04  7.1845E-06
 3.0224E+25  1.3764E-05  7.0850E+03  7.4643E-05  5.2665E-04  7.1845E-06
 3.0317E+25  1.3971E-05  7.0844E+03  7.4643E-05  5.1970E-04  7.1845E-06
 3.0409E+25  1.4034E-05  7.0838E+03  7.4643E-05  5.1282E-04  7.1845E-06
 3.0502E+25  1.4046E-05  7.0831E+03  7.4643E-05  5.0610E-04  7.1845E-06
 3.0594E+25  1.4255E-05  7.0825E+03  7.4643E-05  4.9956E-04  7.1845E-06
 3.0687E+25  1.4274E-05  7.0819E+03  7.4643E-05  4.9319E-04  7.1845E-06
 3.0780E+25  1.4327E-05  7.0814E+03  7.4643E-05  4.8683E-04  7.1845E-06
 3.0872E+25  1.4539E-05  7.0808E+03  7.4643E-05  4.8054E-04  7.1845E-06
 3.0965E+25  1.4522E-05  7.0802E+03  7.4643E-05  4.7432E-04  7.1845E-06
 3.1057E+25  1.4609E-05  7.0796E+03  7.4643E-05  4.6826E-04  7.1845E-06
 3.1150E+25  1.4822E-05  7.0791E+03  7.4643E-05  4.6237E-04  7.1845E-06
 3.1242E+25  1.4778E-05  7.0785E+03  7.4643E-05  4.5659E-04  7.1845E-06
 3.1335E+25  1.4890E-05  7.0780E+03  7.4643E-05  4.5082E-04  7.1845E-06
 3.1428E+25  1.5105E-05  7.0775E+03  7.4643E-05  4.4511E-04  7.1845E-06
 3.1520E+25  1.5043E-05  7.0769E+03  7.4643E-05  4.3948E-04  7.1845E-06
 3.1613E+25  1.5171E-05  7.0764E+03  7.4643E-05  4.3400E-04  7.1845E-06
 3.1705E+25  1.5387E-05  7.0759E+03  7.4643E-05  4.2867E-04  7.1845E-06
 3.1798E+25  1.5317E-05  7.0754E+03  7.4643E-05  4.2342E-04  7.1845E-06
 3.1890E+25  1.5451E-05  7.0749E+03  7.4643E-05  4.1818E-04  7.1845E-06
 3.1983E+25  1.5669E-05  7.0744E+03  7.4643E-05  4.1299E-04  7.1845E-06
 3.2076E+25  1.5601E-05  7.0739E+03  7.4643E-05  4.0787E-04  7.1845E-06
 3.2168E+25  1.5731E-05  7.0735E+03  7.4643E-05  4.0291E-04  7.1845E-06
 3.2261E+25  1.5951E-05  7.0730E+03  7.4643E-05  3.9806E-04  7.1845E-06
 3.2353E+25  1.5895E-05  7.0725E+03  7.4643E-05  3.9329E-04  7.1845E-06
 3.2446E+25  1.6010E-05  7.0721E+03  7.4643E-05  3.8853E-04  7.1845E-06
 3.2538E+25  1.6232E-05  7.0716E+03  7.4643E-05  3.8382E-04  7.1845E-06
 3.2631E+25  1.6200E-05  7.0712E+03  7.4643E-05  3.7916E-04  7.1845E-06
 3.2724E+25  1.6288E-05  7.0707E+03  7.4643E-05  3.7462E-04  7.1845E-06
 3.2816E+25  1.6512E-05  7.0703E+03  7.4643E-05  3.7020E-04  7.1845E-06
 3.2909E+25  1.6516E-05  7.0699E+03  7.4643E-05  3.6586E-04  7.1845E-06
 3.3001E+25  1.6566E-05  7.0695E+03  7.4643E-05  3.6154E-04  7.1845E-06
 3.3094E+25  1.6792E-05  7.0691E+03  7.4643E-05  3.5725E-04  7.1845E-06
 3.3186E+25  1.6844E-05  7.0686E+03  7.4643E-05  3.5300E-04  7.1845E-06
 3.3279E+25  1.6843E-05  7.0682E+03  7.4643E-05  3.4885E-04  7.1845E-06
 3.3372E+25  1.7070E-05  7.0678E+03  7.4643E-05  3.4480E-04  7.1845E-06
 3.3464E+25  1.7185E-05  7.0675E+03  7.4643E-05  3.4085E-04  7.1845E-06
 3.3557E+25  1.7119E-05  7.0671E+03  7.4643E-05  3.3692E-04  7.1845E-06
 3.3649E+25  1.7348E-05  7.0667E+03  7.4643E-05  3.3301E-04  7.1845E-06
 3.3742E+25  1.7538E-05  7.0663E+03  7.4643E-05  3.2914E-04  7.1845E-06
 3.3834E+25  1.7395E-05  7.0659E+03  7.4643E-05  3.2532E-04  7.1845E-06
 3.3927E+25  1.7623E-05  7.0656E+03  7.4643E-05  3.2160E-04  7.1845E-06
 3.4020E+25  1.7854E-05  7.0652E+03  7.4643E-05  3.1798E-04  7.1845E-06
 3.4112E+25  1.7721E-05  7.0648E+03  7.4643E-05  3.1441E-04  7.1845E-06
 3.4205E+25  1.7899E-05  7.0645E+03  7.4643E-05  3.1085E-04  7.1845E-06
 3.4297E+25  1.8133E-05  7.0641E+03  7.4643E-05  3.0732E-04  7.1845E-06
 3.4390E+25  1.8097E-05  7.0638E+03  7.4643E-05  3.0382E-04  7.1845E-06
 3.4482E+25  1.8173E-05  7.0635E+03  7.4643E-05  3.0039E-04  7.1845E-06
 3.4575E+25  1.8409E-05  7.0631E+03  7.4643E-05  2.9704E-04  7.1845E-06
 3.4668E+25  1.8489E-05  7.0628E+03  7.4643E-05  2.9377E-04  7.1845E-06
 3.4760E+25  1.8447E-05  7.0625E+03  7.4643E-05  2.9055E-04  7.1845E-06
 3.4853E+25  1.8684E-05  7.0622E+03  7.4643E-05  2.8733E-04  7.1845E-06
 3.4945E+25  1.8896E-05  7.0618E+03  7.4643E-05  2.8413E-04  7.1845E-06
 3.5038E+25  1.8721E-05  7.0615E+03  7.4643E-05  2.8096E-04  7.1845E-06
 3.5130E+25  1.8957E-05  7.0612E+03  7.4643E-05  2.7787E-04  7.1845E-06
 3.5223E+25  1.9196E-05  7.0609E+03  7.4643E-05  2.7484E-04  7.1845E-06
 3.5316E+25  1.9115E-05  7.0606E+03  7.4643E-05  2.7189E-04  7.1845E-06
 3.5408E+25  1.9229E-05  7.0603E+03  7.4643E-05  2.6897E-04  7.1845E-06
 3.5501E+25  1.9472E-05  7.0600E+03  7.4643E-05  2.6605E-04  7.1845E-06
 3.5593E+25  1.9550E-05  7.0597E+03  7.4643E-05  2.6315E-04  7.1845E-06
 3.5686E+25  1.9501E-05  7.0594E+03  7.4643E-05  2.6028E-04  7.1845E-06
 3.5778E+25  1.9743E-05  7.0591E+03  7.4643E-05  2.5747E-04  7.1845E-06
 3.5871E+25  1.9983E-05  7.0588E+03  7.4643E-05  2.5472E-04  7.1845E-06
 3.5964E+25  1.9792E-05  7.0586E+03  7.4643E-05  2.5205E-04  7.1845E-06
 3.6056E+25  2.0014E-05  7.0583E+03  7.4643E-05  2.4940E-04  7.1845E-06
 3.6149E+25  2.0261E-05  7.0580E+03  7.4643E-05  2.4676E-04  7.1845E-06
 3.6241E+25  2.0255E-05  7.0577E+03  7.4643E-05  2.4414E-04  7.1845E-06
 3.6334E+25  2.0284E-05  7.0575E+03  7.4643E-05  2.4153E-04  7.1845E-06
 3.6426E+25  2.0532E-05  7.0572E+03  7.4643E-05  2.3897E-04  7.1845E-06
 3.6519E+25  2.0740E-05  7.0570E+03  7.4643E-05  2.3647E-04  7.1845E-06
 3.6612E+25  2.0555E-05  7.0567E+03  7.4643E-05  2.3402E-04  7.1845E-06
 3.6704E+25  2.0801E-05  7.0565E+03  7.4643E-05  2.3163E-04  7.1845E-06
 3.6797E+25  2.1053E-05  7.0562E+03  7.4643E-05  2.2924E-04  7.1845E-06
 3.6889E+25  2.1015E-05  7.0560E+03  7.4643E-05  2.2685E-04  7.1845E-06
 3.6982E+25  2.1070E-05  7.0557E+03  7.4643E-05  2.2449E-04  7.1845E-06
 3.7074E+25  2.1322E-05  7.0555E+03  7.4643E-05  2.2215E-04  7.1845E-06
 3.7167E+25  2.1535E-05  7.0552E+03  7.4643E-05  2.1986E-04  7.1845E-06
 3.7260E+25  2.1339E-05  7.0550E+03  7.4643E-05  2.1762E-04  7.1845E-06
 3.7352E+25  2.1589E-05  7.0548E+03  7.4643E-05  2.1544E-04  7.1845E-06
 3.7445E+25  2.1846E-05  7.0545E+03  7.4643E-05  2.1328E-04  7.1845E-06
 3.7537E+25  2.1836E-05  7.0543E+03  7.4643E-05  2.1111E-04  7.1845E-06
 3.7630E+25  2.1858E-05  7.0541E+03  7.4643E-05  2.0896E-04  7.1845E-06
 3.7722E+25  2.2113E-05  7.0539E+03  7.4643E-05  2.0683E-04  7.1845E-06
 3.7815E+25  2.2368E-05  7.0536E+03  7.4643E-05  2.0473E-04  7.1845E-06
 3.7908E+25  2.2152E-05  7.0534E+03  7.4643E-05  2.0268E-04  7.1845E-06
 3.8000E+25  2.2379E-05  7.0532E+03  7.4643E-05  2.0066E-04  7.1845E-06
 3.8093E+25  2.2640E-05  7.0530E+03  7.4643E-05  1.9870E-04  7.1845E-06
 3.8185E+25  2.2724E-05  7.0528E+03  7.4643E-05  1.9675E-04  7.1845E-06
 3.8278E+25  2.2647E-05  7.0526E+03  7.4643E-05  1.9479E-04  7.1845E-06
 3.8370E+25  2.2904E-05  7.0524E+03  7.4643E-05  1.9286E-04  7.1845E-06
 3.8463E+25  2.3169E-05  7.0522E+03  7.4643E-05  1.9093E-04  7.1845E-06
 3.8556E+25  2.3067E-05  7.0520E+03  7.4643E-05  1.8903E-04  7.1845E-06
 3.8648E+25  2.3171E-05  7.0518E+03  7.4643E-05  1.8718E-04  7.1845E-06
 3.8741E+25  2.3433E-05  7.0516E+03  7.4643E-05  1.8536E-04  7.1845E-06
 3.8833E+25  2.3683E-05  7.0514E+03  7.4643E-05  1.8360E-04  7.1845E-06
 3.8926E+25  2.3439E-05  7.0512E+03  7.4643E-05  1.8183E-04  7.1845E-06
 3.9018E+25  2.3697E-05  7.0510E+03  7.4643E-05  1.8006E-04  7.1845E-06
 3.9111E+25  2.3965E-05  7.0508E+03  7.4643E-05  1.7831E-04  7.1845E-06
 3.9204E+25  2.4062E-05  7.0506E+03  7.4643E-05  1.7657E-04  7.1845E-06
 3.9296E+25  2.3963E-05  7.0504E+03  7.4643E-05  1.7485E-04  7.1845E-06
 3.9389E+25  2.4227E-05  7.0503E+03  7.4643E-05  1.7318E-04  7.1845E-06
 3.9481E+25  2.4499E-05  7.0501E+03  7.4643E-05  1.7153E-04  7.1845E-06
 3.9574E+25  2.4454E-05  7.0499E+03  7.4643E-05  1.6993E-04  7.1845E-06
 3.9666E+25  2.4492E-05  7.0497E+03  7.4643E-05  1.6833E-04  7.1845E-06
 3.9759E+25  2.4760E-05  7.0495E+03  7.4643E-05  1.6674E-04  7.1845E-06
 3.9852E+25  2.5035E-05  7.0494E+03  7.4643E-05  1.6515E-04  7.1845E-06
 3.9944E+25  2.4861E-05  7.0492E+03  7.4643E-05  1.6358E-04  7.1845E-06
 4.0037E+25  2.5025E-05  7.0490E+03  7.4643E-05  1.6202E-04  7.1845E-06
 4.0129E+25  2.5296E-05  7.0489E+03  7.4643E-05  1.6049E-04  7.1845E-06
 4.0222E+25  2.5562E-05  7.0487E+03  7.4643E-05  1.5899E-04  7.1845E-06
 4.0314E+25  2.5296E-05  7.0485E+03  7.4643E-05  1.5753E-04  7.1845E-06
 4.0407E+25  2.5559E-05  7.0484E+03  7.4643E-05  1.5609E-04  7.1845E-06
 4.0500E+25  2.5834E-05  7.0482E+03  7.4643E-05  1.5465E-04  7.1845E-06
 4.0592E+25  2.6018E-05  7.0480E+03  7.4643E-05  1.5322E-04  7.1845E-06
 4.0685E+25  2.5822E-05  7.0479E+03  7.4643E-05  1.5179E-04  7.1845E-06
 4.0777E+25  2.6096E-05  7.0477E+03  7.4643E-05  1.5037E-04  7.1845E-06
 4.0870E+25  2.6375E-05  7.0476E+03  7.4643E-05  1.4898E-04  7.1845E-06
 4.0962E+25  2.6483E-05  7.0474E+03  7.4643E-05  1.4761E-04  7.1845E-06
 4.1055E+25  2.6358E-05  7.0473E+03  7.4643E-05  1.4627E-04  7.1845E-06
 4.1148E+25  2.6635E-05  7.0471E+03  7.4643E-05  1.4496E-04  7.1845E-06
 4.1240E+25  2.6918E-05  7.0470E+03  7.4643E-05  1.4367E-04  7.1845E-06
 4.1333E+25  2.6968E-05  7.0468E+03  7.4643E-05  1.4237E-04  7.1845E-06
 4.1425E+25  2.6898E-05  7.0467E+03  7.4643E-05  1.4108E-04  7.1845E-06
 4.1518E+25  2.7177E-05  7.0466E+03  7.4643E-05  1.3979E-04  7.1845E-06
 4.1610E+25  2.7462E-05  7.0464E+03  7.4643E-05  1.3852E-04  7.1845E-06
 4.1703E+25  2.7473E-05  7.0463E+03  7.4643E-05  1.3726E-04  7.1845E-06
 4.1796E+25  2.7439E-05  7.0461E+03  7.4643E-05  1.3603E-04  7.1845E-06
 4.1888E+25  2.7721E-05  7.0460E+03  7.4643E-05  1.3482E-04  7.1845E-06
 4.1981E+25  2.8009E-05  7.0459E+03  7.4643E-05  1.3365E-04  7.1845E-06
 4.2073E+25  2.7999E-05  7.0457E+03  7.4643E-05  1.3248E-04  7.1845E-06
 4.2166E+25  2.7983E-05  7.0456E+03  7.4643E-05  1.3131E-04  7.1845E-06
 4.2258E+25  2.8268E-05  7.0455E+03  7.4643E-05  1.3014E-04  7.1845E-06
 4.2351E+25  2.8558E-05  7.0453E+03  7.4643E-05  1.2899E-04  7.1845E-06
 4.2443E+25  2.8547E-05  7.0452E+03  7.4643E-05  1.2784E-04  7.1845E-06
 4.2536E+25  2.8529E-05  7.0451E+03  7.4643E-05  1.2671E-04  7.1845E-06
 4.2629E+25  2.8818E-05  7.0449E+03  7.4643E-05  1.2559E-04  7.1845E-06
 4.2721E+25  2.9109E-05  7.0448E+03  7.4643E-05  1.2450E-04  7.1845E-06
 4.2814E+25  2.9117E-05  7.0447E+03  7.4643E-05  1.2344E-04  7.1845E-06
 4.2906E+25  2.9077E-05  7.0446E+03  7.4643E-05  1.2239E-04  7.1845E-06
 4.2999E+25  2.9369E-05  7.0444E+03  7.4643E-05  1.2133E-04  7.1845E-06
 4.3091E+25  2.9663E-05  7.0443E+03  7.4643E-05  1.2028E-04  7.1845E-06
 4.3184E+25  2.9711E-05  7.0442E+03  7.4643E-05  1.1924E-04  7.1845E-06
 4.3277E+25  2.9629E-05  7.0441E+03  7.4643E-05  1.1820E-04  7.1845E-06
 4.3369E+25  2.9923E-05  7.0440E+03  7.4643E-05  1.1717E-04  7.1845E-06
 4.3462E+25  3.0219E-05  7.0438E+03  7.4643E-05  1.1616E-04  7.1845E-06
 4.3554E+25  3.0329E-05  7.0437E+03  7.4643E-05  1.1517E-04  7.1845E-06
 4.3647E+25  3.0183E-05  7.0436E+03  7.4643E-05  1.1420E-04  7.1845E-06
 4.3739E+25  3.0480E-05  7.0435E+03  7.4643E-05  1.1326E-04  7.1845E-06
 4.3832E+25  3.0777E-05  7.0434E+03  7.4643E-05  1.1231E-04  7.1845E-06
 4.3925E+25  3.0971E-05  7.0433E+03  7.4643E-05  1.1136E-04  7.1845E-06
 4.4017E+25  3.0741E-05  7.0432E+03  7.4643E-05  1.1041E-04  7.1845E-06
 4.4110E+25  3.1039E-05  7.0431E+03  7.4643E-05  1.0947E-04  7.1845E-06
 4.4202E+25  3.1339E-05  7.0429E+03  7.4643E-05  1.0854E-04  7.1845E-06
 4.4295E+25  3.1630E-05  7.0428E+03  7.4643E-05  1.0762E-04  7.1845E-06
 4.4387E+25  3.1311E-05  7.0427E+03  7.4643E-05  1.0672E-04  7.1845E-06
 4.4480E+25  3.1599E-05  7.0426E+03  7.4643E-05  1.0583E-04  7.1845E-06
 4.4573E+25  3.1904E-05  7.0425E+03  7.4643E-05  1.0497E-04  7.1845E-06
 4.4665E+25  3.2209E-05  7.0424E+03  7.4643E-05  1.0412E-04  7.1845E-06
 4.4758E+25  3.1988E-05  7.0423E+03  7.4643E-05  1.0326E-04  7.1845E-06
 4.4850E+25  3.2163E-05  7.0422E+03  7.4643E-05  1.0241E-04  7.1845E-06
 4.4943E+25  3.2471E-05  7.0421E+03  7.4643E-05  1.0156E-04  7.1845E-06
 4.5035E+25  3.2778E-05  7.0420E+03  7.4643E-05  1.0072E-04  7.1845E-06
 4.5128E+25  3.2707E-05  7.0419E+03  7.4643E-05  9.9878E-05  7.1845E-06
 4.5221E+25  3.2731E-05  7.0418E+03  7.4643E-05  9.9056E-05  7.1845E-06
 4.5313E+25  3.3040E-05  7.0417E+03  7.4643E-05  9.8240E-05  7.1845E-06
 4.5406E+25  3.3349E-05  7.0416E+03  7.4643E-05  9.7443E-05  7.1845E-06
 4.5498E+25  3.3454E-05  7.0415E+03  7.4643E-05  9.6673E-05  7.1845E-06
 4.5591E+25  3.3303E-05  7.0414E+03  7.4643E-05  9.5905E-05  7.1845E-06
 4.5683E+25  3.3609E-05  7.0414E+03  7.4643E-05  9.5135E-05  7.1845E-06
 4.5776E+25  3.3925E-05  7.0413E+03  7.4643E-05  9.4366E-05  7.1845E-06
 4.5869E+25  3.4222E-05  7.0411E+03  7.4643E-05  9.3603E-05  7.1845E-06
 4.5961E+25  3.3883E-05  7.0411E+03  7.4643E-05  9.2843E-05  7.1845E-06
 4.6054E+25  3.4185E-05  7.0410E+03  7.4643E-05  9.2087E-05  7.1845E-06
 4.6146E+25  3.4502E-05  7.0409E+03  7.4643E-05  9.1345E-05  7.1845E-06
 4.6239E+25  3.4819E-05  7.0408E+03  7.4643E-05  9.0610E-05  7.1845E-06
 4.6331E+25  3.4669E-05  7.0407E+03  7.4643E-05  8.9888E-05  7.1845E-06
 4.6424E+25  3.4766E-05  7.0406E+03  7.4643E-05  8.9193E-05  7.1845E-06
 4.6517E+25  3.5080E-05  7.0405E+03  7.4643E-05  8.8501E-05  7.1845E-06
 4.6609E+25  3.5403E-05  7.0404E+03  7.4643E-05  8.7808E-05  7.1845E-06
 4.6702E+25  3.5503E-05  7.0404E+03  7.4643E-05  8.7117E-05  7.1845E-06
 4.6794E+25  3.5346E-05  7.0403E+03  7.4643E-05  8.6429E-05  7.1845E-06
 4.6887E+25  3.5663E-05  7.0402E+03  7.4643E-05  8.5745E-05  7.1845E-06
 4.6979E+25  3.5988E-05  7.0401E+03  7.4643E-05  8.5062E-05  7.1845E-06
 4.7072E+25  3.6308E-05  7.0400E+03  7.4643E-05  8.4389E-05  7.1845E-06
 4.7165E+25  3.5992E-05  7.0399E+03  7.4643E-05  8.3726E-05  7.1845E-06
 4.7257E+25  3.6253E-05  7.0399E+03  7.4643E-05  8.3067E-05  7.1845E-06
 4.7350E+25  3.6573E-05  7.0398E+03  7.4643E-05  8.2434E-05  7.1845E-06
 4.7442E+25  3.6904E-05  7.0397E+03  7.4643E-05  8.1812E-05  7.1845E-06
 4.7535E+25  3.6885E-05  7.0396E+03  7.4643E-05  8.1189E-05  7.1845E-06
 4.7627E+25  3.6841E-05  7.0395E+03  7.4643E-05  8.0568E-05  7.1845E-06
 4.7720E+25  3.7167E-05  7.0395E+03  7.4643E-05  7.9947E-05  7.1845E-06
 4.7813E+25  3.7497E-05  7.0394E+03  7.4643E-05  7.9329E-05  7.1845E-06
 4.7905E+25  3.7810E-05  7.0393E+03  7.4643E-05  7.8714E-05  7.1845E-06
 4.7998E+25  3.7440E-05  7.0392E+03  7.4643E-05  7.8102E-05  7.1845E-06
 4.8090E+25  3.7765E-05  7.0392E+03  7.4643E-05  7.7500E-05  7.1845E-06
 4.8183E+25  3.8092E-05  7.0391E+03  7.4643E-05  7.6905E-05  7.1845E-06
 4.8275E+25  3.8430E-05  7.0390E+03  7.4643E-05  7.6315E-05  7.1845E-06
 4.8368E+25  3.8386E-05  7.0389E+03  7.4643E-05  7.5750E-05  7.1845E-06
 4.8461E+25  3.8360E-05  7.0389E+03  7.4643E-05  7.5192E-05  7.1845E-06
 4.8553E+25  3.8697E-05  7.0388E+03  7.4643E-05  7.4633E-05  7.1845E-06
 4.8646E+25  3.9029E-05  7.0387E+03  7.4643E-05  7.4074E-05  7.1845E-06
 4.8738E+25  3.9361E-05  7.0386E+03  7.4643E-05  7.3517E-05  7.1845E-06
 4.8831E+25  3.8987E-05  7.0386E+03  7.4643E-05  7.2962E-05  7.1845E-06
 4.8923E+25  3.9300E-05  7.0385E+03  7.4643E-05  7.2410E-05  7.1845E-06
 4.9016E+25  3.9638E-05  7.0384E+03  7.4643E-05  7.1859E-05  7.1845E-06
 4.9109E+25  3.9979E-05  7.0384E+03  7.4643E-05  7.1318E-05  7.1845E-06
 4.9201E+25  4.0016E-05  7.0383E+03  7.4643E-05  7.0781E-05  7.1845E-06
 4.9294E+25  3.9902E-05  7.0382E+03  7.4643E-05  7.0250E-05  7.1845E-06
 4.9386E+25  4.0251E-05  7.0382E+03  7.4643E-05  6.9742E-05  7.1845E-06
 4.9479E+25  4.0590E-05  7.0381E+03  7.4643E-05  6.9241E-05  7.1845E-06
 4.9571E+25  4.0939E-05  7.0380E+03  7.4643E-05  6.8739E-05  7.1845E-06
 4.9664E+25  4.0669E-05  7.0380E+03  7.4643E-05  6.8236E-05  7.1845E-06
 4.9757E+25  4.0859E-05  7.0379E+03  7.4643E-05  6.7735E-05  7.1845E-06
 4.9849E+25  4.1212E-05  7.0378E+03  7.4643E-05  6.7236E-05  7.1845E-06
 4.9942E+25  4.1554E-05  7.0378E+03  7.4643E-05  6.6740E-05  7.1845E-06
 5.0034E+25  4.1782E-05  7.0377E+03  7.4643E-05  6.6245E-05  7.1845E-06
 5.0127E+25  4.1476E-05  7.0376E+03  7.4643E-05  6.5756E-05  7.1845E-06
 5.0219E+25  4.1828E-05  7.0376E+03  7.4643E-05  6.5273E-05  7.1845E-06
 5.0312E+25  4.2183E-05  7.0375E+03  7.4643E-05  6.4791E-05  7.1845E-06
 5.0405E+25  4.2529E-05  7.0375E+03  7.4643E-05  6.4329E-05  7.1845E-06
 5.0497E+25  4.2501E-05  7.0374E+03  7.4643E-05  6.3876E-05  7.1845E-06
 5.0590E+25  4.2448E-05  7.0373E+03  7.4643E-05  6.3426E-05  7.1845E-06
 5.0682E+25  4.2807E-05  7.0373E+03  7.4643E-05  6.2975E-05  7.1845E-06
 5.0775E+25  4.3165E-05  7.0372E+03  7.4643E-05  6.2525E-05  7.1845E-06
 5.0867E+25  4.3516E-05  7.0371E+03  7.4643E-05  6.2076E-05  7.1845E-06
 5.0960E+25  4.3251E-05  7.0371E+03  7.4643E-05  6.1629E-05  7.1845E-06
 5.1053E+25  4.3432E-05  7.0370E+03  7.4643E-05  6.1184E-05  7.1845E-06
 5.1145E+25  4.3796E-05  7.0370E+03  7.4643E-05  6.0740E-05  7.1845E-06
 5.1238E+25  4.4158E-05  7.0369E+03  7.4643E-05  6.0303E-05  7.1845E-06
 5.1330E+25  4.4472E-05  7.0368E+03  7.4643E-05  5.9870E-05  7.1845E-06
 5.1423E+25  4.4077E-05  7.0368E+03  7.4643E-05  5.9440E-05  7.1845E-06
 5.1515E+25  4.4428E-05  7.0367E+03  7.4643E-05  5.9030E-05  7.1845E-06
 5.1608E+25  4.4797E-05  7.0367E+03  7.4643E-05  5.8625E-05  7.1845E-06
 5.1701E+25  4.5163E-05  7.0366E+03  7.4643E-05  5.8222E-05  7.1845E-06
 5.1793E+25  4.5296E-05  7.0366E+03  7.4643E-05  5.7816E-05  7.1845E-06
 5.1886E+25  4.5079E-05  7.0365E+03  7.4643E-05  5.7412E-05  7.1845E-06
 5.1978E+25  4.5436E-05  7.0365E+03  7.4643E-05  5.7009E-05  7.1845E-06
 5.2071E+25  4.5810E-05  7.0364E+03  7.4643E-05  5.6608E-05  7.1845E-06
 5.2163E+25  4.6180E-05  7.0363E+03  7.4643E-05  5.6209E-05  7.1845E-06
 5.2256E+25  4.6154E-05  7.0363E+03  7.4643E-05  5.5811E-05  7.1845E-06
 5.2349E+25  4.6095E-05  7.0362E+03  7.4643E-05  5.5419E-05  7.1845E-06
 5.2441E+25  4.6456E-05  7.0362E+03  7.4643E-05  5.5029E-05  7.1845E-06
 5.2534E+25  4.6834E-05  7.0361E+03  7.4643E-05  5.4643E-05  7.1845E-06
 5.2626E+25  4.7210E-05  7.0361E+03  7.4643E-05  5.4275E-05  7.1845E-06
 5.2719E+25  4.7047E-05  7.0360E+03  7.4643E-05  5.3911E-05  7.1845E-06
 5.2811E+25  4.7124E-05  7.0360E+03  7.4643E-05  5.3549E-05  7.1845E-06
 5.2904E+25  4.7489E-05  7.0359E+03  7.4643E-05  5.3186E-05  7.1845E-06
 5.2997E+25  4.7870E-05  7.0359E+03  7.4643E-05  5.2823E-05  7.1845E-06
 5.3089E+25  4.8252E-05  7.0358E+03  7.4643E-05  5.2462E-05  7.1845E-06
 5.3182E+25  4.7978E-05  7.0358E+03  7.4643E-05  5.2102E-05  7.1845E-06
 5.3274E+25  4.8165E-05  7.0357E+03  7.4643E-05  5.1743E-05  7.1845E-06
 5.3367E+25  4.8536E-05  7.0357E+03  7.4643E-05  5.1385E-05  7.1845E-06
 5.3459E+25  4.8919E-05  7.0356E+03  7.4643E-05  5.1032E-05  7.1845E-06
 5.3552E+25  4.9304E-05  7.0356E+03  7.4643E-05  5.0681E-05  7.1845E-06
 5.3645E+25  4.8951E-05  7.0355E+03  7.4643E-05  5.0332E-05  7.1845E-06
 5.3737E+25  4.9219E-05  7.0355E+03  7.4643E-05  4.9996E-05  7.1845E-06
 5.3830E+25  4.9596E-05  7.0354E+03  7.4643E-05  4.9669E-05  7.1845E-06
 5.3922E+25  4.9979E-05  7.0354E+03  7.4643E-05  4.9345E-05  7.1845E-06
 5.4015E+25  5.0366E-05  7.0353E+03  7.4643E-05  4.9020E-05  7.1845E-06
 5.4107E+25  4.9967E-05  7.0353E+03  7.4643E-05  4.8694E-05  7.1845E-06
 5.4200E+25  5.0286E-05  7.0352E+03  7.4643E-05  4.8370E-05  7.1845E-06
 5.4292E+25  5.0670E-05  7.0352E+03  7.4643E-05  4.8046E-05  7.1845E-06
 5.4385E+25  5.1053E-05  7.0352E+03  7.4643E-05  4.7724E-05  7.1845E-06
 5.4478E+25  5.1441E-05  7.0351E+03  7.4643E-05  4.7402E-05  7.1845E-06
 5.4570E+25  5.1025E-05  7.0351E+03  7.4643E-05  4.7082E-05  7.1845E-06
 5.4663E+25  5.1366E-05  7.0350E+03  7.4643E-05  4.6767E-05  7.1845E-06
 5.4755E+25  5.1757E-05  7.0350E+03  7.4643E-05  4.6451E-05  7.1845E-06
 5.4848E+25  5.2141E-05  7.0349E+03  7.4643E-05  4.6140E-05  7.1845E-06
 5.4940E+25  5.2533E-05  7.0349E+03  7.4643E-05  4.5844E-05  7.1845E-06
 5.5033E+25  5.2122E-05  7.0348E+03  7.4643E-05  4.5551E-05  7.1845E-06
 5.5126E+25  5.2459E-05  7.0348E+03  7.4643E-05  4.5260E-05  7.1845E-06
 5.5218E+25  5.2858E-05  7.0347E+03  7.4643E-05  4.4968E-05  7.1845E-06
 5.5311E+25  5.3247E-05  7.0347E+03  7.4643E-05  4.4676E-05  7.1845E-06
 5.5403E+25  5.3644E-05  7.0346E+03  7.4643E-05  4.4386E-05  7.1845E-06
 5.5496E+25  5.3256E-05  7.0346E+03  7.4643E-05  4.4096E-05  7.1845E-06
 5.5588E+25  5.3566E-05  7.0346E+03  7.4643E-05  4.3807E-05  7.1845E-06
 5.5681E+25  5.3972E-05  7.0345E+03  7.4643E-05  4.3518E-05  7.1845E-06
 5.5774E+25  5.4371E-05  7.0345E+03  7.4643E-05  4.3232E-05  7.1845E-06
 5.5866E+25  5.4766E-05  7.0344E+03  7.4643E-05  4.2949E-05  7.1845E-06
 5.5959E+25  5.4430E-05  7.0344E+03  7.4643E-05  4.2666E-05  7.1845E-06
 5.6051E+25  5.4696E-05  7.0344E+03  7.4643E-05  4.2386E-05  7.1845E-06
 5.6144E+25  5.5101E-05  7.0343E+03  7.4643E-05  4.2120E-05  7.1845E-06
 5.6236E+25  5.5507E-05  7.0343E+03  7.4643E-05  4.1857E-05  7.1845E-06
 5.6329E+25  5.5906E-05  7.0342E+03  7.4643E-05  4.1596E-05  7.1845E-06
 5.6422E+25  5.5650E-05  7.0342E+03  7.4643E-05  4.1335E-05  7.1845E-06
 5.6514E+25  5.5842E-05  7.0341E+03  7.4643E-05  4.1074E-05  7.1845E-06
 5.6607E+25  5.6241E-05  7.0341E+03  7.4643E-05  4.0813E-05  7.1845E-06
 5.6699E+25  5.6657E-05  7.0341E+03  7.4643E-05  4.0553E-05  7.1845E-06
 5.6792E+25  5.7064E-05  7.0340E+03  7.4643E-05  4.0294E-05  7.1845E-06
 5.6884E+25  5.6916E-05  7.0340E+03  7.4643E-05  4.0036E-05  7.1845E-06
 5.6977E+25  5.7001E-05  7.0339E+03  7.4643E-05  3.9778E-05  7.1845E-06
 5.7070E+25  5.7403E-05  7.0339E+03  7.4643E-05  3.9523E-05  7.1845E-06
 5.7162E+25  5.7822E-05  7.0339E+03  7.4643E-05  3.9269E-05  7.1845E-06
 5.7255E+25  5.8239E-05  7.0338E+03  7.4643E-05  3.9016E-05  7.1845E-06
 5.7347E+25  5.8230E-05  7.0338E+03  7.4643E-05  3.8773E-05  7.1845E-06
 5.7440E+25  5.8171E-05  7.0338E+03  7.4643E-05  3.8537E-05  7.1845E-06
 5.7532E+25  5.8588E-05  7.0337E+03  7.4643E-05  3.8302E-05  7.1845E-06
 5.7625E+25  5.9000E-05  7.0337E+03  7.4643E-05  3.8070E-05  7.1845E-06
 5.7718E+25  5.9427E-05  7.0336E+03  7.4643E-05  3.7835E-05  7.1845E-06
 5.7810E+25  5.9599E-05  7.0336E+03  7.4643E-05  3.7601E-05  7.1845E-06
 5.7903E+25  5.9357E-05  7.0336E+03  7.4643E-05  3.7368E-05  7.1845E-06
 5.7995E+25  5.9786E-05  7.0335E+03  7.4643E-05  3.7135E-05  7.1845E-06
 5.8088E+25  6.0199E-05  7.0335E+03  7.4643E-05  3.6903E-05  7.1845E-06
 5.8180E+25  6.0630E-05  7.0334E+03  7.4643E-05  3.6672E-05  7.1845E-06
 5.8273E+25  6.1010E-05  7.0334E+03  7.4643E-05  3.6441E-05  7.1845E-06
 5.8366E+25  6.0569E-05  7.0334E+03  7.4643E-05  3.6213E-05  7.1845E-06
 5.8458E+25  6.0995E-05  7.0333E+03  7.4643E-05  3.5986E-05  7.1845E-06
 5.8551E+25  6.1426E-05  7.0333E+03  7.4643E-05  3.5759E-05  7.1845E-06
 5.8643E+25  6.1845E-05  7.0333E+03  7.4643E-05  3.5544E-05  7.1845E-06
 5.8736E+25  6.2283E-05  7.0332E+03  7.4643E-05  3.5332E-05  7.1845E-06
 5.8828E+25  6.1992E-05  7.0332E+03  7.4643E-05  3.5123E-05  7.1845E-06
 5.8921E+25  6.2221E-05  7.0332E+03  7.4643E-05  3.4914E-05  7.1845E-06
 5.9014E+25  6.2662E-05  7.0331E+03  7.4643E-05  3.4705E-05  7.1845E-06
 5.9106E+25  6.3090E-05  7.0331E+03  7.4643E-05  3.4495E-05  7.1845E-06
 5.9199E+25  6.3527E-05  7.0330E+03  7.4643E-05  3.4286E-05  7.1845E-06
 5.9291E+25  6.3503E-05  7.0330E+03  7.4643E-05  3.4078E-05  7.1845E-06
 5.9384E+25  6.3475E-05  7.0330E+03  7.4643E-05  3.3870E-05  7.1845E-06
 5.9476E+25  6.3912E-05  7.0329E+03  7.4643E-05  3.3663E-05  7.1845E-06
 5.9569E+25  6.4358E-05  7.0329E+03  7.4643E-05  3.3456E-05  7.1845E-06
 5.9662E+25  6.4785E-05  7.0329E+03  7.4643E-05  3.3252E-05  7.1845E-06
 5.9754E+25  6.5064E-05  7.0328E+03  7.4643E-05  3.3048E-05  7.1845E-06
 5.9847E+25  6.4753E-05  7.0328E+03  7.4643E-05  3.2844E-05  7.1845E-06
 5.9939E+25  6.5184E-05  7.0328E+03  7.4643E-05  3.2649E-05  7.1845E-06
 6.0032E+25  6.5632E-05  7.0327E+03  7.4643E-05  3.2460E-05  7.1845E-06
 6.0124E+25  6.6081E-05  7.0327E+03  7.4643E-05  3.2272E-05  7.1845E-06
 6.0217E+25  6.6514E-05  7.0327E+03  7.4643E-05  3.2085E-05  7.1845E-06
 6.0310E+25  6.6198E-05  7.0326E+03  7.4643E-05  3.1898E-05  7.1845E-06
 6.0402E+25  6.6489E-05  7.0326E+03  7.4643E-05  3.1710E-05  7.1845E-06
 6.0495E+25  6.6927E-05  7.0326E+03  7.4643E-05  3.1523E-05  7.1845E-06
 6.0587E+25  6.7384E-05  7.0325E+03  7.4643E-05  3.1337E-05  7.1845E-06
 6.0680E+25  6.7833E-05  7.0325E+03  7.4643E-05  3.1151E-05  7.1845E-06
 6.0772E+25  6.7854E-05  7.0325E+03  7.4643E-05  3.0965E-05  7.1845E-06
 6.0865E+25  6.7809E-05  7.0324E+03  7.4643E-05  3.0779E-05  7.1845E-06
 6.0958E+25  6.8256E-05  7.0324E+03  7.4643E-05  3.0595E-05  7.1845E-06
 6.1050E+25  6.8704E-05  7.0324E+03  7.4643E-05  3.0412E-05  7.1845E-06
 6.1143E+25  6.9169E-05  7.0323E+03  7.4643E-05  3.0229E-05  7.1845E-06
 6.1235E+25  6.9562E-05  7.0323E+03  7.4643E-05  3.0049E-05  7.1845E-06
 6.1328E+25  6.9152E-05  7.0323E+03  7.4643E-05  2.9878E-05  7.1845E-06
 6.1420E+25  6.9604E-05  7.0322E+03  7.4643E-05  2.9709E-05  7.1845E-06
 6.1513E+25  7.0058E-05  7.0322E+03  7.4643E-05  2.9541E-05  7.1845E-06
 6.1606E+25  7.0515E-05  7.0322E+03  7.4643E-05  2.9374E-05  7.1845E-06
 6.1698E+25  7.0986E-05  7.0321E+03  7.4643E-05  2.9206E-05  7.1845E-06
 6.1791E+25  7.0858E-05  7.0321E+03  7.4643E-05  2.9038E-05  7.1845E-06
 6.1883E+25  7.0973E-05  7.0321E+03  7.4643E-05  2.8871E-05  7.1845E-06
 6.1976E+25  7.1434E-05  7.0320E+03  7.4643E-05  2.8704E-05  7.1845E-06
 6.2068E+25  7.1894E-05  7.0320E+03  7.4643E-05  2.8538E-05  7.1845E-06
 6.2161E+25  7.2360E-05  7.0320E+03  7.4643E-05  2.8372E-05  7.1845E-06
 6.2254E+25  7.2691E-05  7.0320E+03  7.4643E-05  2.8206E-05  7.1845E-06
 6.2346E+25  7.2356E-05  7.0319E+03  7.4643E-05  2.8041E-05  7.1845E-06
 6.2439E+25  7.2833E-05  7.0319E+03  7.4643E-05  2.7877E-05  7.1845E-06
 6.2531E+25  7.3300E-05  7.0319E+03  7.4643E-05  2.7714E-05  7.1845E-06
 6.2624E+25  7.3766E-05  7.0318E+03  7.4643E-05  2.7553E-05  7.1845E-06
 6.2716E+25  7.4239E-05  7.0318E+03  7.4643E-05  2.7399E-05  7.1845E-06
 6.2809E+25  7.4102E-05  7.0318E+03  7.4643E-05  2.7247E-05  7.1845E-06
 6.2902E+25  7.4245E-05  7.0317E+03  7.4643E-05  2.7098E-05  7.1845E-06
 6.2994E+25  7.4729E-05  7.0317E+03  7.4643E-05  2.6948E-05  7.1845E-06
 6.3087E+25  7.5202E-05  7.0317E+03  7.4643E-05  2.6798E-05  7.1845E-06
 6.3179E+25  7.5675E-05  7.0316E+03  7.4643E-05  2.6648E-05  7.1845E-06
 6.3272E+25  7.6023E-05  7.0316E+03  7.4643E-05  2.6499E-05  7.1845E-06
 6.3364E+25  7.5707E-05  7.0316E+03  7.4643E-05  2.6350E-05  7.1845E-06
 6.3457E+25  7.6171E-05  7.0316E+03  7.4643E-05  2.6200E-05  7.1845E-06
 6.3550E+25  7.6662E-05  7.0315E+03  7.4643E-05  2.6052E-05  7.1845E-06
 6.3642E+25  7.7142E-05  7.0315E+03  7.4643E-05  2.5903E-05  7.1845E-06
 6.3735E+25  7.7622E-05  7.0315E+03  7.4643E-05  2.5755E-05  7.1845E-06
 6.3827E+25  7.7555E-05  7.0314E+03  7.4643E-05  2.5608E-05  7.1845E-06
 6.3920E+25  7.7664E-05  7.0314E+03  7.4643E-05  2.5462E-05  7.1845E-06
 6.4012E+25  7.8136E-05  7.0314E+03  7.4643E-05  2.5315E-05  7.1845E-06
 6.4105E+25  7.8633E-05  7.0313E+03  7.4643E-05  2.5177E-05  7.1845E-06
 6.4198E+25  7.9120E-05  7.0313E+03  7.4643E-05  2.5040E-05  7.1845E-06
 6.4290E+25  7.9571E-05  7.0313E+03  7.4643E-05  2.4905E-05  7.1845E-06
 6.4383E+25  7.9189E-05  7.0313E+03  7.4643E-05  2.4772E-05  7.1845E-06
 6.4475E+25  7.9661E-05  7.0312E+03  7.4643E-05  2.4638E-05  7.1845E-06
 6.4568E+25  8.0140E-05  7.0312E+03  7.4643E-05  2.4504E-05  7.1845E-06
 6.4660E+25  8.0644E-05  7.0312E+03  7.4643E-05  2.4370E-05  7.1845E-06
 6.4753E+25  8.1136E-05  7.0311E+03  7.4643E-05  2.4236E-05  7.1845E-06
 6.4846E+25  8.1252E-05  7.0311E+03  7.4643E-05  2.4103E-05  7.1845E-06
 6.4938E+25  8.1197E-05  7.0311E+03  7.4643E-05  2.3970E-05  7.1845E-06
 6.5031E+25  8.1698E-05  7.0310E+03  7.4643E-05  2.3837E-05  7.1845E-06
 6.5123E+25  8.2184E-05  7.0310E+03  7.4643E-05  2.3704E-05  7.1845E-06
 6.5216E+25  8.2695E-05  7.0310E+03  7.4643E-05  2.3572E-05  7.1845E-06
 6.5308E+25  8.3191E-05  7.0310E+03  7.4643E-05  2.3441E-05  7.1845E-06
 6.5401E+25  8.2983E-05  7.0309E+03  7.4643E-05  2.3309E-05  7.1845E-06
 6.5494E+25  8.3270E-05  7.0309E+03  7.4643E-05  2.3179E-05  7.1845E-06
 6.5586E+25  8.3777E-05  7.0309E+03  7.4643E-05  2.3056E-05  7.1845E-06
 6.5679E+25  8.4271E-05  7.0308E+03  7.4643E-05  2.2934E-05  7.1845E-06
 6.5771E+25  8.4787E-05  7.0308E+03  7.4643E-05  2.2813E-05  7.1845E-06
 6.5864E+25  8.5180E-05  7.0308E+03  7.4643E-05  2.2694E-05  7.1845E-06
 6.5956E+25  8.4889E-05  7.0308E+03  7.4643E-05  2.2575E-05  7.1845E-06
 6.6049E+25  8.5387E-05  7.0307E+03  7.4643E-05  2.2455E-05  7.1845E-06
 6.6142E+25  8.5899E-05  7.0307E+03  7.4643E-05  2.2335E-05  7.1845E-06
 6.6234E+25  8.6401E-05  7.0307E+03  7.4643E-05  2.2216E-05  7.1845E-06
 6.6327E+25  8.6921E-05  7.0306E+03  7.4643E-05  2.2097E-05  7.1845E-06
 6.6419E+25  8.7035E-05  7.0306E+03  7.4643E-05  2.1978E-05  7.1845E-06
 6.6512E+25  8.7044E-05  7.0306E+03  7.4643E-05  2.1858E-05  7.1845E-06
 6.6604E+25  8.7548E-05  7.0306E+03  7.4643E-05  2.1740E-05  7.1845E-06
 6.6697E+25  8.8064E-05  7.0305E+03  7.4643E-05  2.1621E-05  7.1845E-06
 6.6789E+25  8.8578E-05  7.0305E+03  7.4643E-05  2.1504E-05  7.1845E-06
 6.6882E+25  8.9096E-05  7.0305E+03  7.4643E-05  2.1386E-05  7.1845E-06
 6.6975E+25  8.8966E-05  7.0304E+03  7.4643E-05  2.1269E-05  7.1845E-06
 6.7067E+25  8.9241E-05  7.0304E+03  7.4643E-05  2.1157E-05  7.1845E-06
 6.7160E+25  8.9758E-05  7.0304E+03  7.4643E-05  2.1048E-05  7.1845E-06
 6.7252E+25  9.0275E-05  7.0304E+03  7.4643E-05  2.0939E-05  7.1845E-06
 6.7345E+25  9.0800E-05  7.0303E+03  7.4643E-05  2.0833E-05  7.1845E-06
 6.7437E+25  9.1287E-05  7.0303E+03  7.4643E-05  2.0727E-05  7.1845E-06
 6.7530E+25  9.0999E-05  7.0303E+03  7.4643E-05  2.0619E-05  7.1845E-06
 6.7623E+25  9.1484E-05  7.0302E+03  7.4643E-05  2.0512E-05  7.1845E-06
 6.7715E+25  9.2015E-05  7.0302E+03  7.4643E-05  2.0406E-05  7.1845E-06
 6.7808E+25  9.2535E-05  7.0302E+03  7.4643E-05  2.0299E-05  7.1845E-06
 6.7900E+25  9.3068E-05  7.0301E+03  7.4643E-05  2.0193E-05  7.1845E-06
 6.7993E+25  9.3380E-05  7.0301E+03  7.4643E-05  2.0087E-05  7.1845E-06
 6.8085E+25  9.3250E-05  7.0301E+03  7.4643E-05  1.9980E-05  7.1845E-06
 6.8178E+25  9.3779E-05  7.0301E+03  7.4643E-05  1.9874E-05  7.1845E-06
 6.8271E+25  9.4319E-05  7.0300E+03  7.4643E-05  1.9769E-05  7.1845E-06
 6.8363E+25  9.4845E-05  7.0300E+03  7.4643E-05  1.9663E-05  7.1845E-06
 6.8456E+25  9.5381E-05  7.0300E+03  7.4643E-05  1.9558E-05  7.1845E-06
 6.8548E+25  9.5516E-05  7.0300E+03  7.4643E-05  1.9454E-05  7.1845E-06
 6.8641E+25  9.5583E-05  7.0299E+03  7.4643E-05  1.9355E-05  7.1845E-06
 6.8733E+25  9.6125E-05  7.0299E+03  7.4643E-05  1.9258E-05  7.1845E-06
 6.8826E+25  9.6667E-05  7.0299E+03  7.4643E-05  1.9161E-05  7.1845E-06
 6.8919E+25  9.7208E-05  7.0298E+03  7.4643E-05  1.9066E-05  7.1845E-06
 6.9011E+25  9.7743E-05  7.0298E+03  7.4643E-05  1.8971E-05  7.1845E-06
 6.9104E+25  9.7731E-05  7.0298E+03  7.4643E-05  1.8875E-05  7.1845E-06
 6.9196E+25  9.7967E-05  7.0298E+03  7.4643E-05  1.8780E-05  7.1845E-06
 6.9289E+25  9.8521E-05  7.0297E+03  7.4643E-05  1.8684E-05  7.1845E-06
 6.9381E+25  9.9066E-05  7.0297E+03  7.4643E-05  1.8589E-05  7.1845E-06
 6.9474E+25  9.9621E-05  7.0297E+03  7.4643E-05  1.8494E-05  7.1845E-06
 6.9567E+25  1.0016E-04  7.0296E+03  7.4643E-05  1.8399E-05  7.1845E-06
 6.9659E+25  1.0003E-04  7.0296E+03  7.4643E-05  1.8304E-05  7.1845E-06
 6.9752E+25  1.0041E-04  7.0296E+03  7.4643E-05  1.8210E-05  7.1845E-06
 6.9844E+25  1.0097E-04  7.0296E+03  7.4643E-05  1.8115E-05  7.1845E-06
 6.9937E+25  1.0152E-04  7.0295E+03  7.4643E-05  1.8021E-05  7.1845E-06
 7.0029E+25  1.0208E-04  7.0295E+03  7.4643E-05  1.7927E-05  7.1845E-06
 7.0122E+25  1.0261E-04  7.0295E+03  7.4643E-05  1.7833E-05  7.1845E-06
 7.0215E+25  1.0241E-04  7.0295E+03  7.4643E-05  1.7744E-05  7.1845E-06
 7.0307E+25  1.0291E-04  7.0294E+03  7.4643E-05  1.7657E-05  7.1845E-06
 7.0400E+25  1.0346E-04  7.0294E+03  7.4643E-05  1.7570E-05  7.1845E-06
 7.0492E+25  1.0403E-04  7.0293E+03  7.4643E-05  1.7485E-05  7.1845E-06
 7.0585E+25  1.0459E-04  7.0293E+03  7.4643E-05  1.7401E-05  7.1845E-06
 7.0677E+25  1.0509E-04  7.0293E+03  7.4643E-05  1.7315E-05  7.1845E-06
 7.0770E+25  1.0490E-04  7.0293E+03  7.4643E-05  1.7230E-05  7.1845E-06
 7.0863E+25  1.0546E-04  7.0293E+03  7.4643E-05  1.7145E-05  7.1845E-06
 7.0955E+25  1.0602E-04  7.0292E+03  7.4643E-05  1.7060E-05  7.1845E-06
 7.1048E+25  1.0659E-04  7.0292E+03  7.4643E-05  1.6975E-05  7.1845E-06
 7.1140E+25  1.0716E-04  7.0291E+03  7.4643E-05  1.6890E-05  7.1845E-06
 7.1233E+25  1.0759E-04  7.0291E+03  7.4643E-05  1.6805E-05  7.1845E-06
 7.1325E+25  1.0751E-04  7.0291E+03  7.4643E-05  1.6720E-05  7.1845E-06
 7.1418E+25  1.0807E-04  7.0291E+03  7.4643E-05  1.6636E-05  7.1845E-06
 7.1511E+25  1.0864E-04  7.0290E+03  7.4643E-05  1.6552E-05  7.1845E-06
 7.1603E+25  1.0921E-04  7.0290E+03  7.4643E-05  1.6467E-05  7.1845E-06
 7.1696E+25  1.0979E-04  7.0290E+03  7.4643E-05  1.6383E-05  7.1845E-06
 7.1788E+25  1.1016E-04  7.0290E+03  7.4643E-05  1.6301E-05  7.1845E-06
 7.1881E+25  1.1018E-04  7.0289E+03  7.4643E-05  1.6222E-05  7.1845E-06
 7.1973E+25  1.1074E-04  7.0289E+03  7.4643E-05  1.6144E-05  7.1845E-06
 7.2066E+25  1.1131E-04  7.0289E+03  7.4643E-05  1.6067E-05  7.1845E-06
 7.2159E+25  1.1188E-04  7.0288E+03  7.4643E-05  1.5991E-05  7.1845E-06
 7.2251E+25  1.1247E-04  7.0288E+03  7.4643E-05  1.5916E-05  7.1845E-06
 7.2344E+25  1.1282E-04  7.0288E+03  7.4643E-05  1.5839E-05  7.1845E-06
 7.2436E+25  1.1290E-04  7.0288E+03  7.4643E-05  1.5763E-05  7.1845E-06
 7.2529E+25  1.1348E-04  7.0287E+03  7.4643E-05  1.5687E-05  7.1845E-06
 7.2621E+25  1.1405E-04  7.0287E+03  7.4643E-05  1.5611E-05  7.1845E-06
 7.2714E+25  1.1463E-04  7.0286E+03  7.4643E-05  1.5536E-05  7.1845E-06
 7.2807E+25  1.1521E-04  7.0286E+03  7.4643E-05  1.5460E-05  7.1845E-06
 7.2899E+25  1.1555E-04  7.0286E+03  7.4643E-05  1.5384E-05  7.1845E-06
 7.2992E+25  1.1568E-04  7.0286E+03  7.4643E-05  1.5308E-05  7.1845E-06
 7.3084E+25  1.1627E-04  7.0285E+03  7.4643E-05  1.5233E-05  7.1845E-06
 7.3177E+25  1.1685E-04  7.0285E+03  7.4643E-05  1.5158E-05  7.1845E-06
 7.3269E+25  1.1743E-04  7.0285E+03  7.4643E-05  1.5082E-05  7.1845E-06
 7.3362E+25  1.1802E-04  7.0284E+03  7.4643E-05  1.5007E-05  7.1845E-06
 7.3455E+25  1.1836E-04  7.0284E+03  7.4643E-05  1.4933E-05  7.1845E-06
 7.3547E+25  1.1851E-04  7.0284E+03  7.4643E-05  1.4862E-05  7.1845E-06
 7.3640E+25  1.1912E-04  7.0284E+03  7.4643E-05  1.4792E-05  7.1845E-06
 7.3732E+25  1.1972E-04  7.0283E+03  7.4643E-05  1.4723E-05  7.1845E-06
 7.3825E+25  1.2031E-04  7.0283E+03  7.4643E-05  1.4656E-05  7.1845E-06
 7.3917E+25  1.2090E-04  7.0283E+03  7.4643E-05  1.4588E-05  7.1845E-06
 7.4010E+25  1.2125E-04  7.0282E+03  7.4643E-05  1.4520E-05  7.1845E-06
 7.4103E+25  1.2142E-04  7.0282E+03  7.4643E-05  1.4452E-05  7.1845E-06
 7.4195E+25  1.2203E-04  7.0282E+03  7.4643E-05  1.4385E-05  7.1845E-06
 7.4288E+25  1.2264E-04  7.0281E+03  7.4643E-05  1.4317E-05  7.1845E-06
 7.4380E+25  1.2324E-04  7.0281E+03  7.4643E-05  1.4249E-05  7.1845E-06
 7.4473E+25  1.2384E-04  7.0281E+03  7.4643E-05  1.4182E-05  7.1845E-06
 7.4565E+25  1.2422E-04  7.0281E+03  7.4643E-05  1.4114E-05  7.1845E-06
 7.4658E+25  1.2440E-04  7.0280E+03  7.4643E-05  1.4046E-05  7.1845E-06
 7.4751E+25  1.2501E-04  7.0280E+03  7.4643E-05  1.3979E-05  7.1845E-06
 7.4843E+25  1.2563E-04  7.0279E+03  7.4643E-05  1.3911E-05  7.1845E-06
 7.4936E+25  1.2624E-04  7.0279E+03  7.4643E-05  1.3844E-05  7.1845E-06
 7.5028E+25  1.2685E-04  7.0279E+03  7.4643E-05  1.3777E-05  7.1845E-06
 7.5121E+25  1.2727E-04  7.0279E+03  7.4643E-05  1.3710E-05  7.1845E-06
 7.5213E+25  1.2744E-04  7.0278E+03  7.4643E-05  1.3645E-05  7.1845E-06
 7.5306E+25  1.2806E-04  7.0278E+03  7.4643E-05  1.3582E-05  7.1845E-06
 7.5399E+25  1.2867E-04  7.0278E+03  7.4643E-05  1.3519E-05  7.1845E-06
 7.5491E+25  1.2930E-04  7.0277E+03  7.4643E-05  1.3458E-05  7.1845E-06
 7.5584E+25  1.2993E-04  7.0277E+03  7.4643E-05  1.3398E-05  7.1845E-06
 7.5676E+25  1.3041E-04  7.0277E+03  7.4643E-05  1.3338E-05  7.1845E-06
 7.5769E+25  1.3056E-04  7.0277E+03  7.4643E-05  1.3277E-05  7.1845E-06
 7.5861E+25  1.3118E-04  7.0276E+03  7.4643E-05  1.3217E-05  7.1845E-06
 7.5954E+25  1.3180E-04  7.0276E+03  7.4643E-05  1.3156E-05  7.1845E-06
 7.6047E+25  1.3242E-04  7.0275E+03  7.4643E-05  1.3096E-05  7.1845E-06
 7.6139E+25  1.3306E-04  7.0275E+03  7.4643E-05  1.3036E-05  7.1845E-06
 7.6232E+25  1.3361E-04  7.0275E+03  7.4643E-05  1.2975E-05  7.1845E-06
 7.6324E+25  1.3376E-04  7.0275E+03  7.4643E-05  1.2915E-05  7.1845E-06
 7.6417E+25  1.3437E-04  7.0274E+03  7.4643E-05  1.2855E-05  7.1845E-06
 7.6509E+25  1.3499E-04  7.0274E+03  7.4643E-05  1.2794E-05  7.1845E-06
 7.6602E+25  1.3562E-04  7.0273E+03  7.4643E-05  1.2734E-05  7.1845E-06
 7.6695E+25  1.3626E-04  7.0273E+03  7.4643E-05  1.2674E-05  7.1845E-06
 7.6787E+25  1.3687E-04  7.0273E+03  7.4643E-05  1.2614E-05  7.1845E-06
 7.6880E+25  1.3705E-04  7.0273E+03  7.4643E-05  1.2554E-05  7.1845E-06
 7.6972E+25  1.3765E-04  7.0272E+03  7.4643E-05  1.2495E-05  7.1845E-06
 7.7065E+25  1.3826E-04  7.0272E+03  7.4643E-05  1.2439E-05  7.1845E-06
 7.7157E+25  1.3890E-04  7.0271E+03  7.4643E-05  1.2383E-05  7.1845E-06
 7.7250E+25  1.3953E-04  7.0271E+03  7.4643E-05  1.2328E-05  7.1845E-06
 7.7343E+25  1.4016E-04  7.0271E+03  7.4643E-05  1.2274E-05  7.1845E-06
 7.7435E+25  1.4042E-04  7.0271E+03  7.4643E-05  1.2221E-05  7.1845E-06
 7.7528E+25  1.4100E-04  7.0270E+03  7.4643E-05  1.2167E-05  7.1845E-06
 7.7620E+25  1.4162E-04  7.0270E+03  7.4643E-05  1.2113E-05  7.1845E-06
 7.7713E+25  1.4224E-04  7.0269E+03  7.4643E-05  1.2059E-05  7.1845E-06
 7.7805E+25  1.4288E-04  7.0269E+03  7.4643E-05  1.2005E-05  7.1845E-06
 7.7898E+25  1.4351E-04  7.0269E+03  7.4643E-05  1.1951E-05  7.1845E-06
 7.7991E+25  1.4386E-04  7.0268E+03  7.4643E-05  1.1897E-05  7.1845E-06
 7.8083E+25  1.4441E-04  7.0268E+03  7.4643E-05  1.1844E-05  7.1845E-06
 7.8176E+25  1.4505E-04  7.0268E+03  7.4643E-05  1.1790E-05  7.1845E-06
 7.8268E+25  1.4568E-04  7.0267E+03  7.4643E-05  1.1736E-05  7.1845E-06
 7.8361E+25  1.4631E-04  7.0267E+03  7.4643E-05  1.1682E-05  7.1845E-06
 7.8453E+25  1.4695E-04  7.0266E+03  7.4643E-05  1.1628E-05  7.1845E-06
 7.8546E+25  1.4737E-04  7.0266E+03  7.4643E-05  1.1575E-05  7.1845E-06
 7.8638E+25  1.4788E-04  7.0266E+03  7.4643E-05  1.1521E-05  7.1845E-06
 7.8731E+25  1.4854E-04  7.0265E+03  7.4643E-05  1.1468E-05  7.1845E-06
 7.8824E+25  1.4919E-04  7.0265E+03  7.4643E-05  1.1416E-05  7.1845E-06
 7.8916E+25  1.4982E-04  7.0265E+03  7.4643E-05  1.1366E-05  7.1845E-06
 7.9009E+25  1.5046E-04  7.0264E+03  7.4643E-05  1.1316E-05  7.1845E-06
 7.9101E+25  1.5098E-04  7.0264E+03  7.4643E-05  1.1267E-05  7.1845E-06
 7.9194E+25  1.5143E-04  7.0264E+03  7.4643E-05  1.1219E-05  7.1845E-06
 7.9286E+25  1.5210E-04  7.0263E+03  7.4643E-05  1.1172E-05  7.1845E-06
 7.9379E+25  1.5276E-04  7.0263E+03  7.4643E-05  1.1123E-05  7.1845E-06
 7.9472E+25  1.5341E-04  7.0262E+03  7.4643E-05  1.1075E-05  7.1845E-06
 7.9564E+25  1.5405E-04  7.0262E+03  7.4643E-05  1.1027E-05  7.1845E-06
 7.9657E+25  1.5464E-04  7.0262E+03  7.4643E-05  1.0979E-05  7.1845E-06
 7.9749E+25  1.5508E-04  7.0262E+03  7.4643E-05  1.0931E-05  7.1845E-06
 7.9842E+25  1.5572E-04  7.0261E+03  7.4643E-05  1.0883E-05  7.1845E-06
 7.9934E+25  1.5640E-04  7.0261E+03  7.4643E-05  1.0836E-05  7.1845E-06
 8.0027E+25  1.5707E-04  7.0260E+03  7.4643E-05  1.0788E-05  7.1845E-06
 8.0120E+25  1.5773E-04  7.0260E+03  7.4643E-05  1.0739E-05  7.1845E-06
 8.0212E+25  1.5836E-04  7.0260E+03  7.4643E-05  1.0691E-05  7.1845E-06
 8.0305E+25  1.5881E-04  7.0259E+03  7.4643E-05  1.0644E-05  7.1845E-06
 8.0397E+25  1.5945E-04  7.0259E+03  7.4643E-05  1.0596E-05  7.1845E-06
 8.0490E+25  1.6011E-04  7.0258E+03  7.4643E-05  1.0548E-05  7.1845E-06
 8.0582E+25  1.6079E-04  7.0258E+03  7.4643E-05  1.0500E-05  7.1845E-06
 8.0675E+25  1.6147E-04  7.0257E+03  7.4643E-05  1.0453E-05  7.1845E-06
 8.0768E+25  1.6212E-04  7.0257E+03  7.4643E-05  1.0408E-05  7.1845E-06
 8.0860E+25  1.6265E-04  7.0257E+03  7.4643E-05  1.0364E-05  7.1845E-06
 8.0953E+25  1.6326E-04  7.0257E+03  7.4643E-05  1.0319E-05  7.1845E-06
 8.1045E+25  1.6392E-04  7.0256E+03  7.4643E-05  1.0277E-05  7.1845E-06
 8.1138E+25  1.6458E-04  7.0256E+03  7.4643E-05  1.0234E-05  7.1845E-06
 8.1230E+25  1.6526E-04  7.0255E+03  7.4643E-05  1.0191E-05  7.1845E-06
 8.1323E+25  1.6595E-04  7.0255E+03  7.4643E-05  1.0149E-05  7.1845E-06
 8.1416E+25  1.6655E-04  7.0255E+03  7.4643E-05  1.0106E-05  7.1845E-06
 8.1508E+25  1.6715E-04  7.0254E+03  7.4643E-05  1.0063E-05  7.1845E-06
 8.1601E+25  1.6781E-04  7.0254E+03  7.4643E-05  1.0020E-05  7.1845E-06
 8.1693E+25  1.6847E-04  7.0253E+03  7.4643E-05  9.9775E-06  7.1845E-06
 8.1786E+25  1.6913E-04  7.0253E+03  7.4643E-05  9.9348E-06  7.1845E-06
 8.1878E+25  1.6982E-04  7.0252E+03  7.4643E-05  9.8921E-06  7.1845E-06
 8.1971E+25  1.7050E-04  7.0252E+03  7.4643E-05  9.8493E-06  7.1845E-06
 8.2064E+25  1.7112E-04  7.0252E+03  7.4643E-05  9.8065E-06  7.1845E-06
 8.2156E+25  1.7178E-04  7.0251E+03  7.4643E-05  9.7637E-06  7.1845E-06
 8.2249E+25  1.7245E-04  7.0251E+03  7.4643E-05  9.7210E-06  7.1845E-06
 8.2341E+25  1.7311E-04  7.0250E+03  7.4643E-05  9.6782E-06  7.1845E-06
 8.2434E+25  1.7378E-04  7.0250E+03  7.4643E-05  9.6356E-06  7.1845E-06
 8.2526E+25  1.7447E-04  7.0250E+03  7.4643E-05  9.5929E-06  7.1845E-06
 8.2619E+25  1.7516E-04  7.0249E+03  7.4643E-05  9.5514E-06  7.1845E-06
 8.2712E+25  1.7583E-04  7.0249E+03  7.4643E-05  9.5112E-06  7.1845E-06
 8.2804E+25  1.7650E-04  7.0248E+03  7.4643E-05  9.4713E-06  7.1845E-06
 8.2897E+25  1.7717E-04  7.0248E+03  7.4643E-05  9.4318E-06  7.1845E-06
 8.2989E+25  1.7783E-04  7.0247E+03  7.4643E-05  9.3940E-06  7.1845E-06
 8.3082E+25  1.7850E-04  7.0247E+03  7.4643E-05  9.3563E-06  7.1845E-06
 8.3174E+25  1.7923E-04  7.0247E+03  7.4643E-05  9.3181E-06  7.1845E-06
 8.3267E+25  1.7995E-04  7.0246E+03  7.4643E-05  9.2799E-06  7.1845E-06
 8.3360E+25  1.8063E-04  7.0246E+03  7.4643E-05  9.2419E-06  7.1845E-06
 8.3452E+25  1.8130E-04  7.0245E+03  7.4643E-05  9.2036E-06  7.1845E-06
 8.3545E+25  1.8198E-04  7.0245E+03  7.4643E-05  9.1657E-06  7.1845E-06
 8.3637E+25  1.8264E-04  7.0244E+03  7.4643E-05  9.1275E-06  7.1845E-06
 8.3730E+25  1.8334E-04  7.0244E+03  7.4643E-05  9.0896E-06  7.1845E-06
 8.3822E+25  1.8412E-04  7.0244E+03  7.4643E-05  9.0516E-06  7.1845E-06
 8.3915E+25  1.8482E-04  7.0243E+03  7.4643E-05  9.0134E-06  7.1845E-06
 8.4008E+25  1.8552E-04  7.0243E+03  7.4643E-05  8.9752E-06  7.1845E-06
 8.4100E+25  1.8618E-04  7.0242E+03  7.4643E-05  8.9370E-06  7.1845E-06
 8.4193E+25  1.8686E-04  7.0242E+03  7.4643E-05  8.8989E-06  7.1845E-06
 8.4285E+25  1.8755E-04  7.0241E+03  7.4643E-05  8.8609E-06  7.1845E-06
 8.4378E+25  1.8836E-04  7.0241E+03  7.4643E-05  8.8228E-06  7.1845E-06
 8.4470E+25  1.8907E-04  7.0241E+03  7.4643E-05  8.7847E-06  7.1845E-06
 8.4563E+25  1.8977E-04  7.0240E+03  7.4643E-05  8.7469E-06  7.1845E-06
 8.4656E+25  1.9048E-04  7.0239E+03  7.4643E-05  8.7108E-06  7.1845E-06
 8.4748E+25  1.9115E-04  7.0239E+03  7.4643E-05  8.6752E-06  7.1845E-06
 8.4841E+25  1.9183E-04  7.0239E+03  7.4643E-05  8.6395E-06  7.1845E-06
 8.4933E+25  1.9263E-04  7.0238E+03  7.4643E-05  8.6049E-06  7.1845E-06
 8.5026E+25  1.9343E-04  7.0238E+03  7.4643E-05  8.5714E-06  7.1845E-06
 8.5118E+25  1.9410E-04  7.0237E+03  7.4643E-05  8.5378E-06  7.1845E-06
 8.5211E+25  1.9480E-04  7.0237E+03  7.4643E-05  8.5038E-06  7.1845E-06
 8.5304E+25  1.9551E-04  7.0236E+03  7.4643E-05  8.4699E-06  7.1845E-06
 8.5396E+25  1.9619E-04  7.0236E+03  7.4643E-05  8.4358E-06  7.1845E-06
 8.5489E+25  1.9691E-04  7.0235E+03  7.4643E-05  8.4019E-06  7.1845E-06
 8.5581E+25  1.9786E-04  7.0235E+03  7.4643E-05  8.3680E-06  7.1845E-06
 8.5674E+25  1.9854E-04  7.0235E+03  7.4643E-05  8.3342E-06  7.1845E-06
 8.5766E+25  1.9921E-04  7.0234E+03  7.4643E-05  8.3003E-06  7.1845E-06
 8.5859E+25  1.9991E-04  7.0233E+03  7.4643E-05  8.2665E-06  7.1845E-06
 8.5952E+25  2.0061E-04  7.0233E+03  7.4643E-05  8.2324E-06  7.1845E-06
 8.6044E+25  2.0132E-04  7.0232E+03  7.4643E-05  8.1984E-06  7.1845E-06
 8.6137E+25  2.0222E-04  7.0232E+03  7.4643E-05  8.1643E-06  7.1845E-06
 8.6229E+25  2.0305E-04  7.0232E+03  7.4643E-05  8.1304E-06  7.1845E-06
 8.6322E+25  2.0373E-04  7.0231E+03  7.4643E-05  8.0964E-06  7.1845E-06
 8.6414E+25  2.0440E-04  7.0231E+03  7.4643E-05  8.0624E-06  7.1845E-06
 8.6507E+25  2.0508E-04  7.0230E+03  7.4643E-05  8.0285E-06  7.1845E-06
 8.6600E+25  2.0579E-04  7.0229E+03  7.4643E-05  7.9948E-06  7.1845E-06
 8.6692E+25  2.0659E-04  7.0229E+03  7.4643E-05  7.9626E-06  7.1845E-06
 8.6785E+25  2.0762E-04  7.0229E+03  7.4643E-05  7.9307E-06  7.1845E-06
 8.6877E+25  2.0830E-04  7.0228E+03  7.4643E-05  7.8988E-06  7.1845E-06
 8.6970E+25  2.0899E-04  7.0228E+03  7.4643E-05  7.8677E-06  7.1845E-06
 8.7062E+25  2.0966E-04  7.0227E+03  7.4643E-05  7.8380E-06  7.1845E-06
 8.7155E+25  2.1033E-04  7.0227E+03  7.4643E-05  7.8082E-06  7.1845E-06
 8.7248E+25  2.1105E-04  7.0226E+03  7.4643E-05  7.7780E-06  7.1845E-06
 8.7340E+25  2.1210E-04  7.0226E+03  7.4643E-05  7.7476E-06  7.1845E-06
 8.7433E+25  2.1295E-04  7.0225E+03  7.4643E-05  7.7173E-06  7.1845E-06
 8.7525E+25  2.1361E-04  7.0225E+03  7.4643E-05  7.6872E-06  7.1845E-06
 8.7618E+25  2.1431E-04  7.0224E+03  7.4643E-05  7.6571E-06  7.1845E-06
 8.7710E+25  2.1498E-04  7.0224E+03  7.4643E-05  7.6269E-06  7.1845E-06
 8.7803E+25  2.1566E-04  7.0223E+03  7.4643E-05  7.5967E-06  7.1845E-06
 8.7896E+25  2.1646E-04  7.0223E+03  7.4643E-05  7.5666E-06  7.1845E-06
 8.7988E+25  2.1762E-04  7.0222E+03  7.4643E-05  7.5364E-06  7.1845E-06
 8.8081E+25  2.1832E-04  7.0222E+03  7.4643E-05  7.5059E-06  7.1845E-06
 8.8173E+25  2.1899E-04  7.0221E+03  7.4643E-05  7.4757E-06  7.1845E-06
 8.8266E+25  2.1968E-04  7.0220E+03  7.4643E-05  7.4453E-06  7.1845E-06
 8.8358E+25  2.2037E-04  7.0220E+03  7.4643E-05  7.4151E-06  7.1845E-06
 8.8451E+25  2.2107E-04  7.0219E+03  7.4643E-05  7.3848E-06  7.1845E-06
 8.8544E+25  2.2213E-04  7.0219E+03  7.4643E-05  7.3546E-06  7.1845E-06
 8.8636E+25  2.2304E-04  7.0218E+03  7.4643E-05  7.3242E-06  7.1845E-06
 8.8729E+25  2.2375E-04  7.0218E+03  7.4643E-05  7.2946E-06  7.1845E-06
 8.8821E+25  2.2443E-04  7.0217E+03  7.4643E-05  7.2661E-06  7.1845E-06
 8.8914E+25  2.2510E-04  7.0217E+03  7.4643E-05  7.2376E-06  7.1845E-06
 8.9006E+25  2.2580E-04  7.0216E+03  7.4643E-05  7.2091E-06  7.1845E-06
 8.9099E+25  2.2659E-04  7.0216E+03  7.4643E-05  7.1820E-06  7.1845E-06
 8.9192E+25  2.2783E-04  7.0215E+03  7.4643E-05  7.1555E-06  7.1845E-06
 8.9284E+25  2.2852E-04  7.0215E+03  7.4643E-05  7.1289E-06  7.1845E-06
 8.9377E+25  2.2922E-04  7.0214E+03  7.4643E-05  7.1019E-06  7.1845E-06
 8.9469E+25  2.2992E-04  7.0214E+03  7.4643E-05  7.0750E-06  7.1845E-06
 8.9562E+25  2.3059E-04  7.0213E+03  7.4643E-05  7.0482E-06  7.1845E-06
 8.9654E+25  2.3130E-04  7.0212E+03  7.4643E-05  7.0213E-06  7.1845E-06
 8.9747E+25  2.3235E-04  7.0212E+03  7.4643E-05  6.9944E-06  7.1845E-06
 8.9840E+25  2.3340E-04  7.0212E+03  7.4643E-05  6.9675E-06  7.1845E-06
 8.9932E+25  2.3406E-04  7.0211E+03  7.4643E-05  6.9408E-06  7.1845E-06
 9.0025E+25  2.3473E-04  7.0210E+03  7.4643E-05  6.9140E-06  7.1845E-06
 9.0117E+25  2.3543E-04  7.0210E+03  7.4643E-05  6.8870E-06  7.1845E-06
 9.0210E+25  2.3613E-04  7.0209E+03  7.4643E-05  6.8599E-06  7.1845E-06
 9.0302E+25  2.3687E-04  7.0209E+03  7.4643E-05  6.8329E-06  7.1845E-06
 9.0395E+25  2.3816E-04  7.0208E+03  7.4643E-05  6.8060E-06  7.1845E-06
 9.0487E+25  2.3897E-04  7.0208E+03  7.4643E-05  6.7789E-06  7.1845E-06
 9.0580E+25  2.3964E-04  7.0207E+03  7.4643E-05  6.7520E-06  7.1845E-06
 9.0673E+25  2.4029E-04  7.0206E+03  7.4643E-05  6.7250E-06  7.1845E-06
 9.0765E+25  2.4098E-04  7.0206E+03  7.4643E-05  6.6980E-06  7.1845E-06
 9.0858E+25  2.4170E-04  7.0205E+03  7.4643E-05  6.6712E-06  7.1845E-06
 9.0950E+25  2.4258E-04  7.0205E+03  7.4643E-05  6.6457E-06  7.1845E-06
 9.1043E+25  2.4390E-04  7.0204E+03  7.4643E-05  6.6202E-06  7.1845E-06
 9.1135E+25  2.4458E-04  7.0204E+03  7.4643E-05  6.5948E-06  7.1845E-06
 9.1228E+25  2.4524E-04  7.0203E+03  7.4643E-05  6.5699E-06  7.1845E-06
 9.1321E+25  2.4590E-04  7.0203E+03  7.4643E-05  6.5463E-06  7.1845E-06
 9.1413E+25  2.4657E-04  7.0202E+03  7.4643E-05  6.5228E-06  7.1845E-06
 9.1506E+25  2.4729E-04  7.0201E+03  7.4643E-05  6.4989E-06  7.1845E-06
 9.1598E+25  2.4843E-04  7.0201E+03  7.4643E-05  6.4750E-06  7.1845E-06
 9.1691E+25  2.4954E-04  7.0200E+03  7.4643E-05  6.4511E-06  7.1845E-06
 9.1783E+25  2.5020E-04  7.0200E+03  7.4643E-05  6.4271E-06  7.1845E-06
 9.1876E+25  2.5086E-04  7.0199E+03  7.4643E-05  6.4032E-06  7.1845E-06
 9.1969E+25  2.5152E-04  7.0198E+03  7.4643E-05  6.3794E-06  7.1845E-06
 9.2061E+25  2.5220E-04  7.0198E+03  7.4643E-05  6.3555E-06  7.1845E-06
 9.2154E+25  2.5294E-04  7.0197E+03  7.4643E-05  6.3317E-06  7.1845E-06
 9.2246E+25  2.5427E-04  7.0197E+03  7.4643E-05  6.3077E-06  7.1845E-06
 9.2339E+25  2.5519E-04  7.0196E+03  7.4643E-05  6.2837E-06  7.1845E-06
 9.2431E+25  2.5583E-04  7.0196E+03  7.4643E-05  6.2597E-06  7.1845E-06
 9.2524E+25  2.5650E-04  7.0195E+03  7.4643E-05  6.2356E-06  7.1845E-06
