 4.6285E+22  3.2763E-11  1.1648E+04  7.4643E-05  1.0000E+00  7.1845E-06
 1.3886E+23  2.2929E-10  1.1652E+04  7.4643E-05  1.0000E+00  7.1845E-06
 2.3143E+23  6.2187E-10  1.1664E+04  7.4643E-05  1.0000E+00  7.1845E-06
 3.2400E+23  1.2090E-09  1.1691E+04  7.4643E-05  1.0000E+00  7.1845E-06
 4.1657E+23  1.9872E-09  1.1740E+04  7.4643E-05  1.0000E+00  7.1845E-06
 5.0914E+23  2.9504E-09  1.1819E+04  7.4643E-05  1.0000E+00  7.1845E-06
 6.0171E+23  4.0862E-09  1.1941E+04  7.4643E-05  1.0000E+00  7.1845E-06
 6.9428E+23  5.3819E-09  1.2117E+04  7.4643E-05  1.0000E+00  7.1845E-06
 7.8685E+23  6.8034E-09  1.2374E+04  7.4643E-05  1.0000E+00  7.1845E-06
 8.7942E+23  8.3236E-09  1.2733E+04  7.4643E-05  1.0000E+00  7.1845E-06
 9.7199E+23  9.9218E-09  1.3167E+04  7.4643E-05  1.0000E+00  7.1845E-06
 1.0646E+24  1.1620E-08  1.3605E+04  7.4643E-05  1.0000E+00  7.1845E-06
 1.1571E+24  1.3497E-08  1.3923E+04  7.4643E-05  1.0000E+00  7.1845E-06
 1.2497E+24  1.5607E-08  1.4094E+04  7.4643E-05  1.0000E+00  7.1845E-06
 1.3423E+24  1.7908E-08  1.4188E+04  7.4643E-05  1.0000E+00  7.1845E-06
 1.4348E+24  2.0365E-08  1.4289E+04  7.4643E-05  9.9999E-01  7.1845E-06
 1.5274E+24  2.2949E-08  1.4389E+04  7.4643E-05  9.9999E-01  7.1845E-06
 1.6200E+24  2.5698E-08  1.4482E+04  7.4643E-05  9.9999E-01  7.1845E-06
 1.7126E+24  2.8587E-08  1.4573E+04  7.4643E-05  9.9999E-01  7.1845E-06
 1.8051E+24  3.1624E-08  1.4655E+04  7.4643E-05  9.9999E-01  7.1845E-06
 1.8977E+24  3.4810E-08  1.4735E+04  7.4643E-05  9.9999E-01  7.1845E-06
 1.9903E+24  3.8153E-08  1.4811E+04  7.4643E-05  9.9999E-01  7.1845E-06
 2.0828E+24  4.1631E-08  1.4886E+04  7.4643E-05  9.9999E-01  7.1845E-06
 2.1754E+24  4.5228E-08  1.4958E+04  7.4643E-05  9.9999E-01  7.1845E-06
 2.2680E+24  4.9004E-08  1.5028E+04  7.4643E-05  9.9999E-01  7.1845E-06
 2.3605E+24  5.2918E-08  1.5097E+04  7.4643E-05  9.9999E-01  7.1845E-06
 2.4531E+24  5.6961E-08  1.5160E+04  7.4643E-05  9.9999E-01  7.1845E-06
 2.5457E+24  6.1139E-08  1.5225E+04  7.4643E-05  9.9998E-01  7.1845E-06
 2.6383E+24  6.5489E-08  1.5288E+04  7.4643E-05  9.9998E-01  7.1845E-06
 2.7308E+24  6.9966E-08  1.5347E+04  7.4643E-05  9.9998E-01  7.1845E-06
 2.8234E+24  7.4541E-08  1.5408E+04  7.4643E-05  9.9998E-01  7.1845E-06
 2.9160E+24  7.9301E-08  1.5464E+04  7.4643E-05  9.9998E-01  7.1845E-06
 3.0085E+24  8.4246E-08  1.5520E+04  7.4643E-05  9.9998E-01  7.1845E-06
 3.1011E+24  8.9266E-08  1.5576E+04  7.4643E-05  9.9998E-01  7.1845E-06
 3.1937E+24  9.4380E-08  1.5629E+04  7.4643E-05  9.9998E-01  7.1845E-06
 3.2862E+24  9.9717E-08  1.5680E+04  7.4643E-05  9.9997E-01  7.1845E-06
 3.3788E+24  1.0513E-07  1.5731E+04  7.4643E-05  9.9997E-01  7.1845E-06
 3.4714E+24  1.1066E-07  1.5781E+04  7.4643E-05  9.9997E-01  7.1845E-06
 3.5640E+24  1.1641E-07  1.5830E+04  7.4643E-05  9.9997E-01  7.1845E-06
 3.6565E+24  1.2238E-07  1.5876E+04  7.4643E-05  9.9997E-01  7.1845E-06
 3.7491E+24  1.2824E-07  1.5923E+04  7.4643E-05  9.9997E-01  7.1845E-06
 3.8417E+24  1.3440E-07  1.5969E+04  7.4643E-05  9.9997E-01  7.1845E-06
 3.9342E+24  1.4069E-07  1.6013E+04  7.4643E-05  9.9996E-01  7.1845E-06
 4.0268E+24  1.4710E-07  1.6057E+04  7.4643E-05  9.9996E-01  7.1845E-06
 4.1194E+24  1.5353E-07  1.6100E+04  7.4643E-05  9.9996E-01  7.1845E-06
 4.2120E+24  1.6041E-07  1.6141E+04  7.4643E-05  9.9996E-01  7.1845E-06
 4.3045E+24  1.6709E-07  1.6182E+04  7.4643E-05  9.9996E-01  7.1845E-06
 4.3971E+24  1.7391E-07  1.6222E+04  7.4643E-05  9.9996E-01  7.1845E-06
 4.4897E+24  1.8108E-07  1.6262E+04  7.4643E-05  9.9995E-01  7.1845E-06
 4.5822E+24  1.8834E-07  1.6301E+04  7.4643E-05  9.9995E-01  7.1845E-06
 4.6748E+24  1.9569E-07  1.6339E+04  7.4643E-05  9.9995E-01  7.1845E-06
 4.7674E+24  2.0317E-07  1.6376E+04  7.4643E-05  9.9995E-01  7.1845E-06
 4.8599E+24  2.1075E-07  1.6413E+04  7.4643E-05  9.9995E-01  7.1845E-06
 4.9525E+24  2.1846E-07  1.6449E+04  7.4643E-05  9.9994E-01  7.1845E-06
 5.0451E+24  2.2632E-07  1.6484E+04  7.4643E-05  9.9994E-01  7.1845E-06
 5.1377E+24  2.3432E-07  1.6519E+04  7.4643E-05  9.9994E-01  7.1845E-06
 5.2302E+24  2.4250E-07  1.6553E+04  7.4643E-05  9.9994E-01  7.1845E-06
 5.3228E+24  2.5086E-07  1.6587E+04  7.4643E-05  9.9994E-01  7.1845E-06
 5.4154E+24  2.5943E-07  1.6620E+04  7.4643E-05  9.9993E-01  7.1845E-06
 5.5079E+24  2.6772E-07  1.6653E+04  7.4643E-05  9.9993E-01  7.1845E-06
 5.6005E+24  2.7615E-07  1.6685E+04  7.4643E-05  9.9993E-01  7.1845E-06
 5.6931E+24  2.8525E-07  1.6717E+04  7.4643E-05  9.9993E-01  7.1845E-06
 5.7856E+24  2.9463E-07  1.6748E+04  7.4643E-05  9.9992E-01  7.1845E-06
 5.8782E+24  3.0276E-07  1.6778E+04  7.4643E-05  9.9992E-01  7.1845E-06
 5.9708E+24  3.1244E-07  1.6809E+04  7.4643E-05  9.9992E-01  7.1845E-06
 6.0634E+24  3.2216E-07  1.6838E+04  7.4643E-05  9.9992E-01  7.1845E-06
 6.1559E+24  3.3075E-07  1.6867E+04  7.4643E-05  9.9991E-01  7.1845E-06
 6.2485E+24  3.4137E-07  1.6896E+04  7.4643E-05  9.9991E-01  7.1845E-06
 6.3411E+24  3.5004E-07  1.6924E+04  7.4643E-05  9.9991E-01  7.1845E-06
 6.4336E+24  3.6083E-07  1.6952E+04  7.4643E-05  9.9991E-01  7.1845E-06
 6.5262E+24  3.6999E-07  1.6980E+04  7.4643E-05  9.9990E-01  7.1845E-06
 6.6188E+24  3.8104E-07  1.7007E+04  7.4643E-05  9.9990E-01  7.1845E-06
 6.7113E+24  3.9020E-07  1.7033E+04  7.4643E-05  9.9990E-01  7.1845E-06
 6.8039E+24  4.0203E-07  1.7060E+04  7.4643E-05  9.9989E-01  7.1845E-06
 6.8965E+24  4.1081E-07  1.7086E+04  7.4643E-05  9.9988E-01  7.1845E-06
 6.9891E+24  4.2261E-07  1.7112E+04  7.4643E-05  9.9987E-01  7.1845E-06
 7.0816E+24  4.3317E-07  1.7137E+04  7.4643E-05  9.9984E-01  7.1845E-06
 7.1742E+24  4.4351E-07  1.7162E+04  7.4643E-05  9.9979E-01  7.1845E-06
 7.2668E+24  4.5564E-07  1.7186E+04  7.4643E-05  9.9969E-01  7.1845E-06
 7.3593E+24  4.6594E-07  1.7210E+04  7.4643E-05  9.9950E-01  7.1845E-06
 7.4519E+24  4.7705E-07  1.7233E+04  7.4643E-05  9.9913E-01  7.1845E-06
 7.5445E+24  4.8940E-07  1.7254E+04  7.4643E-05  9.9844E-01  7.1845E-06
 7.6371E+24  5.0098E-07  1.7272E+04  7.4643E-05  9.9715E-01  7.1845E-06
 7.7296E+24  5.1158E-07  1.7285E+04  7.4643E-05  9.9482E-01  7.1845E-06
 7.8222E+24  5.2432E-07  1.7290E+04  7.4643E-05  9.9066E-01  7.1845E-06
 7.9148E+24  5.3735E-07  1.7283E+04  7.4643E-05  9.8342E-01  7.1845E-06
 8.0073E+24  5.5007E-07  1.7253E+04  7.4643E-05  9.7110E-01  7.1845E-06
 8.0999E+24  5.6214E-07  1.7188E+04  7.4643E-05  9.5078E-01  7.1845E-06
 8.1925E+24  5.7716E-07  1.7069E+04  7.4643E-05  9.1862E-01  7.1845E-06
 8.2850E+24  5.9366E-07  1.6873E+04  7.4643E-05  8.7044E-01  7.1845E-06
 8.3776E+24  6.1230E-07  1.6577E+04  7.4643E-05  8.0334E-01  7.1845E-06
 8.4702E+24  6.3336E-07  1.6165E+04  7.4643E-05  7.1819E-01  7.1845E-06
 8.5628E+24  6.5657E-07  1.5643E+04  7.4643E-05  6.2114E-01  7.1845E-06
 8.6553E+24  6.8567E-07  1.5041E+04  7.4643E-05  5.2223E-01  7.1845E-06
 8.7479E+24  7.1851E-07  1.4402E+04  7.4643E-05  4.3118E-01  7.1845E-06
 8.8405E+24  7.5444E-07  1.3769E+04  7.4643E-05  3.5377E-01  7.1845E-06
 8.9330E+24  7.8950E-07  1.3173E+04  7.4643E-05  2.9131E-01  7.1845E-06
 9.0256E+24  8.2743E-07  1.2629E+04  7.4643E-05  2.4224E-01  7.1845E-06
 9.1182E+24  8.6730E-07  1.2142E+04  7.4643E-05  2.0397E-01  7.1845E-06
 9.2107E+24  9.0677E-07  1.1711E+04  7.4643E-05  1.7396E-01  7.1845E-06
 9.3033E+24  9.4238E-07  1.1329E+04  7.4643E-05  1.5016E-01  7.1845E-06
 9.3959E+24  9.8240E-07  1.0991E+04  7.4643E-05  1.3102E-01  7.1845E-06
 9.4885E+24  1.0224E-06  1.0692E+04  7.4643E-05  1.1539E-01  7.1845E-06
 9.5810E+24  1.0563E-06  1.0425E+04  7.4643E-05  1.0246E-01  7.1845E-06
 9.6736E+24  1.0951E-06  1.0187E+04  7.4643E-05  9.1632E-02  7.1845E-06
 9.7662E+24  1.1343E-06  9.9729E+03  7.4643E-05  8.2454E-02  7.1845E-06
 9.8587E+24  1.1685E-06  9.7803E+03  7.4643E-05  7.4603E-02  7.1845E-06
 9.9513E+24  1.2050E-06  9.6060E+03  7.4643E-05  6.7827E-02  7.1845E-06
 1.0044E+25  1.2434E-06  9.4479E+03  7.4643E-05  6.1934E-02  7.1845E-06
 1.0136E+25  1.2801E-06  9.3037E+03  7.4643E-05  5.6771E-02  7.1845E-06
 1.0229E+25  1.3126E-06  9.1721E+03  7.4643E-05  5.2223E-02  7.1845E-06
 1.0322E+25  1.3505E-06  9.0514E+03  7.4643E-05  4.8192E-02  7.1845E-06
 1.0414E+25  1.3882E-06  8.9405E+03  7.4643E-05  4.4600E-02  7.1845E-06
 1.0507E+25  1.4234E-06  8.8384E+03  7.4643E-05  4.1386E-02  7.1845E-06
 1.0599E+25  1.4561E-06  8.7440E+03  7.4643E-05  3.8498E-02  7.1845E-06
 1.0692E+25  1.4934E-06  8.6566E+03  7.4643E-05  3.5892E-02  7.1845E-06
 1.0784E+25  1.5304E-06  8.5755E+03  7.4643E-05  3.3532E-02  7.1845E-06
 1.0877E+25  1.5674E-06  8.5001E+03  7.4643E-05  3.1388E-02  7.1845E-06
 1.0970E+25  1.6013E-06  8.4299E+03  7.4643E-05  2.9436E-02  7.1845E-06
 1.1062E+25  1.6350E-06  8.3645E+03  7.4643E-05  2.7650E-02  7.1845E-06
 1.1155E+25  1.6719E-06  8.3032E+03  7.4643E-05  2.6015E-02  7.1845E-06
 1.1247E+25  1.7085E-06  8.2460E+03  7.4643E-05  2.4513E-02  7.1845E-06
 1.1340E+25  1.7453E-06  8.1922E+03  7.4643E-05  2.3130E-02  7.1845E-06
 1.1432E+25  1.7819E-06  8.1418E+03  7.4643E-05  2.1854E-02  7.1845E-06
 1.1525E+25  1.8185E-06  8.0944E+03  7.4643E-05  2.0675E-02  7.1845E-06
 1.1618E+25  1.8548E-06  8.0498E+03  7.4643E-05  1.9582E-02  7.1845E-06
 1.1710E+25  1.8882E-06  8.0078E+03  7.4643E-05  1.8568E-02  7.1845E-06
 1.1803E+25  1.9248E-06  7.9681E+03  7.4643E-05  1.7625E-02  7.1845E-06
 1.1895E+25  1.9618E-06  7.9306E+03  7.4643E-05  1.6748E-02  7.1845E-06
 1.1988E+25  1.9988E-06  7.8952E+03  7.4643E-05  1.5929E-02  7.1845E-06
 1.2080E+25  2.0358E-06  7.8617E+03  7.4643E-05  1.5165E-02  7.1845E-06
 1.2173E+25  2.0731E-06  7.8299E+03  7.4643E-05  1.4451E-02  7.1845E-06
 1.2266E+25  2.1103E-06  7.7998E+03  7.4643E-05  1.3781E-02  7.1845E-06
 1.2358E+25  2.1477E-06  7.7713E+03  7.4643E-05  1.3154E-02  7.1845E-06
 1.2451E+25  2.1853E-06  7.7441E+03  7.4643E-05  1.2564E-02  7.1845E-06
 1.2543E+25  2.2231E-06  7.7183E+03  7.4643E-05  1.2011E-02  7.1845E-06
 1.2636E+25  2.2611E-06  7.6937E+03  7.4643E-05  1.1490E-02  7.1845E-06
 1.2728E+25  2.2993E-06  7.6703E+03  7.4643E-05  1.0999E-02  7.1845E-06
 1.2821E+25  2.3377E-06  7.6480E+03  7.4643E-05  1.0536E-02  7.1845E-06
 1.2914E+25  2.3764E-06  7.6268E+03  7.4643E-05  1.0099E-02  7.1845E-06
 1.3006E+25  2.4154E-06  7.6065E+03  7.4643E-05  9.6868E-03  7.1845E-06
 1.3099E+25  2.4548E-06  7.5872E+03  7.4643E-05  9.2967E-03  7.1845E-06
 1.3191E+25  2.4918E-06  7.5687E+03  7.4643E-05  8.9272E-03  7.1845E-06
 1.3284E+25  2.5282E-06  7.5510E+03  7.4643E-05  8.5775E-03  7.1845E-06
 1.3376E+25  2.5677E-06  7.5341E+03  7.4643E-05  8.2462E-03  7.1845E-06
 1.3469E+25  2.6077E-06  7.5179E+03  7.4643E-05  7.9316E-03  7.1845E-06
 1.3562E+25  2.6482E-06  7.5024E+03  7.4643E-05  7.6327E-03  7.1845E-06
 1.3654E+25  2.6892E-06  7.4875E+03  7.4643E-05  7.3492E-03  7.1845E-06
 1.3747E+25  2.7307E-06  7.4733E+03  7.4643E-05  7.0795E-03  7.1845E-06
 1.3839E+25  2.7727E-06  7.4596E+03  7.4643E-05  6.8226E-03  7.1845E-06
 1.3932E+25  2.8151E-06  7.4465E+03  7.4643E-05  6.5782E-03  7.1845E-06
 1.4024E+25  2.8462E-06  7.4339E+03  7.4643E-05  6.3457E-03  7.1845E-06
 1.4117E+25  2.8880E-06  7.4218E+03  7.4643E-05  6.1234E-03  7.1845E-06
 1.4210E+25  2.9314E-06  7.4102E+03  7.4643E-05  5.9117E-03  7.1845E-06
 1.4302E+25  2.9755E-06  7.3990E+03  7.4643E-05  5.7097E-03  7.1845E-06
 1.4395E+25  3.0204E-06  7.3883E+03  7.4643E-05  5.5166E-03  7.1845E-06
 1.4487E+25  3.0626E-06  7.3779E+03  7.4643E-05  5.3324E-03  7.1845E-06
 1.4580E+25  3.0930E-06  7.3679E+03  7.4643E-05  5.1557E-03  7.1845E-06
 1.4672E+25  3.1388E-06  7.3584E+03  7.4643E-05  4.9873E-03  7.1845E-06
 1.4765E+25  3.1857E-06  7.3491E+03  7.4643E-05  4.8259E-03  7.1845E-06
 1.4858E+25  3.2335E-06  7.3402E+03  7.4643E-05  4.6712E-03  7.1845E-06
 1.4950E+25  3.2720E-06  7.3316E+03  7.4643E-05  4.5232E-03  7.1845E-06
 1.5043E+25  3.3062E-06  7.3233E+03  7.4643E-05  4.3811E-03  7.1845E-06
 1.5135E+25  3.3555E-06  7.3153E+03  7.4643E-05  4.2453E-03  7.1845E-06
 1.5228E+25  3.4060E-06  7.3076E+03  7.4643E-05  4.1145E-03  7.1845E-06
 1.5320E+25  3.4504E-06  7.3002E+03  7.4643E-05  3.9894E-03  7.1845E-06
 1.5413E+25  3.4792E-06  7.2930E+03  7.4643E-05  3.8688E-03  7.1845E-06
 1.5506E+25  3.5313E-06  7.2860E+03  7.4643E-05  3.7536E-03  7.1845E-06
 1.5598E+25  3.5845E-06  7.2793E+03  7.4643E-05  3.6422E-03  7.1845E-06
 1.5691E+25  3.6245E-06  7.2728E+03  7.4643E-05  3.5357E-03  7.1845E-06
 1.5783E+25  3.6586E-06  7.2665E+03  7.4643E-05  3.4326E-03  7.1845E-06
 1.5876E+25  3.7142E-06  7.2604E+03  7.4643E-05  3.3342E-03  7.1845E-06
 1.5968E+25  3.7709E-06  7.2545E+03  7.4643E-05  3.2388E-03  7.1845E-06
 1.6061E+25  3.7931E-06  7.2488E+03  7.4643E-05  3.1475E-03  7.1845E-06
 1.6154E+25  3.8464E-06  7.2433E+03  7.4643E-05  3.0591E-03  7.1845E-06
 1.6246E+25  3.9057E-06  7.2380E+03  7.4643E-05  2.9743E-03  7.1845E-06
 1.6339E+25  3.9406E-06  7.2328E+03  7.4643E-05  2.8924E-03  7.1845E-06
 1.6431E+25  3.9819E-06  7.2278E+03  7.4643E-05  2.8133E-03  7.1845E-06
 1.6524E+25  4.0439E-06  7.2229E+03  7.4643E-05  2.7373E-03  7.1845E-06
 1.6616E+25  4.0866E-06  7.2182E+03  7.4643E-05  2.6635E-03  7.1845E-06
 1.6709E+25  4.1208E-06  7.2136E+03  7.4643E-05  2.5930E-03  7.1845E-06
 1.6802E+25  4.1862E-06  7.2092E+03  7.4643E-05  2.5243E-03  7.1845E-06
 1.6894E+25  4.2303E-06  7.2049E+03  7.4643E-05  2.4583E-03  7.1845E-06
 1.6987E+25  4.2642E-06  7.2007E+03  7.4643E-05  2.3943E-03  7.1845E-06
 1.7079E+25  4.3328E-06  7.1967E+03  7.4643E-05  2.3326E-03  7.1845E-06
 1.7172E+25  4.3717E-06  7.1927E+03  7.4643E-05  2.2732E-03  7.1845E-06
 1.7264E+25  4.4124E-06  7.1889E+03  7.4643E-05  2.2153E-03  7.1845E-06
 1.7357E+25  4.4845E-06  7.1852E+03  7.4643E-05  2.1597E-03  7.1845E-06
 1.7450E+25  4.5106E-06  7.1816E+03  7.4643E-05  2.1056E-03  7.1845E-06
 1.7542E+25  4.5660E-06  7.1781E+03  7.4643E-05  2.0534E-03  7.1845E-06
 1.7635E+25  4.6398E-06  7.1747E+03  7.4643E-05  2.0031E-03  7.1845E-06
 1.7727E+25  4.6490E-06  7.1713E+03  7.4643E-05  1.9539E-03  7.1845E-06
 1.7820E+25  4.7254E-06  7.1681E+03  7.4643E-05  1.9067E-03  7.1845E-06
 1.7912E+25  4.7763E-06  7.1650E+03  7.4643E-05  1.8608E-03  7.1845E-06
 1.8005E+25  4.8096E-06  7.1619E+03  7.4643E-05  1.8162E-03  7.1845E-06
 1.8097E+25  4.8915E-06  7.1590E+03  7.4643E-05  1.7734E-03  7.1845E-06
 1.8190E+25  4.9087E-06  7.1561E+03  7.4643E-05  1.7315E-03  7.1845E-06
 1.8283E+25  4.9785E-06  7.1533E+03  7.4643E-05  1.6909E-03  7.1845E-06
 1.8375E+25  5.0370E-06  7.1505E+03  7.4643E-05  1.6519E-03  7.1845E-06
 1.8468E+25  5.0658E-06  7.1479E+03  7.4643E-05  1.6137E-03  7.1845E-06
 1.8560E+25  5.1549E-06  7.1453E+03  7.4643E-05  1.5767E-03  7.1845E-06
 1.8653E+25  5.1651E-06  7.1427E+03  7.4643E-05  1.5411E-03  7.1845E-06
 1.8745E+25  5.2456E-06  7.1403E+03  7.4643E-05  1.5061E-03  7.1845E-06
 1.8838E+25  5.2925E-06  7.1379E+03  7.4643E-05  1.4723E-03  7.1845E-06
 1.8931E+25  5.3371E-06  7.1355E+03  7.4643E-05  1.4397E-03  7.1845E-06
 1.9023E+25  5.4204E-06  7.1332E+03  7.4643E-05  1.4076E-03  7.1845E-06
 1.9116E+25  5.4295E-06  7.1310E+03  7.4643E-05  1.3767E-03  7.1845E-06
 1.9208E+25  5.5295E-06  7.1289E+03  7.4643E-05  1.3468E-03  7.1845E-06
 1.9301E+25  5.5417E-06  7.1267E+03  7.4643E-05  1.3174E-03  7.1845E-06
 1.9393E+25  5.6260E-06  7.1247E+03  7.4643E-05  1.2890E-03  7.1845E-06
 1.9486E+25  5.6679E-06  7.1227E+03  7.4643E-05  1.2616E-03  7.1845E-06
 1.9579E+25  5.7237E-06  7.1207E+03  7.4643E-05  1.2346E-03  7.1845E-06
 1.9671E+25  5.7942E-06  7.1188E+03  7.4643E-05  1.2084E-03  7.1845E-06
 1.9764E+25  5.8227E-06  7.1169E+03  7.4643E-05  1.1832E-03  7.1845E-06
 1.9856E+25  5.9203E-06  7.1151E+03  7.4643E-05  1.1584E-03  7.1845E-06
 1.9949E+25  5.9233E-06  7.1133E+03  7.4643E-05  1.1342E-03  7.1845E-06
 2.0041E+25  6.0397E-06  7.1116E+03  7.4643E-05  1.1110E-03  7.1845E-06
 2.0134E+25  6.0321E-06  7.1099E+03  7.4643E-05  1.0883E-03  7.1845E-06
 2.0227E+25  6.1457E-06  7.1082E+03  7.4643E-05  1.0659E-03  7.1845E-06
 2.0319E+25  6.1559E-06  7.1066E+03  7.4643E-05  1.0444E-03  7.1845E-06
 2.0412E+25  6.2535E-06  7.1050E+03  7.4643E-05  1.0235E-03  7.1845E-06
 2.0504E+25  6.2794E-06  7.1034E+03  7.4643E-05  1.0029E-03  7.1845E-06
 2.0597E+25  6.3633E-06  7.1019E+03  7.4643E-05  9.8285E-04  7.1845E-06
 2.0689E+25  6.4025E-06  7.1004E+03  7.4643E-05  9.6357E-04  7.1845E-06
 2.0782E+25  6.4752E-06  7.0990E+03  7.4643E-05  9.4461E-04  7.1845E-06
 2.0875E+25  6.5253E-06  7.0976E+03  7.4643E-05  9.2599E-04  7.1845E-06
 2.0967E+25  6.5895E-06  7.0962E+03  7.4643E-05  9.0803E-04  7.1845E-06
 2.1060E+25  6.6474E-06  7.0948E+03  7.4643E-05  8.9062E-04  7.1845E-06
 2.1152E+25  6.7063E-06  7.0935E+03  7.4643E-05  8.7343E-04  7.1845E-06
 2.1245E+25  6.7689E-06  7.0922E+03  7.4643E-05  8.5662E-04  7.1845E-06
 2.1337E+25  6.8258E-06  7.0910E+03  7.4643E-05  8.4046E-04  7.1845E-06
 2.1430E+25  6.8898E-06  7.0897E+03  7.4643E-05  8.2463E-04  7.1845E-06
 2.1523E+25  6.9480E-06  7.0885E+03  7.4643E-05  8.0901E-04  7.1845E-06
 2.1615E+25  7.0101E-06  7.0873E+03  7.4643E-05  7.9386E-04  7.1845E-06
 2.1708E+25  7.0732E-06  7.0862E+03  7.4643E-05  7.7924E-04  7.1845E-06
 2.1800E+25  7.1296E-06  7.0850E+03  7.4643E-05  7.6485E-04  7.1845E-06
 2.1893E+25  7.2015E-06  7.0839E+03  7.4643E-05  7.5065E-04  7.1845E-06
 2.1985E+25  7.2484E-06  7.0828E+03  7.4643E-05  7.3691E-04  7.1845E-06
 2.2078E+25  7.3330E-06  7.0818E+03  7.4643E-05  7.2362E-04  7.1845E-06
 2.2171E+25  7.3664E-06  7.0807E+03  7.4643E-05  7.1055E-04  7.1845E-06
 2.2263E+25  7.4679E-06  7.0797E+03  7.4643E-05  6.9764E-04  7.1845E-06
 2.2356E+25  7.4836E-06  7.0787E+03  7.4643E-05  6.8514E-04  7.1845E-06
 2.2448E+25  7.6065E-06  7.0777E+03  7.4643E-05  6.7306E-04  7.1845E-06
 2.2541E+25  7.5999E-06  7.0767E+03  7.4643E-05  6.6113E-04  7.1845E-06
 2.2633E+25  7.7484E-06  7.0758E+03  7.4643E-05  6.4935E-04  7.1845E-06
 2.2726E+25  7.7157E-06  7.0749E+03  7.4643E-05  6.3796E-04  7.1845E-06
 2.2819E+25  7.8698E-06  7.0740E+03  7.4643E-05  6.2696E-04  7.1845E-06
 2.2911E+25  7.8550E-06  7.0731E+03  7.4643E-05  6.1608E-04  7.1845E-06
 2.3004E+25  7.9853E-06  7.0722E+03  7.4643E-05  6.0534E-04  7.1845E-06
 2.3096E+25  8.0033E-06  7.0713E+03  7.4643E-05  5.9489E-04  7.1845E-06
 2.3189E+25  8.0998E-06  7.0705E+03  7.4643E-05  5.8482E-04  7.1845E-06
 2.3281E+25  8.1562E-06  7.0697E+03  7.4643E-05  5.7491E-04  7.1845E-06
 2.3374E+25  8.2133E-06  7.0689E+03  7.4643E-05  5.6511E-04  7.1845E-06
 2.3467E+25  8.3137E-06  7.0681E+03  7.4643E-05  5.5552E-04  7.1845E-06
 2.3559E+25  8.3255E-06  7.0673E+03  7.4643E-05  5.4627E-04  7.1845E-06
 2.3652E+25  8.4760E-06  7.0666E+03  7.4643E-05  5.3723E-04  7.1845E-06
 2.3744E+25  8.4365E-06  7.0658E+03  7.4643E-05  5.2827E-04  7.1845E-06
 2.3837E+25  8.5971E-06  7.0651E+03  7.4643E-05  5.1945E-04  7.1845E-06
 2.3929E+25  8.5926E-06  7.0644E+03  7.4643E-05  5.1091E-04  7.1845E-06
 2.4022E+25  8.7079E-06  7.0637E+03  7.4643E-05  5.0266E-04  7.1845E-06
 2.4115E+25  8.7628E-06  7.0630E+03  7.4643E-05  4.9449E-04  7.1845E-06
 2.4207E+25  8.8178E-06  7.0623E+03  7.4643E-05  4.8639E-04  7.1845E-06
 2.4300E+25  8.9388E-06  7.0616E+03  7.4643E-05  4.7849E-04  7.1845E-06
 2.4392E+25  8.9262E-06  7.0610E+03  7.4643E-05  4.7085E-04  7.1845E-06
 2.4485E+25  9.0905E-06  7.0604E+03  7.4643E-05  4.6340E-04  7.1845E-06
 2.4577E+25  9.0628E-06  7.0597E+03  7.4643E-05  4.5600E-04  7.1845E-06
 2.4670E+25  9.1984E-06  7.0591E+03  7.4643E-05  4.4869E-04  7.1845E-06
 2.4763E+25  9.2480E-06  7.0585E+03  7.4643E-05  4.4161E-04  7.1845E-06
 2.4855E+25  9.3052E-06  7.0579E+03  7.4643E-05  4.3476E-04  7.1845E-06
 2.4948E+25  9.4396E-06  7.0573E+03  7.4643E-05  4.2800E-04  7.1845E-06
 2.5040E+25  9.4104E-06  7.0567E+03  7.4643E-05  4.2130E-04  7.1845E-06
 2.5133E+25  9.5786E-06  7.0562E+03  7.4643E-05  4.1470E-04  7.1845E-06
 2.5225E+25  9.5728E-06  7.0556E+03  7.4643E-05  4.0831E-04  7.1845E-06
 2.5318E+25  9.6830E-06  7.0551E+03  7.4643E-05  4.0213E-04  7.1845E-06
 2.5411E+25  9.7752E-06  7.0546E+03  7.4643E-05  3.9601E-04  7.1845E-06
 2.5503E+25  9.7865E-06  7.0540E+03  7.4643E-05  3.8994E-04  7.1845E-06
 2.5596E+25  9.9577E-06  7.0535E+03  7.4643E-05  3.8397E-04  7.1845E-06
 2.5688E+25  9.9148E-06  7.0530E+03  7.4643E-05  3.7818E-04  7.1845E-06
 2.5781E+25  1.0060E-05  7.0525E+03  7.4643E-05  3.7258E-04  7.1845E-06
 2.5873E+25  1.0129E-05  7.0520E+03  7.4643E-05  3.6703E-04  7.1845E-06
 2.5966E+25  1.0161E-05  7.0515E+03  7.4643E-05  3.6153E-04  7.1845E-06
 2.6059E+25  1.0335E-05  7.0511E+03  7.4643E-05  3.5611E-04  7.1845E-06
 2.6151E+25  1.0277E-05  7.0506E+03  7.4643E-05  3.5085E-04  7.1845E-06
 2.6244E+25  1.0434E-05  7.0501E+03  7.4643E-05  3.4577E-04  7.1845E-06
 2.6336E+25  1.0504E-05  7.0497E+03  7.4643E-05  3.4073E-04  7.1845E-06
 2.6429E+25  1.0533E-05  7.0492E+03  7.4643E-05  3.3574E-04  7.1845E-06
 2.6521E+25  1.0710E-05  7.0488E+03  7.4643E-05  3.3080E-04  7.1845E-06
 2.6614E+25  1.0659E-05  7.0484E+03  7.4643E-05  3.2601E-04  7.1845E-06
 2.6707E+25  1.0807E-05  7.0480E+03  7.4643E-05  3.2138E-04  7.1845E-06
 2.6799E+25  1.0901E-05  7.0475E+03  7.4643E-05  3.1681E-04  7.1845E-06
 2.6892E+25  1.0903E-05  7.0471E+03  7.4643E-05  3.1228E-04  7.1845E-06
 2.6984E+25  1.1083E-05  7.0467E+03  7.4643E-05  3.0778E-04  7.1845E-06
 2.7077E+25  1.1065E-05  7.0463E+03  7.4643E-05  3.0339E-04  7.1845E-06
 2.7169E+25  1.1176E-05  7.0460E+03  7.4643E-05  2.9914E-04  7.1845E-06
 2.7262E+25  1.1323E-05  7.0456E+03  7.4643E-05  2.9500E-04  7.1845E-06
 2.7355E+25  1.1269E-05  7.0452E+03  7.4643E-05  2.9088E-04  7.1845E-06
 2.7447E+25  1.1451E-05  7.0448E+03  7.4643E-05  2.8680E-04  7.1845E-06
 2.7540E+25  1.1499E-05  7.0445E+03  7.4643E-05  2.8276E-04  7.1845E-06
 2.7632E+25  1.1543E-05  7.0441E+03  7.4643E-05  2.7886E-04  7.1845E-06
 2.7725E+25  1.1728E-05  7.0438E+03  7.4643E-05  2.7507E-04  7.1845E-06
 2.7817E+25  1.1677E-05  7.0434E+03  7.4643E-05  2.7133E-04  7.1845E-06
 2.7910E+25  1.1817E-05  7.0431E+03  7.4643E-05  2.6761E-04  7.1845E-06
 2.8003E+25  1.1960E-05  7.0427E+03  7.4643E-05  2.6392E-04  7.1845E-06
 2.8095E+25  1.1905E-05  7.0424E+03  7.4643E-05  2.6031E-04  7.1845E-06
 2.8188E+25  1.2092E-05  7.0421E+03  7.4643E-05  2.5681E-04  7.1845E-06
 2.8280E+25  1.2152E-05  7.0418E+03  7.4643E-05  2.5342E-04  7.1845E-06
 2.8373E+25  1.2179E-05  7.0414E+03  7.4643E-05  2.5004E-04  7.1845E-06
 2.8465E+25  1.2369E-05  7.0411E+03  7.4643E-05  2.4669E-04  7.1845E-06
 2.8558E+25  1.2348E-05  7.0408E+03  7.4643E-05  2.4336E-04  7.1845E-06
 2.8651E+25  1.2453E-05  7.0405E+03  7.4643E-05  2.4012E-04  7.1845E-06
 2.8743E+25  1.2644E-05  7.0402E+03  7.4643E-05  2.3696E-04  7.1845E-06
 2.8836E+25  1.2552E-05  7.0399E+03  7.4643E-05  2.3390E-04  7.1845E-06
 2.8928E+25  1.2727E-05  7.0396E+03  7.4643E-05  2.3085E-04  7.1845E-06
 2.9021E+25  1.2871E-05  7.0394E+03  7.4643E-05  2.2782E-04  7.1845E-06
 2.9113E+25  1.2809E-05  7.0391E+03  7.4643E-05  2.2482E-04  7.1845E-06
 2.9206E+25  1.3002E-05  7.0388E+03  7.4643E-05  2.2189E-04  7.1845E-06
 2.9299E+25  1.3088E-05  7.0385E+03  7.4643E-05  2.1904E-04  7.1845E-06
 2.9391E+25  1.3083E-05  7.0383E+03  7.4643E-05  2.1628E-04  7.1845E-06
 2.9484E+25  1.3278E-05  7.0380E+03  7.4643E-05  2.1351E-04  7.1845E-06
 2.9576E+25  1.3312E-05  7.0377E+03  7.4643E-05  2.1077E-04  7.1845E-06
 2.9669E+25  1.3356E-05  7.0375E+03  7.4643E-05  2.0806E-04  7.1845E-06
 2.9761E+25  1.3554E-05  7.0372E+03  7.4643E-05  2.0540E-04  7.1845E-06
 2.9854E+25  1.3543E-05  7.0370E+03  7.4643E-05  2.0282E-04  7.1845E-06
 2.9947E+25  1.3629E-05  7.0367E+03  7.4643E-05  2.0031E-04  7.1845E-06
 3.0039E+25  1.3830E-05  7.0365E+03  7.4643E-05  1.9782E-04  7.1845E-06
 3.0132E+25  1.3780E-05  7.0363E+03  7.4643E-05  1.9534E-04  7.1845E-06
 3.0224E+25  1.3903E-05  7.0360E+03  7.4643E-05  1.9288E-04  7.1845E-06
 3.0317E+25  1.4106E-05  7.0358E+03  7.4643E-05  1.9045E-04  7.1845E-06
 3.0409E+25  1.4026E-05  7.0356E+03  7.4643E-05  1.8810E-04  7.1845E-06
 3.0502E+25  1.4176E-05  7.0353E+03  7.4643E-05  1.8582E-04  7.1845E-06
 3.0594E+25  1.4381E-05  7.0351E+03  7.4643E-05  1.8357E-04  7.1845E-06
 3.0687E+25  1.4280E-05  7.0349E+03  7.4643E-05  1.8133E-04  7.1845E-06
 3.0780E+25  1.4450E-05  7.0347E+03  7.4643E-05  1.7910E-04  7.1845E-06
 3.0872E+25  1.4656E-05  7.0345E+03  7.4643E-05  1.7689E-04  7.1845E-06
 3.0965E+25  1.4543E-05  7.0343E+03  7.4643E-05  1.7474E-04  7.1845E-06
 3.1057E+25  1.4724E-05  7.0341E+03  7.4643E-05  1.7264E-04  7.1845E-06
 3.1150E+25  1.4931E-05  7.0338E+03  7.4643E-05  1.7060E-04  7.1845E-06
 3.1242E+25  1.4814E-05  7.0337E+03  7.4643E-05  1.6858E-04  7.1845E-06
 3.1335E+25  1.4997E-05  7.0335E+03  7.4643E-05  1.6656E-04  7.1845E-06
 3.1428E+25  1.5207E-05  7.0333E+03  7.4643E-05  1.6456E-04  7.1845E-06
 3.1520E+25  1.5094E-05  7.0331E+03  7.4643E-05  1.6258E-04  7.1845E-06
 3.1613E+25  1.5270E-05  7.0329E+03  7.4643E-05  1.6065E-04  7.1845E-06
 3.1705E+25  1.5482E-05  7.0327E+03  7.4643E-05  1.5877E-04  7.1845E-06
 3.1798E+25  1.5384E-05  7.0325E+03  7.4643E-05  1.5695E-04  7.1845E-06
 3.1890E+25  1.5542E-05  7.0323E+03  7.4643E-05  1.5512E-04  7.1845E-06
 3.1983E+25  1.5756E-05  7.0321E+03  7.4643E-05  1.5330E-04  7.1845E-06
 3.2076E+25  1.5684E-05  7.0320E+03  7.4643E-05  1.5150E-04  7.1845E-06
 3.2168E+25  1.5815E-05  7.0318E+03  7.4643E-05  1.4972E-04  7.1845E-06
 3.2261E+25  1.6029E-05  7.0316E+03  7.4643E-05  1.4799E-04  7.1845E-06
 3.2353E+25  1.5996E-05  7.0314E+03  7.4643E-05  1.4630E-04  7.1845E-06
 3.2446E+25  1.6086E-05  7.0313E+03  7.4643E-05  1.4466E-04  7.1845E-06
 3.2538E+25  1.6302E-05  7.0311E+03  7.4643E-05  1.4301E-04  7.1845E-06
 3.2631E+25  1.6319E-05  7.0309E+03  7.4643E-05  1.4138E-04  7.1845E-06
 3.2724E+25  1.6358E-05  7.0308E+03  7.4643E-05  1.3975E-04  7.1845E-06
 3.2816E+25  1.6575E-05  7.0306E+03  7.4643E-05  1.3814E-04  7.1845E-06
 3.2909E+25  1.6654E-05  7.0304E+03  7.4643E-05  1.3658E-04  7.1845E-06
 3.3001E+25  1.6628E-05  7.0303E+03  7.4643E-05  1.3506E-04  7.1845E-06
 3.3094E+25  1.6846E-05  7.0301E+03  7.4643E-05  1.3357E-04  7.1845E-06
 3.3186E+25  1.7002E-05  7.0300E+03  7.4643E-05  1.3209E-04  7.1845E-06
 3.3279E+25  1.6897E-05  7.0298E+03  7.4643E-05  1.3061E-04  7.1845E-06
 3.3372E+25  1.7118E-05  7.0297E+03  7.4643E-05  1.2915E-04  7.1845E-06
 3.3464E+25  1.7340E-05  7.0295E+03  7.4643E-05  1.2769E-04  7.1845E-06
 3.3557E+25  1.7188E-05  7.0294E+03  7.4643E-05  1.2628E-04  7.1845E-06
 3.3649E+25  1.7389E-05  7.0293E+03  7.4643E-05  1.2489E-04  7.1845E-06
 3.3742E+25  1.7613E-05  7.0291E+03  7.4643E-05  1.2355E-04  7.1845E-06
 3.3834E+25  1.7556E-05  7.0290E+03  7.4643E-05  1.2222E-04  7.1845E-06
 3.3927E+25  1.7659E-05  7.0288E+03  7.4643E-05  1.2088E-04  7.1845E-06
 3.4020E+25  1.7884E-05  7.0287E+03  7.4643E-05  1.1956E-04  7.1845E-06
 3.4112E+25  1.7940E-05  7.0286E+03  7.4643E-05  1.1824E-04  7.1845E-06
 3.4205E+25  1.7927E-05  7.0284E+03  7.4643E-05  1.1695E-04  7.1845E-06
 3.4297E+25  1.8154E-05  7.0283E+03  7.4643E-05  1.1569E-04  7.1845E-06
 3.4390E+25  1.8340E-05  7.0282E+03  7.4643E-05  1.1446E-04  7.1845E-06
 3.4482E+25  1.8194E-05  7.0280E+03  7.4643E-05  1.1326E-04  7.1845E-06
 3.4575E+25  1.8424E-05  7.0279E+03  7.4643E-05  1.1207E-04  7.1845E-06
 3.4668E+25  1.8655E-05  7.0278E+03  7.4643E-05  1.1086E-04  7.1845E-06
 3.4760E+25  1.8559E-05  7.0277E+03  7.4643E-05  1.0968E-04  7.1845E-06
 3.4853E+25  1.8693E-05  7.0276E+03  7.4643E-05  1.0850E-04  7.1845E-06
 3.4945E+25  1.8925E-05  7.0274E+03  7.4643E-05  1.0735E-04  7.1845E-06
 3.5038E+25  1.8985E-05  7.0273E+03  7.4643E-05  1.0622E-04  7.1845E-06
 3.5130E+25  1.8959E-05  7.0272E+03  7.4643E-05  1.0512E-04  7.1845E-06
 3.5223E+25  1.9194E-05  7.0271E+03  7.4643E-05  1.0405E-04  7.1845E-06
 3.5316E+25  1.9422E-05  7.0270E+03  7.4643E-05  1.0297E-04  7.1845E-06
 3.5408E+25  1.9231E-05  7.0268E+03  7.4643E-05  1.0189E-04  7.1845E-06
 3.5501E+25  1.9462E-05  7.0267E+03  7.4643E-05  1.0083E-04  7.1845E-06
 3.5593E+25  1.9699E-05  7.0266E+03  7.4643E-05  9.9760E-05  7.1845E-06
 3.5686E+25  1.9679E-05  7.0265E+03  7.4643E-05  9.8732E-05  7.1845E-06
 3.5778E+25  1.9728E-05  7.0264E+03  7.4643E-05  9.7716E-05  7.1845E-06
 3.5871E+25  1.9967E-05  7.0263E+03  7.4643E-05  9.6738E-05  7.1845E-06
 3.5964E+25  2.0154E-05  7.0262E+03  7.4643E-05  9.5770E-05  7.1845E-06
 3.6056E+25  1.9991E-05  7.0261E+03  7.4643E-05  9.4797E-05  7.1845E-06
 3.6149E+25  2.0234E-05  7.0260E+03  7.4643E-05  9.3832E-05  7.1845E-06
 3.6241E+25  2.0476E-05  7.0259E+03  7.4643E-05  9.2872E-05  7.1845E-06
 3.6334E+25  2.0426E-05  7.0258E+03  7.4643E-05  9.1914E-05  7.1845E-06
 3.6426E+25  2.0499E-05  7.0257E+03  7.4643E-05  9.0986E-05  7.1845E-06
 3.6519E+25  2.0743E-05  7.0256E+03  7.4643E-05  9.0068E-05  7.1845E-06
 3.6612E+25  2.0935E-05  7.0255E+03  7.4643E-05  8.9182E-05  7.1845E-06
 3.6704E+25  2.0761E-05  7.0254E+03  7.4643E-05  8.8312E-05  7.1845E-06
 3.6797E+25  2.1009E-05  7.0253E+03  7.4643E-05  8.7442E-05  7.1845E-06
 3.6889E+25  2.1254E-05  7.0252E+03  7.4643E-05  8.6572E-05  7.1845E-06
 3.6982E+25  2.1233E-05  7.0251E+03  7.4643E-05  8.5706E-05  7.1845E-06
 3.7074E+25  2.1271E-05  7.0250E+03  7.4643E-05  8.4846E-05  7.1845E-06
 3.7167E+25  2.1521E-05  7.0249E+03  7.4643E-05  8.4002E-05  7.1845E-06
 3.7260E+25  2.1764E-05  7.0248E+03  7.4643E-05  8.3174E-05  7.1845E-06
 3.7352E+25  2.1547E-05  7.0247E+03  7.4643E-05  8.2365E-05  7.1845E-06
 3.7445E+25  2.1785E-05  7.0247E+03  7.4643E-05  8.1583E-05  7.1845E-06
 3.7537E+25  2.2036E-05  7.0246E+03  7.4643E-05  8.0799E-05  7.1845E-06
 3.7630E+25  2.2104E-05  7.0245E+03  7.4643E-05  8.0016E-05  7.1845E-06
 3.7722E+25  2.2045E-05  7.0244E+03  7.4643E-05  7.9237E-05  7.1845E-06
 3.7815E+25  2.2301E-05  7.0243E+03  7.4643E-05  7.8463E-05  7.1845E-06
 3.7908E+25  2.2554E-05  7.0242E+03  7.4643E-05  7.7695E-05  7.1845E-06
 3.8000E+25  2.2441E-05  7.0241E+03  7.4643E-05  7.6942E-05  7.1845E-06
 3.8093E+25  2.2561E-05  7.0241E+03  7.4643E-05  7.6203E-05  7.1845E-06
 3.8185E+25  2.2819E-05  7.0240E+03  7.4643E-05  7.5490E-05  7.1845E-06
 3.8278E+25  2.3045E-05  7.0239E+03  7.4643E-05  7.4787E-05  7.1845E-06
 3.8370E+25  2.2821E-05  7.0238E+03  7.4643E-05  7.4085E-05  7.1845E-06
 3.8463E+25  2.3080E-05  7.0237E+03  7.4643E-05  7.3383E-05  7.1845E-06
 3.8556E+25  2.3339E-05  7.0237E+03  7.4643E-05  7.2683E-05  7.1845E-06
 3.8648E+25  2.3415E-05  7.0236E+03  7.4643E-05  7.1987E-05  7.1845E-06
 3.8741E+25  2.3339E-05  7.0235E+03  7.4643E-05  7.1299E-05  7.1845E-06
 3.8833E+25  2.3602E-05  7.0234E+03  7.4643E-05  7.0629E-05  7.1845E-06
 3.8926E+25  2.3863E-05  7.0234E+03  7.4643E-05  6.9966E-05  7.1845E-06
 3.9018E+25  2.3798E-05  7.0233E+03  7.4643E-05  6.9326E-05  7.1845E-06
 3.9111E+25  2.3859E-05  7.0232E+03  7.4643E-05  6.8698E-05  7.1845E-06
 3.9204E+25  2.4126E-05  7.0231E+03  7.4643E-05  6.8068E-05  7.1845E-06
 3.9296E+25  2.4389E-05  7.0231E+03  7.4643E-05  6.7437E-05  7.1845E-06
 3.9389E+25  2.4198E-05  7.0230E+03  7.4643E-05  6.6811E-05  7.1845E-06
 3.9481E+25  2.4383E-05  7.0229E+03  7.4643E-05  6.6187E-05  7.1845E-06
 3.9574E+25  2.4653E-05  7.0229E+03  7.4643E-05  6.5567E-05  7.1845E-06
 3.9666E+25  2.4888E-05  7.0228E+03  7.4643E-05  6.4963E-05  7.1845E-06
 3.9759E+25  2.4643E-05  7.0227E+03  7.4643E-05  6.4366E-05  7.1845E-06
 3.9852E+25  2.4909E-05  7.0226E+03  7.4643E-05  6.3791E-05  7.1845E-06
 3.9944E+25  2.5182E-05  7.0226E+03  7.4643E-05  6.3229E-05  7.1845E-06
 4.0037E+25  2.5326E-05  7.0225E+03  7.4643E-05  6.2663E-05  7.1845E-06
 4.0129E+25  2.5168E-05  7.0225E+03  7.4643E-05  6.2096E-05  7.1845E-06
 4.0222E+25  2.5438E-05  7.0224E+03  7.4643E-05  6.1534E-05  7.1845E-06
 4.0314E+25  2.5713E-05  7.0223E+03  7.4643E-05  6.0973E-05  7.1845E-06
 4.0407E+25  2.5781E-05  7.0223E+03  7.4643E-05  6.0415E-05  7.1845E-06
 4.0500E+25  2.5696E-05  7.0222E+03  7.4643E-05  5.9871E-05  7.1845E-06
 4.0592E+25  2.5969E-05  7.0221E+03  7.4643E-05  5.9332E-05  7.1845E-06
 4.0685E+25  2.6247E-05  7.0221E+03  7.4643E-05  5.8806E-05  7.1845E-06
 4.0777E+25  2.6254E-05  7.0220E+03  7.4643E-05  5.8299E-05  7.1845E-06
 4.0870E+25  2.6226E-05  7.0219E+03  7.4643E-05  5.7793E-05  7.1845E-06
 4.0962E+25  2.6503E-05  7.0219E+03  7.4643E-05  5.7287E-05  7.1845E-06
 4.1055E+25  2.6784E-05  7.0218E+03  7.4643E-05  5.6781E-05  7.1845E-06
 4.1148E+25  2.6747E-05  7.0218E+03  7.4643E-05  5.6275E-05  7.1845E-06
 4.1240E+25  2.6760E-05  7.0217E+03  7.4643E-05  5.5775E-05  7.1845E-06
 4.1333E+25  2.7039E-05  7.0217E+03  7.4643E-05  5.5279E-05  7.1845E-06
 4.1425E+25  2.7323E-05  7.0216E+03  7.4643E-05  5.4793E-05  7.1845E-06
 4.1518E+25  2.7260E-05  7.0215E+03  7.4643E-05  5.4311E-05  7.1845E-06
 4.1610E+25  2.7296E-05  7.0215E+03  7.4643E-05  5.3849E-05  7.1845E-06
 4.1703E+25  2.7577E-05  7.0214E+03  7.4643E-05  5.3397E-05  7.1845E-06
 4.1796E+25  2.7865E-05  7.0214E+03  7.4643E-05  5.2941E-05  7.1845E-06
 4.1888E+25  2.7793E-05  7.0213E+03  7.4643E-05  5.2487E-05  7.1845E-06
 4.1981E+25  2.7834E-05  7.0213E+03  7.4643E-05  5.2033E-05  7.1845E-06
 4.2073E+25  2.8117E-05  7.0212E+03  7.4643E-05  5.1583E-05  7.1845E-06
 4.2166E+25  2.8409E-05  7.0212E+03  7.4643E-05  5.1134E-05  7.1845E-06
 4.2258E+25  2.8349E-05  7.0211E+03  7.4643E-05  5.0688E-05  7.1845E-06
 4.2351E+25  2.8375E-05  7.0211E+03  7.4643E-05  5.0255E-05  7.1845E-06
 4.2443E+25  2.8660E-05  7.0210E+03  7.4643E-05  4.9824E-05  7.1845E-06
 4.2536E+25  2.8955E-05  7.0210E+03  7.4643E-05  4.9411E-05  7.1845E-06
 4.2629E+25  2.8928E-05  7.0209E+03  7.4643E-05  4.9006E-05  7.1845E-06
 4.2721E+25  2.8918E-05  7.0208E+03  7.4643E-05  4.8599E-05  7.1845E-06
 4.2814E+25  2.9206E-05  7.0208E+03  7.4643E-05  4.8192E-05  7.1845E-06
 4.2906E+25  2.9503E-05  7.0208E+03  7.4643E-05  4.7785E-05  7.1845E-06
 4.2999E+25  2.9531E-05  7.0207E+03  7.4643E-05  4.7380E-05  7.1845E-06
 4.3091E+25  2.9464E-05  7.0207E+03  7.4643E-05  4.6977E-05  7.1845E-06
 4.3184E+25  2.9754E-05  7.0206E+03  7.4643E-05  4.6579E-05  7.1845E-06
 4.3277E+25  3.0052E-05  7.0206E+03  7.4643E-05  4.6189E-05  7.1845E-06
 4.3369E+25  3.0160E-05  7.0205E+03  7.4643E-05  4.5800E-05  7.1845E-06
 4.3462E+25  3.0012E-05  7.0205E+03  7.4643E-05  4.5428E-05  7.1845E-06
 4.3554E+25  3.0305E-05  7.0204E+03  7.4643E-05  4.5065E-05  7.1845E-06
 4.3647E+25  3.0604E-05  7.0204E+03  7.4643E-05  4.4701E-05  7.1845E-06
 4.3739E+25  3.0813E-05  7.0203E+03  7.4643E-05  4.4336E-05  7.1845E-06
 4.3832E+25  3.0562E-05  7.0203E+03  7.4643E-05  4.3972E-05  7.1845E-06
 4.3925E+25  3.0859E-05  7.0202E+03  7.4643E-05  4.3609E-05  7.1845E-06
 4.4017E+25  3.1158E-05  7.0202E+03  7.4643E-05  4.3249E-05  7.1845E-06
 4.4110E+25  3.1459E-05  7.0201E+03  7.4643E-05  4.2887E-05  7.1845E-06
 4.4202E+25  3.1149E-05  7.0201E+03  7.4643E-05  4.2535E-05  7.1845E-06
 4.4295E+25  3.1416E-05  7.0201E+03  7.4643E-05  4.2186E-05  7.1845E-06
 4.4387E+25  3.1716E-05  7.0200E+03  7.4643E-05  4.1844E-05  7.1845E-06
 4.4480E+25  3.2025E-05  7.0200E+03  7.4643E-05  4.1519E-05  7.1845E-06
 4.4573E+25  3.1845E-05  7.0199E+03  7.4643E-05  4.1192E-05  7.1845E-06
 4.4665E+25  3.1974E-05  7.0199E+03  7.4643E-05  4.0866E-05  7.1845E-06
 4.4758E+25  3.2277E-05  7.0199E+03  7.4643E-05  4.0540E-05  7.1845E-06
 4.4850E+25  3.2586E-05  7.0198E+03  7.4643E-05  4.0214E-05  7.1845E-06
 4.4943E+25  3.2577E-05  7.0198E+03  7.4643E-05  3.9890E-05  7.1845E-06
 4.5035E+25  3.2534E-05  7.0197E+03  7.4643E-05  3.9567E-05  7.1845E-06
 4.5128E+25  3.2842E-05  7.0197E+03  7.4643E-05  3.9247E-05  7.1845E-06
 4.5221E+25  3.3150E-05  7.0196E+03  7.4643E-05  3.8932E-05  7.1845E-06
 4.5313E+25  3.3334E-05  7.0196E+03  7.4643E-05  3.8619E-05  7.1845E-06
 4.5406E+25  3.3100E-05  7.0196E+03  7.4643E-05  3.8316E-05  7.1845E-06
 4.5498E+25  3.3409E-05  7.0195E+03  7.4643E-05  3.8025E-05  7.1845E-06
 4.5591E+25  3.3718E-05  7.0195E+03  7.4643E-05  3.7734E-05  7.1845E-06
 4.5683E+25  3.4034E-05  7.0194E+03  7.4643E-05  3.7443E-05  7.1845E-06
 4.5776E+25  3.3756E-05  7.0194E+03  7.4643E-05  3.7149E-05  7.1845E-06
 4.5869E+25  3.3977E-05  7.0194E+03  7.4643E-05  3.6859E-05  7.1845E-06
 4.5961E+25  3.4292E-05  7.0193E+03  7.4643E-05  3.6569E-05  7.1845E-06
 4.6054E+25  3.4607E-05  7.0193E+03  7.4643E-05  3.6279E-05  7.1845E-06
 4.6146E+25  3.4569E-05  7.0193E+03  7.4643E-05  3.5993E-05  7.1845E-06
 4.6239E+25  3.4550E-05  7.0192E+03  7.4643E-05  3.5711E-05  7.1845E-06
 4.6331E+25  3.4867E-05  7.0192E+03  7.4643E-05  3.5430E-05  7.1845E-06
 4.6424E+25  3.5183E-05  7.0192E+03  7.4643E-05  3.5160E-05  7.1845E-06
 4.6517E+25  3.5412E-05  7.0191E+03  7.4643E-05  3.4898E-05  7.1845E-06
 4.6609E+25  3.5129E-05  7.0191E+03  7.4643E-05  3.4637E-05  7.1845E-06
 4.6702E+25  3.5442E-05  7.0190E+03  7.4643E-05  3.4376E-05  7.1845E-06
 4.6794E+25  3.5765E-05  7.0190E+03  7.4643E-05  3.4115E-05  7.1845E-06
 4.6887E+25  3.6087E-05  7.0190E+03  7.4643E-05  3.3855E-05  7.1845E-06
 4.6979E+25  3.5908E-05  7.0189E+03  7.4643E-05  3.3595E-05  7.1845E-06
 4.7072E+25  3.6026E-05  7.0189E+03  7.4643E-05  3.3336E-05  7.1845E-06
 4.7165E+25  3.6348E-05  7.0189E+03  7.4643E-05  3.3078E-05  7.1845E-06
 4.7257E+25  3.6673E-05  7.0188E+03  7.4643E-05  3.2825E-05  7.1845E-06
 4.7350E+25  3.6813E-05  7.0188E+03  7.4643E-05  3.2573E-05  7.1845E-06
 4.7442E+25  3.6613E-05  7.0188E+03  7.4643E-05  3.2326E-05  7.1845E-06
 4.7535E+25  3.6933E-05  7.0187E+03  7.4643E-05  3.2090E-05  7.1845E-06
 4.7627E+25  3.7263E-05  7.0187E+03  7.4643E-05  3.1858E-05  7.1845E-06
 4.7720E+25  3.7590E-05  7.0187E+03  7.4643E-05  3.1625E-05  7.1845E-06
 4.7813E+25  3.7362E-05  7.0186E+03  7.4643E-05  3.1391E-05  7.1845E-06
 4.7905E+25  3.7528E-05  7.0186E+03  7.4643E-05  3.1157E-05  7.1845E-06
 4.7998E+25  3.7853E-05  7.0186E+03  7.4643E-05  3.0924E-05  7.1845E-06
 4.8090E+25  3.8188E-05  7.0186E+03  7.4643E-05  3.0692E-05  7.1845E-06
 4.8183E+25  3.8332E-05  7.0185E+03  7.4643E-05  3.0461E-05  7.1845E-06
 4.8275E+25  3.8121E-05  7.0185E+03  7.4643E-05  3.0232E-05  7.1845E-06
 4.8368E+25  3.8451E-05  7.0185E+03  7.4643E-05  3.0006E-05  7.1845E-06
 4.8461E+25  3.8785E-05  7.0184E+03  7.4643E-05  2.9780E-05  7.1845E-06
 4.8553E+25  3.9122E-05  7.0184E+03  7.4643E-05  2.9563E-05  7.1845E-06
 4.8646E+25  3.8935E-05  7.0184E+03  7.4643E-05  2.9354E-05  7.1845E-06
 4.8738E+25  3.9053E-05  7.0183E+03  7.4643E-05  2.9146E-05  7.1845E-06
 4.8831E+25  3.9385E-05  7.0183E+03  7.4643E-05  2.8938E-05  7.1845E-06
 4.8923E+25  3.9727E-05  7.0183E+03  7.4643E-05  2.8729E-05  7.1845E-06
 4.9016E+25  3.9980E-05  7.0182E+03  7.4643E-05  2.8520E-05  7.1845E-06
 4.9109E+25  3.9652E-05  7.0182E+03  7.4643E-05  2.8312E-05  7.1845E-06
 4.9201E+25  3.9996E-05  7.0182E+03  7.4643E-05  2.8104E-05  7.1845E-06
 4.9294E+25  4.0331E-05  7.0182E+03  7.4643E-05  2.7897E-05  7.1845E-06
 4.9386E+25  4.0679E-05  7.0181E+03  7.4643E-05  2.7693E-05  7.1845E-06
 4.9479E+25  4.0643E-05  7.0181E+03  7.4643E-05  2.7491E-05  7.1845E-06
 4.9571E+25  4.0602E-05  7.0181E+03  7.4643E-05  2.7288E-05  7.1845E-06
 4.9664E+25  4.0949E-05  7.0180E+03  7.4643E-05  2.7094E-05  7.1845E-06
 4.9757E+25  4.1289E-05  7.0180E+03  7.4643E-05  2.6907E-05  7.1845E-06
 4.9849E+25  4.1640E-05  7.0180E+03  7.4643E-05  2.6721E-05  7.1845E-06
 4.9942E+25  4.1337E-05  7.0180E+03  7.4643E-05  2.6536E-05  7.1845E-06
 5.0034E+25  4.1563E-05  7.0179E+03  7.4643E-05  2.6349E-05  7.1845E-06
 5.0127E+25  4.1913E-05  7.0179E+03  7.4643E-05  2.6162E-05  7.1845E-06
 5.0219E+25  4.2259E-05  7.0179E+03  7.4643E-05  2.5977E-05  7.1845E-06
 5.0312E+25  4.2495E-05  7.0179E+03  7.4643E-05  2.5791E-05  7.1845E-06
 5.0405E+25  4.2177E-05  7.0178E+03  7.4643E-05  2.5606E-05  7.1845E-06
 5.0497E+25  4.2534E-05  7.0178E+03  7.4643E-05  2.5422E-05  7.1845E-06
 5.0590E+25  4.2888E-05  7.0178E+03  7.4643E-05  2.5240E-05  7.1845E-06
 5.0682E+25  4.3240E-05  7.0177E+03  7.4643E-05  2.5059E-05  7.1845E-06
 5.0775E+25  4.3257E-05  7.0177E+03  7.4643E-05  2.4882E-05  7.1845E-06
 5.0867E+25  4.3155E-05  7.0177E+03  7.4643E-05  2.4714E-05  7.1845E-06
 5.0960E+25  4.3517E-05  7.0177E+03  7.4643E-05  2.4547E-05  7.1845E-06
 5.1053E+25  4.3874E-05  7.0176E+03  7.4643E-05  2.4382E-05  7.1845E-06
 5.1145E+25  4.4231E-05  7.0176E+03  7.4643E-05  2.4215E-05  7.1845E-06
 5.1238E+25  4.4050E-05  7.0176E+03  7.4643E-05  2.4048E-05  7.1845E-06
 5.1330E+25  4.4144E-05  7.0176E+03  7.4643E-05  2.3882E-05  7.1845E-06
 5.1423E+25  4.4511E-05  7.0175E+03  7.4643E-05  2.3716E-05  7.1845E-06
 5.1515E+25  4.4873E-05  7.0175E+03  7.4643E-05  2.3551E-05  7.1845E-06
 5.1608E+25  4.5230E-05  7.0175E+03  7.4643E-05  2.3385E-05  7.1845E-06
 5.1701E+25  4.4882E-05  7.0175E+03  7.4643E-05  2.3222E-05  7.1845E-06
 5.1793E+25  4.5145E-05  7.0174E+03  7.4643E-05  2.3060E-05  7.1845E-06
 5.1886E+25  4.5517E-05  7.0174E+03  7.4643E-05  2.2898E-05  7.1845E-06
 5.1978E+25  4.5884E-05  7.0174E+03  7.4643E-05  2.2742E-05  7.1845E-06
 5.2071E+25  4.6190E-05  7.0174E+03  7.4643E-05  2.2593E-05  7.1845E-06
 5.2163E+25  4.5800E-05  7.0173E+03  7.4643E-05  2.2444E-05  7.1845E-06
 5.2256E+25  4.6159E-05  7.0173E+03  7.4643E-05  2.2297E-05  7.1845E-06
 5.2349E+25  4.6535E-05  7.0173E+03  7.4643E-05  2.2147E-05  7.1845E-06
 5.2441E+25  4.6907E-05  7.0173E+03  7.4643E-05  2.1999E-05  7.1845E-06
 5.2534E+25  4.7094E-05  7.0173E+03  7.4643E-05  2.1851E-05  7.1845E-06
 5.2626E+25  4.6822E-05  7.0172E+03  7.4643E-05  2.1702E-05  7.1845E-06
 5.2719E+25  4.7185E-05  7.0172E+03  7.4643E-05  2.1555E-05  7.1845E-06
 5.2811E+25  4.7565E-05  7.0172E+03  7.4643E-05  2.1407E-05  7.1845E-06
 5.2904E+25  4.7943E-05  7.0172E+03  7.4643E-05  2.1261E-05  7.1845E-06
 5.2997E+25  4.8034E-05  7.0171E+03  7.4643E-05  2.1116E-05  7.1845E-06
 5.3089E+25  4.7857E-05  7.0171E+03  7.4643E-05  2.0971E-05  7.1845E-06
 5.3182E+25  4.8225E-05  7.0171E+03  7.4643E-05  2.0832E-05  7.1845E-06
 5.3274E+25  4.8607E-05  7.0171E+03  7.4643E-05  2.0698E-05  7.1845E-06
 5.3367E+25  4.8992E-05  7.0170E+03  7.4643E-05  2.0565E-05  7.1845E-06
 5.3459E+25  4.9013E-05  7.0170E+03  7.4643E-05  2.0433E-05  7.1845E-06
 5.3552E+25  4.8905E-05  7.0170E+03  7.4643E-05  2.0300E-05  7.1845E-06
 5.3645E+25  4.9279E-05  7.0170E+03  7.4643E-05  2.0168E-05  7.1845E-06
 5.3737E+25  4.9661E-05  7.0170E+03  7.4643E-05  2.0035E-05  7.1845E-06
 5.3830E+25  5.0052E-05  7.0169E+03  7.4643E-05  1.9903E-05  7.1845E-06
 5.3922E+25  5.0034E-05  7.0169E+03  7.4643E-05  1.9771E-05  7.1845E-06
 5.4015E+25  4.9966E-05  7.0169E+03  7.4643E-05  1.9639E-05  7.1845E-06
 5.4107E+25  5.0346E-05  7.0169E+03  7.4643E-05  1.9508E-05  7.1845E-06
 5.4200E+25  5.0728E-05  7.0169E+03  7.4643E-05  1.9378E-05  7.1845E-06
 5.4292E+25  5.1125E-05  7.0168E+03  7.4643E-05  1.9248E-05  7.1845E-06
 5.4385E+25  5.1098E-05  7.0168E+03  7.4643E-05  1.9121E-05  7.1845E-06
 5.4478E+25  5.1039E-05  7.0168E+03  7.4643E-05  1.9000E-05  7.1845E-06
 5.4570E+25  5.1428E-05  7.0168E+03  7.4643E-05  1.8882E-05  7.1845E-06
 5.4663E+25  5.1810E-05  7.0168E+03  7.4643E-05  1.8764E-05  7.1845E-06
 5.4755E+25  5.2211E-05  7.0167E+03  7.4643E-05  1.8646E-05  7.1845E-06
 5.4848E+25  5.2203E-05  7.0167E+03  7.4643E-05  1.8527E-05  7.1845E-06
 5.4940E+25  5.2126E-05  7.0167E+03  7.4643E-05  1.8408E-05  7.1845E-06
 5.5033E+25  5.2522E-05  7.0167E+03  7.4643E-05  1.8290E-05  7.1845E-06
 5.5126E+25  5.2910E-05  7.0167E+03  7.4643E-05  1.8173E-05  7.1845E-06
 5.5218E+25  5.3311E-05  7.0166E+03  7.4643E-05  1.8054E-05  7.1845E-06
 5.5311E+25  5.3350E-05  7.0166E+03  7.4643E-05  1.7937E-05  7.1845E-06
 5.5403E+25  5.3228E-05  7.0166E+03  7.4643E-05  1.7820E-05  7.1845E-06
 5.5496E+25  5.3631E-05  7.0166E+03  7.4643E-05  1.7704E-05  7.1845E-06
 5.5588E+25  5.4027E-05  7.0165E+03  7.4643E-05  1.7589E-05  7.1845E-06
 5.5681E+25  5.4423E-05  7.0165E+03  7.4643E-05  1.7475E-05  7.1845E-06
 5.5774E+25  5.4537E-05  7.0165E+03  7.4643E-05  1.7369E-05  7.1845E-06
 5.5866E+25  5.4352E-05  7.0165E+03  7.4643E-05  1.7263E-05  7.1845E-06
 5.5959E+25  5.4753E-05  7.0165E+03  7.4643E-05  1.7158E-05  7.1845E-06
 5.6051E+25  5.5158E-05  7.0164E+03  7.4643E-05  1.7053E-05  7.1845E-06
 5.6144E+25  5.5554E-05  7.0164E+03  7.4643E-05  1.6947E-05  7.1845E-06
 5.6236E+25  5.5767E-05  7.0164E+03  7.4643E-05  1.6841E-05  7.1845E-06
 5.6329E+25  5.5493E-05  7.0164E+03  7.4643E-05  1.6735E-05  7.1845E-06
 5.6422E+25  5.5887E-05  7.0164E+03  7.4643E-05  1.6630E-05  7.1845E-06
 5.6514E+25  5.6302E-05  7.0164E+03  7.4643E-05  1.6525E-05  7.1845E-06
 5.6607E+25  5.6708E-05  7.0163E+03  7.4643E-05  1.6420E-05  7.1845E-06
 5.6699E+25  5.7039E-05  7.0163E+03  7.4643E-05  1.6316E-05  7.1845E-06
 5.6792E+25  5.6644E-05  7.0163E+03  7.4643E-05  1.6212E-05  7.1845E-06
 5.6884E+25  5.7046E-05  7.0163E+03  7.4643E-05  1.6109E-05  7.1845E-06
 5.6977E+25  5.7461E-05  7.0163E+03  7.4643E-05  1.6007E-05  7.1845E-06
 5.7070E+25  5.7875E-05  7.0162E+03  7.4643E-05  1.5911E-05  7.1845E-06
 5.7162E+25  5.8274E-05  7.0162E+03  7.4643E-05  1.5816E-05  7.1845E-06
 5.7255E+25  5.7897E-05  7.0162E+03  7.4643E-05  1.5723E-05  7.1845E-06
 5.7347E+25  5.8226E-05  7.0162E+03  7.4643E-05  1.5629E-05  7.1845E-06
 5.7440E+25  5.8632E-05  7.0162E+03  7.4643E-05  1.5535E-05  7.1845E-06
 5.7532E+25  5.9058E-05  7.0161E+03  7.4643E-05  1.5440E-05  7.1845E-06
 5.7625E+25  5.9473E-05  7.0161E+03  7.4643E-05  1.5347E-05  7.1845E-06
 5.7718E+25  5.9253E-05  7.0161E+03  7.4643E-05  1.5253E-05  7.1845E-06
 5.7810E+25  5.9416E-05  7.0161E+03  7.4643E-05  1.5158E-05  7.1845E-06
 5.7903E+25  5.9830E-05  7.0161E+03  7.4643E-05  1.5065E-05  7.1845E-06
 5.7995E+25  6.0254E-05  7.0161E+03  7.4643E-05  1.4971E-05  7.1845E-06
 5.8088E+25  6.0680E-05  7.0160E+03  7.4643E-05  1.4878E-05  7.1845E-06
 5.8180E+25  6.0670E-05  7.0160E+03  7.4643E-05  1.4786E-05  7.1845E-06
 5.8273E+25  6.0620E-05  7.0160E+03  7.4643E-05  1.4693E-05  7.1845E-06
 5.8366E+25  6.1051E-05  7.0160E+03  7.4643E-05  1.4605E-05  7.1845E-06
 5.8458E+25  6.1465E-05  7.0160E+03  7.4643E-05  1.4521E-05  7.1845E-06
 5.8551E+25  6.1902E-05  7.0159E+03  7.4643E-05  1.4436E-05  7.1845E-06
 5.8643E+25  6.2144E-05  7.0159E+03  7.4643E-05  1.4353E-05  7.1845E-06
 5.8736E+25  6.1841E-05  7.0159E+03  7.4643E-05  1.4269E-05  7.1845E-06
 5.8828E+25  6.2279E-05  7.0159E+03  7.4643E-05  1.4185E-05  7.1845E-06
 5.8921E+25  6.2708E-05  7.0159E+03  7.4643E-05  1.4101E-05  7.1845E-06
 5.9014E+25  6.3138E-05  7.0159E+03  7.4643E-05  1.4017E-05  7.1845E-06
 5.9106E+25  6.3567E-05  7.0158E+03  7.4643E-05  1.3934E-05  7.1845E-06
 5.9199E+25  6.3187E-05  7.0158E+03  7.4643E-05  1.3850E-05  7.1845E-06
 5.9291E+25  6.3523E-05  7.0158E+03  7.4643E-05  1.3766E-05  7.1845E-06
 5.9384E+25  6.3968E-05  7.0158E+03  7.4643E-05  1.3683E-05  7.1845E-06
 5.9476E+25  6.4397E-05  7.0158E+03  7.4643E-05  1.3600E-05  7.1845E-06
 5.9569E+25  6.4840E-05  7.0158E+03  7.4643E-05  1.3517E-05  7.1845E-06
 5.9662E+25  6.4747E-05  7.0157E+03  7.4643E-05  1.3435E-05  7.1845E-06
 5.9754E+25  6.4794E-05  7.0157E+03  7.4643E-05  1.3356E-05  7.1845E-06
 5.9847E+25  6.5238E-05  7.0157E+03  7.4643E-05  1.3280E-05  7.1845E-06
 5.9939E+25  6.5688E-05  7.0157E+03  7.4643E-05  1.3205E-05  7.1845E-06
 6.0032E+25  6.6118E-05  7.0157E+03  7.4643E-05  1.3132E-05  7.1845E-06
 6.0124E+25  6.6363E-05  7.0156E+03  7.4643E-05  1.3056E-05  7.1845E-06
 6.0217E+25  6.6094E-05  7.0156E+03  7.4643E-05  1.2982E-05  7.1845E-06
 6.0310E+25  6.6531E-05  7.0156E+03  7.4643E-05  1.2907E-05  7.1845E-06
 6.0402E+25  6.6984E-05  7.0156E+03  7.4643E-05  1.2832E-05  7.1845E-06
 6.0495E+25  6.7435E-05  7.0156E+03  7.4643E-05  1.2758E-05  7.1845E-06
 6.0587E+25  6.7868E-05  7.0156E+03  7.4643E-05  1.2683E-05  7.1845E-06
 6.0680E+25  6.7565E-05  7.0156E+03  7.4643E-05  1.2608E-05  7.1845E-06
 6.0772E+25  6.7858E-05  7.0155E+03  7.4643E-05  1.2534E-05  7.1845E-06
 6.0865E+25  6.8301E-05  7.0155E+03  7.4643E-05  1.2460E-05  7.1845E-06
 6.0958E+25  6.8763E-05  7.0155E+03  7.4643E-05  1.2386E-05  7.1845E-06
 6.1050E+25  6.9213E-05  7.0155E+03  7.4643E-05  1.2312E-05  7.1845E-06
 6.1143E+25  6.9272E-05  7.0155E+03  7.4643E-05  1.2240E-05  7.1845E-06
 6.1235E+25  6.9202E-05  7.0155E+03  7.4643E-05  1.2172E-05  7.1845E-06
 6.1328E+25  6.9655E-05  7.0154E+03  7.4643E-05  1.2105E-05  7.1845E-06
 6.1420E+25  7.0107E-05  7.0154E+03  7.4643E-05  1.2038E-05  7.1845E-06
 6.1513E+25  7.0574E-05  7.0154E+03  7.4643E-05  1.1972E-05  7.1845E-06
 6.1606E+25  7.0995E-05  7.0154E+03  7.4643E-05  1.1906E-05  7.1845E-06
 6.1698E+25  7.0611E-05  7.0154E+03  7.4643E-05  1.1839E-05  7.1845E-06
 6.1791E+25  7.1029E-05  7.0154E+03  7.4643E-05  1.1772E-05  7.1845E-06
 6.1883E+25  7.1488E-05  7.0153E+03  7.4643E-05  1.1706E-05  7.1845E-06
 6.1976E+25  7.1948E-05  7.0153E+03  7.4643E-05  1.1639E-05  7.1845E-06
 6.2068E+25  7.2418E-05  7.0153E+03  7.4643E-05  1.1573E-05  7.1845E-06
 6.2161E+25  7.2401E-05  7.0153E+03  7.4643E-05  1.1506E-05  7.1845E-06
 6.2254E+25  7.2424E-05  7.0153E+03  7.4643E-05  1.1440E-05  7.1845E-06
 6.2346E+25  7.2892E-05  7.0153E+03  7.4643E-05  1.1374E-05  7.1845E-06
 6.2439E+25  7.3358E-05  7.0152E+03  7.4643E-05  1.1308E-05  7.1845E-06
 6.2531E+25  7.3824E-05  7.0152E+03  7.4643E-05  1.1242E-05  7.1845E-06
 6.2624E+25  7.4255E-05  7.0152E+03  7.4643E-05  1.1179E-05  7.1845E-06
 6.2716E+25  7.3869E-05  7.0152E+03  7.4643E-05  1.1118E-05  7.1845E-06
 6.2809E+25  7.4319E-05  7.0152E+03  7.4643E-05  1.1058E-05  7.1845E-06
 6.2902E+25  7.4792E-05  7.0152E+03  7.4643E-05  1.0999E-05  7.1845E-06
 6.2994E+25  7.5265E-05  7.0151E+03  7.4643E-05  1.0940E-05  7.1845E-06
 6.3087E+25  7.5733E-05  7.0151E+03  7.4643E-05  1.0881E-05  7.1845E-06
 6.3179E+25  7.5768E-05  7.0151E+03  7.4643E-05  1.0821E-05  7.1845E-06
 6.3272E+25  7.5766E-05  7.0151E+03  7.4643E-05  1.0762E-05  7.1845E-06
 6.3364E+25  7.6253E-05  7.0151E+03  7.4643E-05  1.0703E-05  7.1845E-06
 6.3457E+25  7.6732E-05  7.0151E+03  7.4643E-05  1.0643E-05  7.1845E-06
 6.3550E+25  7.7211E-05  7.0150E+03  7.4643E-05  1.0584E-05  7.1845E-06
 6.3642E+25  7.7654E-05  7.0150E+03  7.4643E-05  1.0525E-05  7.1845E-06
 6.3735E+25  7.7345E-05  7.0150E+03  7.4643E-05  1.0466E-05  7.1845E-06
 6.3827E+25  7.7734E-05  7.0150E+03  7.4643E-05  1.0407E-05  7.1845E-06
 6.3920E+25  7.8227E-05  7.0150E+03  7.4643E-05  1.0348E-05  7.1845E-06
 6.4012E+25  7.8712E-05  7.0150E+03  7.4643E-05  1.0289E-05  7.1845E-06
 6.4105E+25  7.9194E-05  7.0149E+03  7.4643E-05  1.0232E-05  7.1845E-06
 6.4198E+25  7.9346E-05  7.0149E+03  7.4643E-05  1.0178E-05  7.1845E-06
 6.4290E+25  7.9263E-05  7.0149E+03  7.4643E-05  1.0124E-05  7.1845E-06
 6.4383E+25  7.9743E-05  7.0149E+03  7.4643E-05  1.0071E-05  7.1845E-06
 6.4475E+25  8.0242E-05  7.0149E+03  7.4643E-05  1.0019E-05  7.1845E-06
 6.4568E+25  8.0732E-05  7.0149E+03  7.4643E-05  9.9659E-06  7.1845E-06
 6.4660E+25  8.1206E-05  7.0148E+03  7.4643E-05  9.9130E-06  7.1845E-06
 6.4753E+25  8.1036E-05  7.0148E+03  7.4643E-05  9.8601E-06  7.1845E-06
 6.4846E+25  8.1308E-05  7.0148E+03  7.4643E-05  9.8073E-06  7.1845E-06
 6.4938E+25  8.1796E-05  7.0148E+03  7.4643E-05  9.7545E-06  7.1845E-06
 6.5031E+25  8.2300E-05  7.0148E+03  7.4643E-05  9.7019E-06  7.1845E-06
 6.5123E+25  8.2794E-05  7.0148E+03  7.4643E-05  9.6491E-06  7.1845E-06
 6.5216E+25  8.3171E-05  7.0147E+03  7.4643E-05  9.5959E-06  7.1845E-06
 6.5308E+25  8.2892E-05  7.0147E+03  7.4643E-05  9.5435E-06  7.1845E-06
 6.5401E+25  8.3397E-05  7.0147E+03  7.4643E-05  9.4909E-06  7.1845E-06
 6.5494E+25  8.3895E-05  7.0147E+03  7.4643E-05  9.4384E-06  7.1845E-06
 6.5586E+25  8.4401E-05  7.0147E+03  7.4643E-05  9.3859E-06  7.1845E-06
 6.5679E+25  8.4895E-05  7.0147E+03  7.4643E-05  9.3357E-06  7.1845E-06
 6.5771E+25  8.4985E-05  7.0147E+03  7.4643E-05  9.2876E-06  7.1845E-06
 6.5864E+25  8.5024E-05  7.0146E+03  7.4643E-05  9.2396E-06  7.1845E-06
 6.5956E+25  8.5534E-05  7.0146E+03  7.4643E-05  9.1930E-06  7.1845E-06
 6.6049E+25  8.6042E-05  7.0146E+03  7.4643E-05  9.1467E-06  7.1845E-06
 6.6142E+25  8.6547E-05  7.0146E+03  7.4643E-05  9.0996E-06  7.1845E-06
 6.6234E+25  8.7029E-05  7.0146E+03  7.4643E-05  9.0522E-06  7.1845E-06
 6.6327E+25  8.6889E-05  7.0146E+03  7.4643E-05  9.0053E-06  7.1845E-06
 6.6419E+25  8.7207E-05  7.0145E+03  7.4643E-05  8.9584E-06  7.1845E-06
 6.6512E+25  8.7720E-05  7.0145E+03  7.4643E-05  8.9113E-06  7.1845E-06
 6.6604E+25  8.8236E-05  7.0145E+03  7.4643E-05  8.8644E-06  7.1845E-06
 6.6697E+25  8.8739E-05  7.0145E+03  7.4643E-05  8.8172E-06  7.1845E-06
 6.6789E+25  8.9154E-05  7.0145E+03  7.4643E-05  8.7702E-06  7.1845E-06
 6.6882E+25  8.8931E-05  7.0145E+03  7.4643E-05  8.7234E-06  7.1845E-06
 6.6975E+25  8.9442E-05  7.0144E+03  7.4643E-05  8.6762E-06  7.1845E-06
 6.7067E+25  8.9958E-05  7.0144E+03  7.4643E-05  8.6296E-06  7.1845E-06
 6.7160E+25  9.0480E-05  7.0144E+03  7.4643E-05  8.5828E-06  7.1845E-06
 6.7252E+25  9.0979E-05  7.0144E+03  7.4643E-05  8.5372E-06  7.1845E-06
 6.7345E+25  9.1191E-05  7.0144E+03  7.4643E-05  8.4943E-06  7.1845E-06
 6.7437E+25  9.1197E-05  7.0144E+03  7.4643E-05  8.4515E-06  7.1845E-06
 6.7530E+25  9.1730E-05  7.0143E+03  7.4643E-05  8.4095E-06  7.1845E-06
 6.7623E+25  9.2250E-05  7.0143E+03  7.4643E-05  8.3684E-06  7.1845E-06
 6.7715E+25  9.2775E-05  7.0143E+03  7.4643E-05  8.3267E-06  7.1845E-06
 6.7808E+25  9.3265E-05  7.0143E+03  7.4643E-05  8.2848E-06  7.1845E-06
 6.7900E+25  9.3305E-05  7.0143E+03  7.4643E-05  8.2430E-06  7.1845E-06
 6.7993E+25  9.3532E-05  7.0143E+03  7.4643E-05  8.2011E-06  7.1845E-06
 6.8085E+25  9.4070E-05  7.0142E+03  7.4643E-05  8.1592E-06  7.1845E-06
 6.8178E+25  9.4599E-05  7.0142E+03  7.4643E-05  8.1174E-06  7.1845E-06
 6.8271E+25  9.5122E-05  7.0142E+03  7.4643E-05  8.0757E-06  7.1845E-06
 6.8363E+25  9.5594E-05  7.0142E+03  7.4643E-05  8.0336E-06  7.1845E-06
 6.8456E+25  9.5518E-05  7.0142E+03  7.4643E-05  7.9916E-06  7.1845E-06
 6.8548E+25  9.5926E-05  7.0142E+03  7.4643E-05  7.9499E-06  7.1845E-06
 6.8641E+25  9.6467E-05  7.0141E+03  7.4643E-05  7.9083E-06  7.1845E-06
 6.8733E+25  9.7008E-05  7.0141E+03  7.4643E-05  7.8664E-06  7.1845E-06
 6.8826E+25  9.7527E-05  7.0141E+03  7.4643E-05  7.8246E-06  7.1845E-06
 6.8919E+25  9.7953E-05  7.0141E+03  7.4643E-05  7.7853E-06  7.1845E-06
 6.9011E+25  9.7850E-05  7.0141E+03  7.4643E-05  7.7469E-06  7.1845E-06
 6.9104E+25  9.8378E-05  7.0141E+03  7.4643E-05  7.7088E-06  7.1845E-06
 6.9196E+25  9.8926E-05  7.0140E+03  7.4643E-05  7.6718E-06  7.1845E-06
 6.9289E+25  9.9475E-05  7.0140E+03  7.4643E-05  7.6352E-06  7.1845E-06
 6.9381E+25  9.9992E-05  7.0140E+03  7.4643E-05  7.5981E-06  7.1845E-06
 6.9474E+25  1.0032E-04  7.0140E+03  7.4643E-05  7.5607E-06  7.1845E-06
 6.9567E+25  1.0033E-04  7.0140E+03  7.4643E-05  7.5236E-06  7.1845E-06
 6.9659E+25  1.0089E-04  7.0140E+03  7.4643E-05  7.4864E-06  7.1845E-06
 6.9752E+25  1.0145E-04  7.0139E+03  7.4643E-05  7.4492E-06  7.1845E-06
 6.9844E+25  1.0200E-04  7.0139E+03  7.4643E-05  7.4121E-06  7.1845E-06
 6.9937E+25  1.0252E-04  7.0139E+03  7.4643E-05  7.3747E-06  7.1845E-06
 7.0029E+25  1.0275E-04  7.0139E+03  7.4643E-05  7.3373E-06  7.1845E-06
 7.0122E+25  1.0291E-04  7.0139E+03  7.4643E-05  7.3000E-06  7.1845E-06
 7.0215E+25  1.0347E-04  7.0139E+03  7.4643E-05  7.2628E-06  7.1845E-06
 7.0307E+25  1.0404E-04  7.0138E+03  7.4643E-05  7.2255E-06  7.1845E-06
 7.0400E+25  1.0459E-04  7.0138E+03  7.4643E-05  7.1883E-06  7.1845E-06
 7.0492E+25  1.0511E-04  7.0138E+03  7.4643E-05  7.1512E-06  7.1845E-06
 7.0585E+25  1.0527E-04  7.0138E+03  7.4643E-05  7.1156E-06  7.1845E-06
 7.0677E+25  1.0556E-04  7.0138E+03  7.4643E-05  7.0812E-06  7.1845E-06
 7.0770E+25  1.0612E-04  7.0138E+03  7.4643E-05  7.0473E-06  7.1845E-06
 7.0863E+25  1.0670E-04  7.0137E+03  7.4643E-05  7.0141E-06  7.1845E-06
 7.0955E+25  1.0726E-04  7.0137E+03  7.4643E-05  6.9816E-06  7.1845E-06
 7.1048E+25  1.0776E-04  7.0137E+03  7.4643E-05  6.9486E-06  7.1845E-06
 7.1140E+25  1.0790E-04  7.0137E+03  7.4643E-05  6.9156E-06  7.1845E-06
 7.1233E+25  1.0828E-04  7.0137E+03  7.4643E-05  6.8824E-06  7.1845E-06
 7.1325E+25  1.0885E-04  7.0137E+03  7.4643E-05  6.8493E-06  7.1845E-06
 7.1418E+25  1.0943E-04  7.0136E+03  7.4643E-05  6.8163E-06  7.1845E-06
 7.1511E+25  1.0999E-04  7.0136E+03  7.4643E-05  6.7832E-06  7.1845E-06
 7.1603E+25  1.1049E-04  7.0136E+03  7.4643E-05  6.7502E-06  7.1845E-06
 7.1696E+25  1.1062E-04  7.0136E+03  7.4643E-05  6.7170E-06  7.1845E-06
 7.1788E+25  1.1107E-04  7.0136E+03  7.4643E-05  6.6837E-06  7.1845E-06
 7.1881E+25  1.1166E-04  7.0135E+03  7.4643E-05  6.6503E-06  7.1845E-06
 7.1973E+25  1.1223E-04  7.0135E+03  7.4643E-05  6.6173E-06  7.1845E-06
 7.2066E+25  1.1280E-04  7.0135E+03  7.4643E-05  6.5842E-06  7.1845E-06
 7.2159E+25  1.1329E-04  7.0135E+03  7.4643E-05  6.5509E-06  7.1845E-06
 7.2251E+25  1.1344E-04  7.0135E+03  7.4643E-05  6.5179E-06  7.1845E-06
 7.2344E+25  1.1395E-04  7.0135E+03  7.4643E-05  6.4869E-06  7.1845E-06
 7.2436E+25  1.1454E-04  7.0134E+03  7.4643E-05  6.4565E-06  7.1845E-06
 7.2529E+25  1.1512E-04  7.0134E+03  7.4643E-05  6.4262E-06  7.1845E-06
 7.2621E+25  1.1569E-04  7.0134E+03  7.4643E-05  6.3968E-06  7.1845E-06
 7.2714E+25  1.1617E-04  7.0134E+03  7.4643E-05  6.3681E-06  7.1845E-06
 7.2807E+25  1.1635E-04  7.0134E+03  7.4643E-05  6.3386E-06  7.1845E-06
 7.2899E+25  1.1691E-04  7.0133E+03  7.4643E-05  6.3092E-06  7.1845E-06
 7.2992E+25  1.1751E-04  7.0133E+03  7.4643E-05  6.2797E-06  7.1845E-06
 7.3084E+25  1.1810E-04  7.0133E+03  7.4643E-05  6.2504E-06  7.1845E-06
 7.3177E+25  1.1866E-04  7.0133E+03  7.4643E-05  6.2210E-06  7.1845E-06
 7.3269E+25  1.1913E-04  7.0133E+03  7.4643E-05  6.1915E-06  7.1845E-06
 7.3362E+25  1.1936E-04  7.0133E+03  7.4643E-05  6.1622E-06  7.1845E-06
 7.3455E+25  1.1996E-04  7.0132E+03  7.4643E-05  6.1326E-06  7.1845E-06
 7.3547E+25  1.2057E-04  7.0132E+03  7.4643E-05  6.1030E-06  7.1845E-06
 7.3640E+25  1.2116E-04  7.0132E+03  7.4643E-05  6.0735E-06  7.1845E-06
 7.3732E+25  1.2173E-04  7.0132E+03  7.4643E-05  6.0440E-06  7.1845E-06
 7.3825E+25  1.2220E-04  7.0132E+03  7.4643E-05  6.0144E-06  7.1845E-06
 7.3917E+25  1.2247E-04  7.0131E+03  7.4643E-05  5.9848E-06  7.1845E-06
 7.4010E+25  1.2309E-04  7.0131E+03  7.4643E-05  5.9553E-06  7.1845E-06
 7.4103E+25  1.2371E-04  7.0131E+03  7.4643E-05  5.9274E-06  7.1845E-06
 7.4195E+25  1.2432E-04  7.0131E+03  7.4643E-05  5.9001E-06  7.1845E-06
 7.4288E+25  1.2489E-04  7.0131E+03  7.4643E-05  5.8729E-06  7.1845E-06
 7.4380E+25  1.2536E-04  7.0130E+03  7.4643E-05  5.8467E-06  7.1845E-06
 7.4473E+25  1.2568E-04  7.0130E+03  7.4643E-05  5.8212E-06  7.1845E-06
 7.4565E+25  1.2631E-04  7.0130E+03  7.4643E-05  5.7951E-06  7.1845E-06
 7.4658E+25  1.2694E-04  7.0130E+03  7.4643E-05  5.7689E-06  7.1845E-06
 7.4751E+25  1.2756E-04  7.0130E+03  7.4643E-05  5.7428E-06  7.1845E-06
 7.4843E+25  1.2814E-04  7.0129E+03  7.4643E-05  5.7167E-06  7.1845E-06
 7.4936E+25  1.2862E-04  7.0129E+03  7.4643E-05  5.6905E-06  7.1845E-06
 7.5028E+25  1.2899E-04  7.0129E+03  7.4643E-05  5.6644E-06  7.1845E-06
 7.5121E+25  1.2963E-04  7.0129E+03  7.4643E-05  5.6382E-06  7.1845E-06
 7.5213E+25  1.3027E-04  7.0129E+03  7.4643E-05  5.6121E-06  7.1845E-06
 7.5306E+25  1.3090E-04  7.0128E+03  7.4643E-05  5.5857E-06  7.1845E-06
 7.5399E+25  1.3150E-04  7.0128E+03  7.4643E-05  5.5594E-06  7.1845E-06
 7.5491E+25  1.3199E-04  7.0128E+03  7.4643E-05  5.5331E-06  7.1845E-06
 7.5584E+25  1.3240E-04  7.0128E+03  7.4643E-05  5.5068E-06  7.1845E-06
 7.5676E+25  1.3305E-04  7.0128E+03  7.4643E-05  5.4806E-06  7.1845E-06
 7.5769E+25  1.3370E-04  7.0127E+03  7.4643E-05  5.4543E-06  7.1845E-06
 7.5861E+25  1.3434E-04  7.0127E+03  7.4643E-05  5.4281E-06  7.1845E-06
 7.5954E+25  1.3495E-04  7.0127E+03  7.4643E-05  5.4035E-06  7.1845E-06
 7.6047E+25  1.3547E-04  7.0127E+03  7.4643E-05  5.3794E-06  7.1845E-06
 7.6139E+25  1.3592E-04  7.0127E+03  7.4643E-05  5.3552E-06  7.1845E-06
 7.6232E+25  1.3657E-04  7.0126E+03  7.4643E-05  5.3320E-06  7.1845E-06
 7.6324E+25  1.3723E-04  7.0126E+03  7.4643E-05  5.3092E-06  7.1845E-06
 7.6417E+25  1.3788E-04  7.0126E+03  7.4643E-05  5.2861E-06  7.1845E-06
 7.6509E+25  1.3850E-04  7.0126E+03  7.4643E-05  5.2630E-06  7.1845E-06
 7.6602E+25  1.3905E-04  7.0126E+03  7.4643E-05  5.2396E-06  7.1845E-06
 7.6695E+25  1.3954E-04  7.0125E+03  7.4643E-05  5.2163E-06  7.1845E-06
 7.6787E+25  1.4020E-04  7.0125E+03  7.4643E-05  5.1932E-06  7.1845E-06
 7.6880E+25  1.4086E-04  7.0125E+03  7.4643E-05  5.1700E-06  7.1845E-06
 7.6972E+25  1.4152E-04  7.0125E+03  7.4643E-05  5.1467E-06  7.1845E-06
 7.7065E+25  1.4216E-04  7.0124E+03  7.4643E-05  5.1235E-06  7.1845E-06
 7.7157E+25  1.4274E-04  7.0124E+03  7.4643E-05  5.1000E-06  7.1845E-06
 7.7250E+25  1.4326E-04  7.0124E+03  7.4643E-05  5.0766E-06  7.1845E-06
 7.7343E+25  1.4393E-04  7.0124E+03  7.4643E-05  5.0532E-06  7.1845E-06
 7.7435E+25  1.4461E-04  7.0124E+03  7.4643E-05  5.0298E-06  7.1845E-06
 7.7528E+25  1.4528E-04  7.0123E+03  7.4643E-05  5.0064E-06  7.1845E-06
 7.7620E+25  1.4593E-04  7.0123E+03  7.4643E-05  4.9830E-06  7.1845E-06
 7.7713E+25  1.4653E-04  7.0123E+03  7.4643E-05  4.9596E-06  7.1845E-06
 7.7805E+25  1.4709E-04  7.0123E+03  7.4643E-05  4.9374E-06  7.1845E-06
 7.7898E+25  1.4778E-04  7.0122E+03  7.4643E-05  4.9158E-06  7.1845E-06
 7.7991E+25  1.4846E-04  7.0122E+03  7.4643E-05  4.8941E-06  7.1845E-06
 7.8083E+25  1.4914E-04  7.0122E+03  7.4643E-05  4.8731E-06  7.1845E-06
 7.8176E+25  1.4980E-04  7.0122E+03  7.4643E-05  4.8530E-06  7.1845E-06
 7.8268E+25  1.5042E-04  7.0122E+03  7.4643E-05  4.8326E-06  7.1845E-06
 7.8361E+25  1.5102E-04  7.0121E+03  7.4643E-05  4.8119E-06  7.1845E-06
 7.8453E+25  1.5172E-04  7.0121E+03  7.4643E-05  4.7912E-06  7.1845E-06
 7.8546E+25  1.5243E-04  7.0121E+03  7.4643E-05  4.7707E-06  7.1845E-06
 7.8638E+25  1.5311E-04  7.0121E+03  7.4643E-05  4.7501E-06  7.1845E-06
 7.8731E+25  1.5379E-04  7.0120E+03  7.4643E-05  4.7293E-06  7.1845E-06
 7.8824E+25  1.5443E-04  7.0120E+03  7.4643E-05  4.7087E-06  7.1845E-06
 7.8916E+25  1.5506E-04  7.0120E+03  7.4643E-05  4.6881E-06  7.1845E-06
 7.9009E+25  1.5578E-04  7.0120E+03  7.4643E-05  4.6674E-06  7.1845E-06
 7.9101E+25  1.5649E-04  7.0120E+03  7.4643E-05  4.6465E-06  7.1845E-06
 7.9194E+25  1.5720E-04  7.0119E+03  7.4643E-05  4.6257E-06  7.1845E-06
 7.9286E+25  1.5789E-04  7.0119E+03  7.4643E-05  4.6048E-06  7.1845E-06
 7.9379E+25  1.5855E-04  7.0119E+03  7.4643E-05  4.5840E-06  7.1845E-06
 7.9472E+25  1.5920E-04  7.0119E+03  7.4643E-05  4.5632E-06  7.1845E-06
 7.9564E+25  1.5993E-04  7.0118E+03  7.4643E-05  4.5423E-06  7.1845E-06
 7.9657E+25  1.6066E-04  7.0118E+03  7.4643E-05  4.5216E-06  7.1845E-06
 7.9749E+25  1.6139E-04  7.0118E+03  7.4643E-05  4.5019E-06  7.1845E-06
 7.9842E+25  1.6210E-04  7.0118E+03  7.4643E-05  4.4827E-06  7.1845E-06
 7.9934E+25  1.6278E-04  7.0117E+03  7.4643E-05  4.4635E-06  7.1845E-06
 8.0027E+25  1.6346E-04  7.0117E+03  7.4643E-05  4.4449E-06  7.1845E-06
 8.0120E+25  1.6419E-04  7.0117E+03  7.4643E-05  4.4269E-06  7.1845E-06
 8.0212E+25  1.6493E-04  7.0117E+03  7.4643E-05  4.4088E-06  7.1845E-06
 8.0305E+25  1.6568E-04  7.0116E+03  7.4643E-05  4.3906E-06  7.1845E-06
 8.0397E+25  1.6641E-04  7.0116E+03  7.4643E-05  4.3723E-06  7.1845E-06
 8.0490E+25  1.6712E-04  7.0116E+03  7.4643E-05  4.3538E-06  7.1845E-06
 8.0582E+25  1.6782E-04  7.0116E+03  7.4643E-05  4.3355E-06  7.1845E-06
 8.0675E+25  1.6856E-04  7.0115E+03  7.4643E-05  4.3172E-06  7.1845E-06
 8.0768E+25  1.6931E-04  7.0115E+03  7.4643E-05  4.2990E-06  7.1845E-06
 8.0860E+25  1.7007E-04  7.0115E+03  7.4643E-05  4.2806E-06  7.1845E-06
 8.0953E+25  1.7082E-04  7.0115E+03  7.4643E-05  4.2621E-06  7.1845E-06
 8.1045E+25  1.7156E-04  7.0114E+03  7.4643E-05  4.2436E-06  7.1845E-06
 8.1138E+25  1.7229E-04  7.0114E+03  7.4643E-05  4.2251E-06  7.1845E-06
 8.1230E+25  1.7304E-04  7.0114E+03  7.4643E-05  4.2065E-06  7.1845E-06
 8.1323E+25  1.7380E-04  7.0114E+03  7.4643E-05  4.1881E-06  7.1845E-06
 8.1416E+25  1.7456E-04  7.0113E+03  7.4643E-05  4.1695E-06  7.1845E-06
 8.1508E+25  1.7533E-04  7.0113E+03  7.4643E-05  4.1510E-06  7.1845E-06
 8.1601E+25  1.7609E-04  7.0113E+03  7.4643E-05  4.1324E-06  7.1845E-06
 8.1693E+25  1.7685E-04  7.0113E+03  7.4643E-05  4.1144E-06  7.1845E-06
 8.1786E+25  1.7761E-04  7.0112E+03  7.4643E-05  4.0972E-06  7.1845E-06
 8.1878E+25  1.7838E-04  7.0112E+03  7.4643E-05  4.0800E-06  7.1845E-06
 8.1971E+25  1.7916E-04  7.0112E+03  7.4643E-05  4.0630E-06  7.1845E-06
 8.2064E+25  1.7993E-04  7.0112E+03  7.4643E-05  4.0470E-06  7.1845E-06
 8.2156E+25  1.8072E-04  7.0111E+03  7.4643E-05  4.0311E-06  7.1845E-06
 8.2249E+25  1.8150E-04  7.0111E+03  7.4643E-05  4.0149E-06  7.1845E-06
 8.2341E+25  1.8228E-04  7.0111E+03  7.4643E-05  3.9986E-06  7.1845E-06
 8.2434E+25  1.8306E-04  7.0111E+03  7.4643E-05  3.9823E-06  7.1845E-06
 8.2526E+25  1.8385E-04  7.0110E+03  7.4643E-05  3.9661E-06  7.1845E-06
 8.2619E+25  1.8463E-04  7.0110E+03  7.4643E-05  3.9499E-06  7.1845E-06
 8.2712E+25  1.8543E-04  7.0110E+03  7.4643E-05  3.9335E-06  7.1845E-06
 8.2804E+25  1.8624E-04  7.0110E+03  7.4643E-05  3.9172E-06  7.1845E-06
 8.2897E+25  1.8704E-04  7.0109E+03  7.4643E-05  3.9010E-06  7.1845E-06
 8.2989E+25  1.8783E-04  7.0109E+03  7.4643E-05  3.8846E-06  7.1845E-06
 8.3082E+25  1.8862E-04  7.0109E+03  7.4643E-05  3.8681E-06  7.1845E-06
 8.3174E+25  1.8942E-04  7.0109E+03  7.4643E-05  3.8516E-06  7.1845E-06
 8.3267E+25  1.9023E-04  7.0108E+03  7.4643E-05  3.8351E-06  7.1845E-06
 8.3360E+25  1.9105E-04  7.0108E+03  7.4643E-05  3.8187E-06  7.1845E-06
 8.3452E+25  1.9187E-04  7.0108E+03  7.4643E-05  3.8021E-06  7.1845E-06
 8.3545E+25  1.9268E-04  7.0107E+03  7.4643E-05  3.7857E-06  7.1845E-06
 8.3637E+25  1.9348E-04  7.0107E+03  7.4643E-05  3.7691E-06  7.1845E-06
 8.3730E+25  1.9429E-04  7.0107E+03  7.4643E-05  3.7531E-06  7.1845E-06
 8.3822E+25  1.9512E-04  7.0107E+03  7.4643E-05  3.7378E-06  7.1845E-06
 8.3915E+25  1.9595E-04  7.0106E+03  7.4643E-05  3.7225E-06  7.1845E-06
 8.4008E+25  1.9678E-04  7.0106E+03  7.4643E-05  3.7072E-06  7.1845E-06
 8.4100E+25  1.9759E-04  7.0106E+03  7.4643E-05  3.6928E-06  7.1845E-06
 8.4193E+25  1.9842E-04  7.0106E+03  7.4643E-05  3.6788E-06  7.1845E-06
 8.4285E+25  1.9924E-04  7.0105E+03  7.4643E-05  3.6645E-06  7.1845E-06
 8.4378E+25  2.0007E-04  7.0105E+03  7.4643E-05  3.6501E-06  7.1845E-06
 8.4470E+25  2.0092E-04  7.0105E+03  7.4643E-05  3.6357E-06  7.1845E-06
 8.4563E+25  2.0176E-04  7.0104E+03  7.4643E-05  3.6212E-06  7.1845E-06
 8.4656E+25  2.0258E-04  7.0104E+03  7.4643E-05  3.6067E-06  7.1845E-06
 8.4748E+25  2.0341E-04  7.0104E+03  7.4643E-05  3.5924E-06  7.1845E-06
 8.4841E+25  2.0425E-04  7.0104E+03  7.4643E-05  3.5779E-06  7.1845E-06
 8.4933E+25  2.0509E-04  7.0103E+03  7.4643E-05  3.5635E-06  7.1845E-06
 8.5026E+25  2.0595E-04  7.0103E+03  7.4643E-05  3.5489E-06  7.1845E-06
 8.5118E+25  2.0681E-04  7.0103E+03  7.4643E-05  3.5343E-06  7.1845E-06
 8.5211E+25  2.0763E-04  7.0102E+03  7.4643E-05  3.5197E-06  7.1845E-06
 8.5304E+25  2.0846E-04  7.0102E+03  7.4643E-05  3.5051E-06  7.1845E-06
 8.5396E+25  2.0930E-04  7.0102E+03  7.4643E-05  3.4903E-06  7.1845E-06
 8.5489E+25  2.1016E-04  7.0102E+03  7.4643E-05  3.4757E-06  7.1845E-06
 8.5581E+25  2.1103E-04  7.0101E+03  7.4643E-05  3.4610E-06  7.1845E-06
 8.5674E+25  2.1191E-04  7.0101E+03  7.4643E-05  3.4463E-06  7.1845E-06
 8.5766E+25  2.1274E-04  7.0101E+03  7.4643E-05  3.4316E-06  7.1845E-06
 8.5859E+25  2.1357E-04  7.0100E+03  7.4643E-05  3.4177E-06  7.1845E-06
 8.5952E+25  2.1441E-04  7.0100E+03  7.4643E-05  3.4040E-06  7.1845E-06
 8.6044E+25  2.1527E-04  7.0100E+03  7.4643E-05  3.3904E-06  7.1845E-06
 8.6137E+25  2.1615E-04  7.0100E+03  7.4643E-05  3.3769E-06  7.1845E-06
 8.6229E+25  2.1705E-04  7.0099E+03  7.4643E-05  3.3644E-06  7.1845E-06
 8.6322E+25  2.1788E-04  7.0099E+03  7.4643E-05  3.3519E-06  7.1845E-06
 8.6414E+25  2.1872E-04  7.0099E+03  7.4643E-05  3.3391E-06  7.1845E-06
 8.6507E+25  2.1956E-04  7.0098E+03  7.4643E-05  3.3263E-06  7.1845E-06
 8.6600E+25  2.2042E-04  7.0098E+03  7.4643E-05  3.3135E-06  7.1845E-06
 8.6692E+25  2.2130E-04  7.0098E+03  7.4643E-05  3.3007E-06  7.1845E-06
 8.6785E+25  2.2221E-04  7.0098E+03  7.4643E-05  3.2880E-06  7.1845E-06
 8.6877E+25  2.2307E-04  7.0097E+03  7.4643E-05  3.2752E-06  7.1845E-06
 8.6970E+25  2.2390E-04  7.0097E+03  7.4643E-05  3.2623E-06  7.1845E-06
 8.7062E+25  2.2474E-04  7.0097E+03  7.4643E-05  3.2495E-06  7.1845E-06
 8.7155E+25  2.2561E-04  7.0096E+03  7.4643E-05  3.2366E-06  7.1845E-06
 8.7248E+25  2.2648E-04  7.0096E+03  7.4643E-05  3.2237E-06  7.1845E-06
 8.7340E+25  2.2739E-04  7.0096E+03  7.4643E-05  3.2106E-06  7.1845E-06
 8.7433E+25  2.2827E-04  7.0096E+03  7.4643E-05  3.1975E-06  7.1845E-06
 8.7525E+25  2.2910E-04  7.0095E+03  7.4643E-05  3.1846E-06  7.1845E-06
 8.7618E+25  2.2995E-04  7.0095E+03  7.4643E-05  3.1716E-06  7.1845E-06
 8.7710E+25  2.3080E-04  7.0095E+03  7.4643E-05  3.1585E-06  7.1845E-06
 8.7803E+25  2.3168E-04  7.0094E+03  7.4643E-05  3.1454E-06  7.1845E-06
 8.7896E+25  2.3258E-04  7.0094E+03  7.4643E-05  3.1323E-06  7.1845E-06
 8.7988E+25  2.3348E-04  7.0094E+03  7.4643E-05  3.1198E-06  7.1845E-06
 8.8081E+25  2.3431E-04  7.0094E+03  7.4643E-05  3.1075E-06  7.1845E-06
 8.8173E+25  2.3516E-04  7.0093E+03  7.4643E-05  3.0954E-06  7.1845E-06
 8.8266E+25  2.3601E-04  7.0093E+03  7.4643E-05  3.0831E-06  7.1845E-06
 8.8358E+25  2.3689E-04  7.0093E+03  7.4643E-05  3.0718E-06  7.1845E-06
 8.8451E+25  2.3778E-04  7.0092E+03  7.4643E-05  3.0607E-06  7.1845E-06
 8.8544E+25  2.3869E-04  7.0092E+03  7.4643E-05  3.0496E-06  7.1845E-06
 8.8636E+25  2.3952E-04  7.0092E+03  7.4643E-05  3.0381E-06  7.1845E-06
 8.8729E+25  2.4036E-04  7.0091E+03  7.4643E-05  3.0268E-06  7.1845E-06
 8.8821E+25  2.4122E-04  7.0091E+03  7.4643E-05  3.0155E-06  7.1845E-06
 8.8914E+25  2.4208E-04  7.0091E+03  7.4643E-05  3.0041E-06  7.1845E-06
 8.9006E+25  2.4297E-04  7.0091E+03  7.4643E-05  2.9928E-06  7.1845E-06
 8.9099E+25  2.4389E-04  7.0090E+03  7.4643E-05  2.9814E-06  7.1845E-06
 8.9192E+25  2.4474E-04  7.0090E+03  7.4643E-05  2.9700E-06  7.1845E-06
 8.9284E+25  2.4557E-04  7.0090E+03  7.4643E-05  2.9587E-06  7.1845E-06
 8.9377E+25  2.4641E-04  7.0089E+03  7.4643E-05  2.9472E-06  7.1845E-06
 8.9469E+25  2.4727E-04  7.0089E+03  7.4643E-05  2.9357E-06  7.1845E-06
 8.9562E+25  2.4815E-04  7.0089E+03  7.4643E-05  2.9241E-06  7.1845E-06
 8.9654E+25  2.4906E-04  7.0088E+03  7.4643E-05  2.9126E-06  7.1845E-06
 8.9747E+25  2.4993E-04  7.0088E+03  7.4643E-05  2.9009E-06  7.1845E-06
 8.9840E+25  2.5075E-04  7.0088E+03  7.4643E-05  2.8893E-06  7.1845E-06
 8.9932E+25  2.5158E-04  7.0088E+03  7.4643E-05  2.8778E-06  7.1845E-06
 9.0025E+25  2.5243E-04  7.0087E+03  7.4643E-05  2.8662E-06  7.1845E-06
 9.0117E+25  2.5329E-04  7.0087E+03  7.4643E-05  2.8545E-06  7.1845E-06
 9.0210E+25  2.5419E-04  7.0087E+03  7.4643E-05  2.8433E-06  7.1845E-06
 9.0302E+25  2.5509E-04  7.0086E+03  7.4643E-05  2.8324E-06  7.1845E-06
 9.0395E+25  2.5590E-04  7.0086E+03  7.4643E-05  2.8216E-06  7.1845E-06
 9.0487E+25  2.5672E-04  7.0086E+03  7.4643E-05  2.8107E-06  7.1845E-06
 9.0580E+25  2.5756E-04  7.0085E+03  7.4643E-05  2.8006E-06  7.1845E-06
 9.0673E+25  2.5841E-04  7.0085E+03  7.4643E-05  2.7908E-06  7.1845E-06
 9.0765E+25  2.5928E-04  7.0085E+03  7.4643E-05  2.7809E-06  7.1845E-06
 9.0858E+25  2.6019E-04  7.0085E+03  7.4643E-05  2.7708E-06  7.1845E-06
 9.0950E+25  2.6102E-04  7.0084E+03  7.4643E-05  2.7608E-06  7.1845E-06
 9.1043E+25  2.6183E-04  7.0084E+03  7.4643E-05  2.7507E-06  7.1845E-06
 9.1135E+25  2.6265E-04  7.0084E+03  7.4643E-05  2.7406E-06  7.1845E-06
 9.1228E+25  2.6348E-04  7.0083E+03  7.4643E-05  2.7306E-06  7.1845E-06
 9.1321E+25  2.6433E-04  7.0083E+03  7.4643E-05  2.7205E-06  7.1845E-06
 9.1413E+25  2.6522E-04  7.0083E+03  7.4643E-05  2.7104E-06  7.1845E-06
 9.1506E+25  2.6609E-04  7.0082E+03  7.4643E-05  2.7003E-06  7.1845E-06
 9.1598E+25  2.6689E-04  7.0082E+03  7.4643E-05  2.6902E-06  7.1845E-06
 9.1691E+25  2.6769E-04  7.0082E+03  7.4643E-05  2.6800E-06  7.1845E-06
 9.1783E+25  2.6850E-04  7.0082E+03  7.4643E-05  2.6697E-06  7.1845E-06
 9.1876E+25  2.6934E-04  7.0081E+03  7.4643E-05  2.6594E-06  7.1845E-06
 9.1969E+25  2.7019E-04  7.0081E+03  7.4643E-05  2.6492E-06  7.1845E-06
 9.2061E+25  2.7108E-04  7.0081E+03  7.4643E-05  2.6389E-06  7.1845E-06
 9.2154E+25  2.7189E-04  7.0080E+03  7.4643E-05  2.6286E-06  7.1845E-06
 9.2246E+25  2.7267E-04  7.0080E+03  7.4643E-05  2.6182E-06  7.1845E-06
 9.2339E+25  2.7347E-04  7.0080E+03  7.4643E-05  2.6078E-06  7.1845E-06
 9.2431E+25  2.7428E-04  7.0079E+03  7.4643E-05  2.5976E-06  7.1845E-06
 9.2524E+25  2.7511E-04  7.0079E+03  7.4643E-05  2.5879E-06  7.1845E-06
