 4.6285E+22  3.2695E-11  1.1681E+04  7.4643E-05  1.0000E+00  7.1845E-06
 1.3886E+23  2.2881E-10  1.1685E+04  7.4643E-05  1.0000E+00  7.1845E-06
 2.3143E+23  6.2058E-10  1.1698E+04  7.4643E-05  1.0000E+00  7.1845E-06
 3.2400E+23  1.2065E-09  1.1725E+04  7.4643E-05  1.0000E+00  7.1845E-06
 4.1657E+23  1.9831E-09  1.1773E+04  7.4643E-05  1.0000E+00  7.1845E-06
 5.0914E+23  2.9446E-09  1.1852E+04  7.4643E-05  1.0000E+00  7.1845E-06
 6.0171E+23  4.0779E-09  1.1974E+04  7.4643E-05  1.0000E+00  7.1845E-06
 6.9428E+23  5.3712E-09  1.2149E+04  7.4643E-05  1.0000E+00  7.1845E-06
 7.8685E+23  6.7912E-09  1.2406E+04  7.4643E-05  1.0000E+00  7.1845E-06
 8.7942E+23  8.3087E-09  1.2764E+04  7.4643E-05  1.0000E+00  7.1845E-06
 9.7199E+23  9.9054E-09  1.3198E+04  7.4643E-05  1.0000E+00  7.1845E-06
 1.0646E+24  1.1602E-08  1.3635E+04  7.4643E-05  1.0000E+00  7.1845E-06
 1.1571E+24  1.3476E-08  1.3952E+04  7.4643E-05  1.0000E+00  7.1845E-06
 1.2497E+24  1.5586E-08  1.4122E+04  7.4643E-05  1.0000E+00  7.1845E-06
 1.3423E+24  1.7882E-08  1.4217E+04  7.4643E-05  1.0000E+00  7.1845E-06
 1.4348E+24  2.0332E-08  1.4317E+04  7.4643E-05  9.9999E-01  7.1845E-06
 1.5274E+24  2.2919E-08  1.4417E+04  7.4643E-05  9.9999E-01  7.1845E-06
 1.6200E+24  2.5662E-08  1.4510E+04  7.4643E-05  9.9999E-01  7.1845E-06
 1.7126E+24  2.8542E-08  1.4601E+04  7.4643E-05  9.9999E-01  7.1845E-06
 1.8051E+24  3.1586E-08  1.4683E+04  7.4643E-05  9.9999E-01  7.1845E-06
 1.8977E+24  3.4761E-08  1.4762E+04  7.4643E-05  9.9999E-01  7.1845E-06
 1.9903E+24  3.8103E-08  1.4839E+04  7.4643E-05  9.9999E-01  7.1845E-06
 2.0828E+24  4.1566E-08  1.4913E+04  7.4643E-05  9.9999E-01  7.1845E-06
 2.1754E+24  4.5175E-08  1.4985E+04  7.4643E-05  9.9999E-01  7.1845E-06
 2.2680E+24  4.8934E-08  1.5056E+04  7.4643E-05  9.9999E-01  7.1845E-06
 2.3605E+24  5.2845E-08  1.5124E+04  7.4643E-05  9.9999E-01  7.1845E-06
 2.4531E+24  5.6887E-08  1.5187E+04  7.4643E-05  9.9999E-01  7.1845E-06
 2.5457E+24  6.1063E-08  1.5252E+04  7.4643E-05  9.9998E-01  7.1845E-06
 2.6383E+24  6.5412E-08  1.5315E+04  7.4643E-05  9.9998E-01  7.1845E-06
 2.7308E+24  6.9861E-08  1.5374E+04  7.4643E-05  9.9998E-01  7.1845E-06
 2.8234E+24  7.4462E-08  1.5435E+04  7.4643E-05  9.9998E-01  7.1845E-06
 2.9160E+24  7.9190E-08  1.5491E+04  7.4643E-05  9.9998E-01  7.1845E-06
 3.0085E+24  8.4131E-08  1.5546E+04  7.4643E-05  9.9998E-01  7.1845E-06
 3.1011E+24  8.9160E-08  1.5602E+04  7.4643E-05  9.9998E-01  7.1845E-06
 3.1937E+24  9.4288E-08  1.5655E+04  7.4643E-05  9.9998E-01  7.1845E-06
 3.2862E+24  9.9587E-08  1.5707E+04  7.4643E-05  9.9997E-01  7.1845E-06
 3.3788E+24  1.0497E-07  1.5758E+04  7.4643E-05  9.9997E-01  7.1845E-06
 3.4714E+24  1.1053E-07  1.5807E+04  7.4643E-05  9.9997E-01  7.1845E-06
 3.5640E+24  1.1628E-07  1.5856E+04  7.4643E-05  9.9997E-01  7.1845E-06
 3.6565E+24  1.2225E-07  1.5902E+04  7.4643E-05  9.9997E-01  7.1845E-06
 3.7491E+24  1.2805E-07  1.5949E+04  7.4643E-05  9.9997E-01  7.1845E-06
 3.8417E+24  1.3427E-07  1.5995E+04  7.4643E-05  9.9997E-01  7.1845E-06
 3.9342E+24  1.4049E-07  1.6039E+04  7.4643E-05  9.9996E-01  7.1845E-06
 4.0268E+24  1.4697E-07  1.6083E+04  7.4643E-05  9.9996E-01  7.1845E-06
 4.1194E+24  1.5332E-07  1.6125E+04  7.4643E-05  9.9996E-01  7.1845E-06
 4.2120E+24  1.6019E-07  1.6167E+04  7.4643E-05  9.9996E-01  7.1845E-06
 4.3045E+24  1.6696E-07  1.6208E+04  7.4643E-05  9.9996E-01  7.1845E-06
 4.3971E+24  1.7369E-07  1.6248E+04  7.4643E-05  9.9996E-01  7.1845E-06
 4.4897E+24  1.8085E-07  1.6288E+04  7.4643E-05  9.9995E-01  7.1845E-06
 4.5822E+24  1.8810E-07  1.6326E+04  7.4643E-05  9.9995E-01  7.1845E-06
 4.6748E+24  1.9546E-07  1.6365E+04  7.4643E-05  9.9995E-01  7.1845E-06
 4.7674E+24  2.0293E-07  1.6402E+04  7.4643E-05  9.9995E-01  7.1845E-06
 4.8599E+24  2.1050E-07  1.6439E+04  7.4643E-05  9.9995E-01  7.1845E-06
 4.9525E+24  2.1822E-07  1.6474E+04  7.4643E-05  9.9994E-01  7.1845E-06
 5.0451E+24  2.2607E-07  1.6509E+04  7.4643E-05  9.9994E-01  7.1845E-06
 5.1377E+24  2.3407E-07  1.6544E+04  7.4643E-05  9.9994E-01  7.1845E-06
 5.2302E+24  2.4225E-07  1.6578E+04  7.4643E-05  9.9994E-01  7.1845E-06
 5.3228E+24  2.5061E-07  1.6612E+04  7.4643E-05  9.9994E-01  7.1845E-06
 5.4154E+24  2.5917E-07  1.6645E+04  7.4643E-05  9.9993E-01  7.1845E-06
 5.5079E+24  2.6729E-07  1.6678E+04  7.4643E-05  9.9993E-01  7.1845E-06
 5.6005E+24  2.7589E-07  1.6710E+04  7.4643E-05  9.9993E-01  7.1845E-06
 5.6931E+24  2.8499E-07  1.6742E+04  7.4643E-05  9.9993E-01  7.1845E-06
 5.7856E+24  2.9427E-07  1.6773E+04  7.4643E-05  9.9992E-01  7.1845E-06
 5.8782E+24  3.0240E-07  1.6803E+04  7.4643E-05  9.9992E-01  7.1845E-06
 5.9708E+24  3.1218E-07  1.6833E+04  7.4643E-05  9.9992E-01  7.1845E-06
 6.0634E+24  3.2167E-07  1.6862E+04  7.4643E-05  9.9992E-01  7.1845E-06
 6.1559E+24  3.3048E-07  1.6892E+04  7.4643E-05  9.9991E-01  7.1845E-06
 6.2485E+24  3.4110E-07  1.6920E+04  7.4643E-05  9.9991E-01  7.1845E-06
 6.3411E+24  3.4954E-07  1.6948E+04  7.4643E-05  9.9991E-01  7.1845E-06
 6.4336E+24  3.6057E-07  1.6976E+04  7.4643E-05  9.9991E-01  7.1845E-06
 6.5262E+24  3.6946E-07  1.7004E+04  7.4643E-05  9.9990E-01  7.1845E-06
 6.6188E+24  3.8078E-07  1.7031E+04  7.4643E-05  9.9990E-01  7.1845E-06
 6.7113E+24  3.8966E-07  1.7058E+04  7.4643E-05  9.9990E-01  7.1845E-06
 6.8039E+24  4.0146E-07  1.7084E+04  7.4643E-05  9.9990E-01  7.1845E-06
 6.8965E+24  4.1056E-07  1.7110E+04  7.4643E-05  9.9989E-01  7.1845E-06
 6.9891E+24  4.2203E-07  1.7136E+04  7.4643E-05  9.9989E-01  7.1845E-06
 7.0816E+24  4.3292E-07  1.7162E+04  7.4643E-05  9.9989E-01  7.1845E-06
 7.1742E+24  4.4291E-07  1.7187E+04  7.4643E-05  9.9989E-01  7.1845E-06
 7.2668E+24  4.5502E-07  1.7212E+04  7.4643E-05  9.9988E-01  7.1845E-06
 7.3593E+24  4.6569E-07  1.7236E+04  7.4643E-05  9.9988E-01  7.1845E-06
 7.4519E+24  4.7638E-07  1.7261E+04  7.4643E-05  9.9988E-01  7.1845E-06
 7.5445E+24  4.8868E-07  1.7284E+04  7.4643E-05  9.9987E-01  7.1845E-06
 7.6371E+24  5.0059E-07  1.7308E+04  7.4643E-05  9.9987E-01  7.1845E-06
 7.7296E+24  5.1064E-07  1.7332E+04  7.4643E-05  9.9987E-01  7.1845E-06
 7.8222E+24  5.2312E-07  1.7355E+04  7.4643E-05  9.9986E-01  7.1845E-06
 7.9148E+24  5.3569E-07  1.7378E+04  7.4643E-05  9.9986E-01  7.1845E-06
 8.0073E+24  5.4824E-07  1.7400E+04  7.4643E-05  9.9986E-01  7.1845E-06
 8.0999E+24  5.5852E-07  1.7423E+04  7.4643E-05  9.9986E-01  7.1845E-06
 8.1925E+24  5.7128E-07  1.7445E+04  7.4643E-05  9.9985E-01  7.1845E-06
 8.2850E+24  5.8416E-07  1.7467E+04  7.4643E-05  9.9985E-01  7.1845E-06
 8.3776E+24  5.9710E-07  1.7488E+04  7.4643E-05  9.9985E-01  7.1845E-06
 8.4702E+24  6.1014E-07  1.7510E+04  7.4643E-05  9.9984E-01  7.1845E-06
 8.5628E+24  6.2264E-07  1.7531E+04  7.4643E-05  9.9984E-01  7.1845E-06
 8.6553E+24  6.3447E-07  1.7552E+04  7.4643E-05  9.9984E-01  7.1845E-06
 8.7479E+24  6.4775E-07  1.7573E+04  7.4643E-05  9.9983E-01  7.1845E-06
 8.8405E+24  6.6115E-07  1.7593E+04  7.4643E-05  9.9983E-01  7.1845E-06
 8.9330E+24  6.7464E-07  1.7614E+04  7.4643E-05  9.9982E-01  7.1845E-06
 9.0256E+24  6.8821E-07  1.7634E+04  7.4643E-05  9.9982E-01  7.1845E-06
 9.1182E+24  7.0187E-07  1.7654E+04  7.4643E-05  9.9982E-01  7.1845E-06
 9.2107E+24  7.1563E-07  1.7674E+04  7.4643E-05  9.9981E-01  7.1845E-06
 9.3033E+24  7.2949E-07  1.7693E+04  7.4643E-05  9.9981E-01  7.1845E-06
 9.3959E+24  7.4344E-07  1.7713E+04  7.4643E-05  9.9981E-01  7.1845E-06
 9.4885E+24  7.5750E-07  1.7732E+04  7.4643E-05  9.9980E-01  7.1845E-06
 9.5810E+24  7.7166E-07  1.7751E+04  7.4643E-05  9.9980E-01  7.1845E-06
 9.6736E+24  7.8593E-07  1.7770E+04  7.4643E-05  9.9979E-01  7.1845E-06
 9.7662E+24  8.0033E-07  1.7788E+04  7.4643E-05  9.9979E-01  7.1845E-06
 9.8587E+24  8.1484E-07  1.7807E+04  7.4643E-05  9.9978E-01  7.1845E-06
 9.9513E+24  8.2948E-07  1.7825E+04  7.4643E-05  9.9977E-01  7.1845E-06
 1.0044E+25  8.4425E-07  1.7843E+04  7.4643E-05  9.9976E-01  7.1845E-06
 1.0136E+25  8.5917E-07  1.7861E+04  7.4643E-05  9.9974E-01  7.1845E-06
 1.0229E+25  8.7423E-07  1.7879E+04  7.4643E-05  9.9970E-01  7.1845E-06
 1.0322E+25  8.8946E-07  1.7896E+04  7.4643E-05  9.9962E-01  7.1845E-06
 1.0414E+25  9.0485E-07  1.7913E+04  7.4643E-05  9.9949E-01  7.1845E-06
 1.0507E+25  9.2042E-07  1.7930E+04  7.4643E-05  9.9926E-01  7.1845E-06
 1.0599E+25  9.3619E-07  1.7945E+04  7.4643E-05  9.9884E-01  7.1845E-06
 1.0692E+25  9.5218E-07  1.7959E+04  7.4643E-05  9.9809E-01  7.1845E-06
 1.0784E+25  9.6843E-07  1.7971E+04  7.4643E-05  9.9679E-01  7.1845E-06
 1.0877E+25  9.8497E-07  1.7978E+04  7.4643E-05  9.9452E-01  7.1845E-06
 1.0970E+25  1.0018E-06  1.7979E+04  7.4643E-05  9.9064E-01  7.1845E-06
 1.1062E+25  1.0169E-06  1.7968E+04  7.4643E-05  9.8410E-01  7.1845E-06
 1.1155E+25  1.0335E-06  1.7938E+04  7.4643E-05  9.7329E-01  7.1845E-06
 1.1247E+25  1.0522E-06  1.7880E+04  7.4643E-05  9.5584E-01  7.1845E-06
 1.1340E+25  1.0724E-06  1.7778E+04  7.4643E-05  9.2858E-01  7.1845E-06
 1.1432E+25  1.0947E-06  1.7611E+04  7.4643E-05  8.8784E-01  7.1845E-06
 1.1525E+25  1.1201E-06  1.7360E+04  7.4643E-05  8.3058E-01  7.1845E-06
 1.1618E+25  1.1496E-06  1.7007E+04  7.4643E-05  7.5617E-01  7.1845E-06
 1.1710E+25  1.1841E-06  1.6549E+04  7.4643E-05  6.6821E-01  7.1845E-06
 1.1803E+25  1.2201E-06  1.6002E+04  7.4643E-05  5.7443E-01  7.1845E-06
 1.1895E+25  1.2662E-06  1.5400E+04  7.4643E-05  4.8393E-01  7.1845E-06
 1.1988E+25  1.3171E-06  1.4783E+04  7.4643E-05  4.0364E-01  7.1845E-06
 1.2080E+25  1.3714E-06  1.4184E+04  7.4643E-05  3.3663E-01  7.1845E-06
 1.2173E+25  1.4279E-06  1.3624E+04  7.4643E-05  2.8268E-01  7.1845E-06
 1.2266E+25  1.4853E-06  1.3113E+04  7.4643E-05  2.3993E-01  7.1845E-06
 1.2358E+25  1.5429E-06  1.2653E+04  7.4643E-05  2.0608E-01  7.1845E-06
 1.2451E+25  1.6003E-06  1.2242E+04  7.4643E-05  1.7907E-01  7.1845E-06
 1.2543E+25  1.6571E-06  1.1874E+04  7.4643E-05  1.5725E-01  7.1845E-06
 1.2636E+25  1.7133E-06  1.1545E+04  7.4643E-05  1.3938E-01  7.1845E-06
 1.2728E+25  1.7687E-06  1.1250E+04  7.4643E-05  1.2455E-01  7.1845E-06
 1.2821E+25  1.8235E-06  1.0985E+04  7.4643E-05  1.1209E-01  7.1845E-06
 1.2914E+25  1.8777E-06  1.0745E+04  7.4643E-05  1.0150E-01  7.1845E-06
 1.3006E+25  1.9310E-06  1.0528E+04  7.4643E-05  9.2415E-02  7.1845E-06
 1.3099E+25  1.9840E-06  1.0330E+04  7.4643E-05  8.4546E-02  7.1845E-06
 1.3191E+25  2.0364E-06  1.0149E+04  7.4643E-05  7.7676E-02  7.1845E-06
 1.3284E+25  2.0882E-06  9.9837E+03  7.4643E-05  7.1638E-02  7.1845E-06
 1.3376E+25  2.1398E-06  9.8316E+03  7.4643E-05  6.6294E-02  7.1845E-06
 1.3469E+25  2.1908E-06  9.6914E+03  7.4643E-05  6.1540E-02  7.1845E-06
 1.3562E+25  2.2417E-06  9.5618E+03  7.4643E-05  5.7287E-02  7.1845E-06
 1.3654E+25  2.2922E-06  9.4418E+03  7.4643E-05  5.3466E-02  7.1845E-06
 1.3747E+25  2.3425E-06  9.3304E+03  7.4643E-05  5.0017E-02  7.1845E-06
 1.3839E+25  2.3923E-06  9.2266E+03  7.4643E-05  4.6892E-02  7.1845E-06
 1.3932E+25  2.4399E-06  9.1299E+03  7.4643E-05  4.4050E-02  7.1845E-06
 1.4024E+25  2.4888E-06  9.0395E+03  7.4643E-05  4.1457E-02  7.1845E-06
 1.4117E+25  2.5380E-06  8.9548E+03  7.4643E-05  3.9084E-02  7.1845E-06
 1.4210E+25  2.5872E-06  8.8754E+03  7.4643E-05  3.6906E-02  7.1845E-06
 1.4302E+25  2.6363E-06  8.8009E+03  7.4643E-05  3.4902E-02  7.1845E-06
 1.4395E+25  2.6854E-06  8.7308E+03  7.4643E-05  3.3054E-02  7.1845E-06
 1.4487E+25  2.7348E-06  8.6647E+03  7.4643E-05  3.1344E-02  7.1845E-06
 1.4580E+25  2.7842E-06  8.6024E+03  7.4643E-05  2.9761E-02  7.1845E-06
 1.4672E+25  2.8336E-06  8.5435E+03  7.4643E-05  2.8290E-02  7.1845E-06
 1.4765E+25  2.8834E-06  8.4879E+03  7.4643E-05  2.6922E-02  7.1845E-06
 1.4858E+25  2.9335E-06  8.4352E+03  7.4643E-05  2.5647E-02  7.1845E-06
 1.4950E+25  2.9834E-06  8.3852E+03  7.4643E-05  2.4457E-02  7.1845E-06
 1.5043E+25  3.0237E-06  8.3378E+03  7.4643E-05  2.3345E-02  7.1845E-06
 1.5135E+25  3.0728E-06  8.2928E+03  7.4643E-05  2.2303E-02  7.1845E-06
 1.5228E+25  3.1231E-06  8.2500E+03  7.4643E-05  2.1326E-02  7.1845E-06
 1.5320E+25  3.1738E-06  8.2093E+03  7.4643E-05  2.0409E-02  7.1845E-06
 1.5413E+25  3.2250E-06  8.1705E+03  7.4643E-05  1.9546E-02  7.1845E-06
 1.5506E+25  3.2768E-06  8.1335E+03  7.4643E-05  1.8734E-02  7.1845E-06
 1.5598E+25  3.3253E-06  8.0982E+03  7.4643E-05  1.7969E-02  7.1845E-06
 1.5691E+25  3.3637E-06  8.0646E+03  7.4643E-05  1.7246E-02  7.1845E-06
 1.5783E+25  3.4158E-06  8.0324E+03  7.4643E-05  1.6564E-02  7.1845E-06
 1.5876E+25  3.4687E-06  8.0017E+03  7.4643E-05  1.5919E-02  7.1845E-06
 1.5968E+25  3.5224E-06  7.9722E+03  7.4643E-05  1.5309E-02  7.1845E-06
 1.6061E+25  3.5769E-06  7.9441E+03  7.4643E-05  1.4730E-02  7.1845E-06
 1.6154E+25  3.6099E-06  7.9171E+03  7.4643E-05  1.4181E-02  7.1845E-06
 1.6246E+25  3.6624E-06  7.8912E+03  7.4643E-05  1.3661E-02  7.1845E-06
 1.6339E+25  3.7180E-06  7.8664E+03  7.4643E-05  1.3167E-02  7.1845E-06
 1.6431E+25  3.7745E-06  7.8426E+03  7.4643E-05  1.2696E-02  7.1845E-06
 1.6524E+25  3.8207E-06  7.8197E+03  7.4643E-05  1.2249E-02  7.1845E-06
 1.6616E+25  3.8593E-06  7.7978E+03  7.4643E-05  1.1823E-02  7.1845E-06
 1.6709E+25  3.9172E-06  7.7766E+03  7.4643E-05  1.1418E-02  7.1845E-06
 1.6802E+25  3.9764E-06  7.7563E+03  7.4643E-05  1.1031E-02  7.1845E-06
 1.6894E+25  4.0249E-06  7.7368E+03  7.4643E-05  1.0661E-02  7.1845E-06
 1.6987E+25  4.0608E-06  7.7180E+03  7.4643E-05  1.0309E-02  7.1845E-06
 1.7079E+25  4.1218E-06  7.6999E+03  7.4643E-05  9.9723E-03  7.1845E-06
 1.7172E+25  4.1842E-06  7.6824E+03  7.4643E-05  9.6504E-03  7.1845E-06
 1.7264E+25  4.2221E-06  7.6656E+03  7.4643E-05  9.3429E-03  7.1845E-06
 1.7357E+25  4.2692E-06  7.6494E+03  7.4643E-05  9.0479E-03  7.1845E-06
 1.7450E+25  4.3339E-06  7.6337E+03  7.4643E-05  8.7659E-03  7.1845E-06
 1.7542E+25  4.3923E-06  7.6186E+03  7.4643E-05  8.4957E-03  7.1845E-06
 1.7635E+25  4.4187E-06  7.6040E+03  7.4643E-05  8.2363E-03  7.1845E-06
 1.7727E+25  4.4859E-06  7.5899E+03  7.4643E-05  7.9881E-03  7.1845E-06
 1.7820E+25  4.5550E-06  7.5763E+03  7.4643E-05  7.7493E-03  7.1845E-06
 1.7912E+25  4.5767E-06  7.5632E+03  7.4643E-05  7.5205E-03  7.1845E-06
 1.8005E+25  4.6413E-06  7.5504E+03  7.4643E-05  7.3006E-03  7.1845E-06
 1.8097E+25  4.7132E-06  7.5381E+03  7.4643E-05  7.0892E-03  7.1845E-06
 1.8190E+25  4.7389E-06  7.5262E+03  7.4643E-05  6.8862E-03  7.1845E-06
 1.8283E+25  4.8008E-06  7.5147E+03  7.4643E-05  6.6905E-03  7.1845E-06
 1.8375E+25  4.8761E-06  7.5036E+03  7.4643E-05  6.5029E-03  7.1845E-06
 1.8468E+25  4.8977E-06  7.4927E+03  7.4643E-05  6.3216E-03  7.1845E-06
 1.8560E+25  4.9645E-06  7.4823E+03  7.4643E-05  6.1477E-03  7.1845E-06
 1.8653E+25  5.0429E-06  7.4721E+03  7.4643E-05  5.9794E-03  7.1845E-06
 1.8745E+25  5.0542E-06  7.4623E+03  7.4643E-05  5.8180E-03  7.1845E-06
 1.8838E+25  5.1336E-06  7.4527E+03  7.4643E-05  5.6616E-03  7.1845E-06
 1.8931E+25  5.1985E-06  7.4435E+03  7.4643E-05  5.5117E-03  7.1845E-06
 1.9023E+25  5.2236E-06  7.4345E+03  7.4643E-05  5.3661E-03  7.1845E-06
 1.9116E+25  5.3089E-06  7.4258E+03  7.4643E-05  5.2265E-03  7.1845E-06
 1.9208E+25  5.3486E-06  7.4174E+03  7.4643E-05  5.0908E-03  7.1845E-06
 1.9301E+25  5.4011E-06  7.4092E+03  7.4643E-05  4.9606E-03  7.1845E-06
 1.9393E+25  5.4904E-06  7.4012E+03  7.4643E-05  4.8342E-03  7.1845E-06
 1.9486E+25  5.4954E-06  7.3935E+03  7.4643E-05  4.7124E-03  7.1845E-06
 1.9579E+25  5.5859E-06  7.3859E+03  7.4643E-05  4.5946E-03  7.1845E-06
 1.9671E+25  5.6369E-06  7.3786E+03  7.4643E-05  4.4805E-03  7.1845E-06
 1.9764E+25  5.6809E-06  7.3715E+03  7.4643E-05  4.3705E-03  7.1845E-06
 1.9856E+25  5.7775E-06  7.3646E+03  7.4643E-05  4.2635E-03  7.1845E-06
 1.9949E+25  5.7784E-06  7.3579E+03  7.4643E-05  4.1607E-03  7.1845E-06
 2.0041E+25  5.8773E-06  7.3513E+03  7.4643E-05  4.0604E-03  7.1845E-06
 2.0134E+25  5.9171E-06  7.3450E+03  7.4643E-05  3.9639E-03  7.1845E-06
 2.0227E+25  5.9764E-06  7.3388E+03  7.4643E-05  3.8701E-03  7.1845E-06
 2.0319E+25  6.0574E-06  7.3328E+03  7.4643E-05  3.7791E-03  7.1845E-06
 2.0412E+25  6.0765E-06  7.3269E+03  7.4643E-05  3.6914E-03  7.1845E-06
 2.0504E+25  6.1862E-06  7.3212E+03  7.4643E-05  3.6057E-03  7.1845E-06
 2.0597E+25  6.1886E-06  7.3157E+03  7.4643E-05  3.5233E-03  7.1845E-06
 2.0689E+25  6.2908E-06  7.3102E+03  7.4643E-05  3.4430E-03  7.1845E-06
 2.0782E+25  6.3263E-06  7.3049E+03  7.4643E-05  3.3650E-03  7.1845E-06
 2.0875E+25  6.3963E-06  7.2998E+03  7.4643E-05  3.2898E-03  7.1845E-06
 2.0967E+25  6.4633E-06  7.2948E+03  7.4643E-05  3.2162E-03  7.1845E-06
 2.1060E+25  6.5035E-06  7.2899E+03  7.4643E-05  3.1452E-03  7.1845E-06
 2.1152E+25  6.6002E-06  7.2851E+03  7.4643E-05  3.0762E-03  7.1845E-06
 2.1245E+25  6.6124E-06  7.2805E+03  7.4643E-05  3.0088E-03  7.1845E-06
 2.1337E+25  6.7353E-06  7.2759E+03  7.4643E-05  2.9439E-03  7.1845E-06
 2.1430E+25  6.7239E-06  7.2715E+03  7.4643E-05  2.8805E-03  7.1845E-06
 2.1523E+25  6.8542E-06  7.2672E+03  7.4643E-05  2.8187E-03  7.1845E-06
 2.1615E+25  6.8529E-06  7.2630E+03  7.4643E-05  2.7592E-03  7.1845E-06
 2.1708E+25  6.9709E-06  7.2589E+03  7.4643E-05  2.7009E-03  7.1845E-06
 2.1800E+25  6.9859E-06  7.2549E+03  7.4643E-05  2.6442E-03  7.1845E-06
 2.1893E+25  7.0897E-06  7.2510E+03  7.4643E-05  2.5895E-03  7.1845E-06
 2.1985E+25  7.1181E-06  7.2471E+03  7.4643E-05  2.5357E-03  7.1845E-06
 2.2078E+25  7.2110E-06  7.2434E+03  7.4643E-05  2.4836E-03  7.1845E-06
 2.2171E+25  7.2492E-06  7.2397E+03  7.4643E-05  2.4332E-03  7.1845E-06
 2.2263E+25  7.3347E-06  7.2362E+03  7.4643E-05  2.3836E-03  7.1845E-06
 2.2356E+25  7.3797E-06  7.2327E+03  7.4643E-05  2.3356E-03  7.1845E-06
 2.2448E+25  7.4612E-06  7.2293E+03  7.4643E-05  2.2891E-03  7.1845E-06
 2.2541E+25  7.5093E-06  7.2259E+03  7.4643E-05  2.2433E-03  7.1845E-06
 2.2633E+25  7.5906E-06  7.2227E+03  7.4643E-05  2.1989E-03  7.1845E-06
 2.2726E+25  7.6381E-06  7.2195E+03  7.4643E-05  2.1559E-03  7.1845E-06
 2.2819E+25  7.7231E-06  7.2164E+03  7.4643E-05  2.1137E-03  7.1845E-06
 2.2911E+25  7.7658E-06  7.2134E+03  7.4643E-05  2.0725E-03  7.1845E-06
 2.3004E+25  7.8588E-06  7.2104E+03  7.4643E-05  2.0328E-03  7.1845E-06
 2.3096E+25  7.8926E-06  7.2075E+03  7.4643E-05  1.9937E-03  7.1845E-06
 2.3189E+25  7.9979E-06  7.2046E+03  7.4643E-05  1.9555E-03  7.1845E-06
 2.3281E+25  8.0183E-06  7.2019E+03  7.4643E-05  1.9186E-03  7.1845E-06
 2.3374E+25  8.1407E-06  7.1991E+03  7.4643E-05  1.8825E-03  7.1845E-06
 2.3467E+25  8.1429E-06  7.1964E+03  7.4643E-05  1.8470E-03  7.1845E-06
 2.3559E+25  8.2874E-06  7.1938E+03  7.4643E-05  1.8127E-03  7.1845E-06
 2.3652E+25  8.2663E-06  7.1913E+03  7.4643E-05  1.7793E-03  7.1845E-06
 2.3744E+25  8.4311E-06  7.1888E+03  7.4643E-05  1.7464E-03  7.1845E-06
 2.3837E+25  8.3956E-06  7.1863E+03  7.4643E-05  1.7142E-03  7.1845E-06
 2.3929E+25  8.5554E-06  7.1839E+03  7.4643E-05  1.6832E-03  7.1845E-06
 2.4022E+25  8.5473E-06  7.1816E+03  7.4643E-05  1.6528E-03  7.1845E-06
 2.4115E+25  8.6772E-06  7.1793E+03  7.4643E-05  1.6228E-03  7.1845E-06
 2.4207E+25  8.7050E-06  7.1770E+03  7.4643E-05  1.5938E-03  7.1845E-06
 2.4300E+25  8.7978E-06  7.1748E+03  7.4643E-05  1.5656E-03  7.1845E-06
 2.4392E+25  8.8671E-06  7.1727E+03  7.4643E-05  1.5377E-03  7.1845E-06
 2.4485E+25  8.9172E-06  7.1705E+03  7.4643E-05  1.5105E-03  7.1845E-06
 2.4577E+25  9.0344E-06  7.1685E+03  7.4643E-05  1.4841E-03  7.1845E-06
 2.4670E+25  9.0352E-06  7.1664E+03  7.4643E-05  1.4584E-03  7.1845E-06
 2.4763E+25  9.2034E-06  7.1644E+03  7.4643E-05  1.4329E-03  7.1845E-06
 2.4855E+25  9.1548E-06  7.1625E+03  7.4643E-05  1.4081E-03  7.1845E-06
 2.4948E+25  9.3235E-06  7.1606E+03  7.4643E-05  1.3841E-03  7.1845E-06
 2.5040E+25  9.3273E-06  7.1587E+03  7.4643E-05  1.3605E-03  7.1845E-06
 2.5133E+25  9.4394E-06  7.1568E+03  7.4643E-05  1.3372E-03  7.1845E-06
 2.5225E+25  9.5085E-06  7.1550E+03  7.4643E-05  1.3146E-03  7.1845E-06
 2.5318E+25  9.5538E-06  7.1533E+03  7.4643E-05  1.2927E-03  7.1845E-06
 2.5411E+25  9.6956E-06  7.1515E+03  7.4643E-05  1.2711E-03  7.1845E-06
 2.5503E+25  9.6669E-06  7.1498E+03  7.4643E-05  1.2498E-03  7.1845E-06
 2.5596E+25  9.8425E-06  7.1481E+03  7.4643E-05  1.2290E-03  7.1845E-06
 2.5688E+25  9.8250E-06  7.1465E+03  7.4643E-05  1.2090E-03  7.1845E-06
 2.5781E+25  9.9542E-06  7.1449E+03  7.4643E-05  1.1891E-03  7.1845E-06
 2.5873E+25  1.0022E-05  7.1433E+03  7.4643E-05  1.1696E-03  7.1845E-06
 2.5966E+25  1.0065E-05  7.1417E+03  7.4643E-05  1.1506E-03  7.1845E-06
 2.6059E+25  1.0226E-05  7.1402E+03  7.4643E-05  1.1321E-03  7.1845E-06
 2.6151E+25  1.0174E-05  7.1387E+03  7.4643E-05  1.1140E-03  7.1845E-06
 2.6244E+25  1.0353E-05  7.1372E+03  7.4643E-05  1.0960E-03  7.1845E-06
 2.6336E+25  1.0366E-05  7.1358E+03  7.4643E-05  1.0785E-03  7.1845E-06
 2.6429E+25  1.0461E-05  7.1344E+03  7.4643E-05  1.0615E-03  7.1845E-06
 2.6521E+25  1.0582E-05  7.1330E+03  7.4643E-05  1.0448E-03  7.1845E-06
 2.6614E+25  1.0567E-05  7.1316E+03  7.4643E-05  1.0283E-03  7.1845E-06
 2.6707E+25  1.0750E-05  7.1303E+03  7.4643E-05  1.0122E-03  7.1845E-06
 2.6799E+25  1.0728E-05  7.1290E+03  7.4643E-05  9.9650E-04  7.1845E-06
 2.6892E+25  1.0854E-05  7.1277E+03  7.4643E-05  9.8121E-04  7.1845E-06
 2.6984E+25  1.0958E-05  7.1264E+03  7.4643E-05  9.6604E-04  7.1845E-06
 2.7077E+25  1.0957E-05  7.1251E+03  7.4643E-05  9.5108E-04  7.1845E-06
 2.7169E+25  1.1143E-05  7.1239E+03  7.4643E-05  9.3655E-04  7.1845E-06
 2.7262E+25  1.1112E-05  7.1227E+03  7.4643E-05  9.2246E-04  7.1845E-06
 2.7355E+25  1.1244E-05  7.1215E+03  7.4643E-05  9.0853E-04  7.1845E-06
 2.7447E+25  1.1357E-05  7.1203E+03  7.4643E-05  8.9475E-04  7.1845E-06
 2.7540E+25  1.1344E-05  7.1192E+03  7.4643E-05  8.8123E-04  7.1845E-06
 2.7632E+25  1.1533E-05  7.1181E+03  7.4643E-05  8.6815E-04  7.1845E-06
 2.7725E+25  1.1520E-05  7.1170E+03  7.4643E-05  8.5536E-04  7.1845E-06
 2.7817E+25  1.1631E-05  7.1159E+03  7.4643E-05  8.4267E-04  7.1845E-06
 2.7910E+25  1.1781E-05  7.1148E+03  7.4643E-05  8.3014E-04  7.1845E-06
 2.8003E+25  1.1727E-05  7.1138E+03  7.4643E-05  8.1792E-04  7.1845E-06
 2.8095E+25  1.1918E-05  7.1127E+03  7.4643E-05  8.0609E-04  7.1845E-06
 2.8188E+25  1.1954E-05  7.1117E+03  7.4643E-05  7.9444E-04  7.1845E-06
 2.8280E+25  1.2013E-05  7.1107E+03  7.4643E-05  7.8288E-04  7.1845E-06
 2.8373E+25  1.2207E-05  7.1097E+03  7.4643E-05  7.7148E-04  7.1845E-06
 2.8465E+25  1.2131E-05  7.1088E+03  7.4643E-05  7.6040E-04  7.1845E-06
 2.8558E+25  1.2299E-05  7.1078E+03  7.4643E-05  7.4964E-04  7.1845E-06
 2.8651E+25  1.2419E-05  7.1069E+03  7.4643E-05  7.3902E-04  7.1845E-06
 2.8743E+25  1.2391E-05  7.1059E+03  7.4643E-05  7.2847E-04  7.1845E-06
 2.8836E+25  1.2587E-05  7.1050E+03  7.4643E-05  7.1809E-04  7.1845E-06
 2.8928E+25  1.2608E-05  7.1041E+03  7.4643E-05  7.0800E-04  7.1845E-06
 2.9021E+25  1.2676E-05  7.1033E+03  7.4643E-05  6.9820E-04  7.1845E-06
 2.9113E+25  1.2876E-05  7.1024E+03  7.4643E-05  6.8851E-04  7.1845E-06
 2.9206E+25  1.2803E-05  7.1016E+03  7.4643E-05  6.7889E-04  7.1845E-06
 2.9299E+25  1.2961E-05  7.1007E+03  7.4643E-05  6.6940E-04  7.1845E-06
 2.9391E+25  1.3119E-05  7.0999E+03  7.4643E-05  6.6018E-04  7.1845E-06
 2.9484E+25  1.3047E-05  7.0991E+03  7.4643E-05  6.5122E-04  7.1845E-06
 2.9576E+25  1.3248E-05  7.0983E+03  7.4643E-05  6.4237E-04  7.1845E-06
 2.9669E+25  1.3329E-05  7.0975E+03  7.4643E-05  6.3360E-04  7.1845E-06
 2.9761E+25  1.3331E-05  7.0967E+03  7.4643E-05  6.2491E-04  7.1845E-06
 2.9854E+25  1.3535E-05  7.0960E+03  7.4643E-05  6.1646E-04  7.1845E-06
 2.9947E+25  1.3545E-05  7.0952E+03  7.4643E-05  6.0824E-04  7.1845E-06
 3.0039E+25  1.3615E-05  7.0945E+03  7.4643E-05  6.0017E-04  7.1845E-06
 3.0132E+25  1.3822E-05  7.0938E+03  7.4643E-05  5.9214E-04  7.1845E-06
 3.0224E+25  1.3767E-05  7.0930E+03  7.4643E-05  5.8420E-04  7.1845E-06
 3.0317E+25  1.3899E-05  7.0923E+03  7.4643E-05  5.7640E-04  7.1845E-06
 3.0409E+25  1.4107E-05  7.0916E+03  7.4643E-05  5.6884E-04  7.1845E-06
 3.0502E+25  1.3997E-05  7.0910E+03  7.4643E-05  5.6146E-04  7.1845E-06
 3.0594E+25  1.4183E-05  7.0903E+03  7.4643E-05  5.5413E-04  7.1845E-06
 3.0687E+25  1.4368E-05  7.0896E+03  7.4643E-05  5.4687E-04  7.1845E-06
 3.0780E+25  1.4259E-05  7.0889E+03  7.4643E-05  5.3968E-04  7.1845E-06
 3.0872E+25  1.4467E-05  7.0883E+03  7.4643E-05  5.3269E-04  7.1845E-06
 3.0965E+25  1.4617E-05  7.0877E+03  7.4643E-05  5.2590E-04  7.1845E-06
 3.1057E+25  1.4540E-05  7.0871E+03  7.4643E-05  5.1920E-04  7.1845E-06
 3.1150E+25  1.4751E-05  7.0864E+03  7.4643E-05  5.1255E-04  7.1845E-06
 3.1242E+25  1.4874E-05  7.0858E+03  7.4643E-05  5.0596E-04  7.1845E-06
 3.1335E+25  1.4821E-05  7.0852E+03  7.4643E-05  4.9947E-04  7.1845E-06
 3.1428E+25  1.5034E-05  7.0846E+03  7.4643E-05  4.9317E-04  7.1845E-06
 3.1520E+25  1.5140E-05  7.0841E+03  7.4643E-05  4.8704E-04  7.1845E-06
 3.1613E+25  1.5102E-05  7.0835E+03  7.4643E-05  4.8096E-04  7.1845E-06
 3.1705E+25  1.5318E-05  7.0829E+03  7.4643E-05  4.7492E-04  7.1845E-06
 3.1798E+25  1.5415E-05  7.0824E+03  7.4643E-05  4.6894E-04  7.1845E-06
 3.1890E+25  1.5383E-05  7.0818E+03  7.4643E-05  4.6306E-04  7.1845E-06
 3.1983E+25  1.5600E-05  7.0813E+03  7.4643E-05  4.5736E-04  7.1845E-06
 3.2076E+25  1.5699E-05  7.0807E+03  7.4643E-05  4.5179E-04  7.1845E-06
 3.2168E+25  1.5663E-05  7.0802E+03  7.4643E-05  4.4627E-04  7.1845E-06
 3.2261E+25  1.5882E-05  7.0797E+03  7.4643E-05  4.4078E-04  7.1845E-06
 3.2353E+25  1.5995E-05  7.0792E+03  7.4643E-05  4.3535E-04  7.1845E-06
 3.2446E+25  1.5942E-05  7.0787E+03  7.4643E-05  4.3001E-04  7.1845E-06
 3.2538E+25  1.6163E-05  7.0782E+03  7.4643E-05  4.2483E-04  7.1845E-06
 3.2631E+25  1.6300E-05  7.0777E+03  7.4643E-05  4.1977E-04  7.1845E-06
 3.2724E+25  1.6221E-05  7.0772E+03  7.4643E-05  4.1475E-04  7.1845E-06
 3.2816E+25  1.6443E-05  7.0767E+03  7.4643E-05  4.0976E-04  7.1845E-06
 3.2909E+25  1.6618E-05  7.0762E+03  7.4643E-05  4.0481E-04  7.1845E-06
 3.3001E+25  1.6500E-05  7.0758E+03  7.4643E-05  3.9994E-04  7.1845E-06
 3.3094E+25  1.6722E-05  7.0753E+03  7.4643E-05  3.9521E-04  7.1845E-06
 3.3186E+25  1.6942E-05  7.0749E+03  7.4643E-05  3.9061E-04  7.1845E-06
 3.3279E+25  1.6782E-05  7.0744E+03  7.4643E-05  3.8604E-04  7.1845E-06
 3.3372E+25  1.7001E-05  7.0740E+03  7.4643E-05  3.8150E-04  7.1845E-06
 3.3464E+25  1.7229E-05  7.0735E+03  7.4643E-05  3.7700E-04  7.1845E-06
 3.3557E+25  1.7112E-05  7.0731E+03  7.4643E-05  3.7254E-04  7.1845E-06
 3.3649E+25  1.7279E-05  7.0727E+03  7.4643E-05  3.6821E-04  7.1845E-06
 3.3742E+25  1.7510E-05  7.0723E+03  7.4643E-05  3.6398E-04  7.1845E-06
 3.3834E+25  1.7461E-05  7.0719E+03  7.4643E-05  3.5984E-04  7.1845E-06
 3.3927E+25  1.7556E-05  7.0715E+03  7.4643E-05  3.5570E-04  7.1845E-06
 3.4020E+25  1.7789E-05  7.0711E+03  7.4643E-05  3.5160E-04  7.1845E-06
 3.4112E+25  1.7825E-05  7.0707E+03  7.4643E-05  3.4753E-04  7.1845E-06
 3.4205E+25  1.7832E-05  7.0703E+03  7.4643E-05  3.4354E-04  7.1845E-06
 3.4297E+25  1.8066E-05  7.0699E+03  7.4643E-05  3.3966E-04  7.1845E-06
 3.4390E+25  1.8202E-05  7.0695E+03  7.4643E-05  3.3587E-04  7.1845E-06
 3.4482E+25  1.8108E-05  7.0691E+03  7.4643E-05  3.3211E-04  7.1845E-06
 3.4575E+25  1.8341E-05  7.0688E+03  7.4643E-05  3.2837E-04  7.1845E-06
 3.4668E+25  1.8575E-05  7.0684E+03  7.4643E-05  3.2465E-04  7.1845E-06
 3.4760E+25  1.8403E-05  7.0680E+03  7.4643E-05  3.2098E-04  7.1845E-06
 3.4853E+25  1.8616E-05  7.0677E+03  7.4643E-05  3.1740E-04  7.1845E-06
 3.4945E+25  1.8855E-05  7.0673E+03  7.4643E-05  3.1390E-04  7.1845E-06
 3.5038E+25  1.8803E-05  7.0670E+03  7.4643E-05  3.1048E-04  7.1845E-06
 3.5130E+25  1.8890E-05  7.0666E+03  7.4643E-05  3.0707E-04  7.1845E-06
 3.5223E+25  1.9131E-05  7.0663E+03  7.4643E-05  3.0369E-04  7.1845E-06
 3.5316E+25  1.9223E-05  7.0659E+03  7.4643E-05  3.0032E-04  7.1845E-06
 3.5408E+25  1.9164E-05  7.0656E+03  7.4643E-05  2.9700E-04  7.1845E-06
 3.5501E+25  1.9404E-05  7.0653E+03  7.4643E-05  2.9376E-04  7.1845E-06
 3.5593E+25  1.9642E-05  7.0650E+03  7.4643E-05  2.9059E-04  7.1845E-06
 3.5686E+25  1.9453E-05  7.0647E+03  7.4643E-05  2.8750E-04  7.1845E-06
 3.5778E+25  1.9676E-05  7.0644E+03  7.4643E-05  2.8441E-04  7.1845E-06
 3.5871E+25  1.9922E-05  7.0640E+03  7.4643E-05  2.8134E-04  7.1845E-06
 3.5964E+25  1.9898E-05  7.0637E+03  7.4643E-05  2.7830E-04  7.1845E-06
 3.6056E+25  1.9949E-05  7.0634E+03  7.4643E-05  2.7528E-04  7.1845E-06
 3.6149E+25  2.0195E-05  7.0631E+03  7.4643E-05  2.7235E-04  7.1845E-06
 3.6241E+25  2.0365E-05  7.0628E+03  7.4643E-05  2.6947E-04  7.1845E-06
 3.6334E+25  2.0221E-05  7.0625E+03  7.4643E-05  2.6666E-04  7.1845E-06
 3.6426E+25  2.0465E-05  7.0622E+03  7.4643E-05  2.6387E-04  7.1845E-06
 3.6519E+25  2.0716E-05  7.0620E+03  7.4643E-05  2.6108E-04  7.1845E-06
 3.6612E+25  2.0626E-05  7.0617E+03  7.4643E-05  2.5831E-04  7.1845E-06
 3.6704E+25  2.0736E-05  7.0614E+03  7.4643E-05  2.5557E-04  7.1845E-06
 3.6797E+25  2.0987E-05  7.0611E+03  7.4643E-05  2.5290E-04  7.1845E-06
 3.6889E+25  2.1127E-05  7.0608E+03  7.4643E-05  2.5027E-04  7.1845E-06
 3.6982E+25  2.1007E-05  7.0606E+03  7.4643E-05  2.4771E-04  7.1845E-06
 3.7074E+25  2.1256E-05  7.0603E+03  7.4643E-05  2.4519E-04  7.1845E-06
 3.7167E+25  2.1511E-05  7.0601E+03  7.4643E-05  2.4266E-04  7.1845E-06
 3.7260E+25  2.1412E-05  7.0598E+03  7.4643E-05  2.4015E-04  7.1845E-06
 3.7352E+25  2.1525E-05  7.0595E+03  7.4643E-05  2.3766E-04  7.1845E-06
 3.7445E+25  2.1780E-05  7.0593E+03  7.4643E-05  2.3520E-04  7.1845E-06
 3.7537E+25  2.1950E-05  7.0590E+03  7.4643E-05  2.3280E-04  7.1845E-06
 3.7630E+25  2.1795E-05  7.0588E+03  7.4643E-05  2.3045E-04  7.1845E-06
 3.7722E+25  2.2047E-05  7.0585E+03  7.4643E-05  2.2816E-04  7.1845E-06
 3.7815E+25  2.2307E-05  7.0583E+03  7.4643E-05  2.2588E-04  7.1845E-06
 3.7908E+25  2.2263E-05  7.0580E+03  7.4643E-05  2.2360E-04  7.1845E-06
 3.8000E+25  2.2316E-05  7.0578E+03  7.4643E-05  2.2133E-04  7.1845E-06
 3.8093E+25  2.2573E-05  7.0576E+03  7.4643E-05  2.1908E-04  7.1845E-06
 3.8185E+25  2.2828E-05  7.0573E+03  7.4643E-05  2.1688E-04  7.1845E-06
 3.8278E+25  2.2595E-05  7.0571E+03  7.4643E-05  2.1472E-04  7.1845E-06
 3.8370E+25  2.2840E-05  7.0569E+03  7.4643E-05  2.1262E-04  7.1845E-06
 3.8463E+25  2.3103E-05  7.0567E+03  7.4643E-05  2.1055E-04  7.1845E-06
 3.8556E+25  2.3183E-05  7.0564E+03  7.4643E-05  2.0848E-04  7.1845E-06
 3.8648E+25  2.3108E-05  7.0562E+03  7.4643E-05  2.0642E-04  7.1845E-06
 3.8741E+25  2.3368E-05  7.0560E+03  7.4643E-05  2.0437E-04  7.1845E-06
 3.8833E+25  2.3636E-05  7.0558E+03  7.4643E-05  2.0234E-04  7.1845E-06
 3.8926E+25  2.3540E-05  7.0556E+03  7.4643E-05  2.0036E-04  7.1845E-06
 3.9018E+25  2.3635E-05  7.0554E+03  7.4643E-05  1.9840E-04  7.1845E-06
 3.9111E+25  2.3899E-05  7.0552E+03  7.4643E-05  1.9651E-04  7.1845E-06
 3.9204E+25  2.4163E-05  7.0550E+03  7.4643E-05  1.9464E-04  7.1845E-06
 3.9296E+25  2.3917E-05  7.0548E+03  7.4643E-05  1.9277E-04  7.1845E-06
 3.9389E+25  2.4164E-05  7.0546E+03  7.4643E-05  1.9090E-04  7.1845E-06
 3.9481E+25  2.4433E-05  7.0544E+03  7.4643E-05  1.8905E-04  7.1845E-06
 3.9574E+25  2.4572E-05  7.0542E+03  7.4643E-05  1.8722E-04  7.1845E-06
 3.9666E+25  2.4430E-05  7.0540E+03  7.4643E-05  1.8542E-04  7.1845E-06
 3.9759E+25  2.4696E-05  7.0538E+03  7.4643E-05  1.8365E-04  7.1845E-06
 3.9852E+25  2.4970E-05  7.0536E+03  7.4643E-05  1.8192E-04  7.1845E-06
 3.9944E+25  2.4979E-05  7.0534E+03  7.4643E-05  1.8024E-04  7.1845E-06
 4.0037E+25  2.4962E-05  7.0532E+03  7.4643E-05  1.7855E-04  7.1845E-06
 4.0129E+25  2.5231E-05  7.0530E+03  7.4643E-05  1.7686E-04  7.1845E-06
 4.0222E+25  2.5509E-05  7.0528E+03  7.4643E-05  1.7519E-04  7.1845E-06
 4.0314E+25  2.5403E-05  7.0527E+03  7.4643E-05  1.7352E-04  7.1845E-06
 4.0407E+25  2.5496E-05  7.0525E+03  7.4643E-05  1.7188E-04  7.1845E-06
 4.0500E+25  2.5769E-05  7.0523E+03  7.4643E-05  1.7028E-04  7.1845E-06
 4.0592E+25  2.6050E-05  7.0521E+03  7.4643E-05  1.6870E-04  7.1845E-06
 4.0685E+25  2.5846E-05  7.0520E+03  7.4643E-05  1.6717E-04  7.1845E-06
 4.0777E+25  2.6033E-05  7.0518E+03  7.4643E-05  1.6564E-04  7.1845E-06
 4.0870E+25  2.6309E-05  7.0516E+03  7.4643E-05  1.6412E-04  7.1845E-06
 4.0962E+25  2.6586E-05  7.0514E+03  7.4643E-05  1.6260E-04  7.1845E-06
 4.1055E+25  2.6313E-05  7.0513E+03  7.4643E-05  1.6110E-04  7.1845E-06
 4.1148E+25  2.6573E-05  7.0511E+03  7.4643E-05  1.5960E-04  7.1845E-06
 4.1240E+25  2.6852E-05  7.0510E+03  7.4643E-05  1.5813E-04  7.1845E-06
 4.1333E+25  2.7088E-05  7.0508E+03  7.4643E-05  1.5669E-04  7.1845E-06
 4.1425E+25  2.6835E-05  7.0506E+03  7.4643E-05  1.5528E-04  7.1845E-06
 4.1518E+25  2.7115E-05  7.0505E+03  7.4643E-05  1.5391E-04  7.1845E-06
 4.1610E+25  2.7397E-05  7.0503E+03  7.4643E-05  1.5253E-04  7.1845E-06
 4.1703E+25  2.7594E-05  7.0502E+03  7.4643E-05  1.5116E-04  7.1845E-06
 4.1796E+25  2.7377E-05  7.0500E+03  7.4643E-05  1.4979E-04  7.1845E-06
 4.1888E+25  2.7659E-05  7.0499E+03  7.4643E-05  1.4843E-04  7.1845E-06
 4.1981E+25  2.7944E-05  7.0497E+03  7.4643E-05  1.4708E-04  7.1845E-06
 4.2073E+25  2.8120E-05  7.0496E+03  7.4643E-05  1.4577E-04  7.1845E-06
 4.2166E+25  2.7921E-05  7.0494E+03  7.4643E-05  1.4447E-04  7.1845E-06
 4.2258E+25  2.8206E-05  7.0493E+03  7.4643E-05  1.4320E-04  7.1845E-06
 4.2351E+25  2.8493E-05  7.0491E+03  7.4643E-05  1.4196E-04  7.1845E-06
 4.2443E+25  2.8668E-05  7.0490E+03  7.4643E-05  1.4072E-04  7.1845E-06
 4.2536E+25  2.8467E-05  7.0488E+03  7.4643E-05  1.3948E-04  7.1845E-06
 4.2629E+25  2.8755E-05  7.0487E+03  7.4643E-05  1.3825E-04  7.1845E-06
 4.2721E+25  2.9045E-05  7.0486E+03  7.4643E-05  1.3702E-04  7.1845E-06
 4.2814E+25  2.9238E-05  7.0484E+03  7.4643E-05  1.3581E-04  7.1845E-06
 4.2906E+25  2.9016E-05  7.0483E+03  7.4643E-05  1.3462E-04  7.1845E-06
 4.2999E+25  2.9307E-05  7.0482E+03  7.4643E-05  1.3344E-04  7.1845E-06
 4.3091E+25  2.9599E-05  7.0480E+03  7.4643E-05  1.3230E-04  7.1845E-06
 4.3184E+25  2.9831E-05  7.0479E+03  7.4643E-05  1.3118E-04  7.1845E-06
 4.3277E+25  2.9569E-05  7.0478E+03  7.4643E-05  1.3006E-04  7.1845E-06
 4.3369E+25  2.9861E-05  7.0476E+03  7.4643E-05  1.2894E-04  7.1845E-06
 4.3462E+25  3.0155E-05  7.0475E+03  7.4643E-05  1.2783E-04  7.1845E-06
 4.3554E+25  3.0442E-05  7.0474E+03  7.4643E-05  1.2672E-04  7.1845E-06
 4.3647E+25  3.0131E-05  7.0472E+03  7.4643E-05  1.2562E-04  7.1845E-06
 4.3739E+25  3.0417E-05  7.0471E+03  7.4643E-05  1.2454E-04  7.1845E-06
 4.3832E+25  3.0715E-05  7.0470E+03  7.4643E-05  1.2348E-04  7.1845E-06
 4.3925E+25  3.1016E-05  7.0469E+03  7.4643E-05  1.2243E-04  7.1845E-06
 4.4017E+25  3.0756E-05  7.0468E+03  7.4643E-05  1.2142E-04  7.1845E-06
 4.4110E+25  3.0975E-05  7.0466E+03  7.4643E-05  1.2041E-04  7.1845E-06
 4.4202E+25  3.1277E-05  7.0465E+03  7.4643E-05  1.1940E-04  7.1845E-06
 4.4295E+25  3.1580E-05  7.0464E+03  7.4643E-05  1.1840E-04  7.1845E-06
 4.4387E+25  3.1420E-05  7.0463E+03  7.4643E-05  1.1740E-04  7.1845E-06
 4.4480E+25  3.1537E-05  7.0462E+03  7.4643E-05  1.1640E-04  7.1845E-06
 4.4573E+25  3.1841E-05  7.0461E+03  7.4643E-05  1.1541E-04  7.1845E-06
 4.4665E+25  3.2145E-05  7.0459E+03  7.4643E-05  1.1445E-04  7.1845E-06
 4.4758E+25  3.2111E-05  7.0458E+03  7.4643E-05  1.1349E-04  7.1845E-06
 4.4850E+25  3.2102E-05  7.0457E+03  7.4643E-05  1.1256E-04  7.1845E-06
 4.4943E+25  3.2408E-05  7.0456E+03  7.4643E-05  1.1166E-04  7.1845E-06
 4.5035E+25  3.2715E-05  7.0455E+03  7.4643E-05  1.1075E-04  7.1845E-06
 4.5128E+25  3.2829E-05  7.0454E+03  7.4643E-05  1.0984E-04  7.1845E-06
 4.5221E+25  3.2671E-05  7.0453E+03  7.4643E-05  1.0894E-04  7.1845E-06
 4.5313E+25  3.2975E-05  7.0452E+03  7.4643E-05  1.0804E-04  7.1845E-06
 4.5406E+25  3.3288E-05  7.0451E+03  7.4643E-05  1.0714E-04  7.1845E-06
 4.5498E+25  3.3574E-05  7.0450E+03  7.4643E-05  1.0625E-04  7.1845E-06
 4.5591E+25  3.3243E-05  7.0449E+03  7.4643E-05  1.0539E-04  7.1845E-06
 4.5683E+25  3.3547E-05  7.0448E+03  7.4643E-05  1.0452E-04  7.1845E-06
 4.5776E+25  3.3862E-05  7.0447E+03  7.4643E-05  1.0369E-04  7.1845E-06
 4.5869E+25  3.4175E-05  7.0445E+03  7.4643E-05  1.0287E-04  7.1845E-06
 4.5961E+25  3.3990E-05  7.0444E+03  7.4643E-05  1.0206E-04  7.1845E-06
 4.6054E+25  3.4125E-05  7.0444E+03  7.4643E-05  1.0124E-04  7.1845E-06
 4.6146E+25  3.4437E-05  7.0443E+03  7.4643E-05  1.0042E-04  7.1845E-06
 4.6239E+25  3.4757E-05  7.0442E+03  7.4643E-05  9.9614E-05  7.1845E-06
 4.6331E+25  3.4792E-05  7.0440E+03  7.4643E-05  9.8808E-05  7.1845E-06
 4.6424E+25  3.4704E-05  7.0440E+03  7.4643E-05  9.8009E-05  7.1845E-06
 4.6517E+25  3.5017E-05  7.0439E+03  7.4643E-05  9.7225E-05  7.1845E-06
 4.6609E+25  3.5340E-05  7.0438E+03  7.4643E-05  9.6445E-05  7.1845E-06
 4.6702E+25  3.5628E-05  7.0437E+03  7.4643E-05  9.5690E-05  7.1845E-06
 4.6794E+25  3.5282E-05  7.0436E+03  7.4643E-05  9.4954E-05  7.1845E-06
 4.6887E+25  3.5603E-05  7.0435E+03  7.4643E-05  9.4219E-05  7.1845E-06
 4.6979E+25  3.5923E-05  7.0434E+03  7.4643E-05  9.3482E-05  7.1845E-06
 4.7072E+25  3.6249E-05  7.0433E+03  7.4643E-05  9.2749E-05  7.1845E-06
 4.7165E+25  3.6112E-05  7.0432E+03  7.4643E-05  9.2019E-05  7.1845E-06
 4.7257E+25  3.6190E-05  7.0431E+03  7.4643E-05  9.1292E-05  7.1845E-06
 4.7350E+25  3.6511E-05  7.0430E+03  7.4643E-05  9.0569E-05  7.1845E-06
 4.7442E+25  3.6841E-05  7.0430E+03  7.4643E-05  8.9860E-05  7.1845E-06
 4.7535E+25  3.7012E-05  7.0429E+03  7.4643E-05  8.9155E-05  7.1845E-06
 4.7627E+25  3.6776E-05  7.0428E+03  7.4643E-05  8.8462E-05  7.1845E-06
 4.7720E+25  3.7106E-05  7.0427E+03  7.4643E-05  8.7796E-05  7.1845E-06
 4.7813E+25  3.7431E-05  7.0426E+03  7.4643E-05  8.7134E-05  7.1845E-06
 4.7905E+25  3.7766E-05  7.0425E+03  7.4643E-05  8.6472E-05  7.1845E-06
 4.7998E+25  3.7547E-05  7.0424E+03  7.4643E-05  8.5811E-05  7.1845E-06
 4.8090E+25  3.7700E-05  7.0424E+03  7.4643E-05  8.5152E-05  7.1845E-06
 4.8183E+25  3.8030E-05  7.0423E+03  7.4643E-05  8.4498E-05  7.1845E-06
 4.8275E+25  3.8365E-05  7.0422E+03  7.4643E-05  8.3844E-05  7.1845E-06
 4.8368E+25  3.8515E-05  7.0421E+03  7.4643E-05  8.3196E-05  7.1845E-06
 4.8461E+25  3.8293E-05  7.0420E+03  7.4643E-05  8.2560E-05  7.1845E-06
 4.8553E+25  3.8634E-05  7.0420E+03  7.4643E-05  8.1926E-05  7.1845E-06
 4.8646E+25  3.8965E-05  7.0419E+03  7.4643E-05  8.1309E-05  7.1845E-06
 4.8738E+25  3.9308E-05  7.0418E+03  7.4643E-05  8.0713E-05  7.1845E-06
 4.8831E+25  3.9105E-05  7.0417E+03  7.4643E-05  8.0118E-05  7.1845E-06
 4.8923E+25  3.9234E-05  7.0417E+03  7.4643E-05  7.9524E-05  7.1845E-06
 4.9016E+25  3.9577E-05  7.0416E+03  7.4643E-05  7.8929E-05  7.1845E-06
 4.9109E+25  3.9912E-05  7.0415E+03  7.4643E-05  7.8337E-05  7.1845E-06
 4.9201E+25  4.0145E-05  7.0414E+03  7.4643E-05  7.7748E-05  7.1845E-06
 4.9294E+25  3.9837E-05  7.0413E+03  7.4643E-05  7.7161E-05  7.1845E-06
 4.9386E+25  4.0185E-05  7.0413E+03  7.4643E-05  7.6578E-05  7.1845E-06
 4.9479E+25  4.0529E-05  7.0412E+03  7.4643E-05  7.6006E-05  7.1845E-06
 4.9571E+25  4.0872E-05  7.0411E+03  7.4643E-05  7.5435E-05  7.1845E-06
 4.9664E+25  4.0798E-05  7.0410E+03  7.4643E-05  7.4879E-05  7.1845E-06
 4.9757E+25  4.0793E-05  7.0410E+03  7.4643E-05  7.4342E-05  7.1845E-06
 4.9849E+25  4.1146E-05  7.0409E+03  7.4643E-05  7.3808E-05  7.1845E-06
 4.9942E+25  4.1491E-05  7.0408E+03  7.4643E-05  7.3274E-05  7.1845E-06
 5.0034E+25  4.1838E-05  7.0408E+03  7.4643E-05  7.2740E-05  7.1845E-06
 5.0127E+25  4.1484E-05  7.0407E+03  7.4643E-05  7.2207E-05  7.1845E-06
 5.0219E+25  4.1760E-05  7.0406E+03  7.4643E-05  7.1677E-05  7.1845E-06
 5.0312E+25  4.2118E-05  7.0406E+03  7.4643E-05  7.1149E-05  7.1845E-06
 5.0405E+25  4.2465E-05  7.0405E+03  7.4643E-05  7.0624E-05  7.1845E-06
 5.0497E+25  4.2628E-05  7.0404E+03  7.4643E-05  7.0106E-05  7.1845E-06
 5.0590E+25  4.2386E-05  7.0404E+03  7.4643E-05  6.9592E-05  7.1845E-06
 5.0682E+25  4.2738E-05  7.0403E+03  7.4643E-05  6.9084E-05  7.1845E-06
 5.0775E+25  4.3100E-05  7.0402E+03  7.4643E-05  6.8599E-05  7.1845E-06
 5.0867E+25  4.3451E-05  7.0402E+03  7.4643E-05  6.8118E-05  7.1845E-06
 5.0960E+25  4.3379E-05  7.0401E+03  7.4643E-05  6.7638E-05  7.1845E-06
 5.1053E+25  4.3370E-05  7.0400E+03  7.4643E-05  6.7158E-05  7.1845E-06
 5.1145E+25  4.3728E-05  7.0400E+03  7.4643E-05  6.6679E-05  7.1845E-06
 5.1238E+25  4.4094E-05  7.0399E+03  7.4643E-05  6.6202E-05  7.1845E-06
 5.1330E+25  4.4447E-05  7.0398E+03  7.4643E-05  6.5727E-05  7.1845E-06
 5.1423E+25  4.4163E-05  7.0398E+03  7.4643E-05  6.5253E-05  7.1845E-06
 5.1515E+25  4.4365E-05  7.0397E+03  7.4643E-05  6.4783E-05  7.1845E-06
 5.1608E+25  4.4729E-05  7.0397E+03  7.4643E-05  6.4320E-05  7.1845E-06
 5.1701E+25  4.5099E-05  7.0396E+03  7.4643E-05  6.3859E-05  7.1845E-06
 5.1793E+25  4.5420E-05  7.0395E+03  7.4643E-05  6.3408E-05  7.1845E-06
 5.1886E+25  4.5017E-05  7.0395E+03  7.4643E-05  6.2974E-05  7.1845E-06
 5.1978E+25  4.5373E-05  7.0394E+03  7.4643E-05  6.2543E-05  7.1845E-06
 5.2071E+25  4.5741E-05  7.0394E+03  7.4643E-05  6.2113E-05  7.1845E-06
 5.2163E+25  4.6116E-05  7.0393E+03  7.4643E-05  6.1681E-05  7.1845E-06
 5.2256E+25  4.6280E-05  7.0392E+03  7.4643E-05  6.1252E-05  7.1845E-06
 5.2349E+25  4.6030E-05  7.0392E+03  7.4643E-05  6.0823E-05  7.1845E-06
 5.2441E+25  4.6393E-05  7.0391E+03  7.4643E-05  6.0397E-05  7.1845E-06
 5.2534E+25  4.6765E-05  7.0391E+03  7.4643E-05  5.9972E-05  7.1845E-06
 5.2626E+25  4.7144E-05  7.0390E+03  7.4643E-05  5.9550E-05  7.1845E-06
 5.2719E+25  4.7175E-05  7.0389E+03  7.4643E-05  5.9134E-05  7.1845E-06
 5.2811E+25  4.7058E-05  7.0389E+03  7.4643E-05  5.8719E-05  7.1845E-06
 5.2904E+25  4.7426E-05  7.0388E+03  7.4643E-05  5.8314E-05  7.1845E-06
 5.2997E+25  4.7800E-05  7.0388E+03  7.4643E-05  5.7925E-05  7.1845E-06
 5.3089E+25  4.8185E-05  7.0387E+03  7.4643E-05  5.7538E-05  7.1845E-06
 5.3182E+25  4.8107E-05  7.0387E+03  7.4643E-05  5.7152E-05  7.1845E-06
 5.3274E+25  4.8098E-05  7.0386E+03  7.4643E-05  5.6764E-05  7.1845E-06
 5.3367E+25  4.8472E-05  7.0386E+03  7.4643E-05  5.6378E-05  7.1845E-06
 5.3459E+25  4.8848E-05  7.0385E+03  7.4643E-05  5.5994E-05  7.1845E-06
 5.3552E+25  4.9238E-05  7.0384E+03  7.4643E-05  5.5611E-05  7.1845E-06
 5.3645E+25  4.9079E-05  7.0384E+03  7.4643E-05  5.5229E-05  7.1845E-06
 5.3737E+25  4.9151E-05  7.0383E+03  7.4643E-05  5.4848E-05  7.1845E-06
 5.3830E+25  4.9531E-05  7.0383E+03  7.4643E-05  5.4474E-05  7.1845E-06
 5.3922E+25  4.9909E-05  7.0382E+03  7.4643E-05  5.4101E-05  7.1845E-06
 5.4015E+25  5.0304E-05  7.0382E+03  7.4643E-05  5.3731E-05  7.1845E-06
 5.4107E+25  5.0091E-05  7.0381E+03  7.4643E-05  5.3379E-05  7.1845E-06
 5.4200E+25  5.0217E-05  7.0381E+03  7.4643E-05  5.3032E-05  7.1845E-06
 5.4292E+25  5.0604E-05  7.0380E+03  7.4643E-05  5.2685E-05  7.1845E-06
 5.4385E+25  5.0984E-05  7.0380E+03  7.4643E-05  5.2338E-05  7.1845E-06
 5.4478E+25  5.1383E-05  7.0379E+03  7.4643E-05  5.1991E-05  7.1845E-06
 5.4570E+25  5.1144E-05  7.0379E+03  7.4643E-05  5.1646E-05  7.1845E-06
 5.4663E+25  5.1296E-05  7.0378E+03  7.4643E-05  5.1302E-05  7.1845E-06
 5.4755E+25  5.1690E-05  7.0378E+03  7.4643E-05  5.0958E-05  7.1845E-06
 5.4848E+25  5.2075E-05  7.0377E+03  7.4643E-05  5.0615E-05  7.1845E-06
 5.4940E+25  5.2474E-05  7.0377E+03  7.4643E-05  5.0276E-05  7.1845E-06
 5.5033E+25  5.2239E-05  7.0376E+03  7.4643E-05  4.9940E-05  7.1845E-06
 5.5126E+25  5.2389E-05  7.0376E+03  7.4643E-05  4.9605E-05  7.1845E-06
 5.5218E+25  5.2789E-05  7.0375E+03  7.4643E-05  4.9278E-05  7.1845E-06
 5.5311E+25  5.3183E-05  7.0375E+03  7.4643E-05  4.8965E-05  7.1845E-06
 5.5403E+25  5.3578E-05  7.0374E+03  7.4643E-05  4.8653E-05  7.1845E-06
 5.5496E+25  5.3374E-05  7.0374E+03  7.4643E-05  4.8342E-05  7.1845E-06
 5.5588E+25  5.3502E-05  7.0374E+03  7.4643E-05  4.8031E-05  7.1845E-06
 5.5681E+25  5.3903E-05  7.0373E+03  7.4643E-05  4.7720E-05  7.1845E-06
 5.5774E+25  5.4303E-05  7.0373E+03  7.4643E-05  4.7411E-05  7.1845E-06
 5.5866E+25  5.4699E-05  7.0372E+03  7.4643E-05  4.7102E-05  7.1845E-06
 5.5959E+25  5.4551E-05  7.0372E+03  7.4643E-05  4.6794E-05  7.1845E-06
 5.6051E+25  5.4631E-05  7.0371E+03  7.4643E-05  4.6487E-05  7.1845E-06
 5.6144E+25  5.5028E-05  7.0371E+03  7.4643E-05  4.6183E-05  7.1845E-06
 5.6236E+25  5.5439E-05  7.0370E+03  7.4643E-05  4.5881E-05  7.1845E-06
 5.6329E+25  5.5839E-05  7.0370E+03  7.4643E-05  4.5579E-05  7.1845E-06
 5.6422E+25  5.5772E-05  7.0369E+03  7.4643E-05  4.5286E-05  7.1845E-06
 5.6514E+25  5.5775E-05  7.0369E+03  7.4643E-05  4.5004E-05  7.1845E-06
 5.6607E+25  5.6171E-05  7.0369E+03  7.4643E-05  4.4725E-05  7.1845E-06
 5.6699E+25  5.6587E-05  7.0368E+03  7.4643E-05  4.4447E-05  7.1845E-06
 5.6792E+25  5.6998E-05  7.0368E+03  7.4643E-05  4.4168E-05  7.1845E-06
 5.6884E+25  5.7037E-05  7.0367E+03  7.4643E-05  4.3889E-05  7.1845E-06
 5.6977E+25  5.6930E-05  7.0367E+03  7.4643E-05  4.3611E-05  7.1845E-06
 5.7070E+25  5.7337E-05  7.0366E+03  7.4643E-05  4.3334E-05  7.1845E-06
 5.7162E+25  5.7750E-05  7.0366E+03  7.4643E-05  4.3058E-05  7.1845E-06
 5.7255E+25  5.8169E-05  7.0365E+03  7.4643E-05  4.2782E-05  7.1845E-06
 5.7347E+25  5.8354E-05  7.0365E+03  7.4643E-05  4.2508E-05  7.1845E-06
 5.7440E+25  5.8099E-05  7.0365E+03  7.4643E-05  4.2237E-05  7.1845E-06
 5.7532E+25  5.8521E-05  7.0364E+03  7.4643E-05  4.1966E-05  7.1845E-06
 5.7625E+25  5.8927E-05  7.0364E+03  7.4643E-05  4.1699E-05  7.1845E-06
 5.7718E+25  5.9355E-05  7.0363E+03  7.4643E-05  4.1443E-05  7.1845E-06
 5.7810E+25  5.9722E-05  7.0363E+03  7.4643E-05  4.1191E-05  7.1845E-06
 5.7903E+25  5.9286E-05  7.0363E+03  7.4643E-05  4.0942E-05  7.1845E-06
 5.7995E+25  5.9714E-05  7.0362E+03  7.4643E-05  4.0693E-05  7.1845E-06
 5.8088E+25  6.0132E-05  7.0362E+03  7.4643E-05  4.0442E-05  7.1845E-06
 5.8180E+25  6.0556E-05  7.0361E+03  7.4643E-05  4.0193E-05  7.1845E-06
 5.8273E+25  6.0984E-05  7.0361E+03  7.4643E-05  3.9944E-05  7.1845E-06
 5.8366E+25  6.0648E-05  7.0361E+03  7.4643E-05  3.9696E-05  7.1845E-06
 5.8458E+25  6.0922E-05  7.0360E+03  7.4643E-05  3.9449E-05  7.1845E-06
 5.8551E+25  6.1356E-05  7.0360E+03  7.4643E-05  3.9202E-05  7.1845E-06
 5.8643E+25  6.1773E-05  7.0359E+03  7.4643E-05  3.8957E-05  7.1845E-06
 5.8736E+25  6.2212E-05  7.0359E+03  7.4643E-05  3.8714E-05  7.1845E-06
 5.8828E+25  6.2112E-05  7.0359E+03  7.4643E-05  3.8472E-05  7.1845E-06
 5.8921E+25  6.2149E-05  7.0358E+03  7.4643E-05  3.8233E-05  7.1845E-06
 5.9014E+25  6.2588E-05  7.0358E+03  7.4643E-05  3.8006E-05  7.1845E-06
 5.9106E+25  6.3022E-05  7.0357E+03  7.4643E-05  3.7781E-05  7.1845E-06
 5.9199E+25  6.3451E-05  7.0357E+03  7.4643E-05  3.7558E-05  7.1845E-06
 5.9291E+25  6.3623E-05  7.0357E+03  7.4643E-05  3.7334E-05  7.1845E-06
 5.9384E+25  6.3407E-05  7.0356E+03  7.4643E-05  3.7110E-05  7.1845E-06
 5.9476E+25  6.3836E-05  7.0356E+03  7.4643E-05  3.6886E-05  7.1845E-06
 5.9569E+25  6.4283E-05  7.0355E+03  7.4643E-05  3.6664E-05  7.1845E-06
 5.9662E+25  6.4716E-05  7.0355E+03  7.4643E-05  3.6442E-05  7.1845E-06
 5.9754E+25  6.5141E-05  7.0355E+03  7.4643E-05  3.6220E-05  7.1845E-06
 5.9847E+25  6.4720E-05  7.0354E+03  7.4643E-05  3.5999E-05  7.1845E-06
 5.9939E+25  6.5114E-05  7.0354E+03  7.4643E-05  3.5779E-05  7.1845E-06
 6.0032E+25  6.5557E-05  7.0354E+03  7.4643E-05  3.5561E-05  7.1845E-06
 6.0124E+25  6.6010E-05  7.0353E+03  7.4643E-05  3.5343E-05  7.1845E-06
 6.0217E+25  6.6442E-05  7.0353E+03  7.4643E-05  3.5128E-05  7.1845E-06
 6.0310E+25  6.6311E-05  7.0353E+03  7.4643E-05  3.4924E-05  7.1845E-06
 6.0402E+25  6.6416E-05  7.0352E+03  7.4643E-05  3.4721E-05  7.1845E-06
 6.0495E+25  6.6854E-05  7.0352E+03  7.4643E-05  3.4521E-05  7.1845E-06
 6.0587E+25  6.7308E-05  7.0351E+03  7.4643E-05  3.4322E-05  7.1845E-06
 6.0680E+25  6.7763E-05  7.0351E+03  7.4643E-05  3.4121E-05  7.1845E-06
 6.0772E+25  6.7965E-05  7.0351E+03  7.4643E-05  3.3921E-05  7.1845E-06
 6.0865E+25  6.7735E-05  7.0350E+03  7.4643E-05  3.3721E-05  7.1845E-06
 6.0958E+25  6.8184E-05  7.0350E+03  7.4643E-05  3.3522E-05  7.1845E-06
 6.1050E+25  6.8629E-05  7.0350E+03  7.4643E-05  3.3323E-05  7.1845E-06
 6.1143E+25  6.9092E-05  7.0349E+03  7.4643E-05  3.3125E-05  7.1845E-06
 6.1235E+25  6.9543E-05  7.0349E+03  7.4643E-05  3.2927E-05  7.1845E-06
 6.1328E+25  6.9211E-05  7.0349E+03  7.4643E-05  3.2731E-05  7.1845E-06
 6.1420E+25  6.9530E-05  7.0348E+03  7.4643E-05  3.2536E-05  7.1845E-06
 6.1513E+25  6.9986E-05  7.0348E+03  7.4643E-05  3.2341E-05  7.1845E-06
 6.1606E+25  7.0438E-05  7.0348E+03  7.4643E-05  3.2152E-05  7.1845E-06
 6.1698E+25  7.0908E-05  7.0347E+03  7.4643E-05  3.1971E-05  7.1845E-06
 6.1791E+25  7.0974E-05  7.0347E+03  7.4643E-05  3.1790E-05  7.1845E-06
 6.1883E+25  7.0896E-05  7.0347E+03  7.4643E-05  3.1612E-05  7.1845E-06
 6.1976E+25  7.1359E-05  7.0346E+03  7.4643E-05  3.1432E-05  7.1845E-06
 6.2068E+25  7.1822E-05  7.0346E+03  7.4643E-05  3.1253E-05  7.1845E-06
 6.2161E+25  7.2282E-05  7.0346E+03  7.4643E-05  3.1074E-05  7.1845E-06
 6.2254E+25  7.2741E-05  7.0345E+03  7.4643E-05  3.0896E-05  7.1845E-06
 6.2346E+25  7.2342E-05  7.0345E+03  7.4643E-05  3.0717E-05  7.1845E-06
 6.2439E+25  7.2756E-05  7.0345E+03  7.4643E-05  3.0540E-05  7.1845E-06
 6.2531E+25  7.3224E-05  7.0344E+03  7.4643E-05  3.0362E-05  7.1845E-06
 6.2624E+25  7.3693E-05  7.0344E+03  7.4643E-05  3.0185E-05  7.1845E-06
 6.2716E+25  7.4161E-05  7.0344E+03  7.4643E-05  3.0009E-05  7.1845E-06
 6.2809E+25  7.4210E-05  7.0343E+03  7.4643E-05  2.9834E-05  7.1845E-06
 6.2902E+25  7.4170E-05  7.0343E+03  7.4643E-05  2.9660E-05  7.1845E-06
 6.2994E+25  7.4651E-05  7.0342E+03  7.4643E-05  2.9491E-05  7.1845E-06
 6.3087E+25  7.5125E-05  7.0342E+03  7.4643E-05  2.9328E-05  7.1845E-06
 6.3179E+25  7.5601E-05  7.0342E+03  7.4643E-05  2.9166E-05  7.1845E-06
 6.3272E+25  7.6059E-05  7.0342E+03  7.4643E-05  2.9007E-05  7.1845E-06
 6.3364E+25  7.5698E-05  7.0341E+03  7.4643E-05  2.8847E-05  7.1845E-06
 6.3457E+25  7.6094E-05  7.0341E+03  7.4643E-05  2.8686E-05  7.1845E-06
 6.3550E+25  7.6583E-05  7.0341E+03  7.4643E-05  2.8526E-05  7.1845E-06
 6.3642E+25  7.7063E-05  7.0340E+03  7.4643E-05  2.8366E-05  7.1845E-06
 6.3735E+25  7.7547E-05  7.0340E+03  7.4643E-05  2.8207E-05  7.1845E-06
 6.3827E+25  7.7658E-05  7.0340E+03  7.4643E-05  2.8048E-05  7.1845E-06
 6.3920E+25  7.7586E-05  7.0339E+03  7.4643E-05  2.7889E-05  7.1845E-06
 6.4012E+25  7.8058E-05  7.0339E+03  7.4643E-05  2.7730E-05  7.1845E-06
 6.4105E+25  7.8553E-05  7.0339E+03  7.4643E-05  2.7573E-05  7.1845E-06
 6.4198E+25  7.9040E-05  7.0338E+03  7.4643E-05  2.7416E-05  7.1845E-06
 6.4290E+25  7.9528E-05  7.0338E+03  7.4643E-05  2.7259E-05  7.1845E-06
 6.4383E+25  7.9257E-05  7.0338E+03  7.4643E-05  2.7105E-05  7.1845E-06
 6.4475E+25  7.9582E-05  7.0337E+03  7.4643E-05  2.6958E-05  7.1845E-06
 6.4568E+25  8.0061E-05  7.0337E+03  7.4643E-05  2.6812E-05  7.1845E-06
 6.4660E+25  8.0563E-05  7.0337E+03  7.4643E-05  2.6669E-05  7.1845E-06
 6.4753E+25  8.1056E-05  7.0336E+03  7.4643E-05  2.6526E-05  7.1845E-06
 6.4846E+25  8.1354E-05  7.0336E+03  7.4643E-05  2.6383E-05  7.1845E-06
 6.4938E+25  8.1118E-05  7.0336E+03  7.4643E-05  2.6239E-05  7.1845E-06
 6.5031E+25  8.1618E-05  7.0335E+03  7.4643E-05  2.6096E-05  7.1845E-06
 6.5123E+25  8.2105E-05  7.0335E+03  7.4643E-05  2.5954E-05  7.1845E-06
 6.5216E+25  8.2613E-05  7.0335E+03  7.4643E-05  2.5811E-05  7.1845E-06
 6.5308E+25  8.3113E-05  7.0334E+03  7.4643E-05  2.5669E-05  7.1845E-06
 6.5401E+25  8.3078E-05  7.0334E+03  7.4643E-05  2.5526E-05  7.1845E-06
 6.5494E+25  8.3191E-05  7.0334E+03  7.4643E-05  2.5385E-05  7.1845E-06
 6.5586E+25  8.3695E-05  7.0334E+03  7.4643E-05  2.5244E-05  7.1845E-06
 6.5679E+25  8.4192E-05  7.0333E+03  7.4643E-05  2.5103E-05  7.1845E-06
 6.5771E+25  8.4703E-05  7.0333E+03  7.4643E-05  2.4963E-05  7.1845E-06
 6.5864E+25  8.5197E-05  7.0333E+03  7.4643E-05  2.4826E-05  7.1845E-06
 6.5956E+25  8.4887E-05  7.0332E+03  7.4643E-05  2.4695E-05  7.1845E-06
 6.6049E+25  8.5306E-05  7.0332E+03  7.4643E-05  2.4565E-05  7.1845E-06
 6.6142E+25  8.5815E-05  7.0332E+03  7.4643E-05  2.4437E-05  7.1845E-06
 6.6234E+25  8.6323E-05  7.0331E+03  7.4643E-05  2.4310E-05  7.1845E-06
 6.6327E+25  8.6836E-05  7.0331E+03  7.4643E-05  2.4181E-05  7.1845E-06
 6.6419E+25  8.7129E-05  7.0331E+03  7.4643E-05  2.4053E-05  7.1845E-06
 6.6512E+25  8.6960E-05  7.0331E+03  7.4643E-05  2.3925E-05  7.1845E-06
 6.6604E+25  8.7469E-05  7.0330E+03  7.4643E-05  2.3797E-05  7.1845E-06
 6.6697E+25  8.7980E-05  7.0330E+03  7.4643E-05  2.3670E-05  7.1845E-06
 6.6789E+25  8.8499E-05  7.0329E+03  7.4643E-05  2.3543E-05  7.1845E-06
 6.6882E+25  8.9011E-05  7.0329E+03  7.4643E-05  2.3416E-05  7.1845E-06
 6.6975E+25  8.9054E-05  7.0329E+03  7.4643E-05  2.3288E-05  7.1845E-06
 6.7067E+25  8.9155E-05  7.0329E+03  7.4643E-05  2.3163E-05  7.1845E-06
 6.7160E+25  8.9678E-05  7.0328E+03  7.4643E-05  2.3037E-05  7.1845E-06
 6.7252E+25  9.0192E-05  7.0328E+03  7.4643E-05  2.2911E-05  7.1845E-06
 6.7345E+25  9.0719E-05  7.0328E+03  7.4643E-05  2.2787E-05  7.1845E-06
 6.7437E+25  9.1229E-05  7.0327E+03  7.4643E-05  2.2669E-05  7.1845E-06
 6.7530E+25  9.1054E-05  7.0327E+03  7.4643E-05  2.2552E-05  7.1845E-06
 6.7623E+25  9.1400E-05  7.0327E+03  7.4643E-05  2.2437E-05  7.1845E-06
 6.7715E+25  9.1932E-05  7.0327E+03  7.4643E-05  2.2324E-05  7.1845E-06
 6.7808E+25  9.2452E-05  7.0326E+03  7.4643E-05  2.2209E-05  7.1845E-06
 6.7900E+25  9.2983E-05  7.0326E+03  7.4643E-05  2.2094E-05  7.1845E-06
 6.7993E+25  9.3452E-05  7.0326E+03  7.4643E-05  2.1980E-05  7.1845E-06
 6.8085E+25  9.3173E-05  7.0325E+03  7.4643E-05  2.1866E-05  7.1845E-06
 6.8178E+25  9.3695E-05  7.0325E+03  7.4643E-05  2.1752E-05  7.1845E-06
 6.8271E+25  9.4233E-05  7.0325E+03  7.4643E-05  2.1638E-05  7.1845E-06
 6.8363E+25  9.4762E-05  7.0324E+03  7.4643E-05  2.1524E-05  7.1845E-06
 6.8456E+25  9.5295E-05  7.0324E+03  7.4643E-05  2.1410E-05  7.1845E-06
 6.8548E+25  9.5596E-05  7.0324E+03  7.4643E-05  2.1297E-05  7.1845E-06
 6.8641E+25  9.5494E-05  7.0324E+03  7.4643E-05  2.1184E-05  7.1845E-06
 6.8733E+25  9.6040E-05  7.0323E+03  7.4643E-05  2.1072E-05  7.1845E-06
 6.8826E+25  9.6578E-05  7.0323E+03  7.4643E-05  2.0959E-05  7.1845E-06
 6.8919E+25  9.7124E-05  7.0322E+03  7.4643E-05  2.0850E-05  7.1845E-06
 6.9011E+25  9.7658E-05  7.0322E+03  7.4643E-05  2.0745E-05  7.1845E-06
 6.9104E+25  9.7806E-05  7.0322E+03  7.4643E-05  2.0641E-05  7.1845E-06
 6.9196E+25  9.7879E-05  7.0322E+03  7.4643E-05  2.0538E-05  7.1845E-06
 6.9289E+25  9.8433E-05  7.0321E+03  7.4643E-05  2.0437E-05  7.1845E-06
 6.9381E+25  9.8978E-05  7.0321E+03  7.4643E-05  2.0334E-05  7.1845E-06
 6.9474E+25  9.9534E-05  7.0321E+03  7.4643E-05  2.0232E-05  7.1845E-06
 6.9567E+25  1.0007E-04  7.0320E+03  7.4643E-05  2.0130E-05  7.1845E-06
 6.9659E+25  1.0009E-04  7.0320E+03  7.4643E-05  2.0028E-05  7.1845E-06
 6.9752E+25  1.0032E-04  7.0320E+03  7.4643E-05  1.9926E-05  7.1845E-06
 6.9844E+25  1.0088E-04  7.0320E+03  7.4643E-05  1.9825E-05  7.1845E-06
 6.9937E+25  1.0143E-04  7.0319E+03  7.4643E-05  1.9723E-05  7.1845E-06
 7.0029E+25  1.0199E-04  7.0319E+03  7.4643E-05  1.9621E-05  7.1845E-06
 7.0122E+25  1.0254E-04  7.0319E+03  7.4643E-05  1.9520E-05  7.1845E-06
 7.0215E+25  1.0245E-04  7.0319E+03  7.4643E-05  1.9419E-05  7.1845E-06
 7.0307E+25  1.0282E-04  7.0318E+03  7.4643E-05  1.9318E-05  7.1845E-06
 7.0400E+25  1.0337E-04  7.0318E+03  7.4643E-05  1.9217E-05  7.1845E-06
 7.0492E+25  1.0394E-04  7.0317E+03  7.4643E-05  1.9119E-05  7.1845E-06
 7.0585E+25  1.0450E-04  7.0317E+03  7.4643E-05  1.9025E-05  7.1845E-06
 7.0677E+25  1.0506E-04  7.0317E+03  7.4643E-05  1.8931E-05  7.1845E-06
 7.0770E+25  1.0491E-04  7.0317E+03  7.4643E-05  1.8839E-05  7.1845E-06
 7.0863E+25  1.0537E-04  7.0316E+03  7.4643E-05  1.8748E-05  7.1845E-06
 7.0955E+25  1.0593E-04  7.0316E+03  7.4643E-05  1.8657E-05  7.1845E-06
 7.1048E+25  1.0650E-04  7.0315E+03  7.4643E-05  1.8565E-05  7.1845E-06
 7.1140E+25  1.0707E-04  7.0315E+03  7.4643E-05  1.8474E-05  7.1845E-06
 7.1233E+25  1.0761E-04  7.0315E+03  7.4643E-05  1.8383E-05  7.1845E-06
 7.1325E+25  1.0745E-04  7.0315E+03  7.4643E-05  1.8292E-05  7.1845E-06
 7.1418E+25  1.0798E-04  7.0314E+03  7.4643E-05  1.8201E-05  7.1845E-06
 7.1511E+25  1.0855E-04  7.0314E+03  7.4643E-05  1.8111E-05  7.1845E-06
 7.1603E+25  1.0911E-04  7.0314E+03  7.4643E-05  1.8020E-05  7.1845E-06
 7.1696E+25  1.0970E-04  7.0313E+03  7.4643E-05  1.7929E-05  7.1845E-06
 7.1788E+25  1.1021E-04  7.0313E+03  7.4643E-05  1.7838E-05  7.1845E-06
 7.1881E+25  1.1009E-04  7.0313E+03  7.4643E-05  1.7748E-05  7.1845E-06
 7.1973E+25  1.1065E-04  7.0313E+03  7.4643E-05  1.7658E-05  7.1845E-06
 7.2066E+25  1.1122E-04  7.0312E+03  7.4643E-05  1.7568E-05  7.1845E-06
 7.2159E+25  1.1179E-04  7.0312E+03  7.4643E-05  1.7482E-05  7.1845E-06
 7.2251E+25  1.1238E-04  7.0311E+03  7.4643E-05  1.7398E-05  7.1845E-06
 7.2344E+25  1.1286E-04  7.0311E+03  7.4643E-05  1.7314E-05  7.1845E-06
 7.2436E+25  1.1280E-04  7.0311E+03  7.4643E-05  1.7233E-05  7.1845E-06
 7.2529E+25  1.1339E-04  7.0311E+03  7.4643E-05  1.7152E-05  7.1845E-06
 7.2621E+25  1.1396E-04  7.0310E+03  7.4643E-05  1.7070E-05  7.1845E-06
 7.2714E+25  1.1454E-04  7.0310E+03  7.4643E-05  1.6989E-05  7.1845E-06
 7.2807E+25  1.1512E-04  7.0310E+03  7.4643E-05  1.6907E-05  7.1845E-06
 7.2899E+25  1.1558E-04  7.0309E+03  7.4643E-05  1.6826E-05  7.1845E-06
 7.2992E+25  1.1558E-04  7.0309E+03  7.4643E-05  1.6744E-05  7.1845E-06
 7.3084E+25  1.1617E-04  7.0309E+03  7.4643E-05  1.6663E-05  7.1845E-06
 7.3177E+25  1.1676E-04  7.0308E+03  7.4643E-05  1.6582E-05  7.1845E-06
 7.3269E+25  1.1734E-04  7.0308E+03  7.4643E-05  1.6501E-05  7.1845E-06
 7.3362E+25  1.1793E-04  7.0308E+03  7.4643E-05  1.6420E-05  7.1845E-06
 7.3455E+25  1.1839E-04  7.0308E+03  7.4643E-05  1.6339E-05  7.1845E-06
 7.3547E+25  1.1842E-04  7.0307E+03  7.4643E-05  1.6259E-05  7.1845E-06
 7.3640E+25  1.1902E-04  7.0307E+03  7.4643E-05  1.6178E-05  7.1845E-06
 7.3732E+25  1.1962E-04  7.0306E+03  7.4643E-05  1.6098E-05  7.1845E-06
 7.3825E+25  1.2021E-04  7.0306E+03  7.4643E-05  1.6019E-05  7.1845E-06
 7.3917E+25  1.2080E-04  7.0306E+03  7.4643E-05  1.5944E-05  7.1845E-06
 7.4010E+25  1.2127E-04  7.0306E+03  7.4643E-05  1.5869E-05  7.1845E-06
 7.4103E+25  1.2133E-04  7.0305E+03  7.4643E-05  1.5796E-05  7.1845E-06
 7.4195E+25  1.2193E-04  7.0305E+03  7.4643E-05  1.5724E-05  7.1845E-06
 7.4288E+25  1.2254E-04  7.0304E+03  7.4643E-05  1.5651E-05  7.1845E-06
 7.4380E+25  1.2315E-04  7.0304E+03  7.4643E-05  1.5578E-05  7.1845E-06
 7.4473E+25  1.2374E-04  7.0304E+03  7.4643E-05  1.5506E-05  7.1845E-06
 7.4565E+25  1.2424E-04  7.0304E+03  7.4643E-05  1.5433E-05  7.1845E-06
 7.4658E+25  1.2430E-04  7.0303E+03  7.4643E-05  1.5360E-05  7.1845E-06
 7.4751E+25  1.2491E-04  7.0303E+03  7.4643E-05  1.5288E-05  7.1845E-06
 7.4843E+25  1.2552E-04  7.0302E+03  7.4643E-05  1.5216E-05  7.1845E-06
 7.4936E+25  1.2615E-04  7.0302E+03  7.4643E-05  1.5143E-05  7.1845E-06
 7.5028E+25  1.2675E-04  7.0302E+03  7.4643E-05  1.5071E-05  7.1845E-06
 7.5121E+25  1.2728E-04  7.0302E+03  7.4643E-05  1.4998E-05  7.1845E-06
 7.5213E+25  1.2735E-04  7.0301E+03  7.4643E-05  1.4926E-05  7.1845E-06
 7.5306E+25  1.2796E-04  7.0301E+03  7.4643E-05  1.4854E-05  7.1845E-06
 7.5399E+25  1.2857E-04  7.0300E+03  7.4643E-05  1.4782E-05  7.1845E-06
 7.5491E+25  1.2920E-04  7.0300E+03  7.4643E-05  1.4711E-05  7.1845E-06
 7.5584E+25  1.2983E-04  7.0300E+03  7.4643E-05  1.4642E-05  7.1845E-06
 7.5676E+25  1.3039E-04  7.0300E+03  7.4643E-05  1.4575E-05  7.1845E-06
 7.5769E+25  1.3048E-04  7.0299E+03  7.4643E-05  1.4508E-05  7.1845E-06
 7.5861E+25  1.3108E-04  7.0299E+03  7.4643E-05  1.4443E-05  7.1845E-06
 7.5954E+25  1.3170E-04  7.0298E+03  7.4643E-05  1.4379E-05  7.1845E-06
 7.6047E+25  1.3232E-04  7.0298E+03  7.4643E-05  1.4314E-05  7.1845E-06
 7.6139E+25  1.3296E-04  7.0298E+03  7.4643E-05  1.4249E-05  7.1845E-06
 7.6232E+25  1.3357E-04  7.0297E+03  7.4643E-05  1.4184E-05  7.1845E-06
 7.6324E+25  1.3370E-04  7.0297E+03  7.4643E-05  1.4119E-05  7.1845E-06
 7.6417E+25  1.3427E-04  7.0297E+03  7.4643E-05  1.4055E-05  7.1845E-06
 7.6509E+25  1.3489E-04  7.0296E+03  7.4643E-05  1.3990E-05  7.1845E-06
 7.6602E+25  1.3552E-04  7.0296E+03  7.4643E-05  1.3925E-05  7.1845E-06
 7.6695E+25  1.3615E-04  7.0296E+03  7.4643E-05  1.3861E-05  7.1845E-06
 7.6787E+25  1.3678E-04  7.0295E+03  7.4643E-05  1.3796E-05  7.1845E-06
 7.6880E+25  1.3701E-04  7.0295E+03  7.4643E-05  1.3732E-05  7.1845E-06
 7.6972E+25  1.3754E-04  7.0295E+03  7.4643E-05  1.3667E-05  7.1845E-06
 7.7065E+25  1.3816E-04  7.0294E+03  7.4643E-05  1.3603E-05  7.1845E-06
 7.7157E+25  1.3879E-04  7.0294E+03  7.4643E-05  1.3538E-05  7.1845E-06
 7.7250E+25  1.3942E-04  7.0293E+03  7.4643E-05  1.3474E-05  7.1845E-06
 7.7343E+25  1.4006E-04  7.0293E+03  7.4643E-05  1.3412E-05  7.1845E-06
 7.7435E+25  1.4038E-04  7.0293E+03  7.4643E-05  1.3352E-05  7.1845E-06
 7.7528E+25  1.4089E-04  7.0293E+03  7.4643E-05  1.3292E-05  7.1845E-06
 7.7620E+25  1.4151E-04  7.0292E+03  7.4643E-05  1.3234E-05  7.1845E-06
 7.7713E+25  1.4214E-04  7.0292E+03  7.4643E-05  1.3177E-05  7.1845E-06
 7.7805E+25  1.4278E-04  7.0291E+03  7.4643E-05  1.3119E-05  7.1845E-06
 7.7898E+25  1.4341E-04  7.0291E+03  7.4643E-05  1.3061E-05  7.1845E-06
 7.7991E+25  1.4382E-04  7.0291E+03  7.4643E-05  1.3003E-05  7.1845E-06
 7.8083E+25  1.4430E-04  7.0290E+03  7.4643E-05  1.2945E-05  7.1845E-06
 7.8176E+25  1.4494E-04  7.0290E+03  7.4643E-05  1.2888E-05  7.1845E-06
 7.8268E+25  1.4557E-04  7.0290E+03  7.4643E-05  1.2830E-05  7.1845E-06
 7.8361E+25  1.4620E-04  7.0289E+03  7.4643E-05  1.2772E-05  7.1845E-06
 7.8453E+25  1.4685E-04  7.0289E+03  7.4643E-05  1.2715E-05  7.1845E-06
 7.8546E+25  1.4733E-04  7.0289E+03  7.4643E-05  1.2657E-05  7.1845E-06
 7.8638E+25  1.4777E-04  7.0288E+03  7.4643E-05  1.2599E-05  7.1845E-06
 7.8731E+25  1.4843E-04  7.0288E+03  7.4643E-05  1.2542E-05  7.1845E-06
 7.8824E+25  1.4908E-04  7.0287E+03  7.4643E-05  1.2484E-05  7.1845E-06
 7.8916E+25  1.4971E-04  7.0287E+03  7.4643E-05  1.2427E-05  7.1845E-06
 7.9009E+25  1.5035E-04  7.0286E+03  7.4643E-05  1.2369E-05  7.1845E-06
 7.9101E+25  1.5092E-04  7.0286E+03  7.4643E-05  1.2312E-05  7.1845E-06
 7.9194E+25  1.5132E-04  7.0286E+03  7.4643E-05  1.2258E-05  7.1845E-06
 7.9286E+25  1.5198E-04  7.0285E+03  7.4643E-05  1.2204E-05  7.1845E-06
 7.9379E+25  1.5265E-04  7.0285E+03  7.4643E-05  1.2150E-05  7.1845E-06
 7.9472E+25  1.5330E-04  7.0284E+03  7.4643E-05  1.2099E-05  7.1845E-06
 7.9564E+25  1.5394E-04  7.0284E+03  7.4643E-05  1.2048E-05  7.1845E-06
 7.9657E+25  1.5457E-04  7.0284E+03  7.4643E-05  1.1996E-05  7.1845E-06
 7.9749E+25  1.5497E-04  7.0284E+03  7.4643E-05  1.1945E-05  7.1845E-06
 7.9842E+25  1.5561E-04  7.0283E+03  7.4643E-05  1.1893E-05  7.1845E-06
 7.9934E+25  1.5628E-04  7.0283E+03  7.4643E-05  1.1841E-05  7.1845E-06
 8.0027E+25  1.5696E-04  7.0282E+03  7.4643E-05  1.1790E-05  7.1845E-06
 8.0120E+25  1.5761E-04  7.0282E+03  7.4643E-05  1.1738E-05  7.1845E-06
 8.0212E+25  1.5826E-04  7.0281E+03  7.4643E-05  1.1687E-05  7.1845E-06
 8.0305E+25  1.5873E-04  7.0281E+03  7.4643E-05  1.1636E-05  7.1845E-06
 8.0397E+25  1.5934E-04  7.0281E+03  7.4643E-05  1.1584E-05  7.1845E-06
 8.0490E+25  1.5999E-04  7.0280E+03  7.4643E-05  1.1533E-05  7.1845E-06
 8.0582E+25  1.6067E-04  7.0280E+03  7.4643E-05  1.1481E-05  7.1845E-06
 8.0675E+25  1.6135E-04  7.0279E+03  7.4643E-05  1.1430E-05  7.1845E-06
 8.0768E+25  1.6201E-04  7.0279E+03  7.4643E-05  1.1379E-05  7.1845E-06
 8.0860E+25  1.6256E-04  7.0279E+03  7.4643E-05  1.1327E-05  7.1845E-06
 8.0953E+25  1.6314E-04  7.0278E+03  7.4643E-05  1.1276E-05  7.1845E-06
 8.1045E+25  1.6380E-04  7.0278E+03  7.4643E-05  1.1227E-05  7.1845E-06
 8.1138E+25  1.6446E-04  7.0277E+03  7.4643E-05  1.1179E-05  7.1845E-06
 8.1230E+25  1.6514E-04  7.0277E+03  7.4643E-05  1.1131E-05  7.1845E-06
 8.1323E+25  1.6583E-04  7.0276E+03  7.4643E-05  1.1084E-05  7.1845E-06
 8.1416E+25  1.6645E-04  7.0276E+03  7.4643E-05  1.1038E-05  7.1845E-06
 8.1508E+25  1.6703E-04  7.0276E+03  7.4643E-05  1.0993E-05  7.1845E-06
 8.1601E+25  1.6769E-04  7.0275E+03  7.4643E-05  1.0947E-05  7.1845E-06
 8.1693E+25  1.6834E-04  7.0275E+03  7.4643E-05  1.0901E-05  7.1845E-06
 8.1786E+25  1.6901E-04  7.0274E+03  7.4643E-05  1.0855E-05  7.1845E-06
 8.1878E+25  1.6969E-04  7.0274E+03  7.4643E-05  1.0809E-05  7.1845E-06
 8.1971E+25  1.7038E-04  7.0273E+03  7.4643E-05  1.0763E-05  7.1845E-06
 8.2064E+25  1.7100E-04  7.0273E+03  7.4643E-05  1.0717E-05  7.1845E-06
 8.2156E+25  1.7166E-04  7.0273E+03  7.4643E-05  1.0672E-05  7.1845E-06
 8.2249E+25  1.7232E-04  7.0272E+03  7.4643E-05  1.0626E-05  7.1845E-06
 8.2341E+25  1.7298E-04  7.0272E+03  7.4643E-05  1.0580E-05  7.1845E-06
 8.2434E+25  1.7365E-04  7.0271E+03  7.4643E-05  1.0534E-05  7.1845E-06
 8.2526E+25  1.7433E-04  7.0271E+03  7.4643E-05  1.0488E-05  7.1845E-06
 8.2619E+25  1.7503E-04  7.0271E+03  7.4643E-05  1.0442E-05  7.1845E-06
 8.2712E+25  1.7571E-04  7.0270E+03  7.4643E-05  1.0396E-05  7.1845E-06
 8.2804E+25  1.7637E-04  7.0269E+03  7.4643E-05  1.0350E-05  7.1845E-06
 8.2897E+25  1.7704E-04  7.0269E+03  7.4643E-05  1.0305E-05  7.1845E-06
 8.2989E+25  1.7770E-04  7.0269E+03  7.4643E-05  1.0261E-05  7.1845E-06
 8.3082E+25  1.7837E-04  7.0268E+03  7.4643E-05  1.0218E-05  7.1845E-06
 8.3174E+25  1.7908E-04  7.0268E+03  7.4643E-05  1.0175E-05  7.1845E-06
 8.3267E+25  1.7981E-04  7.0267E+03  7.4643E-05  1.0134E-05  7.1845E-06
 8.3360E+25  1.8050E-04  7.0267E+03  7.4643E-05  1.0093E-05  7.1845E-06
 8.3452E+25  1.8116E-04  7.0266E+03  7.4643E-05  1.0052E-05  7.1845E-06
 8.3545E+25  1.8184E-04  7.0266E+03  7.4643E-05  1.0012E-05  7.1845E-06
 8.3637E+25  1.8251E-04  7.0265E+03  7.4643E-05  9.9705E-06  7.1845E-06
 8.3730E+25  1.8318E-04  7.0265E+03  7.4643E-05  9.9296E-06  7.1845E-06
 8.3822E+25  1.8397E-04  7.0265E+03  7.4643E-05  9.8887E-06  7.1845E-06
 8.3915E+25  1.8468E-04  7.0264E+03  7.4643E-05  9.8478E-06  7.1845E-06
 8.4008E+25  1.8537E-04  7.0263E+03  7.4643E-05  9.8070E-06  7.1845E-06
 8.4100E+25  1.8604E-04  7.0263E+03  7.4643E-05  9.7662E-06  7.1845E-06
 8.4193E+25  1.8672E-04  7.0262E+03  7.4643E-05  9.7254E-06  7.1845E-06
 8.4285E+25  1.8740E-04  7.0262E+03  7.4643E-05  9.6844E-06  7.1845E-06
 8.4378E+25  1.8818E-04  7.0262E+03  7.4643E-05  9.6434E-06  7.1845E-06
 8.4470E+25  1.8892E-04  7.0261E+03  7.4643E-05  9.6025E-06  7.1845E-06
 8.4563E+25  1.8962E-04  7.0261E+03  7.4643E-05  9.5616E-06  7.1845E-06
 8.4656E+25  1.9032E-04  7.0260E+03  7.4643E-05  9.5207E-06  7.1845E-06
 8.4748E+25  1.9100E-04  7.0260E+03  7.4643E-05  9.4799E-06  7.1845E-06
 8.4841E+25  1.9167E-04  7.0259E+03  7.4643E-05  9.4391E-06  7.1845E-06
 8.4933E+25  1.9243E-04  7.0259E+03  7.4643E-05  9.3992E-06  7.1845E-06
 8.5026E+25  1.9328E-04  7.0258E+03  7.4643E-05  9.3607E-06  7.1845E-06
 8.5118E+25  1.9394E-04  7.0258E+03  7.4643E-05  9.3224E-06  7.1845E-06
 8.5211E+25  1.9464E-04  7.0257E+03  7.4643E-05  9.2843E-06  7.1845E-06
 8.5304E+25  1.9534E-04  7.0257E+03  7.4643E-05  9.2479E-06  7.1845E-06
 8.5396E+25  1.9604E-04  7.0256E+03  7.4643E-05  9.2119E-06  7.1845E-06
 8.5489E+25  1.9672E-04  7.0256E+03  7.4643E-05  9.1756E-06  7.1845E-06
 8.5581E+25  1.9766E-04  7.0255E+03  7.4643E-05  9.1390E-06  7.1845E-06
 8.5674E+25  1.9838E-04  7.0255E+03  7.4643E-05  9.1026E-06  7.1845E-06
 8.5766E+25  1.9904E-04  7.0254E+03  7.4643E-05  9.0661E-06  7.1845E-06
 8.5859E+25  1.9973E-04  7.0254E+03  7.4643E-05  9.0297E-06  7.1845E-06
 8.5952E+25  2.0044E-04  7.0253E+03  7.4643E-05  8.9933E-06  7.1845E-06
 8.6044E+25  2.0115E-04  7.0253E+03  7.4643E-05  8.9569E-06  7.1845E-06
 8.6137E+25  2.0199E-04  7.0252E+03  7.4643E-05  8.9206E-06  7.1845E-06
 8.6229E+25  2.0288E-04  7.0252E+03  7.4643E-05  8.8842E-06  7.1845E-06
 8.6322E+25  2.0356E-04  7.0251E+03  7.4643E-05  8.8476E-06  7.1845E-06
 8.6414E+25  2.0423E-04  7.0251E+03  7.4643E-05  8.8111E-06  7.1845E-06
 8.6507E+25  2.0490E-04  7.0250E+03  7.4643E-05  8.7746E-06  7.1845E-06
 8.6600E+25  2.0560E-04  7.0249E+03  7.4643E-05  8.7382E-06  7.1845E-06
 8.6692E+25  2.0635E-04  7.0249E+03  7.4643E-05  8.7017E-06  7.1845E-06
 8.6785E+25  2.0741E-04  7.0249E+03  7.4643E-05  8.6653E-06  7.1845E-06
 8.6877E+25  2.0811E-04  7.0248E+03  7.4643E-05  8.6289E-06  7.1845E-06
 8.6970E+25  2.0881E-04  7.0247E+03  7.4643E-05  8.5932E-06  7.1845E-06
 8.7062E+25  2.0948E-04  7.0247E+03  7.4643E-05  8.5589E-06  7.1845E-06
 8.7155E+25  2.1014E-04  7.0246E+03  7.4643E-05  8.5247E-06  7.1845E-06
 8.7248E+25  2.1084E-04  7.0246E+03  7.4643E-05  8.4906E-06  7.1845E-06
 8.7340E+25  2.1181E-04  7.0245E+03  7.4643E-05  8.4579E-06  7.1845E-06
 8.7433E+25  2.1276E-04  7.0245E+03  7.4643E-05  8.4258E-06  7.1845E-06
 8.7525E+25  2.1341E-04  7.0244E+03  7.4643E-05  8.3936E-06  7.1845E-06
 8.7618E+25  2.1411E-04  7.0244E+03  7.4643E-05  8.3611E-06  7.1845E-06
 8.7710E+25  2.1478E-04  7.0243E+03  7.4643E-05  8.3286E-06  7.1845E-06
 8.7803E+25  2.1546E-04  7.0243E+03  7.4643E-05  8.2961E-06  7.1845E-06
 8.7896E+25  2.1618E-04  7.0242E+03  7.4643E-05  8.2637E-06  7.1845E-06
 8.7988E+25  2.1737E-04  7.0242E+03  7.4643E-05  8.2313E-06  7.1845E-06
 8.8081E+25  2.1812E-04  7.0241E+03  7.4643E-05  8.1989E-06  7.1845E-06
 8.8173E+25  2.1879E-04  7.0240E+03  7.4643E-05  8.1666E-06  7.1845E-06
 8.8266E+25  2.1946E-04  7.0240E+03  7.4643E-05  8.1341E-06  7.1845E-06
 8.8358E+25  2.2015E-04  7.0239E+03  7.4643E-05  8.1016E-06  7.1845E-06
 8.8451E+25  2.2083E-04  7.0239E+03  7.4643E-05  8.0690E-06  7.1845E-06
 8.8544E+25  2.2179E-04  7.0238E+03  7.4643E-05  8.0365E-06  7.1845E-06
 8.8636E+25  2.2282E-04  7.0238E+03  7.4643E-05  8.0040E-06  7.1845E-06
 8.8729E+25  2.2352E-04  7.0237E+03  7.4643E-05  7.9715E-06  7.1845E-06
 8.8821E+25  2.2422E-04  7.0236E+03  7.4643E-05  7.9390E-06  7.1845E-06
 8.8914E+25  2.2487E-04  7.0236E+03  7.4643E-05  7.9066E-06  7.1845E-06
 8.9006E+25  2.2556E-04  7.0235E+03  7.4643E-05  7.8741E-06  7.1845E-06
 8.9099E+25  2.2629E-04  7.0235E+03  7.4643E-05  7.8429E-06  7.1845E-06
 8.9192E+25  2.2751E-04  7.0234E+03  7.4643E-05  7.8123E-06  7.1845E-06
 8.9284E+25  2.2829E-04  7.0234E+03  7.4643E-05  7.7817E-06  7.1845E-06
 8.9377E+25  2.2898E-04  7.0233E+03  7.4643E-05  7.7514E-06  7.1845E-06
 8.9469E+25  2.2967E-04  7.0232E+03  7.4643E-05  7.7227E-06  7.1845E-06
 8.9562E+25  2.3034E-04  7.0232E+03  7.4643E-05  7.6942E-06  7.1845E-06
 8.9654E+25  2.3103E-04  7.0231E+03  7.4643E-05  7.6654E-06  7.1845E-06
 8.9747E+25  2.3194E-04  7.0231E+03  7.4643E-05  7.6364E-06  7.1845E-06
 8.9840E+25  2.3315E-04  7.0230E+03  7.4643E-05  7.6075E-06  7.1845E-06
 8.9932E+25  2.3382E-04  7.0230E+03  7.4643E-05  7.5786E-06  7.1845E-06
 9.0025E+25  2.3447E-04  7.0229E+03  7.4643E-05  7.5498E-06  7.1845E-06
 9.0117E+25  2.3517E-04  7.0228E+03  7.4643E-05  7.5210E-06  7.1845E-06
 9.0210E+25  2.3586E-04  7.0228E+03  7.4643E-05  7.4921E-06  7.1845E-06
 9.0302E+25  2.3655E-04  7.0227E+03  7.4643E-05  7.4633E-06  7.1845E-06
 9.0395E+25  2.3774E-04  7.0227E+03  7.4643E-05  7.4345E-06  7.1845E-06
 9.0487E+25  2.3871E-04  7.0226E+03  7.4643E-05  7.4054E-06  7.1845E-06
 9.0580E+25  2.3938E-04  7.0226E+03  7.4643E-05  7.3764E-06  7.1845E-06
 9.0673E+25  2.4003E-04  7.0225E+03  7.4643E-05  7.3474E-06  7.1845E-06
 9.0765E+25  2.4069E-04  7.0224E+03  7.4643E-05  7.3185E-06  7.1845E-06
 9.0858E+25  2.4139E-04  7.0224E+03  7.4643E-05  7.2895E-06  7.1845E-06
 9.0950E+25  2.4217E-04  7.0223E+03  7.4643E-05  7.2606E-06  7.1845E-06
 9.1043E+25  2.4354E-04  7.0223E+03  7.4643E-05  7.2316E-06  7.1845E-06
 9.1135E+25  2.4430E-04  7.0222E+03  7.4643E-05  7.2026E-06  7.1845E-06
 9.1228E+25  2.4495E-04  7.0221E+03  7.4643E-05  7.1743E-06  7.1845E-06
 9.1321E+25  2.4562E-04  7.0221E+03  7.4643E-05  7.1470E-06  7.1845E-06
 9.1413E+25  2.4627E-04  7.0220E+03  7.4643E-05  7.1197E-06  7.1845E-06
 9.1506E+25  2.4696E-04  7.0219E+03  7.4643E-05  7.0924E-06  7.1845E-06
 9.1598E+25  2.4792E-04  7.0219E+03  7.4643E-05  7.0663E-06  7.1845E-06
 9.1691E+25  2.4925E-04  7.0218E+03  7.4643E-05  7.0410E-06  7.1845E-06
 9.1783E+25  2.4991E-04  7.0218E+03  7.4643E-05  7.0156E-06  7.1845E-06
 9.1876E+25  2.5057E-04  7.0217E+03  7.4643E-05  6.9898E-06  7.1845E-06
 9.1969E+25  2.5121E-04  7.0216E+03  7.4643E-05  6.9641E-06  7.1845E-06
 9.2061E+25  2.5188E-04  7.0216E+03  7.4643E-05  6.9384E-06  7.1845E-06
 9.2154E+25  2.5256E-04  7.0215E+03  7.4643E-05  6.9127E-06  7.1845E-06
 9.2246E+25  2.5375E-04  7.0215E+03  7.4643E-05  6.8869E-06  7.1845E-06
 9.2339E+25  2.5489E-04  7.0214E+03  7.4643E-05  6.8613E-06  7.1845E-06
 9.2431E+25  2.5552E-04  7.0213E+03  7.4643E-05  6.8357E-06  7.1845E-06
 9.2524E+25  2.5618E-04  7.0213E+03  7.4643E-05  6.8101E-06  7.1845E-06
