 4.6285E+22  3.2672E-11  1.1693E+04  7.4643E-05  1.0000E+00  7.1845E-06
 1.3886E+23  2.2865E-10  1.1697E+04  7.4643E-05  1.0000E+00  7.1845E-06
 2.3143E+23  6.2014E-10  1.1709E+04  7.4643E-05  1.0000E+00  7.1845E-06
 3.2400E+23  1.2056E-09  1.1736E+04  7.4643E-05  1.0000E+00  7.1845E-06
 4.1657E+23  1.9817E-09  1.1785E+04  7.4643E-05  1.0000E+00  7.1845E-06
 5.0914E+23  2.9424E-09  1.1863E+04  7.4643E-05  1.0000E+00  7.1845E-06
 6.0171E+23  4.0751E-09  1.1985E+04  7.4643E-05  1.0000E+00  7.1845E-06
 6.9428E+23  5.3675E-09  1.2160E+04  7.4643E-05  1.0000E+00  7.1845E-06
 7.8685E+23  6.7870E-09  1.2417E+04  7.4643E-05  1.0000E+00  7.1845E-06
 8.7942E+23  8.3036E-09  1.2775E+04  7.4643E-05  1.0000E+00  7.1845E-06
 9.7199E+23  9.8997E-09  1.3208E+04  7.4643E-05  1.0000E+00  7.1845E-06
 1.0646E+24  1.1596E-08  1.3645E+04  7.4643E-05  1.0000E+00  7.1845E-06
 1.1571E+24  1.3469E-08  1.3962E+04  7.4643E-05  1.0000E+00  7.1845E-06
 1.2497E+24  1.5578E-08  1.4132E+04  7.4643E-05  1.0000E+00  7.1845E-06
 1.3423E+24  1.7873E-08  1.4227E+04  7.4643E-05  1.0000E+00  7.1845E-06
 1.4348E+24  2.0321E-08  1.4327E+04  7.4643E-05  9.9999E-01  7.1845E-06
 1.5274E+24  2.2909E-08  1.4427E+04  7.4643E-05  9.9999E-01  7.1845E-06
 1.6200E+24  2.5650E-08  1.4520E+04  7.4643E-05  9.9999E-01  7.1845E-06
 1.7126E+24  2.8526E-08  1.4611E+04  7.4643E-05  9.9999E-01  7.1845E-06
 1.8051E+24  3.1573E-08  1.4693E+04  7.4643E-05  9.9999E-01  7.1845E-06
 1.8977E+24  3.4744E-08  1.4772E+04  7.4643E-05  9.9999E-01  7.1845E-06
 1.9903E+24  3.8085E-08  1.4849E+04  7.4643E-05  9.9999E-01  7.1845E-06
 2.0828E+24  4.1544E-08  1.4923E+04  7.4643E-05  9.9999E-01  7.1845E-06
 2.1754E+24  4.5156E-08  1.4995E+04  7.4643E-05  9.9999E-01  7.1845E-06
 2.2680E+24  4.8910E-08  1.5065E+04  7.4643E-05  9.9999E-01  7.1845E-06
 2.3605E+24  5.2820E-08  1.5133E+04  7.4643E-05  9.9999E-01  7.1845E-06
 2.4531E+24  5.6861E-08  1.5197E+04  7.4643E-05  9.9999E-01  7.1845E-06
 2.5457E+24  6.1037E-08  1.5261E+04  7.4643E-05  9.9998E-01  7.1845E-06
 2.6383E+24  6.5386E-08  1.5325E+04  7.4643E-05  9.9998E-01  7.1845E-06
 2.7308E+24  6.9825E-08  1.5384E+04  7.4643E-05  9.9998E-01  7.1845E-06
 2.8234E+24  7.4435E-08  1.5444E+04  7.4643E-05  9.9998E-01  7.1845E-06
 2.9160E+24  7.9151E-08  1.5500E+04  7.4643E-05  9.9998E-01  7.1845E-06
 3.0085E+24  8.4091E-08  1.5555E+04  7.4643E-05  9.9998E-01  7.1845E-06
 3.1011E+24  8.9119E-08  1.5612E+04  7.4643E-05  9.9998E-01  7.1845E-06
 3.1937E+24  9.4260E-08  1.5664E+04  7.4643E-05  9.9998E-01  7.1845E-06
 3.2862E+24  9.9531E-08  1.5716E+04  7.4643E-05  9.9997E-01  7.1845E-06
 3.3788E+24  1.0493E-07  1.5767E+04  7.4643E-05  9.9997E-01  7.1845E-06
 3.4714E+24  1.1049E-07  1.5816E+04  7.4643E-05  9.9997E-01  7.1845E-06
 3.5640E+24  1.1624E-07  1.5865E+04  7.4643E-05  9.9997E-01  7.1845E-06
 3.6565E+24  1.2220E-07  1.5911E+04  7.4643E-05  9.9997E-01  7.1845E-06
 3.7491E+24  1.2798E-07  1.5958E+04  7.4643E-05  9.9997E-01  7.1845E-06
 3.8417E+24  1.3423E-07  1.6004E+04  7.4643E-05  9.9997E-01  7.1845E-06
 3.9342E+24  1.4042E-07  1.6048E+04  7.4643E-05  9.9996E-01  7.1845E-06
 4.0268E+24  1.4692E-07  1.6092E+04  7.4643E-05  9.9996E-01  7.1845E-06
 4.1194E+24  1.5324E-07  1.6134E+04  7.4643E-05  9.9996E-01  7.1845E-06
 4.2120E+24  1.6011E-07  1.6176E+04  7.4643E-05  9.9996E-01  7.1845E-06
 4.3045E+24  1.6691E-07  1.6217E+04  7.4643E-05  9.9996E-01  7.1845E-06
 4.3971E+24  1.7362E-07  1.6257E+04  7.4643E-05  9.9996E-01  7.1845E-06
 4.4897E+24  1.8077E-07  1.6296E+04  7.4643E-05  9.9995E-01  7.1845E-06
 4.5822E+24  1.8802E-07  1.6335E+04  7.4643E-05  9.9995E-01  7.1845E-06
 4.6748E+24  1.9537E-07  1.6374E+04  7.4643E-05  9.9995E-01  7.1845E-06
 4.7674E+24  2.0284E-07  1.6410E+04  7.4643E-05  9.9995E-01  7.1845E-06
 4.8599E+24  2.1042E-07  1.6447E+04  7.4643E-05  9.9995E-01  7.1845E-06
 4.9525E+24  2.1813E-07  1.6483E+04  7.4643E-05  9.9994E-01  7.1845E-06
 5.0451E+24  2.2598E-07  1.6518E+04  7.4643E-05  9.9994E-01  7.1845E-06
 5.1377E+24  2.3399E-07  1.6553E+04  7.4643E-05  9.9994E-01  7.1845E-06
 5.2302E+24  2.4216E-07  1.6587E+04  7.4643E-05  9.9994E-01  7.1845E-06
 5.3228E+24  2.5052E-07  1.6621E+04  7.4643E-05  9.9994E-01  7.1845E-06
 5.4154E+24  2.5908E-07  1.6654E+04  7.4643E-05  9.9993E-01  7.1845E-06
 5.5079E+24  2.6714E-07  1.6687E+04  7.4643E-05  9.9993E-01  7.1845E-06
 5.6005E+24  2.7580E-07  1.6719E+04  7.4643E-05  9.9993E-01  7.1845E-06
 5.6931E+24  2.8490E-07  1.6750E+04  7.4643E-05  9.9993E-01  7.1845E-06
 5.7856E+24  2.9411E-07  1.6781E+04  7.4643E-05  9.9992E-01  7.1845E-06
 5.8782E+24  3.0231E-07  1.6812E+04  7.4643E-05  9.9992E-01  7.1845E-06
 5.9708E+24  3.1209E-07  1.6842E+04  7.4643E-05  9.9992E-01  7.1845E-06
 6.0634E+24  3.2150E-07  1.6871E+04  7.4643E-05  9.9992E-01  7.1845E-06
 6.1559E+24  3.3039E-07  1.6900E+04  7.4643E-05  9.9991E-01  7.1845E-06
 6.2485E+24  3.4101E-07  1.6929E+04  7.4643E-05  9.9991E-01  7.1845E-06
 6.3411E+24  3.4936E-07  1.6957E+04  7.4643E-05  9.9991E-01  7.1845E-06
 6.4336E+24  3.6048E-07  1.6985E+04  7.4643E-05  9.9991E-01  7.1845E-06
 6.5262E+24  3.6928E-07  1.7013E+04  7.4643E-05  9.9990E-01  7.1845E-06
 6.6188E+24  3.8069E-07  1.7040E+04  7.4643E-05  9.9990E-01  7.1845E-06
 6.7113E+24  3.8947E-07  1.7066E+04  7.4643E-05  9.9990E-01  7.1845E-06
 6.8039E+24  4.0126E-07  1.7093E+04  7.4643E-05  9.9990E-01  7.1845E-06
 6.8965E+24  4.1047E-07  1.7119E+04  7.4643E-05  9.9989E-01  7.1845E-06
 6.9891E+24  4.2182E-07  1.7145E+04  7.4643E-05  9.9989E-01  7.1845E-06
 7.0816E+24  4.3284E-07  1.7170E+04  7.4643E-05  9.9989E-01  7.1845E-06
 7.1742E+24  4.4271E-07  1.7195E+04  7.4643E-05  9.9989E-01  7.1845E-06
 7.2668E+24  4.5481E-07  1.7220E+04  7.4643E-05  9.9988E-01  7.1845E-06
 7.3593E+24  4.6561E-07  1.7245E+04  7.4643E-05  9.9988E-01  7.1845E-06
 7.4519E+24  4.7617E-07  1.7269E+04  7.4643E-05  9.9988E-01  7.1845E-06
 7.5445E+24  4.8846E-07  1.7293E+04  7.4643E-05  9.9987E-01  7.1845E-06
 7.6371E+24  5.0052E-07  1.7317E+04  7.4643E-05  9.9987E-01  7.1845E-06
 7.7296E+24  5.1042E-07  1.7340E+04  7.4643E-05  9.9987E-01  7.1845E-06
 7.8222E+24  5.2289E-07  1.7363E+04  7.4643E-05  9.9986E-01  7.1845E-06
 7.9148E+24  5.3546E-07  1.7386E+04  7.4643E-05  9.9986E-01  7.1845E-06
 8.0073E+24  5.4811E-07  1.7409E+04  7.4643E-05  9.9986E-01  7.1845E-06
 8.0999E+24  5.5836E-07  1.7431E+04  7.4643E-05  9.9986E-01  7.1845E-06
 8.1925E+24  5.7105E-07  1.7453E+04  7.4643E-05  9.9985E-01  7.1845E-06
 8.2850E+24  5.8392E-07  1.7475E+04  7.4643E-05  9.9985E-01  7.1845E-06
 8.3776E+24  5.9686E-07  1.7497E+04  7.4643E-05  9.9985E-01  7.1845E-06
 8.4702E+24  6.0989E-07  1.7518E+04  7.4643E-05  9.9984E-01  7.1845E-06
 8.5628E+24  6.2258E-07  1.7539E+04  7.4643E-05  9.9984E-01  7.1845E-06
 8.6553E+24  6.3423E-07  1.7560E+04  7.4643E-05  9.9984E-01  7.1845E-06
 8.7479E+24  6.4750E-07  1.7581E+04  7.4643E-05  9.9983E-01  7.1845E-06
 8.8405E+24  6.6089E-07  1.7602E+04  7.4643E-05  9.9983E-01  7.1845E-06
 8.9330E+24  6.7438E-07  1.7622E+04  7.4643E-05  9.9982E-01  7.1845E-06
 9.0256E+24  6.8795E-07  1.7642E+04  7.4643E-05  9.9982E-01  7.1845E-06
 9.1182E+24  7.0161E-07  1.7662E+04  7.4643E-05  9.9982E-01  7.1845E-06
 9.2107E+24  7.1537E-07  1.7682E+04  7.4643E-05  9.9981E-01  7.1845E-06
 9.3033E+24  7.2922E-07  1.7701E+04  7.4643E-05  9.9981E-01  7.1845E-06
 9.3959E+24  7.4317E-07  1.7721E+04  7.4643E-05  9.9981E-01  7.1845E-06
 9.4885E+24  7.5723E-07  1.7740E+04  7.4643E-05  9.9980E-01  7.1845E-06
 9.5810E+24  7.7139E-07  1.7759E+04  7.4643E-05  9.9980E-01  7.1845E-06
 9.6736E+24  7.8566E-07  1.7778E+04  7.4643E-05  9.9980E-01  7.1845E-06
 9.7662E+24  8.0005E-07  1.7797E+04  7.4643E-05  9.9979E-01  7.1845E-06
 9.8587E+24  8.1456E-07  1.7815E+04  7.4643E-05  9.9979E-01  7.1845E-06
 9.9513E+24  8.2919E-07  1.7833E+04  7.4643E-05  9.9978E-01  7.1845E-06
 1.0044E+25  8.4397E-07  1.7852E+04  7.4643E-05  9.9978E-01  7.1845E-06
 1.0136E+25  8.5888E-07  1.7870E+04  7.4643E-05  9.9978E-01  7.1845E-06
 1.0229E+25  8.7394E-07  1.7888E+04  7.4643E-05  9.9977E-01  7.1845E-06
 1.0322E+25  8.8916E-07  1.7905E+04  7.4643E-05  9.9977E-01  7.1845E-06
 1.0414E+25  9.0454E-07  1.7923E+04  7.4643E-05  9.9976E-01  7.1845E-06
 1.0507E+25  9.2009E-07  1.7940E+04  7.4643E-05  9.9976E-01  7.1845E-06
 1.0599E+25  9.3581E-07  1.7957E+04  7.4643E-05  9.9975E-01  7.1845E-06
 1.0692E+25  9.5173E-07  1.7975E+04  7.4643E-05  9.9974E-01  7.1845E-06
 1.0784E+25  9.6786E-07  1.7992E+04  7.4643E-05  9.9973E-01  7.1845E-06
 1.0877E+25  9.8418E-07  1.8008E+04  7.4643E-05  9.9971E-01  7.1845E-06
 1.0970E+25  1.0007E-06  1.8025E+04  7.4643E-05  9.9968E-01  7.1845E-06
 1.1062E+25  1.0146E-06  1.8041E+04  7.4643E-05  9.9962E-01  7.1845E-06
 1.1155E+25  1.0305E-06  1.8057E+04  7.4643E-05  9.9951E-01  7.1845E-06
 1.1247E+25  1.0474E-06  1.8073E+04  7.4643E-05  9.9932E-01  7.1845E-06
 1.1340E+25  1.0646E-06  1.8088E+04  7.4643E-05  9.9899E-01  7.1845E-06
 1.1432E+25  1.0820E-06  1.8101E+04  7.4643E-05  9.9840E-01  7.1845E-06
 1.1525E+25  1.0997E-06  1.8113E+04  7.4643E-05  9.9737E-01  7.1845E-06
 1.1618E+25  1.1178E-06  1.8121E+04  7.4643E-05  9.9560E-01  7.1845E-06
 1.1710E+25  1.1322E-06  1.8124E+04  7.4643E-05  9.9256E-01  7.1845E-06
 1.1803E+25  1.1490E-06  1.8118E+04  7.4643E-05  9.8744E-01  7.1845E-06
 1.1895E+25  1.1683E-06  1.8098E+04  7.4643E-05  9.7895E-01  7.1845E-06
 1.1988E+25  1.1886E-06  1.8055E+04  7.4643E-05  9.6514E-01  7.1845E-06
 1.2080E+25  1.2103E-06  1.7976E+04  7.4643E-05  9.4329E-01  7.1845E-06
 1.2173E+25  1.2329E-06  1.7844E+04  7.4643E-05  9.0999E-01  7.1845E-06
 1.2266E+25  1.2526E-06  1.7640E+04  7.4643E-05  8.6180E-01  7.1845E-06
 1.2358E+25  1.2827E-06  1.7342E+04  7.4643E-05  7.9666E-01  7.1845E-06
 1.2451E+25  1.3179E-06  1.6941E+04  7.4643E-05  7.1584E-01  7.1845E-06
 1.2543E+25  1.3592E-06  1.6441E+04  7.4643E-05  6.2498E-01  7.1845E-06
 1.2636E+25  1.4069E-06  1.5868E+04  7.4643E-05  5.3270E-01  7.1845E-06
 1.2728E+25  1.4548E-06  1.5258E+04  7.4643E-05  4.4724E-01  7.1845E-06
 1.2821E+25  1.5110E-06  1.4650E+04  7.4643E-05  3.7366E-01  7.1845E-06
 1.2914E+25  1.5720E-06  1.4070E+04  7.4643E-05  3.1329E-01  7.1845E-06
 1.3006E+25  1.6346E-06  1.3534E+04  7.4643E-05  2.6504E-01  7.1845E-06
 1.3099E+25  1.6978E-06  1.3048E+04  7.4643E-05  2.2677E-01  7.1845E-06
 1.3191E+25  1.7608E-06  1.2611E+04  7.4643E-05  1.9631E-01  7.1845E-06
 1.3284E+25  1.8233E-06  1.2219E+04  7.4643E-05  1.7182E-01  7.1845E-06
 1.3376E+25  1.8851E-06  1.1869E+04  7.4643E-05  1.5187E-01  7.1845E-06
 1.3469E+25  1.9453E-06  1.1554E+04  7.4643E-05  1.3540E-01  7.1845E-06
 1.3562E+25  2.0019E-06  1.1271E+04  7.4643E-05  1.2163E-01  7.1845E-06
 1.3654E+25  2.0611E-06  1.1016E+04  7.4643E-05  1.0998E-01  7.1845E-06
 1.3747E+25  2.1195E-06  1.0784E+04  7.4643E-05  1.0002E-01  7.1845E-06
 1.3839E+25  2.1774E-06  1.0573E+04  7.4643E-05  9.1425E-02  7.1845E-06
 1.3932E+25  2.2344E-06  1.0381E+04  7.4643E-05  8.3940E-02  7.1845E-06
 1.4024E+25  2.2910E-06  1.0205E+04  7.4643E-05  7.7376E-02  7.1845E-06
 1.4117E+25  2.3469E-06  1.0043E+04  7.4643E-05  7.1581E-02  7.1845E-06
 1.4210E+25  2.4025E-06  9.8944E+03  7.4643E-05  6.6433E-02  7.1845E-06
 1.4302E+25  2.4576E-06  9.7567E+03  7.4643E-05  6.1836E-02  7.1845E-06
 1.4395E+25  2.5126E-06  9.6292E+03  7.4643E-05  5.7709E-02  7.1845E-06
 1.4487E+25  2.5671E-06  9.5107E+03  7.4643E-05  5.3990E-02  7.1845E-06
 1.4580E+25  2.6216E-06  9.4005E+03  7.4643E-05  5.0622E-02  7.1845E-06
 1.4672E+25  2.6743E-06  9.2976E+03  7.4643E-05  4.7563E-02  7.1845E-06
 1.4765E+25  2.7224E-06  9.2016E+03  7.4643E-05  4.4774E-02  7.1845E-06
 1.4858E+25  2.7757E-06  9.1116E+03  7.4643E-05  4.2222E-02  7.1845E-06
 1.4950E+25  2.8290E-06  9.0272E+03  7.4643E-05  3.9881E-02  7.1845E-06
 1.5043E+25  2.8824E-06  8.9479E+03  7.4643E-05  3.7728E-02  7.1845E-06
 1.5135E+25  2.9358E-06  8.8733E+03  7.4643E-05  3.5743E-02  7.1845E-06
 1.5228E+25  2.9896E-06  8.8030E+03  7.4643E-05  3.3907E-02  7.1845E-06
 1.5320E+25  3.0433E-06  8.7367E+03  7.4643E-05  3.2207E-02  7.1845E-06
 1.5413E+25  3.0974E-06  8.6740E+03  7.4643E-05  3.0628E-02  7.1845E-06
 1.5506E+25  3.1422E-06  8.6147E+03  7.4643E-05  2.9160E-02  7.1845E-06
 1.5598E+25  3.1917E-06  8.5586E+03  7.4643E-05  2.7792E-02  7.1845E-06
 1.5691E+25  3.2457E-06  8.5053E+03  7.4643E-05  2.6514E-02  7.1845E-06
 1.5783E+25  3.3000E-06  8.4548E+03  7.4643E-05  2.5320E-02  7.1845E-06
 1.5876E+25  3.3547E-06  8.4068E+03  7.4643E-05  2.4201E-02  7.1845E-06
 1.5968E+25  3.4100E-06  8.3611E+03  7.4643E-05  2.3152E-02  7.1845E-06
 1.6061E+25  3.4561E-06  8.3176E+03  7.4643E-05  2.2166E-02  7.1845E-06
 1.6154E+25  3.5014E-06  8.2762E+03  7.4643E-05  2.1240E-02  7.1845E-06
 1.6246E+25  3.5571E-06  8.2367E+03  7.4643E-05  2.0367E-02  7.1845E-06
 1.6339E+25  3.6135E-06  8.1990E+03  7.4643E-05  1.9545E-02  7.1845E-06
 1.6431E+25  3.6707E-06  8.1629E+03  7.4643E-05  1.8768E-02  7.1845E-06
 1.6524E+25  3.7181E-06  8.1285E+03  7.4643E-05  1.8035E-02  7.1845E-06
 1.6616E+25  3.7605E-06  8.0956E+03  7.4643E-05  1.7341E-02  7.1845E-06
 1.6709E+25  3.8185E-06  8.0641E+03  7.4643E-05  1.6684E-02  7.1845E-06
 1.6802E+25  3.8775E-06  8.0339E+03  7.4643E-05  1.6062E-02  7.1845E-06
 1.6894E+25  3.9371E-06  8.0050E+03  7.4643E-05  1.5472E-02  7.1845E-06
 1.6987E+25  3.9674E-06  7.9772E+03  7.4643E-05  1.4911E-02  7.1845E-06
 1.7079E+25  4.0265E-06  7.9506E+03  7.4643E-05  1.4378E-02  7.1845E-06
 1.7172E+25  4.0880E-06  7.9250E+03  7.4643E-05  1.3872E-02  7.1845E-06
 1.7264E+25  4.1502E-06  7.9005E+03  7.4643E-05  1.3390E-02  7.1845E-06
 1.7357E+25  4.1773E-06  7.8769E+03  7.4643E-05  1.2930E-02  7.1845E-06
 1.7450E+25  4.2393E-06  7.8542E+03  7.4643E-05  1.2492E-02  7.1845E-06
 1.7542E+25  4.3040E-06  7.8323E+03  7.4643E-05  1.2075E-02  7.1845E-06
 1.7635E+25  4.3567E-06  7.8113E+03  7.4643E-05  1.1677E-02  7.1845E-06
 1.7727E+25  4.3923E-06  7.7910E+03  7.4643E-05  1.1296E-02  7.1845E-06
 1.7820E+25  4.4590E-06  7.7715E+03  7.4643E-05  1.0932E-02  7.1845E-06
 1.7912E+25  4.5274E-06  7.7527E+03  7.4643E-05  1.0584E-02  7.1845E-06
 1.8005E+25  4.5532E-06  7.7346E+03  7.4643E-05  1.0251E-02  7.1845E-06
 1.8097E+25  4.6162E-06  7.7171E+03  7.4643E-05  9.9329E-03  7.1845E-06
 1.8190E+25  4.6876E-06  7.7002E+03  7.4643E-05  9.6277E-03  7.1845E-06
 1.8283E+25  4.7249E-06  7.6838E+03  7.4643E-05  9.3347E-03  7.1845E-06
 1.8375E+25  4.7769E-06  7.6681E+03  7.4643E-05  9.0545E-03  7.1845E-06
 1.8468E+25  4.8508E-06  7.6529E+03  7.4643E-05  8.7851E-03  7.1845E-06
 1.8560E+25  4.8928E-06  7.6381E+03  7.4643E-05  8.5267E-03  7.1845E-06
 1.8653E+25  4.9411E-06  7.6239E+03  7.4643E-05  8.2786E-03  7.1845E-06
 1.8745E+25  5.0187E-06  7.6101E+03  7.4643E-05  8.0398E-03  7.1845E-06
 1.8838E+25  5.0573E-06  7.5968E+03  7.4643E-05  7.8108E-03  7.1845E-06
 1.8931E+25  5.1094E-06  7.5839E+03  7.4643E-05  7.5900E-03  7.1845E-06
 1.9023E+25  5.1911E-06  7.5714E+03  7.4643E-05  7.3782E-03  7.1845E-06
 1.9116E+25  5.2181E-06  7.5593E+03  7.4643E-05  7.1737E-03  7.1845E-06
 1.9208E+25  5.2833E-06  7.5476E+03  7.4643E-05  6.9773E-03  7.1845E-06
 1.9301E+25  5.3667E-06  7.5362E+03  7.4643E-05  6.7875E-03  7.1845E-06
 1.9393E+25  5.3768E-06  7.5252E+03  7.4643E-05  6.6052E-03  7.1845E-06
 1.9486E+25  5.4634E-06  7.5145E+03  7.4643E-05  6.4290E-03  7.1845E-06
 1.9579E+25  5.5225E-06  7.5042E+03  7.4643E-05  6.2594E-03  7.1845E-06
 1.9671E+25  5.5576E-06  7.4941E+03  7.4643E-05  6.0954E-03  7.1845E-06
 1.9764E+25  5.6503E-06  7.4844E+03  7.4643E-05  5.9376E-03  7.1845E-06
 1.9856E+25  5.6733E-06  7.4749E+03  7.4643E-05  5.7847E-03  7.1845E-06
 1.9949E+25  5.7472E-06  7.4657E+03  7.4643E-05  5.6376E-03  7.1845E-06
 2.0041E+25  5.8201E-06  7.4567E+03  7.4643E-05  5.4948E-03  7.1845E-06
 2.0134E+25  5.8443E-06  7.4481E+03  7.4643E-05  5.3576E-03  7.1845E-06
 2.0227E+25  5.9448E-06  7.4396E+03  7.4643E-05  5.2241E-03  7.1845E-06
 2.0319E+25  5.9640E-06  7.4314E+03  7.4643E-05  5.0958E-03  7.1845E-06
 2.0412E+25  6.0453E-06  7.4234E+03  7.4643E-05  4.9710E-03  7.1845E-06
 2.0504E+25  6.1080E-06  7.4157E+03  7.4643E-05  4.8509E-03  7.1845E-06
 2.0597E+25  6.1467E-06  7.4081E+03  7.4643E-05  4.7341E-03  7.1845E-06
 2.0689E+25  6.2513E-06  7.4008E+03  7.4643E-05  4.6213E-03  7.1845E-06
 2.0782E+25  6.2496E-06  7.3936E+03  7.4643E-05  4.5121E-03  7.1845E-06
 2.0875E+25  6.3613E-06  7.3867E+03  7.4643E-05  4.4059E-03  7.1845E-06
 2.0967E+25  6.3865E-06  7.3799E+03  7.4643E-05  4.3037E-03  7.1845E-06
 2.1060E+25  6.4679E-06  7.3733E+03  7.4643E-05  4.2039E-03  7.1845E-06
 2.1152E+25  6.5278E-06  7.3669E+03  7.4643E-05  4.1077E-03  7.1845E-06
 2.1245E+25  6.5754E-06  7.3607E+03  7.4643E-05  4.0142E-03  7.1845E-06
 2.1337E+25  6.6686E-06  7.3545E+03  7.4643E-05  3.9233E-03  7.1845E-06
 2.1430E+25  6.6848E-06  7.3486E+03  7.4643E-05  3.8356E-03  7.1845E-06
 2.1523E+25  6.8077E-06  7.3428E+03  7.4643E-05  3.7499E-03  7.1845E-06
 2.1615E+25  6.7967E-06  7.3372E+03  7.4643E-05  3.6672E-03  7.1845E-06
 2.1708E+25  6.9262E-06  7.3317E+03  7.4643E-05  3.5868E-03  7.1845E-06
 2.1800E+25  6.9302E-06  7.3263E+03  7.4643E-05  3.5083E-03  7.1845E-06
 2.1893E+25  7.0430E-06  7.3211E+03  7.4643E-05  3.4328E-03  7.1845E-06
 2.1985E+25  7.0669E-06  7.3160E+03  7.4643E-05  3.3589E-03  7.1845E-06
 2.2078E+25  7.1619E-06  7.3110E+03  7.4643E-05  3.2871E-03  7.1845E-06
 2.2171E+25  7.2030E-06  7.3061E+03  7.4643E-05  3.2177E-03  7.1845E-06
 2.2263E+25  7.2827E-06  7.3014E+03  7.4643E-05  3.1497E-03  7.1845E-06
 2.2356E+25  7.3379E-06  7.2967E+03  7.4643E-05  3.0839E-03  7.1845E-06
 2.2448E+25  7.4061E-06  7.2922E+03  7.4643E-05  3.0201E-03  7.1845E-06
 2.2541E+25  7.4722E-06  7.2878E+03  7.4643E-05  2.9575E-03  7.1845E-06
 2.2633E+25  7.5322E-06  7.2835E+03  7.4643E-05  2.8970E-03  7.1845E-06
 2.2726E+25  7.6057E-06  7.2793E+03  7.4643E-05  2.8382E-03  7.1845E-06
 2.2819E+25  7.6610E-06  7.2751E+03  7.4643E-05  2.7805E-03  7.1845E-06
 2.2911E+25  7.7380E-06  7.2711E+03  7.4643E-05  2.7248E-03  7.1845E-06
 2.3004E+25  7.7928E-06  7.2672E+03  7.4643E-05  2.6704E-03  7.1845E-06
 2.3096E+25  7.8693E-06  7.2633E+03  7.4643E-05  2.6171E-03  7.1845E-06
 2.3189E+25  7.9278E-06  7.2596E+03  7.4643E-05  2.5657E-03  7.1845E-06
 2.3281E+25  7.9995E-06  7.2559E+03  7.4643E-05  2.5155E-03  7.1845E-06
 2.3374E+25  8.0661E-06  7.2523E+03  7.4643E-05  2.4663E-03  7.1845E-06
 2.3467E+25  8.1285E-06  7.2488E+03  7.4643E-05  2.4186E-03  7.1845E-06
 2.3559E+25  8.2080E-06  7.2454E+03  7.4643E-05  2.3723E-03  7.1845E-06
 2.3652E+25  8.2564E-06  7.2420E+03  7.4643E-05  2.3266E-03  7.1845E-06
 2.3744E+25  8.3536E-06  7.2387E+03  7.4643E-05  2.2824E-03  7.1845E-06
 2.3837E+25  8.3832E-06  7.2355E+03  7.4643E-05  2.2395E-03  7.1845E-06
 2.3929E+25  8.5032E-06  7.2323E+03  7.4643E-05  2.1972E-03  7.1845E-06
 2.4022E+25  8.5087E-06  7.2293E+03  7.4643E-05  2.1561E-03  7.1845E-06
 2.4115E+25  8.6568E-06  7.2262E+03  7.4643E-05  2.1163E-03  7.1845E-06
 2.4207E+25  8.6331E-06  7.2233E+03  7.4643E-05  2.0772E-03  7.1845E-06
 2.4300E+25  8.8029E-06  7.2204E+03  7.4643E-05  2.0388E-03  7.1845E-06
 2.4392E+25  8.7680E-06  7.2176E+03  7.4643E-05  2.0018E-03  7.1845E-06
 2.4485E+25  8.9270E-06  7.2148E+03  7.4643E-05  1.9656E-03  7.1845E-06
 2.4577E+25  8.9282E-06  7.2121E+03  7.4643E-05  1.9299E-03  7.1845E-06
 2.4670E+25  9.0492E-06  7.2094E+03  7.4643E-05  1.8952E-03  7.1845E-06
 2.4763E+25  9.0938E-06  7.2068E+03  7.4643E-05  1.8616E-03  7.1845E-06
 2.4855E+25  9.1701E-06  7.2042E+03  7.4643E-05  1.8285E-03  7.1845E-06
 2.4948E+25  9.2645E-06  7.2017E+03  7.4643E-05  1.7960E-03  7.1845E-06
 2.5040E+25  9.2895E-06  7.1993E+03  7.4643E-05  1.7646E-03  7.1845E-06
 2.5133E+25  9.4404E-06  7.1969E+03  7.4643E-05  1.7339E-03  7.1845E-06
 2.5225E+25  9.4076E-06  7.1945E+03  7.4643E-05  1.7036E-03  7.1845E-06
 2.5318E+25  9.5843E-06  7.1922E+03  7.4643E-05  1.6741E-03  7.1845E-06
 2.5411E+25  9.5618E-06  7.1900E+03  7.4643E-05  1.6456E-03  7.1845E-06
 2.5503E+25  9.7015E-06  7.1877E+03  7.4643E-05  1.6174E-03  7.1845E-06
 2.5596E+25  9.7473E-06  7.1855E+03  7.4643E-05  1.5897E-03  7.1845E-06
 2.5688E+25  9.8170E-06  7.1834E+03  7.4643E-05  1.5628E-03  7.1845E-06
 2.5781E+25  9.9387E-06  7.1813E+03  7.4643E-05  1.5367E-03  7.1845E-06
 2.5873E+25  9.9306E-06  7.1793E+03  7.4643E-05  1.5109E-03  7.1845E-06
 2.5966E+25  1.0111E-05  7.1772E+03  7.4643E-05  1.4856E-03  7.1845E-06
 2.6059E+25  1.0069E-05  7.1753E+03  7.4643E-05  1.4610E-03  7.1845E-06
 2.6151E+25  1.0224E-05  7.1733E+03  7.4643E-05  1.4371E-03  7.1845E-06
 2.6244E+25  1.0271E-05  7.1714E+03  7.4643E-05  1.4135E-03  7.1845E-06
 2.6336E+25  1.0336E-05  7.1696E+03  7.4643E-05  1.3902E-03  7.1845E-06
 2.6429E+25  1.0480E-05  7.1677E+03  7.4643E-05  1.3677E-03  7.1845E-06
 2.6521E+25  1.0445E-05  7.1659E+03  7.4643E-05  1.3457E-03  7.1845E-06
 2.6614E+25  1.0628E-05  7.1642E+03  7.4643E-05  1.3240E-03  7.1845E-06
 2.6707E+25  1.0621E-05  7.1624E+03  7.4643E-05  1.3027E-03  7.1845E-06
 2.6799E+25  1.0737E-05  7.1607E+03  7.4643E-05  1.2820E-03  7.1845E-06
 2.6892E+25  1.0843E-05  7.1591E+03  7.4643E-05  1.2618E-03  7.1845E-06
 2.6984E+25  1.0844E-05  7.1574E+03  7.4643E-05  1.2419E-03  7.1845E-06
 2.7077E+25  1.1030E-05  7.1558E+03  7.4643E-05  1.2222E-03  7.1845E-06
 2.7169E+25  1.0991E-05  7.1542E+03  7.4643E-05  1.2031E-03  7.1845E-06
 2.7262E+25  1.1135E-05  7.1527E+03  7.4643E-05  1.1845E-03  7.1845E-06
 2.7355E+25  1.1226E-05  7.1511E+03  7.4643E-05  1.1662E-03  7.1845E-06
 2.7447E+25  1.1239E-05  7.1496E+03  7.4643E-05  1.1481E-03  7.1845E-06
 2.7540E+25  1.1428E-05  7.1481E+03  7.4643E-05  1.1304E-03  7.1845E-06
 2.7632E+25  1.1383E-05  7.1467E+03  7.4643E-05  1.1133E-03  7.1845E-06
 2.7725E+25  1.1530E-05  7.1453E+03  7.4643E-05  1.0964E-03  7.1845E-06
 2.7817E+25  1.1633E-05  7.1439E+03  7.4643E-05  1.0798E-03  7.1845E-06
 2.7910E+25  1.1630E-05  7.1425E+03  7.4643E-05  1.0634E-03  7.1845E-06
 2.8003E+25  1.1822E-05  7.1411E+03  7.4643E-05  1.0475E-03  7.1845E-06
 2.8095E+25  1.1800E-05  7.1398E+03  7.4643E-05  1.0320E-03  7.1845E-06
 2.8188E+25  1.1920E-05  7.1385E+03  7.4643E-05  1.0166E-03  7.1845E-06
 2.8280E+25  1.2067E-05  7.1372E+03  7.4643E-05  1.0015E-03  7.1845E-06
 2.8373E+25  1.2018E-05  7.1359E+03  7.4643E-05  9.8667E-04  7.1845E-06
 2.8465E+25  1.2212E-05  7.1347E+03  7.4643E-05  9.7233E-04  7.1845E-06
 2.8558E+25  1.2245E-05  7.1335E+03  7.4643E-05  9.5820E-04  7.1845E-06
 2.8651E+25  1.2306E-05  7.1323E+03  7.4643E-05  9.4421E-04  7.1845E-06
 2.8743E+25  1.2503E-05  7.1311E+03  7.4643E-05  9.3040E-04  7.1845E-06
 2.8836E+25  1.2427E-05  7.1299E+03  7.4643E-05  9.1702E-04  7.1845E-06
 2.8928E+25  1.2596E-05  7.1288E+03  7.4643E-05  9.0400E-04  7.1845E-06
 2.9021E+25  1.2720E-05  7.1277E+03  7.4643E-05  8.9111E-04  7.1845E-06
 2.9113E+25  1.2688E-05  7.1266E+03  7.4643E-05  8.7834E-04  7.1845E-06
 2.9206E+25  1.2886E-05  7.1255E+03  7.4643E-05  8.6579E-04  7.1845E-06
 2.9299E+25  1.2915E-05  7.1244E+03  7.4643E-05  8.5362E-04  7.1845E-06
 2.9391E+25  1.2976E-05  7.1234E+03  7.4643E-05  8.4176E-04  7.1845E-06
 2.9484E+25  1.3177E-05  7.1223E+03  7.4643E-05  8.2998E-04  7.1845E-06
 2.9576E+25  1.3114E-05  7.1213E+03  7.4643E-05  8.1833E-04  7.1845E-06
 2.9669E+25  1.3265E-05  7.1203E+03  7.4643E-05  8.0689E-04  7.1845E-06
 2.9761E+25  1.3437E-05  7.1193E+03  7.4643E-05  7.9579E-04  7.1845E-06
 2.9854E+25  1.3350E-05  7.1183E+03  7.4643E-05  7.8496E-04  7.1845E-06
 2.9947E+25  1.3553E-05  7.1174E+03  7.4643E-05  7.7420E-04  7.1845E-06
 3.0039E+25  1.3654E-05  7.1164E+03  7.4643E-05  7.6355E-04  7.1845E-06
 3.0132E+25  1.3637E-05  7.1155E+03  7.4643E-05  7.5308E-04  7.1845E-06
 3.0224E+25  1.3842E-05  7.1146E+03  7.4643E-05  7.4292E-04  7.1845E-06
 3.0317E+25  1.3875E-05  7.1137E+03  7.4643E-05  7.3301E-04  7.1845E-06
 3.0409E+25  1.3923E-05  7.1128E+03  7.4643E-05  7.2318E-04  7.1845E-06
 3.0502E+25  1.4131E-05  7.1119E+03  7.4643E-05  7.1344E-04  7.1845E-06
 3.0594E+25  1.4103E-05  7.1111E+03  7.4643E-05  7.0384E-04  7.1845E-06
 3.0687E+25  1.4210E-05  7.1102E+03  7.4643E-05  6.9451E-04  7.1845E-06
 3.0780E+25  1.4420E-05  7.1094E+03  7.4643E-05  6.8543E-04  7.1845E-06
 3.0872E+25  1.4339E-05  7.1086E+03  7.4643E-05  6.7644E-04  7.1845E-06
 3.0965E+25  1.4496E-05  7.1078E+03  7.4643E-05  6.6753E-04  7.1845E-06
 3.1057E+25  1.4707E-05  7.1070E+03  7.4643E-05  6.5870E-04  7.1845E-06
 3.1150E+25  1.4584E-05  7.1062E+03  7.4643E-05  6.5011E-04  7.1845E-06
 3.1242E+25  1.4782E-05  7.1054E+03  7.4643E-05  6.4174E-04  7.1845E-06
 3.1335E+25  1.4976E-05  7.1047E+03  7.4643E-05  6.3354E-04  7.1845E-06
 3.1428E+25  1.4855E-05  7.1039E+03  7.4643E-05  6.2537E-04  7.1845E-06
 3.1520E+25  1.5068E-05  7.1032E+03  7.4643E-05  6.1728E-04  7.1845E-06
 3.1613E+25  1.5241E-05  7.1024E+03  7.4643E-05  6.0932E-04  7.1845E-06
 3.1705E+25  1.5139E-05  7.1017E+03  7.4643E-05  6.0159E-04  7.1845E-06
 3.1798E+25  1.5353E-05  7.1010E+03  7.4643E-05  5.9406E-04  7.1845E-06
 3.1890E+25  1.5514E-05  7.1003E+03  7.4643E-05  5.8658E-04  7.1845E-06
 3.1983E+25  1.5422E-05  7.0996E+03  7.4643E-05  5.7917E-04  7.1845E-06
 3.2076E+25  1.5638E-05  7.0989E+03  7.4643E-05  5.7182E-04  7.1845E-06
 3.2168E+25  1.5797E-05  7.0983E+03  7.4643E-05  5.6465E-04  7.1845E-06
 3.2261E+25  1.5704E-05  7.0976E+03  7.4643E-05  5.5766E-04  7.1845E-06
 3.2353E+25  1.5922E-05  7.0970E+03  7.4643E-05  5.5084E-04  7.1845E-06
 3.2446E+25  1.6091E-05  7.0963E+03  7.4643E-05  5.4404E-04  7.1845E-06
 3.2538E+25  1.5986E-05  7.0957E+03  7.4643E-05  5.3730E-04  7.1845E-06
 3.2631E+25  1.6206E-05  7.0951E+03  7.4643E-05  5.3063E-04  7.1845E-06
 3.2724E+25  1.6395E-05  7.0945E+03  7.4643E-05  5.2413E-04  7.1845E-06
 3.2816E+25  1.6268E-05  7.0939E+03  7.4643E-05  5.1779E-04  7.1845E-06
 3.2909E+25  1.6489E-05  7.0933E+03  7.4643E-05  5.1158E-04  7.1845E-06
 3.3001E+25  1.6707E-05  7.0927E+03  7.4643E-05  5.0540E-04  7.1845E-06
 3.3094E+25  1.6550E-05  7.0921E+03  7.4643E-05  4.9927E-04  7.1845E-06
 3.3186E+25  1.6771E-05  7.0915E+03  7.4643E-05  4.9320E-04  7.1845E-06
 3.3279E+25  1.7000E-05  7.0909E+03  7.4643E-05  4.8728E-04  7.1845E-06
 3.3372E+25  1.6864E-05  7.0904E+03  7.4643E-05  4.8151E-04  7.1845E-06
 3.3464E+25  1.7053E-05  7.0899E+03  7.4643E-05  4.7587E-04  7.1845E-06
 3.3557E+25  1.7283E-05  7.0893E+03  7.4643E-05  4.7023E-04  7.1845E-06
 3.3649E+25  1.7198E-05  7.0888E+03  7.4643E-05  4.6465E-04  7.1845E-06
 3.3742E+25  1.7333E-05  7.0882E+03  7.4643E-05  4.5912E-04  7.1845E-06
 3.3834E+25  1.7565E-05  7.0877E+03  7.4643E-05  4.5372E-04  7.1845E-06
 3.3927E+25  1.7546E-05  7.0872E+03  7.4643E-05  4.4844E-04  7.1845E-06
 3.4020E+25  1.7613E-05  7.0867E+03  7.4643E-05  4.4330E-04  7.1845E-06
 3.4112E+25  1.7845E-05  7.0862E+03  7.4643E-05  4.3817E-04  7.1845E-06
 3.4205E+25  1.7908E-05  7.0857E+03  7.4643E-05  4.3308E-04  7.1845E-06
 3.4297E+25  1.7892E-05  7.0852E+03  7.4643E-05  4.2804E-04  7.1845E-06
 3.4390E+25  1.8124E-05  7.0847E+03  7.4643E-05  4.2308E-04  7.1845E-06
 3.4482E+25  1.8283E-05  7.0843E+03  7.4643E-05  4.1824E-04  7.1845E-06
 3.4575E+25  1.8170E-05  7.0838E+03  7.4643E-05  4.1354E-04  7.1845E-06
 3.4668E+25  1.8403E-05  7.0833E+03  7.4643E-05  4.0887E-04  7.1845E-06
 3.4760E+25  1.8641E-05  7.0829E+03  7.4643E-05  4.0423E-04  7.1845E-06
 3.4853E+25  1.8478E-05  7.0824E+03  7.4643E-05  3.9963E-04  7.1845E-06
 3.4945E+25  1.8681E-05  7.0820E+03  7.4643E-05  3.9507E-04  7.1845E-06
 3.5038E+25  1.8921E-05  7.0815E+03  7.4643E-05  3.9063E-04  7.1845E-06
 3.5130E+25  1.8878E-05  7.0811E+03  7.4643E-05  3.8628E-04  7.1845E-06
 3.5223E+25  1.8958E-05  7.0807E+03  7.4643E-05  3.8204E-04  7.1845E-06
 3.5316E+25  1.9197E-05  7.0803E+03  7.4643E-05  3.7782E-04  7.1845E-06
 3.5408E+25  1.9295E-05  7.0798E+03  7.4643E-05  3.7361E-04  7.1845E-06
 3.5501E+25  1.9234E-05  7.0794E+03  7.4643E-05  3.6944E-04  7.1845E-06
 3.5593E+25  1.9473E-05  7.0790E+03  7.4643E-05  3.6532E-04  7.1845E-06
 3.5686E+25  1.9715E-05  7.0786E+03  7.4643E-05  3.6132E-04  7.1845E-06
 3.5778E+25  1.9523E-05  7.0782E+03  7.4643E-05  3.5741E-04  7.1845E-06
 3.5871E+25  1.9749E-05  7.0778E+03  7.4643E-05  3.5357E-04  7.1845E-06
 3.5964E+25  1.9996E-05  7.0775E+03  7.4643E-05  3.4973E-04  7.1845E-06
 3.6056E+25  1.9965E-05  7.0771E+03  7.4643E-05  3.4592E-04  7.1845E-06
 3.6149E+25  2.0024E-05  7.0767E+03  7.4643E-05  3.4214E-04  7.1845E-06
 3.6241E+25  2.0269E-05  7.0763E+03  7.4643E-05  3.3842E-04  7.1845E-06
 3.6334E+25  2.0429E-05  7.0759E+03  7.4643E-05  3.3479E-04  7.1845E-06
 3.6426E+25  2.0298E-05  7.0756E+03  7.4643E-05  3.3125E-04  7.1845E-06
 3.6519E+25  2.0543E-05  7.0752E+03  7.4643E-05  3.2776E-04  7.1845E-06
 3.6612E+25  2.0795E-05  7.0749E+03  7.4643E-05  3.2428E-04  7.1845E-06
 3.6704E+25  2.0686E-05  7.0745E+03  7.4643E-05  3.2082E-04  7.1845E-06
 3.6797E+25  2.0817E-05  7.0742E+03  7.4643E-05  3.1739E-04  7.1845E-06
 3.6889E+25  2.1067E-05  7.0738E+03  7.4643E-05  3.1401E-04  7.1845E-06
 3.6982E+25  2.1185E-05  7.0735E+03  7.4643E-05  3.1072E-04  7.1845E-06
 3.7074E+25  2.1089E-05  7.0732E+03  7.4643E-05  3.0749E-04  7.1845E-06
 3.7167E+25  2.1339E-05  7.0728E+03  7.4643E-05  3.0433E-04  7.1845E-06
 3.7260E+25  2.1596E-05  7.0725E+03  7.4643E-05  3.0117E-04  7.1845E-06
 3.7352E+25  2.1466E-05  7.0722E+03  7.4643E-05  2.9803E-04  7.1845E-06
 3.7445E+25  2.1611E-05  7.0719E+03  7.4643E-05  2.9492E-04  7.1845E-06
 3.7537E+25  2.1865E-05  7.0715E+03  7.4643E-05  2.9183E-04  7.1845E-06
 3.7630E+25  2.2001E-05  7.0712E+03  7.4643E-05  2.8883E-04  7.1845E-06
 3.7722E+25  2.1882E-05  7.0709E+03  7.4643E-05  2.8588E-04  7.1845E-06
 3.7815E+25  2.2136E-05  7.0706E+03  7.4643E-05  2.8301E-04  7.1845E-06
 3.7908E+25  2.2397E-05  7.0703E+03  7.4643E-05  2.8014E-04  7.1845E-06
 3.8000E+25  2.2310E-05  7.0700E+03  7.4643E-05  2.7729E-04  7.1845E-06
 3.8093E+25  2.2407E-05  7.0697E+03  7.4643E-05  2.7445E-04  7.1845E-06
 3.8185E+25  2.2665E-05  7.0694E+03  7.4643E-05  2.7164E-04  7.1845E-06
 3.8278E+25  2.2884E-05  7.0691E+03  7.4643E-05  2.6889E-04  7.1845E-06
 3.8370E+25  2.2676E-05  7.0689E+03  7.4643E-05  2.6619E-04  7.1845E-06
 3.8463E+25  2.2935E-05  7.0686E+03  7.4643E-05  2.6355E-04  7.1845E-06
 3.8556E+25  2.3197E-05  7.0683E+03  7.4643E-05  2.6096E-04  7.1845E-06
 3.8648E+25  2.3224E-05  7.0680E+03  7.4643E-05  2.5837E-04  7.1845E-06
 3.8741E+25  2.3204E-05  7.0678E+03  7.4643E-05  2.5579E-04  7.1845E-06
 3.8833E+25  2.3465E-05  7.0675E+03  7.4643E-05  2.5323E-04  7.1845E-06
 3.8926E+25  2.3733E-05  7.0672E+03  7.4643E-05  2.5069E-04  7.1845E-06
 3.9018E+25  2.3576E-05  7.0670E+03  7.4643E-05  2.4822E-04  7.1845E-06
 3.9111E+25  2.3734E-05  7.0667E+03  7.4643E-05  2.4578E-04  7.1845E-06
 3.9204E+25  2.3999E-05  7.0665E+03  7.4643E-05  2.4342E-04  7.1845E-06
 3.9296E+25  2.4213E-05  7.0662E+03  7.4643E-05  2.4107E-04  7.1845E-06
 3.9389E+25  2.4001E-05  7.0659E+03  7.4643E-05  2.3872E-04  7.1845E-06
 3.9481E+25  2.4267E-05  7.0657E+03  7.4643E-05  2.3639E-04  7.1845E-06
 3.9574E+25  2.4535E-05  7.0655E+03  7.4643E-05  2.3408E-04  7.1845E-06
 3.9666E+25  2.4601E-05  7.0652E+03  7.4643E-05  2.3178E-04  7.1845E-06
 3.9759E+25  2.4533E-05  7.0650E+03  7.4643E-05  2.2955E-04  7.1845E-06
 3.9852E+25  2.4802E-05  7.0647E+03  7.4643E-05  2.2735E-04  7.1845E-06
 3.9944E+25  2.5076E-05  7.0645E+03  7.4643E-05  2.2521E-04  7.1845E-06
 4.0037E+25  2.5004E-05  7.0643E+03  7.4643E-05  2.2309E-04  7.1845E-06
 4.0129E+25  2.5069E-05  7.0640E+03  7.4643E-05  2.2096E-04  7.1845E-06
 4.0222E+25  2.5339E-05  7.0638E+03  7.4643E-05  2.1885E-04  7.1845E-06
 4.0314E+25  2.5618E-05  7.0636E+03  7.4643E-05  2.1676E-04  7.1845E-06
 4.0407E+25  2.5425E-05  7.0633E+03  7.4643E-05  2.1468E-04  7.1845E-06
 4.0500E+25  2.5606E-05  7.0631E+03  7.4643E-05  2.1265E-04  7.1845E-06
 4.0592E+25  2.5880E-05  7.0629E+03  7.4643E-05  2.1065E-04  7.1845E-06
 4.0685E+25  2.6148E-05  7.0627E+03  7.4643E-05  2.0871E-04  7.1845E-06
 4.0777E+25  2.5876E-05  7.0625E+03  7.4643E-05  2.0679E-04  7.1845E-06
 4.0870E+25  2.6146E-05  7.0623E+03  7.4643E-05  2.0487E-04  7.1845E-06
 4.0962E+25  2.6423E-05  7.0621E+03  7.4643E-05  2.0296E-04  7.1845E-06
 4.1055E+25  2.6615E-05  7.0619E+03  7.4643E-05  2.0106E-04  7.1845E-06
 4.1148E+25  2.6411E-05  7.0617E+03  7.4643E-05  1.9917E-04  7.1845E-06
 4.1240E+25  2.6689E-05  7.0615E+03  7.4643E-05  1.9732E-04  7.1845E-06
 4.1333E+25  2.6969E-05  7.0613E+03  7.4643E-05  1.9550E-04  7.1845E-06
 4.1425E+25  2.7097E-05  7.0610E+03  7.4643E-05  1.9372E-04  7.1845E-06
 4.1518E+25  2.6952E-05  7.0609E+03  7.4643E-05  1.9199E-04  7.1845E-06
 4.1610E+25  2.7233E-05  7.0607E+03  7.4643E-05  1.9025E-04  7.1845E-06
 4.1703E+25  2.7516E-05  7.0605E+03  7.4643E-05  1.8852E-04  7.1845E-06
 4.1796E+25  2.7598E-05  7.0603E+03  7.4643E-05  1.8679E-04  7.1845E-06
 4.1888E+25  2.7497E-05  7.0601E+03  7.4643E-05  1.8508E-04  7.1845E-06
 4.1981E+25  2.7781E-05  7.0599E+03  7.4643E-05  1.8339E-04  7.1845E-06
 4.2073E+25  2.8066E-05  7.0597E+03  7.4643E-05  1.8173E-04  7.1845E-06
 4.2166E+25  2.8120E-05  7.0595E+03  7.4643E-05  1.8009E-04  7.1845E-06
 4.2258E+25  2.8043E-05  7.0594E+03  7.4643E-05  1.7851E-04  7.1845E-06
 4.2351E+25  2.8330E-05  7.0592E+03  7.4643E-05  1.7694E-04  7.1845E-06
 4.2443E+25  2.8618E-05  7.0590E+03  7.4643E-05  1.7537E-04  7.1845E-06
 4.2536E+25  2.8663E-05  7.0588E+03  7.4643E-05  1.7381E-04  7.1845E-06
 4.2629E+25  2.8593E-05  7.0586E+03  7.4643E-05  1.7225E-04  7.1845E-06
 4.2721E+25  2.8883E-05  7.0585E+03  7.4643E-05  1.7071E-04  7.1845E-06
 4.2814E+25  2.9173E-05  7.0583E+03  7.4643E-05  1.6918E-04  7.1845E-06
 4.2906E+25  2.9229E-05  7.0581E+03  7.4643E-05  1.6769E-04  7.1845E-06
 4.2999E+25  2.9145E-05  7.0580E+03  7.4643E-05  1.6621E-04  7.1845E-06
 4.3091E+25  2.9437E-05  7.0578E+03  7.4643E-05  1.6478E-04  7.1845E-06
 4.3184E+25  2.9730E-05  7.0576E+03  7.4643E-05  1.6337E-04  7.1845E-06
 4.3277E+25  2.9818E-05  7.0575E+03  7.4643E-05  1.6195E-04  7.1845E-06
 4.3369E+25  2.9700E-05  7.0573E+03  7.4643E-05  1.6054E-04  7.1845E-06
 4.3462E+25  2.9994E-05  7.0572E+03  7.4643E-05  1.5914E-04  7.1845E-06
 4.3554E+25  3.0289E-05  7.0570E+03  7.4643E-05  1.5774E-04  7.1845E-06
 4.3647E+25  3.0431E-05  7.0568E+03  7.4643E-05  1.5636E-04  7.1845E-06
 4.3739E+25  3.0257E-05  7.0567E+03  7.4643E-05  1.5501E-04  7.1845E-06
 4.3832E+25  3.0552E-05  7.0565E+03  7.4643E-05  1.5368E-04  7.1845E-06
 4.3925E+25  3.0852E-05  7.0564E+03  7.4643E-05  1.5238E-04  7.1845E-06
 4.4017E+25  3.1068E-05  7.0562E+03  7.4643E-05  1.5111E-04  7.1845E-06
 4.4110E+25  3.0817E-05  7.0561E+03  7.4643E-05  1.4983E-04  7.1845E-06
 4.4202E+25  3.1112E-05  7.0559E+03  7.4643E-05  1.4855E-04  7.1845E-06
 4.4295E+25  3.1416E-05  7.0558E+03  7.4643E-05  1.4728E-04  7.1845E-06
 4.4387E+25  3.1712E-05  7.0556E+03  7.4643E-05  1.4602E-04  7.1845E-06
 4.4480E+25  3.1400E-05  7.0555E+03  7.4643E-05  1.4477E-04  7.1845E-06
 4.4573E+25  3.1677E-05  7.0554E+03  7.4643E-05  1.4354E-04  7.1845E-06
 4.4665E+25  3.1983E-05  7.0552E+03  7.4643E-05  1.4233E-04  7.1845E-06
 4.4758E+25  3.2288E-05  7.0551E+03  7.4643E-05  1.4115E-04  7.1845E-06
 4.4850E+25  3.2078E-05  7.0549E+03  7.4643E-05  1.3999E-04  7.1845E-06
 4.4943E+25  3.2245E-05  7.0548E+03  7.4643E-05  1.3884E-04  7.1845E-06
 4.5035E+25  3.2552E-05  7.0547E+03  7.4643E-05  1.3769E-04  7.1845E-06
 4.5128E+25  3.2861E-05  7.0545E+03  7.4643E-05  1.3654E-04  7.1845E-06
 4.5221E+25  3.2792E-05  7.0544E+03  7.4643E-05  1.3540E-04  7.1845E-06
 4.5313E+25  3.2817E-05  7.0543E+03  7.4643E-05  1.3426E-04  7.1845E-06
 4.5406E+25  3.3122E-05  7.0541E+03  7.4643E-05  1.3314E-04  7.1845E-06
 4.5498E+25  3.3436E-05  7.0540E+03  7.4643E-05  1.3204E-04  7.1845E-06
 4.5591E+25  3.3534E-05  7.0539E+03  7.4643E-05  1.3095E-04  7.1845E-06
 4.5683E+25  3.3389E-05  7.0537E+03  7.4643E-05  1.2990E-04  7.1845E-06
 4.5776E+25  3.3697E-05  7.0536E+03  7.4643E-05  1.2886E-04  7.1845E-06
 4.5869E+25  3.4013E-05  7.0535E+03  7.4643E-05  1.2782E-04  7.1845E-06
 4.5961E+25  3.4305E-05  7.0534E+03  7.4643E-05  1.2679E-04  7.1845E-06
 4.6054E+25  3.3965E-05  7.0533E+03  7.4643E-05  1.2575E-04  7.1845E-06
 4.6146E+25  3.4276E-05  7.0531E+03  7.4643E-05  1.2472E-04  7.1845E-06
 4.6239E+25  3.4591E-05  7.0530E+03  7.4643E-05  1.2370E-04  7.1845E-06
 4.6331E+25  3.4911E-05  7.0529E+03  7.4643E-05  1.2270E-04  7.1845E-06
 4.6424E+25  3.4740E-05  7.0528E+03  7.4643E-05  1.2170E-04  7.1845E-06
 4.6517E+25  3.4858E-05  7.0526E+03  7.4643E-05  1.2072E-04  7.1845E-06
 4.6609E+25  3.5172E-05  7.0525E+03  7.4643E-05  1.1978E-04  7.1845E-06
 4.6702E+25  3.5497E-05  7.0524E+03  7.4643E-05  1.1884E-04  7.1845E-06
 4.6794E+25  3.5572E-05  7.0523E+03  7.4643E-05  1.1790E-04  7.1845E-06
 4.6887E+25  3.5439E-05  7.0522E+03  7.4643E-05  1.1697E-04  7.1845E-06
 4.6979E+25  3.5761E-05  7.0521E+03  7.4643E-05  1.1604E-04  7.1845E-06
 4.7072E+25  3.6083E-05  7.0520E+03  7.4643E-05  1.1511E-04  7.1845E-06
 4.7165E+25  3.6403E-05  7.0518E+03  7.4643E-05  1.1419E-04  7.1845E-06
 4.7257E+25  3.6057E-05  7.0517E+03  7.4643E-05  1.1328E-04  7.1845E-06
 4.7350E+25  3.6351E-05  7.0516E+03  7.4643E-05  1.1238E-04  7.1845E-06
 4.7442E+25  3.6672E-05  7.0515E+03  7.4643E-05  1.1149E-04  7.1845E-06
 4.7535E+25  3.7005E-05  7.0514E+03  7.4643E-05  1.1064E-04  7.1845E-06
 4.7627E+25  3.6945E-05  7.0513E+03  7.4643E-05  1.0979E-04  7.1845E-06
 4.7720E+25  3.6939E-05  7.0512E+03  7.4643E-05  1.0895E-04  7.1845E-06
 4.7813E+25  3.7270E-05  7.0511E+03  7.4643E-05  1.0810E-04  7.1845E-06
 4.7905E+25  3.7598E-05  7.0510E+03  7.4643E-05  1.0726E-04  7.1845E-06
 4.7998E+25  3.7878E-05  7.0509E+03  7.4643E-05  1.0643E-04  7.1845E-06
 4.8090E+25  3.7529E-05  7.0508E+03  7.4643E-05  1.0560E-04  7.1845E-06
 4.8183E+25  3.7867E-05  7.0507E+03  7.4643E-05  1.0477E-04  7.1845E-06
 4.8275E+25  3.8198E-05  7.0506E+03  7.4643E-05  1.0396E-04  7.1845E-06
 4.8368E+25  3.8535E-05  7.0505E+03  7.4643E-05  1.0315E-04  7.1845E-06
 4.8461E+25  3.8438E-05  7.0504E+03  7.4643E-05  1.0237E-04  7.1845E-06
 4.8553E+25  3.8463E-05  7.0503E+03  7.4643E-05  1.0161E-04  7.1845E-06
 4.8646E+25  3.8805E-05  7.0502E+03  7.4643E-05  1.0085E-04  7.1845E-06
 4.8738E+25  3.9137E-05  7.0501E+03  7.4643E-05  1.0009E-04  7.1845E-06
 4.8831E+25  3.9439E-05  7.0500E+03  7.4643E-05  9.9326E-05  7.1845E-06
 4.8923E+25  3.9064E-05  7.0499E+03  7.4643E-05  9.8572E-05  7.1845E-06
 4.9016E+25  3.9408E-05  7.0498E+03  7.4643E-05  9.7820E-05  7.1845E-06
 4.9109E+25  3.9750E-05  7.0497E+03  7.4643E-05  9.7071E-05  7.1845E-06
 4.9201E+25  4.0089E-05  7.0496E+03  7.4643E-05  9.6332E-05  7.1845E-06
 4.9294E+25  4.0059E-05  7.0495E+03  7.4643E-05  9.5602E-05  7.1845E-06
 4.9386E+25  4.0012E-05  7.0495E+03  7.4643E-05  9.4877E-05  7.1845E-06
 4.9479E+25  4.0362E-05  7.0494E+03  7.4643E-05  9.4179E-05  7.1845E-06
 4.9571E+25  4.0705E-05  7.0493E+03  7.4643E-05  9.3493E-05  7.1845E-06
 4.9664E+25  4.1050E-05  7.0492E+03  7.4643E-05  9.2810E-05  7.1845E-06
 4.9757E+25  4.0708E-05  7.0491E+03  7.4643E-05  9.2126E-05  7.1845E-06
 4.9849E+25  4.0972E-05  7.0490E+03  7.4643E-05  9.1443E-05  7.1845E-06
 4.9942E+25  4.1327E-05  7.0489E+03  7.4643E-05  9.0764E-05  7.1845E-06
 5.0034E+25  4.1672E-05  7.0488E+03  7.4643E-05  9.0088E-05  7.1845E-06
 5.0127E+25  4.1813E-05  7.0487E+03  7.4643E-05  8.9414E-05  7.1845E-06
 5.0219E+25  4.1594E-05  7.0487E+03  7.4643E-05  8.8749E-05  7.1845E-06
 5.0312E+25  4.1944E-05  7.0486E+03  7.4643E-05  8.8091E-05  7.1845E-06
 5.0405E+25  4.2302E-05  7.0485E+03  7.4643E-05  8.7438E-05  7.1845E-06
 5.0497E+25  4.2650E-05  7.0484E+03  7.4643E-05  8.6807E-05  7.1845E-06
 5.0590E+25  4.2527E-05  7.0483E+03  7.4643E-05  8.6190E-05  7.1845E-06
 5.0682E+25  4.2569E-05  7.0483E+03  7.4643E-05  8.5576E-05  7.1845E-06
 5.0775E+25  4.2926E-05  7.0482E+03  7.4643E-05  8.4960E-05  7.1845E-06
 5.0867E+25  4.3288E-05  7.0481E+03  7.4643E-05  8.4346E-05  7.1845E-06
 5.0960E+25  4.3634E-05  7.0480E+03  7.4643E-05  8.3734E-05  7.1845E-06
 5.1053E+25  4.3277E-05  7.0479E+03  7.4643E-05  8.3125E-05  7.1845E-06
 5.1145E+25  4.3556E-05  7.0479E+03  7.4643E-05  8.2518E-05  7.1845E-06
 5.1238E+25  4.3919E-05  7.0478E+03  7.4643E-05  8.1916E-05  7.1845E-06
 5.1330E+25  4.4285E-05  7.0477E+03  7.4643E-05  8.1323E-05  7.1845E-06
 5.1423E+25  4.4489E-05  7.0476E+03  7.4643E-05  8.0733E-05  7.1845E-06
 5.1515E+25  4.4201E-05  7.0475E+03  7.4643E-05  8.0156E-05  7.1845E-06
 5.1608E+25  4.4555E-05  7.0475E+03  7.4643E-05  7.9600E-05  7.1845E-06
 5.1701E+25  4.4924E-05  7.0474E+03  7.4643E-05  7.9047E-05  7.1845E-06
 5.1793E+25  4.5293E-05  7.0473E+03  7.4643E-05  7.8494E-05  7.1845E-06
 5.1886E+25  4.5307E-05  7.0472E+03  7.4643E-05  7.7939E-05  7.1845E-06
 5.1978E+25  4.5208E-05  7.0472E+03  7.4643E-05  7.7388E-05  7.1845E-06
 5.2071E+25  4.5566E-05  7.0471E+03  7.4643E-05  7.6840E-05  7.1845E-06
 5.2163E+25  4.5940E-05  7.0470E+03  7.4643E-05  7.6293E-05  7.1845E-06
 5.2256E+25  4.6313E-05  7.0469E+03  7.4643E-05  7.5748E-05  7.1845E-06
 5.2349E+25  4.6160E-05  7.0469E+03  7.4643E-05  7.5210E-05  7.1845E-06
 5.2441E+25  4.6227E-05  7.0468E+03  7.4643E-05  7.4677E-05  7.1845E-06
 5.2534E+25  4.6590E-05  7.0467E+03  7.4643E-05  7.4147E-05  7.1845E-06
 5.2626E+25  4.6967E-05  7.0467E+03  7.4643E-05  7.3636E-05  7.1845E-06
 5.2719E+25  4.7345E-05  7.0466E+03  7.4643E-05  7.3138E-05  7.1845E-06
 5.2811E+25  4.7049E-05  7.0465E+03  7.4643E-05  7.2641E-05  7.1845E-06
 5.2904E+25  4.7259E-05  7.0465E+03  7.4643E-05  7.2144E-05  7.1845E-06
 5.2997E+25  4.7626E-05  7.0464E+03  7.4643E-05  7.1647E-05  7.1845E-06
 5.3089E+25  4.8007E-05  7.0463E+03  7.4643E-05  7.1152E-05  7.1845E-06
 5.3182E+25  4.8383E-05  7.0462E+03  7.4643E-05  7.0659E-05  7.1845E-06
 5.3274E+25  4.7982E-05  7.0462E+03  7.4643E-05  7.0167E-05  7.1845E-06
 5.3367E+25  4.8302E-05  7.0461E+03  7.4643E-05  6.9677E-05  7.1845E-06
 5.3459E+25  4.8676E-05  7.0461E+03  7.4643E-05  6.9194E-05  7.1845E-06
 5.3552E+25  4.9058E-05  7.0460E+03  7.4643E-05  6.8714E-05  7.1845E-06
 5.3645E+25  4.9410E-05  7.0459E+03  7.4643E-05  6.8237E-05  7.1845E-06
 5.3737E+25  4.8978E-05  7.0459E+03  7.4643E-05  6.7778E-05  7.1845E-06
 5.3830E+25  4.9359E-05  7.0458E+03  7.4643E-05  6.7330E-05  7.1845E-06
 5.3922E+25  4.9739E-05  7.0457E+03  7.4643E-05  6.6884E-05  7.1845E-06
 5.4015E+25  5.0121E-05  7.0457E+03  7.4643E-05  6.6437E-05  7.1845E-06
 5.4107E+25  5.0423E-05  7.0456E+03  7.4643E-05  6.5990E-05  7.1845E-06
 5.4200E+25  5.0042E-05  7.0455E+03  7.4643E-05  6.5545E-05  7.1845E-06
 5.4292E+25  5.0429E-05  7.0455E+03  7.4643E-05  6.5102E-05  7.1845E-06
 5.4385E+25  5.0815E-05  7.0454E+03  7.4643E-05  6.4660E-05  7.1845E-06
 5.4478E+25  5.1198E-05  7.0454E+03  7.4643E-05  6.4219E-05  7.1845E-06
 5.4570E+25  5.1472E-05  7.0453E+03  7.4643E-05  6.3784E-05  7.1845E-06
 5.4663E+25  5.1125E-05  7.0452E+03  7.4643E-05  6.3352E-05  7.1845E-06
 5.4755E+25  5.1513E-05  7.0452E+03  7.4643E-05  6.2921E-05  7.1845E-06
 5.4848E+25  5.1905E-05  7.0451E+03  7.4643E-05  6.2501E-05  7.1845E-06
 5.4940E+25  5.2291E-05  7.0451E+03  7.4643E-05  6.2097E-05  7.1845E-06
 5.5033E+25  5.2562E-05  7.0450E+03  7.4643E-05  6.1695E-05  7.1845E-06
 5.5126E+25  5.2222E-05  7.0449E+03  7.4643E-05  6.1295E-05  7.1845E-06
 5.5218E+25  5.2608E-05  7.0449E+03  7.4643E-05  6.0893E-05  7.1845E-06
 5.5311E+25  5.3009E-05  7.0448E+03  7.4643E-05  6.0493E-05  7.1845E-06
 5.5403E+25  5.3400E-05  7.0448E+03  7.4643E-05  6.0095E-05  7.1845E-06
 5.5496E+25  5.3693E-05  7.0447E+03  7.4643E-05  5.9697E-05  7.1845E-06
 5.5588E+25  5.3333E-05  7.0447E+03  7.4643E-05  5.9301E-05  7.1845E-06
 5.5681E+25  5.3719E-05  7.0446E+03  7.4643E-05  5.8906E-05  7.1845E-06
 5.5774E+25  5.4126E-05  7.0445E+03  7.4643E-05  5.8516E-05  7.1845E-06
 5.5866E+25  5.4526E-05  7.0445E+03  7.4643E-05  5.8128E-05  7.1845E-06
 5.5959E+25  5.4867E-05  7.0444E+03  7.4643E-05  5.7742E-05  7.1845E-06
 5.6051E+25  5.4455E-05  7.0444E+03  7.4643E-05  5.7371E-05  7.1845E-06
 5.6144E+25  5.4852E-05  7.0443E+03  7.4643E-05  5.7009E-05  7.1845E-06
 5.6236E+25  5.5257E-05  7.0443E+03  7.4643E-05  5.6649E-05  7.1845E-06
 5.6329E+25  5.5665E-05  7.0442E+03  7.4643E-05  5.6289E-05  7.1845E-06
 5.6422E+25  5.6049E-05  7.0442E+03  7.4643E-05  5.5929E-05  7.1845E-06
 5.6514E+25  5.5631E-05  7.0441E+03  7.4643E-05  5.5570E-05  7.1845E-06
 5.6607E+25  5.6001E-05  7.0440E+03  7.4643E-05  5.5212E-05  7.1845E-06
 5.6699E+25  5.6400E-05  7.0440E+03  7.4643E-05  5.4855E-05  7.1845E-06
 5.6792E+25  5.6818E-05  7.0439E+03  7.4643E-05  5.4499E-05  7.1845E-06
 5.6884E+25  5.7224E-05  7.0439E+03  7.4643E-05  5.4145E-05  7.1845E-06
 5.6977E+25  5.6880E-05  7.0438E+03  7.4643E-05  5.3795E-05  7.1845E-06
 5.7070E+25  5.7162E-05  7.0438E+03  7.4643E-05  5.3446E-05  7.1845E-06
 5.7162E+25  5.7565E-05  7.0437E+03  7.4643E-05  5.3099E-05  7.1845E-06
 5.7255E+25  5.7986E-05  7.0437E+03  7.4643E-05  5.2765E-05  7.1845E-06
 5.7347E+25  5.8403E-05  7.0436E+03  7.4643E-05  5.2440E-05  7.1845E-06
 5.7440E+25  5.8188E-05  7.0436E+03  7.4643E-05  5.2117E-05  7.1845E-06
 5.7532E+25  5.8335E-05  7.0435E+03  7.4643E-05  5.1795E-05  7.1845E-06
 5.7625E+25  5.8753E-05  7.0435E+03  7.4643E-05  5.1472E-05  7.1845E-06
 5.7718E+25  5.9166E-05  7.0434E+03  7.4643E-05  5.1149E-05  7.1845E-06
 5.7810E+25  5.9594E-05  7.0434E+03  7.4643E-05  5.0827E-05  7.1845E-06
 5.7903E+25  5.9554E-05  7.0433E+03  7.4643E-05  5.0507E-05  7.1845E-06
 5.7995E+25  5.9524E-05  7.0433E+03  7.4643E-05  5.0188E-05  7.1845E-06
 5.8088E+25  5.9954E-05  7.0432E+03  7.4643E-05  4.9869E-05  7.1845E-06
 5.8180E+25  6.0368E-05  7.0432E+03  7.4643E-05  4.9553E-05  7.1845E-06
 5.8273E+25  6.0800E-05  7.0431E+03  7.4643E-05  4.9240E-05  7.1845E-06
 5.8366E+25  6.0966E-05  7.0431E+03  7.4643E-05  4.8927E-05  7.1845E-06
 5.8458E+25  6.0734E-05  7.0430E+03  7.4643E-05  4.8621E-05  7.1845E-06
 5.8551E+25  6.1166E-05  7.0430E+03  7.4643E-05  4.8327E-05  7.1845E-06
 5.8643E+25  6.1597E-05  7.0429E+03  7.4643E-05  4.8037E-05  7.1845E-06
 5.8736E+25  6.2019E-05  7.0429E+03  7.4643E-05  4.7748E-05  7.1845E-06
 5.8828E+25  6.2417E-05  7.0428E+03  7.4643E-05  4.7458E-05  7.1845E-06
 5.8921E+25  6.1979E-05  7.0428E+03  7.4643E-05  4.7168E-05  7.1845E-06
 5.9014E+25  6.2394E-05  7.0428E+03  7.4643E-05  4.6880E-05  7.1845E-06
 5.9106E+25  6.2836E-05  7.0427E+03  7.4643E-05  4.6592E-05  7.1845E-06
 5.9199E+25  6.3265E-05  7.0427E+03  7.4643E-05  4.6305E-05  7.1845E-06
 5.9291E+25  6.3703E-05  7.0426E+03  7.4643E-05  4.6019E-05  7.1845E-06
 5.9384E+25  6.3448E-05  7.0426E+03  7.4643E-05  4.5733E-05  7.1845E-06
 5.9476E+25  6.3651E-05  7.0425E+03  7.4643E-05  4.5450E-05  7.1845E-06
 5.9569E+25  6.4089E-05  7.0425E+03  7.4643E-05  4.5169E-05  7.1845E-06
 5.9662E+25  6.4536E-05  7.0424E+03  7.4643E-05  4.4888E-05  7.1845E-06
 5.9754E+25  6.4964E-05  7.0424E+03  7.4643E-05  4.4617E-05  7.1845E-06
 5.9847E+25  6.5005E-05  7.0423E+03  7.4643E-05  4.4354E-05  7.1845E-06
 5.9939E+25  6.4931E-05  7.0423E+03  7.4643E-05  4.4094E-05  7.1845E-06
 6.0032E+25  6.5364E-05  7.0423E+03  7.4643E-05  4.3835E-05  7.1845E-06
 6.0124E+25  6.5813E-05  7.0422E+03  7.4643E-05  4.3575E-05  7.1845E-06
 6.0217E+25  6.6262E-05  7.0422E+03  7.4643E-05  4.3315E-05  7.1845E-06
 6.0310E+25  6.6607E-05  7.0421E+03  7.4643E-05  4.3057E-05  7.1845E-06
 6.0402E+25  6.6228E-05  7.0421E+03  7.4643E-05  4.2799E-05  7.1845E-06
 6.0495E+25  6.6671E-05  7.0420E+03  7.4643E-05  4.2542E-05  7.1845E-06
 6.0587E+25  6.7110E-05  7.0420E+03  7.4643E-05  4.2285E-05  7.1845E-06
 6.0680E+25  6.7569E-05  7.0419E+03  7.4643E-05  4.2028E-05  7.1845E-06
 6.0772E+25  6.8017E-05  7.0419E+03  7.4643E-05  4.1775E-05  7.1845E-06
 6.0865E+25  6.7792E-05  7.0419E+03  7.4643E-05  4.1522E-05  7.1845E-06
 6.0958E+25  6.7993E-05  7.0418E+03  7.4643E-05  4.1270E-05  7.1845E-06
 6.1050E+25  6.8442E-05  7.0418E+03  7.4643E-05  4.1024E-05  7.1845E-06
 6.1143E+25  6.8892E-05  7.0417E+03  7.4643E-05  4.0788E-05  7.1845E-06
 6.1235E+25  6.9358E-05  7.0417E+03  7.4643E-05  4.0554E-05  7.1845E-06
 6.1328E+25  6.9499E-05  7.0417E+03  7.4643E-05  4.0322E-05  7.1845E-06
 6.1420E+25  6.9336E-05  7.0416E+03  7.4643E-05  4.0089E-05  7.1845E-06
 6.1513E+25  6.9792E-05  7.0416E+03  7.4643E-05  3.9856E-05  7.1845E-06
 6.1606E+25  7.0247E-05  7.0415E+03  7.4643E-05  3.9624E-05  7.1845E-06
 6.1698E+25  7.0706E-05  7.0415E+03  7.4643E-05  3.9393E-05  7.1845E-06
 6.1791E+25  7.1170E-05  7.0414E+03  7.4643E-05  3.9162E-05  7.1845E-06
 6.1883E+25  7.0797E-05  7.0414E+03  7.4643E-05  3.8932E-05  7.1845E-06
 6.1976E+25  7.1165E-05  7.0414E+03  7.4643E-05  3.8702E-05  7.1845E-06
 6.2068E+25  7.1626E-05  7.0413E+03  7.4643E-05  3.8473E-05  7.1845E-06
 6.2161E+25  7.2087E-05  7.0413E+03  7.4643E-05  3.8246E-05  7.1845E-06
 6.2254E+25  7.2555E-05  7.0412E+03  7.4643E-05  3.8020E-05  7.1845E-06
 6.2346E+25  7.2622E-05  7.0412E+03  7.4643E-05  3.7794E-05  7.1845E-06
 6.2439E+25  7.2550E-05  7.0412E+03  7.4643E-05  3.7579E-05  7.1845E-06
 6.2531E+25  7.3028E-05  7.0411E+03  7.4643E-05  3.7368E-05  7.1845E-06
 6.2624E+25  7.3496E-05  7.0411E+03  7.4643E-05  3.7159E-05  7.1845E-06
 6.2716E+25  7.3962E-05  7.0411E+03  7.4643E-05  3.6951E-05  7.1845E-06
 6.2809E+25  7.4421E-05  7.0410E+03  7.4643E-05  3.6743E-05  7.1845E-06
 6.2902E+25  7.4046E-05  7.0410E+03  7.4643E-05  3.6535E-05  7.1845E-06
 6.2994E+25  7.4443E-05  7.0409E+03  7.4643E-05  3.6327E-05  7.1845E-06
 6.3087E+25  7.4927E-05  7.0409E+03  7.4643E-05  3.6119E-05  7.1845E-06
 6.3179E+25  7.5402E-05  7.0409E+03  7.4643E-05  3.5913E-05  7.1845E-06
 6.3272E+25  7.5875E-05  7.0408E+03  7.4643E-05  3.5706E-05  7.1845E-06
 6.3364E+25  7.5952E-05  7.0408E+03  7.4643E-05  3.5500E-05  7.1845E-06
 6.3457E+25  7.5905E-05  7.0407E+03  7.4643E-05  3.5295E-05  7.1845E-06
 6.3550E+25  7.6373E-05  7.0407E+03  7.4643E-05  3.5092E-05  7.1845E-06
 6.3642E+25  7.6863E-05  7.0407E+03  7.4643E-05  3.4889E-05  7.1845E-06
 6.3735E+25  7.7345E-05  7.0406E+03  7.4643E-05  3.4687E-05  7.1845E-06
 6.3827E+25  7.7816E-05  7.0406E+03  7.4643E-05  3.4494E-05  7.1845E-06
 6.3920E+25  7.7492E-05  7.0406E+03  7.4643E-05  3.4305E-05  7.1845E-06
 6.4012E+25  7.7865E-05  7.0405E+03  7.4643E-05  3.4118E-05  7.1845E-06
 6.4105E+25  7.8341E-05  7.0405E+03  7.4643E-05  3.3932E-05  7.1845E-06
 6.4198E+25  7.8838E-05  7.0404E+03  7.4643E-05  3.3746E-05  7.1845E-06
 6.4290E+25  7.9326E-05  7.0404E+03  7.4643E-05  3.3559E-05  7.1845E-06
 6.4383E+25  7.9520E-05  7.0404E+03  7.4643E-05  3.3373E-05  7.1845E-06
 6.4475E+25  7.9372E-05  7.0403E+03  7.4643E-05  3.3187E-05  7.1845E-06
 6.4568E+25  7.9866E-05  7.0403E+03  7.4643E-05  3.3002E-05  7.1845E-06
 6.4660E+25  8.0348E-05  7.0402E+03  7.4643E-05  3.2817E-05  7.1845E-06
 6.4753E+25  8.0853E-05  7.0402E+03  7.4643E-05  3.2632E-05  7.1845E-06
 6.4846E+25  8.1345E-05  7.0402E+03  7.4643E-05  3.2448E-05  7.1845E-06
 6.4938E+25  8.1180E-05  7.0401E+03  7.4643E-05  3.2265E-05  7.1845E-06
 6.5031E+25  8.1406E-05  7.0401E+03  7.4643E-05  3.2083E-05  7.1845E-06
 6.5123E+25  8.1908E-05  7.0401E+03  7.4643E-05  3.1901E-05  7.1845E-06
 6.5216E+25  8.2395E-05  7.0400E+03  7.4643E-05  3.1725E-05  7.1845E-06
 6.5308E+25  8.2907E-05  7.0400E+03  7.4643E-05  3.1555E-05  7.1845E-06
 6.5401E+25  8.3325E-05  7.0400E+03  7.4643E-05  3.1386E-05  7.1845E-06
 6.5494E+25  8.2988E-05  7.0399E+03  7.4643E-05  3.1220E-05  7.1845E-06
 6.5586E+25  8.3482E-05  7.0399E+03  7.4643E-05  3.1053E-05  7.1845E-06
 6.5679E+25  8.3991E-05  7.0398E+03  7.4643E-05  3.0886E-05  7.1845E-06
 6.5771E+25  8.4484E-05  7.0398E+03  7.4643E-05  3.0719E-05  7.1845E-06
 6.5864E+25  8.5003E-05  7.0398E+03  7.4643E-05  3.0552E-05  7.1845E-06
 6.5956E+25  8.5110E-05  7.0397E+03  7.4643E-05  3.0387E-05  7.1845E-06
 6.6049E+25  8.5103E-05  7.0397E+03  7.4643E-05  3.0221E-05  7.1845E-06
 6.6142E+25  8.5602E-05  7.0397E+03  7.4643E-05  3.0055E-05  7.1845E-06
 6.6234E+25  8.6116E-05  7.0396E+03  7.4643E-05  2.9890E-05  7.1845E-06
 6.6327E+25  8.6618E-05  7.0396E+03  7.4643E-05  2.9726E-05  7.1845E-06
 6.6419E+25  8.7138E-05  7.0395E+03  7.4643E-05  2.9562E-05  7.1845E-06
 6.6512E+25  8.6968E-05  7.0395E+03  7.4643E-05  2.9398E-05  7.1845E-06
 6.6604E+25  8.7261E-05  7.0395E+03  7.4643E-05  2.9236E-05  7.1845E-06
 6.6697E+25  8.7767E-05  7.0394E+03  7.4643E-05  2.9079E-05  7.1845E-06
 6.6789E+25  8.8285E-05  7.0394E+03  7.4643E-05  2.8927E-05  7.1845E-06
 6.6882E+25  8.8796E-05  7.0394E+03  7.4643E-05  2.8776E-05  7.1845E-06
 6.6975E+25  8.9267E-05  7.0393E+03  7.4643E-05  2.8627E-05  7.1845E-06
 6.7067E+25  8.8950E-05  7.0393E+03  7.4643E-05  2.8479E-05  7.1845E-06
 6.7160E+25  8.9464E-05  7.0393E+03  7.4643E-05  2.8329E-05  7.1845E-06
 6.7252E+25  8.9978E-05  7.0392E+03  7.4643E-05  2.8179E-05  7.1845E-06
 6.7345E+25  9.0499E-05  7.0392E+03  7.4643E-05  2.8031E-05  7.1845E-06
 6.7437E+25  9.1021E-05  7.0392E+03  7.4643E-05  2.7882E-05  7.1845E-06
 6.7530E+25  9.1260E-05  7.0391E+03  7.4643E-05  2.7734E-05  7.1845E-06
 6.7623E+25  9.1186E-05  7.0391E+03  7.4643E-05  2.7586E-05  7.1845E-06
 6.7715E+25  9.1709E-05  7.0391E+03  7.4643E-05  2.7438E-05  7.1845E-06
 6.7808E+25  9.2239E-05  7.0390E+03  7.4643E-05  2.7290E-05  7.1845E-06
 6.7900E+25  9.2760E-05  7.0390E+03  7.4643E-05  2.7143E-05  7.1845E-06
 6.7993E+25  9.3293E-05  7.0389E+03  7.4643E-05  2.6997E-05  7.1845E-06
 6.8085E+25  9.3320E-05  7.0389E+03  7.4643E-05  2.6851E-05  7.1845E-06
 6.8178E+25  9.3477E-05  7.0389E+03  7.4643E-05  2.6709E-05  7.1845E-06
 6.8271E+25  9.4005E-05  7.0388E+03  7.4643E-05  2.6572E-05  7.1845E-06
 6.8363E+25  9.4546E-05  7.0388E+03  7.4643E-05  2.6436E-05  7.1845E-06
 6.8456E+25  9.5073E-05  7.0388E+03  7.4643E-05  2.6303E-05  7.1845E-06
 6.8548E+25  9.5607E-05  7.0387E+03  7.4643E-05  2.6170E-05  7.1845E-06
 6.8641E+25  9.5461E-05  7.0387E+03  7.4643E-05  2.6036E-05  7.1845E-06
 6.8733E+25  9.5814E-05  7.0387E+03  7.4643E-05  2.5902E-05  7.1845E-06
 6.8826E+25  9.6354E-05  7.0386E+03  7.4643E-05  2.5769E-05  7.1845E-06
 6.8919E+25  9.6900E-05  7.0386E+03  7.4643E-05  2.5636E-05  7.1845E-06
 6.9011E+25  9.7437E-05  7.0386E+03  7.4643E-05  2.5503E-05  7.1845E-06
 6.9104E+25  9.7949E-05  7.0385E+03  7.4643E-05  2.5371E-05  7.1845E-06
 6.9196E+25  9.7702E-05  7.0385E+03  7.4643E-05  2.5238E-05  7.1845E-06
 6.9289E+25  9.8201E-05  7.0385E+03  7.4643E-05  2.5106E-05  7.1845E-06
 6.9381E+25  9.8754E-05  7.0384E+03  7.4643E-05  2.4974E-05  7.1845E-06
 6.9474E+25  9.9301E-05  7.0384E+03  7.4643E-05  2.4843E-05  7.1845E-06
 6.9567E+25  9.9854E-05  7.0383E+03  7.4643E-05  2.4712E-05  7.1845E-06
 6.9659E+25  1.0027E-04  7.0383E+03  7.4643E-05  2.4581E-05  7.1845E-06
 6.9752E+25  1.0010E-04  7.0383E+03  7.4643E-05  2.4456E-05  7.1845E-06
 6.9844E+25  1.0064E-04  7.0382E+03  7.4643E-05  2.4334E-05  7.1845E-06
 6.9937E+25  1.0120E-04  7.0382E+03  7.4643E-05  2.4212E-05  7.1845E-06
 7.0029E+25  1.0176E-04  7.0382E+03  7.4643E-05  2.4094E-05  7.1845E-06
 7.0122E+25  1.0232E-04  7.0381E+03  7.4643E-05  2.3975E-05  7.1845E-06
 7.0215E+25  1.0262E-04  7.0381E+03  7.4643E-05  2.3855E-05  7.1845E-06
 7.0307E+25  1.0259E-04  7.0381E+03  7.4643E-05  2.3736E-05  7.1845E-06
 7.0400E+25  1.0314E-04  7.0380E+03  7.4643E-05  2.3616E-05  7.1845E-06
 7.0492E+25  1.0370E-04  7.0380E+03  7.4643E-05  2.3497E-05  7.1845E-06
 7.0585E+25  1.0427E-04  7.0379E+03  7.4643E-05  2.3379E-05  7.1845E-06
 7.0677E+25  1.0483E-04  7.0379E+03  7.4643E-05  2.3260E-05  7.1845E-06
 7.0770E+25  1.0505E-04  7.0379E+03  7.4643E-05  2.3142E-05  7.1845E-06
 7.0863E+25  1.0514E-04  7.0379E+03  7.4643E-05  2.3023E-05  7.1845E-06
 7.0955E+25  1.0570E-04  7.0378E+03  7.4643E-05  2.2905E-05  7.1845E-06
 7.1048E+25  1.0626E-04  7.0378E+03  7.4643E-05  2.2788E-05  7.1845E-06
 7.1140E+25  1.0683E-04  7.0377E+03  7.4643E-05  2.2670E-05  7.1845E-06
 7.1233E+25  1.0741E-04  7.0377E+03  7.4643E-05  2.2553E-05  7.1845E-06
 7.1325E+25  1.0756E-04  7.0377E+03  7.4643E-05  2.2440E-05  7.1845E-06
 7.1418E+25  1.0775E-04  7.0377E+03  7.4643E-05  2.2331E-05  7.1845E-06
 7.1511E+25  1.0831E-04  7.0376E+03  7.4643E-05  2.2221E-05  7.1845E-06
 7.1603E+25  1.0888E-04  7.0376E+03  7.4643E-05  2.2115E-05  7.1845E-06
 7.1696E+25  1.0945E-04  7.0375E+03  7.4643E-05  2.2009E-05  7.1845E-06
 7.1788E+25  1.1003E-04  7.0375E+03  7.4643E-05  2.1902E-05  7.1845E-06
 7.1881E+25  1.1014E-04  7.0375E+03  7.4643E-05  2.1795E-05  7.1845E-06
 7.1973E+25  1.1042E-04  7.0374E+03  7.4643E-05  2.1688E-05  7.1845E-06
 7.2066E+25  1.1099E-04  7.0374E+03  7.4643E-05  2.1582E-05  7.1845E-06
 7.2159E+25  1.1156E-04  7.0373E+03  7.4643E-05  2.1476E-05  7.1845E-06
 7.2251E+25  1.1213E-04  7.0373E+03  7.4643E-05  2.1370E-05  7.1845E-06
 7.2344E+25  1.1272E-04  7.0373E+03  7.4643E-05  2.1264E-05  7.1845E-06
 7.2436E+25  1.1281E-04  7.0373E+03  7.4643E-05  2.1158E-05  7.1845E-06
 7.2529E+25  1.1314E-04  7.0372E+03  7.4643E-05  2.1052E-05  7.1845E-06
 7.2621E+25  1.1372E-04  7.0372E+03  7.4643E-05  2.0947E-05  7.1845E-06
 7.2714E+25  1.1430E-04  7.0371E+03  7.4643E-05  2.0842E-05  7.1845E-06
 7.2807E+25  1.1488E-04  7.0371E+03  7.4643E-05  2.0737E-05  7.1845E-06
 7.2899E+25  1.1546E-04  7.0371E+03  7.4643E-05  2.0632E-05  7.1845E-06
 7.2992E+25  1.1554E-04  7.0370E+03  7.4643E-05  2.0533E-05  7.1845E-06
 7.3084E+25  1.1593E-04  7.0370E+03  7.4643E-05  2.0435E-05  7.1845E-06
 7.3177E+25  1.1652E-04  7.0369E+03  7.4643E-05  2.0338E-05  7.1845E-06
 7.3269E+25  1.1710E-04  7.0369E+03  7.4643E-05  2.0243E-05  7.1845E-06
 7.3362E+25  1.1768E-04  7.0369E+03  7.4643E-05  2.0148E-05  7.1845E-06
 7.3455E+25  1.1827E-04  7.0368E+03  7.4643E-05  2.0052E-05  7.1845E-06
 7.3547E+25  1.1837E-04  7.0368E+03  7.4643E-05  1.9957E-05  7.1845E-06
 7.3640E+25  1.1877E-04  7.0368E+03  7.4643E-05  1.9862E-05  7.1845E-06
 7.3732E+25  1.1937E-04  7.0367E+03  7.4643E-05  1.9767E-05  7.1845E-06
 7.3825E+25  1.1997E-04  7.0367E+03  7.4643E-05  1.9672E-05  7.1845E-06
 7.3917E+25  1.2056E-04  7.0366E+03  7.4643E-05  1.9577E-05  7.1845E-06
 7.4010E+25  1.2114E-04  7.0366E+03  7.4643E-05  1.9482E-05  7.1845E-06
 7.4103E+25  1.2126E-04  7.0366E+03  7.4643E-05  1.9388E-05  7.1845E-06
 7.4195E+25  1.2168E-04  7.0366E+03  7.4643E-05  1.9293E-05  7.1845E-06
 7.4288E+25  1.2229E-04  7.0365E+03  7.4643E-05  1.9199E-05  7.1845E-06
 7.4380E+25  1.2290E-04  7.0365E+03  7.4643E-05  1.9105E-05  7.1845E-06
 7.4473E+25  1.2350E-04  7.0364E+03  7.4643E-05  1.9011E-05  7.1845E-06
 7.4565E+25  1.2409E-04  7.0364E+03  7.4643E-05  1.8917E-05  7.1845E-06
 7.4658E+25  1.2425E-04  7.0364E+03  7.4643E-05  1.8827E-05  7.1845E-06
 7.4751E+25  1.2465E-04  7.0363E+03  7.4643E-05  1.8740E-05  7.1845E-06
 7.4843E+25  1.2526E-04  7.0363E+03  7.4643E-05  1.8652E-05  7.1845E-06
 7.4936E+25  1.2588E-04  7.0362E+03  7.4643E-05  1.8567E-05  7.1845E-06
 7.5028E+25  1.2650E-04  7.0362E+03  7.4643E-05  1.8483E-05  7.1845E-06
 7.5121E+25  1.2710E-04  7.0362E+03  7.4643E-05  1.8397E-05  7.1845E-06
 7.5213E+25  1.2731E-04  7.0362E+03  7.4643E-05  1.8312E-05  7.1845E-06
 7.5306E+25  1.2770E-04  7.0361E+03  7.4643E-05  1.8227E-05  7.1845E-06
 7.5399E+25  1.2831E-04  7.0360E+03  7.4643E-05  1.8142E-05  7.1845E-06
 7.5491E+25  1.2893E-04  7.0360E+03  7.4643E-05  1.8057E-05  7.1845E-06
 7.5584E+25  1.2956E-04  7.0359E+03  7.4643E-05  1.7973E-05  7.1845E-06
 7.5676E+25  1.3018E-04  7.0359E+03  7.4643E-05  1.7888E-05  7.1845E-06
 7.5769E+25  1.3046E-04  7.0359E+03  7.4643E-05  1.7804E-05  7.1845E-06
 7.5861E+25  1.3082E-04  7.0359E+03  7.4643E-05  1.7719E-05  7.1845E-06
 7.5954E+25  1.3143E-04  7.0358E+03  7.4643E-05  1.7634E-05  7.1845E-06
 7.6047E+25  1.3206E-04  7.0358E+03  7.4643E-05  1.7550E-05  7.1845E-06
 7.6139E+25  1.3269E-04  7.0357E+03  7.4643E-05  1.7466E-05  7.1845E-06
 7.6232E+25  1.3332E-04  7.0357E+03  7.4643E-05  1.7382E-05  7.1845E-06
 7.6324E+25  1.3368E-04  7.0357E+03  7.4643E-05  1.7299E-05  7.1845E-06
 7.6417E+25  1.3402E-04  7.0356E+03  7.4643E-05  1.7220E-05  7.1845E-06
 7.6509E+25  1.3463E-04  7.0356E+03  7.4643E-05  1.7142E-05  7.1845E-06
 7.6602E+25  1.3525E-04  7.0355E+03  7.4643E-05  1.7064E-05  7.1845E-06
 7.6695E+25  1.3588E-04  7.0355E+03  7.4643E-05  1.6988E-05  7.1845E-06
 7.6787E+25  1.3652E-04  7.0354E+03  7.4643E-05  1.6913E-05  7.1845E-06
 7.6880E+25  1.3696E-04  7.0354E+03  7.4643E-05  1.6837E-05  7.1845E-06
 7.6972E+25  1.3729E-04  7.0354E+03  7.4643E-05  1.6760E-05  7.1845E-06
 7.7065E+25  1.3790E-04  7.0353E+03  7.4643E-05  1.6684E-05  7.1845E-06
 7.7157E+25  1.3852E-04  7.0353E+03  7.4643E-05  1.6609E-05  7.1845E-06
 7.7250E+25  1.3916E-04  7.0352E+03  7.4643E-05  1.6533E-05  7.1845E-06
 7.7343E+25  1.3979E-04  7.0352E+03  7.4643E-05  1.6457E-05  7.1845E-06
 7.7435E+25  1.4032E-04  7.0352E+03  7.4643E-05  1.6382E-05  7.1845E-06
 7.7528E+25  1.4062E-04  7.0351E+03  7.4643E-05  1.6306E-05  7.1845E-06
 7.7620E+25  1.4125E-04  7.0351E+03  7.4643E-05  1.6230E-05  7.1845E-06
 7.7713E+25  1.4188E-04  7.0350E+03  7.4643E-05  1.6155E-05  7.1845E-06
 7.7805E+25  1.4250E-04  7.0350E+03  7.4643E-05  1.6080E-05  7.1845E-06
 7.7898E+25  1.4314E-04  7.0349E+03  7.4643E-05  1.6005E-05  7.1845E-06
 7.7991E+25  1.4373E-04  7.0349E+03  7.4643E-05  1.5929E-05  7.1845E-06
 7.8083E+25  1.4402E-04  7.0349E+03  7.4643E-05  1.5855E-05  7.1845E-06
 7.8176E+25  1.4467E-04  7.0348E+03  7.4643E-05  1.5784E-05  7.1845E-06
 7.8268E+25  1.4531E-04  7.0348E+03  7.4643E-05  1.5713E-05  7.1845E-06
 7.8361E+25  1.4594E-04  7.0347E+03  7.4643E-05  1.5643E-05  7.1845E-06
 7.8453E+25  1.4657E-04  7.0347E+03  7.4643E-05  1.5575E-05  7.1845E-06
 7.8546E+25  1.4720E-04  7.0347E+03  7.4643E-05  1.5508E-05  7.1845E-06
 7.8638E+25  1.4751E-04  7.0346E+03  7.4643E-05  1.5440E-05  7.1845E-06
 7.8731E+25  1.4815E-04  7.0346E+03  7.4643E-05  1.5372E-05  7.1845E-06
 7.8824E+25  1.4880E-04  7.0345E+03  7.4643E-05  1.5305E-05  7.1845E-06
 7.8916E+25  1.4945E-04  7.0345E+03  7.4643E-05  1.5237E-05  7.1845E-06
 7.9009E+25  1.5008E-04  7.0344E+03  7.4643E-05  1.5169E-05  7.1845E-06
 7.9101E+25  1.5071E-04  7.0344E+03  7.4643E-05  1.5102E-05  7.1845E-06
 7.9194E+25  1.5112E-04  7.0344E+03  7.4643E-05  1.5034E-05  7.1845E-06
 7.9286E+25  1.5169E-04  7.0343E+03  7.4643E-05  1.4967E-05  7.1845E-06
 7.9379E+25  1.5237E-04  7.0343E+03  7.4643E-05  1.4899E-05  7.1845E-06
 7.9472E+25  1.5302E-04  7.0342E+03  7.4643E-05  1.4832E-05  7.1845E-06
 7.9564E+25  1.5367E-04  7.0342E+03  7.4643E-05  1.4764E-05  7.1845E-06
 7.9657E+25  1.5431E-04  7.0341E+03  7.4643E-05  1.4697E-05  7.1845E-06
 7.9749E+25  1.5479E-04  7.0341E+03  7.4643E-05  1.4630E-05  7.1845E-06
 7.9842E+25  1.5533E-04  7.0341E+03  7.4643E-05  1.4563E-05  7.1845E-06
 7.9934E+25  1.5599E-04  7.0340E+03  7.4643E-05  1.4497E-05  7.1845E-06
 8.0027E+25  1.5667E-04  7.0339E+03  7.4643E-05  1.4434E-05  7.1845E-06
 8.0120E+25  1.5733E-04  7.0339E+03  7.4643E-05  1.4371E-05  7.1845E-06
 8.0212E+25  1.5798E-04  7.0338E+03  7.4643E-05  1.4308E-05  7.1845E-06
 8.0305E+25  1.5855E-04  7.0338E+03  7.4643E-05  1.4248E-05  7.1845E-06
 8.0397E+25  1.5905E-04  7.0338E+03  7.4643E-05  1.4188E-05  7.1845E-06
 8.0490E+25  1.5971E-04  7.0337E+03  7.4643E-05  1.4128E-05  7.1845E-06
 8.0582E+25  1.6037E-04  7.0337E+03  7.4643E-05  1.4067E-05  7.1845E-06
 8.0675E+25  1.6105E-04  7.0336E+03  7.4643E-05  1.4006E-05  7.1845E-06
 8.0768E+25  1.6172E-04  7.0336E+03  7.4643E-05  1.3946E-05  7.1845E-06
 8.0860E+25  1.6236E-04  7.0335E+03  7.4643E-05  1.3886E-05  7.1845E-06
 8.0953E+25  1.6286E-04  7.0335E+03  7.4643E-05  1.3825E-05  7.1845E-06
 8.1045E+25  1.6351E-04  7.0334E+03  7.4643E-05  1.3765E-05  7.1845E-06
 8.1138E+25  1.6417E-04  7.0334E+03  7.4643E-05  1.3705E-05  7.1845E-06
 8.1230E+25  1.6483E-04  7.0333E+03  7.4643E-05  1.3645E-05  7.1845E-06
 8.1323E+25  1.6552E-04  7.0333E+03  7.4643E-05  1.3584E-05  7.1845E-06
 8.1416E+25  1.6620E-04  7.0332E+03  7.4643E-05  1.3524E-05  7.1845E-06
 8.1508E+25  1.6676E-04  7.0332E+03  7.4643E-05  1.3464E-05  7.1845E-06
 8.1601E+25  1.6740E-04  7.0332E+03  7.4643E-05  1.3404E-05  7.1845E-06
 8.1693E+25  1.6805E-04  7.0331E+03  7.4643E-05  1.3344E-05  7.1845E-06
 8.1786E+25  1.6872E-04  7.0330E+03  7.4643E-05  1.3285E-05  7.1845E-06
 8.1878E+25  1.6938E-04  7.0330E+03  7.4643E-05  1.3228E-05  7.1845E-06
 8.1971E+25  1.7007E-04  7.0329E+03  7.4643E-05  1.3171E-05  7.1845E-06
 8.2064E+25  1.7073E-04  7.0329E+03  7.4643E-05  1.3115E-05  7.1845E-06
 8.2156E+25  1.7136E-04  7.0329E+03  7.4643E-05  1.3061E-05  7.1845E-06
 8.2249E+25  1.7202E-04  7.0328E+03  7.4643E-05  1.3008E-05  7.1845E-06
 8.2341E+25  1.7269E-04  7.0327E+03  7.4643E-05  1.2954E-05  7.1845E-06
 8.2434E+25  1.7335E-04  7.0327E+03  7.4643E-05  1.2900E-05  7.1845E-06
 8.2526E+25  1.7402E-04  7.0326E+03  7.4643E-05  1.2846E-05  7.1845E-06
 8.2619E+25  1.7471E-04  7.0326E+03  7.4643E-05  1.2792E-05  7.1845E-06
 8.2712E+25  1.7540E-04  7.0326E+03  7.4643E-05  1.2738E-05  7.1845E-06
 8.2804E+25  1.7607E-04  7.0325E+03  7.4643E-05  1.2684E-05  7.1845E-06
 8.2897E+25  1.7673E-04  7.0324E+03  7.4643E-05  1.2630E-05  7.1845E-06
 8.2989E+25  1.7741E-04  7.0324E+03  7.4643E-05  1.2577E-05  7.1845E-06
 8.3082E+25  1.7806E-04  7.0323E+03  7.4643E-05  1.2523E-05  7.1845E-06
 8.3174E+25  1.7874E-04  7.0323E+03  7.4643E-05  1.2469E-05  7.1845E-06
 8.3267E+25  1.7948E-04  7.0322E+03  7.4643E-05  1.2415E-05  7.1845E-06
 8.3360E+25  1.8018E-04  7.0322E+03  7.4643E-05  1.2361E-05  7.1845E-06
 8.3452E+25  1.8086E-04  7.0321E+03  7.4643E-05  1.2308E-05  7.1845E-06
 8.3545E+25  1.8153E-04  7.0321E+03  7.4643E-05  1.2254E-05  7.1845E-06
 8.3637E+25  1.8220E-04  7.0320E+03  7.4643E-05  1.2201E-05  7.1845E-06
 8.3730E+25  1.8286E-04  7.0320E+03  7.4643E-05  1.2148E-05  7.1845E-06
 8.3822E+25  1.8360E-04  7.0319E+03  7.4643E-05  1.2097E-05  7.1845E-06
 8.3915E+25  1.8435E-04  7.0319E+03  7.4643E-05  1.2047E-05  7.1845E-06
 8.4008E+25  1.8505E-04  7.0318E+03  7.4643E-05  1.1996E-05  7.1845E-06
 8.4100E+25  1.8573E-04  7.0317E+03  7.4643E-05  1.1948E-05  7.1845E-06
 8.4193E+25  1.8640E-04  7.0317E+03  7.4643E-05  1.1901E-05  7.1845E-06
 8.4285E+25  1.8708E-04  7.0316E+03  7.4643E-05  1.1853E-05  7.1845E-06
 8.4378E+25  1.8779E-04  7.0316E+03  7.4643E-05  1.1804E-05  7.1845E-06
 8.4470E+25  1.8859E-04  7.0316E+03  7.4643E-05  1.1756E-05  7.1845E-06
 8.4563E+25  1.8928E-04  7.0315E+03  7.4643E-05  1.1708E-05  7.1845E-06
 8.4656E+25  1.8999E-04  7.0314E+03  7.4643E-05  1.1660E-05  7.1845E-06
 8.4748E+25  1.9068E-04  7.0313E+03  7.4643E-05  1.1612E-05  7.1845E-06
 8.4841E+25  1.9134E-04  7.0313E+03  7.4643E-05  1.1564E-05  7.1845E-06
 8.4933E+25  1.9204E-04  7.0312E+03  7.4643E-05  1.1517E-05  7.1845E-06
 8.5026E+25  1.9291E-04  7.0312E+03  7.4643E-05  1.1468E-05  7.1845E-06
 8.5118E+25  1.9362E-04  7.0312E+03  7.4643E-05  1.1420E-05  7.1845E-06
 8.5211E+25  1.9429E-04  7.0311E+03  7.4643E-05  1.1372E-05  7.1845E-06
 8.5304E+25  1.9500E-04  7.0310E+03  7.4643E-05  1.1324E-05  7.1845E-06
 8.5396E+25  1.9570E-04  7.0309E+03  7.4643E-05  1.1276E-05  7.1845E-06
 8.5489E+25  1.9637E-04  7.0309E+03  7.4643E-05  1.1229E-05  7.1845E-06
 8.5581E+25  1.9719E-04  7.0309E+03  7.4643E-05  1.1181E-05  7.1845E-06
 8.5674E+25  1.9805E-04  7.0308E+03  7.4643E-05  1.1133E-05  7.1845E-06
 8.5766E+25  1.9872E-04  7.0307E+03  7.4643E-05  1.1087E-05  7.1845E-06
 8.5859E+25  1.9938E-04  7.0307E+03  7.4643E-05  1.1042E-05  7.1845E-06
 8.5952E+25  2.0008E-04  7.0306E+03  7.4643E-05  1.0997E-05  7.1845E-06
 8.6044E+25  2.0079E-04  7.0305E+03  7.4643E-05  1.0953E-05  7.1845E-06
 8.6137E+25  2.0150E-04  7.0305E+03  7.4643E-05  1.0910E-05  7.1845E-06
 8.6229E+25  2.0250E-04  7.0304E+03  7.4643E-05  1.0868E-05  7.1845E-06
 8.6322E+25  2.0322E-04  7.0304E+03  7.4643E-05  1.0825E-05  7.1845E-06
 8.6414E+25  2.0389E-04  7.0303E+03  7.4643E-05  1.0782E-05  7.1845E-06
 8.6507E+25  2.0455E-04  7.0302E+03  7.4643E-05  1.0739E-05  7.1845E-06
 8.6600E+25  2.0523E-04  7.0302E+03  7.4643E-05  1.0696E-05  7.1845E-06
 8.6692E+25  2.0594E-04  7.0301E+03  7.4643E-05  1.0654E-05  7.1845E-06
 8.6785E+25  2.0688E-04  7.0301E+03  7.4643E-05  1.0611E-05  7.1845E-06
 8.6877E+25  2.0776E-04  7.0300E+03  7.4643E-05  1.0568E-05  7.1845E-06
 8.6970E+25  2.0844E-04  7.0299E+03  7.4643E-05  1.0525E-05  7.1845E-06
 8.7062E+25  2.0912E-04  7.0299E+03  7.4643E-05  1.0483E-05  7.1845E-06
 8.7155E+25  2.0979E-04  7.0298E+03  7.4643E-05  1.0440E-05  7.1845E-06
 8.7248E+25  2.1045E-04  7.0298E+03  7.4643E-05  1.0397E-05  7.1845E-06
 8.7340E+25  2.1120E-04  7.0297E+03  7.4643E-05  1.0354E-05  7.1845E-06
 8.7433E+25  2.1236E-04  7.0297E+03  7.4643E-05  1.0311E-05  7.1845E-06
 8.7525E+25  2.1306E-04  7.0296E+03  7.4643E-05  1.0269E-05  7.1845E-06
 8.7618E+25  2.1373E-04  7.0295E+03  7.4643E-05  1.0226E-05  7.1845E-06
 8.7710E+25  2.1441E-04  7.0294E+03  7.4643E-05  1.0183E-05  7.1845E-06
 8.7803E+25  2.1508E-04  7.0294E+03  7.4643E-05  1.0142E-05  7.1845E-06
 8.7896E+25  2.1574E-04  7.0293E+03  7.4643E-05  1.0102E-05  7.1845E-06
 8.7988E+25  2.1674E-04  7.0293E+03  7.4643E-05  1.0062E-05  7.1845E-06
 8.8081E+25  2.1772E-04  7.0292E+03  7.4643E-05  1.0022E-05  7.1845E-06
 8.8173E+25  2.1842E-04  7.0291E+03  7.4643E-05  9.9840E-06  7.1845E-06
 8.8266E+25  2.1907E-04  7.0291E+03  7.4643E-05  9.9462E-06  7.1845E-06
 8.8358E+25  2.1976E-04  7.0290E+03  7.4643E-05  9.9080E-06  7.1845E-06
 8.8451E+25  2.2043E-04  7.0289E+03  7.4643E-05  9.8698E-06  7.1845E-06
 8.8544E+25  2.2115E-04  7.0289E+03  7.4643E-05  9.8316E-06  7.1845E-06
 8.8636E+25  2.2236E-04  7.0288E+03  7.4643E-05  9.7934E-06  7.1845E-06
 8.8729E+25  2.2311E-04  7.0287E+03  7.4643E-05  9.7553E-06  7.1845E-06
 8.8821E+25  2.2381E-04  7.0287E+03  7.4643E-05  9.7172E-06  7.1845E-06
 8.8914E+25  2.2448E-04  7.0286E+03  7.4643E-05  9.6791E-06  7.1845E-06
 8.9006E+25  2.2514E-04  7.0285E+03  7.4643E-05  9.6411E-06  7.1845E-06
 8.9099E+25  2.2583E-04  7.0285E+03  7.4643E-05  9.6030E-06  7.1845E-06
 8.9192E+25  2.2680E-04  7.0284E+03  7.4643E-05  9.5647E-06  7.1845E-06
 8.9284E+25  2.2789E-04  7.0284E+03  7.4643E-05  9.5265E-06  7.1845E-06
 8.9377E+25  2.2855E-04  7.0283E+03  7.4643E-05  9.4883E-06  7.1845E-06
 8.9469E+25  2.2925E-04  7.0282E+03  7.4643E-05  9.4502E-06  7.1845E-06
 8.9562E+25  2.2993E-04  7.0281E+03  7.4643E-05  9.4121E-06  7.1845E-06
 8.9654E+25  2.3058E-04  7.0281E+03  7.4643E-05  9.3740E-06  7.1845E-06
 8.9747E+25  2.3130E-04  7.0280E+03  7.4643E-05  9.3358E-06  7.1845E-06
 8.9840E+25  2.3255E-04  7.0280E+03  7.4643E-05  9.2979E-06  7.1845E-06
 8.9932E+25  2.3340E-04  7.0279E+03  7.4643E-05  9.2617E-06  7.1845E-06
 9.0025E+25  2.3405E-04  7.0278E+03  7.4643E-05  9.2258E-06  7.1845E-06
 9.0117E+25  2.3472E-04  7.0277E+03  7.4643E-05  9.1899E-06  7.1845E-06
 9.0210E+25  2.3541E-04  7.0276E+03  7.4643E-05  9.1547E-06  7.1845E-06
 9.0302E+25  2.3608E-04  7.0276E+03  7.4643E-05  9.1211E-06  7.1845E-06
 9.0395E+25  2.3689E-04  7.0275E+03  7.4643E-05  9.0876E-06  7.1845E-06
 9.0487E+25  2.3827E-04  7.0275E+03  7.4643E-05  9.0534E-06  7.1845E-06
 9.0580E+25  2.3893E-04  7.0274E+03  7.4643E-05  9.0194E-06  7.1845E-06
 9.0673E+25  2.3959E-04  7.0273E+03  7.4643E-05  8.9853E-06  7.1845E-06
 9.0765E+25  2.4023E-04  7.0272E+03  7.4643E-05  8.9514E-06  7.1845E-06
 9.0858E+25  2.4091E-04  7.0272E+03  7.4643E-05  8.9174E-06  7.1845E-06
 9.0950E+25  2.4161E-04  7.0271E+03  7.4643E-05  8.8835E-06  7.1845E-06
 9.1043E+25  2.4270E-04  7.0270E+03  7.4643E-05  8.8496E-06  7.1845E-06
 9.1135E+25  2.4384E-04  7.0270E+03  7.4643E-05  8.8157E-06  7.1845E-06
 9.1228E+25  2.4450E-04  7.0269E+03  7.4643E-05  8.7817E-06  7.1845E-06
 9.1321E+25  2.4515E-04  7.0268E+03  7.4643E-05  8.7476E-06  7.1845E-06
 9.1413E+25  2.4580E-04  7.0267E+03  7.4643E-05  8.7135E-06  7.1845E-06
 9.1506E+25  2.4644E-04  7.0267E+03  7.4643E-05  8.6795E-06  7.1845E-06
 9.1598E+25  2.4716E-04  7.0266E+03  7.4643E-05  8.6455E-06  7.1845E-06
 9.1691E+25  2.4854E-04  7.0265E+03  7.4643E-05  8.6115E-06  7.1845E-06
 9.1783E+25  2.4943E-04  7.0265E+03  7.4643E-05  8.5775E-06  7.1845E-06
 9.1876E+25  2.5009E-04  7.0264E+03  7.4643E-05  8.5435E-06  7.1845E-06
 9.1969E+25  2.5073E-04  7.0263E+03  7.4643E-05  8.5096E-06  7.1845E-06
 9.2061E+25  2.5138E-04  7.0262E+03  7.4643E-05  8.4769E-06  7.1845E-06
 9.2154E+25  2.5202E-04  7.0262E+03  7.4643E-05  8.4448E-06  7.1845E-06
 9.2246E+25  2.5278E-04  7.0261E+03  7.4643E-05  8.4125E-06  7.1845E-06
 9.2339E+25  2.5431E-04  7.0260E+03  7.4643E-05  8.3806E-06  7.1845E-06
 9.2431E+25  2.5504E-04  7.0260E+03  7.4643E-05  8.3505E-06  7.1845E-06
 9.2524E+25  2.5567E-04  7.0259E+03  7.4643E-05  8.3206E-06  7.1845E-06
