 4.6285E+22  3.2757E-11  1.1651E+04  7.4643E-05  1.0000E+00  7.1845E-06
 1.3886E+23  2.2925E-10  1.1654E+04  7.4643E-05  1.0000E+00  7.1845E-06
 2.3143E+23  6.2176E-10  1.1667E+04  7.4643E-05  1.0000E+00  7.1845E-06
 3.2400E+23  1.2088E-09  1.1694E+04  7.4643E-05  1.0000E+00  7.1845E-06
 4.1657E+23  1.9869E-09  1.1743E+04  7.4643E-05  1.0000E+00  7.1845E-06
 5.0914E+23  2.9499E-09  1.1822E+04  7.4643E-05  1.0000E+00  7.1845E-06
 6.0171E+23  4.0855E-09  1.1943E+04  7.4643E-05  1.0000E+00  7.1845E-06
 6.9428E+23  5.3810E-09  1.2119E+04  7.4643E-05  1.0000E+00  7.1845E-06
 7.8685E+23  6.8024E-09  1.2377E+04  7.4643E-05  1.0000E+00  7.1845E-06
 8.7942E+23  8.3224E-09  1.2736E+04  7.4643E-05  1.0000E+00  7.1845E-06
 9.7199E+23  9.9204E-09  1.3170E+04  7.4643E-05  1.0000E+00  7.1845E-06
 1.0646E+24  1.1619E-08  1.3607E+04  7.4643E-05  1.0000E+00  7.1845E-06
 1.1571E+24  1.3495E-08  1.3925E+04  7.4643E-05  1.0000E+00  7.1845E-06
 1.2497E+24  1.5606E-08  1.4096E+04  7.4643E-05  1.0000E+00  7.1845E-06
 1.3423E+24  1.7906E-08  1.4191E+04  7.4643E-05  1.0000E+00  7.1845E-06
 1.4348E+24  2.0362E-08  1.4291E+04  7.4643E-05  9.9999E-01  7.1845E-06
 1.5274E+24  2.2946E-08  1.4391E+04  7.4643E-05  9.9999E-01  7.1845E-06
 1.6200E+24  2.5695E-08  1.4484E+04  7.4643E-05  9.9999E-01  7.1845E-06
 1.7126E+24  2.8583E-08  1.4575E+04  7.4643E-05  9.9999E-01  7.1845E-06
 1.8051E+24  3.1621E-08  1.4658E+04  7.4643E-05  9.9999E-01  7.1845E-06
 1.8977E+24  3.4806E-08  1.4737E+04  7.4643E-05  9.9999E-01  7.1845E-06
 1.9903E+24  3.8149E-08  1.4814E+04  7.4643E-05  9.9999E-01  7.1845E-06
 2.0828E+24  4.1626E-08  1.4888E+04  7.4643E-05  9.9999E-01  7.1845E-06
 2.1754E+24  4.5224E-08  1.4960E+04  7.4643E-05  9.9999E-01  7.1845E-06
 2.2680E+24  4.8999E-08  1.5031E+04  7.4643E-05  9.9999E-01  7.1845E-06
 2.3605E+24  5.2912E-08  1.5099E+04  7.4643E-05  9.9999E-01  7.1845E-06
 2.4531E+24  5.6955E-08  1.5162E+04  7.4643E-05  9.9999E-01  7.1845E-06
 2.5457E+24  6.1133E-08  1.5227E+04  7.4643E-05  9.9998E-01  7.1845E-06
 2.6383E+24  6.5483E-08  1.5291E+04  7.4643E-05  9.9998E-01  7.1845E-06
 2.7308E+24  6.9957E-08  1.5350E+04  7.4643E-05  9.9998E-01  7.1845E-06
 2.8234E+24  7.4535E-08  1.5410E+04  7.4643E-05  9.9998E-01  7.1845E-06
 2.9160E+24  7.9292E-08  1.5466E+04  7.4643E-05  9.9998E-01  7.1845E-06
 3.0085E+24  8.4237E-08  1.5522E+04  7.4643E-05  9.9998E-01  7.1845E-06
 3.1011E+24  8.9260E-08  1.5578E+04  7.4643E-05  9.9998E-01  7.1845E-06
 3.1937E+24  9.4370E-08  1.5631E+04  7.4643E-05  9.9998E-01  7.1845E-06
 3.2862E+24  9.9707E-08  1.5683E+04  7.4643E-05  9.9997E-01  7.1845E-06
 3.3788E+24  1.0512E-07  1.5733E+04  7.4643E-05  9.9997E-01  7.1845E-06
 3.4714E+24  1.1065E-07  1.5783E+04  7.4643E-05  9.9997E-01  7.1845E-06
 3.5640E+24  1.1640E-07  1.5832E+04  7.4643E-05  9.9997E-01  7.1845E-06
 3.6565E+24  1.2237E-07  1.5878E+04  7.4643E-05  9.9997E-01  7.1845E-06
 3.7491E+24  1.2822E-07  1.5925E+04  7.4643E-05  9.9997E-01  7.1845E-06
 3.8417E+24  1.3439E-07  1.5971E+04  7.4643E-05  9.9997E-01  7.1845E-06
 3.9342E+24  1.4068E-07  1.6015E+04  7.4643E-05  9.9996E-01  7.1845E-06
 4.0268E+24  1.4709E-07  1.6060E+04  7.4643E-05  9.9996E-01  7.1845E-06
 4.1194E+24  1.5351E-07  1.6102E+04  7.4643E-05  9.9996E-01  7.1845E-06
 4.2120E+24  1.6039E-07  1.6143E+04  7.4643E-05  9.9996E-01  7.1845E-06
 4.3045E+24  1.6708E-07  1.6184E+04  7.4643E-05  9.9996E-01  7.1845E-06
 4.3971E+24  1.7389E-07  1.6225E+04  7.4643E-05  9.9996E-01  7.1845E-06
 4.4897E+24  1.8106E-07  1.6264E+04  7.4643E-05  9.9995E-01  7.1845E-06
 4.5822E+24  1.8832E-07  1.6303E+04  7.4643E-05  9.9995E-01  7.1845E-06
 4.6748E+24  1.9567E-07  1.6341E+04  7.4643E-05  9.9995E-01  7.1845E-06
 4.7674E+24  2.0315E-07  1.6378E+04  7.4643E-05  9.9995E-01  7.1845E-06
 4.8599E+24  2.1073E-07  1.6415E+04  7.4643E-05  9.9995E-01  7.1845E-06
 4.9525E+24  2.1844E-07  1.6451E+04  7.4643E-05  9.9994E-01  7.1845E-06
 5.0451E+24  2.2630E-07  1.6486E+04  7.4643E-05  9.9994E-01  7.1845E-06
 5.1377E+24  2.3430E-07  1.6521E+04  7.4643E-05  9.9994E-01  7.1845E-06
 5.2302E+24  2.4248E-07  1.6555E+04  7.4643E-05  9.9994E-01  7.1845E-06
 5.3228E+24  2.5084E-07  1.6589E+04  7.4643E-05  9.9994E-01  7.1845E-06
 5.4154E+24  2.5941E-07  1.6622E+04  7.4643E-05  9.9993E-01  7.1845E-06
 5.5079E+24  2.6769E-07  1.6655E+04  7.4643E-05  9.9993E-01  7.1845E-06
 5.6005E+24  2.7613E-07  1.6687E+04  7.4643E-05  9.9993E-01  7.1845E-06
 5.6931E+24  2.8523E-07  1.6719E+04  7.4643E-05  9.9993E-01  7.1845E-06
 5.7856E+24  2.9461E-07  1.6750E+04  7.4643E-05  9.9992E-01  7.1845E-06
 5.8782E+24  3.0272E-07  1.6780E+04  7.4643E-05  9.9992E-01  7.1845E-06
 5.9708E+24  3.1242E-07  1.6811E+04  7.4643E-05  9.9992E-01  7.1845E-06
 6.0634E+24  3.2212E-07  1.6840E+04  7.4643E-05  9.9992E-01  7.1845E-06
 6.1559E+24  3.3072E-07  1.6869E+04  7.4643E-05  9.9991E-01  7.1845E-06
 6.2485E+24  3.4135E-07  1.6898E+04  7.4643E-05  9.9991E-01  7.1845E-06
 6.3411E+24  3.5000E-07  1.6926E+04  7.4643E-05  9.9991E-01  7.1845E-06
 6.4336E+24  3.6081E-07  1.6954E+04  7.4643E-05  9.9991E-01  7.1845E-06
 6.5262E+24  3.6994E-07  1.6982E+04  7.4643E-05  9.9990E-01  7.1845E-06
 6.6188E+24  3.8102E-07  1.7009E+04  7.4643E-05  9.9990E-01  7.1845E-06
 6.7113E+24  3.9016E-07  1.7035E+04  7.4643E-05  9.9990E-01  7.1845E-06
 6.8039E+24  4.0198E-07  1.7062E+04  7.4643E-05  9.9990E-01  7.1845E-06
 6.8965E+24  4.1079E-07  1.7088E+04  7.4643E-05  9.9989E-01  7.1845E-06
 6.9891E+24  4.2256E-07  1.7114E+04  7.4643E-05  9.9989E-01  7.1845E-06
 7.0816E+24  4.3315E-07  1.7139E+04  7.4643E-05  9.9989E-01  7.1845E-06
 7.1742E+24  4.4346E-07  1.7164E+04  7.4643E-05  9.9988E-01  7.1845E-06
 7.2668E+24  4.5558E-07  1.7189E+04  7.4643E-05  9.9987E-01  7.1845E-06
 7.3593E+24  4.6590E-07  1.7214E+04  7.4643E-05  9.9985E-01  7.1845E-06
 7.4519E+24  4.7696E-07  1.7238E+04  7.4643E-05  9.9982E-01  7.1845E-06
 7.5445E+24  4.8927E-07  1.7262E+04  7.4643E-05  9.9976E-01  7.1845E-06
 7.6371E+24  5.0082E-07  1.7285E+04  7.4643E-05  9.9963E-01  7.1845E-06
 7.7296E+24  5.1125E-07  1.7307E+04  7.4643E-05  9.9940E-01  7.1845E-06
 7.8222E+24  5.2378E-07  1.7329E+04  7.4643E-05  9.9896E-01  7.1845E-06
 7.9148E+24  5.3642E-07  1.7348E+04  7.4643E-05  9.9814E-01  7.1845E-06
 8.0073E+24  5.4863E-07  1.7364E+04  7.4643E-05  9.9665E-01  7.1845E-06
 8.0999E+24  5.5950E-07  1.7375E+04  7.4643E-05  9.9396E-01  7.1845E-06
 8.1925E+24  5.7258E-07  1.7377E+04  7.4643E-05  9.8923E-01  7.1845E-06
 8.2850E+24  5.8597E-07  1.7364E+04  7.4643E-05  9.8107E-01  7.1845E-06
 8.3776E+24  5.9986E-07  1.7327E+04  7.4643E-05  9.6733E-01  7.1845E-06
 8.4702E+24  6.1444E-07  1.7252E+04  7.4643E-05  9.4495E-01  7.1845E-06
 8.5628E+24  6.2864E-07  1.7119E+04  7.4643E-05  9.0999E-01  7.1845E-06
 8.6553E+24  6.4544E-07  1.6905E+04  7.4643E-05  8.5845E-01  7.1845E-06
 8.7479E+24  6.6531E-07  1.6588E+04  7.4643E-05  7.8805E-01  7.1845E-06
 8.8405E+24  6.8843E-07  1.6156E+04  7.4643E-05  7.0061E-01  7.1845E-06
 8.9330E+24  7.1554E-07  1.5620E+04  7.4643E-05  6.0314E-01  7.1845E-06
 9.0256E+24  7.4684E-07  1.5010E+04  7.4643E-05  5.0580E-01  7.1845E-06
 9.1182E+24  7.8124E-07  1.4373E+04  7.4643E-05  4.1760E-01  7.1845E-06
 9.2107E+24  8.1648E-07  1.3747E+04  7.4643E-05  3.4337E-01  7.1845E-06
 9.3033E+24  8.5619E-07  1.3161E+04  7.4643E-05  2.8376E-01  7.1845E-06
 9.3959E+24  8.9719E-07  1.2629E+04  7.4643E-05  2.3695E-01  7.1845E-06
 9.4885E+24  9.3895E-07  1.2152E+04  7.4643E-05  2.0036E-01  7.1845E-06
 9.5810E+24  9.7758E-07  1.1729E+04  7.4643E-05  1.7158E-01  7.1845E-06
 9.6736E+24  1.0175E-06  1.1355E+04  7.4643E-05  1.4866E-01  7.1845E-06
 9.7662E+24  1.0591E-06  1.1023E+04  7.4643E-05  1.3014E-01  7.1845E-06
 9.8587E+24  1.1005E-06  1.0728E+04  7.4643E-05  1.1496E-01  7.1845E-06
 9.9513E+24  1.1367E-06  1.0465E+04  7.4643E-05  1.0236E-01  7.1845E-06
 1.0044E+25  1.1762E-06  1.0229E+04  7.4643E-05  9.1768E-02  7.1845E-06
 1.0136E+25  1.2167E-06  1.0018E+04  7.4643E-05  8.2766E-02  7.1845E-06
 1.0229E+25  1.2568E-06  9.8264E+03  7.4643E-05  7.5044E-02  7.1845E-06
 1.0322E+25  1.2905E-06  9.6532E+03  7.4643E-05  6.8362E-02  7.1845E-06
 1.0414E+25  1.3299E-06  9.4956E+03  7.4643E-05  6.2537E-02  7.1845E-06
 1.0507E+25  1.3693E-06  9.3519E+03  7.4643E-05  5.7425E-02  7.1845E-06
 1.0599E+25  1.4085E-06  9.2204E+03  7.4643E-05  5.2910E-02  7.1845E-06
 1.0692E+25  1.4423E-06  9.0996E+03  7.4643E-05  4.8900E-02  7.1845E-06
 1.0784E+25  1.4797E-06  8.9886E+03  7.4643E-05  4.5323E-02  7.1845E-06
 1.0877E+25  1.5183E-06  8.8860E+03  7.4643E-05  4.2116E-02  7.1845E-06
 1.0970E+25  1.5568E-06  8.7912E+03  7.4643E-05  3.9229E-02  7.1845E-06
 1.1062E+25  1.5952E-06  8.7033E+03  7.4643E-05  3.6621E-02  7.1845E-06
 1.1155E+25  1.6294E-06  8.6216E+03  7.4643E-05  3.4255E-02  7.1845E-06
 1.1247E+25  1.6655E-06  8.5456E+03  7.4643E-05  3.2103E-02  7.1845E-06
 1.1340E+25  1.7036E-06  8.4748E+03  7.4643E-05  3.0140E-02  7.1845E-06
 1.1432E+25  1.7415E-06  8.4086E+03  7.4643E-05  2.8343E-02  7.1845E-06
 1.1525E+25  1.7795E-06  8.3467E+03  7.4643E-05  2.6696E-02  7.1845E-06
 1.1618E+25  1.8172E-06  8.2886E+03  7.4643E-05  2.5180E-02  7.1845E-06
 1.1710E+25  1.8551E-06  8.2342E+03  7.4643E-05  2.3783E-02  7.1845E-06
 1.1803E+25  1.8927E-06  8.1830E+03  7.4643E-05  2.2493E-02  7.1845E-06
 1.1895E+25  1.9287E-06  8.1349E+03  7.4643E-05  2.1299E-02  7.1845E-06
 1.1988E+25  1.9650E-06  8.0895E+03  7.4643E-05  2.0192E-02  7.1845E-06
 1.2080E+25  2.0030E-06  8.0467E+03  7.4643E-05  1.9164E-02  7.1845E-06
 1.2173E+25  2.0410E-06  8.0063E+03  7.4643E-05  1.8207E-02  7.1845E-06
 1.2266E+25  2.0792E-06  7.9681E+03  7.4643E-05  1.7314E-02  7.1845E-06
 1.2358E+25  2.1174E-06  7.9320E+03  7.4643E-05  1.6482E-02  7.1845E-06
 1.2451E+25  2.1557E-06  7.8977E+03  7.4643E-05  1.5704E-02  7.1845E-06
 1.2543E+25  2.1941E-06  7.8653E+03  7.4643E-05  1.4975E-02  7.1845E-06
 1.2636E+25  2.2328E-06  7.8345E+03  7.4643E-05  1.4293E-02  7.1845E-06
 1.2728E+25  2.2716E-06  7.8052E+03  7.4643E-05  1.3652E-02  7.1845E-06
 1.2821E+25  2.3105E-06  7.7774E+03  7.4643E-05  1.3050E-02  7.1845E-06
 1.2914E+25  2.3497E-06  7.7509E+03  7.4643E-05  1.2484E-02  7.1845E-06
 1.3006E+25  2.3891E-06  7.7257E+03  7.4643E-05  1.1951E-02  7.1845E-06
 1.3099E+25  2.4288E-06  7.7017E+03  7.4643E-05  1.1448E-02  7.1845E-06
 1.3191E+25  2.4688E-06  7.6788E+03  7.4643E-05  1.0973E-02  7.1845E-06
 1.3284E+25  2.5048E-06  7.6569E+03  7.4643E-05  1.0526E-02  7.1845E-06
 1.3376E+25  2.5439E-06  7.6361E+03  7.4643E-05  1.0102E-02  7.1845E-06
 1.3469E+25  2.5841E-06  7.6161E+03  7.4643E-05  9.7014E-03  7.1845E-06
 1.3562E+25  2.6246E-06  7.5971E+03  7.4643E-05  9.3217E-03  7.1845E-06
 1.3654E+25  2.6657E-06  7.5788E+03  7.4643E-05  8.9619E-03  7.1845E-06
 1.3747E+25  2.7072E-06  7.5614E+03  7.4643E-05  8.6207E-03  7.1845E-06
 1.3839E+25  2.7491E-06  7.5447E+03  7.4643E-05  8.2969E-03  7.1845E-06
 1.3932E+25  2.7917E-06  7.5286E+03  7.4643E-05  7.9888E-03  7.1845E-06
 1.4024E+25  2.8348E-06  7.5133E+03  7.4643E-05  7.6963E-03  7.1845E-06
 1.4117E+25  2.8679E-06  7.4986E+03  7.4643E-05  7.4180E-03  7.1845E-06
 1.4210E+25  2.9086E-06  7.4844E+03  7.4643E-05  7.1527E-03  7.1845E-06
 1.4302E+25  2.9523E-06  7.4708E+03  7.4643E-05  6.9002E-03  7.1845E-06
 1.4395E+25  2.9968E-06  7.4578E+03  7.4643E-05  6.6597E-03  7.1845E-06
 1.4487E+25  3.0421E-06  7.4452E+03  7.4643E-05  6.4298E-03  7.1845E-06
 1.4580E+25  3.0881E-06  7.4332E+03  7.4643E-05  6.2105E-03  7.1845E-06
 1.4672E+25  3.1172E-06  7.4216E+03  7.4643E-05  6.0015E-03  7.1845E-06
 1.4765E+25  3.1618E-06  7.4104E+03  7.4643E-05  5.8013E-03  7.1845E-06
 1.4858E+25  3.2089E-06  7.3997E+03  7.4643E-05  5.6103E-03  7.1845E-06
 1.4950E+25  3.2569E-06  7.3893E+03  7.4643E-05  5.4270E-03  7.1845E-06
 1.5043E+25  3.3033E-06  7.3793E+03  7.4643E-05  5.2521E-03  7.1845E-06
 1.5135E+25  3.3309E-06  7.3697E+03  7.4643E-05  5.0845E-03  7.1845E-06
 1.5228E+25  3.3799E-06  7.3604E+03  7.4643E-05  4.9238E-03  7.1845E-06
 1.5320E+25  3.4304E-06  7.3515E+03  7.4643E-05  4.7700E-03  7.1845E-06
 1.5413E+25  3.4821E-06  7.3428E+03  7.4643E-05  4.6221E-03  7.1845E-06
 1.5506E+25  3.5084E-06  7.3345E+03  7.4643E-05  4.4808E-03  7.1845E-06
 1.5598E+25  3.5566E-06  7.3265E+03  7.4643E-05  4.3445E-03  7.1845E-06
 1.5691E+25  3.6100E-06  7.3187E+03  7.4643E-05  4.2142E-03  7.1845E-06
 1.5783E+25  3.6628E-06  7.3112E+03  7.4643E-05  4.0885E-03  7.1845E-06
 1.5876E+25  3.6854E-06  7.3039E+03  7.4643E-05  3.9684E-03  7.1845E-06
 1.5968E+25  3.7400E-06  7.2969E+03  7.4643E-05  3.8522E-03  7.1845E-06
 1.6061E+25  3.7969E-06  7.2901E+03  7.4643E-05  3.7410E-03  7.1845E-06
 1.6154E+25  3.8357E-06  7.2835E+03  7.4643E-05  3.6334E-03  7.1845E-06
 1.6246E+25  3.8727E-06  7.2771E+03  7.4643E-05  3.5306E-03  7.1845E-06
 1.6339E+25  3.9320E-06  7.2710E+03  7.4643E-05  3.4309E-03  7.1845E-06
 1.6431E+25  3.9859E-06  7.2650E+03  7.4643E-05  3.3355E-03  7.1845E-06
 1.6524E+25  4.0087E-06  7.2592E+03  7.4643E-05  3.2429E-03  7.1845E-06
 1.6616E+25  4.0704E-06  7.2536E+03  7.4643E-05  3.1542E-03  7.1845E-06
 1.6709E+25  4.1331E-06  7.2482E+03  7.4643E-05  3.0684E-03  7.1845E-06
 1.6802E+25  4.1493E-06  7.2429E+03  7.4643E-05  2.9857E-03  7.1845E-06
 1.6894E+25  4.2126E-06  7.2378E+03  7.4643E-05  2.9060E-03  7.1845E-06
 1.6987E+25  4.2790E-06  7.2329E+03  7.4643E-05  2.8287E-03  7.1845E-06
 1.7079E+25  4.2930E-06  7.2281E+03  7.4643E-05  2.7547E-03  7.1845E-06
 1.7172E+25  4.3593E-06  7.2234E+03  7.4643E-05  2.6826E-03  7.1845E-06
 1.7264E+25  4.4246E-06  7.2189E+03  7.4643E-05  2.6135E-03  7.1845E-06
 1.7357E+25  4.4393E-06  7.2145E+03  7.4643E-05  2.5462E-03  7.1845E-06
 1.7450E+25  4.5109E-06  7.2102E+03  7.4643E-05  2.4814E-03  7.1845E-06
 1.7542E+25  4.5663E-06  7.2061E+03  7.4643E-05  2.4189E-03  7.1845E-06
 1.7635E+25  4.5922E-06  7.2021E+03  7.4643E-05  2.3581E-03  7.1845E-06
 1.7727E+25  4.6680E-06  7.1982E+03  7.4643E-05  2.2997E-03  7.1845E-06
 1.7820E+25  4.7049E-06  7.1943E+03  7.4643E-05  2.2428E-03  7.1845E-06
 1.7912E+25  4.7512E-06  7.1907E+03  7.4643E-05  2.1878E-03  7.1845E-06
 1.8005E+25  4.8313E-06  7.1871E+03  7.4643E-05  2.1348E-03  7.1845E-06
 1.8097E+25  4.8405E-06  7.1836E+03  7.4643E-05  2.0831E-03  7.1845E-06
 1.8190E+25  4.9169E-06  7.1802E+03  7.4643E-05  2.0334E-03  7.1845E-06
 1.8283E+25  4.9710E-06  7.1768E+03  7.4643E-05  1.9850E-03  7.1845E-06
 1.8375E+25  5.0035E-06  7.1736E+03  7.4643E-05  1.9379E-03  7.1845E-06
 1.8468E+25  5.0899E-06  7.1705E+03  7.4643E-05  1.8928E-03  7.1845E-06
 1.8560E+25  5.1021E-06  7.1674E+03  7.4643E-05  1.8486E-03  7.1845E-06
 1.8653E+25  5.1793E-06  7.1645E+03  7.4643E-05  1.8059E-03  7.1845E-06
 1.8745E+25  5.2315E-06  7.1616E+03  7.4643E-05  1.7646E-03  7.1845E-06
 1.8838E+25  5.2696E-06  7.1587E+03  7.4643E-05  1.7242E-03  7.1845E-06
 1.8931E+25  5.3598E-06  7.1560E+03  7.4643E-05  1.6853E-03  7.1845E-06
 1.9023E+25  5.3616E-06  7.1533E+03  7.4643E-05  1.6476E-03  7.1845E-06
 1.9116E+25  5.4573E-06  7.1507E+03  7.4643E-05  1.6106E-03  7.1845E-06
 1.9208E+25  5.4859E-06  7.1482E+03  7.4643E-05  1.5749E-03  7.1845E-06
 1.9301E+25  5.5521E-06  7.1457E+03  7.4643E-05  1.5404E-03  7.1845E-06
 1.9393E+25  5.6136E-06  7.1433E+03  7.4643E-05  1.5065E-03  7.1845E-06
 1.9486E+25  5.6480E-06  7.1409E+03  7.4643E-05  1.4738E-03  7.1845E-06
 1.9579E+25  5.7416E-06  7.1386E+03  7.4643E-05  1.4421E-03  7.1845E-06
 1.9671E+25  5.7453E-06  7.1364E+03  7.4643E-05  1.4110E-03  7.1845E-06
 1.9764E+25  5.8540E-06  7.1342E+03  7.4643E-05  1.3809E-03  7.1845E-06
 1.9856E+25  5.8594E-06  7.1321E+03  7.4643E-05  1.3518E-03  7.1845E-06
 1.9949E+25  5.9559E-06  7.1300E+03  7.4643E-05  1.3232E-03  7.1845E-06
 2.0041E+25  5.9852E-06  7.1279E+03  7.4643E-05  1.2955E-03  7.1845E-06
 2.0134E+25  6.0593E-06  7.1260E+03  7.4643E-05  1.2688E-03  7.1845E-06
 2.0227E+25  6.1110E-06  7.1240E+03  7.4643E-05  1.2425E-03  7.1845E-06
 2.0319E+25  6.1645E-06  7.1221E+03  7.4643E-05  1.2168E-03  7.1845E-06
 2.0412E+25  6.2366E-06  7.1203E+03  7.4643E-05  1.1922E-03  7.1845E-06
 2.0504E+25  6.2714E-06  7.1185E+03  7.4643E-05  1.1680E-03  7.1845E-06
 2.0597E+25  6.3618E-06  7.1167E+03  7.4643E-05  1.1443E-03  7.1845E-06
 2.0689E+25  6.3803E-06  7.1150E+03  7.4643E-05  1.1215E-03  7.1845E-06
 2.0782E+25  6.4867E-06  7.1133E+03  7.4643E-05  1.0992E-03  7.1845E-06
 2.0875E+25  6.4914E-06  7.1116E+03  7.4643E-05  1.0773E-03  7.1845E-06
 2.0967E+25  6.6108E-06  7.1100E+03  7.4643E-05  1.0561E-03  7.1845E-06
 2.1060E+25  6.6049E-06  7.1084E+03  7.4643E-05  1.0356E-03  7.1845E-06
 2.1152E+25  6.7341E-06  7.1069E+03  7.4643E-05  1.0154E-03  7.1845E-06
 2.1245E+25  6.7211E-06  7.1054E+03  7.4643E-05  9.9561E-04  7.1845E-06
 2.1337E+25  6.8569E-06  7.1039E+03  7.4643E-05  9.7652E-04  7.1845E-06
 2.1430E+25  6.8399E-06  7.1025E+03  7.4643E-05  9.5796E-04  7.1845E-06
 2.1523E+25  6.9794E-06  7.1011E+03  7.4643E-05  9.3962E-04  7.1845E-06
 2.1615E+25  6.9610E-06  7.0997E+03  7.4643E-05  9.2178E-04  7.1845E-06
 2.1708E+25  7.1015E-06  7.0983E+03  7.4643E-05  9.0459E-04  7.1845E-06
 2.1800E+25  7.0848E-06  7.0970E+03  7.4643E-05  8.8770E-04  7.1845E-06
 2.1893E+25  7.2228E-06  7.0957E+03  7.4643E-05  8.7105E-04  7.1845E-06
 2.1985E+25  7.2117E-06  7.0945E+03  7.4643E-05  8.5491E-04  7.1845E-06
 2.2078E+25  7.3431E-06  7.0932E+03  7.4643E-05  8.3931E-04  7.1845E-06
 2.2171E+25  7.3420E-06  7.0920E+03  7.4643E-05  8.2397E-04  7.1845E-06
 2.2263E+25  7.4626E-06  7.0908E+03  7.4643E-05  8.0884E-04  7.1845E-06
 2.2356E+25  7.4758E-06  7.0896E+03  7.4643E-05  7.9420E-04  7.1845E-06
 2.2448E+25  7.5811E-06  7.0885E+03  7.4643E-05  7.8003E-04  7.1845E-06
 2.2541E+25  7.6132E-06  7.0874E+03  7.4643E-05  7.6604E-04  7.1845E-06
 2.2633E+25  7.6987E-06  7.0863E+03  7.4643E-05  7.5224E-04  7.1845E-06
 2.2726E+25  7.7544E-06  7.0852E+03  7.4643E-05  7.3894E-04  7.1845E-06
 2.2819E+25  7.8154E-06  7.0842E+03  7.4643E-05  7.2605E-04  7.1845E-06
 2.2911E+25  7.8995E-06  7.0832E+03  7.4643E-05  7.1328E-04  7.1845E-06
 2.3004E+25  7.9311E-06  7.0821E+03  7.4643E-05  7.0072E-04  7.1845E-06
 2.3096E+25  8.0487E-06  7.0811E+03  7.4643E-05  6.8854E-04  7.1845E-06
 2.3189E+25  8.0458E-06  7.0802E+03  7.4643E-05  6.7677E-04  7.1845E-06
 2.3281E+25  8.2005E-06  7.0792E+03  7.4643E-05  6.6513E-04  7.1845E-06
 2.3374E+25  8.1612E-06  7.0783E+03  7.4643E-05  6.5365E-04  7.1845E-06
 2.3467E+25  8.3187E-06  7.0774E+03  7.4643E-05  6.4250E-04  7.1845E-06
 2.3559E+25  8.3136E-06  7.0765E+03  7.4643E-05  6.3174E-04  7.1845E-06
 2.3652E+25  8.4323E-06  7.0756E+03  7.4643E-05  6.2112E-04  7.1845E-06
 2.3744E+25  8.4745E-06  7.0748E+03  7.4643E-05  6.1061E-04  7.1845E-06
 2.3837E+25  8.5447E-06  7.0739E+03  7.4643E-05  6.0035E-04  7.1845E-06
 2.3929E+25  8.6405E-06  7.0731E+03  7.4643E-05  5.9047E-04  7.1845E-06
 2.4022E+25  8.6556E-06  7.0723E+03  7.4643E-05  5.8079E-04  7.1845E-06
 2.4115E+25  8.8115E-06  7.0715E+03  7.4643E-05  5.7119E-04  7.1845E-06
 2.4207E+25  8.7654E-06  7.0707E+03  7.4643E-05  5.6174E-04  7.1845E-06
 2.4300E+25  8.9295E-06  7.0699E+03  7.4643E-05  5.5261E-04  7.1845E-06
 2.4392E+25  8.9323E-06  7.0692E+03  7.4643E-05  5.4375E-04  7.1845E-06
 2.4485E+25  9.0392E-06  7.0684E+03  7.4643E-05  5.3497E-04  7.1845E-06
 2.4577E+25  9.1125E-06  7.0677E+03  7.4643E-05  5.2630E-04  7.1845E-06
 2.4670E+25  9.1474E-06  7.0670E+03  7.4643E-05  5.1783E-04  7.1845E-06
 2.4763E+25  9.2986E-06  7.0663E+03  7.4643E-05  5.0968E-04  7.1845E-06
 2.4855E+25  9.2538E-06  7.0656E+03  7.4643E-05  5.0167E-04  7.1845E-06
 2.4948E+25  9.4218E-06  7.0649E+03  7.4643E-05  4.9372E-04  7.1845E-06
 2.5040E+25  9.4279E-06  7.0643E+03  7.4643E-05  4.8588E-04  7.1845E-06
 2.5133E+25  9.5282E-06  7.0636E+03  7.4643E-05  4.7828E-04  7.1845E-06
 2.5225E+25  9.6245E-06  7.0630E+03  7.4643E-05  4.7094E-04  7.1845E-06
 2.5318E+25  9.6330E-06  7.0623E+03  7.4643E-05  4.6367E-04  7.1845E-06
 2.5411E+25  9.8034E-06  7.0617E+03  7.4643E-05  4.5648E-04  7.1845E-06
 2.5503E+25  9.7601E-06  7.0611E+03  7.4643E-05  4.4940E-04  7.1845E-06
 2.5596E+25  9.9076E-06  7.0605E+03  7.4643E-05  4.4255E-04  7.1845E-06
 2.5688E+25  9.9676E-06  7.0599E+03  7.4643E-05  4.3590E-04  7.1845E-06
 2.5781E+25  1.0010E-05  7.0594E+03  7.4643E-05  4.2931E-04  7.1845E-06
 2.5873E+25  1.0180E-05  7.0588E+03  7.4643E-05  4.2279E-04  7.1845E-06
 2.5966E+25  1.0114E-05  7.0582E+03  7.4643E-05  4.1637E-04  7.1845E-06
 2.6059E+25  1.0285E-05  7.0577E+03  7.4643E-05  4.1018E-04  7.1845E-06
 2.6151E+25  1.0330E-05  7.0572E+03  7.4643E-05  4.0415E-04  7.1845E-06
 2.6244E+25  1.0386E-05  7.0566E+03  7.4643E-05  3.9818E-04  7.1845E-06
 2.6336E+25  1.0557E-05  7.0561E+03  7.4643E-05  3.9225E-04  7.1845E-06
 2.6429E+25  1.0485E-05  7.0556E+03  7.4643E-05  3.8642E-04  7.1845E-06
 2.6521E+25  1.0661E-05  7.0551E+03  7.4643E-05  3.8078E-04  7.1845E-06
 2.6614E+25  1.0714E-05  7.0546E+03  7.4643E-05  3.7530E-04  7.1845E-06
 2.6707E+25  1.0759E-05  7.0541E+03  7.4643E-05  3.6989E-04  7.1845E-06
 2.6799E+25  1.0938E-05  7.0536E+03  7.4643E-05  3.6450E-04  7.1845E-06
 2.6892E+25  1.0873E-05  7.0532E+03  7.4643E-05  3.5920E-04  7.1845E-06
 2.6984E+25  1.1034E-05  7.0527E+03  7.4643E-05  3.5404E-04  7.1845E-06
 2.7077E+25  1.1122E-05  7.0523E+03  7.4643E-05  3.4905E-04  7.1845E-06
 2.7169E+25  1.1129E-05  7.0518E+03  7.4643E-05  3.4413E-04  7.1845E-06
 2.7262E+25  1.1311E-05  7.0514E+03  7.4643E-05  3.3923E-04  7.1845E-06
 2.7355E+25  1.1291E-05  7.0509E+03  7.4643E-05  3.3440E-04  7.1845E-06
 2.7447E+25  1.1404E-05  7.0505E+03  7.4643E-05  3.2968E-04  7.1845E-06
 2.7540E+25  1.1556E-05  7.0501E+03  7.4643E-05  3.2510E-04  7.1845E-06
 2.7632E+25  1.1495E-05  7.0497E+03  7.4643E-05  3.2064E-04  7.1845E-06
 2.7725E+25  1.1680E-05  7.0493E+03  7.4643E-05  3.1619E-04  7.1845E-06
 2.7817E+25  1.1736E-05  7.0489E+03  7.4643E-05  3.1178E-04  7.1845E-06
 2.7910E+25  1.1770E-05  7.0485E+03  7.4643E-05  3.0744E-04  7.1845E-06
 2.8003E+25  1.1957E-05  7.0481E+03  7.4643E-05  3.0322E-04  7.1845E-06
 2.8095E+25  1.1920E-05  7.0477E+03  7.4643E-05  2.9915E-04  7.1845E-06
 2.8188E+25  1.2045E-05  7.0474E+03  7.4643E-05  2.9511E-04  7.1845E-06
 2.8280E+25  1.2212E-05  7.0470E+03  7.4643E-05  2.9110E-04  7.1845E-06
 2.8373E+25  1.2132E-05  7.0466E+03  7.4643E-05  2.8712E-04  7.1845E-06
 2.8465E+25  1.2321E-05  7.0463E+03  7.4643E-05  2.8323E-04  7.1845E-06
 2.8558E+25  1.2409E-05  7.0459E+03  7.4643E-05  2.7945E-04  7.1845E-06
 2.8651E+25  1.2407E-05  7.0456E+03  7.4643E-05  2.7579E-04  7.1845E-06
 2.8743E+25  1.2598E-05  7.0452E+03  7.4643E-05  2.7213E-04  7.1845E-06
 2.8836E+25  1.2611E-05  7.0449E+03  7.4643E-05  2.6851E-04  7.1845E-06
 2.8928E+25  1.2682E-05  7.0445E+03  7.4643E-05  2.6491E-04  7.1845E-06
 2.9021E+25  1.2875E-05  7.0442E+03  7.4643E-05  2.6142E-04  7.1845E-06
 2.9113E+25  1.2819E-05  7.0439E+03  7.4643E-05  2.5802E-04  7.1845E-06
 2.9206E+25  1.2957E-05  7.0436E+03  7.4643E-05  2.5471E-04  7.1845E-06
 2.9299E+25  1.3147E-05  7.0433E+03  7.4643E-05  2.5141E-04  7.1845E-06
 2.9391E+25  1.3040E-05  7.0430E+03  7.4643E-05  2.4814E-04  7.1845E-06
 2.9484E+25  1.3232E-05  7.0427E+03  7.4643E-05  2.4488E-04  7.1845E-06
 2.9576E+25  1.3375E-05  7.0424E+03  7.4643E-05  2.4172E-04  7.1845E-06
 2.9669E+25  1.3310E-05  7.0421E+03  7.4643E-05  2.3865E-04  7.1845E-06
 2.9761E+25  1.3508E-05  7.0418E+03  7.4643E-05  2.3566E-04  7.1845E-06
 2.9854E+25  1.3606E-05  7.0415E+03  7.4643E-05  2.3268E-04  7.1845E-06
 2.9947E+25  1.3585E-05  7.0412E+03  7.4643E-05  2.2971E-04  7.1845E-06
 3.0039E+25  1.3784E-05  7.0409E+03  7.4643E-05  2.2677E-04  7.1845E-06
 3.0132E+25  1.3844E-05  7.0407E+03  7.4643E-05  2.2390E-04  7.1845E-06
 3.0224E+25  1.3859E-05  7.0404E+03  7.4643E-05  2.2111E-04  7.1845E-06
 3.0317E+25  1.4059E-05  7.0401E+03  7.4643E-05  2.1839E-04  7.1845E-06
 3.0409E+25  1.4090E-05  7.0399E+03  7.4643E-05  2.1570E-04  7.1845E-06
 3.0502E+25  1.4132E-05  7.0396E+03  7.4643E-05  2.1301E-04  7.1845E-06
 3.0594E+25  1.4335E-05  7.0394E+03  7.4643E-05  2.1035E-04  7.1845E-06
 3.0687E+25  1.4344E-05  7.0391E+03  7.4643E-05  2.0773E-04  7.1845E-06
 3.0780E+25  1.4406E-05  7.0389E+03  7.4643E-05  2.0519E-04  7.1845E-06
 3.0872E+25  1.4611E-05  7.0386E+03  7.4643E-05  2.0271E-04  7.1845E-06
 3.0965E+25  1.4607E-05  7.0384E+03  7.4643E-05  2.0028E-04  7.1845E-06
 3.1057E+25  1.4680E-05  7.0381E+03  7.4643E-05  1.9784E-04  7.1845E-06
 3.1150E+25  1.4887E-05  7.0379E+03  7.4643E-05  1.9543E-04  7.1845E-06
 3.1242E+25  1.4879E-05  7.0377E+03  7.4643E-05  1.9304E-04  7.1845E-06
 3.1335E+25  1.4953E-05  7.0375E+03  7.4643E-05  1.9071E-04  7.1845E-06
 3.1428E+25  1.5162E-05  7.0372E+03  7.4643E-05  1.8844E-04  7.1845E-06
 3.1520E+25  1.5160E-05  7.0370E+03  7.4643E-05  1.8624E-04  7.1845E-06
 3.1613E+25  1.5226E-05  7.0368E+03  7.4643E-05  1.8404E-04  7.1845E-06
 3.1705E+25  1.5437E-05  7.0366E+03  7.4643E-05  1.8185E-04  7.1845E-06
 3.1798E+25  1.5451E-05  7.0364E+03  7.4643E-05  1.7968E-04  7.1845E-06
 3.1890E+25  1.5499E-05  7.0361E+03  7.4643E-05  1.7753E-04  7.1845E-06
 3.1983E+25  1.5711E-05  7.0359E+03  7.4643E-05  1.7545E-04  7.1845E-06
 3.2076E+25  1.5752E-05  7.0357E+03  7.4643E-05  1.7341E-04  7.1845E-06
 3.2168E+25  1.5771E-05  7.0355E+03  7.4643E-05  1.7143E-04  7.1845E-06
 3.2261E+25  1.5985E-05  7.0353E+03  7.4643E-05  1.6945E-04  7.1845E-06
 3.2353E+25  1.6064E-05  7.0351E+03  7.4643E-05  1.6748E-04  7.1845E-06
 3.2446E+25  1.6043E-05  7.0350E+03  7.4643E-05  1.6552E-04  7.1845E-06
 3.2538E+25  1.6258E-05  7.0348E+03  7.4643E-05  1.6359E-04  7.1845E-06
 3.2631E+25  1.6388E-05  7.0346E+03  7.4643E-05  1.6172E-04  7.1845E-06
 3.2724E+25  1.6314E-05  7.0344E+03  7.4643E-05  1.5989E-04  7.1845E-06
 3.2816E+25  1.6531E-05  7.0342E+03  7.4643E-05  1.5810E-04  7.1845E-06
 3.2909E+25  1.6724E-05  7.0340E+03  7.4643E-05  1.5631E-04  7.1845E-06
 3.3001E+25  1.6583E-05  7.0338E+03  7.4643E-05  1.5453E-04  7.1845E-06
 3.3094E+25  1.6804E-05  7.0337E+03  7.4643E-05  1.5277E-04  7.1845E-06
 3.3186E+25  1.7025E-05  7.0335E+03  7.4643E-05  1.5103E-04  7.1845E-06
 3.3279E+25  1.6899E-05  7.0333E+03  7.4643E-05  1.4933E-04  7.1845E-06
 3.3372E+25  1.7076E-05  7.0332E+03  7.4643E-05  1.4768E-04  7.1845E-06
 3.3464E+25  1.7298E-05  7.0330E+03  7.4643E-05  1.4607E-04  7.1845E-06
 3.3557E+25  1.7256E-05  7.0328E+03  7.4643E-05  1.4446E-04  7.1845E-06
 3.3649E+25  1.7346E-05  7.0327E+03  7.4643E-05  1.4285E-04  7.1845E-06
 3.3742E+25  1.7570E-05  7.0325E+03  7.4643E-05  1.4126E-04  7.1845E-06
 3.3834E+25  1.7627E-05  7.0323E+03  7.4643E-05  1.3968E-04  7.1845E-06
 3.3927E+25  1.7616E-05  7.0322E+03  7.4643E-05  1.3814E-04  7.1845E-06
 3.4020E+25  1.7841E-05  7.0320E+03  7.4643E-05  1.3664E-04  7.1845E-06
 3.4112E+25  1.8012E-05  7.0319E+03  7.4643E-05  1.3519E-04  7.1845E-06
 3.4205E+25  1.7883E-05  7.0317E+03  7.4643E-05  1.3373E-04  7.1845E-06
 3.4297E+25  1.8112E-05  7.0316E+03  7.4643E-05  1.3228E-04  7.1845E-06
 3.4390E+25  1.8342E-05  7.0314E+03  7.4643E-05  1.3084E-04  7.1845E-06
 3.4482E+25  1.8220E-05  7.0313E+03  7.4643E-05  1.2941E-04  7.1845E-06
 3.4575E+25  1.8382E-05  7.0311E+03  7.4643E-05  1.2801E-04  7.1845E-06
 3.4668E+25  1.8612E-05  7.0310E+03  7.4643E-05  1.2664E-04  7.1845E-06
 3.4760E+25  1.8631E-05  7.0308E+03  7.4643E-05  1.2531E-04  7.1845E-06
 3.4853E+25  1.8650E-05  7.0307E+03  7.4643E-05  1.2400E-04  7.1845E-06
 3.4945E+25  1.8882E-05  7.0306E+03  7.4643E-05  1.2270E-04  7.1845E-06
 3.5038E+25  1.9059E-05  7.0304E+03  7.4643E-05  1.2139E-04  7.1845E-06
 3.5130E+25  1.8916E-05  7.0303E+03  7.4643E-05  1.2010E-04  7.1845E-06
 3.5223E+25  1.9152E-05  7.0302E+03  7.4643E-05  1.1882E-04  7.1845E-06
 3.5316E+25  1.9387E-05  7.0300E+03  7.4643E-05  1.1757E-04  7.1845E-06
 3.5408E+25  1.9296E-05  7.0299E+03  7.4643E-05  1.1634E-04  7.1845E-06
 3.5501E+25  1.9420E-05  7.0298E+03  7.4643E-05  1.1515E-04  7.1845E-06
 3.5593E+25  1.9656E-05  7.0296E+03  7.4643E-05  1.1397E-04  7.1845E-06
 3.5686E+25  1.9754E-05  7.0295E+03  7.4643E-05  1.1280E-04  7.1845E-06
 3.5778E+25  1.9684E-05  7.0294E+03  7.4643E-05  1.1163E-04  7.1845E-06
 3.5871E+25  1.9925E-05  7.0293E+03  7.4643E-05  1.1047E-04  7.1845E-06
 3.5964E+25  2.0165E-05  7.0291E+03  7.4643E-05  1.0931E-04  7.1845E-06
 3.6056E+25  2.0012E-05  7.0290E+03  7.4643E-05  1.0819E-04  7.1845E-06
 3.6149E+25  2.0192E-05  7.0289E+03  7.4643E-05  1.0709E-04  7.1845E-06
 3.6241E+25  2.0433E-05  7.0288E+03  7.4643E-05  1.0602E-04  7.1845E-06
 3.6334E+25  2.0502E-05  7.0287E+03  7.4643E-05  1.0496E-04  7.1845E-06
 3.6426E+25  2.0455E-05  7.0286E+03  7.4643E-05  1.0391E-04  7.1845E-06
 3.6519E+25  2.0702E-05  7.0285E+03  7.4643E-05  1.0285E-04  7.1845E-06
 3.6612E+25  2.0945E-05  7.0283E+03  7.4643E-05  1.0180E-04  7.1845E-06
 3.6704E+25  2.0784E-05  7.0282E+03  7.4643E-05  1.0076E-04  7.1845E-06
 3.6797E+25  2.0967E-05  7.0281E+03  7.4643E-05  9.9755E-05  7.1845E-06
 3.6889E+25  2.1213E-05  7.0280E+03  7.4643E-05  9.8758E-05  7.1845E-06
 3.6982E+25  2.1309E-05  7.0279E+03  7.4643E-05  9.7794E-05  7.1845E-06
 3.7074E+25  2.1228E-05  7.0278E+03  7.4643E-05  9.6845E-05  7.1845E-06
 3.7167E+25  2.1480E-05  7.0277E+03  7.4643E-05  9.5894E-05  7.1845E-06
 3.7260E+25  2.1728E-05  7.0276E+03  7.4643E-05  9.4944E-05  7.1845E-06
 3.7352E+25  2.1618E-05  7.0275E+03  7.4643E-05  9.4001E-05  7.1845E-06
 3.7445E+25  2.1742E-05  7.0274E+03  7.4643E-05  9.3063E-05  7.1845E-06
 3.7537E+25  2.1995E-05  7.0273E+03  7.4643E-05  9.2143E-05  7.1845E-06
 3.7630E+25  2.2181E-05  7.0272E+03  7.4643E-05  9.1242E-05  7.1845E-06
 3.7722E+25  2.2003E-05  7.0271E+03  7.4643E-05  9.0362E-05  7.1845E-06
 3.7815E+25  2.2259E-05  7.0270E+03  7.4643E-05  8.9509E-05  7.1845E-06
 3.7908E+25  2.2513E-05  7.0269E+03  7.4643E-05  8.8657E-05  7.1845E-06
 3.8000E+25  2.2519E-05  7.0268E+03  7.4643E-05  8.7799E-05  7.1845E-06
 3.8093E+25  2.2519E-05  7.0267E+03  7.4643E-05  8.6949E-05  7.1845E-06
 3.8185E+25  2.2778E-05  7.0266E+03  7.4643E-05  8.6106E-05  7.1845E-06
 3.8278E+25  2.3033E-05  7.0265E+03  7.4643E-05  8.5265E-05  7.1845E-06
 3.8370E+25  2.2870E-05  7.0264E+03  7.4643E-05  8.4450E-05  7.1845E-06
 3.8463E+25  2.3037E-05  7.0264E+03  7.4643E-05  8.3642E-05  7.1845E-06
 3.8556E+25  2.3299E-05  7.0263E+03  7.4643E-05  8.2863E-05  7.1845E-06
 3.8648E+25  2.3493E-05  7.0262E+03  7.4643E-05  8.2097E-05  7.1845E-06
 3.8741E+25  2.3298E-05  7.0261E+03  7.4643E-05  8.1329E-05  7.1845E-06
 3.8833E+25  2.3560E-05  7.0260E+03  7.4643E-05  8.0563E-05  7.1845E-06
 3.8926E+25  2.3822E-05  7.0259E+03  7.4643E-05  7.9801E-05  7.1845E-06
 3.9018E+25  2.3877E-05  7.0258E+03  7.4643E-05  7.9040E-05  7.1845E-06
 3.9111E+25  2.3818E-05  7.0257E+03  7.4643E-05  7.8291E-05  7.1845E-06
 3.9204E+25  2.4084E-05  7.0257E+03  7.4643E-05  7.7560E-05  7.1845E-06
 3.9296E+25  2.4349E-05  7.0256E+03  7.4643E-05  7.6835E-05  7.1845E-06
 3.9389E+25  2.4276E-05  7.0255E+03  7.4643E-05  7.6141E-05  7.1845E-06
 3.9481E+25  2.4341E-05  7.0254E+03  7.4643E-05  7.5453E-05  7.1845E-06
 3.9574E+25  2.4611E-05  7.0254E+03  7.4643E-05  7.4763E-05  7.1845E-06
 3.9666E+25  2.4877E-05  7.0253E+03  7.4643E-05  7.4073E-05  7.1845E-06
 3.9759E+25  2.4692E-05  7.0252E+03  7.4643E-05  7.3389E-05  7.1845E-06
 3.9852E+25  2.4867E-05  7.0251E+03  7.4643E-05  7.2706E-05  7.1845E-06
 3.9944E+25  2.5141E-05  7.0250E+03  7.4643E-05  7.2034E-05  7.1845E-06
 4.0037E+25  2.5397E-05  7.0250E+03  7.4643E-05  7.1375E-05  7.1845E-06
 4.0129E+25  2.5136E-05  7.0249E+03  7.4643E-05  7.0721E-05  7.1845E-06
 4.0222E+25  2.5396E-05  7.0248E+03  7.4643E-05  7.0097E-05  7.1845E-06
 4.0314E+25  2.5672E-05  7.0247E+03  7.4643E-05  6.9479E-05  7.1845E-06
 4.0407E+25  2.5861E-05  7.0247E+03  7.4643E-05  6.8860E-05  7.1845E-06
 4.0500E+25  2.5655E-05  7.0246E+03  7.4643E-05  6.8242E-05  7.1845E-06
 4.0592E+25  2.5927E-05  7.0245E+03  7.4643E-05  6.7626E-05  7.1845E-06
 4.0685E+25  2.6207E-05  7.0245E+03  7.4643E-05  6.7013E-05  7.1845E-06
 4.0777E+25  2.6335E-05  7.0244E+03  7.4643E-05  6.6403E-05  7.1845E-06
 4.0870E+25  2.6186E-05  7.0243E+03  7.4643E-05  6.5808E-05  7.1845E-06
 4.0962E+25  2.6461E-05  7.0243E+03  7.4643E-05  6.5221E-05  7.1845E-06
 4.1055E+25  2.6743E-05  7.0242E+03  7.4643E-05  6.4650E-05  7.1845E-06
 4.1148E+25  2.6828E-05  7.0241E+03  7.4643E-05  6.4094E-05  7.1845E-06
 4.1240E+25  2.6719E-05  7.0241E+03  7.4643E-05  6.3541E-05  7.1845E-06
 4.1333E+25  2.6997E-05  7.0240E+03  7.4643E-05  6.2986E-05  7.1845E-06
 4.1425E+25  2.7282E-05  7.0239E+03  7.4643E-05  6.2431E-05  7.1845E-06
 4.1518E+25  2.7341E-05  7.0239E+03  7.4643E-05  6.1881E-05  7.1845E-06
 4.1610E+25  2.7255E-05  7.0238E+03  7.4643E-05  6.1332E-05  7.1845E-06
 4.1703E+25  2.7535E-05  7.0237E+03  7.4643E-05  6.0790E-05  7.1845E-06
 4.1796E+25  2.7824E-05  7.0237E+03  7.4643E-05  6.0258E-05  7.1845E-06
 4.1888E+25  2.7876E-05  7.0236E+03  7.4643E-05  5.9733E-05  7.1845E-06
 4.1981E+25  2.7793E-05  7.0235E+03  7.4643E-05  5.9228E-05  7.1845E-06
 4.2073E+25  2.8076E-05  7.0235E+03  7.4643E-05  5.8733E-05  7.1845E-06
 4.2166E+25  2.8367E-05  7.0234E+03  7.4643E-05  5.8237E-05  7.1845E-06
 4.2258E+25  2.8432E-05  7.0234E+03  7.4643E-05  5.7735E-05  7.1845E-06
 4.2351E+25  2.8334E-05  7.0233E+03  7.4643E-05  5.7241E-05  7.1845E-06
 4.2443E+25  2.8619E-05  7.0233E+03  7.4643E-05  5.6748E-05  7.1845E-06
 4.2536E+25  2.8912E-05  7.0232E+03  7.4643E-05  5.6255E-05  7.1845E-06
 4.2629E+25  2.9011E-05  7.0231E+03  7.4643E-05  5.5772E-05  7.1845E-06
 4.2721E+25  2.8878E-05  7.0231E+03  7.4643E-05  5.5295E-05  7.1845E-06
 4.2814E+25  2.9165E-05  7.0230E+03  7.4643E-05  5.4825E-05  7.1845E-06
 4.2906E+25  2.9460E-05  7.0230E+03  7.4643E-05  5.4374E-05  7.1845E-06
 4.2999E+25  2.9615E-05  7.0229E+03  7.4643E-05  5.3929E-05  7.1845E-06
 4.3091E+25  2.9423E-05  7.0229E+03  7.4643E-05  5.3482E-05  7.1845E-06
 4.3184E+25  2.9714E-05  7.0228E+03  7.4643E-05  5.3037E-05  7.1845E-06
 4.3277E+25  3.0009E-05  7.0227E+03  7.4643E-05  5.2593E-05  7.1845E-06
 4.3369E+25  3.0243E-05  7.0227E+03  7.4643E-05  5.2149E-05  7.1845E-06
 4.3462E+25  2.9971E-05  7.0226E+03  7.4643E-05  5.1708E-05  7.1845E-06
 4.3554E+25  3.0265E-05  7.0226E+03  7.4643E-05  5.1273E-05  7.1845E-06
 4.3647E+25  3.0561E-05  7.0225E+03  7.4643E-05  5.0845E-05  7.1845E-06
 4.3739E+25  3.0860E-05  7.0225E+03  7.4643E-05  5.0421E-05  7.1845E-06
 4.3832E+25  3.0558E-05  7.0224E+03  7.4643E-05  5.0015E-05  7.1845E-06
 4.3925E+25  3.0819E-05  7.0224E+03  7.4643E-05  4.9616E-05  7.1845E-06
 4.4017E+25  3.1117E-05  7.0223E+03  7.4643E-05  4.9218E-05  7.1845E-06
 4.4110E+25  3.1423E-05  7.0223E+03  7.4643E-05  4.8815E-05  7.1845E-06
 4.4202E+25  3.1227E-05  7.0222E+03  7.4643E-05  4.8417E-05  7.1845E-06
 4.4295E+25  3.1375E-05  7.0222E+03  7.4643E-05  4.8020E-05  7.1845E-06
 4.4387E+25  3.1675E-05  7.0221E+03  7.4643E-05  4.7624E-05  7.1845E-06
 4.4480E+25  3.1982E-05  7.0221E+03  7.4643E-05  4.7231E-05  7.1845E-06
 4.4573E+25  3.1930E-05  7.0220E+03  7.4643E-05  4.6844E-05  7.1845E-06
 4.4665E+25  3.1933E-05  7.0220E+03  7.4643E-05  4.6462E-05  7.1845E-06
 4.4758E+25  3.2237E-05  7.0219E+03  7.4643E-05  4.6090E-05  7.1845E-06
 4.4850E+25  3.2543E-05  7.0219E+03  7.4643E-05  4.5731E-05  7.1845E-06
 4.4943E+25  3.2660E-05  7.0218E+03  7.4643E-05  4.5375E-05  7.1845E-06
 4.5035E+25  3.2495E-05  7.0218E+03  7.4643E-05  4.5016E-05  7.1845E-06
 4.5128E+25  3.2802E-05  7.0218E+03  7.4643E-05  4.4658E-05  7.1845E-06
 4.5221E+25  3.3108E-05  7.0217E+03  7.4643E-05  4.4301E-05  7.1845E-06
 4.5313E+25  3.3407E-05  7.0217E+03  7.4643E-05  4.3945E-05  7.1845E-06
 4.5406E+25  3.3071E-05  7.0216E+03  7.4643E-05  4.3590E-05  7.1845E-06
 4.5498E+25  3.3367E-05  7.0216E+03  7.4643E-05  4.3240E-05  7.1845E-06
 4.5591E+25  3.3679E-05  7.0215E+03  7.4643E-05  4.2896E-05  7.1845E-06
 4.5683E+25  3.3992E-05  7.0215E+03  7.4643E-05  4.2554E-05  7.1845E-06
 4.5776E+25  3.3839E-05  7.0214E+03  7.4643E-05  4.2223E-05  7.1845E-06
 4.5869E+25  3.3936E-05  7.0214E+03  7.4643E-05  4.1904E-05  7.1845E-06
 4.5961E+25  3.4251E-05  7.0214E+03  7.4643E-05  4.1584E-05  7.1845E-06
 4.6054E+25  3.4565E-05  7.0213E+03  7.4643E-05  4.1263E-05  7.1845E-06
 4.6146E+25  3.4652E-05  7.0213E+03  7.4643E-05  4.0943E-05  7.1845E-06
 4.6239E+25  3.4512E-05  7.0212E+03  7.4643E-05  4.0624E-05  7.1845E-06
 4.6331E+25  3.4825E-05  7.0212E+03  7.4643E-05  4.0305E-05  7.1845E-06
 4.6424E+25  3.5143E-05  7.0212E+03  7.4643E-05  3.9988E-05  7.1845E-06
 4.6517E+25  3.5457E-05  7.0211E+03  7.4643E-05  3.9674E-05  7.1845E-06
 4.6609E+25  3.5126E-05  7.0211E+03  7.4643E-05  3.9364E-05  7.1845E-06
 4.6702E+25  3.5402E-05  7.0210E+03  7.4643E-05  3.9056E-05  7.1845E-06
 4.6794E+25  3.5725E-05  7.0210E+03  7.4643E-05  3.8761E-05  7.1845E-06
 4.6887E+25  3.6045E-05  7.0210E+03  7.4643E-05  3.8475E-05  7.1845E-06
 4.6979E+25  3.5991E-05  7.0209E+03  7.4643E-05  3.8188E-05  7.1845E-06
 4.7072E+25  3.5987E-05  7.0209E+03  7.4643E-05  3.7902E-05  7.1845E-06
 4.7165E+25  3.6306E-05  7.0208E+03  7.4643E-05  3.7615E-05  7.1845E-06
 4.7257E+25  3.6633E-05  7.0208E+03  7.4643E-05  3.7329E-05  7.1845E-06
 4.7350E+25  3.6896E-05  7.0208E+03  7.4643E-05  3.7044E-05  7.1845E-06
 4.7442E+25  3.6572E-05  7.0207E+03  7.4643E-05  3.6760E-05  7.1845E-06
 4.7535E+25  3.6893E-05  7.0207E+03  7.4643E-05  3.6476E-05  7.1845E-06
 4.7627E+25  3.7222E-05  7.0207E+03  7.4643E-05  3.6200E-05  7.1845E-06
 4.7720E+25  3.7550E-05  7.0206E+03  7.4643E-05  3.5923E-05  7.1845E-06
 4.7813E+25  3.7444E-05  7.0206E+03  7.4643E-05  3.5652E-05  7.1845E-06
 4.7905E+25  3.7488E-05  7.0205E+03  7.4643E-05  3.5394E-05  7.1845E-06
 4.7998E+25  3.7811E-05  7.0205E+03  7.4643E-05  3.5138E-05  7.1845E-06
 4.8090E+25  3.8147E-05  7.0205E+03  7.4643E-05  3.4882E-05  7.1845E-06
 4.8183E+25  3.8416E-05  7.0204E+03  7.4643E-05  3.4626E-05  7.1845E-06
 4.8275E+25  3.8078E-05  7.0204E+03  7.4643E-05  3.4369E-05  7.1845E-06
 4.8368E+25  3.8412E-05  7.0204E+03  7.4643E-05  3.4113E-05  7.1845E-06
 4.8461E+25  3.8742E-05  7.0203E+03  7.4643E-05  3.3859E-05  7.1845E-06
 4.8553E+25  3.9081E-05  7.0203E+03  7.4643E-05  3.3604E-05  7.1845E-06
 4.8646E+25  3.9019E-05  7.0203E+03  7.4643E-05  3.3353E-05  7.1845E-06
 4.8738E+25  3.9011E-05  7.0202E+03  7.4643E-05  3.3105E-05  7.1845E-06
 4.8831E+25  3.9346E-05  7.0202E+03  7.4643E-05  3.2858E-05  7.1845E-06
 4.8923E+25  3.9685E-05  7.0202E+03  7.4643E-05  3.2621E-05  7.1845E-06
 4.9016E+25  4.0018E-05  7.0201E+03  7.4643E-05  3.2391E-05  7.1845E-06
 4.9109E+25  3.9657E-05  7.0201E+03  7.4643E-05  3.2162E-05  7.1845E-06
 4.9201E+25  3.9954E-05  7.0201E+03  7.4643E-05  3.1932E-05  7.1845E-06
 4.9294E+25  4.0291E-05  7.0200E+03  7.4643E-05  3.1702E-05  7.1845E-06
 4.9386E+25  4.0637E-05  7.0200E+03  7.4643E-05  3.1473E-05  7.1845E-06
 4.9479E+25  4.0729E-05  7.0200E+03  7.4643E-05  3.1245E-05  7.1845E-06
 4.9571E+25  4.0559E-05  7.0199E+03  7.4643E-05  3.1017E-05  7.1845E-06
 4.9664E+25  4.0908E-05  7.0199E+03  7.4643E-05  3.0790E-05  7.1845E-06
 4.9757E+25  4.1248E-05  7.0199E+03  7.4643E-05  3.0566E-05  7.1845E-06
 4.9849E+25  4.1600E-05  7.0198E+03  7.4643E-05  3.0343E-05  7.1845E-06
 4.9942E+25  4.1421E-05  7.0198E+03  7.4643E-05  3.0121E-05  7.1845E-06
 5.0034E+25  4.1520E-05  7.0198E+03  7.4643E-05  2.9909E-05  7.1845E-06
 5.0127E+25  4.1872E-05  7.0198E+03  7.4643E-05  2.9703E-05  7.1845E-06
 5.0219E+25  4.2216E-05  7.0197E+03  7.4643E-05  2.9499E-05  7.1845E-06
 5.0312E+25  4.2557E-05  7.0197E+03  7.4643E-05  2.9294E-05  7.1845E-06
 5.0405E+25  4.2160E-05  7.0197E+03  7.4643E-05  2.9089E-05  7.1845E-06
 5.0497E+25  4.2491E-05  7.0196E+03  7.4643E-05  2.8883E-05  7.1845E-06
 5.0590E+25  4.2847E-05  7.0196E+03  7.4643E-05  2.8679E-05  7.1845E-06
 5.0682E+25  4.3196E-05  7.0196E+03  7.4643E-05  2.8475E-05  7.1845E-06
 5.0775E+25  4.3342E-05  7.0195E+03  7.4643E-05  2.8272E-05  7.1845E-06
 5.0867E+25  4.3113E-05  7.0195E+03  7.4643E-05  2.8070E-05  7.1845E-06
 5.0960E+25  4.3474E-05  7.0195E+03  7.4643E-05  2.7870E-05  7.1845E-06
 5.1053E+25  4.3834E-05  7.0195E+03  7.4643E-05  2.7672E-05  7.1845E-06
 5.1145E+25  4.4187E-05  7.0194E+03  7.4643E-05  2.7478E-05  7.1845E-06
 5.1238E+25  4.4136E-05  7.0194E+03  7.4643E-05  2.7293E-05  7.1845E-06
 5.1330E+25  4.4102E-05  7.0194E+03  7.4643E-05  2.7110E-05  7.1845E-06
 5.1423E+25  4.4468E-05  7.0193E+03  7.4643E-05  2.6928E-05  7.1845E-06
 5.1515E+25  4.4832E-05  7.0193E+03  7.4643E-05  2.6744E-05  7.1845E-06
 5.1608E+25  4.5189E-05  7.0193E+03  7.4643E-05  2.6561E-05  7.1845E-06
 5.1701E+25  4.4964E-05  7.0193E+03  7.4643E-05  2.6378E-05  7.1845E-06
 5.1793E+25  4.5103E-05  7.0192E+03  7.4643E-05  2.6196E-05  7.1845E-06
 5.1886E+25  4.5473E-05  7.0192E+03  7.4643E-05  2.6013E-05  7.1845E-06
 5.1978E+25  4.5843E-05  7.0192E+03  7.4643E-05  2.5831E-05  7.1845E-06
 5.2071E+25  4.6198E-05  7.0192E+03  7.4643E-05  2.5652E-05  7.1845E-06
 5.2163E+25  4.5833E-05  7.0191E+03  7.4643E-05  2.5474E-05  7.1845E-06
 5.2256E+25  4.6117E-05  7.0191E+03  7.4643E-05  2.5296E-05  7.1845E-06
 5.2349E+25  4.6491E-05  7.0191E+03  7.4643E-05  2.5125E-05  7.1845E-06
 5.2441E+25  4.6866E-05  7.0191E+03  7.4643E-05  2.4961E-05  7.1845E-06
 5.2534E+25  4.7176E-05  7.0190E+03  7.4643E-05  2.4798E-05  7.1845E-06
 5.2626E+25  4.6780E-05  7.0190E+03  7.4643E-05  2.4635E-05  7.1845E-06
 5.2719E+25  4.7144E-05  7.0190E+03  7.4643E-05  2.4471E-05  7.1845E-06
 5.2811E+25  4.7520E-05  7.0190E+03  7.4643E-05  2.4307E-05  7.1845E-06
 5.2904E+25  4.7901E-05  7.0189E+03  7.4643E-05  2.4144E-05  7.1845E-06
 5.2997E+25  4.8118E-05  7.0189E+03  7.4643E-05  2.3981E-05  7.1845E-06
 5.3089E+25  4.7814E-05  7.0189E+03  7.4643E-05  2.3818E-05  7.1845E-06
 5.3182E+25  4.8184E-05  7.0189E+03  7.4643E-05  2.3656E-05  7.1845E-06
 5.3274E+25  4.8561E-05  7.0188E+03  7.4643E-05  2.3495E-05  7.1845E-06
 5.3367E+25  4.8948E-05  7.0188E+03  7.4643E-05  2.3335E-05  7.1845E-06
 5.3459E+25  4.9099E-05  7.0188E+03  7.4643E-05  2.3176E-05  7.1845E-06
 5.3552E+25  4.8861E-05  7.0187E+03  7.4643E-05  2.3024E-05  7.1845E-06
 5.3645E+25  4.9237E-05  7.0187E+03  7.4643E-05  2.2877E-05  7.1845E-06
 5.3737E+25  4.9615E-05  7.0187E+03  7.4643E-05  2.2731E-05  7.1845E-06
 5.3830E+25  5.0007E-05  7.0187E+03  7.4643E-05  2.2585E-05  7.1845E-06
 5.3922E+25  5.0121E-05  7.0187E+03  7.4643E-05  2.2439E-05  7.1845E-06
 5.4015E+25  4.9921E-05  7.0186E+03  7.4643E-05  2.2292E-05  7.1845E-06
 5.4107E+25  5.0304E-05  7.0186E+03  7.4643E-05  2.2146E-05  7.1845E-06
 5.4200E+25  5.0683E-05  7.0186E+03  7.4643E-05  2.2001E-05  7.1845E-06
 5.4292E+25  5.1080E-05  7.0186E+03  7.4643E-05  2.1856E-05  7.1845E-06
 5.4385E+25  5.1184E-05  7.0185E+03  7.4643E-05  2.1710E-05  7.1845E-06
 5.4478E+25  5.0994E-05  7.0185E+03  7.4643E-05  2.1566E-05  7.1845E-06
 5.4570E+25  5.1385E-05  7.0185E+03  7.4643E-05  2.1424E-05  7.1845E-06
 5.4663E+25  5.1767E-05  7.0185E+03  7.4643E-05  2.1281E-05  7.1845E-06
 5.4755E+25  5.2166E-05  7.0184E+03  7.4643E-05  2.1141E-05  7.1845E-06
 5.4848E+25  5.2289E-05  7.0184E+03  7.4643E-05  2.1008E-05  7.1845E-06
 5.4940E+25  5.2080E-05  7.0184E+03  7.4643E-05  2.0877E-05  7.1845E-06
 5.5033E+25  5.2478E-05  7.0184E+03  7.4643E-05  2.0748E-05  7.1845E-06
 5.5126E+25  5.2868E-05  7.0184E+03  7.4643E-05  2.0618E-05  7.1845E-06
 5.5218E+25  5.3264E-05  7.0183E+03  7.4643E-05  2.0486E-05  7.1845E-06
 5.5311E+25  5.3433E-05  7.0183E+03  7.4643E-05  2.0356E-05  7.1845E-06
 5.5403E+25  5.3187E-05  7.0183E+03  7.4643E-05  2.0226E-05  7.1845E-06
 5.5496E+25  5.3586E-05  7.0183E+03  7.4643E-05  2.0096E-05  7.1845E-06
 5.5588E+25  5.3984E-05  7.0182E+03  7.4643E-05  1.9966E-05  7.1845E-06
 5.5681E+25  5.4377E-05  7.0182E+03  7.4643E-05  1.9837E-05  7.1845E-06
 5.5774E+25  5.4619E-05  7.0182E+03  7.4643E-05  1.9708E-05  7.1845E-06
 5.5866E+25  5.4310E-05  7.0182E+03  7.4643E-05  1.9581E-05  7.1845E-06
 5.5959E+25  5.4706E-05  7.0182E+03  7.4643E-05  1.9453E-05  7.1845E-06
 5.6051E+25  5.5113E-05  7.0181E+03  7.4643E-05  1.9330E-05  7.1845E-06
 5.6144E+25  5.5511E-05  7.0181E+03  7.4643E-05  1.9212E-05  7.1845E-06
 5.6236E+25  5.5848E-05  7.0181E+03  7.4643E-05  1.9095E-05  7.1845E-06
 5.6329E+25  5.5449E-05  7.0181E+03  7.4643E-05  1.8979E-05  7.1845E-06
 5.6422E+25  5.5842E-05  7.0181E+03  7.4643E-05  1.8863E-05  7.1845E-06
 5.6514E+25  5.6256E-05  7.0180E+03  7.4643E-05  1.8746E-05  7.1845E-06
 5.6607E+25  5.6664E-05  7.0180E+03  7.4643E-05  1.8630E-05  7.1845E-06
 5.6699E+25  5.7057E-05  7.0180E+03  7.4643E-05  1.8514E-05  7.1845E-06
 5.6792E+25  5.6660E-05  7.0180E+03  7.4643E-05  1.8398E-05  7.1845E-06
 5.6884E+25  5.7003E-05  7.0179E+03  7.4643E-05  1.8282E-05  7.1845E-06
 5.6977E+25  5.7413E-05  7.0179E+03  7.4643E-05  1.8166E-05  7.1845E-06
 5.7070E+25  5.7830E-05  7.0179E+03  7.4643E-05  1.8051E-05  7.1845E-06
 5.7162E+25  5.8237E-05  7.0179E+03  7.4643E-05  1.7937E-05  7.1845E-06
 5.7255E+25  5.7969E-05  7.0179E+03  7.4643E-05  1.7823E-05  7.1845E-06
 5.7347E+25  5.8181E-05  7.0178E+03  7.4643E-05  1.7712E-05  7.1845E-06
 5.7440E+25  5.8584E-05  7.0178E+03  7.4643E-05  1.7606E-05  7.1845E-06
 5.7532E+25  5.9010E-05  7.0178E+03  7.4643E-05  1.7502E-05  7.1845E-06
 5.7625E+25  5.9430E-05  7.0178E+03  7.4643E-05  1.7399E-05  7.1845E-06
 5.7718E+25  5.9332E-05  7.0178E+03  7.4643E-05  1.7295E-05  7.1845E-06
 5.7810E+25  5.9368E-05  7.0177E+03  7.4643E-05  1.7191E-05  7.1845E-06
 5.7903E+25  5.9785E-05  7.0177E+03  7.4643E-05  1.7087E-05  7.1845E-06
 5.7995E+25  6.0205E-05  7.0177E+03  7.4643E-05  1.6983E-05  7.1845E-06
 5.8088E+25  6.0634E-05  7.0177E+03  7.4643E-05  1.6880E-05  7.1845E-06
 5.8180E+25  6.0753E-05  7.0177E+03  7.4643E-05  1.6776E-05  7.1845E-06
 5.8273E+25  6.0570E-05  7.0176E+03  7.4643E-05  1.6672E-05  7.1845E-06
 5.8366E+25  6.1002E-05  7.0176E+03  7.4643E-05  1.6570E-05  7.1845E-06
 5.8458E+25  6.1418E-05  7.0176E+03  7.4643E-05  1.6468E-05  7.1845E-06
 5.8551E+25  6.1854E-05  7.0176E+03  7.4643E-05  1.6365E-05  7.1845E-06
 5.8643E+25  6.2223E-05  7.0176E+03  7.4643E-05  1.6264E-05  7.1845E-06
 5.8736E+25  6.1794E-05  7.0175E+03  7.4643E-05  1.6167E-05  7.1845E-06
 5.8828E+25  6.2228E-05  7.0175E+03  7.4643E-05  1.6074E-05  7.1845E-06
 5.8921E+25  6.2662E-05  7.0175E+03  7.4643E-05  1.5981E-05  7.1845E-06
 5.9014E+25  6.3086E-05  7.0175E+03  7.4643E-05  1.5889E-05  7.1845E-06
 5.9106E+25  6.3528E-05  7.0175E+03  7.4643E-05  1.5796E-05  7.1845E-06
 5.9199E+25  6.3259E-05  7.0175E+03  7.4643E-05  1.5703E-05  7.1845E-06
 5.9291E+25  6.3471E-05  7.0174E+03  7.4643E-05  1.5611E-05  7.1845E-06
 5.9384E+25  6.3916E-05  7.0174E+03  7.4643E-05  1.5518E-05  7.1845E-06
 5.9476E+25  6.4349E-05  7.0174E+03  7.4643E-05  1.5426E-05  7.1845E-06
 5.9569E+25  6.4789E-05  7.0174E+03  7.4643E-05  1.5334E-05  7.1845E-06
 5.9662E+25  6.4826E-05  7.0174E+03  7.4643E-05  1.5241E-05  7.1845E-06
 5.9754E+25  6.4745E-05  7.0173E+03  7.4643E-05  1.5149E-05  7.1845E-06
 5.9847E+25  6.5184E-05  7.0173E+03  7.4643E-05  1.5058E-05  7.1845E-06
 5.9939E+25  6.5635E-05  7.0173E+03  7.4643E-05  1.4967E-05  7.1845E-06
 6.0032E+25  6.6068E-05  7.0173E+03  7.4643E-05  1.4876E-05  7.1845E-06
 6.0124E+25  6.6441E-05  7.0173E+03  7.4643E-05  1.4790E-05  7.1845E-06
 6.0217E+25  6.6042E-05  7.0172E+03  7.4643E-05  1.4706E-05  7.1845E-06
 6.0310E+25  6.6478E-05  7.0172E+03  7.4643E-05  1.4624E-05  7.1845E-06
 6.0402E+25  6.6929E-05  7.0172E+03  7.4643E-05  1.4542E-05  7.1845E-06
 6.0495E+25  6.7384E-05  7.0172E+03  7.4643E-05  1.4459E-05  7.1845E-06
 6.0587E+25  6.7820E-05  7.0172E+03  7.4643E-05  1.4376E-05  7.1845E-06
 6.0680E+25  6.7633E-05  7.0172E+03  7.4643E-05  1.4294E-05  7.1845E-06
 6.0772E+25  6.7803E-05  7.0171E+03  7.4643E-05  1.4211E-05  7.1845E-06
 6.0865E+25  6.8246E-05  7.0171E+03  7.4643E-05  1.4129E-05  7.1845E-06
 6.0958E+25  6.8705E-05  7.0171E+03  7.4643E-05  1.4047E-05  7.1845E-06
 6.1050E+25  6.9163E-05  7.0171E+03  7.4643E-05  1.3964E-05  7.1845E-06
 6.1143E+25  6.9344E-05  7.0171E+03  7.4643E-05  1.3882E-05  7.1845E-06
 6.1235E+25  6.9145E-05  7.0170E+03  7.4643E-05  1.3800E-05  7.1845E-06
 6.1328E+25  6.9598E-05  7.0170E+03  7.4643E-05  1.3719E-05  7.1845E-06
 6.1420E+25  7.0047E-05  7.0170E+03  7.4643E-05  1.3637E-05  7.1845E-06
 6.1513E+25  7.0515E-05  7.0170E+03  7.4643E-05  1.3558E-05  7.1845E-06
 6.1606E+25  7.0967E-05  7.0170E+03  7.4643E-05  1.3484E-05  7.1845E-06
 6.1698E+25  7.0655E-05  7.0170E+03  7.4643E-05  1.3409E-05  7.1845E-06
 6.1791E+25  7.0968E-05  7.0169E+03  7.4643E-05  1.3336E-05  7.1845E-06
 6.1883E+25  7.1428E-05  7.0169E+03  7.4643E-05  1.3263E-05  7.1845E-06
 6.1976E+25  7.1884E-05  7.0169E+03  7.4643E-05  1.3189E-05  7.1845E-06
 6.2068E+25  7.2358E-05  7.0169E+03  7.4643E-05  1.3115E-05  7.1845E-06
 6.2161E+25  7.2475E-05  7.0169E+03  7.4643E-05  1.3042E-05  7.1845E-06
 6.2254E+25  7.2357E-05  7.0168E+03  7.4643E-05  1.2969E-05  7.1845E-06
 6.2346E+25  7.2827E-05  7.0168E+03  7.4643E-05  1.2895E-05  7.1845E-06
 6.2439E+25  7.3294E-05  7.0168E+03  7.4643E-05  1.2822E-05  7.1845E-06
 6.2531E+25  7.3757E-05  7.0168E+03  7.4643E-05  1.2748E-05  7.1845E-06
 6.2624E+25  7.4226E-05  7.0168E+03  7.4643E-05  1.2675E-05  7.1845E-06
 6.2716E+25  7.3903E-05  7.0168E+03  7.4643E-05  1.2602E-05  7.1845E-06
 6.2809E+25  7.4248E-05  7.0167E+03  7.4643E-05  1.2529E-05  7.1845E-06
 6.2902E+25  7.4722E-05  7.0167E+03  7.4643E-05  1.2457E-05  7.1845E-06
 6.2994E+25  7.5197E-05  7.0167E+03  7.4643E-05  1.2387E-05  7.1845E-06
 6.3087E+25  7.5666E-05  7.0167E+03  7.4643E-05  1.2320E-05  7.1845E-06
 6.3179E+25  7.5832E-05  7.0167E+03  7.4643E-05  1.2254E-05  7.1845E-06
 6.3272E+25  7.5693E-05  7.0167E+03  7.4643E-05  1.2189E-05  7.1845E-06
 6.3364E+25  7.6175E-05  7.0166E+03  7.4643E-05  1.2124E-05  7.1845E-06
 6.3457E+25  7.6656E-05  7.0166E+03  7.4643E-05  1.2058E-05  7.1845E-06
 6.3550E+25  7.7138E-05  7.0166E+03  7.4643E-05  1.1992E-05  7.1845E-06
 6.3642E+25  7.7605E-05  7.0166E+03  7.4643E-05  1.1927E-05  7.1845E-06
 6.3735E+25  7.7379E-05  7.0166E+03  7.4643E-05  1.1861E-05  7.1845E-06
 6.3827E+25  7.7653E-05  7.0165E+03  7.4643E-05  1.1796E-05  7.1845E-06
 6.3920E+25  7.8141E-05  7.0165E+03  7.4643E-05  1.1731E-05  7.1845E-06
 6.4012E+25  7.8629E-05  7.0165E+03  7.4643E-05  1.1665E-05  7.1845E-06
 6.4105E+25  7.9117E-05  7.0165E+03  7.4643E-05  1.1600E-05  7.1845E-06
 6.4198E+25  7.9405E-05  7.0165E+03  7.4643E-05  1.1535E-05  7.1845E-06
 6.4290E+25  7.9170E-05  7.0165E+03  7.4643E-05  1.1470E-05  7.1845E-06
 6.4383E+25  7.9654E-05  7.0164E+03  7.4643E-05  1.1405E-05  7.1845E-06
 6.4475E+25  8.0148E-05  7.0164E+03  7.4643E-05  1.1342E-05  7.1845E-06
 6.4568E+25  8.0642E-05  7.0164E+03  7.4643E-05  1.1282E-05  7.1845E-06
 6.4660E+25  8.1134E-05  7.0164E+03  7.4643E-05  1.1222E-05  7.1845E-06
 6.4753E+25  8.1075E-05  7.0164E+03  7.4643E-05  1.1164E-05  7.1845E-06
 6.4846E+25  8.1204E-05  7.0164E+03  7.4643E-05  1.1106E-05  7.1845E-06
 6.4938E+25  8.1697E-05  7.0163E+03  7.4643E-05  1.1048E-05  7.1845E-06
 6.5031E+25  8.2195E-05  7.0163E+03  7.4643E-05  1.0989E-05  7.1845E-06
 6.5123E+25  8.2697E-05  7.0163E+03  7.4643E-05  1.0931E-05  7.1845E-06
 6.5216E+25  8.3164E-05  7.0163E+03  7.4643E-05  1.0872E-05  7.1845E-06
 6.5308E+25  8.2842E-05  7.0163E+03  7.4643E-05  1.0814E-05  7.1845E-06
 6.5401E+25  8.3282E-05  7.0163E+03  7.4643E-05  1.0756E-05  7.1845E-06
 6.5494E+25  8.3784E-05  7.0162E+03  7.4643E-05  1.0698E-05  7.1845E-06
 6.5586E+25  8.4284E-05  7.0162E+03  7.4643E-05  1.0639E-05  7.1845E-06
 6.5679E+25  8.4794E-05  7.0162E+03  7.4643E-05  1.0581E-05  7.1845E-06
 6.5771E+25  8.5021E-05  7.0162E+03  7.4643E-05  1.0523E-05  7.1845E-06
 6.5864E+25  8.4899E-05  7.0162E+03  7.4643E-05  1.0465E-05  7.1845E-06
 6.5956E+25  8.5404E-05  7.0162E+03  7.4643E-05  1.0407E-05  7.1845E-06
 6.6049E+25  8.5916E-05  7.0161E+03  7.4643E-05  1.0352E-05  7.1845E-06
 6.6142E+25  8.6418E-05  7.0161E+03  7.4643E-05  1.0299E-05  7.1845E-06
 6.6234E+25  8.6930E-05  7.0161E+03  7.4643E-05  1.0246E-05  7.1845E-06
 6.6327E+25  8.6891E-05  7.0161E+03  7.4643E-05  1.0194E-05  7.1845E-06
 6.6419E+25  8.7065E-05  7.0161E+03  7.4643E-05  1.0143E-05  7.1845E-06
 6.6512E+25  8.7572E-05  7.0160E+03  7.4643E-05  1.0091E-05  7.1845E-06
 6.6604E+25  8.8092E-05  7.0160E+03  7.4643E-05  1.0039E-05  7.1845E-06
 6.6697E+25  8.8598E-05  7.0160E+03  7.4643E-05  9.9866E-06  7.1845E-06
 6.6789E+25  8.9093E-05  7.0160E+03  7.4643E-05  9.9347E-06  7.1845E-06
 6.6882E+25  8.8857E-05  7.0160E+03  7.4643E-05  9.8829E-06  7.1845E-06
 6.6975E+25  8.9278E-05  7.0160E+03  7.4643E-05  9.8307E-06  7.1845E-06
 6.7067E+25  8.9791E-05  7.0159E+03  7.4643E-05  9.7789E-06  7.1845E-06
 6.7160E+25  9.0315E-05  7.0159E+03  7.4643E-05  9.7267E-06  7.1845E-06
 6.7252E+25  9.0826E-05  7.0159E+03  7.4643E-05  9.6748E-06  7.1845E-06
 6.7345E+25  9.1193E-05  7.0159E+03  7.4643E-05  9.6232E-06  7.1845E-06
 6.7437E+25  9.1009E-05  7.0159E+03  7.4643E-05  9.5715E-06  7.1845E-06
 6.7530E+25  9.1540E-05  7.0159E+03  7.4643E-05  9.5197E-06  7.1845E-06
 6.7623E+25  9.2060E-05  7.0158E+03  7.4643E-05  9.4699E-06  7.1845E-06
 6.7715E+25  9.2587E-05  7.0158E+03  7.4643E-05  9.4225E-06  7.1845E-06
 6.7808E+25  9.3104E-05  7.0158E+03  7.4643E-05  9.3750E-06  7.1845E-06
 6.7900E+25  9.3269E-05  7.0158E+03  7.4643E-05  9.3288E-06  7.1845E-06
 6.7993E+25  9.3317E-05  7.0158E+03  7.4643E-05  9.2832E-06  7.1845E-06
 6.8085E+25  9.3849E-05  7.0157E+03  7.4643E-05  9.2367E-06  7.1845E-06
 6.8178E+25  9.4384E-05  7.0157E+03  7.4643E-05  9.1904E-06  7.1845E-06
 6.8271E+25  9.4910E-05  7.0157E+03  7.4643E-05  9.1441E-06  7.1845E-06
 6.8363E+25  9.5428E-05  7.0157E+03  7.4643E-05  9.0978E-06  7.1845E-06
 6.8456E+25  9.5430E-05  7.0157E+03  7.4643E-05  9.0514E-06  7.1845E-06
 6.8548E+25  9.5676E-05  7.0157E+03  7.4643E-05  9.0053E-06  7.1845E-06
 6.8641E+25  9.6214E-05  7.0156E+03  7.4643E-05  8.9592E-06  7.1845E-06
 6.8733E+25  9.6760E-05  7.0156E+03  7.4643E-05  8.9126E-06  7.1845E-06
 6.8826E+25  9.7289E-05  7.0156E+03  7.4643E-05  8.8662E-06  7.1845E-06
 6.8919E+25  9.7793E-05  7.0156E+03  7.4643E-05  8.8202E-06  7.1845E-06
 6.9011E+25  9.7685E-05  7.0156E+03  7.4643E-05  8.7740E-06  7.1845E-06
 6.9104E+25  9.8088E-05  7.0156E+03  7.4643E-05  8.7279E-06  7.1845E-06
 6.9196E+25  9.8638E-05  7.0155E+03  7.4643E-05  8.6819E-06  7.1845E-06
 6.9289E+25  9.9188E-05  7.0155E+03  7.4643E-05  8.6385E-06  7.1845E-06
 6.9381E+25  9.9726E-05  7.0155E+03  7.4643E-05  8.5962E-06  7.1845E-06
 6.9474E+25  1.0019E-04  7.0155E+03  7.4643E-05  8.5540E-06  7.1845E-06
 6.9567E+25  1.0005E-04  7.0155E+03  7.4643E-05  8.5133E-06  7.1845E-06
 6.9659E+25  1.0056E-04  7.0154E+03  7.4643E-05  8.4727E-06  7.1845E-06
 6.9752E+25  1.0112E-04  7.0154E+03  7.4643E-05  8.4314E-06  7.1845E-06
 6.9844E+25  1.0167E-04  7.0154E+03  7.4643E-05  8.3902E-06  7.1845E-06
 6.9937E+25  1.0222E-04  7.0154E+03  7.4643E-05  8.3488E-06  7.1845E-06
 7.0029E+25  1.0261E-04  7.0154E+03  7.4643E-05  8.3076E-06  7.1845E-06
 7.0122E+25  1.0253E-04  7.0154E+03  7.4643E-05  8.2665E-06  7.1845E-06
 7.0215E+25  1.0309E-04  7.0153E+03  7.4643E-05  8.2253E-06  7.1845E-06
 7.0307E+25  1.0366E-04  7.0153E+03  7.4643E-05  8.1841E-06  7.1845E-06
 7.0400E+25  1.0422E-04  7.0153E+03  7.4643E-05  8.1427E-06  7.1845E-06
 7.0492E+25  1.0477E-04  7.0153E+03  7.4643E-05  8.1015E-06  7.1845E-06
 7.0585E+25  1.0508E-04  7.0153E+03  7.4643E-05  8.0605E-06  7.1845E-06
 7.0677E+25  1.0512E-04  7.0153E+03  7.4643E-05  8.0191E-06  7.1845E-06
 7.0770E+25  1.0569E-04  7.0152E+03  7.4643E-05  7.9781E-06  7.1845E-06
 7.0863E+25  1.0626E-04  7.0152E+03  7.4643E-05  7.9370E-06  7.1845E-06
 7.0955E+25  1.0683E-04  7.0152E+03  7.4643E-05  7.8979E-06  7.1845E-06
 7.1048E+25  1.0738E-04  7.0152E+03  7.4643E-05  7.8600E-06  7.1845E-06
 7.1140E+25  1.0763E-04  7.0152E+03  7.4643E-05  7.8224E-06  7.1845E-06
 7.1233E+25  1.0778E-04  7.0151E+03  7.4643E-05  7.7857E-06  7.1845E-06
 7.1325E+25  1.0835E-04  7.0151E+03  7.4643E-05  7.7497E-06  7.1845E-06
 7.1418E+25  1.0892E-04  7.0151E+03  7.4643E-05  7.7131E-06  7.1845E-06
 7.1511E+25  1.0950E-04  7.0151E+03  7.4643E-05  7.6764E-06  7.1845E-06
 7.1603E+25  1.1005E-04  7.0151E+03  7.4643E-05  7.6398E-06  7.1845E-06
 7.1696E+25  1.1026E-04  7.0150E+03  7.4643E-05  7.6032E-06  7.1845E-06
 7.1788E+25  1.1051E-04  7.0150E+03  7.4643E-05  7.5665E-06  7.1845E-06
 7.1881E+25  1.1109E-04  7.0150E+03  7.4643E-05  7.5298E-06  7.1845E-06
 7.1973E+25  1.1166E-04  7.0150E+03  7.4643E-05  7.4933E-06  7.1845E-06
 7.2066E+25  1.1224E-04  7.0150E+03  7.4643E-05  7.4565E-06  7.1845E-06
 7.2159E+25  1.1279E-04  7.0149E+03  7.4643E-05  7.4196E-06  7.1845E-06
 7.2251E+25  1.1298E-04  7.0149E+03  7.4643E-05  7.3829E-06  7.1845E-06
 7.2344E+25  1.1331E-04  7.0149E+03  7.4643E-05  7.3462E-06  7.1845E-06
 7.2436E+25  1.1389E-04  7.0149E+03  7.4643E-05  7.3096E-06  7.1845E-06
 7.2529E+25  1.1448E-04  7.0149E+03  7.4643E-05  7.2730E-06  7.1845E-06
 7.2621E+25  1.1505E-04  7.0148E+03  7.4643E-05  7.2364E-06  7.1845E-06
 7.2714E+25  1.1560E-04  7.0148E+03  7.4643E-05  7.2024E-06  7.1845E-06
 7.2807E+25  1.1579E-04  7.0148E+03  7.4643E-05  7.1687E-06  7.1845E-06
 7.2899E+25  1.1618E-04  7.0148E+03  7.4643E-05  7.1351E-06  7.1845E-06
 7.2992E+25  1.1678E-04  7.0148E+03  7.4643E-05  7.1028E-06  7.1845E-06
 7.3084E+25  1.1736E-04  7.0148E+03  7.4643E-05  7.0708E-06  7.1845E-06
 7.3177E+25  1.1794E-04  7.0147E+03  7.4643E-05  7.0382E-06  7.1845E-06
 7.3269E+25  1.1849E-04  7.0147E+03  7.4643E-05  7.0055E-06  7.1845E-06
 7.3362E+25  1.1870E-04  7.0147E+03  7.4643E-05  6.9730E-06  7.1845E-06
 7.3455E+25  1.1913E-04  7.0147E+03  7.4643E-05  6.9403E-06  7.1845E-06
 7.3547E+25  1.1973E-04  7.0147E+03  7.4643E-05  6.9079E-06  7.1845E-06
 7.3640E+25  1.2033E-04  7.0146E+03  7.4643E-05  6.8753E-06  7.1845E-06
 7.3732E+25  1.2091E-04  7.0146E+03  7.4643E-05  6.8427E-06  7.1845E-06
 7.3825E+25  1.2146E-04  7.0146E+03  7.4643E-05  6.8099E-06  7.1845E-06
 7.3917E+25  1.2169E-04  7.0146E+03  7.4643E-05  6.7771E-06  7.1845E-06
 7.4010E+25  1.2215E-04  7.0146E+03  7.4643E-05  6.7445E-06  7.1845E-06
 7.4103E+25  1.2277E-04  7.0145E+03  7.4643E-05  6.7118E-06  7.1845E-06
 7.4195E+25  1.2338E-04  7.0145E+03  7.4643E-05  6.6791E-06  7.1845E-06
 7.4288E+25  1.2397E-04  7.0145E+03  7.4643E-05  6.6463E-06  7.1845E-06
 7.4380E+25  1.2451E-04  7.0145E+03  7.4643E-05  6.6138E-06  7.1845E-06
 7.4473E+25  1.2477E-04  7.0145E+03  7.4643E-05  6.5832E-06  7.1845E-06
 7.4565E+25  1.2525E-04  7.0144E+03  7.4643E-05  6.5529E-06  7.1845E-06
 7.4658E+25  1.2588E-04  7.0144E+03  7.4643E-05  6.5228E-06  7.1845E-06
 7.4751E+25  1.2650E-04  7.0144E+03  7.4643E-05  6.4939E-06  7.1845E-06
 7.4843E+25  1.2711E-04  7.0144E+03  7.4643E-05  6.4655E-06  7.1845E-06
 7.4936E+25  1.2766E-04  7.0143E+03  7.4643E-05  6.4366E-06  7.1845E-06
 7.5028E+25  1.2795E-04  7.0143E+03  7.4643E-05  6.4076E-06  7.1845E-06
 7.5121E+25  1.2844E-04  7.0143E+03  7.4643E-05  6.3785E-06  7.1845E-06
 7.5213E+25  1.2908E-04  7.0143E+03  7.4643E-05  6.3496E-06  7.1845E-06
 7.5306E+25  1.2971E-04  7.0143E+03  7.4643E-05  6.3207E-06  7.1845E-06
 7.5399E+25  1.3033E-04  7.0142E+03  7.4643E-05  6.2917E-06  7.1845E-06
 7.5491E+25  1.3089E-04  7.0142E+03  7.4643E-05  6.2628E-06  7.1845E-06
 7.5584E+25  1.3122E-04  7.0142E+03  7.4643E-05  6.2337E-06  7.1845E-06
 7.5676E+25  1.3173E-04  7.0142E+03  7.4643E-05  6.2046E-06  7.1845E-06
 7.5769E+25  1.3237E-04  7.0142E+03  7.4643E-05  6.1755E-06  7.1845E-06
 7.5861E+25  1.3300E-04  7.0141E+03  7.4643E-05  6.1463E-06  7.1845E-06
 7.5954E+25  1.3364E-04  7.0141E+03  7.4643E-05  6.1172E-06  7.1845E-06
 7.6047E+25  1.3422E-04  7.0141E+03  7.4643E-05  6.0881E-06  7.1845E-06
 7.6139E+25  1.3459E-04  7.0141E+03  7.4643E-05  6.0590E-06  7.1845E-06
 7.6232E+25  1.3511E-04  7.0141E+03  7.4643E-05  6.0302E-06  7.1845E-06
 7.6324E+25  1.3575E-04  7.0140E+03  7.4643E-05  6.0030E-06  7.1845E-06
 7.6417E+25  1.3639E-04  7.0140E+03  7.4643E-05  5.9763E-06  7.1845E-06
 7.6509E+25  1.3703E-04  7.0140E+03  7.4643E-05  5.9497E-06  7.1845E-06
 7.6602E+25  1.3763E-04  7.0140E+03  7.4643E-05  5.9239E-06  7.1845E-06
 7.6695E+25  1.3806E-04  7.0139E+03  7.4643E-05  5.8986E-06  7.1845E-06
 7.6787E+25  1.3858E-04  7.0139E+03  7.4643E-05  5.8730E-06  7.1845E-06
 7.6880E+25  1.3923E-04  7.0139E+03  7.4643E-05  5.8473E-06  7.1845E-06
 7.6972E+25  1.3988E-04  7.0139E+03  7.4643E-05  5.8214E-06  7.1845E-06
 7.7065E+25  1.4052E-04  7.0139E+03  7.4643E-05  5.7957E-06  7.1845E-06
 7.7157E+25  1.4114E-04  7.0138E+03  7.4643E-05  5.7699E-06  7.1845E-06
 7.7250E+25  1.4162E-04  7.0138E+03  7.4643E-05  5.7442E-06  7.1845E-06
 7.7343E+25  1.4216E-04  7.0138E+03  7.4643E-05  5.7184E-06  7.1845E-06
 7.7435E+25  1.4281E-04  7.0138E+03  7.4643E-05  5.6926E-06  7.1845E-06
 7.7528E+25  1.4346E-04  7.0137E+03  7.4643E-05  5.6667E-06  7.1845E-06
 7.7620E+25  1.4412E-04  7.0137E+03  7.4643E-05  5.6408E-06  7.1845E-06
 7.7713E+25  1.4474E-04  7.0137E+03  7.4643E-05  5.6149E-06  7.1845E-06
 7.7805E+25  1.4527E-04  7.0137E+03  7.4643E-05  5.5890E-06  7.1845E-06
 7.7898E+25  1.4582E-04  7.0136E+03  7.4643E-05  5.5631E-06  7.1845E-06
 7.7991E+25  1.4649E-04  7.0136E+03  7.4643E-05  5.5370E-06  7.1845E-06
 7.8083E+25  1.4715E-04  7.0136E+03  7.4643E-05  5.5113E-06  7.1845E-06
 7.8176E+25  1.4781E-04  7.0136E+03  7.4643E-05  5.4868E-06  7.1845E-06
 7.8268E+25  1.4845E-04  7.0136E+03  7.4643E-05  5.4628E-06  7.1845E-06
 7.8361E+25  1.4901E-04  7.0135E+03  7.4643E-05  5.4388E-06  7.1845E-06
 7.8453E+25  1.4958E-04  7.0135E+03  7.4643E-05  5.4156E-06  7.1845E-06
 7.8546E+25  1.5027E-04  7.0135E+03  7.4643E-05  5.3934E-06  7.1845E-06
 7.8638E+25  1.5095E-04  7.0135E+03  7.4643E-05  5.3707E-06  7.1845E-06
 7.8731E+25  1.5161E-04  7.0134E+03  7.4643E-05  5.3477E-06  7.1845E-06
 7.8824E+25  1.5226E-04  7.0134E+03  7.4643E-05  5.3248E-06  7.1845E-06
 7.8916E+25  1.5286E-04  7.0134E+03  7.4643E-05  5.3019E-06  7.1845E-06
 7.9009E+25  1.5343E-04  7.0134E+03  7.4643E-05  5.2790E-06  7.1845E-06
 7.9101E+25  1.5414E-04  7.0133E+03  7.4643E-05  5.2561E-06  7.1845E-06
 7.9194E+25  1.5484E-04  7.0133E+03  7.4643E-05  5.2333E-06  7.1845E-06
 7.9286E+25  1.5552E-04  7.0133E+03  7.4643E-05  5.2104E-06  7.1845E-06
 7.9379E+25  1.5618E-04  7.0133E+03  7.4643E-05  5.1874E-06  7.1845E-06
 7.9472E+25  1.5681E-04  7.0132E+03  7.4643E-05  5.1643E-06  7.1845E-06
 7.9564E+25  1.5740E-04  7.0132E+03  7.4643E-05  5.1412E-06  7.1845E-06
 7.9657E+25  1.5811E-04  7.0132E+03  7.4643E-05  5.1182E-06  7.1845E-06
 7.9749E+25  1.5882E-04  7.0132E+03  7.4643E-05  5.0951E-06  7.1845E-06
 7.9842E+25  1.5952E-04  7.0131E+03  7.4643E-05  5.0720E-06  7.1845E-06
 7.9934E+25  1.6020E-04  7.0131E+03  7.4643E-05  5.0490E-06  7.1845E-06
 8.0027E+25  1.6086E-04  7.0131E+03  7.4643E-05  5.0261E-06  7.1845E-06
 8.0120E+25  1.6148E-04  7.0131E+03  7.4643E-05  5.0044E-06  7.1845E-06
 8.0212E+25  1.6218E-04  7.0130E+03  7.4643E-05  4.9830E-06  7.1845E-06
 8.0305E+25  1.6290E-04  7.0130E+03  7.4643E-05  4.9617E-06  7.1845E-06
 8.0397E+25  1.6362E-04  7.0130E+03  7.4643E-05  4.9412E-06  7.1845E-06
 8.0490E+25  1.6433E-04  7.0130E+03  7.4643E-05  4.9212E-06  7.1845E-06
 8.0582E+25  1.6501E-04  7.0129E+03  7.4643E-05  4.9010E-06  7.1845E-06
 8.0675E+25  1.6566E-04  7.0129E+03  7.4643E-05  4.8808E-06  7.1845E-06
 8.0768E+25  1.6636E-04  7.0129E+03  7.4643E-05  4.8605E-06  7.1845E-06
 8.0860E+25  1.6709E-04  7.0129E+03  7.4643E-05  4.8401E-06  7.1845E-06
 8.0953E+25  1.6781E-04  7.0128E+03  7.4643E-05  4.8197E-06  7.1845E-06
 8.1045E+25  1.6854E-04  7.0128E+03  7.4643E-05  4.7994E-06  7.1845E-06
 8.1138E+25  1.6925E-04  7.0128E+03  7.4643E-05  4.7791E-06  7.1845E-06
 8.1230E+25  1.6994E-04  7.0128E+03  7.4643E-05  4.7587E-06  7.1845E-06
 8.1323E+25  1.7065E-04  7.0127E+03  7.4643E-05  4.7383E-06  7.1845E-06
 8.1416E+25  1.7138E-04  7.0127E+03  7.4643E-05  4.7177E-06  7.1845E-06
 8.1508E+25  1.7211E-04  7.0127E+03  7.4643E-05  4.6973E-06  7.1845E-06
 8.1601E+25  1.7285E-04  7.0126E+03  7.4643E-05  4.6767E-06  7.1845E-06
 8.1693E+25  1.7359E-04  7.0126E+03  7.4643E-05  4.6562E-06  7.1845E-06
 8.1786E+25  1.7431E-04  7.0126E+03  7.4643E-05  4.6357E-06  7.1845E-06
 8.1878E+25  1.7504E-04  7.0126E+03  7.4643E-05  4.6151E-06  7.1845E-06
 8.1971E+25  1.7578E-04  7.0125E+03  7.4643E-05  4.5946E-06  7.1845E-06
 8.2064E+25  1.7652E-04  7.0125E+03  7.4643E-05  4.5749E-06  7.1845E-06
 8.2156E+25  1.7726E-04  7.0125E+03  7.4643E-05  4.5558E-06  7.1845E-06
 8.2249E+25  1.7801E-04  7.0125E+03  7.4643E-05  4.5367E-06  7.1845E-06
 8.2341E+25  1.7877E-04  7.0124E+03  7.4643E-05  4.5178E-06  7.1845E-06
 8.2434E+25  1.7952E-04  7.0124E+03  7.4643E-05  4.5001E-06  7.1845E-06
 8.2526E+25  1.8027E-04  7.0124E+03  7.4643E-05  4.4824E-06  7.1845E-06
 8.2619E+25  1.8102E-04  7.0124E+03  7.4643E-05  4.4645E-06  7.1845E-06
 8.2712E+25  1.8177E-04  7.0123E+03  7.4643E-05  4.4462E-06  7.1845E-06
 8.2804E+25  1.8253E-04  7.0123E+03  7.4643E-05  4.4282E-06  7.1845E-06
 8.2897E+25  1.8331E-04  7.0123E+03  7.4643E-05  4.4102E-06  7.1845E-06
 8.2989E+25  1.8409E-04  7.0122E+03  7.4643E-05  4.3922E-06  7.1845E-06
 8.3082E+25  1.8486E-04  7.0122E+03  7.4643E-05  4.3741E-06  7.1845E-06
 8.3174E+25  1.8561E-04  7.0122E+03  7.4643E-05  4.3560E-06  7.1845E-06
 8.3267E+25  1.8638E-04  7.0122E+03  7.4643E-05  4.3379E-06  7.1845E-06
 8.3360E+25  1.8715E-04  7.0121E+03  7.4643E-05  4.3198E-06  7.1845E-06
 8.3452E+25  1.8794E-04  7.0121E+03  7.4643E-05  4.3014E-06  7.1845E-06
 8.3545E+25  1.8874E-04  7.0121E+03  7.4643E-05  4.2833E-06  7.1845E-06
 8.3637E+25  1.8952E-04  7.0120E+03  7.4643E-05  4.2649E-06  7.1845E-06
 8.3730E+25  1.9030E-04  7.0120E+03  7.4643E-05  4.2467E-06  7.1845E-06
 8.3822E+25  1.9107E-04  7.0120E+03  7.4643E-05  4.2284E-06  7.1845E-06
 8.3915E+25  1.9186E-04  7.0120E+03  7.4643E-05  4.2102E-06  7.1845E-06
 8.4008E+25  1.9266E-04  7.0119E+03  7.4643E-05  4.1918E-06  7.1845E-06
 8.4100E+25  1.9348E-04  7.0119E+03  7.4643E-05  4.1742E-06  7.1845E-06
 8.4193E+25  1.9427E-04  7.0119E+03  7.4643E-05  4.1572E-06  7.1845E-06
 8.4285E+25  1.9506E-04  7.0118E+03  7.4643E-05  4.1402E-06  7.1845E-06
 8.4378E+25  1.9585E-04  7.0118E+03  7.4643E-05  4.1234E-06  7.1845E-06
 8.4470E+25  1.9664E-04  7.0118E+03  7.4643E-05  4.1075E-06  7.1845E-06
 8.4563E+25  1.9746E-04  7.0118E+03  7.4643E-05  4.0919E-06  7.1845E-06
 8.4656E+25  1.9830E-04  7.0117E+03  7.4643E-05  4.0759E-06  7.1845E-06
 8.4748E+25  1.9910E-04  7.0117E+03  7.4643E-05  4.0599E-06  7.1845E-06
 8.4841E+25  1.9989E-04  7.0117E+03  7.4643E-05  4.0439E-06  7.1845E-06
 8.4933E+25  2.0069E-04  7.0116E+03  7.4643E-05  4.0278E-06  7.1845E-06
 8.5026E+25  2.0150E-04  7.0116E+03  7.4643E-05  4.0117E-06  7.1845E-06
 8.5118E+25  2.0233E-04  7.0116E+03  7.4643E-05  3.9957E-06  7.1845E-06
 8.5211E+25  2.0318E-04  7.0115E+03  7.4643E-05  3.9797E-06  7.1845E-06
 8.5304E+25  2.0401E-04  7.0115E+03  7.4643E-05  3.9637E-06  7.1845E-06
 8.5396E+25  2.0480E-04  7.0115E+03  7.4643E-05  3.9475E-06  7.1845E-06
 8.5489E+25  2.0560E-04  7.0115E+03  7.4643E-05  3.9313E-06  7.1845E-06
 8.5581E+25  2.0642E-04  7.0114E+03  7.4643E-05  3.9151E-06  7.1845E-06
 8.5674E+25  2.0726E-04  7.0114E+03  7.4643E-05  3.8989E-06  7.1845E-06
 8.5766E+25  2.0812E-04  7.0114E+03  7.4643E-05  3.8826E-06  7.1845E-06
 8.5859E+25  2.0898E-04  7.0113E+03  7.4643E-05  3.8664E-06  7.1845E-06
 8.5952E+25  2.0978E-04  7.0113E+03  7.4643E-05  3.8501E-06  7.1845E-06
 8.6044E+25  2.1058E-04  7.0113E+03  7.4643E-05  3.8338E-06  7.1845E-06
 8.6137E+25  2.1140E-04  7.0112E+03  7.4643E-05  3.8176E-06  7.1845E-06
 8.6229E+25  2.1224E-04  7.0112E+03  7.4643E-05  3.8022E-06  7.1845E-06
 8.6322E+25  2.1312E-04  7.0112E+03  7.4643E-05  3.7871E-06  7.1845E-06
 8.6414E+25  2.1401E-04  7.0112E+03  7.4643E-05  3.7719E-06  7.1845E-06
 8.6507E+25  2.1482E-04  7.0111E+03  7.4643E-05  3.7570E-06  7.1845E-06
 8.6600E+25  2.1563E-04  7.0111E+03  7.4643E-05  3.7431E-06  7.1845E-06
 8.6692E+25  2.1644E-04  7.0111E+03  7.4643E-05  3.7292E-06  7.1845E-06
 8.6785E+25  2.1728E-04  7.0110E+03  7.4643E-05  3.7150E-06  7.1845E-06
 8.6877E+25  2.1815E-04  7.0110E+03  7.4643E-05  3.7008E-06  7.1845E-06
 8.6970E+25  2.1907E-04  7.0110E+03  7.4643E-05  3.6865E-06  7.1845E-06
 8.7062E+25  2.1991E-04  7.0109E+03  7.4643E-05  3.6723E-06  7.1845E-06
 8.7155E+25  2.2071E-04  7.0109E+03  7.4643E-05  3.6581E-06  7.1845E-06
 8.7248E+25  2.2153E-04  7.0109E+03  7.4643E-05  3.6439E-06  7.1845E-06
 8.7340E+25  2.2237E-04  7.0108E+03  7.4643E-05  3.6296E-06  7.1845E-06
 8.7433E+25  2.2323E-04  7.0108E+03  7.4643E-05  3.6153E-06  7.1845E-06
 8.7525E+25  2.2414E-04  7.0108E+03  7.4643E-05  3.6011E-06  7.1845E-06
 8.7618E+25  2.2503E-04  7.0107E+03  7.4643E-05  3.5867E-06  7.1845E-06
 8.7710E+25  2.2584E-04  7.0107E+03  7.4643E-05  3.5723E-06  7.1845E-06
 8.7803E+25  2.2666E-04  7.0107E+03  7.4643E-05  3.5578E-06  7.1845E-06
 8.7896E+25  2.2749E-04  7.0107E+03  7.4643E-05  3.5433E-06  7.1845E-06
 8.7988E+25  2.2835E-04  7.0106E+03  7.4643E-05  3.5290E-06  7.1845E-06
 8.8081E+25  2.2925E-04  7.0106E+03  7.4643E-05  3.5144E-06  7.1845E-06
 8.8173E+25  2.3017E-04  7.0106E+03  7.4643E-05  3.5000E-06  7.1845E-06
 8.8266E+25  2.3099E-04  7.0105E+03  7.4643E-05  3.4854E-06  7.1845E-06
 8.8358E+25  2.3181E-04  7.0105E+03  7.4643E-05  3.4716E-06  7.1845E-06
 8.8451E+25  2.3264E-04  7.0105E+03  7.4643E-05  3.4580E-06  7.1845E-06
 8.8544E+25  2.3350E-04  7.0104E+03  7.4643E-05  3.4445E-06  7.1845E-06
 8.8636E+25  2.3439E-04  7.0104E+03  7.4643E-05  3.4310E-06  7.1845E-06
 8.8729E+25  2.3532E-04  7.0104E+03  7.4643E-05  3.4185E-06  7.1845E-06
 8.8821E+25  2.3616E-04  7.0103E+03  7.4643E-05  3.4062E-06  7.1845E-06
 8.8914E+25  2.3697E-04  7.0103E+03  7.4643E-05  3.3937E-06  7.1845E-06
 8.9006E+25  2.3781E-04  7.0103E+03  7.4643E-05  3.3811E-06  7.1845E-06
 8.9099E+25  2.3866E-04  7.0102E+03  7.4643E-05  3.3685E-06  7.1845E-06
 8.9192E+25  2.3953E-04  7.0102E+03  7.4643E-05  3.3558E-06  7.1845E-06
 8.9284E+25  2.4046E-04  7.0102E+03  7.4643E-05  3.3432E-06  7.1845E-06
 8.9377E+25  2.4135E-04  7.0101E+03  7.4643E-05  3.3306E-06  7.1845E-06
 8.9469E+25  2.4216E-04  7.0101E+03  7.4643E-05  3.3180E-06  7.1845E-06
 8.9562E+25  2.4298E-04  7.0101E+03  7.4643E-05  3.3053E-06  7.1845E-06
 8.9654E+25  2.4382E-04  7.0100E+03  7.4643E-05  3.2927E-06  7.1845E-06
 8.9747E+25  2.4469E-04  7.0100E+03  7.4643E-05  3.2799E-06  7.1845E-06
 8.9840E+25  2.4559E-04  7.0100E+03  7.4643E-05  3.2670E-06  7.1845E-06
 8.9932E+25  2.4652E-04  7.0099E+03  7.4643E-05  3.2543E-06  7.1845E-06
 9.0025E+25  2.4734E-04  7.0099E+03  7.4643E-05  3.2415E-06  7.1845E-06
 9.0117E+25  2.4815E-04  7.0099E+03  7.4643E-05  3.2287E-06  7.1845E-06
 9.0210E+25  2.4898E-04  7.0098E+03  7.4643E-05  3.2157E-06  7.1845E-06
 9.0302E+25  2.4983E-04  7.0098E+03  7.4643E-05  3.2029E-06  7.1845E-06
 9.0395E+25  2.5072E-04  7.0098E+03  7.4643E-05  3.1901E-06  7.1845E-06
 9.0487E+25  2.5165E-04  7.0097E+03  7.4643E-05  3.1771E-06  7.1845E-06
 9.0580E+25  2.5252E-04  7.0097E+03  7.4643E-05  3.1648E-06  7.1845E-06
 9.0673E+25  2.5332E-04  7.0097E+03  7.4643E-05  3.1527E-06  7.1845E-06
 9.0765E+25  2.5413E-04  7.0097E+03  7.4643E-05  3.1407E-06  7.1845E-06
 9.0858E+25  2.5497E-04  7.0096E+03  7.4643E-05  3.1286E-06  7.1845E-06
 9.0950E+25  2.5583E-04  7.0096E+03  7.4643E-05  3.1175E-06  7.1845E-06
 9.1043E+25  2.5674E-04  7.0096E+03  7.4643E-05  3.1065E-06  7.1845E-06
 9.1135E+25  2.5766E-04  7.0095E+03  7.4643E-05  3.0955E-06  7.1845E-06
 9.1228E+25  2.5846E-04  7.0095E+03  7.4643E-05  3.0843E-06  7.1845E-06
 9.1321E+25  2.5927E-04  7.0095E+03  7.4643E-05  3.0731E-06  7.1845E-06
 9.1413E+25  2.6008E-04  7.0094E+03  7.4643E-05  3.0619E-06  7.1845E-06
 9.1506E+25  2.6092E-04  7.0094E+03  7.4643E-05  3.0507E-06  7.1845E-06
 9.1598E+25  2.6180E-04  7.0094E+03  7.4643E-05  3.0395E-06  7.1845E-06
 9.1691E+25  2.6273E-04  7.0093E+03  7.4643E-05  3.0283E-06  7.1845E-06
 9.1783E+25  2.6358E-04  7.0093E+03  7.4643E-05  3.0171E-06  7.1845E-06
 9.1876E+25  2.6437E-04  7.0093E+03  7.4643E-05  3.0059E-06  7.1845E-06
 9.1969E+25  2.6517E-04  7.0092E+03  7.4643E-05  2.9946E-06  7.1845E-06
 9.2061E+25  2.6599E-04  7.0092E+03  7.4643E-05  2.9833E-06  7.1845E-06
 9.2154E+25  2.6684E-04  7.0092E+03  7.4643E-05  2.9719E-06  7.1845E-06
 9.2246E+25  2.6773E-04  7.0091E+03  7.4643E-05  2.9604E-06  7.1845E-06
 9.2339E+25  2.6864E-04  7.0091E+03  7.4643E-05  2.9490E-06  7.1845E-06
 9.2431E+25  2.6943E-04  7.0091E+03  7.4643E-05  2.9377E-06  7.1845E-06
 9.2524E+25  2.7022E-04  7.0090E+03  7.4643E-05  2.9263E-06  7.1845E-06
