 4.6285E+22  3.2707E-11  1.1675E+04  7.4643E-05  1.0000E+00  7.1845E-06
 1.3886E+23  2.2890E-10  1.1679E+04  7.4643E-05  1.0000E+00  7.1845E-06
 2.3143E+23  6.2081E-10  1.1692E+04  7.4643E-05  1.0000E+00  7.1845E-06
 3.2400E+23  1.2069E-09  1.1719E+04  7.4643E-05  1.0000E+00  7.1845E-06
 4.1657E+23  1.9839E-09  1.1767E+04  7.4643E-05  1.0000E+00  7.1845E-06
 5.0914E+23  2.9456E-09  1.1846E+04  7.4643E-05  1.0000E+00  7.1845E-06
 6.0171E+23  4.0794E-09  1.1968E+04  7.4643E-05  1.0000E+00  7.1845E-06
 6.9428E+23  5.3731E-09  1.2143E+04  7.4643E-05  1.0000E+00  7.1845E-06
 7.8685E+23  6.7934E-09  1.2401E+04  7.4643E-05  1.0000E+00  7.1845E-06
 8.7942E+23  8.3114E-09  1.2759E+04  7.4643E-05  1.0000E+00  7.1845E-06
 9.7199E+23  9.9083E-09  1.3192E+04  7.4643E-05  1.0000E+00  7.1845E-06
 1.0646E+24  1.1605E-08  1.3629E+04  7.4643E-05  1.0000E+00  7.1845E-06
 1.1571E+24  1.3480E-08  1.3947E+04  7.4643E-05  1.0000E+00  7.1845E-06
 1.2497E+24  1.5589E-08  1.4117E+04  7.4643E-05  1.0000E+00  7.1845E-06
 1.3423E+24  1.7887E-08  1.4212E+04  7.4643E-05  1.0000E+00  7.1845E-06
 1.4348E+24  2.0338E-08  1.4312E+04  7.4643E-05  9.9999E-01  7.1845E-06
 1.5274E+24  2.2925E-08  1.4412E+04  7.4643E-05  9.9999E-01  7.1845E-06
 1.6200E+24  2.5669E-08  1.4505E+04  7.4643E-05  9.9999E-01  7.1845E-06
 1.7126E+24  2.8550E-08  1.4596E+04  7.4643E-05  9.9999E-01  7.1845E-06
 1.8051E+24  3.1593E-08  1.4678E+04  7.4643E-05  9.9999E-01  7.1845E-06
 1.8977E+24  3.4770E-08  1.4757E+04  7.4643E-05  9.9999E-01  7.1845E-06
 1.9903E+24  3.8112E-08  1.4834E+04  7.4643E-05  9.9999E-01  7.1845E-06
 2.0828E+24  4.1578E-08  1.4908E+04  7.4643E-05  9.9999E-01  7.1845E-06
 2.1754E+24  4.5184E-08  1.4981E+04  7.4643E-05  9.9999E-01  7.1845E-06
 2.2680E+24  4.8947E-08  1.5051E+04  7.4643E-05  9.9999E-01  7.1845E-06
 2.3605E+24  5.2858E-08  1.5119E+04  7.4643E-05  9.9999E-01  7.1845E-06
 2.4531E+24  5.6900E-08  1.5182E+04  7.4643E-05  9.9999E-01  7.1845E-06
 2.5457E+24  6.1077E-08  1.5247E+04  7.4643E-05  9.9998E-01  7.1845E-06
 2.6383E+24  6.5426E-08  1.5311E+04  7.4643E-05  9.9998E-01  7.1845E-06
 2.7308E+24  6.9880E-08  1.5369E+04  7.4643E-05  9.9998E-01  7.1845E-06
 2.8234E+24  7.4476E-08  1.5430E+04  7.4643E-05  9.9998E-01  7.1845E-06
 2.9160E+24  7.9210E-08  1.5486E+04  7.4643E-05  9.9998E-01  7.1845E-06
 3.0085E+24  8.4152E-08  1.5541E+04  7.4643E-05  9.9998E-01  7.1845E-06
 3.1011E+24  8.9181E-08  1.5598E+04  7.4643E-05  9.9998E-01  7.1845E-06
 3.1937E+24  9.4302E-08  1.5650E+04  7.4643E-05  9.9998E-01  7.1845E-06
 3.2862E+24  9.9617E-08  1.5702E+04  7.4643E-05  9.9997E-01  7.1845E-06
 3.3788E+24  1.0499E-07  1.5753E+04  7.4643E-05  9.9997E-01  7.1845E-06
 3.4714E+24  1.1055E-07  1.5803E+04  7.4643E-05  9.9997E-01  7.1845E-06
 3.5640E+24  1.1630E-07  1.5851E+04  7.4643E-05  9.9997E-01  7.1845E-06
 3.6565E+24  1.2227E-07  1.5898E+04  7.4643E-05  9.9997E-01  7.1845E-06
 3.7491E+24  1.2808E-07  1.5945E+04  7.4643E-05  9.9997E-01  7.1845E-06
 3.8417E+24  1.3430E-07  1.5990E+04  7.4643E-05  9.9997E-01  7.1845E-06
 3.9342E+24  1.4053E-07  1.6034E+04  7.4643E-05  9.9996E-01  7.1845E-06
 4.0268E+24  1.4699E-07  1.6079E+04  7.4643E-05  9.9996E-01  7.1845E-06
 4.1194E+24  1.5335E-07  1.6121E+04  7.4643E-05  9.9996E-01  7.1845E-06
 4.2120E+24  1.6023E-07  1.6162E+04  7.4643E-05  9.9996E-01  7.1845E-06
 4.3045E+24  1.6698E-07  1.6203E+04  7.4643E-05  9.9996E-01  7.1845E-06
 4.3971E+24  1.7373E-07  1.6244E+04  7.4643E-05  9.9996E-01  7.1845E-06
 4.4897E+24  1.8089E-07  1.6283E+04  7.4643E-05  9.9995E-01  7.1845E-06
 4.5822E+24  1.8814E-07  1.6322E+04  7.4643E-05  9.9995E-01  7.1845E-06
 4.6748E+24  1.9550E-07  1.6360E+04  7.4643E-05  9.9995E-01  7.1845E-06
 4.7674E+24  2.0297E-07  1.6397E+04  7.4643E-05  9.9995E-01  7.1845E-06
 4.8599E+24  2.1055E-07  1.6434E+04  7.4643E-05  9.9995E-01  7.1845E-06
 4.9525E+24  2.1826E-07  1.6470E+04  7.4643E-05  9.9994E-01  7.1845E-06
 5.0451E+24  2.2611E-07  1.6505E+04  7.4643E-05  9.9994E-01  7.1845E-06
 5.1377E+24  2.3412E-07  1.6540E+04  7.4643E-05  9.9994E-01  7.1845E-06
 5.2302E+24  2.4229E-07  1.6574E+04  7.4643E-05  9.9994E-01  7.1845E-06
 5.3228E+24  2.5066E-07  1.6608E+04  7.4643E-05  9.9994E-01  7.1845E-06
 5.4154E+24  2.5922E-07  1.6641E+04  7.4643E-05  9.9993E-01  7.1845E-06
 5.5079E+24  2.6737E-07  1.6674E+04  7.4643E-05  9.9993E-01  7.1845E-06
 5.6005E+24  2.7594E-07  1.6705E+04  7.4643E-05  9.9993E-01  7.1845E-06
 5.6931E+24  2.8504E-07  1.6737E+04  7.4643E-05  9.9993E-01  7.1845E-06
 5.7856E+24  2.9435E-07  1.6768E+04  7.4643E-05  9.9992E-01  7.1845E-06
 5.8782E+24  3.0245E-07  1.6799E+04  7.4643E-05  9.9992E-01  7.1845E-06
 5.9708E+24  3.1222E-07  1.6829E+04  7.4643E-05  9.9992E-01  7.1845E-06
 6.0634E+24  3.2176E-07  1.6858E+04  7.4643E-05  9.9992E-01  7.1845E-06
 6.1559E+24  3.3053E-07  1.6887E+04  7.4643E-05  9.9991E-01  7.1845E-06
 6.2485E+24  3.4115E-07  1.6916E+04  7.4643E-05  9.9991E-01  7.1845E-06
 6.3411E+24  3.4963E-07  1.6944E+04  7.4643E-05  9.9991E-01  7.1845E-06
 6.4336E+24  3.6062E-07  1.6972E+04  7.4643E-05  9.9991E-01  7.1845E-06
 6.5262E+24  3.6955E-07  1.7000E+04  7.4643E-05  9.9990E-01  7.1845E-06
 6.6188E+24  3.8083E-07  1.7027E+04  7.4643E-05  9.9990E-01  7.1845E-06
 6.7113E+24  3.8976E-07  1.7053E+04  7.4643E-05  9.9990E-01  7.1845E-06
 6.8039E+24  4.0156E-07  1.7080E+04  7.4643E-05  9.9990E-01  7.1845E-06
 6.8965E+24  4.1061E-07  1.7106E+04  7.4643E-05  9.9989E-01  7.1845E-06
 6.9891E+24  4.2213E-07  1.7132E+04  7.4643E-05  9.9989E-01  7.1845E-06
 7.0816E+24  4.3297E-07  1.7157E+04  7.4643E-05  9.9989E-01  7.1845E-06
 7.1742E+24  4.4302E-07  1.7183E+04  7.4643E-05  9.9989E-01  7.1845E-06
 7.2668E+24  4.5513E-07  1.7207E+04  7.4643E-05  9.9988E-01  7.1845E-06
 7.3593E+24  4.6573E-07  1.7232E+04  7.4643E-05  9.9988E-01  7.1845E-06
 7.4519E+24  4.7649E-07  1.7256E+04  7.4643E-05  9.9988E-01  7.1845E-06
 7.5445E+24  4.8880E-07  1.7280E+04  7.4643E-05  9.9987E-01  7.1845E-06
 7.6371E+24  5.0064E-07  1.7304E+04  7.4643E-05  9.9987E-01  7.1845E-06
 7.7296E+24  5.1075E-07  1.7327E+04  7.4643E-05  9.9987E-01  7.1845E-06
 7.8222E+24  5.2324E-07  1.7350E+04  7.4643E-05  9.9986E-01  7.1845E-06
 7.9148E+24  5.3581E-07  1.7373E+04  7.4643E-05  9.9986E-01  7.1845E-06
 8.0073E+24  5.4828E-07  1.7396E+04  7.4643E-05  9.9986E-01  7.1845E-06
 8.0999E+24  5.5864E-07  1.7418E+04  7.4643E-05  9.9985E-01  7.1845E-06
 8.1925E+24  5.7140E-07  1.7440E+04  7.4643E-05  9.9985E-01  7.1845E-06
 8.2850E+24  5.8428E-07  1.7462E+04  7.4643E-05  9.9985E-01  7.1845E-06
 8.3776E+24  5.9723E-07  1.7484E+04  7.4643E-05  9.9985E-01  7.1845E-06
 8.4702E+24  6.1026E-07  1.7506E+04  7.4643E-05  9.9984E-01  7.1845E-06
 8.5628E+24  6.2267E-07  1.7527E+04  7.4643E-05  9.9984E-01  7.1845E-06
 8.6553E+24  6.3459E-07  1.7548E+04  7.4643E-05  9.9984E-01  7.1845E-06
 8.7479E+24  6.4788E-07  1.7568E+04  7.4643E-05  9.9983E-01  7.1845E-06
 8.8405E+24  6.6128E-07  1.7589E+04  7.4643E-05  9.9983E-01  7.1845E-06
 8.9330E+24  6.7477E-07  1.7609E+04  7.4643E-05  9.9982E-01  7.1845E-06
 9.0256E+24  6.8834E-07  1.7630E+04  7.4643E-05  9.9982E-01  7.1845E-06
 9.1182E+24  7.0201E-07  1.7650E+04  7.4643E-05  9.9982E-01  7.1845E-06
 9.2107E+24  7.1577E-07  1.7669E+04  7.4643E-05  9.9981E-01  7.1845E-06
 9.3033E+24  7.2963E-07  1.7689E+04  7.4643E-05  9.9981E-01  7.1845E-06
 9.3959E+24  7.4358E-07  1.7708E+04  7.4643E-05  9.9980E-01  7.1845E-06
 9.4885E+24  7.5764E-07  1.7727E+04  7.4643E-05  9.9979E-01  7.1845E-06
 9.5810E+24  7.7180E-07  1.7747E+04  7.4643E-05  9.9978E-01  7.1845E-06
 9.6736E+24  7.8608E-07  1.7765E+04  7.4643E-05  9.9976E-01  7.1845E-06
 9.7662E+24  8.0047E-07  1.7784E+04  7.4643E-05  9.9973E-01  7.1845E-06
 9.8587E+24  8.1499E-07  1.7802E+04  7.4643E-05  9.9967E-01  7.1845E-06
 9.9513E+24  8.2964E-07  1.7820E+04  7.4643E-05  9.9955E-01  7.1845E-06
 1.0044E+25  8.4443E-07  1.7837E+04  7.4643E-05  9.9935E-01  7.1845E-06
 1.0136E+25  8.5938E-07  1.7854E+04  7.4643E-05  9.9898E-01  7.1845E-06
 1.0229E+25  8.7451E-07  1.7869E+04  7.4643E-05  9.9832E-01  7.1845E-06
 1.0322E+25  8.8983E-07  1.7882E+04  7.4643E-05  9.9715E-01  7.1845E-06
 1.0414E+25  9.0541E-07  1.7890E+04  7.4643E-05  9.9511E-01  7.1845E-06
 1.0507E+25  9.2127E-07  1.7893E+04  7.4643E-05  9.9160E-01  7.1845E-06
 1.0599E+25  9.3755E-07  1.7885E+04  7.4643E-05  9.8564E-01  7.1845E-06
 1.0692E+25  9.5441E-07  1.7861E+04  7.4643E-05  9.7570E-01  7.1845E-06
 1.0784E+25  9.7212E-07  1.7809E+04  7.4643E-05  9.5953E-01  7.1845E-06
 1.0877E+25  9.9109E-07  1.7715E+04  7.4643E-05  9.3404E-01  7.1845E-06
 1.0970E+25  1.0119E-06  1.7560E+04  7.4643E-05  8.9554E-01  7.1845E-06
 1.1062E+25  1.0344E-06  1.7323E+04  7.4643E-05  8.4071E-01  7.1845E-06
 1.1155E+25  1.0595E-06  1.6985E+04  7.4643E-05  7.6838E-01  7.1845E-06
 1.1247E+25  1.0915E-06  1.6540E+04  7.4643E-05  6.8148E-01  7.1845E-06
 1.1340E+25  1.1288E-06  1.6002E+04  7.4643E-05  5.8733E-01  7.1845E-06
 1.1432E+25  1.1716E-06  1.5402E+04  7.4643E-05  4.9523E-01  7.1845E-06
 1.1525E+25  1.2192E-06  1.4782E+04  7.4643E-05  4.1271E-01  7.1845E-06
 1.1618E+25  1.2702E-06  1.4176E+04  7.4643E-05  3.4342E-01  7.1845E-06
 1.1710E+25  1.3235E-06  1.3609E+04  7.4643E-05  2.8752E-01  7.1845E-06
 1.1803E+25  1.3778E-06  1.3090E+04  7.4643E-05  2.4324E-01  7.1845E-06
 1.1895E+25  1.4325E-06  1.2623E+04  7.4643E-05  2.0826E-01  7.1845E-06
 1.1988E+25  1.4870E-06  1.2206E+04  7.4643E-05  1.8042E-01  7.1845E-06
 1.2080E+25  1.5412E-06  1.1833E+04  7.4643E-05  1.5800E-01  7.1845E-06
 1.2173E+25  1.5948E-06  1.1500E+04  7.4643E-05  1.3969E-01  7.1845E-06
 1.2266E+25  1.6477E-06  1.1202E+04  7.4643E-05  1.2455E-01  7.1845E-06
 1.2358E+25  1.7000E-06  1.0934E+04  7.4643E-05  1.1186E-01  7.1845E-06
 1.2451E+25  1.7517E-06  1.0692E+04  7.4643E-05  1.0110E-01  7.1845E-06
 1.2543E+25  1.8029E-06  1.0473E+04  7.4643E-05  9.1893E-02  7.1845E-06
 1.2636E+25  1.8534E-06  1.0275E+04  7.4643E-05  8.3932E-02  7.1845E-06
 1.2728E+25  1.9035E-06  1.0093E+04  7.4643E-05  7.6996E-02  7.1845E-06
 1.2821E+25  1.9532E-06  9.9274E+03  7.4643E-05  7.0908E-02  7.1845E-06
 1.2914E+25  2.0023E-06  9.7752E+03  7.4643E-05  6.5532E-02  7.1845E-06
 1.3006E+25  2.0512E-06  9.6350E+03  7.4643E-05  6.0755E-02  7.1845E-06
 1.3099E+25  2.0997E-06  9.5056E+03  7.4643E-05  5.6488E-02  7.1845E-06
 1.3191E+25  2.1479E-06  9.3859E+03  7.4643E-05  5.2658E-02  7.1845E-06
 1.3284E+25  2.1959E-06  9.2748E+03  7.4643E-05  4.9207E-02  7.1845E-06
 1.3376E+25  2.2436E-06  9.1715E+03  7.4643E-05  4.6083E-02  7.1845E-06
 1.3469E+25  2.2913E-06  9.0753E+03  7.4643E-05  4.3246E-02  7.1845E-06
 1.3562E+25  2.3387E-06  8.9855E+03  7.4643E-05  4.0660E-02  7.1845E-06
 1.3654E+25  2.3860E-06  8.9015E+03  7.4643E-05  3.8296E-02  7.1845E-06
 1.3747E+25  2.4333E-06  8.8228E+03  7.4643E-05  3.6130E-02  7.1845E-06
 1.3839E+25  2.4805E-06  8.7489E+03  7.4643E-05  3.4137E-02  7.1845E-06
 1.3932E+25  2.5277E-06  8.6795E+03  7.4643E-05  3.2301E-02  7.1845E-06
 1.4024E+25  2.5751E-06  8.6141E+03  7.4643E-05  3.0605E-02  7.1845E-06
 1.4117E+25  2.6224E-06  8.5525E+03  7.4643E-05  2.9035E-02  7.1845E-06
 1.4210E+25  2.6698E-06  8.4944E+03  7.4643E-05  2.7578E-02  7.1845E-06
 1.4302E+25  2.7175E-06  8.4394E+03  7.4643E-05  2.6225E-02  7.1845E-06
 1.4395E+25  2.7641E-06  8.3875E+03  7.4643E-05  2.4964E-02  7.1845E-06
 1.4487E+25  2.8059E-06  8.3382E+03  7.4643E-05  2.3788E-02  7.1845E-06
 1.4580E+25  2.8530E-06  8.2916E+03  7.4643E-05  2.2689E-02  7.1845E-06
 1.4672E+25  2.9007E-06  8.2473E+03  7.4643E-05  2.1662E-02  7.1845E-06
 1.4765E+25  2.9487E-06  8.2052E+03  7.4643E-05  2.0699E-02  7.1845E-06
 1.4858E+25  2.9970E-06  8.1652E+03  7.4643E-05  1.9795E-02  7.1845E-06
 1.4950E+25  3.0458E-06  8.1271E+03  7.4643E-05  1.8946E-02  7.1845E-06
 1.5043E+25  3.0951E-06  8.0908E+03  7.4643E-05  1.8147E-02  7.1845E-06
 1.5135E+25  3.1447E-06  8.0562E+03  7.4643E-05  1.7395E-02  7.1845E-06
 1.5228E+25  3.1811E-06  8.0232E+03  7.4643E-05  1.6685E-02  7.1845E-06
 1.5320E+25  3.2295E-06  7.9917E+03  7.4643E-05  1.6016E-02  7.1845E-06
 1.5413E+25  3.2797E-06  7.9616E+03  7.4643E-05  1.5383E-02  7.1845E-06
 1.5506E+25  3.3305E-06  7.9328E+03  7.4643E-05  1.4784E-02  7.1845E-06
 1.5598E+25  3.3820E-06  7.9053E+03  7.4643E-05  1.4217E-02  7.1845E-06
 1.5691E+25  3.4315E-06  7.8789E+03  7.4643E-05  1.3680E-02  7.1845E-06
 1.5783E+25  3.4657E-06  7.8537E+03  7.4643E-05  1.3171E-02  7.1845E-06
 1.5876E+25  3.5178E-06  7.8295E+03  7.4643E-05  1.2687E-02  7.1845E-06
 1.5968E+25  3.5710E-06  7.8062E+03  7.4643E-05  1.2228E-02  7.1845E-06
 1.6061E+25  3.6251E-06  7.7839E+03  7.4643E-05  1.1791E-02  7.1845E-06
 1.6154E+25  3.6715E-06  7.7625E+03  7.4643E-05  1.1375E-02  7.1845E-06
 1.6246E+25  3.7079E-06  7.7420E+03  7.4643E-05  1.0979E-02  7.1845E-06
 1.6339E+25  3.7633E-06  7.7222E+03  7.4643E-05  1.0602E-02  7.1845E-06
 1.6431E+25  3.8199E-06  7.7032E+03  7.4643E-05  1.0242E-02  7.1845E-06
 1.6524E+25  3.8743E-06  7.6849E+03  7.4643E-05  9.8987E-03  7.1845E-06
 1.6616E+25  3.9027E-06  7.6673E+03  7.4643E-05  9.5705E-03  7.1845E-06
 1.6709E+25  3.9606E-06  7.6504E+03  7.4643E-05  9.2574E-03  7.1845E-06
 1.6802E+25  4.0201E-06  7.6340E+03  7.4643E-05  8.9582E-03  7.1845E-06
 1.6894E+25  4.0707E-06  7.6183E+03  7.4643E-05  8.6714E-03  7.1845E-06
 1.6987E+25  4.1027E-06  7.6031E+03  7.4643E-05  8.3974E-03  7.1845E-06
 1.7079E+25  4.1643E-06  7.5885E+03  7.4643E-05  8.1349E-03  7.1845E-06
 1.7172E+25  4.2275E-06  7.5743E+03  7.4643E-05  7.8831E-03  7.1845E-06
 1.7264E+25  4.2599E-06  7.5607E+03  7.4643E-05  7.6423E-03  7.1845E-06
 1.7357E+25  4.3110E-06  7.5475E+03  7.4643E-05  7.4107E-03  7.1845E-06
 1.7450E+25  4.3765E-06  7.5348E+03  7.4643E-05  7.1889E-03  7.1845E-06
 1.7542E+25  4.4244E-06  7.5225E+03  7.4643E-05  6.9757E-03  7.1845E-06
 1.7635E+25  4.4605E-06  7.5106E+03  7.4643E-05  6.7711E-03  7.1845E-06
 1.7727E+25  4.5291E-06  7.4991E+03  7.4643E-05  6.5745E-03  7.1845E-06
 1.7820E+25  4.5863E-06  7.4879E+03  7.4643E-05  6.3852E-03  7.1845E-06
 1.7912E+25  4.6134E-06  7.4772E+03  7.4643E-05  6.2037E-03  7.1845E-06
 1.8005E+25  4.6851E-06  7.4667E+03  7.4643E-05  6.0284E-03  7.1845E-06
 1.8097E+25  4.7453E-06  7.4567E+03  7.4643E-05  5.8604E-03  7.1845E-06
 1.8190E+25  4.7706E-06  7.4469E+03  7.4643E-05  5.6978E-03  7.1845E-06
 1.8283E+25  4.8457E-06  7.4374E+03  7.4643E-05  5.5419E-03  7.1845E-06
 1.8375E+25  4.9007E-06  7.4282E+03  7.4643E-05  5.3910E-03  7.1845E-06
 1.8468E+25  4.9327E-06  7.4193E+03  7.4643E-05  5.2463E-03  7.1845E-06
 1.8560E+25  5.0117E-06  7.4106E+03  7.4643E-05  5.1059E-03  7.1845E-06
 1.8653E+25  5.0527E-06  7.4023E+03  7.4643E-05  4.9713E-03  7.1845E-06
 1.8745E+25  5.1003E-06  7.3941E+03  7.4643E-05  4.8406E-03  7.1845E-06
 1.8838E+25  5.1835E-06  7.3863E+03  7.4643E-05  4.7151E-03  7.1845E-06
 1.8931E+25  5.2011E-06  7.3786E+03  7.4643E-05  4.5935E-03  7.1845E-06
 1.9023E+25  5.2742E-06  7.3712E+03  7.4643E-05  4.4762E-03  7.1845E-06
 1.9116E+25  5.3426E-06  7.3639E+03  7.4643E-05  4.3629E-03  7.1845E-06
 1.9208E+25  5.3650E-06  7.3569E+03  7.4643E-05  4.2531E-03  7.1845E-06
 1.9301E+25  5.4553E-06  7.3501E+03  7.4643E-05  4.1473E-03  7.1845E-06
 1.9393E+25  5.4855E-06  7.3434E+03  7.4643E-05  4.0445E-03  7.1845E-06
 1.9486E+25  5.5488E-06  7.3370E+03  7.4643E-05  3.9457E-03  7.1845E-06
 1.9579E+25  5.6258E-06  7.3307E+03  7.4643E-05  3.8494E-03  7.1845E-06
 1.9671E+25  5.6428E-06  7.3247E+03  7.4643E-05  3.7567E-03  7.1845E-06
 1.9764E+25  5.7410E-06  7.3187E+03  7.4643E-05  3.6667E-03  7.1845E-06
 1.9856E+25  5.7627E-06  7.3129E+03  7.4643E-05  3.5794E-03  7.1845E-06
 1.9949E+25  5.8386E-06  7.3073E+03  7.4643E-05  3.4953E-03  7.1845E-06
 2.0041E+25  5.9007E-06  7.3019E+03  7.4643E-05  3.4132E-03  7.1845E-06
 2.0134E+25  5.9369E-06  7.2965E+03  7.4643E-05  3.3342E-03  7.1845E-06
 2.0227E+25  6.0384E-06  7.2914E+03  7.4643E-05  3.2572E-03  7.1845E-06
 2.0319E+25  6.0371E-06  7.2863E+03  7.4643E-05  3.1825E-03  7.1845E-06
 2.0412E+25  6.1464E-06  7.2814E+03  7.4643E-05  3.1105E-03  7.1845E-06
 2.0504E+25  6.1671E-06  7.2766E+03  7.4643E-05  3.0401E-03  7.1845E-06
 2.0597E+25  6.2503E-06  7.2719E+03  7.4643E-05  2.9721E-03  7.1845E-06
 2.0689E+25  6.3029E-06  7.2674E+03  7.4643E-05  2.9061E-03  7.1845E-06
 2.0782E+25  6.3557E-06  7.2629E+03  7.4643E-05  2.8416E-03  7.1845E-06
 2.0875E+25  6.4378E-06  7.2586E+03  7.4643E-05  2.7796E-03  7.1845E-06
 2.0967E+25  6.4624E-06  7.2544E+03  7.4643E-05  2.7190E-03  7.1845E-06
 2.1060E+25  6.5723E-06  7.2503E+03  7.4643E-05  2.6600E-03  7.1845E-06
 2.1152E+25  6.5713E-06  7.2463E+03  7.4643E-05  2.6032E-03  7.1845E-06
 2.1245E+25  6.6989E-06  7.2423E+03  7.4643E-05  2.5475E-03  7.1845E-06
 2.1337E+25  6.6893E-06  7.2385E+03  7.4643E-05  2.4933E-03  7.1845E-06
 2.1430E+25  6.8133E-06  7.2348E+03  7.4643E-05  2.4411E-03  7.1845E-06
 2.1523E+25  6.8207E-06  7.2311E+03  7.4643E-05  2.3899E-03  7.1845E-06
 2.1615E+25  6.9297E-06  7.2276E+03  7.4643E-05  2.3401E-03  7.1845E-06
 2.1708E+25  6.9515E-06  7.2241E+03  7.4643E-05  2.2921E-03  7.1845E-06
 2.1800E+25  7.0486E-06  7.2207E+03  7.4643E-05  2.2449E-03  7.1845E-06
 2.1893E+25  7.0818E-06  7.2174E+03  7.4643E-05  2.1990E-03  7.1845E-06
 2.1985E+25  7.1699E-06  7.2141E+03  7.4643E-05  2.1548E-03  7.1845E-06
 2.2078E+25  7.2113E-06  7.2110E+03  7.4643E-05  2.1112E-03  7.1845E-06
 2.2171E+25  7.2937E-06  7.2079E+03  7.4643E-05  2.0689E-03  7.1845E-06
 2.2263E+25  7.3400E-06  7.2049E+03  7.4643E-05  2.0280E-03  7.1845E-06
 2.2356E+25  7.4202E-06  7.2019E+03  7.4643E-05  1.9878E-03  7.1845E-06
 2.2448E+25  7.4679E-06  7.1990E+03  7.4643E-05  1.9486E-03  7.1845E-06
 2.2541E+25  7.5497E-06  7.1962E+03  7.4643E-05  1.9108E-03  7.1845E-06
 2.2633E+25  7.5949E-06  7.1934E+03  7.4643E-05  1.8737E-03  7.1845E-06
 2.2726E+25  7.6823E-06  7.1907E+03  7.4643E-05  1.8373E-03  7.1845E-06
 2.2819E+25  7.7209E-06  7.1881E+03  7.4643E-05  1.8023E-03  7.1845E-06
 2.2911E+25  7.8183E-06  7.1855E+03  7.4643E-05  1.7680E-03  7.1845E-06
 2.3004E+25  7.8460E-06  7.1830E+03  7.4643E-05  1.7343E-03  7.1845E-06
 2.3096E+25  7.9578E-06  7.1805E+03  7.4643E-05  1.7016E-03  7.1845E-06
 2.3189E+25  7.9699E-06  7.1781E+03  7.4643E-05  1.6700E-03  7.1845E-06
 2.3281E+25  8.1010E-06  7.1757E+03  7.4643E-05  1.6388E-03  7.1845E-06
 2.3374E+25  8.0928E-06  7.1734E+03  7.4643E-05  1.6082E-03  7.1845E-06
 2.3467E+25  8.2482E-06  7.1711E+03  7.4643E-05  1.5788E-03  7.1845E-06
 2.3559E+25  8.2146E-06  7.1689E+03  7.4643E-05  1.5500E-03  7.1845E-06
 2.3652E+25  8.3782E-06  7.1667E+03  7.4643E-05  1.5215E-03  7.1845E-06
 2.3744E+25  8.3564E-06  7.1646E+03  7.4643E-05  1.4940E-03  7.1845E-06
 2.3837E+25  8.4998E-06  7.1625E+03  7.4643E-05  1.4673E-03  7.1845E-06
 2.3929E+25  8.5098E-06  7.1604E+03  7.4643E-05  1.4409E-03  7.1845E-06
 2.4022E+25  8.6201E-06  7.1584E+03  7.4643E-05  1.4151E-03  7.1845E-06
 2.4115E+25  8.6679E-06  7.1565E+03  7.4643E-05  1.3901E-03  7.1845E-06
 2.4207E+25  8.7391E-06  7.1545E+03  7.4643E-05  1.3657E-03  7.1845E-06
 2.4300E+25  8.8308E-06  7.1526E+03  7.4643E-05  1.3417E-03  7.1845E-06
 2.4392E+25  8.8569E-06  7.1508E+03  7.4643E-05  1.3181E-03  7.1845E-06
 2.4485E+25  8.9985E-06  7.1490E+03  7.4643E-05  1.2954E-03  7.1845E-06
 2.4577E+25  8.9734E-06  7.1472E+03  7.4643E-05  1.2731E-03  7.1845E-06
 2.4670E+25  9.1427E-06  7.1455E+03  7.4643E-05  1.2511E-03  7.1845E-06
 2.4763E+25  9.1175E-06  7.1438E+03  7.4643E-05  1.2297E-03  7.1845E-06
 2.4855E+25  9.2584E-06  7.1421E+03  7.4643E-05  1.2090E-03  7.1845E-06
 2.4948E+25  9.2940E-06  7.1404E+03  7.4643E-05  1.1886E-03  7.1845E-06
 2.5040E+25  9.3726E-06  7.1388E+03  7.4643E-05  1.1684E-03  7.1845E-06
 2.5133E+25  9.4759E-06  7.1372E+03  7.4643E-05  1.1488E-03  7.1845E-06
 2.5225E+25  9.4859E-06  7.1357E+03  7.4643E-05  1.1299E-03  7.1845E-06
 2.5318E+25  9.6577E-06  7.1342E+03  7.4643E-05  1.1112E-03  7.1845E-06
 2.5411E+25  9.6035E-06  7.1327E+03  7.4643E-05  1.0927E-03  7.1845E-06
 2.5503E+25  9.7714E-06  7.1312E+03  7.4643E-05  1.0747E-03  7.1845E-06
 2.5596E+25  9.7943E-06  7.1298E+03  7.4643E-05  1.0573E-03  7.1845E-06
 2.5688E+25  9.8820E-06  7.1284E+03  7.4643E-05  1.0402E-03  7.1845E-06
 2.5781E+25  9.9930E-06  7.1270E+03  7.4643E-05  1.0232E-03  7.1845E-06
 2.5873E+25  9.9911E-06  7.1256E+03  7.4643E-05  1.0067E-03  7.1845E-06
 2.5966E+25  1.0169E-05  7.1243E+03  7.4643E-05  9.9070E-04  7.1845E-06
 2.6059E+25  1.0128E-05  7.1230E+03  7.4643E-05  9.7500E-04  7.1845E-06
 2.6151E+25  1.0276E-05  7.1217E+03  7.4643E-05  9.5944E-04  7.1845E-06
 2.6244E+25  1.0339E-05  7.1204E+03  7.4643E-05  9.4418E-04  7.1845E-06
 2.6336E+25  1.0383E-05  7.1192E+03  7.4643E-05  9.2940E-04  7.1845E-06
 2.6429E+25  1.0557E-05  7.1180E+03  7.4643E-05  9.1500E-04  7.1845E-06
 2.6521E+25  1.0488E-05  7.1168E+03  7.4643E-05  9.0072E-04  7.1845E-06
 2.6614E+25  1.0669E-05  7.1156E+03  7.4643E-05  8.8663E-04  7.1845E-06
 2.6707E+25  1.0704E-05  7.1144E+03  7.4643E-05  8.7295E-04  7.1845E-06
 2.6799E+25  1.0772E-05  7.1133E+03  7.4643E-05  8.5967E-04  7.1845E-06
 2.6892E+25  1.0936E-05  7.1122E+03  7.4643E-05  8.4658E-04  7.1845E-06
 2.6984E+25  1.0874E-05  7.1111E+03  7.4643E-05  8.3361E-04  7.1845E-06
 2.7077E+25  1.1058E-05  7.1100E+03  7.4643E-05  8.2087E-04  7.1845E-06
 2.7169E+25  1.1091E-05  7.1090E+03  7.4643E-05  8.0856E-04  7.1845E-06
 2.7262E+25  1.1158E-05  7.1079E+03  7.4643E-05  7.9653E-04  7.1845E-06
 2.7355E+25  1.1337E-05  7.1069E+03  7.4643E-05  7.8461E-04  7.1845E-06
 2.7447E+25  1.1257E-05  7.1059E+03  7.4643E-05  7.7283E-04  7.1845E-06
 2.7540E+25  1.1444E-05  7.1049E+03  7.4643E-05  7.6134E-04  7.1845E-06
 2.7632E+25  1.1502E-05  7.1039E+03  7.4643E-05  7.5021E-04  7.1845E-06
 2.7725E+25  1.1541E-05  7.1030E+03  7.4643E-05  7.3927E-04  7.1845E-06
 2.7817E+25  1.1732E-05  7.1020E+03  7.4643E-05  7.2840E-04  7.1845E-06
 2.7910E+25  1.1669E-05  7.1011E+03  7.4643E-05  7.1770E-04  7.1845E-06
 2.8003E+25  1.1826E-05  7.1002E+03  7.4643E-05  7.0727E-04  7.1845E-06
 2.8095E+25  1.1940E-05  7.0993E+03  7.4643E-05  6.9718E-04  7.1845E-06
 2.8188E+25  1.1920E-05  7.0984E+03  7.4643E-05  6.8720E-04  7.1845E-06
 2.8280E+25  1.2113E-05  7.0976E+03  7.4643E-05  6.7732E-04  7.1845E-06
 2.8373E+25  1.2119E-05  7.0967E+03  7.4643E-05  6.6756E-04  7.1845E-06
 2.8465E+25  1.2203E-05  7.0959E+03  7.4643E-05  6.5809E-04  7.1845E-06
 2.8558E+25  1.2398E-05  7.0951E+03  7.4643E-05  6.4888E-04  7.1845E-06
 2.8651E+25  1.2304E-05  7.0943E+03  7.4643E-05  6.3980E-04  7.1845E-06
 2.8743E+25  1.2488E-05  7.0935E+03  7.4643E-05  6.3077E-04  7.1845E-06
 2.8836E+25  1.2600E-05  7.0927E+03  7.4643E-05  6.2188E-04  7.1845E-06
 2.8928E+25  1.2576E-05  7.0919E+03  7.4643E-05  6.1322E-04  7.1845E-06
 2.9021E+25  1.2774E-05  7.0912E+03  7.4643E-05  6.0483E-04  7.1845E-06
 2.9113E+25  1.2796E-05  7.0904E+03  7.4643E-05  5.9654E-04  7.1845E-06
 2.9206E+25  1.2859E-05  7.0897E+03  7.4643E-05  5.8831E-04  7.1845E-06
 2.9299E+25  1.3060E-05  7.0889E+03  7.4643E-05  5.8017E-04  7.1845E-06
 2.9391E+25  1.2999E-05  7.0882E+03  7.4643E-05  5.7224E-04  7.1845E-06
 2.9484E+25  1.3143E-05  7.0875E+03  7.4643E-05  5.6453E-04  7.1845E-06
 2.9576E+25  1.3327E-05  7.0868E+03  7.4643E-05  5.5698E-04  7.1845E-06
 2.9669E+25  1.3226E-05  7.0862E+03  7.4643E-05  5.4947E-04  7.1845E-06
 2.9761E+25  1.3427E-05  7.0855E+03  7.4643E-05  5.4203E-04  7.1845E-06
 2.9854E+25  1.3545E-05  7.0848E+03  7.4643E-05  5.3473E-04  7.1845E-06
 2.9947E+25  1.3507E-05  7.0842E+03  7.4643E-05  5.2764E-04  7.1845E-06
 3.0039E+25  1.3712E-05  7.0835E+03  7.4643E-05  5.2074E-04  7.1845E-06
 3.0132E+25  1.3770E-05  7.0829E+03  7.4643E-05  5.1388E-04  7.1845E-06
 3.0224E+25  1.3788E-05  7.0823E+03  7.4643E-05  5.0708E-04  7.1845E-06
 3.0317E+25  1.3996E-05  7.0817E+03  7.4643E-05  5.0035E-04  7.1845E-06
 3.0409E+25  1.4002E-05  7.0811E+03  7.4643E-05  4.9381E-04  7.1845E-06
 3.0502E+25  1.4070E-05  7.0805E+03  7.4643E-05  4.8745E-04  7.1845E-06
 3.0594E+25  1.4279E-05  7.0799E+03  7.4643E-05  4.8120E-04  7.1845E-06
 3.0687E+25  1.4241E-05  7.0793E+03  7.4643E-05  4.7498E-04  7.1845E-06
 3.0780E+25  1.4352E-05  7.0787E+03  7.4643E-05  4.6882E-04  7.1845E-06
 3.0872E+25  1.4562E-05  7.0782E+03  7.4643E-05  4.6275E-04  7.1845E-06
 3.0965E+25  1.4489E-05  7.0776E+03  7.4643E-05  4.5686E-04  7.1845E-06
 3.1057E+25  1.4633E-05  7.0771E+03  7.4643E-05  4.5112E-04  7.1845E-06
 3.1150E+25  1.4845E-05  7.0766E+03  7.4643E-05  4.4544E-04  7.1845E-06
 3.1242E+25  1.4745E-05  7.0760E+03  7.4643E-05  4.3980E-04  7.1845E-06
 3.1335E+25  1.4914E-05  7.0755E+03  7.4643E-05  4.3421E-04  7.1845E-06
 3.1428E+25  1.5127E-05  7.0750E+03  7.4643E-05  4.2873E-04  7.1845E-06
 3.1520E+25  1.5010E-05  7.0745E+03  7.4643E-05  4.2340E-04  7.1845E-06
 3.1613E+25  1.5195E-05  7.0740E+03  7.4643E-05  4.1820E-04  7.1845E-06
 3.1705E+25  1.5409E-05  7.0735E+03  7.4643E-05  4.1305E-04  7.1845E-06
 3.1798E+25  1.5284E-05  7.0730E+03  7.4643E-05  4.0793E-04  7.1845E-06
 3.1890E+25  1.5475E-05  7.0725E+03  7.4643E-05  4.0284E-04  7.1845E-06
 3.1983E+25  1.5692E-05  7.0721E+03  7.4643E-05  3.9786E-04  7.1845E-06
 3.2076E+25  1.5568E-05  7.0716E+03  7.4643E-05  3.9302E-04  7.1845E-06
 3.2168E+25  1.5755E-05  7.0712E+03  7.4643E-05  3.8831E-04  7.1845E-06
 3.2261E+25  1.5974E-05  7.0707E+03  7.4643E-05  3.8362E-04  7.1845E-06
 3.2353E+25  1.5861E-05  7.0703E+03  7.4643E-05  3.7897E-04  7.1845E-06
 3.2446E+25  1.6034E-05  7.0698E+03  7.4643E-05  3.7435E-04  7.1845E-06
 3.2538E+25  1.6255E-05  7.0694E+03  7.4643E-05  3.6981E-04  7.1845E-06
 3.2631E+25  1.6165E-05  7.0690E+03  7.4643E-05  3.6540E-04  7.1845E-06
 3.2724E+25  1.6312E-05  7.0685E+03  7.4643E-05  3.6110E-04  7.1845E-06
 3.2816E+25  1.6535E-05  7.0681E+03  7.4643E-05  3.5685E-04  7.1845E-06
 3.2909E+25  1.6481E-05  7.0677E+03  7.4643E-05  3.5261E-04  7.1845E-06
 3.3001E+25  1.6590E-05  7.0673E+03  7.4643E-05  3.4842E-04  7.1845E-06
 3.3094E+25  1.6815E-05  7.0669E+03  7.4643E-05  3.4426E-04  7.1845E-06
 3.3186E+25  1.6809E-05  7.0665E+03  7.4643E-05  3.4023E-04  7.1845E-06
 3.3279E+25  1.6866E-05  7.0661E+03  7.4643E-05  3.3629E-04  7.1845E-06
 3.3372E+25  1.7094E-05  7.0657E+03  7.4643E-05  3.3243E-04  7.1845E-06
 3.3464E+25  1.7149E-05  7.0654E+03  7.4643E-05  3.2858E-04  7.1845E-06
 3.3557E+25  1.7142E-05  7.0650E+03  7.4643E-05  3.2476E-04  7.1845E-06
 3.3649E+25  1.7371E-05  7.0646E+03  7.4643E-05  3.2097E-04  7.1845E-06
 3.3742E+25  1.7502E-05  7.0643E+03  7.4643E-05  3.1725E-04  7.1845E-06
 3.3834E+25  1.7418E-05  7.0639E+03  7.4643E-05  3.1363E-04  7.1845E-06
 3.3927E+25  1.7647E-05  7.0636E+03  7.4643E-05  3.1010E-04  7.1845E-06
 3.4020E+25  1.7867E-05  7.0632E+03  7.4643E-05  3.0661E-04  7.1845E-06
 3.4112E+25  1.7695E-05  7.0629E+03  7.4643E-05  3.0313E-04  7.1845E-06
 3.4205E+25  1.7922E-05  7.0625E+03  7.4643E-05  2.9967E-04  7.1845E-06
 3.4297E+25  1.8155E-05  7.0622E+03  7.4643E-05  2.9625E-04  7.1845E-06
 3.4390E+25  1.8061E-05  7.0618E+03  7.4643E-05  2.9292E-04  7.1845E-06
 3.4482E+25  1.8196E-05  7.0615E+03  7.4643E-05  2.8965E-04  7.1845E-06
 3.4575E+25  1.8432E-05  7.0612E+03  7.4643E-05  2.8648E-04  7.1845E-06
 3.4668E+25  1.8452E-05  7.0609E+03  7.4643E-05  2.8331E-04  7.1845E-06
 3.4760E+25  1.8470E-05  7.0606E+03  7.4643E-05  2.8016E-04  7.1845E-06
 3.4853E+25  1.8707E-05  7.0602E+03  7.4643E-05  2.7703E-04  7.1845E-06
 3.4945E+25  1.8858E-05  7.0599E+03  7.4643E-05  2.7394E-04  7.1845E-06
 3.5038E+25  1.8743E-05  7.0596E+03  7.4643E-05  2.7093E-04  7.1845E-06
 3.5130E+25  1.8980E-05  7.0593E+03  7.4643E-05  2.6798E-04  7.1845E-06
 3.5223E+25  1.9219E-05  7.0590E+03  7.4643E-05  2.6511E-04  7.1845E-06
 3.5316E+25  1.9078E-05  7.0587E+03  7.4643E-05  2.6224E-04  7.1845E-06
 3.5408E+25  1.9252E-05  7.0585E+03  7.4643E-05  2.5939E-04  7.1845E-06
 3.5501E+25  1.9494E-05  7.0582E+03  7.4643E-05  2.5656E-04  7.1845E-06
 3.5593E+25  1.9512E-05  7.0579E+03  7.4643E-05  2.5375E-04  7.1845E-06
 3.5686E+25  1.9523E-05  7.0576E+03  7.4643E-05  2.5103E-04  7.1845E-06
 3.5778E+25  1.9767E-05  7.0573E+03  7.4643E-05  2.4835E-04  7.1845E-06
 3.5871E+25  1.9965E-05  7.0571E+03  7.4643E-05  2.4574E-04  7.1845E-06
 3.5964E+25  1.9795E-05  7.0568E+03  7.4643E-05  2.4315E-04  7.1845E-06
 3.6056E+25  2.0037E-05  7.0565E+03  7.4643E-05  2.4056E-04  7.1845E-06
 3.6149E+25  2.0283E-05  7.0563E+03  7.4643E-05  2.3800E-04  7.1845E-06
 3.6241E+25  2.0217E-05  7.0560E+03  7.4643E-05  2.3545E-04  7.1845E-06
 3.6334E+25  2.0307E-05  7.0558E+03  7.4643E-05  2.3296E-04  7.1845E-06
 3.6426E+25  2.0555E-05  7.0555E+03  7.4643E-05  2.3052E-04  7.1845E-06
 3.6519E+25  2.0701E-05  7.0552E+03  7.4643E-05  2.2815E-04  7.1845E-06
 3.6612E+25  2.0577E-05  7.0550E+03  7.4643E-05  2.2581E-04  7.1845E-06
 3.6704E+25  2.0824E-05  7.0548E+03  7.4643E-05  2.2346E-04  7.1845E-06
 3.6797E+25  2.1075E-05  7.0545E+03  7.4643E-05  2.2113E-04  7.1845E-06
 3.6889E+25  2.0976E-05  7.0543E+03  7.4643E-05  2.1882E-04  7.1845E-06
 3.6982E+25  2.1092E-05  7.0540E+03  7.4643E-05  2.1654E-04  7.1845E-06
 3.7074E+25  2.1346E-05  7.0538E+03  7.4643E-05  2.1432E-04  7.1845E-06
 3.7167E+25  2.1496E-05  7.0536E+03  7.4643E-05  2.1214E-04  7.1845E-06
 3.7260E+25  2.1361E-05  7.0534E+03  7.4643E-05  2.1001E-04  7.1845E-06
 3.7352E+25  2.1612E-05  7.0531E+03  7.4643E-05  2.0789E-04  7.1845E-06
 3.7445E+25  2.1868E-05  7.0529E+03  7.4643E-05  2.0578E-04  7.1845E-06
 3.7537E+25  2.1797E-05  7.0527E+03  7.4643E-05  2.0368E-04  7.1845E-06
 3.7630E+25  2.1879E-05  7.0525E+03  7.4643E-05  2.0159E-04  7.1845E-06
 3.7722E+25  2.2136E-05  7.0523E+03  7.4643E-05  1.9955E-04  7.1845E-06
 3.7815E+25  2.2355E-05  7.0520E+03  7.4643E-05  1.9755E-04  7.1845E-06
 3.7908E+25  2.2147E-05  7.0518E+03  7.4643E-05  1.9560E-04  7.1845E-06
 3.8000E+25  2.2401E-05  7.0516E+03  7.4643E-05  1.9368E-04  7.1845E-06
 3.8093E+25  2.2663E-05  7.0514E+03  7.4643E-05  1.9176E-04  7.1845E-06
 3.8185E+25  2.2684E-05  7.0512E+03  7.4643E-05  1.8986E-04  7.1845E-06
 3.8278E+25  2.2669E-05  7.0510E+03  7.4643E-05  1.8796E-04  7.1845E-06
 3.8370E+25  2.2927E-05  7.0508E+03  7.4643E-05  1.8608E-04  7.1845E-06
 3.8463E+25  2.3191E-05  7.0506E+03  7.4643E-05  1.8424E-04  7.1845E-06
 3.8556E+25  2.3028E-05  7.0504E+03  7.4643E-05  1.8243E-04  7.1845E-06
 3.8648E+25  2.3192E-05  7.0502E+03  7.4643E-05  1.8067E-04  7.1845E-06
 3.8741E+25  2.3457E-05  7.0500E+03  7.4643E-05  1.7894E-04  7.1845E-06
 3.8833E+25  2.3646E-05  7.0499E+03  7.4643E-05  1.7721E-04  7.1845E-06
 3.8926E+25  2.3458E-05  7.0497E+03  7.4643E-05  1.7549E-04  7.1845E-06
 3.9018E+25  2.3719E-05  7.0495E+03  7.4643E-05  1.7377E-04  7.1845E-06
 3.9111E+25  2.3988E-05  7.0493E+03  7.4643E-05  1.7207E-04  7.1845E-06
 3.9204E+25  2.4022E-05  7.0491E+03  7.4643E-05  1.7040E-04  7.1845E-06
 3.9296E+25  2.3985E-05  7.0489E+03  7.4643E-05  1.6877E-04  7.1845E-06
 3.9389E+25  2.4250E-05  7.0488E+03  7.4643E-05  1.6717E-04  7.1845E-06
 3.9481E+25  2.4522E-05  7.0486E+03  7.4643E-05  1.6561E-04  7.1845E-06
 3.9574E+25  2.4412E-05  7.0484E+03  7.4643E-05  1.6404E-04  7.1845E-06
 3.9666E+25  2.4514E-05  7.0483E+03  7.4643E-05  1.6248E-04  7.1845E-06
 3.9759E+25  2.4783E-05  7.0481E+03  7.4643E-05  1.6093E-04  7.1845E-06
 3.9852E+25  2.5055E-05  7.0479E+03  7.4643E-05  1.5940E-04  7.1845E-06
 3.9944E+25  2.4822E-05  7.0478E+03  7.4643E-05  1.5788E-04  7.1845E-06
 4.0037E+25  2.5046E-05  7.0476E+03  7.4643E-05  1.5639E-04  7.1845E-06
 4.0129E+25  2.5319E-05  7.0474E+03  7.4643E-05  1.5493E-04  7.1845E-06
 4.0222E+25  2.5529E-05  7.0473E+03  7.4643E-05  1.5352E-04  7.1845E-06
 4.0314E+25  2.5309E-05  7.0471E+03  7.4643E-05  1.5211E-04  7.1845E-06
 4.0407E+25  2.5580E-05  7.0470E+03  7.4643E-05  1.5070E-04  7.1845E-06
 4.0500E+25  2.5857E-05  7.0468E+03  7.4643E-05  1.4930E-04  7.1845E-06
 4.0592E+25  2.5976E-05  7.0466E+03  7.4643E-05  1.4790E-04  7.1845E-06
 4.0685E+25  2.5844E-05  7.0465E+03  7.4643E-05  1.4652E-04  7.1845E-06
 4.0777E+25  2.6117E-05  7.0463E+03  7.4643E-05  1.4516E-04  7.1845E-06
 4.0870E+25  2.6398E-05  7.0462E+03  7.4643E-05  1.4383E-04  7.1845E-06
 4.0962E+25  2.6441E-05  7.0460E+03  7.4643E-05  1.4253E-04  7.1845E-06
 4.1055E+25  2.6380E-05  7.0459E+03  7.4643E-05  1.4126E-04  7.1845E-06
 4.1148E+25  2.6656E-05  7.0458E+03  7.4643E-05  1.3998E-04  7.1845E-06
 4.1240E+25  2.6940E-05  7.0456E+03  7.4643E-05  1.3871E-04  7.1845E-06
 4.1333E+25  2.6925E-05  7.0455E+03  7.4643E-05  1.3745E-04  7.1845E-06
 4.1425E+25  2.6920E-05  7.0453E+03  7.4643E-05  1.3620E-04  7.1845E-06
 4.1518E+25  2.7198E-05  7.0452E+03  7.4643E-05  1.3495E-04  7.1845E-06
 4.1610E+25  2.7485E-05  7.0451E+03  7.4643E-05  1.3373E-04  7.1845E-06
 4.1703E+25  2.7430E-05  7.0449E+03  7.4643E-05  1.3253E-04  7.1845E-06
 4.1796E+25  2.7461E-05  7.0448E+03  7.4643E-05  1.3136E-04  7.1845E-06
 4.1888E+25  2.7742E-05  7.0447E+03  7.4643E-05  1.3022E-04  7.1845E-06
 4.1981E+25  2.8032E-05  7.0445E+03  7.4643E-05  1.2907E-04  7.1845E-06
 4.2073E+25  2.7956E-05  7.0444E+03  7.4643E-05  1.2793E-04  7.1845E-06
 4.2166E+25  2.8005E-05  7.0443E+03  7.4643E-05  1.2679E-04  7.1845E-06
 4.2258E+25  2.8289E-05  7.0441E+03  7.4643E-05  1.2566E-04  7.1845E-06
 4.2351E+25  2.8581E-05  7.0440E+03  7.4643E-05  1.2454E-04  7.1845E-06
 4.2443E+25  2.8504E-05  7.0439E+03  7.4643E-05  1.2344E-04  7.1845E-06
 4.2536E+25  2.8551E-05  7.0438E+03  7.4643E-05  1.2235E-04  7.1845E-06
 4.2629E+25  2.8839E-05  7.0436E+03  7.4643E-05  1.2129E-04  7.1845E-06
 4.2721E+25  2.9132E-05  7.0435E+03  7.4643E-05  1.2026E-04  7.1845E-06
 4.2814E+25  2.9074E-05  7.0434E+03  7.4643E-05  1.1923E-04  7.1845E-06
 4.2906E+25  2.9099E-05  7.0433E+03  7.4643E-05  1.1820E-04  7.1845E-06
 4.2999E+25  2.9391E-05  7.0432E+03  7.4643E-05  1.1717E-04  7.1845E-06
 4.3091E+25  2.9685E-05  7.0430E+03  7.4643E-05  1.1615E-04  7.1845E-06
 4.3184E+25  2.9669E-05  7.0429E+03  7.4643E-05  1.1514E-04  7.1845E-06
 4.3277E+25  2.9650E-05  7.0428E+03  7.4643E-05  1.1414E-04  7.1845E-06
 4.3369E+25  2.9945E-05  7.0427E+03  7.4643E-05  1.1316E-04  7.1845E-06
 4.3462E+25  3.0241E-05  7.0426E+03  7.4643E-05  1.1219E-04  7.1845E-06
 4.3554E+25  3.0287E-05  7.0425E+03  7.4643E-05  1.1126E-04  7.1845E-06
 4.3647E+25  3.0205E-05  7.0424E+03  7.4643E-05  1.1033E-04  7.1845E-06
 4.3739E+25  3.0502E-05  7.0423E+03  7.4643E-05  1.0940E-04  7.1845E-06
 4.3832E+25  3.0799E-05  7.0421E+03  7.4643E-05  1.0847E-04  7.1845E-06
 4.3925E+25  3.0929E-05  7.0420E+03  7.4643E-05  1.0755E-04  7.1845E-06
 4.4017E+25  3.0762E-05  7.0419E+03  7.4643E-05  1.0663E-04  7.1845E-06
 4.4110E+25  3.1061E-05  7.0418E+03  7.4643E-05  1.0572E-04  7.1845E-06
 4.4202E+25  3.1360E-05  7.0417E+03  7.4643E-05  1.0483E-04  7.1845E-06
 4.4295E+25  3.1597E-05  7.0416E+03  7.4643E-05  1.0395E-04  7.1845E-06
 4.4387E+25  3.1322E-05  7.0415E+03  7.4643E-05  1.0309E-04  7.1845E-06
 4.4480E+25  3.1621E-05  7.0414E+03  7.4643E-05  1.0225E-04  7.1845E-06
 4.4573E+25  3.1925E-05  7.0413E+03  7.4643E-05  1.0142E-04  7.1845E-06
 4.4665E+25  3.2230E-05  7.0412E+03  7.4643E-05  1.0058E-04  7.1845E-06
 4.4758E+25  3.1947E-05  7.0411E+03  7.4643E-05  9.9749E-05  7.1845E-06
 4.4850E+25  3.2184E-05  7.0410E+03  7.4643E-05  9.8919E-05  7.1845E-06
 4.4943E+25  3.2492E-05  7.0409E+03  7.4643E-05  9.8095E-05  7.1845E-06
 4.5035E+25  3.2800E-05  7.0408E+03  7.4643E-05  9.7278E-05  7.1845E-06
 4.5128E+25  3.2664E-05  7.0407E+03  7.4643E-05  9.6477E-05  7.1845E-06
 4.5221E+25  3.2752E-05  7.0406E+03  7.4643E-05  9.5682E-05  7.1845E-06
 4.5313E+25  3.3062E-05  7.0405E+03  7.4643E-05  9.4914E-05  7.1845E-06
 4.5406E+25  3.3371E-05  7.0404E+03  7.4643E-05  9.4161E-05  7.1845E-06
 4.5498E+25  3.3411E-05  7.0403E+03  7.4643E-05  9.3409E-05  7.1845E-06
 4.5591E+25  3.3324E-05  7.0403E+03  7.4643E-05  9.2657E-05  7.1845E-06
 4.5683E+25  3.3632E-05  7.0402E+03  7.4643E-05  9.1908E-05  7.1845E-06
 4.5776E+25  3.3947E-05  7.0401E+03  7.4643E-05  9.1161E-05  7.1845E-06
 4.5869E+25  3.4187E-05  7.0400E+03  7.4643E-05  9.0419E-05  7.1845E-06
 4.5961E+25  3.3897E-05  7.0399E+03  7.4643E-05  8.9682E-05  7.1845E-06
 4.6054E+25  3.4206E-05  7.0398E+03  7.4643E-05  8.8960E-05  7.1845E-06
 4.6146E+25  3.4524E-05  7.0397E+03  7.4643E-05  8.8243E-05  7.1845E-06
 4.6239E+25  3.4840E-05  7.0396E+03  7.4643E-05  8.7546E-05  7.1845E-06
 4.6331E+25  3.4626E-05  7.0395E+03  7.4643E-05  8.6869E-05  7.1845E-06
 4.6424E+25  3.4787E-05  7.0395E+03  7.4643E-05  8.6193E-05  7.1845E-06
 4.6517E+25  3.5102E-05  7.0394E+03  7.4643E-05  8.5516E-05  7.1845E-06
 4.6609E+25  3.5424E-05  7.0393E+03  7.4643E-05  8.4840E-05  7.1845E-06
 4.6702E+25  3.5460E-05  7.0392E+03  7.4643E-05  8.4168E-05  7.1845E-06
 4.6794E+25  3.5368E-05  7.0391E+03  7.4643E-05  8.3500E-05  7.1845E-06
 4.6887E+25  3.5685E-05  7.0391E+03  7.4643E-05  8.2834E-05  7.1845E-06
 4.6979E+25  3.6010E-05  7.0390E+03  7.4643E-05  8.2180E-05  7.1845E-06
 4.7072E+25  3.6316E-05  7.0389E+03  7.4643E-05  8.1532E-05  7.1845E-06
 4.7165E+25  3.5962E-05  7.0388E+03  7.4643E-05  8.0893E-05  7.1845E-06
 4.7257E+25  3.6274E-05  7.0387E+03  7.4643E-05  8.0280E-05  7.1845E-06
 4.7350E+25  3.6596E-05  7.0387E+03  7.4643E-05  7.9673E-05  7.1845E-06
 4.7442E+25  3.6926E-05  7.0386E+03  7.4643E-05  7.9065E-05  7.1845E-06
 4.7535E+25  3.6841E-05  7.0385E+03  7.4643E-05  7.8456E-05  7.1845E-06
 4.7627E+25  3.6863E-05  7.0384E+03  7.4643E-05  7.7851E-05  7.1845E-06
 4.7720E+25  3.7188E-05  7.0384E+03  7.4643E-05  7.7248E-05  7.1845E-06
 4.7813E+25  3.7520E-05  7.0383E+03  7.4643E-05  7.6647E-05  7.1845E-06
 4.7905E+25  3.7777E-05  7.0382E+03  7.4643E-05  7.6051E-05  7.1845E-06
 4.7998E+25  3.7452E-05  7.0381E+03  7.4643E-05  7.5465E-05  7.1845E-06
 4.8090E+25  3.7787E-05  7.0381E+03  7.4643E-05  7.4883E-05  7.1845E-06
 4.8183E+25  3.8114E-05  7.0380E+03  7.4643E-05  7.4314E-05  7.1845E-06
 4.8275E+25  3.8452E-05  7.0379E+03  7.4643E-05  7.3766E-05  7.1845E-06
 4.8368E+25  3.8341E-05  7.0378E+03  7.4643E-05  7.3220E-05  7.1845E-06
 4.8461E+25  3.8383E-05  7.0378E+03  7.4643E-05  7.2674E-05  7.1845E-06
 4.8553E+25  3.8718E-05  7.0377E+03  7.4643E-05  7.2127E-05  7.1845E-06
 4.8646E+25  3.9052E-05  7.0376E+03  7.4643E-05  7.1583E-05  7.1845E-06
 4.8738E+25  3.9348E-05  7.0376E+03  7.4643E-05  7.1042E-05  7.1845E-06
 4.8831E+25  3.8979E-05  7.0375E+03  7.4643E-05  7.0502E-05  7.1845E-06
 4.8923E+25  3.9323E-05  7.0374E+03  7.4643E-05  6.9967E-05  7.1845E-06
 4.9016E+25  3.9660E-05  7.0374E+03  7.4643E-05  6.9440E-05  7.1845E-06
 4.9109E+25  4.0002E-05  7.0373E+03  7.4643E-05  6.8916E-05  7.1845E-06
 4.9201E+25  3.9971E-05  7.0372E+03  7.4643E-05  6.8403E-05  7.1845E-06
 4.9294E+25  3.9925E-05  7.0372E+03  7.4643E-05  6.7910E-05  7.1845E-06
 4.9386E+25  4.0273E-05  7.0371E+03  7.4643E-05  6.7420E-05  7.1845E-06
 4.9479E+25  4.0612E-05  7.0370E+03  7.4643E-05  6.6930E-05  7.1845E-06
 4.9571E+25  4.0959E-05  7.0370E+03  7.4643E-05  6.6438E-05  7.1845E-06
 4.9664E+25  4.0625E-05  7.0369E+03  7.4643E-05  6.5950E-05  7.1845E-06
 4.9757E+25  4.0883E-05  7.0368E+03  7.4643E-05  6.5463E-05  7.1845E-06
 4.9849E+25  4.1234E-05  7.0368E+03  7.4643E-05  6.4978E-05  7.1845E-06
 4.9942E+25  4.1576E-05  7.0367E+03  7.4643E-05  6.4495E-05  7.1845E-06
 5.0034E+25  4.1737E-05  7.0366E+03  7.4643E-05  6.4020E-05  7.1845E-06
 5.0127E+25  4.1497E-05  7.0366E+03  7.4643E-05  6.3548E-05  7.1845E-06
 5.0219E+25  4.1851E-05  7.0365E+03  7.4643E-05  6.3081E-05  7.1845E-06
 5.0312E+25  4.2205E-05  7.0365E+03  7.4643E-05  6.2634E-05  7.1845E-06
 5.0405E+25  4.2552E-05  7.0364E+03  7.4643E-05  6.2194E-05  7.1845E-06
 5.0497E+25  4.2456E-05  7.0363E+03  7.4643E-05  6.1753E-05  7.1845E-06
 5.0590E+25  4.2470E-05  7.0363E+03  7.4643E-05  6.1312E-05  7.1845E-06
 5.0682E+25  4.2830E-05  7.0362E+03  7.4643E-05  6.0872E-05  7.1845E-06
 5.0775E+25  4.3187E-05  7.0362E+03  7.4643E-05  6.0435E-05  7.1845E-06
 5.0867E+25  4.3538E-05  7.0361E+03  7.4643E-05  5.9999E-05  7.1845E-06
 5.0960E+25  4.3208E-05  7.0361E+03  7.4643E-05  5.9563E-05  7.1845E-06
 5.1053E+25  4.3454E-05  7.0360E+03  7.4643E-05  5.9132E-05  7.1845E-06
 5.1145E+25  4.3819E-05  7.0359E+03  7.4643E-05  5.8707E-05  7.1845E-06
 5.1238E+25  4.4180E-05  7.0359E+03  7.4643E-05  5.8282E-05  7.1845E-06
 5.1330E+25  4.4430E-05  7.0358E+03  7.4643E-05  5.7868E-05  7.1845E-06
 5.1423E+25  4.4098E-05  7.0358E+03  7.4643E-05  5.7471E-05  7.1845E-06
 5.1515E+25  4.4450E-05  7.0357E+03  7.4643E-05  5.7076E-05  7.1845E-06
 5.1608E+25  4.4820E-05  7.0357E+03  7.4643E-05  5.6681E-05  7.1845E-06
 5.1701E+25  4.5185E-05  7.0356E+03  7.4643E-05  5.6286E-05  7.1845E-06
 5.1793E+25  4.5253E-05  7.0355E+03  7.4643E-05  5.5891E-05  7.1845E-06
 5.1886E+25  4.5102E-05  7.0355E+03  7.4643E-05  5.5498E-05  7.1845E-06
 5.1978E+25  4.5458E-05  7.0355E+03  7.4643E-05  5.5106E-05  7.1845E-06
 5.2071E+25  4.5833E-05  7.0354E+03  7.4643E-05  5.4716E-05  7.1845E-06
 5.2163E+25  4.6202E-05  7.0353E+03  7.4643E-05  5.4329E-05  7.1845E-06
 5.2256E+25  4.6111E-05  7.0353E+03  7.4643E-05  5.3947E-05  7.1845E-06
 5.2349E+25  4.6118E-05  7.0352E+03  7.4643E-05  5.3566E-05  7.1845E-06
 5.2441E+25  4.6479E-05  7.0352E+03  7.4643E-05  5.3194E-05  7.1845E-06
 5.2534E+25  4.6858E-05  7.0351E+03  7.4643E-05  5.2837E-05  7.1845E-06
 5.2626E+25  4.7232E-05  7.0351E+03  7.4643E-05  5.2482E-05  7.1845E-06
 5.2719E+25  4.7004E-05  7.0350E+03  7.4643E-05  5.2129E-05  7.1845E-06
 5.2811E+25  4.7146E-05  7.0350E+03  7.4643E-05  5.1774E-05  7.1845E-06
 5.2904E+25  4.7511E-05  7.0349E+03  7.4643E-05  5.1420E-05  7.1845E-06
 5.2997E+25  4.7894E-05  7.0349E+03  7.4643E-05  5.1068E-05  7.1845E-06
 5.3089E+25  4.8273E-05  7.0348E+03  7.4643E-05  5.0716E-05  7.1845E-06
 5.3182E+25  4.7937E-05  7.0348E+03  7.4643E-05  5.0366E-05  7.1845E-06
 5.3274E+25  4.8188E-05  7.0347E+03  7.4643E-05  5.0017E-05  7.1845E-06
 5.3367E+25  4.8558E-05  7.0347E+03  7.4643E-05  4.9673E-05  7.1845E-06
 5.3459E+25  4.8943E-05  7.0346E+03  7.4643E-05  4.9331E-05  7.1845E-06
 5.3552E+25  4.9321E-05  7.0346E+03  7.4643E-05  4.8992E-05  7.1845E-06
 5.3645E+25  4.8913E-05  7.0345E+03  7.4643E-05  4.8669E-05  7.1845E-06
 5.3737E+25  4.9242E-05  7.0345E+03  7.4643E-05  4.8350E-05  7.1845E-06
 5.3830E+25  4.9618E-05  7.0345E+03  7.4643E-05  4.8033E-05  7.1845E-06
 5.3922E+25  5.0004E-05  7.0344E+03  7.4643E-05  4.7716E-05  7.1845E-06
 5.4015E+25  5.0373E-05  7.0343E+03  7.4643E-05  4.7397E-05  7.1845E-06
 5.4107E+25  4.9938E-05  7.0343E+03  7.4643E-05  4.7081E-05  7.1845E-06
 5.4200E+25  5.0309E-05  7.0343E+03  7.4643E-05  4.6765E-05  7.1845E-06
 5.4292E+25  5.0692E-05  7.0342E+03  7.4643E-05  4.6451E-05  7.1845E-06
 5.4385E+25  5.1077E-05  7.0342E+03  7.4643E-05  4.6137E-05  7.1845E-06
 5.4478E+25  5.1439E-05  7.0341E+03  7.4643E-05  4.5826E-05  7.1845E-06
 5.4570E+25  5.1006E-05  7.0341E+03  7.4643E-05  4.5518E-05  7.1845E-06
 5.4663E+25  5.1390E-05  7.0340E+03  7.4643E-05  4.5211E-05  7.1845E-06
 5.4755E+25  5.1780E-05  7.0340E+03  7.4643E-05  4.4910E-05  7.1845E-06
 5.4848E+25  5.2165E-05  7.0340E+03  7.4643E-05  4.4623E-05  7.1845E-06
 5.4940E+25  5.2533E-05  7.0339E+03  7.4643E-05  4.4337E-05  7.1845E-06
 5.5033E+25  5.2101E-05  7.0339E+03  7.4643E-05  4.4054E-05  7.1845E-06
 5.5126E+25  5.2483E-05  7.0338E+03  7.4643E-05  4.3769E-05  7.1845E-06
 5.5218E+25  5.2881E-05  7.0338E+03  7.4643E-05  4.3484E-05  7.1845E-06
 5.5311E+25  5.3270E-05  7.0337E+03  7.4643E-05  4.3200E-05  7.1845E-06
 5.5403E+25  5.3653E-05  7.0337E+03  7.4643E-05  4.2918E-05  7.1845E-06
 5.5496E+25  5.3228E-05  7.0336E+03  7.4643E-05  4.2635E-05  7.1845E-06
 5.5588E+25  5.3590E-05  7.0336E+03  7.4643E-05  4.2354E-05  7.1845E-06
 5.5681E+25  5.3996E-05  7.0336E+03  7.4643E-05  4.2075E-05  7.1845E-06
 5.5774E+25  5.4393E-05  7.0335E+03  7.4643E-05  4.1799E-05  7.1845E-06
 5.5866E+25  5.4785E-05  7.0335E+03  7.4643E-05  4.1523E-05  7.1845E-06
 5.5959E+25  5.4393E-05  7.0334E+03  7.4643E-05  4.1253E-05  7.1845E-06
 5.6051E+25  5.4718E-05  7.0334E+03  7.4643E-05  4.0996E-05  7.1845E-06
 5.6144E+25  5.5125E-05  7.0334E+03  7.4643E-05  4.0740E-05  7.1845E-06
 5.6236E+25  5.5530E-05  7.0333E+03  7.4643E-05  4.0486E-05  7.1845E-06
 5.6329E+25  5.5928E-05  7.0333E+03  7.4643E-05  4.0230E-05  7.1845E-06
 5.6422E+25  5.5609E-05  7.0332E+03  7.4643E-05  3.9975E-05  7.1845E-06
 5.6514E+25  5.5865E-05  7.0332E+03  7.4643E-05  3.9720E-05  7.1845E-06
 5.6607E+25  5.6266E-05  7.0332E+03  7.4643E-05  3.9467E-05  7.1845E-06
 5.6699E+25  5.6682E-05  7.0331E+03  7.4643E-05  3.9214E-05  7.1845E-06
 5.6792E+25  5.7087E-05  7.0331E+03  7.4643E-05  3.8962E-05  7.1845E-06
 5.6884E+25  5.6874E-05  7.0330E+03  7.4643E-05  3.8711E-05  7.1845E-06
 5.6977E+25  5.7025E-05  7.0330E+03  7.4643E-05  3.8462E-05  7.1845E-06
 5.7070E+25  5.7426E-05  7.0330E+03  7.4643E-05  3.8215E-05  7.1845E-06
 5.7162E+25  5.7847E-05  7.0329E+03  7.4643E-05  3.7969E-05  7.1845E-06
 5.7255E+25  5.8263E-05  7.0329E+03  7.4643E-05  3.7735E-05  7.1845E-06
 5.7347E+25  5.8187E-05  7.0329E+03  7.4643E-05  3.7505E-05  7.1845E-06
 5.7440E+25  5.8196E-05  7.0328E+03  7.4643E-05  3.7277E-05  7.1845E-06
 5.7532E+25  5.8611E-05  7.0328E+03  7.4643E-05  3.7049E-05  7.1845E-06
 5.7625E+25  5.9025E-05  7.0327E+03  7.4643E-05  3.6821E-05  7.1845E-06
 5.7718E+25  5.9452E-05  7.0327E+03  7.4643E-05  3.6592E-05  7.1845E-06
 5.7810E+25  5.9555E-05  7.0327E+03  7.4643E-05  3.6364E-05  7.1845E-06
 5.7903E+25  5.9383E-05  7.0326E+03  7.4643E-05  3.6138E-05  7.1845E-06
 5.7995E+25  5.9811E-05  7.0326E+03  7.4643E-05  3.5911E-05  7.1845E-06
 5.8088E+25  6.0223E-05  7.0326E+03  7.4643E-05  3.5685E-05  7.1845E-06
 5.8180E+25  6.0655E-05  7.0325E+03  7.4643E-05  3.5461E-05  7.1845E-06
 5.8273E+25  6.0973E-05  7.0325E+03  7.4643E-05  3.5239E-05  7.1845E-06
 5.8366E+25  6.0588E-05  7.0325E+03  7.4643E-05  3.5017E-05  7.1845E-06
 5.8458E+25  6.1020E-05  7.0324E+03  7.4643E-05  3.4798E-05  7.1845E-06
 5.8551E+25  6.1449E-05  7.0324E+03  7.4643E-05  3.4590E-05  7.1845E-06
 5.8643E+25  6.1871E-05  7.0323E+03  7.4643E-05  3.4384E-05  7.1845E-06
 5.8736E+25  6.2306E-05  7.0323E+03  7.4643E-05  3.4180E-05  7.1845E-06
 5.8828E+25  6.1952E-05  7.0323E+03  7.4643E-05  3.3976E-05  7.1845E-06
 5.8921E+25  6.2246E-05  7.0322E+03  7.4643E-05  3.3772E-05  7.1845E-06
 5.9014E+25  6.2687E-05  7.0322E+03  7.4643E-05  3.3567E-05  7.1845E-06
 5.9106E+25  6.3113E-05  7.0322E+03  7.4643E-05  3.3364E-05  7.1845E-06
 5.9199E+25  6.3553E-05  7.0321E+03  7.4643E-05  3.3161E-05  7.1845E-06
 5.9291E+25  6.3461E-05  7.0321E+03  7.4643E-05  3.2958E-05  7.1845E-06
 5.9384E+25  6.3499E-05  7.0321E+03  7.4643E-05  3.2755E-05  7.1845E-06
 5.9476E+25  6.3937E-05  7.0320E+03  7.4643E-05  3.2554E-05  7.1845E-06
 5.9569E+25  6.4383E-05  7.0320E+03  7.4643E-05  3.2355E-05  7.1845E-06
 5.9662E+25  6.4810E-05  7.0320E+03  7.4643E-05  3.2156E-05  7.1845E-06
 5.9754E+25  6.5023E-05  7.0319E+03  7.4643E-05  3.1959E-05  7.1845E-06
 5.9847E+25  6.4778E-05  7.0319E+03  7.4643E-05  3.1771E-05  7.1845E-06
 5.9939E+25  6.5209E-05  7.0319E+03  7.4643E-05  3.1587E-05  7.1845E-06
 6.0032E+25  6.5658E-05  7.0318E+03  7.4643E-05  3.1404E-05  7.1845E-06
 6.0124E+25  6.6105E-05  7.0318E+03  7.4643E-05  3.1221E-05  7.1845E-06
 6.0217E+25  6.6536E-05  7.0318E+03  7.4643E-05  3.1038E-05  7.1845E-06
 6.0310E+25  6.6163E-05  7.0317E+03  7.4643E-05  3.0856E-05  7.1845E-06
 6.0402E+25  6.6514E-05  7.0317E+03  7.4643E-05  3.0673E-05  7.1845E-06
 6.0495E+25  6.6952E-05  7.0317E+03  7.4643E-05  3.0491E-05  7.1845E-06
 6.0587E+25  6.7411E-05  7.0316E+03  7.4643E-05  3.0310E-05  7.1845E-06
 6.0680E+25  6.7857E-05  7.0316E+03  7.4643E-05  3.0128E-05  7.1845E-06
 6.0772E+25  6.7815E-05  7.0316E+03  7.4643E-05  2.9948E-05  7.1845E-06
 6.0865E+25  6.7834E-05  7.0315E+03  7.4643E-05  2.9769E-05  7.1845E-06
 6.0958E+25  6.8281E-05  7.0315E+03  7.4643E-05  2.9590E-05  7.1845E-06
 6.1050E+25  6.8731E-05  7.0315E+03  7.4643E-05  2.9411E-05  7.1845E-06
 6.1143E+25  6.9195E-05  7.0314E+03  7.4643E-05  2.9238E-05  7.1845E-06
 6.1235E+25  6.9524E-05  7.0314E+03  7.4643E-05  2.9072E-05  7.1845E-06
 6.1328E+25  6.9174E-05  7.0314E+03  7.4643E-05  2.8907E-05  7.1845E-06
 6.1420E+25  6.9629E-05  7.0313E+03  7.4643E-05  2.8745E-05  7.1845E-06
 6.1513E+25  7.0083E-05  7.0313E+03  7.4643E-05  2.8581E-05  7.1845E-06
 6.1606E+25  7.0542E-05  7.0313E+03  7.4643E-05  2.8417E-05  7.1845E-06
 6.1698E+25  7.1012E-05  7.0312E+03  7.4643E-05  2.8254E-05  7.1845E-06
 6.1791E+25  7.0818E-05  7.0312E+03  7.4643E-05  2.8091E-05  7.1845E-06
 6.1883E+25  7.0999E-05  7.0312E+03  7.4643E-05  2.7928E-05  7.1845E-06
 6.1976E+25  7.1460E-05  7.0312E+03  7.4643E-05  2.7766E-05  7.1845E-06
 6.2068E+25  7.1919E-05  7.0311E+03  7.4643E-05  2.7604E-05  7.1845E-06
 6.2161E+25  7.2387E-05  7.0311E+03  7.4643E-05  2.7442E-05  7.1845E-06
 6.2254E+25  7.2653E-05  7.0311E+03  7.4643E-05  2.7282E-05  7.1845E-06
 6.2346E+25  7.2383E-05  7.0310E+03  7.4643E-05  2.7122E-05  7.1845E-06
 6.2439E+25  7.2859E-05  7.0310E+03  7.4643E-05  2.6962E-05  7.1845E-06
 6.2531E+25  7.3327E-05  7.0310E+03  7.4643E-05  2.6807E-05  7.1845E-06
 6.2624E+25  7.3792E-05  7.0309E+03  7.4643E-05  2.6659E-05  7.1845E-06
 6.2716E+25  7.4266E-05  7.0309E+03  7.4643E-05  2.6511E-05  7.1845E-06
 6.2809E+25  7.4064E-05  7.0309E+03  7.4643E-05  2.6365E-05  7.1845E-06
 6.2902E+25  7.4272E-05  7.0309E+03  7.4643E-05  2.6219E-05  7.1845E-06
 6.2994E+25  7.4755E-05  7.0308E+03  7.4643E-05  2.6073E-05  7.1845E-06
 6.3087E+25  7.5229E-05  7.0308E+03  7.4643E-05  2.5927E-05  7.1845E-06
 6.3179E+25  7.5701E-05  7.0308E+03  7.4643E-05  2.5781E-05  7.1845E-06
 6.3272E+25  7.5986E-05  7.0307E+03  7.4643E-05  2.5635E-05  7.1845E-06
 6.3364E+25  7.5732E-05  7.0307E+03  7.4643E-05  2.5490E-05  7.1845E-06
 6.3457E+25  7.6199E-05  7.0307E+03  7.4643E-05  2.5345E-05  7.1845E-06
 6.3550E+25  7.6688E-05  7.0306E+03  7.4643E-05  2.5200E-05  7.1845E-06
 6.3642E+25  7.7169E-05  7.0306E+03  7.4643E-05  2.5056E-05  7.1845E-06
 6.3735E+25  7.7648E-05  7.0306E+03  7.4643E-05  2.4913E-05  7.1845E-06
 6.3827E+25  7.7520E-05  7.0306E+03  7.4643E-05  2.4770E-05  7.1845E-06
 6.3920E+25  7.7690E-05  7.0305E+03  7.4643E-05  2.4628E-05  7.1845E-06
 6.4012E+25  7.8164E-05  7.0305E+03  7.4643E-05  2.4494E-05  7.1845E-06
 6.4105E+25  7.8660E-05  7.0305E+03  7.4643E-05  2.4362E-05  7.1845E-06
 6.4198E+25  7.9147E-05  7.0304E+03  7.4643E-05  2.4231E-05  7.1845E-06
 6.4290E+25  7.9556E-05  7.0304E+03  7.4643E-05  2.4101E-05  7.1845E-06
 6.4383E+25  7.9194E-05  7.0304E+03  7.4643E-05  2.3970E-05  7.1845E-06
 6.4475E+25  7.9687E-05  7.0304E+03  7.4643E-05  2.3839E-05  7.1845E-06
 6.4568E+25  8.0168E-05  7.0303E+03  7.4643E-05  2.3708E-05  7.1845E-06
 6.4660E+25  8.0672E-05  7.0303E+03  7.4643E-05  2.3578E-05  7.1845E-06
 6.4753E+25  8.1164E-05  7.0303E+03  7.4643E-05  2.3448E-05  7.1845E-06
 6.4846E+25  8.1217E-05  7.0303E+03  7.4643E-05  2.3318E-05  7.1845E-06
 6.4938E+25  8.1225E-05  7.0302E+03  7.4643E-05  2.3188E-05  7.1845E-06
 6.5031E+25  8.1726E-05  7.0302E+03  7.4643E-05  2.3059E-05  7.1845E-06
 6.5123E+25  8.2212E-05  7.0301E+03  7.4643E-05  2.2931E-05  7.1845E-06
 6.5216E+25  8.2723E-05  7.0301E+03  7.4643E-05  2.2802E-05  7.1845E-06
 6.5308E+25  8.3215E-05  7.0301E+03  7.4643E-05  2.2674E-05  7.1845E-06
 6.5401E+25  8.2951E-05  7.0301E+03  7.4643E-05  2.2549E-05  7.1845E-06
 6.5494E+25  8.3297E-05  7.0300E+03  7.4643E-05  2.2429E-05  7.1845E-06
 6.5586E+25  8.3806E-05  7.0300E+03  7.4643E-05  2.2311E-05  7.1845E-06
 6.5679E+25  8.4299E-05  7.0300E+03  7.4643E-05  2.2194E-05  7.1845E-06
 6.5771E+25  8.4816E-05  7.0299E+03  7.4643E-05  2.2078E-05  7.1845E-06
 6.5864E+25  8.5147E-05  7.0299E+03  7.4643E-05  2.1961E-05  7.1845E-06
 6.5956E+25  8.4916E-05  7.0299E+03  7.4643E-05  2.1844E-05  7.1845E-06
 6.6049E+25  8.5415E-05  7.0299E+03  7.4643E-05  2.1728E-05  7.1845E-06
 6.6142E+25  8.5927E-05  7.0298E+03  7.4643E-05  2.1611E-05  7.1845E-06
 6.6234E+25  8.6429E-05  7.0298E+03  7.4643E-05  2.1495E-05  7.1845E-06
 6.6327E+25  8.6950E-05  7.0298E+03  7.4643E-05  2.1379E-05  7.1845E-06
 6.6419E+25  8.7004E-05  7.0298E+03  7.4643E-05  2.1263E-05  7.1845E-06
 6.6512E+25  8.7072E-05  7.0297E+03  7.4643E-05  2.1147E-05  7.1845E-06
 6.6604E+25  8.7577E-05  7.0297E+03  7.4643E-05  2.1032E-05  7.1845E-06
 6.6697E+25  8.8093E-05  7.0297E+03  7.4643E-05  2.0917E-05  7.1845E-06
 6.6789E+25  8.8605E-05  7.0296E+03  7.4643E-05  2.0802E-05  7.1845E-06
 6.6882E+25  8.9124E-05  7.0296E+03  7.4643E-05  2.0689E-05  7.1845E-06
 6.6975E+25  8.8937E-05  7.0296E+03  7.4643E-05  2.0581E-05  7.1845E-06
 6.7067E+25  8.9271E-05  7.0296E+03  7.4643E-05  2.0475E-05  7.1845E-06
 6.7160E+25  8.9785E-05  7.0295E+03  7.4643E-05  2.0370E-05  7.1845E-06
 6.7252E+25  9.0305E-05  7.0295E+03  7.4643E-05  2.0266E-05  7.1845E-06
 6.7345E+25  9.0828E-05  7.0295E+03  7.4643E-05  2.0162E-05  7.1845E-06
 6.7437E+25  9.1288E-05  7.0294E+03  7.4643E-05  2.0058E-05  7.1845E-06
 6.7530E+25  9.0998E-05  7.0294E+03  7.4643E-05  1.9953E-05  7.1845E-06
 6.7623E+25  9.1514E-05  7.0294E+03  7.4643E-05  1.9849E-05  7.1845E-06
 6.7715E+25  9.2044E-05  7.0294E+03  7.4643E-05  1.9745E-05  7.1845E-06
 6.7808E+25  9.2564E-05  7.0293E+03  7.4643E-05  1.9642E-05  7.1845E-06
 6.7900E+25  9.3097E-05  7.0293E+03  7.4643E-05  1.9538E-05  7.1845E-06
 6.7993E+25  9.3352E-05  7.0293E+03  7.4643E-05  1.9434E-05  7.1845E-06
 6.8085E+25  9.3279E-05  7.0293E+03  7.4643E-05  1.9331E-05  7.1845E-06
 6.8178E+25  9.3808E-05  7.0292E+03  7.4643E-05  1.9228E-05  7.1845E-06
 6.8271E+25  9.4348E-05  7.0292E+03  7.4643E-05  1.9125E-05  7.1845E-06
 6.8363E+25  9.4875E-05  7.0292E+03  7.4643E-05  1.9023E-05  7.1845E-06
 6.8456E+25  9.5411E-05  7.0291E+03  7.4643E-05  1.8923E-05  7.1845E-06
 6.8548E+25  9.5489E-05  7.0291E+03  7.4643E-05  1.8827E-05  7.1845E-06
 6.8641E+25  9.5614E-05  7.0291E+03  7.4643E-05  1.8732E-05  7.1845E-06
 6.8733E+25  9.6154E-05  7.0291E+03  7.4643E-05  1.8639E-05  7.1845E-06
 6.8826E+25  9.6698E-05  7.0290E+03  7.4643E-05  1.8546E-05  7.1845E-06
 6.8919E+25  9.7237E-05  7.0290E+03  7.4643E-05  1.8453E-05  7.1845E-06
 6.9011E+25  9.7772E-05  7.0290E+03  7.4643E-05  1.8360E-05  7.1845E-06
 6.9104E+25  9.7706E-05  7.0290E+03  7.4643E-05  1.8267E-05  7.1845E-06
 6.9196E+25  9.7998E-05  7.0289E+03  7.4643E-05  1.8174E-05  7.1845E-06
 6.9289E+25  9.8552E-05  7.0289E+03  7.4643E-05  1.8081E-05  7.1845E-06
 6.9381E+25  9.9097E-05  7.0289E+03  7.4643E-05  1.7989E-05  7.1845E-06
 6.9474E+25  9.9651E-05  7.0288E+03  7.4643E-05  1.7896E-05  7.1845E-06
 6.9567E+25  1.0018E-04  7.0288E+03  7.4643E-05  1.7803E-05  7.1845E-06
 6.9659E+25  1.0001E-04  7.0288E+03  7.4643E-05  1.7711E-05  7.1845E-06
 6.9752E+25  1.0044E-04  7.0288E+03  7.4643E-05  1.7619E-05  7.1845E-06
 6.9844E+25  1.0100E-04  7.0287E+03  7.4643E-05  1.7527E-05  7.1845E-06
 6.9937E+25  1.0155E-04  7.0287E+03  7.4643E-05  1.7435E-05  7.1845E-06
 7.0029E+25  1.0211E-04  7.0287E+03  7.4643E-05  1.7345E-05  7.1845E-06
 7.0122E+25  1.0262E-04  7.0286E+03  7.4643E-05  1.7259E-05  7.1845E-06
 7.0215E+25  1.0241E-04  7.0286E+03  7.4643E-05  1.7174E-05  7.1845E-06
 7.0307E+25  1.0294E-04  7.0286E+03  7.4643E-05  1.7090E-05  7.1845E-06
 7.0400E+25  1.0349E-04  7.0286E+03  7.4643E-05  1.7008E-05  7.1845E-06
 7.0492E+25  1.0406E-04  7.0285E+03  7.4643E-05  1.6925E-05  7.1845E-06
 7.0585E+25  1.0462E-04  7.0285E+03  7.4643E-05  1.6842E-05  7.1845E-06
 7.0677E+25  1.0507E-04  7.0285E+03  7.4643E-05  1.6758E-05  7.1845E-06
 7.0770E+25  1.0493E-04  7.0285E+03  7.4643E-05  1.6675E-05  7.1845E-06
 7.0863E+25  1.0549E-04  7.0284E+03  7.4643E-05  1.6592E-05  7.1845E-06
 7.0955E+25  1.0605E-04  7.0284E+03  7.4643E-05  1.6510E-05  7.1845E-06
 7.1048E+25  1.0662E-04  7.0283E+03  7.4643E-05  1.6427E-05  7.1845E-06
 7.1140E+25  1.0720E-04  7.0283E+03  7.4643E-05  1.6344E-05  7.1845E-06
 7.1233E+25  1.0757E-04  7.0283E+03  7.4643E-05  1.6261E-05  7.1845E-06
 7.1325E+25  1.0754E-04  7.0283E+03  7.4643E-05  1.6179E-05  7.1845E-06
 7.1418E+25  1.0810E-04  7.0283E+03  7.4643E-05  1.6097E-05  7.1845E-06
 7.1511E+25  1.0867E-04  7.0282E+03  7.4643E-05  1.6015E-05  7.1845E-06
 7.1603E+25  1.0924E-04  7.0282E+03  7.4643E-05  1.5933E-05  7.1845E-06
 7.1696E+25  1.0982E-04  7.0281E+03  7.4643E-05  1.5854E-05  7.1845E-06
 7.1788E+25  1.1015E-04  7.0281E+03  7.4643E-05  1.5778E-05  7.1845E-06
 7.1881E+25  1.1021E-04  7.0281E+03  7.4643E-05  1.5701E-05  7.1845E-06
 7.1973E+25  1.1077E-04  7.0281E+03  7.4643E-05  1.5627E-05  7.1845E-06
 7.2066E+25  1.1134E-04  7.0280E+03  7.4643E-05  1.5554E-05  7.1845E-06
 7.2159E+25  1.1192E-04  7.0280E+03  7.4643E-05  1.5479E-05  7.1845E-06
 7.2251E+25  1.1250E-04  7.0280E+03  7.4643E-05  1.5405E-05  7.1845E-06
 7.2344E+25  1.1280E-04  7.0280E+03  7.4643E-05  1.5331E-05  7.1845E-06
 7.2436E+25  1.1293E-04  7.0279E+03  7.4643E-05  1.5257E-05  7.1845E-06
 7.2529E+25  1.1351E-04  7.0279E+03  7.4643E-05  1.5183E-05  7.1845E-06
 7.2621E+25  1.1408E-04  7.0279E+03  7.4643E-05  1.5109E-05  7.1845E-06
 7.2714E+25  1.1466E-04  7.0278E+03  7.4643E-05  1.5035E-05  7.1845E-06
 7.2807E+25  1.1525E-04  7.0278E+03  7.4643E-05  1.4961E-05  7.1845E-06
 7.2899E+25  1.1553E-04  7.0278E+03  7.4643E-05  1.4888E-05  7.1845E-06
 7.2992E+25  1.1571E-04  7.0278E+03  7.4643E-05  1.4814E-05  7.1845E-06
 7.3084E+25  1.1630E-04  7.0277E+03  7.4643E-05  1.4741E-05  7.1845E-06
 7.3177E+25  1.1689E-04  7.0277E+03  7.4643E-05  1.4667E-05  7.1845E-06
 7.3269E+25  1.1747E-04  7.0277E+03  7.4643E-05  1.4594E-05  7.1845E-06
 7.3362E+25  1.1805E-04  7.0276E+03  7.4643E-05  1.4522E-05  7.1845E-06
 7.3455E+25  1.1835E-04  7.0276E+03  7.4643E-05  1.4454E-05  7.1845E-06
 7.3547E+25  1.1855E-04  7.0276E+03  7.4643E-05  1.4386E-05  7.1845E-06
 7.3640E+25  1.1915E-04  7.0276E+03  7.4643E-05  1.4319E-05  7.1845E-06
 7.3732E+25  1.1975E-04  7.0275E+03  7.4643E-05  1.4254E-05  7.1845E-06
 7.3825E+25  1.2034E-04  7.0275E+03  7.4643E-05  1.4188E-05  7.1845E-06
 7.3917E+25  1.2093E-04  7.0275E+03  7.4643E-05  1.4121E-05  7.1845E-06
 7.4010E+25  1.2124E-04  7.0274E+03  7.4643E-05  1.4055E-05  7.1845E-06
 7.4103E+25  1.2146E-04  7.0274E+03  7.4643E-05  1.3989E-05  7.1845E-06
 7.4195E+25  1.2206E-04  7.0274E+03  7.4643E-05  1.3923E-05  7.1845E-06
 7.4288E+25  1.2268E-04  7.0273E+03  7.4643E-05  1.3857E-05  7.1845E-06
 7.4380E+25  1.2328E-04  7.0273E+03  7.4643E-05  1.3792E-05  7.1845E-06
 7.4473E+25  1.2387E-04  7.0273E+03  7.4643E-05  1.3726E-05  7.1845E-06
 7.4565E+25  1.2421E-04  7.0273E+03  7.4643E-05  1.3659E-05  7.1845E-06
 7.4658E+25  1.2443E-04  7.0272E+03  7.4643E-05  1.3594E-05  7.1845E-06
 7.4751E+25  1.2504E-04  7.0272E+03  7.4643E-05  1.3528E-05  7.1845E-06
 7.4843E+25  1.2566E-04  7.0271E+03  7.4643E-05  1.3462E-05  7.1845E-06
 7.4936E+25  1.2628E-04  7.0271E+03  7.4643E-05  1.3397E-05  7.1845E-06
 7.5028E+25  1.2688E-04  7.0271E+03  7.4643E-05  1.3332E-05  7.1845E-06
 7.5121E+25  1.2727E-04  7.0271E+03  7.4643E-05  1.3269E-05  7.1845E-06
 7.5213E+25  1.2748E-04  7.0271E+03  7.4643E-05  1.3208E-05  7.1845E-06
 7.5306E+25  1.2809E-04  7.0270E+03  7.4643E-05  1.3147E-05  7.1845E-06
 7.5399E+25  1.2871E-04  7.0270E+03  7.4643E-05  1.3088E-05  7.1845E-06
 7.5491E+25  1.2934E-04  7.0269E+03  7.4643E-05  1.3030E-05  7.1845E-06
 7.5584E+25  1.2996E-04  7.0269E+03  7.4643E-05  1.2971E-05  7.1845E-06
 7.5676E+25  1.3040E-04  7.0269E+03  7.4643E-05  1.2912E-05  7.1845E-06
 7.5769E+25  1.3060E-04  7.0269E+03  7.4643E-05  1.2853E-05  7.1845E-06
 7.5861E+25  1.3121E-04  7.0268E+03  7.4643E-05  1.2794E-05  7.1845E-06
 7.5954E+25  1.3183E-04  7.0268E+03  7.4643E-05  1.2735E-05  7.1845E-06
 7.6047E+25  1.3246E-04  7.0267E+03  7.4643E-05  1.2676E-05  7.1845E-06
 7.6139E+25  1.3310E-04  7.0267E+03  7.4643E-05  1.2618E-05  7.1845E-06
 7.6232E+25  1.3361E-04  7.0267E+03  7.4643E-05  1.2559E-05  7.1845E-06
 7.6324E+25  1.3379E-04  7.0267E+03  7.4643E-05  1.2500E-05  7.1845E-06
 7.6417E+25  1.3441E-04  7.0266E+03  7.4643E-05  1.2441E-05  7.1845E-06
 7.6509E+25  1.3503E-04  7.0266E+03  7.4643E-05  1.2383E-05  7.1845E-06
 7.6602E+25  1.3566E-04  7.0265E+03  7.4643E-05  1.2324E-05  7.1845E-06
 7.6695E+25  1.3629E-04  7.0265E+03  7.4643E-05  1.2265E-05  7.1845E-06
 7.6787E+25  1.3689E-04  7.0265E+03  7.4643E-05  1.2207E-05  7.1845E-06
 7.6880E+25  1.3707E-04  7.0265E+03  7.4643E-05  1.2150E-05  7.1845E-06
 7.6972E+25  1.3768E-04  7.0264E+03  7.4643E-05  1.2096E-05  7.1845E-06
 7.7065E+25  1.3830E-04  7.0264E+03  7.4643E-05  1.2041E-05  7.1845E-06
 7.7157E+25  1.3893E-04  7.0264E+03  7.4643E-05  1.1988E-05  7.1845E-06
 7.7250E+25  1.3956E-04  7.0263E+03  7.4643E-05  1.1936E-05  7.1845E-06
 7.7343E+25  1.4019E-04  7.0263E+03  7.4643E-05  1.1884E-05  7.1845E-06
 7.7435E+25  1.4043E-04  7.0263E+03  7.4643E-05  1.1831E-05  7.1845E-06
 7.7528E+25  1.4103E-04  7.0262E+03  7.4643E-05  1.1779E-05  7.1845E-06
 7.7620E+25  1.4165E-04  7.0262E+03  7.4643E-05  1.1726E-05  7.1845E-06
 7.7713E+25  1.4228E-04  7.0262E+03  7.4643E-05  1.1674E-05  7.1845E-06
 7.7805E+25  1.4292E-04  7.0261E+03  7.4643E-05  1.1621E-05  7.1845E-06
 7.7898E+25  1.4355E-04  7.0261E+03  7.4643E-05  1.1569E-05  7.1845E-06
 7.7991E+25  1.4388E-04  7.0261E+03  7.4643E-05  1.1516E-05  7.1845E-06
 7.8083E+25  1.4444E-04  7.0260E+03  7.4643E-05  1.1464E-05  7.1845E-06
 7.8176E+25  1.4508E-04  7.0260E+03  7.4643E-05  1.1411E-05  7.1845E-06
 7.8268E+25  1.4571E-04  7.0260E+03  7.4643E-05  1.1359E-05  7.1845E-06
 7.8361E+25  1.4635E-04  7.0259E+03  7.4643E-05  1.1307E-05  7.1845E-06
 7.8453E+25  1.4699E-04  7.0259E+03  7.4643E-05  1.1254E-05  7.1845E-06
 7.8546E+25  1.4739E-04  7.0259E+03  7.4643E-05  1.1202E-05  7.1845E-06
 7.8638E+25  1.4792E-04  7.0258E+03  7.4643E-05  1.1150E-05  7.1845E-06
 7.8731E+25  1.4858E-04  7.0258E+03  7.4643E-05  1.1100E-05  7.1845E-06
 7.8824E+25  1.4923E-04  7.0257E+03  7.4643E-05  1.1052E-05  7.1845E-06
 7.8916E+25  1.4986E-04  7.0257E+03  7.4643E-05  1.1003E-05  7.1845E-06
 7.9009E+25  1.5050E-04  7.0257E+03  7.4643E-05  1.0956E-05  7.1845E-06
 7.9101E+25  1.5100E-04  7.0257E+03  7.4643E-05  1.0910E-05  7.1845E-06
 7.9194E+25  1.5147E-04  7.0256E+03  7.4643E-05  1.0863E-05  7.1845E-06
 7.9286E+25  1.5214E-04  7.0256E+03  7.4643E-05  1.0816E-05  7.1845E-06
 7.9379E+25  1.5280E-04  7.0255E+03  7.4643E-05  1.0769E-05  7.1845E-06
 7.9472E+25  1.5345E-04  7.0255E+03  7.4643E-05  1.0722E-05  7.1845E-06
 7.9564E+25  1.5409E-04  7.0255E+03  7.4643E-05  1.0676E-05  7.1845E-06
 7.9657E+25  1.5466E-04  7.0254E+03  7.4643E-05  1.0629E-05  7.1845E-06
 7.9749E+25  1.5512E-04  7.0254E+03  7.4643E-05  1.0582E-05  7.1845E-06
 7.9842E+25  1.5577E-04  7.0254E+03  7.4643E-05  1.0536E-05  7.1845E-06
 7.9934E+25  1.5644E-04  7.0253E+03  7.4643E-05  1.0489E-05  7.1845E-06
 8.0027E+25  1.5711E-04  7.0253E+03  7.4643E-05  1.0442E-05  7.1845E-06
 8.0120E+25  1.5777E-04  7.0252E+03  7.4643E-05  1.0395E-05  7.1845E-06
 8.0212E+25  1.5839E-04  7.0252E+03  7.4643E-05  1.0349E-05  7.1845E-06
 8.0305E+25  1.5884E-04  7.0252E+03  7.4643E-05  1.0302E-05  7.1845E-06
 8.0397E+25  1.5950E-04  7.0251E+03  7.4643E-05  1.0255E-05  7.1845E-06
 8.0490E+25  1.6015E-04  7.0251E+03  7.4643E-05  1.0209E-05  7.1845E-06
 8.0582E+25  1.6083E-04  7.0250E+03  7.4643E-05  1.0164E-05  7.1845E-06
 8.0675E+25  1.6151E-04  7.0250E+03  7.4643E-05  1.0120E-05  7.1845E-06
 8.0768E+25  1.6216E-04  7.0250E+03  7.4643E-05  1.0077E-05  7.1845E-06
 8.0860E+25  1.6268E-04  7.0250E+03  7.4643E-05  1.0034E-05  7.1845E-06
 8.0953E+25  1.6330E-04  7.0249E+03  7.4643E-05  9.9924E-06  7.1845E-06
 8.1045E+25  1.6396E-04  7.0249E+03  7.4643E-05  9.9512E-06  7.1845E-06
 8.1138E+25  1.6462E-04  7.0248E+03  7.4643E-05  9.9094E-06  7.1845E-06
 8.1230E+25  1.6531E-04  7.0248E+03  7.4643E-05  9.8676E-06  7.1845E-06
 8.1323E+25  1.6599E-04  7.0247E+03  7.4643E-05  9.8259E-06  7.1845E-06
 8.1416E+25  1.6659E-04  7.0247E+03  7.4643E-05  9.7842E-06  7.1845E-06
 8.1508E+25  1.6719E-04  7.0247E+03  7.4643E-05  9.7426E-06  7.1845E-06
 8.1601E+25  1.6785E-04  7.0246E+03  7.4643E-05  9.7010E-06  7.1845E-06
 8.1693E+25  1.6852E-04  7.0246E+03  7.4643E-05  9.6594E-06  7.1845E-06
 8.1786E+25  1.6918E-04  7.0245E+03  7.4643E-05  9.6178E-06  7.1845E-06
 8.1878E+25  1.6987E-04  7.0245E+03  7.4643E-05  9.5760E-06  7.1845E-06
 8.1971E+25  1.7054E-04  7.0245E+03  7.4643E-05  9.5343E-06  7.1845E-06
 8.2064E+25  1.7116E-04  7.0244E+03  7.4643E-05  9.4926E-06  7.1845E-06
 8.2156E+25  1.7183E-04  7.0244E+03  7.4643E-05  9.4510E-06  7.1845E-06
 8.2249E+25  1.7250E-04  7.0244E+03  7.4643E-05  9.4094E-06  7.1845E-06
 8.2341E+25  1.7316E-04  7.0243E+03  7.4643E-05  9.3677E-06  7.1845E-06
 8.2434E+25  1.7383E-04  7.0243E+03  7.4643E-05  9.3262E-06  7.1845E-06
 8.2526E+25  1.7452E-04  7.0242E+03  7.4643E-05  9.2864E-06  7.1845E-06
 8.2619E+25  1.7521E-04  7.0242E+03  7.4643E-05  9.2475E-06  7.1845E-06
 8.2712E+25  1.7588E-04  7.0241E+03  7.4643E-05  9.2085E-06  7.1845E-06
 8.2804E+25  1.7655E-04  7.0241E+03  7.4643E-05  9.1703E-06  7.1845E-06
 8.2897E+25  1.7722E-04  7.0241E+03  7.4643E-05  9.1338E-06  7.1845E-06
 8.2989E+25  1.7788E-04  7.0240E+03  7.4643E-05  9.0971E-06  7.1845E-06
 8.3082E+25  1.7855E-04  7.0240E+03  7.4643E-05  9.0598E-06  7.1845E-06
 8.3174E+25  1.7928E-04  7.0239E+03  7.4643E-05  9.0226E-06  7.1845E-06
 8.3267E+25  1.8000E-04  7.0239E+03  7.4643E-05  8.9854E-06  7.1845E-06
 8.3360E+25  1.8069E-04  7.0239E+03  7.4643E-05  8.9484E-06  7.1845E-06
 8.3452E+25  1.8135E-04  7.0238E+03  7.4643E-05  8.9112E-06  7.1845E-06
 8.3545E+25  1.8203E-04  7.0238E+03  7.4643E-05  8.8742E-06  7.1845E-06
 8.3637E+25  1.8270E-04  7.0237E+03  7.4643E-05  8.8371E-06  7.1845E-06
 8.3730E+25  1.8340E-04  7.0237E+03  7.4643E-05  8.8001E-06  7.1845E-06
 8.3822E+25  1.8418E-04  7.0237E+03  7.4643E-05  8.7628E-06  7.1845E-06
 8.3915E+25  1.8488E-04  7.0236E+03  7.4643E-05  8.7256E-06  7.1845E-06
 8.4008E+25  1.8557E-04  7.0235E+03  7.4643E-05  8.6884E-06  7.1845E-06
 8.4100E+25  1.8624E-04  7.0235E+03  7.4643E-05  8.6513E-06  7.1845E-06
 8.4193E+25  1.8692E-04  7.0235E+03  7.4643E-05  8.6142E-06  7.1845E-06
 8.4285E+25  1.8761E-04  7.0234E+03  7.4643E-05  8.5771E-06  7.1845E-06
 8.4378E+25  1.8842E-04  7.0234E+03  7.4643E-05  8.5400E-06  7.1845E-06
 8.4470E+25  1.8913E-04  7.0233E+03  7.4643E-05  8.5036E-06  7.1845E-06
 8.4563E+25  1.8984E-04  7.0233E+03  7.4643E-05  8.4688E-06  7.1845E-06
 8.4656E+25  1.9054E-04  7.0232E+03  7.4643E-05  8.4339E-06  7.1845E-06
 8.4748E+25  1.9121E-04  7.0232E+03  7.4643E-05  8.3993E-06  7.1845E-06
 8.4841E+25  1.9189E-04  7.0231E+03  7.4643E-05  8.3663E-06  7.1845E-06
 8.4933E+25  1.9271E-04  7.0231E+03  7.4643E-05  8.3337E-06  7.1845E-06
 8.5026E+25  1.9349E-04  7.0231E+03  7.4643E-05  8.3006E-06  7.1845E-06
 8.5118E+25  1.9416E-04  7.0230E+03  7.4643E-05  8.2675E-06  7.1845E-06
 8.5211E+25  1.9487E-04  7.0230E+03  7.4643E-05  8.2345E-06  7.1845E-06
 8.5304E+25  1.9557E-04  7.0229E+03  7.4643E-05  8.2015E-06  7.1845E-06
 8.5396E+25  1.9626E-04  7.0229E+03  7.4643E-05  8.1684E-06  7.1845E-06
 8.5489E+25  1.9699E-04  7.0228E+03  7.4643E-05  8.1354E-06  7.1845E-06
 8.5581E+25  1.9793E-04  7.0228E+03  7.4643E-05  8.1024E-06  7.1845E-06
 8.5674E+25  1.9861E-04  7.0228E+03  7.4643E-05  8.0694E-06  7.1845E-06
 8.5766E+25  1.9927E-04  7.0227E+03  7.4643E-05  8.0363E-06  7.1845E-06
 8.5859E+25  1.9998E-04  7.0226E+03  7.4643E-05  8.0032E-06  7.1845E-06
 8.5952E+25  2.0069E-04  7.0226E+03  7.4643E-05  7.9700E-06  7.1845E-06
 8.6044E+25  2.0140E-04  7.0225E+03  7.4643E-05  7.9369E-06  7.1845E-06
 8.6137E+25  2.0232E-04  7.0225E+03  7.4643E-05  7.9038E-06  7.1845E-06
 8.6229E+25  2.0313E-04  7.0225E+03  7.4643E-05  7.8707E-06  7.1845E-06
 8.6322E+25  2.0380E-04  7.0224E+03  7.4643E-05  7.8376E-06  7.1845E-06
 8.6414E+25  2.0447E-04  7.0224E+03  7.4643E-05  7.8045E-06  7.1845E-06
 8.6507E+25  2.0515E-04  7.0223E+03  7.4643E-05  7.7720E-06  7.1845E-06
 8.6600E+25  2.0587E-04  7.0223E+03  7.4643E-05  7.7409E-06  7.1845E-06
 8.6692E+25  2.0670E-04  7.0222E+03  7.4643E-05  7.7098E-06  7.1845E-06
 8.6785E+25  2.0769E-04  7.0222E+03  7.4643E-05  7.6788E-06  7.1845E-06
 8.6877E+25  2.0838E-04  7.0221E+03  7.4643E-05  7.6492E-06  7.1845E-06
 8.6970E+25  2.0906E-04  7.0221E+03  7.4643E-05  7.6202E-06  7.1845E-06
 8.7062E+25  2.0974E-04  7.0220E+03  7.4643E-05  7.5909E-06  7.1845E-06
 8.7155E+25  2.1041E-04  7.0220E+03  7.4643E-05  7.5615E-06  7.1845E-06
 8.7248E+25  2.1115E-04  7.0219E+03  7.4643E-05  7.5321E-06  7.1845E-06
 8.7340E+25  2.1221E-04  7.0219E+03  7.4643E-05  7.5025E-06  7.1845E-06
 8.7433E+25  2.1303E-04  7.0218E+03  7.4643E-05  7.4731E-06  7.1845E-06
 8.7525E+25  2.1369E-04  7.0218E+03  7.4643E-05  7.4438E-06  7.1845E-06
 8.7618E+25  2.1439E-04  7.0217E+03  7.4643E-05  7.4145E-06  7.1845E-06
 8.7710E+25  2.1507E-04  7.0217E+03  7.4643E-05  7.3851E-06  7.1845E-06
 8.7803E+25  2.1575E-04  7.0216E+03  7.4643E-05  7.3556E-06  7.1845E-06
 8.7896E+25  2.1660E-04  7.0216E+03  7.4643E-05  7.3261E-06  7.1845E-06
 8.7988E+25  2.1771E-04  7.0215E+03  7.4643E-05  7.2966E-06  7.1845E-06
 8.8081E+25  2.1841E-04  7.0215E+03  7.4643E-05  7.2670E-06  7.1845E-06
 8.8173E+25  2.1908E-04  7.0214E+03  7.4643E-05  7.2376E-06  7.1845E-06
 8.8266E+25  2.1977E-04  7.0214E+03  7.4643E-05  7.2080E-06  7.1845E-06
 8.8358E+25  2.2046E-04  7.0213E+03  7.4643E-05  7.1785E-06  7.1845E-06
 8.8451E+25  2.2118E-04  7.0213E+03  7.4643E-05  7.1490E-06  7.1845E-06
 8.8544E+25  2.2227E-04  7.0212E+03  7.4643E-05  7.1196E-06  7.1845E-06
 8.8636E+25  2.2314E-04  7.0212E+03  7.4643E-05  7.0911E-06  7.1845E-06
 8.8729E+25  2.2385E-04  7.0211E+03  7.4643E-05  7.0633E-06  7.1845E-06
 8.8821E+25  2.2453E-04  7.0211E+03  7.4643E-05  7.0356E-06  7.1845E-06
 8.8914E+25  2.2520E-04  7.0210E+03  7.4643E-05  7.0081E-06  7.1845E-06
 8.9006E+25  2.2591E-04  7.0210E+03  7.4643E-05  6.9820E-06  7.1845E-06
 8.9099E+25  2.2673E-04  7.0209E+03  7.4643E-05  6.9563E-06  7.1845E-06
 8.9192E+25  2.2795E-04  7.0209E+03  7.4643E-05  6.9302E-06  7.1845E-06
 8.9284E+25  2.2862E-04  7.0208E+03  7.4643E-05  6.9040E-06  7.1845E-06
 8.9377E+25  2.2932E-04  7.0208E+03  7.4643E-05  6.8778E-06  7.1845E-06
 8.9469E+25  2.3002E-04  7.0207E+03  7.4643E-05  6.8516E-06  7.1845E-06
 8.9562E+25  2.3070E-04  7.0206E+03  7.4643E-05  6.8255E-06  7.1845E-06
 8.9654E+25  2.3142E-04  7.0206E+03  7.4643E-05  6.7993E-06  7.1845E-06
 8.9747E+25  2.3252E-04  7.0206E+03  7.4643E-05  6.7731E-06  7.1845E-06
 8.9840E+25  2.3350E-04  7.0205E+03  7.4643E-05  6.7470E-06  7.1845E-06
 8.9932E+25  2.3417E-04  7.0204E+03  7.4643E-05  6.7209E-06  7.1845E-06
 9.0025E+25  2.3484E-04  7.0204E+03  7.4643E-05  6.6946E-06  7.1845E-06
 9.0117E+25  2.3555E-04  7.0203E+03  7.4643E-05  6.6683E-06  7.1845E-06
 9.0210E+25  2.3625E-04  7.0203E+03  7.4643E-05  6.6419E-06  7.1845E-06
 9.0302E+25  2.3701E-04  7.0202E+03  7.4643E-05  6.6156E-06  7.1845E-06
 9.0395E+25  2.3832E-04  7.0202E+03  7.4643E-05  6.5894E-06  7.1845E-06
 9.0487E+25  2.3909E-04  7.0201E+03  7.4643E-05  6.5630E-06  7.1845E-06
 9.0580E+25  2.3975E-04  7.0201E+03  7.4643E-05  6.5368E-06  7.1845E-06
 9.0673E+25  2.4041E-04  7.0200E+03  7.4643E-05  6.5105E-06  7.1845E-06
 9.0765E+25  2.4110E-04  7.0200E+03  7.4643E-05  6.4847E-06  7.1845E-06
 9.0858E+25  2.4183E-04  7.0199E+03  7.4643E-05  6.4599E-06  7.1845E-06
 9.0950E+25  2.4277E-04  7.0198E+03  7.4643E-05  6.4352E-06  7.1845E-06
 9.1043E+25  2.4403E-04  7.0198E+03  7.4643E-05  6.4104E-06  7.1845E-06
 9.1135E+25  2.4470E-04  7.0197E+03  7.4643E-05  6.3867E-06  7.1845E-06
 9.1228E+25  2.4536E-04  7.0197E+03  7.4643E-05  6.3638E-06  7.1845E-06
 9.1321E+25  2.4603E-04  7.0196E+03  7.4643E-05  6.3408E-06  7.1845E-06
 9.1413E+25  2.4670E-04  7.0196E+03  7.4643E-05  6.3175E-06  7.1845E-06
 9.1506E+25  2.4745E-04  7.0195E+03  7.4643E-05  6.2942E-06  7.1845E-06
 9.1598E+25  2.4864E-04  7.0195E+03  7.4643E-05  6.2709E-06  7.1845E-06
 9.1691E+25  2.4966E-04  7.0194E+03  7.4643E-05  6.2476E-06  7.1845E-06
 9.1783E+25  2.5033E-04  7.0193E+03  7.4643E-05  6.2243E-06  7.1845E-06
 9.1876E+25  2.5100E-04  7.0193E+03  7.4643E-05  6.2011E-06  7.1845E-06
 9.1969E+25  2.5166E-04  7.0192E+03  7.4643E-05  6.1779E-06  7.1845E-06
 9.2061E+25  2.5235E-04  7.0192E+03  7.4643E-05  6.1546E-06  7.1845E-06
 9.2154E+25  2.5312E-04  7.0191E+03  7.4643E-05  6.1314E-06  7.1845E-06
 9.2246E+25  2.5447E-04  7.0191E+03  7.4643E-05  6.1078E-06  7.1845E-06
 9.2339E+25  2.5533E-04  7.0190E+03  7.4643E-05  6.0844E-06  7.1845E-06
 9.2431E+25  2.5597E-04  7.0190E+03  7.4643E-05  6.0610E-06  7.1845E-06
 9.2524E+25  2.5664E-04  7.0189E+03  7.4643E-05  6.0376E-06  7.1845E-06
