 4.6285E+22  3.2664E-11  1.1697E+04  7.4643E-05  1.0000E+00  7.1845E-06
 1.3886E+23  2.2859E-10  1.1701E+04  7.4643E-05  1.0000E+00  7.1845E-06
 2.3143E+23  6.1999E-10  1.1713E+04  7.4643E-05  1.0000E+00  7.1845E-06
 3.2400E+23  1.2053E-09  1.1740E+04  7.4643E-05  1.0000E+00  7.1845E-06
 4.1657E+23  1.9813E-09  1.1789E+04  7.4643E-05  1.0000E+00  7.1845E-06
 5.0914E+23  2.9417E-09  1.1867E+04  7.4643E-05  1.0000E+00  7.1845E-06
 6.0171E+23  4.0741E-09  1.1989E+04  7.4643E-05  1.0000E+00  7.1845E-06
 6.9428E+23  5.3663E-09  1.2164E+04  7.4643E-05  1.0000E+00  7.1845E-06
 7.8685E+23  6.7855E-09  1.2421E+04  7.4643E-05  1.0000E+00  7.1845E-06
 8.7942E+23  8.3019E-09  1.2779E+04  7.4643E-05  1.0000E+00  7.1845E-06
 9.7199E+23  9.8978E-09  1.3212E+04  7.4643E-05  1.0000E+00  7.1845E-06
 1.0646E+24  1.1594E-08  1.3648E+04  7.4643E-05  1.0000E+00  7.1845E-06
 1.1571E+24  1.3466E-08  1.3965E+04  7.4643E-05  1.0000E+00  7.1845E-06
 1.2497E+24  1.5575E-08  1.4136E+04  7.4643E-05  1.0000E+00  7.1845E-06
 1.3423E+24  1.7870E-08  1.4230E+04  7.4643E-05  1.0000E+00  7.1845E-06
 1.4348E+24  2.0317E-08  1.4330E+04  7.4643E-05  9.9999E-01  7.1845E-06
 1.5274E+24  2.2906E-08  1.4430E+04  7.4643E-05  9.9999E-01  7.1845E-06
 1.6200E+24  2.5646E-08  1.4523E+04  7.4643E-05  9.9999E-01  7.1845E-06
 1.7126E+24  2.8521E-08  1.4614E+04  7.4643E-05  9.9999E-01  7.1845E-06
 1.8051E+24  3.1568E-08  1.4696E+04  7.4643E-05  9.9999E-01  7.1845E-06
 1.8977E+24  3.4738E-08  1.4775E+04  7.4643E-05  9.9999E-01  7.1845E-06
 1.9903E+24  3.8079E-08  1.4852E+04  7.4643E-05  9.9999E-01  7.1845E-06
 2.0828E+24  4.1536E-08  1.4926E+04  7.4643E-05  9.9999E-01  7.1845E-06
 2.1754E+24  4.5150E-08  1.4998E+04  7.4643E-05  9.9999E-01  7.1845E-06
 2.2680E+24  4.8902E-08  1.5068E+04  7.4643E-05  9.9999E-01  7.1845E-06
 2.3605E+24  5.2812E-08  1.5137E+04  7.4643E-05  9.9999E-01  7.1845E-06
 2.4531E+24  5.6852E-08  1.5200E+04  7.4643E-05  9.9999E-01  7.1845E-06
 2.5457E+24  6.1028E-08  1.5265E+04  7.4643E-05  9.9998E-01  7.1845E-06
 2.6383E+24  6.5377E-08  1.5328E+04  7.4643E-05  9.9998E-01  7.1845E-06
 2.7308E+24  6.9812E-08  1.5387E+04  7.4643E-05  9.9998E-01  7.1845E-06
 2.8234E+24  7.4425E-08  1.5447E+04  7.4643E-05  9.9998E-01  7.1845E-06
 2.9160E+24  7.9138E-08  1.5503E+04  7.4643E-05  9.9998E-01  7.1845E-06
 3.0085E+24  8.4078E-08  1.5558E+04  7.4643E-05  9.9998E-01  7.1845E-06
 3.1011E+24  8.9105E-08  1.5615E+04  7.4643E-05  9.9998E-01  7.1845E-06
 3.1937E+24  9.4249E-08  1.5667E+04  7.4643E-05  9.9998E-01  7.1845E-06
 3.2862E+24  9.9513E-08  1.5719E+04  7.4643E-05  9.9997E-01  7.1845E-06
 3.3788E+24  1.0491E-07  1.5770E+04  7.4643E-05  9.9997E-01  7.1845E-06
 3.4714E+24  1.1047E-07  1.5820E+04  7.4643E-05  9.9997E-01  7.1845E-06
 3.5640E+24  1.1622E-07  1.5868E+04  7.4643E-05  9.9997E-01  7.1845E-06
 3.6565E+24  1.2219E-07  1.5914E+04  7.4643E-05  9.9997E-01  7.1845E-06
 3.7491E+24  1.2796E-07  1.5961E+04  7.4643E-05  9.9997E-01  7.1845E-06
 3.8417E+24  1.3421E-07  1.6007E+04  7.4643E-05  9.9997E-01  7.1845E-06
 3.9342E+24  1.4040E-07  1.6051E+04  7.4643E-05  9.9996E-01  7.1845E-06
 4.0268E+24  1.4691E-07  1.6095E+04  7.4643E-05  9.9996E-01  7.1845E-06
 4.1194E+24  1.5322E-07  1.6137E+04  7.4643E-05  9.9996E-01  7.1845E-06
 4.2120E+24  1.6009E-07  1.6179E+04  7.4643E-05  9.9996E-01  7.1845E-06
 4.3045E+24  1.6690E-07  1.6220E+04  7.4643E-05  9.9996E-01  7.1845E-06
 4.3971E+24  1.7359E-07  1.6260E+04  7.4643E-05  9.9996E-01  7.1845E-06
 4.4897E+24  1.8074E-07  1.6299E+04  7.4643E-05  9.9995E-01  7.1845E-06
 4.5822E+24  1.8800E-07  1.6338E+04  7.4643E-05  9.9995E-01  7.1845E-06
 4.6748E+24  1.9535E-07  1.6377E+04  7.4643E-05  9.9995E-01  7.1845E-06
 4.7674E+24  2.0282E-07  1.6413E+04  7.4643E-05  9.9995E-01  7.1845E-06
 4.8599E+24  2.1039E-07  1.6450E+04  7.4643E-05  9.9995E-01  7.1845E-06
 4.9525E+24  2.1810E-07  1.6486E+04  7.4643E-05  9.9994E-01  7.1845E-06
 5.0451E+24  2.2595E-07  1.6521E+04  7.4643E-05  9.9994E-01  7.1845E-06
 5.1377E+24  2.3396E-07  1.6556E+04  7.4643E-05  9.9994E-01  7.1845E-06
 5.2302E+24  2.4213E-07  1.6590E+04  7.4643E-05  9.9994E-01  7.1845E-06
 5.3228E+24  2.5049E-07  1.6624E+04  7.4643E-05  9.9994E-01  7.1845E-06
 5.4154E+24  2.5905E-07  1.6657E+04  7.4643E-05  9.9993E-01  7.1845E-06
 5.5079E+24  2.6709E-07  1.6690E+04  7.4643E-05  9.9993E-01  7.1845E-06
 5.6005E+24  2.7577E-07  1.6721E+04  7.4643E-05  9.9993E-01  7.1845E-06
 5.6931E+24  2.8487E-07  1.6753E+04  7.4643E-05  9.9993E-01  7.1845E-06
 5.7856E+24  2.9405E-07  1.6784E+04  7.4643E-05  9.9992E-01  7.1845E-06
 5.8782E+24  3.0228E-07  1.6815E+04  7.4643E-05  9.9992E-01  7.1845E-06
 5.9708E+24  3.1205E-07  1.6845E+04  7.4643E-05  9.9992E-01  7.1845E-06
 6.0634E+24  3.2144E-07  1.6874E+04  7.4643E-05  9.9992E-01  7.1845E-06
 6.1559E+24  3.3036E-07  1.6903E+04  7.4643E-05  9.9991E-01  7.1845E-06
 6.2485E+24  3.4098E-07  1.6932E+04  7.4643E-05  9.9991E-01  7.1845E-06
 6.3411E+24  3.4930E-07  1.6960E+04  7.4643E-05  9.9991E-01  7.1845E-06
 6.4336E+24  3.6044E-07  1.6988E+04  7.4643E-05  9.9991E-01  7.1845E-06
 6.5262E+24  3.6922E-07  1.7016E+04  7.4643E-05  9.9990E-01  7.1845E-06
 6.6188E+24  3.8066E-07  1.7043E+04  7.4643E-05  9.9990E-01  7.1845E-06
 6.7113E+24  3.8941E-07  1.7069E+04  7.4643E-05  9.9990E-01  7.1845E-06
 6.8039E+24  4.0120E-07  1.7096E+04  7.4643E-05  9.9990E-01  7.1845E-06
 6.8965E+24  4.1044E-07  1.7122E+04  7.4643E-05  9.9989E-01  7.1845E-06
 6.9891E+24  4.2176E-07  1.7148E+04  7.4643E-05  9.9989E-01  7.1845E-06
 7.0816E+24  4.3281E-07  1.7173E+04  7.4643E-05  9.9989E-01  7.1845E-06
 7.1742E+24  4.4264E-07  1.7198E+04  7.4643E-05  9.9989E-01  7.1845E-06
 7.2668E+24  4.5474E-07  1.7223E+04  7.4643E-05  9.9988E-01  7.1845E-06
 7.3593E+24  4.6558E-07  1.7248E+04  7.4643E-05  9.9988E-01  7.1845E-06
 7.4519E+24  4.7610E-07  1.7272E+04  7.4643E-05  9.9988E-01  7.1845E-06
 7.5445E+24  4.8839E-07  1.7296E+04  7.4643E-05  9.9987E-01  7.1845E-06
 7.6371E+24  5.0049E-07  1.7320E+04  7.4643E-05  9.9987E-01  7.1845E-06
 7.7296E+24  5.1035E-07  1.7343E+04  7.4643E-05  9.9987E-01  7.1845E-06
 7.8222E+24  5.2282E-07  1.7366E+04  7.4643E-05  9.9986E-01  7.1845E-06
 7.9148E+24  5.3538E-07  1.7389E+04  7.4643E-05  9.9986E-01  7.1845E-06
 8.0073E+24  5.4803E-07  1.7412E+04  7.4643E-05  9.9986E-01  7.1845E-06
 8.0999E+24  5.5834E-07  1.7434E+04  7.4643E-05  9.9986E-01  7.1845E-06
 8.1925E+24  5.7096E-07  1.7456E+04  7.4643E-05  9.9985E-01  7.1845E-06
 8.2850E+24  5.8383E-07  1.7478E+04  7.4643E-05  9.9985E-01  7.1845E-06
 8.3776E+24  5.9678E-07  1.7500E+04  7.4643E-05  9.9985E-01  7.1845E-06
 8.4702E+24  6.0980E-07  1.7521E+04  7.4643E-05  9.9984E-01  7.1845E-06
 8.5628E+24  6.2257E-07  1.7542E+04  7.4643E-05  9.9984E-01  7.1845E-06
 8.6553E+24  6.3414E-07  1.7563E+04  7.4643E-05  9.9984E-01  7.1845E-06
 8.7479E+24  6.4742E-07  1.7584E+04  7.4643E-05  9.9983E-01  7.1845E-06
 8.8405E+24  6.6081E-07  1.7605E+04  7.4643E-05  9.9983E-01  7.1845E-06
 8.9330E+24  6.7430E-07  1.7625E+04  7.4643E-05  9.9982E-01  7.1845E-06
 9.0256E+24  6.8786E-07  1.7645E+04  7.4643E-05  9.9982E-01  7.1845E-06
 9.1182E+24  7.0152E-07  1.7665E+04  7.4643E-05  9.9982E-01  7.1845E-06
 9.2107E+24  7.1528E-07  1.7685E+04  7.4643E-05  9.9981E-01  7.1845E-06
 9.3033E+24  7.2913E-07  1.7704E+04  7.4643E-05  9.9981E-01  7.1845E-06
 9.3959E+24  7.4308E-07  1.7724E+04  7.4643E-05  9.9981E-01  7.1845E-06
 9.4885E+24  7.5713E-07  1.7743E+04  7.4643E-05  9.9980E-01  7.1845E-06
 9.5810E+24  7.7129E-07  1.7762E+04  7.4643E-05  9.9980E-01  7.1845E-06
 9.6736E+24  7.8556E-07  1.7781E+04  7.4643E-05  9.9980E-01  7.1845E-06
 9.7662E+24  7.9995E-07  1.7799E+04  7.4643E-05  9.9979E-01  7.1845E-06
 9.8587E+24  8.1446E-07  1.7818E+04  7.4643E-05  9.9979E-01  7.1845E-06
 9.9513E+24  8.2910E-07  1.7836E+04  7.4643E-05  9.9978E-01  7.1845E-06
 1.0044E+25  8.4387E-07  1.7854E+04  7.4643E-05  9.9978E-01  7.1845E-06
 1.0136E+25  8.5878E-07  1.7872E+04  7.4643E-05  9.9978E-01  7.1845E-06
 1.0229E+25  8.7384E-07  1.7890E+04  7.4643E-05  9.9977E-01  7.1845E-06
 1.0322E+25  8.8906E-07  1.7908E+04  7.4643E-05  9.9977E-01  7.1845E-06
 1.0414E+25  9.0444E-07  1.7926E+04  7.4643E-05  9.9976E-01  7.1845E-06
 1.0507E+25  9.1999E-07  1.7943E+04  7.4643E-05  9.9976E-01  7.1845E-06
 1.0599E+25  9.3571E-07  1.7960E+04  7.4643E-05  9.9976E-01  7.1845E-06
 1.0692E+25  9.5163E-07  1.7977E+04  7.4643E-05  9.9975E-01  7.1845E-06
 1.0784E+25  9.6776E-07  1.7994E+04  7.4643E-05  9.9974E-01  7.1845E-06
 1.0877E+25  9.8408E-07  1.8011E+04  7.4643E-05  9.9974E-01  7.1845E-06
 1.0970E+25  1.0006E-06  1.8028E+04  7.4643E-05  9.9973E-01  7.1845E-06
 1.1062E+25  1.0143E-06  1.8044E+04  7.4643E-05  9.9971E-01  7.1845E-06
 1.1155E+25  1.0304E-06  1.8061E+04  7.4643E-05  9.9969E-01  7.1845E-06
 1.1247E+25  1.0473E-06  1.8077E+04  7.4643E-05  9.9965E-01  7.1845E-06
 1.1340E+25  1.0644E-06  1.8093E+04  7.4643E-05  9.9957E-01  7.1845E-06
 1.1432E+25  1.0818E-06  1.8108E+04  7.4643E-05  9.9944E-01  7.1845E-06
 1.1525E+25  1.0994E-06  1.8123E+04  7.4643E-05  9.9921E-01  7.1845E-06
 1.1618E+25  1.1173E-06  1.8138E+04  7.4643E-05  9.9880E-01  7.1845E-06
 1.1710E+25  1.1313E-06  1.8150E+04  7.4643E-05  9.9808E-01  7.1845E-06
 1.1803E+25  1.1479E-06  1.8161E+04  7.4643E-05  9.9683E-01  7.1845E-06
 1.1895E+25  1.1665E-06  1.8167E+04  7.4643E-05  9.9469E-01  7.1845E-06
 1.1988E+25  1.1856E-06  1.8167E+04  7.4643E-05  9.9105E-01  7.1845E-06
 1.2080E+25  1.2053E-06  1.8157E+04  7.4643E-05  9.8496E-01  7.1845E-06
 1.2173E+25  1.2240E-06  1.8130E+04  7.4643E-05  9.7493E-01  7.1845E-06
 1.2266E+25  1.2392E-06  1.8076E+04  7.4643E-05  9.5878E-01  7.1845E-06
 1.2358E+25  1.2620E-06  1.7981E+04  7.4643E-05  9.3355E-01  7.1845E-06
 1.2451E+25  1.2872E-06  1.7828E+04  7.4643E-05  8.9575E-01  7.1845E-06
 1.2543E+25  1.3156E-06  1.7595E+04  7.4643E-05  8.4220E-01  7.1845E-06
 1.2636E+25  1.3452E-06  1.7264E+04  7.4643E-05  7.7176E-01  7.1845E-06
 1.2728E+25  1.3778E-06  1.6830E+04  7.4643E-05  6.8710E-01  7.1845E-06
 1.2821E+25  1.4226E-06  1.6304E+04  7.4643E-05  5.9508E-01  7.1845E-06
 1.2914E+25  1.4738E-06  1.5716E+04  7.4643E-05  5.0453E-01  7.1845E-06
 1.3006E+25  1.5306E-06  1.5105E+04  7.4643E-05  4.2279E-01  7.1845E-06
 1.3099E+25  1.5913E-06  1.4505E+04  7.4643E-05  3.5365E-01  7.1845E-06
 1.3191E+25  1.6474E-06  1.3939E+04  7.4643E-05  2.9749E-01  7.1845E-06
 1.3284E+25  1.7120E-06  1.3419E+04  7.4643E-05  2.5275E-01  7.1845E-06
 1.3376E+25  1.7772E-06  1.2949E+04  7.4643E-05  2.1724E-01  7.1845E-06
 1.3469E+25  1.8420E-06  1.2526E+04  7.4643E-05  1.8887E-01  7.1845E-06
 1.3562E+25  1.9061E-06  1.2148E+04  7.4643E-05  1.6596E-01  7.1845E-06
 1.3654E+25  1.9693E-06  1.1809E+04  7.4643E-05  1.4721E-01  7.1845E-06
 1.3747E+25  2.0318E-06  1.1505E+04  7.4643E-05  1.3166E-01  7.1845E-06
 1.3839E+25  2.0932E-06  1.1231E+04  7.4643E-05  1.1859E-01  7.1845E-06
 1.3932E+25  2.1529E-06  1.0982E+04  7.4643E-05  1.0750E-01  7.1845E-06
 1.4024E+25  2.2083E-06  1.0757E+04  7.4643E-05  9.7975E-02  7.1845E-06
 1.4117E+25  2.2675E-06  1.0552E+04  7.4643E-05  8.9729E-02  7.1845E-06
 1.4210E+25  2.3257E-06  1.0364E+04  7.4643E-05  8.2530E-02  7.1845E-06
 1.4302E+25  2.3836E-06  1.0192E+04  7.4643E-05  7.6200E-02  7.1845E-06
 1.4395E+25  2.4408E-06  1.0034E+04  7.4643E-05  7.0599E-02  7.1845E-06
 1.4487E+25  2.4977E-06  9.8881E+03  7.4643E-05  6.5612E-02  7.1845E-06
 1.4580E+25  2.5541E-06  9.7530E+03  7.4643E-05  6.1150E-02  7.1845E-06
 1.4672E+25  2.6104E-06  9.6278E+03  7.4643E-05  5.7138E-02  7.1845E-06
 1.4765E+25  2.6662E-06  9.5113E+03  7.4643E-05  5.3514E-02  7.1845E-06
 1.4858E+25  2.7221E-06  9.4028E+03  7.4643E-05  5.0229E-02  7.1845E-06
 1.4950E+25  2.7735E-06  9.3015E+03  7.4643E-05  4.7240E-02  7.1845E-06
 1.5043E+25  2.8238E-06  9.2068E+03  7.4643E-05  4.4511E-02  7.1845E-06
 1.5135E+25  2.8787E-06  9.1180E+03  7.4643E-05  4.2012E-02  7.1845E-06
 1.5228E+25  2.9334E-06  9.0346E+03  7.4643E-05  3.9717E-02  7.1845E-06
 1.5320E+25  2.9883E-06  8.9563E+03  7.4643E-05  3.7603E-02  7.1845E-06
 1.5413E+25  3.0432E-06  8.8825E+03  7.4643E-05  3.5651E-02  7.1845E-06
 1.5506E+25  3.0984E-06  8.8129E+03  7.4643E-05  3.3845E-02  7.1845E-06
 1.5598E+25  3.1540E-06  8.7471E+03  7.4643E-05  3.2170E-02  7.1845E-06
 1.5691E+25  3.1990E-06  8.6850E+03  7.4643E-05  3.0614E-02  7.1845E-06
 1.5783E+25  3.2498E-06  8.6262E+03  7.4643E-05  2.9165E-02  7.1845E-06
 1.5876E+25  3.3050E-06  8.5704E+03  7.4643E-05  2.7814E-02  7.1845E-06
 1.5968E+25  3.3607E-06  8.5175E+03  7.4643E-05  2.6552E-02  7.1845E-06
 1.6061E+25  3.4169E-06  8.4673E+03  7.4643E-05  2.5370E-02  7.1845E-06
 1.6154E+25  3.4736E-06  8.4195E+03  7.4643E-05  2.4263E-02  7.1845E-06
 1.6246E+25  3.5149E-06  8.3741E+03  7.4643E-05  2.3224E-02  7.1845E-06
 1.6339E+25  3.5665E-06  8.3308E+03  7.4643E-05  2.2247E-02  7.1845E-06
 1.6431E+25  3.6236E-06  8.2895E+03  7.4643E-05  2.1328E-02  7.1845E-06
 1.6524E+25  3.6815E-06  8.2501E+03  7.4643E-05  2.0462E-02  7.1845E-06
 1.6616E+25  3.7401E-06  8.2125E+03  7.4643E-05  1.9645E-02  7.1845E-06
 1.6709E+25  3.7783E-06  8.1766E+03  7.4643E-05  1.8874E-02  7.1845E-06
 1.6802E+25  3.8313E-06  8.1422E+03  7.4643E-05  1.8144E-02  7.1845E-06
 1.6894E+25  3.8908E-06  8.1093E+03  7.4643E-05  1.7454E-02  7.1845E-06
 1.6987E+25  3.9513E-06  8.0778E+03  7.4643E-05  1.6800E-02  7.1845E-06
 1.7079E+25  3.9995E-06  8.0477E+03  7.4643E-05  1.6180E-02  7.1845E-06
 1.7172E+25  4.0414E-06  8.0187E+03  7.4643E-05  1.5592E-02  7.1845E-06
 1.7264E+25  4.1034E-06  7.9910E+03  7.4643E-05  1.5033E-02  7.1845E-06
 1.7357E+25  4.1665E-06  7.9643E+03  7.4643E-05  1.4502E-02  7.1845E-06
 1.7450E+25  4.2134E-06  7.9387E+03  7.4643E-05  1.3996E-02  7.1845E-06
 1.7542E+25  4.2562E-06  7.9141E+03  7.4643E-05  1.3515E-02  7.1845E-06
 1.7635E+25  4.3211E-06  7.8904E+03  7.4643E-05  1.3056E-02  7.1845E-06
 1.7727E+25  4.3874E-06  7.8677E+03  7.4643E-05  1.2619E-02  7.1845E-06
 1.7820E+25  4.4189E-06  7.8458E+03  7.4643E-05  1.2201E-02  7.1845E-06
 1.7912E+25  4.4771E-06  7.8247E+03  7.4643E-05  1.1803E-02  7.1845E-06
 1.8005E+25  4.5456E-06  7.8043E+03  7.4643E-05  1.1422E-02  7.1845E-06
 1.8097E+25  4.5964E-06  7.7847E+03  7.4643E-05  1.1058E-02  7.1845E-06
 1.8190E+25  4.6356E-06  7.7659E+03  7.4643E-05  1.0710E-02  7.1845E-06
 1.8283E+25  4.7068E-06  7.7476E+03  7.4643E-05  1.0376E-02  7.1845E-06
 1.8375E+25  4.7708E-06  7.7300E+03  7.4643E-05  1.0057E-02  7.1845E-06
 1.8468E+25  4.7965E-06  7.7130E+03  7.4643E-05  9.7509E-03  7.1845E-06
 1.8560E+25  4.8706E-06  7.6966E+03  7.4643E-05  9.4571E-03  7.1845E-06
 1.8653E+25  4.9416E-06  7.6808E+03  7.4643E-05  9.1757E-03  7.1845E-06
 1.8745E+25  4.9616E-06  7.6655E+03  7.4643E-05  8.9056E-03  7.1845E-06
 1.8838E+25  5.0389E-06  7.6506E+03  7.4643E-05  8.6457E-03  7.1845E-06
 1.8931E+25  5.1086E-06  7.6363E+03  7.4643E-05  8.3969E-03  7.1845E-06
 1.9023E+25  5.1302E-06  7.6224E+03  7.4643E-05  8.1569E-03  7.1845E-06
 1.9116E+25  5.2118E-06  7.6090E+03  7.4643E-05  7.9268E-03  7.1845E-06
 1.9208E+25  5.2724E-06  7.5960E+03  7.4643E-05  7.7048E-03  7.1845E-06
 1.9301E+25  5.3042E-06  7.5834E+03  7.4643E-05  7.4915E-03  7.1845E-06
 1.9393E+25  5.3901E-06  7.5712E+03  7.4643E-05  7.2861E-03  7.1845E-06
 1.9486E+25  5.4315E-06  7.5594E+03  7.4643E-05  7.0881E-03  7.1845E-06
 1.9579E+25  5.4844E-06  7.5479E+03  7.4643E-05  6.8975E-03  7.1845E-06
 1.9671E+25  5.5744E-06  7.5368E+03  7.4643E-05  6.7135E-03  7.1845E-06
 1.9764E+25  5.5860E-06  7.5260E+03  7.4643E-05  6.5364E-03  7.1845E-06
 1.9856E+25  5.6713E-06  7.5155E+03  7.4643E-05  6.3651E-03  7.1845E-06
 1.9949E+25  5.7343E-06  7.5054E+03  7.4643E-05  6.2002E-03  7.1845E-06
 2.0041E+25  5.7679E-06  7.4955E+03  7.4643E-05  6.0407E-03  7.1845E-06
 2.0134E+25  5.8657E-06  7.4859E+03  7.4643E-05  5.8869E-03  7.1845E-06
 2.0227E+25  5.8824E-06  7.4766E+03  7.4643E-05  5.7382E-03  7.1845E-06
 2.0319E+25  5.9652E-06  7.4676E+03  7.4643E-05  5.5945E-03  7.1845E-06
 2.0412E+25  6.0292E-06  7.4588E+03  7.4643E-05  5.4557E-03  7.1845E-06
 2.0504E+25  6.0653E-06  7.4503E+03  7.4643E-05  5.3211E-03  7.1845E-06
 2.0597E+25  6.1717E-06  7.4420E+03  7.4643E-05  5.1915E-03  7.1845E-06
 2.0689E+25  6.1704E-06  7.4339E+03  7.4643E-05  5.0654E-03  7.1845E-06
 2.0782E+25  6.2755E-06  7.4260E+03  7.4643E-05  4.9442E-03  7.1845E-06
 2.0875E+25  6.3142E-06  7.4184E+03  7.4643E-05  4.8259E-03  7.1845E-06
 2.0967E+25  6.3806E-06  7.4110E+03  7.4643E-05  4.7122E-03  7.1845E-06
 2.1060E+25  6.4576E-06  7.4037E+03  7.4643E-05  4.6015E-03  7.1845E-06
 2.1152E+25  6.4867E-06  7.3967E+03  7.4643E-05  4.4944E-03  7.1845E-06
 2.1245E+25  6.6001E-06  7.3898E+03  7.4643E-05  4.3908E-03  7.1845E-06
 2.1337E+25  6.5945E-06  7.3831E+03  7.4643E-05  4.2898E-03  7.1845E-06
 2.1430E+25  6.7168E-06  7.3766E+03  7.4643E-05  4.1926E-03  7.1845E-06
 2.1523E+25  6.7293E-06  7.3702E+03  7.4643E-05  4.0977E-03  7.1845E-06
 2.1615E+25  6.8293E-06  7.3641E+03  7.4643E-05  4.0059E-03  7.1845E-06
 2.1708E+25  6.8692E-06  7.3581E+03  7.4643E-05  3.9171E-03  7.1845E-06
 2.1800E+25  6.9432E-06  7.3522E+03  7.4643E-05  3.8302E-03  7.1845E-06
 2.1893E+25  7.0084E-06  7.3464E+03  7.4643E-05  3.7466E-03  7.1845E-06
 2.1985E+25  7.0594E-06  7.3408E+03  7.4643E-05  3.6649E-03  7.1845E-06
 2.2078E+25  7.1469E-06  7.3354E+03  7.4643E-05  3.5855E-03  7.1845E-06
 2.2171E+25  7.1775E-06  7.3301E+03  7.4643E-05  3.5089E-03  7.1845E-06
 2.2263E+25  7.2847E-06  7.3249E+03  7.4643E-05  3.4338E-03  7.1845E-06
 2.2356E+25  7.2976E-06  7.3198E+03  7.4643E-05  3.3612E-03  7.1845E-06
 2.2448E+25  7.4212E-06  7.3149E+03  7.4643E-05  3.2907E-03  7.1845E-06
 2.2541E+25  7.4203E-06  7.3100E+03  7.4643E-05  3.2216E-03  7.1845E-06
 2.2633E+25  7.5571E-06  7.3054E+03  7.4643E-05  3.1551E-03  7.1845E-06
 2.2726E+25  7.5457E-06  7.3008E+03  7.4643E-05  3.0901E-03  7.1845E-06
 2.2819E+25  7.6919E-06  7.2962E+03  7.4643E-05  3.0265E-03  7.1845E-06
 2.2911E+25  7.6738E-06  7.2919E+03  7.4643E-05  2.9653E-03  7.1845E-06
 2.3004E+25  7.8257E-06  7.2876E+03  7.4643E-05  2.9054E-03  7.1845E-06
 2.3096E+25  7.8049E-06  7.2834E+03  7.4643E-05  2.8468E-03  7.1845E-06
 2.3189E+25  7.9587E-06  7.2793E+03  7.4643E-05  2.7903E-03  7.1845E-06
 2.3281E+25  7.9388E-06  7.2753E+03  7.4643E-05  2.7349E-03  7.1845E-06
 2.3374E+25  8.0905E-06  7.2714E+03  7.4643E-05  2.6808E-03  7.1845E-06
 2.3467E+25  8.0759E-06  7.2675E+03  7.4643E-05  2.6287E-03  7.1845E-06
 2.3559E+25  8.2211E-06  7.2638E+03  7.4643E-05  2.5775E-03  7.1845E-06
 2.3652E+25  8.2166E-06  7.2601E+03  7.4643E-05  2.5274E-03  7.1845E-06
 2.3744E+25  8.3505E-06  7.2566E+03  7.4643E-05  2.4791E-03  7.1845E-06
 2.3837E+25  8.3612E-06  7.2531E+03  7.4643E-05  2.4318E-03  7.1845E-06
 2.3929E+25  8.4787E-06  7.2496E+03  7.4643E-05  2.3853E-03  7.1845E-06
 2.4022E+25  8.5097E-06  7.2463E+03  7.4643E-05  2.3405E-03  7.1845E-06
 2.4115E+25  8.6055E-06  7.2430E+03  7.4643E-05  2.2967E-03  7.1845E-06
 2.4207E+25  8.6624E-06  7.2398E+03  7.4643E-05  2.2536E-03  7.1845E-06
 2.4300E+25  8.7312E-06  7.2366E+03  7.4643E-05  2.2118E-03  7.1845E-06
 2.4392E+25  8.8194E-06  7.2336E+03  7.4643E-05  2.1713E-03  7.1845E-06
 2.4485E+25  8.8554E-06  7.2305E+03  7.4643E-05  2.1313E-03  7.1845E-06
 2.4577E+25  8.9810E-06  7.2276E+03  7.4643E-05  2.0923E-03  7.1845E-06
 2.4670E+25  8.9784E-06  7.2247E+03  7.4643E-05  2.0547E-03  7.1845E-06
 2.4763E+25  9.1468E-06  7.2219E+03  7.4643E-05  2.0177E-03  7.1845E-06
 2.4855E+25  9.1004E-06  7.2191E+03  7.4643E-05  1.9813E-03  7.1845E-06
 2.4948E+25  9.2742E-06  7.2164E+03  7.4643E-05  1.9461E-03  7.1845E-06
 2.5040E+25  9.2643E-06  7.2137E+03  7.4643E-05  1.9117E-03  7.1845E-06
 2.5133E+25  9.3947E-06  7.2111E+03  7.4643E-05  1.8779E-03  7.1845E-06
 2.5225E+25  9.4392E-06  7.2085E+03  7.4643E-05  1.8448E-03  7.1845E-06
 2.5318E+25  9.5139E-06  7.2061E+03  7.4643E-05  1.8129E-03  7.1845E-06
 2.5411E+25  9.6194E-06  7.2036E+03  7.4643E-05  1.7815E-03  7.1845E-06
 2.5503E+25  9.6315E-06  7.2012E+03  7.4643E-05  1.7505E-03  7.1845E-06
 2.5596E+25  9.8049E-06  7.1988E+03  7.4643E-05  1.7205E-03  7.1845E-06
 2.5688E+25  9.7483E-06  7.1965E+03  7.4643E-05  1.6914E-03  7.1845E-06
 2.5781E+25  9.9276E-06  7.1942E+03  7.4643E-05  1.6626E-03  7.1845E-06
 2.5873E+25  9.9327E-06  7.1920E+03  7.4643E-05  1.6343E-03  7.1845E-06
 2.5966E+25  1.0043E-05  7.1898E+03  7.4643E-05  1.6070E-03  7.1845E-06
 2.6059E+25  1.0129E-05  7.1877E+03  7.4643E-05  1.5803E-03  7.1845E-06
 2.6151E+25  1.0156E-05  7.1856E+03  7.4643E-05  1.5539E-03  7.1845E-06
 2.6244E+25  1.0332E-05  7.1835E+03  7.4643E-05  1.5280E-03  7.1845E-06
 2.6336E+25  1.0268E-05  7.1815E+03  7.4643E-05  1.5030E-03  7.1845E-06
 2.6429E+25  1.0451E-05  7.1795E+03  7.4643E-05  1.4785E-03  7.1845E-06
 2.6521E+25  1.0469E-05  7.1776E+03  7.4643E-05  1.4543E-03  7.1845E-06
 2.6614E+25  1.0562E-05  7.1756E+03  7.4643E-05  1.4305E-03  7.1845E-06
 2.6707E+25  1.0684E-05  7.1738E+03  7.4643E-05  1.4076E-03  7.1845E-06
 2.6799E+25  1.0670E-05  7.1719E+03  7.4643E-05  1.3851E-03  7.1845E-06
 2.6892E+25  1.0856E-05  7.1701E+03  7.4643E-05  1.3629E-03  7.1845E-06
 2.6984E+25  1.0827E-05  7.1683E+03  7.4643E-05  1.3410E-03  7.1845E-06
 2.7077E+25  1.0964E-05  7.1666E+03  7.4643E-05  1.3199E-03  7.1845E-06
 2.7169E+25  1.1056E-05  7.1649E+03  7.4643E-05  1.2993E-03  7.1845E-06
 2.7262E+25  1.1070E-05  7.1632E+03  7.4643E-05  1.2788E-03  7.1845E-06
 2.7355E+25  1.1258E-05  7.1615E+03  7.4643E-05  1.2587E-03  7.1845E-06
 2.7447E+25  1.1207E-05  7.1599E+03  7.4643E-05  1.2392E-03  7.1845E-06
 2.7540E+25  1.1362E-05  7.1583E+03  7.4643E-05  1.2202E-03  7.1845E-06
 2.7632E+25  1.1450E-05  7.1568E+03  7.4643E-05  1.2014E-03  7.1845E-06
 2.7725E+25  1.1465E-05  7.1552E+03  7.4643E-05  1.1829E-03  7.1845E-06
 2.7817E+25  1.1656E-05  7.1537E+03  7.4643E-05  1.1648E-03  7.1845E-06
 2.7910E+25  1.1610E-05  7.1522E+03  7.4643E-05  1.1473E-03  7.1845E-06
 2.8003E+25  1.1757E-05  7.1508E+03  7.4643E-05  1.1300E-03  7.1845E-06
 2.8095E+25  1.1868E-05  7.1493E+03  7.4643E-05  1.1129E-03  7.1845E-06
 2.8188E+25  1.1857E-05  7.1479E+03  7.4643E-05  1.0962E-03  7.1845E-06
 2.8280E+25  1.2050E-05  7.1465E+03  7.4643E-05  1.0799E-03  7.1845E-06
 2.8373E+25  1.2040E-05  7.1452E+03  7.4643E-05  1.0640E-03  7.1845E-06
 2.8465E+25  1.2148E-05  7.1438E+03  7.4643E-05  1.0483E-03  7.1845E-06
 2.8558E+25  1.2314E-05  7.1425E+03  7.4643E-05  1.0327E-03  7.1845E-06
 2.8651E+25  1.2244E-05  7.1412E+03  7.4643E-05  1.0176E-03  7.1845E-06
 2.8743E+25  1.2439E-05  7.1399E+03  7.4643E-05  1.0029E-03  7.1845E-06
 2.8836E+25  1.2498E-05  7.1387E+03  7.4643E-05  9.8839E-04  7.1845E-06
 2.8928E+25  1.2533E-05  7.1374E+03  7.4643E-05  9.7401E-04  7.1845E-06
 2.9021E+25  1.2732E-05  7.1362E+03  7.4643E-05  9.5990E-04  7.1845E-06
 2.9113E+25  1.2685E-05  7.1350E+03  7.4643E-05  9.4621E-04  7.1845E-06
 2.9206E+25  1.2823E-05  7.1339E+03  7.4643E-05  9.3285E-04  7.1845E-06
 2.9299E+25  1.2987E-05  7.1327E+03  7.4643E-05  9.1958E-04  7.1845E-06
 2.9391E+25  1.2914E-05  7.1316E+03  7.4643E-05  9.0647E-04  7.1845E-06
 2.9484E+25  1.3114E-05  7.1304E+03  7.4643E-05  8.9363E-04  7.1845E-06
 2.9576E+25  1.3189E-05  7.1293E+03  7.4643E-05  8.8119E-04  7.1845E-06
 2.9669E+25  1.3202E-05  7.1283E+03  7.4643E-05  8.6899E-04  7.1845E-06
 2.9761E+25  1.3405E-05  7.1272E+03  7.4643E-05  8.5688E-04  7.1845E-06
 2.9854E+25  1.3396E-05  7.1261E+03  7.4643E-05  8.4490E-04  7.1845E-06
 2.9947E+25  1.3491E-05  7.1251E+03  7.4643E-05  8.3320E-04  7.1845E-06
 3.0039E+25  1.3696E-05  7.1241E+03  7.4643E-05  8.2184E-04  7.1845E-06
 3.0132E+25  1.3608E-05  7.1231E+03  7.4643E-05  8.1070E-04  7.1845E-06
 3.0224E+25  1.3780E-05  7.1221E+03  7.4643E-05  7.9962E-04  7.1845E-06
 3.0317E+25  1.3951E-05  7.1211E+03  7.4643E-05  7.8866E-04  7.1845E-06
 3.0409E+25  1.3863E-05  7.1202E+03  7.4643E-05  7.7796E-04  7.1845E-06
 3.0502E+25  1.4069E-05  7.1193E+03  7.4643E-05  7.6755E-04  7.1845E-06
 3.0594E+25  1.4182E-05  7.1183E+03  7.4643E-05  7.5737E-04  7.1845E-06
 3.0687E+25  1.4149E-05  7.1174E+03  7.4643E-05  7.4724E-04  7.1845E-06
 3.0780E+25  1.4358E-05  7.1165E+03  7.4643E-05  7.3721E-04  7.1845E-06
 3.0872E+25  1.4419E-05  7.1156E+03  7.4643E-05  7.2737E-04  7.1845E-06
 3.0965E+25  1.4435E-05  7.1148E+03  7.4643E-05  7.1782E-04  7.1845E-06
 3.1057E+25  1.4646E-05  7.1139E+03  7.4643E-05  7.0849E-04  7.1845E-06
 3.1150E+25  1.4663E-05  7.1131E+03  7.4643E-05  6.9922E-04  7.1845E-06
 3.1242E+25  1.4722E-05  7.1122E+03  7.4643E-05  6.9004E-04  7.1845E-06
 3.1335E+25  1.4935E-05  7.1114E+03  7.4643E-05  6.8098E-04  7.1845E-06
 3.1428E+25  1.4916E-05  7.1106E+03  7.4643E-05  6.7217E-04  7.1845E-06
 3.1520E+25  1.5008E-05  7.1098E+03  7.4643E-05  6.6360E-04  7.1845E-06
 3.1613E+25  1.5224E-05  7.1090E+03  7.4643E-05  6.5513E-04  7.1845E-06
 3.1705E+25  1.5176E-05  7.1083E+03  7.4643E-05  6.4671E-04  7.1845E-06
 3.1798E+25  1.5294E-05  7.1075E+03  7.4643E-05  6.3839E-04  7.1845E-06
 3.1890E+25  1.5511E-05  7.1067E+03  7.4643E-05  6.3023E-04  7.1845E-06
 3.1983E+25  1.5446E-05  7.1060E+03  7.4643E-05  6.2229E-04  7.1845E-06
 3.2076E+25  1.5579E-05  7.1053E+03  7.4643E-05  6.1454E-04  7.1845E-06
 3.2168E+25  1.5798E-05  7.1046E+03  7.4643E-05  6.0684E-04  7.1845E-06
 3.2261E+25  1.5726E-05  7.1038E+03  7.4643E-05  5.9920E-04  7.1845E-06
 3.2353E+25  1.5863E-05  7.1031E+03  7.4643E-05  5.9164E-04  7.1845E-06
 3.2446E+25  1.6085E-05  7.1025E+03  7.4643E-05  5.8428E-04  7.1845E-06
 3.2538E+25  1.6016E-05  7.1018E+03  7.4643E-05  5.7711E-04  7.1845E-06
 3.2631E+25  1.6147E-05  7.1011E+03  7.4643E-05  5.7007E-04  7.1845E-06
 3.2724E+25  1.6370E-05  7.1005E+03  7.4643E-05  5.6305E-04  7.1845E-06
 3.2816E+25  1.6316E-05  7.0998E+03  7.4643E-05  5.5610E-04  7.1845E-06
 3.2909E+25  1.6431E-05  7.0992E+03  7.4643E-05  5.4924E-04  7.1845E-06
 3.3001E+25  1.6655E-05  7.0985E+03  7.4643E-05  5.4257E-04  7.1845E-06
 3.3094E+25  1.6628E-05  7.0979E+03  7.4643E-05  5.3607E-04  7.1845E-06
 3.3186E+25  1.6713E-05  7.0973E+03  7.4643E-05  5.2966E-04  7.1845E-06
 3.3279E+25  1.6939E-05  7.0967E+03  7.4643E-05  5.2327E-04  7.1845E-06
 3.3372E+25  1.6951E-05  7.0961E+03  7.4643E-05  5.1695E-04  7.1845E-06
 3.3464E+25  1.6995E-05  7.0955E+03  7.4643E-05  5.1071E-04  7.1845E-06
 3.3557E+25  1.7222E-05  7.0949E+03  7.4643E-05  5.0463E-04  7.1845E-06
 3.3649E+25  1.7287E-05  7.0943E+03  7.4643E-05  4.9871E-04  7.1845E-06
 3.3742E+25  1.7276E-05  7.0938E+03  7.4643E-05  4.9287E-04  7.1845E-06
 3.3834E+25  1.7504E-05  7.0932E+03  7.4643E-05  4.8706E-04  7.1845E-06
 3.3927E+25  1.7636E-05  7.0927E+03  7.4643E-05  4.8130E-04  7.1845E-06
 3.4020E+25  1.7555E-05  7.0921E+03  7.4643E-05  4.7560E-04  7.1845E-06
 3.4112E+25  1.7785E-05  7.0916E+03  7.4643E-05  4.7005E-04  7.1845E-06
 3.4205E+25  1.7998E-05  7.0911E+03  7.4643E-05  4.6463E-04  7.1845E-06
 3.4297E+25  1.7834E-05  7.0905E+03  7.4643E-05  4.5932E-04  7.1845E-06
 3.4390E+25  1.8065E-05  7.0900E+03  7.4643E-05  4.5403E-04  7.1845E-06
 3.4482E+25  1.8303E-05  7.0895E+03  7.4643E-05  4.4877E-04  7.1845E-06
 3.4575E+25  1.8182E-05  7.0890E+03  7.4643E-05  4.4356E-04  7.1845E-06
 3.4668E+25  1.8345E-05  7.0885E+03  7.4643E-05  4.3847E-04  7.1845E-06
 3.4760E+25  1.8582E-05  7.0880E+03  7.4643E-05  4.3350E-04  7.1845E-06
 3.4853E+25  1.8569E-05  7.0875E+03  7.4643E-05  4.2865E-04  7.1845E-06
 3.4945E+25  1.8624E-05  7.0871E+03  7.4643E-05  4.2383E-04  7.1845E-06
 3.5038E+25  1.8861E-05  7.0866E+03  7.4643E-05  4.1903E-04  7.1845E-06
 3.5130E+25  1.8971E-05  7.0861E+03  7.4643E-05  4.1427E-04  7.1845E-06
 3.5223E+25  1.8901E-05  7.0857E+03  7.4643E-05  4.0958E-04  7.1845E-06
 3.5316E+25  1.9138E-05  7.0852E+03  7.4643E-05  4.0502E-04  7.1845E-06
 3.5408E+25  1.9378E-05  7.0848E+03  7.4643E-05  4.0055E-04  7.1845E-06
 3.5501E+25  1.9187E-05  7.0843E+03  7.4643E-05  3.9617E-04  7.1845E-06
 3.5593E+25  1.9416E-05  7.0839E+03  7.4643E-05  3.9178E-04  7.1845E-06
 3.5686E+25  1.9660E-05  7.0835E+03  7.4643E-05  3.8744E-04  7.1845E-06
 3.5778E+25  1.9612E-05  7.0830E+03  7.4643E-05  3.8313E-04  7.1845E-06
 3.5871E+25  1.9693E-05  7.0826E+03  7.4643E-05  3.7891E-04  7.1845E-06
 3.5964E+25  1.9936E-05  7.0822E+03  7.4643E-05  3.7478E-04  7.1845E-06
 3.6056E+25  2.0059E-05  7.0818E+03  7.4643E-05  3.7075E-04  7.1845E-06
 3.6149E+25  1.9968E-05  7.0814E+03  7.4643E-05  3.6677E-04  7.1845E-06
 3.6241E+25  2.0211E-05  7.0810E+03  7.4643E-05  3.6281E-04  7.1845E-06
 3.6334E+25  2.0462E-05  7.0806E+03  7.4643E-05  3.5886E-04  7.1845E-06
 3.6426E+25  2.0303E-05  7.0802E+03  7.4643E-05  3.5496E-04  7.1845E-06
 3.6519E+25  2.0487E-05  7.0798E+03  7.4643E-05  3.5113E-04  7.1845E-06
 3.6612E+25  2.0736E-05  7.0794E+03  7.4643E-05  3.4739E-04  7.1845E-06
 3.6704E+25  2.0782E-05  7.0790E+03  7.4643E-05  3.4375E-04  7.1845E-06
 3.6797E+25  2.0761E-05  7.0787E+03  7.4643E-05  3.4014E-04  7.1845E-06
 3.6889E+25  2.1009E-05  7.0783E+03  7.4643E-05  3.3653E-04  7.1845E-06
 3.6982E+25  2.1261E-05  7.0779E+03  7.4643E-05  3.3296E-04  7.1845E-06
 3.7074E+25  2.1053E-05  7.0776E+03  7.4643E-05  3.2941E-04  7.1845E-06
 3.7167E+25  2.1283E-05  7.0772E+03  7.4643E-05  3.2593E-04  7.1845E-06
 3.7260E+25  2.1536E-05  7.0769E+03  7.4643E-05  3.2253E-04  7.1845E-06
 3.7352E+25  2.1564E-05  7.0765E+03  7.4643E-05  3.1922E-04  7.1845E-06
 3.7445E+25  2.1556E-05  7.0762E+03  7.4643E-05  3.1594E-04  7.1845E-06
 3.7537E+25  2.1808E-05  7.0759E+03  7.4643E-05  3.1266E-04  7.1845E-06
 3.7630E+25  2.2066E-05  7.0755E+03  7.4643E-05  3.0942E-04  7.1845E-06
 3.7722E+25  2.1858E-05  7.0752E+03  7.4643E-05  3.0619E-04  7.1845E-06
 3.7815E+25  2.2081E-05  7.0749E+03  7.4643E-05  3.0302E-04  7.1845E-06
 3.7908E+25  2.2338E-05  7.0745E+03  7.4643E-05  2.9992E-04  7.1845E-06
 3.8000E+25  2.2409E-05  7.0742E+03  7.4643E-05  2.9688E-04  7.1845E-06
 3.8093E+25  2.2351E-05  7.0739E+03  7.4643E-05  2.9391E-04  7.1845E-06
 3.8185E+25  2.2608E-05  7.0736E+03  7.4643E-05  2.9094E-04  7.1845E-06
 3.8278E+25  2.2872E-05  7.0733E+03  7.4643E-05  2.8798E-04  7.1845E-06
 3.8370E+25  2.2730E-05  7.0730E+03  7.4643E-05  2.8505E-04  7.1845E-06
 3.8463E+25  2.2879E-05  7.0727E+03  7.4643E-05  2.8214E-04  7.1845E-06
 3.8556E+25  2.3140E-05  7.0724E+03  7.4643E-05  2.7931E-04  7.1845E-06
 3.8648E+25  2.3323E-05  7.0721E+03  7.4643E-05  2.7652E-04  7.1845E-06
 3.8741E+25  2.3148E-05  7.0718E+03  7.4643E-05  2.7380E-04  7.1845E-06
 3.8833E+25  2.3410E-05  7.0715E+03  7.4643E-05  2.7111E-04  7.1845E-06
 3.8926E+25  2.3675E-05  7.0712E+03  7.4643E-05  2.6843E-04  7.1845E-06
 3.9018E+25  2.3677E-05  7.0710E+03  7.4643E-05  2.6575E-04  7.1845E-06
 3.9111E+25  2.3679E-05  7.0707E+03  7.4643E-05  2.6310E-04  7.1845E-06
 3.9204E+25  2.3942E-05  7.0704E+03  7.4643E-05  2.6049E-04  7.1845E-06
 3.9296E+25  2.4213E-05  7.0701E+03  7.4643E-05  2.5793E-04  7.1845E-06
 3.9389E+25  2.4045E-05  7.0699E+03  7.4643E-05  2.5542E-04  7.1845E-06
 3.9481E+25  2.4212E-05  7.0696E+03  7.4643E-05  2.5298E-04  7.1845E-06
 3.9574E+25  2.4478E-05  7.0693E+03  7.4643E-05  2.5054E-04  7.1845E-06
 3.9666E+25  2.4702E-05  7.0691E+03  7.4643E-05  2.4811E-04  7.1845E-06
 3.9759E+25  2.4479E-05  7.0688E+03  7.4643E-05  2.4569E-04  7.1845E-06
 3.9852E+25  2.4747E-05  7.0686E+03  7.4643E-05  2.4329E-04  7.1845E-06
 3.9944E+25  2.5018E-05  7.0683E+03  7.4643E-05  2.4093E-04  7.1845E-06
 4.0037E+25  2.5107E-05  7.0681E+03  7.4643E-05  2.3862E-04  7.1845E-06
 4.0129E+25  2.5013E-05  7.0678E+03  7.4643E-05  2.3635E-04  7.1845E-06
 4.0222E+25  2.5285E-05  7.0676E+03  7.4643E-05  2.3414E-04  7.1845E-06
 4.0314E+25  2.5559E-05  7.0673E+03  7.4643E-05  2.3193E-04  7.1845E-06
 4.0407E+25  2.5528E-05  7.0671E+03  7.4643E-05  2.2973E-04  7.1845E-06
 4.0500E+25  2.5551E-05  7.0669E+03  7.4643E-05  2.2754E-04  7.1845E-06
 4.0592E+25  2.5825E-05  7.0666E+03  7.4643E-05  2.2537E-04  7.1845E-06
 4.0685E+25  2.6104E-05  7.0664E+03  7.4643E-05  2.2323E-04  7.1845E-06
 4.0777E+25  2.5966E-05  7.0662E+03  7.4643E-05  2.2113E-04  7.1845E-06
 4.0870E+25  2.6091E-05  7.0659E+03  7.4643E-05  2.1906E-04  7.1845E-06
 4.0962E+25  2.6367E-05  7.0657E+03  7.4643E-05  2.1706E-04  7.1845E-06
 4.1055E+25  2.6650E-05  7.0655E+03  7.4643E-05  2.1507E-04  7.1845E-06
 4.1148E+25  2.6423E-05  7.0653E+03  7.4643E-05  2.1307E-04  7.1845E-06
 4.1240E+25  2.6634E-05  7.0651E+03  7.4643E-05  2.1109E-04  7.1845E-06
 4.1333E+25  2.6913E-05  7.0648E+03  7.4643E-05  2.0912E-04  7.1845E-06
 4.1425E+25  2.7188E-05  7.0646E+03  7.4643E-05  2.0717E-04  7.1845E-06
 4.1518E+25  2.6909E-05  7.0644E+03  7.4643E-05  2.0526E-04  7.1845E-06
 4.1610E+25  2.7179E-05  7.0642E+03  7.4643E-05  2.0337E-04  7.1845E-06
 4.1703E+25  2.7460E-05  7.0640E+03  7.4643E-05  2.0154E-04  7.1845E-06
 4.1796E+25  2.7700E-05  7.0638E+03  7.4643E-05  1.9974E-04  7.1845E-06
 4.1888E+25  2.7444E-05  7.0636E+03  7.4643E-05  1.9793E-04  7.1845E-06
 4.1981E+25  2.7726E-05  7.0634E+03  7.4643E-05  1.9613E-04  7.1845E-06
 4.2073E+25  2.8010E-05  7.0632E+03  7.4643E-05  1.9435E-04  7.1845E-06
 4.2166E+25  2.8222E-05  7.0630E+03  7.4643E-05  1.9257E-04  7.1845E-06
 4.2258E+25  2.7990E-05  7.0628E+03  7.4643E-05  1.9082E-04  7.1845E-06
 4.2351E+25  2.8276E-05  7.0626E+03  7.4643E-05  1.8911E-04  7.1845E-06
 4.2443E+25  2.8563E-05  7.0624E+03  7.4643E-05  1.8742E-04  7.1845E-06
 4.2536E+25  2.8766E-05  7.0622E+03  7.4643E-05  1.8578E-04  7.1845E-06
 4.2629E+25  2.8540E-05  7.0621E+03  7.4643E-05  1.8415E-04  7.1845E-06
 4.2721E+25  2.8827E-05  7.0619E+03  7.4643E-05  1.8252E-04  7.1845E-06
 4.2814E+25  2.9118E-05  7.0617E+03  7.4643E-05  1.8089E-04  7.1845E-06
 4.2906E+25  2.9332E-05  7.0615E+03  7.4643E-05  1.7928E-04  7.1845E-06
 4.2999E+25  2.9092E-05  7.0613E+03  7.4643E-05  1.7768E-04  7.1845E-06
 4.3091E+25  2.9381E-05  7.0612E+03  7.4643E-05  1.7610E-04  7.1845E-06
 4.3184E+25  2.9675E-05  7.0610E+03  7.4643E-05  1.7455E-04  7.1845E-06
 4.3277E+25  2.9921E-05  7.0608E+03  7.4643E-05  1.7303E-04  7.1845E-06
 4.3369E+25  2.9647E-05  7.0606E+03  7.4643E-05  1.7156E-04  7.1845E-06
 4.3462E+25  2.9937E-05  7.0605E+03  7.4643E-05  1.7008E-04  7.1845E-06
 4.3554E+25  3.0235E-05  7.0603E+03  7.4643E-05  1.6861E-04  7.1845E-06
 4.3647E+25  3.0522E-05  7.0601E+03  7.4643E-05  1.6714E-04  7.1845E-06
 4.3739E+25  3.0216E-05  7.0600E+03  7.4643E-05  1.6569E-04  7.1845E-06
 4.3832E+25  3.0496E-05  7.0598E+03  7.4643E-05  1.6424E-04  7.1845E-06
 4.3925E+25  3.0797E-05  7.0596E+03  7.4643E-05  1.6282E-04  7.1845E-06
 4.4017E+25  3.1097E-05  7.0595E+03  7.4643E-05  1.6141E-04  7.1845E-06
 4.4110E+25  3.0839E-05  7.0593E+03  7.4643E-05  1.6003E-04  7.1845E-06
 4.4202E+25  3.1058E-05  7.0592E+03  7.4643E-05  1.5870E-04  7.1845E-06
 4.4295E+25  3.1362E-05  7.0590E+03  7.4643E-05  1.5737E-04  7.1845E-06
 4.4387E+25  3.1664E-05  7.0589E+03  7.4643E-05  1.5604E-04  7.1845E-06
 4.4480E+25  3.1497E-05  7.0587E+03  7.4643E-05  1.5471E-04  7.1845E-06
 4.4573E+25  3.1624E-05  7.0585E+03  7.4643E-05  1.5339E-04  7.1845E-06
 4.4665E+25  3.1928E-05  7.0584E+03  7.4643E-05  1.5209E-04  7.1845E-06
 4.4758E+25  3.2234E-05  7.0582E+03  7.4643E-05  1.5079E-04  7.1845E-06
 4.4850E+25  3.2183E-05  7.0581E+03  7.4643E-05  1.4952E-04  7.1845E-06
 4.4943E+25  3.2193E-05  7.0579E+03  7.4643E-05  1.4826E-04  7.1845E-06
 4.5035E+25  3.2495E-05  7.0578E+03  7.4643E-05  1.4705E-04  7.1845E-06
 4.5128E+25  3.2806E-05  7.0577E+03  7.4643E-05  1.4585E-04  7.1845E-06
 4.5221E+25  3.2897E-05  7.0575E+03  7.4643E-05  1.4464E-04  7.1845E-06
 4.5313E+25  3.2762E-05  7.0574E+03  7.4643E-05  1.4345E-04  7.1845E-06
 4.5406E+25  3.3067E-05  7.0572E+03  7.4643E-05  1.4225E-04  7.1845E-06
 4.5498E+25  3.3381E-05  7.0571E+03  7.4643E-05  1.4107E-04  7.1845E-06
 4.5591E+25  3.3642E-05  7.0570E+03  7.4643E-05  1.3989E-04  7.1845E-06
 4.5683E+25  3.3332E-05  7.0568E+03  7.4643E-05  1.3873E-04  7.1845E-06
 4.5776E+25  3.3644E-05  7.0567E+03  7.4643E-05  1.3759E-04  7.1845E-06
 4.5869E+25  3.3957E-05  7.0566E+03  7.4643E-05  1.3646E-04  7.1845E-06
 4.5961E+25  3.4273E-05  7.0564E+03  7.4643E-05  1.3538E-04  7.1845E-06
 4.6054E+25  3.4049E-05  7.0563E+03  7.4643E-05  1.3429E-04  7.1845E-06
 4.6146E+25  3.4223E-05  7.0562E+03  7.4643E-05  1.3321E-04  7.1845E-06
 4.6239E+25  3.4535E-05  7.0560E+03  7.4643E-05  1.3213E-04  7.1845E-06
 4.6331E+25  3.4856E-05  7.0559E+03  7.4643E-05  1.3106E-04  7.1845E-06
 4.6424E+25  3.4848E-05  7.0558E+03  7.4643E-05  1.2999E-04  7.1845E-06
 4.6517E+25  3.4802E-05  7.0557E+03  7.4643E-05  1.2893E-04  7.1845E-06
 4.6609E+25  3.5119E-05  7.0555E+03  7.4643E-05  1.2788E-04  7.1845E-06
 4.6702E+25  3.5441E-05  7.0554E+03  7.4643E-05  1.2685E-04  7.1845E-06
 4.6794E+25  3.5682E-05  7.0553E+03  7.4643E-05  1.2584E-04  7.1845E-06
 4.6887E+25  3.5381E-05  7.0552E+03  7.4643E-05  1.2486E-04  7.1845E-06
 4.6979E+25  3.5707E-05  7.0550E+03  7.4643E-05  1.2389E-04  7.1845E-06
 4.7072E+25  3.6026E-05  7.0549E+03  7.4643E-05  1.2291E-04  7.1845E-06
 4.7165E+25  3.6355E-05  7.0548E+03  7.4643E-05  1.2194E-04  7.1845E-06
 4.7257E+25  3.6159E-05  7.0547E+03  7.4643E-05  1.2097E-04  7.1845E-06
 4.7350E+25  3.6294E-05  7.0546E+03  7.4643E-05  1.2001E-04  7.1845E-06
 4.7442E+25  3.6619E-05  7.0545E+03  7.4643E-05  1.1905E-04  7.1845E-06
 4.7535E+25  3.6948E-05  7.0543E+03  7.4643E-05  1.1811E-04  7.1845E-06
 4.7627E+25  3.7056E-05  7.0542E+03  7.4643E-05  1.1717E-04  7.1845E-06
 4.7720E+25  3.6881E-05  7.0541E+03  7.4643E-05  1.1626E-04  7.1845E-06
 4.7813E+25  3.7216E-05  7.0540E+03  7.4643E-05  1.1537E-04  7.1845E-06
 4.7905E+25  3.7541E-05  7.0539E+03  7.4643E-05  1.1449E-04  7.1845E-06
 4.7998E+25  3.7877E-05  7.0538E+03  7.4643E-05  1.1361E-04  7.1845E-06
 4.8090E+25  3.7585E-05  7.0537E+03  7.4643E-05  1.1273E-04  7.1845E-06
 4.8183E+25  3.7810E-05  7.0536E+03  7.4643E-05  1.1186E-04  7.1845E-06
 4.8275E+25  3.8144E-05  7.0535E+03  7.4643E-05  1.1099E-04  7.1845E-06
 4.8368E+25  3.8477E-05  7.0534E+03  7.4643E-05  1.1012E-04  7.1845E-06
 4.8461E+25  3.8550E-05  7.0532E+03  7.4643E-05  1.0927E-04  7.1845E-06
 4.8553E+25  3.8405E-05  7.0532E+03  7.4643E-05  1.0842E-04  7.1845E-06
 4.8646E+25  3.8748E-05  7.0530E+03  7.4643E-05  1.0759E-04  7.1845E-06
 4.8738E+25  3.9082E-05  7.0529E+03  7.4643E-05  1.0678E-04  7.1845E-06
 4.8831E+25  3.9423E-05  7.0528E+03  7.4643E-05  1.0599E-04  7.1845E-06
 4.8923E+25  3.9136E-05  7.0527E+03  7.4643E-05  1.0520E-04  7.1845E-06
 4.9016E+25  3.9349E-05  7.0526E+03  7.4643E-05  1.0440E-04  7.1845E-06
 4.9109E+25  3.9695E-05  7.0525E+03  7.4643E-05  1.0361E-04  7.1845E-06
 4.9201E+25  4.0031E-05  7.0524E+03  7.4643E-05  1.0283E-04  7.1845E-06
 4.9294E+25  4.0170E-05  7.0523E+03  7.4643E-05  1.0204E-04  7.1845E-06
 4.9386E+25  3.9956E-05  7.0523E+03  7.4643E-05  1.0127E-04  7.1845E-06
 4.9479E+25  4.0304E-05  7.0522E+03  7.4643E-05  1.0050E-04  7.1845E-06
 4.9571E+25  4.0651E-05  7.0521E+03  7.4643E-05  9.9740E-05  7.1845E-06
 4.9664E+25  4.0994E-05  7.0520E+03  7.4643E-05  9.8990E-05  7.1845E-06
 4.9757E+25  4.0818E-05  7.0519E+03  7.4643E-05  9.8269E-05  7.1845E-06
 4.9849E+25  4.0914E-05  7.0518E+03  7.4643E-05  9.7555E-05  7.1845E-06
 4.9942E+25  4.1269E-05  7.0517E+03  7.4643E-05  9.6843E-05  7.1845E-06
 5.0034E+25  4.1617E-05  7.0516E+03  7.4643E-05  9.6130E-05  7.1845E-06
 5.0127E+25  4.1922E-05  7.0515E+03  7.4643E-05  9.5419E-05  7.1845E-06
 5.0219E+25  4.1540E-05  7.0514E+03  7.4643E-05  9.4712E-05  7.1845E-06
 5.0312E+25  4.1884E-05  7.0513E+03  7.4643E-05  9.4008E-05  7.1845E-06
 5.0405E+25  4.2244E-05  7.0512E+03  7.4643E-05  9.3307E-05  7.1845E-06
 5.0497E+25  4.2594E-05  7.0511E+03  7.4643E-05  9.2616E-05  7.1845E-06
 5.0590E+25  4.2637E-05  7.0510E+03  7.4643E-05  9.1932E-05  7.1845E-06
 5.0682E+25  4.2515E-05  7.0510E+03  7.4643E-05  9.1255E-05  7.1845E-06
 5.0775E+25  4.2866E-05  7.0509E+03  7.4643E-05  9.0605E-05  7.1845E-06
 5.0867E+25  4.3230E-05  7.0508E+03  7.4643E-05  8.9962E-05  7.1845E-06
 5.0960E+25  4.3583E-05  7.0507E+03  7.4643E-05  8.9321E-05  7.1845E-06
 5.1053E+25  4.3383E-05  7.0506E+03  7.4643E-05  8.8679E-05  7.1845E-06
 5.1145E+25  4.3502E-05  7.0505E+03  7.4643E-05  8.8039E-05  7.1845E-06
 5.1238E+25  4.3859E-05  7.0505E+03  7.4643E-05  8.7402E-05  7.1845E-06
 5.1330E+25  4.4227E-05  7.0504E+03  7.4643E-05  8.6768E-05  7.1845E-06
 5.1423E+25  4.4570E-05  7.0503E+03  7.4643E-05  8.6136E-05  7.1845E-06
 5.1515E+25  4.4175E-05  7.0502E+03  7.4643E-05  8.5512E-05  7.1845E-06
 5.1608E+25  4.4500E-05  7.0501E+03  7.4643E-05  8.4894E-05  7.1845E-06
 5.1701E+25  4.4863E-05  7.0501E+03  7.4643E-05  8.4280E-05  7.1845E-06
 5.1793E+25  4.5235E-05  7.0500E+03  7.4643E-05  8.3687E-05  7.1845E-06
 5.1886E+25  4.5418E-05  7.0499E+03  7.4643E-05  8.3107E-05  7.1845E-06
 5.1978E+25  4.5151E-05  7.0498E+03  7.4643E-05  8.2530E-05  7.1845E-06
 5.2071E+25  4.5511E-05  7.0497E+03  7.4643E-05  8.1953E-05  7.1845E-06
 5.2163E+25  4.5879E-05  7.0497E+03  7.4643E-05  8.1376E-05  7.1845E-06
 5.2256E+25  4.6255E-05  7.0496E+03  7.4643E-05  8.0802E-05  7.1845E-06
 5.2349E+25  4.6271E-05  7.0495E+03  7.4643E-05  8.0230E-05  7.1845E-06
 5.2441E+25  4.6169E-05  7.0494E+03  7.4643E-05  7.9661E-05  7.1845E-06
 5.2534E+25  4.6535E-05  7.0494E+03  7.4643E-05  7.9094E-05  7.1845E-06
 5.2626E+25  4.6906E-05  7.0493E+03  7.4643E-05  7.8535E-05  7.1845E-06
 5.2719E+25  4.7287E-05  7.0492E+03  7.4643E-05  7.7980E-05  7.1845E-06
 5.2811E+25  4.7160E-05  7.0491E+03  7.4643E-05  7.7430E-05  7.1845E-06
 5.2904E+25  4.7200E-05  7.0491E+03  7.4643E-05  7.6903E-05  7.1845E-06
 5.2997E+25  4.7571E-05  7.0490E+03  7.4643E-05  7.6383E-05  7.1845E-06
 5.3089E+25  4.7944E-05  7.0489E+03  7.4643E-05  7.5865E-05  7.1845E-06
 5.3182E+25  4.8331E-05  7.0488E+03  7.4643E-05  7.5346E-05  7.1845E-06
 5.3274E+25  4.8088E-05  7.0488E+03  7.4643E-05  7.4828E-05  7.1845E-06
 5.3367E+25  4.8244E-05  7.0487E+03  7.4643E-05  7.4311E-05  7.1845E-06
 5.3459E+25  4.8620E-05  7.0486E+03  7.4643E-05  7.3798E-05  7.1845E-06
 5.3552E+25  4.8996E-05  7.0486E+03  7.4643E-05  7.3286E-05  7.1845E-06
 5.3645E+25  4.9386E-05  7.0485E+03  7.4643E-05  7.2776E-05  7.1845E-06
 5.3737E+25  4.9056E-05  7.0484E+03  7.4643E-05  7.2274E-05  7.1845E-06
 5.3830E+25  4.9300E-05  7.0484E+03  7.4643E-05  7.1774E-05  7.1845E-06
 5.3922E+25  4.9682E-05  7.0483E+03  7.4643E-05  7.1279E-05  7.1845E-06
 5.4015E+25  5.0060E-05  7.0482E+03  7.4643E-05  7.0805E-05  7.1845E-06
 5.4107E+25  5.0451E-05  7.0481E+03  7.4643E-05  7.0338E-05  7.1845E-06
 5.4200E+25  5.0067E-05  7.0481E+03  7.4643E-05  6.9873E-05  7.1845E-06
 5.4292E+25  5.0369E-05  7.0480E+03  7.4643E-05  6.9406E-05  7.1845E-06
 5.4385E+25  5.0758E-05  7.0480E+03  7.4643E-05  6.8940E-05  7.1845E-06
 5.4478E+25  5.1138E-05  7.0479E+03  7.4643E-05  6.8476E-05  7.1845E-06
 5.4570E+25  5.1528E-05  7.0478E+03  7.4643E-05  6.8014E-05  7.1845E-06
 5.4663E+25  5.1121E-05  7.0478E+03  7.4643E-05  6.7554E-05  7.1845E-06
 5.4755E+25  5.1450E-05  7.0477E+03  7.4643E-05  6.7094E-05  7.1845E-06
 5.4848E+25  5.1846E-05  7.0476E+03  7.4643E-05  6.6641E-05  7.1845E-06
 5.4940E+25  5.2233E-05  7.0476E+03  7.4643E-05  6.6191E-05  7.1845E-06
 5.5033E+25  5.2621E-05  7.0475E+03  7.4643E-05  6.5742E-05  7.1845E-06
 5.5126E+25  5.2213E-05  7.0474E+03  7.4643E-05  6.5311E-05  7.1845E-06
 5.5218E+25  5.2546E-05  7.0474E+03  7.4643E-05  6.4889E-05  7.1845E-06
 5.5311E+25  5.2949E-05  7.0473E+03  7.4643E-05  6.4471E-05  7.1845E-06
 5.5403E+25  5.3343E-05  7.0473E+03  7.4643E-05  6.4053E-05  7.1845E-06
 5.5496E+25  5.3731E-05  7.0472E+03  7.4643E-05  6.3633E-05  7.1845E-06
 5.5588E+25  5.3340E-05  7.0471E+03  7.4643E-05  6.3216E-05  7.1845E-06
 5.5681E+25  5.3662E-05  7.0471E+03  7.4643E-05  6.2800E-05  7.1845E-06
 5.5774E+25  5.4065E-05  7.0470E+03  7.4643E-05  6.2385E-05  7.1845E-06
 5.5866E+25  5.4467E-05  7.0470E+03  7.4643E-05  6.1972E-05  7.1845E-06
 5.5959E+25  5.4860E-05  7.0469E+03  7.4643E-05  6.1561E-05  7.1845E-06
 5.6051E+25  5.4508E-05  7.0468E+03  7.4643E-05  6.1155E-05  7.1845E-06
 5.6144E+25  5.4795E-05  7.0468E+03  7.4643E-05  6.0751E-05  7.1845E-06
 5.6236E+25  5.5193E-05  7.0467E+03  7.4643E-05  6.0350E-05  7.1845E-06
 5.6329E+25  5.5605E-05  7.0467E+03  7.4643E-05  5.9967E-05  7.1845E-06
 5.6422E+25  5.6005E-05  7.0466E+03  7.4643E-05  5.9589E-05  7.1845E-06
 5.6514E+25  5.5723E-05  7.0466E+03  7.4643E-05  5.9214E-05  7.1845E-06
 5.6607E+25  5.5942E-05  7.0465E+03  7.4643E-05  5.8838E-05  7.1845E-06
 5.6699E+25  5.6338E-05  7.0465E+03  7.4643E-05  5.8462E-05  7.1845E-06
 5.6792E+25  5.6756E-05  7.0464E+03  7.4643E-05  5.8087E-05  7.1845E-06
 5.6884E+25  5.7168E-05  7.0463E+03  7.4643E-05  5.7714E-05  7.1845E-06
 5.6977E+25  5.6983E-05  7.0463E+03  7.4643E-05  5.7342E-05  7.1845E-06
 5.7070E+25  5.7099E-05  7.0462E+03  7.4643E-05  5.6970E-05  7.1845E-06
 5.7162E+25  5.7507E-05  7.0462E+03  7.4643E-05  5.6602E-05  7.1845E-06
 5.7255E+25  5.7922E-05  7.0461E+03  7.4643E-05  5.6237E-05  7.1845E-06
 5.7347E+25  5.8342E-05  7.0461E+03  7.4643E-05  5.5873E-05  7.1845E-06
 5.7440E+25  5.8297E-05  7.0460E+03  7.4643E-05  5.5513E-05  7.1845E-06
 5.7532E+25  5.8272E-05  7.0460E+03  7.4643E-05  5.5168E-05  7.1845E-06
 5.7625E+25  5.8695E-05  7.0459E+03  7.4643E-05  5.4829E-05  7.1845E-06
 5.7718E+25  5.9101E-05  7.0459E+03  7.4643E-05  5.4492E-05  7.1845E-06
 5.7810E+25  5.9531E-05  7.0458E+03  7.4643E-05  5.4155E-05  7.1845E-06
 5.7903E+25  5.9663E-05  7.0457E+03  7.4643E-05  5.3817E-05  7.1845E-06
 5.7995E+25  5.9460E-05  7.0457E+03  7.4643E-05  5.3480E-05  7.1845E-06
 5.8088E+25  5.9890E-05  7.0456E+03  7.4643E-05  5.3145E-05  7.1845E-06
 5.8180E+25  6.0309E-05  7.0456E+03  7.4643E-05  5.2811E-05  7.1845E-06
 5.8273E+25  6.0735E-05  7.0455E+03  7.4643E-05  5.2477E-05  7.1845E-06
 5.8366E+25  6.1073E-05  7.0455E+03  7.4643E-05  5.2145E-05  7.1845E-06
 5.8458E+25  6.0674E-05  7.0454E+03  7.4643E-05  5.1817E-05  7.1845E-06
 5.8551E+25  6.1101E-05  7.0454E+03  7.4643E-05  5.1489E-05  7.1845E-06
 5.8643E+25  6.1537E-05  7.0453E+03  7.4643E-05  5.1163E-05  7.1845E-06
 5.8736E+25  6.1954E-05  7.0453E+03  7.4643E-05  5.0848E-05  7.1845E-06
 5.8828E+25  6.2391E-05  7.0452E+03  7.4643E-05  5.0542E-05  7.1845E-06
 5.8921E+25  6.2048E-05  7.0452E+03  7.4643E-05  5.0239E-05  7.1845E-06
 5.9014E+25  6.2331E-05  7.0451E+03  7.4643E-05  4.9937E-05  7.1845E-06
 5.9106E+25  6.2771E-05  7.0451E+03  7.4643E-05  4.9634E-05  7.1845E-06
 5.9199E+25  6.3205E-05  7.0450E+03  7.4643E-05  4.9332E-05  7.1845E-06
 5.9291E+25  6.3638E-05  7.0450E+03  7.4643E-05  4.9031E-05  7.1845E-06
 5.9384E+25  6.3553E-05  7.0449E+03  7.4643E-05  4.8730E-05  7.1845E-06
 5.9476E+25  6.3591E-05  7.0449E+03  7.4643E-05  4.8430E-05  7.1845E-06
 5.9569E+25  6.4023E-05  7.0448E+03  7.4643E-05  4.8131E-05  7.1845E-06
 5.9662E+25  6.4471E-05  7.0448E+03  7.4643E-05  4.7834E-05  7.1845E-06
 5.9754E+25  6.4903E-05  7.0447E+03  7.4643E-05  4.7539E-05  7.1845E-06
 5.9847E+25  6.5108E-05  7.0447E+03  7.4643E-05  4.7245E-05  7.1845E-06
 5.9939E+25  6.4868E-05  7.0447E+03  7.4643E-05  4.6953E-05  7.1845E-06
 6.0032E+25  6.5302E-05  7.0446E+03  7.4643E-05  4.6674E-05  7.1845E-06
 6.0124E+25  6.5747E-05  7.0446E+03  7.4643E-05  4.6399E-05  7.1845E-06
 6.0217E+25  6.6200E-05  7.0445E+03  7.4643E-05  4.6128E-05  7.1845E-06
 6.0310E+25  6.6624E-05  7.0445E+03  7.4643E-05  4.5857E-05  7.1845E-06
 6.0402E+25  6.6245E-05  7.0444E+03  7.4643E-05  4.5585E-05  7.1845E-06
 6.0495E+25  6.6607E-05  7.0444E+03  7.4643E-05  4.5314E-05  7.1845E-06
 6.0587E+25  6.7046E-05  7.0443E+03  7.4643E-05  4.5044E-05  7.1845E-06
 6.0680E+25  6.7502E-05  7.0443E+03  7.4643E-05  4.4775E-05  7.1845E-06
 6.0772E+25  6.7956E-05  7.0442E+03  7.4643E-05  4.4506E-05  7.1845E-06
 6.0865E+25  6.7888E-05  7.0442E+03  7.4643E-05  4.4238E-05  7.1845E-06
 6.0958E+25  6.7929E-05  7.0442E+03  7.4643E-05  4.3971E-05  7.1845E-06
 6.1050E+25  6.8379E-05  7.0441E+03  7.4643E-05  4.3706E-05  7.1845E-06
 6.1143E+25  6.8825E-05  7.0441E+03  7.4643E-05  4.3442E-05  7.1845E-06
 6.1235E+25  6.9290E-05  7.0440E+03  7.4643E-05  4.3179E-05  7.1845E-06
 6.1328E+25  6.9602E-05  7.0440E+03  7.4643E-05  4.2926E-05  7.1845E-06
 6.1420E+25  6.9269E-05  7.0439E+03  7.4643E-05  4.2680E-05  7.1845E-06
 6.1513E+25  6.9727E-05  7.0439E+03  7.4643E-05  4.2435E-05  7.1845E-06
 6.1606E+25  7.0184E-05  7.0438E+03  7.4643E-05  4.2193E-05  7.1845E-06
 6.1698E+25  7.0638E-05  7.0438E+03  7.4643E-05  4.1950E-05  7.1845E-06
 6.1791E+25  7.1109E-05  7.0438E+03  7.4643E-05  4.1706E-05  7.1845E-06
 6.1883E+25  7.0891E-05  7.0437E+03  7.4643E-05  4.1464E-05  7.1845E-06
 6.1976E+25  7.1097E-05  7.0437E+03  7.4643E-05  4.1222E-05  7.1845E-06
 6.2068E+25  7.1560E-05  7.0436E+03  7.4643E-05  4.0981E-05  7.1845E-06
 6.2161E+25  7.2023E-05  7.0436E+03  7.4643E-05  4.0740E-05  7.1845E-06
 6.2254E+25  7.2486E-05  7.0435E+03  7.4643E-05  4.0500E-05  7.1845E-06
 6.2346E+25  7.2717E-05  7.0435E+03  7.4643E-05  4.0262E-05  7.1845E-06
 6.2439E+25  7.2484E-05  7.0435E+03  7.4643E-05  4.0025E-05  7.1845E-06
 6.2531E+25  7.2960E-05  7.0434E+03  7.4643E-05  3.9788E-05  7.1845E-06
 6.2624E+25  7.3429E-05  7.0434E+03  7.4643E-05  3.9555E-05  7.1845E-06
 6.2716E+25  7.3898E-05  7.0433E+03  7.4643E-05  3.9332E-05  7.1845E-06
 6.2809E+25  7.4366E-05  7.0433E+03  7.4643E-05  3.9111E-05  7.1845E-06
 6.2902E+25  7.4128E-05  7.0433E+03  7.4643E-05  3.8893E-05  7.1845E-06
 6.2994E+25  7.4375E-05  7.0432E+03  7.4643E-05  3.8676E-05  7.1845E-06
 6.3087E+25  7.4859E-05  7.0432E+03  7.4643E-05  3.8458E-05  7.1845E-06
 6.3179E+25  7.5333E-05  7.0431E+03  7.4643E-05  3.8240E-05  7.1845E-06
 6.3272E+25  7.5810E-05  7.0431E+03  7.4643E-05  3.8023E-05  7.1845E-06
 6.3364E+25  7.6043E-05  7.0430E+03  7.4643E-05  3.7807E-05  7.1845E-06
 6.3457E+25  7.5839E-05  7.0430E+03  7.4643E-05  3.7590E-05  7.1845E-06
 6.3550E+25  7.6304E-05  7.0430E+03  7.4643E-05  3.7375E-05  7.1845E-06
 6.3642E+25  7.6795E-05  7.0429E+03  7.4643E-05  3.7159E-05  7.1845E-06
 6.3735E+25  7.7275E-05  7.0429E+03  7.4643E-05  3.6946E-05  7.1845E-06
 6.3827E+25  7.7758E-05  7.0428E+03  7.4643E-05  3.6733E-05  7.1845E-06
 6.3920E+25  7.7574E-05  7.0428E+03  7.4643E-05  3.6521E-05  7.1845E-06
 6.4012E+25  7.7799E-05  7.0428E+03  7.4643E-05  3.6312E-05  7.1845E-06
 6.4105E+25  7.8271E-05  7.0427E+03  7.4643E-05  3.6112E-05  7.1845E-06
 6.4198E+25  7.8769E-05  7.0427E+03  7.4643E-05  3.5915E-05  7.1845E-06
 6.4290E+25  7.9256E-05  7.0426E+03  7.4643E-05  3.5719E-05  7.1845E-06
 6.4383E+25  7.9612E-05  7.0426E+03  7.4643E-05  3.5525E-05  7.1845E-06
 6.4475E+25  7.9302E-05  7.0426E+03  7.4643E-05  3.5329E-05  7.1845E-06
 6.4568E+25  7.9798E-05  7.0425E+03  7.4643E-05  3.5134E-05  7.1845E-06
 6.4660E+25  8.0277E-05  7.0425E+03  7.4643E-05  3.4940E-05  7.1845E-06
 6.4753E+25  8.0782E-05  7.0424E+03  7.4643E-05  3.4745E-05  7.1845E-06
 6.4846E+25  8.1275E-05  7.0424E+03  7.4643E-05  3.4552E-05  7.1845E-06
 6.4938E+25  8.1269E-05  7.0424E+03  7.4643E-05  3.4359E-05  7.1845E-06
 6.5031E+25  8.1336E-05  7.0423E+03  7.4643E-05  3.4165E-05  7.1845E-06
 6.5123E+25  8.1838E-05  7.0423E+03  7.4643E-05  3.3974E-05  7.1845E-06
 6.5216E+25  8.2325E-05  7.0422E+03  7.4643E-05  3.3782E-05  7.1845E-06
 6.5308E+25  8.2835E-05  7.0422E+03  7.4643E-05  3.3592E-05  7.1845E-06
 6.5401E+25  8.3322E-05  7.0422E+03  7.4643E-05  3.3402E-05  7.1845E-06
 6.5494E+25  8.3006E-05  7.0421E+03  7.4643E-05  3.3221E-05  7.1845E-06
 6.5586E+25  8.3412E-05  7.0421E+03  7.4643E-05  3.3043E-05  7.1845E-06
 6.5679E+25  8.3919E-05  7.0421E+03  7.4643E-05  3.2867E-05  7.1845E-06
 6.5771E+25  8.4414E-05  7.0420E+03  7.4643E-05  3.2693E-05  7.1845E-06
 6.5864E+25  8.4930E-05  7.0420E+03  7.4643E-05  3.2519E-05  7.1845E-06
 6.5956E+25  8.5192E-05  7.0420E+03  7.4643E-05  3.2344E-05  7.1845E-06
 6.6049E+25  8.5033E-05  7.0419E+03  7.4643E-05  3.2169E-05  7.1845E-06
 6.6142E+25  8.5531E-05  7.0419E+03  7.4643E-05  3.1995E-05  7.1845E-06
 6.6234E+25  8.6043E-05  7.0418E+03  7.4643E-05  3.1821E-05  7.1845E-06
 6.6327E+25  8.6547E-05  7.0418E+03  7.4643E-05  3.1648E-05  7.1845E-06
 6.6419E+25  8.7066E-05  7.0417E+03  7.4643E-05  3.1475E-05  7.1845E-06
 6.6512E+25  8.7047E-05  7.0417E+03  7.4643E-05  3.1302E-05  7.1845E-06
 6.6604E+25  8.7189E-05  7.0417E+03  7.4643E-05  3.1131E-05  7.1845E-06
 6.6697E+25  8.7695E-05  7.0416E+03  7.4643E-05  3.0960E-05  7.1845E-06
 6.6789E+25  8.8210E-05  7.0416E+03  7.4643E-05  3.0789E-05  7.1845E-06
 6.6882E+25  8.8726E-05  7.0416E+03  7.4643E-05  3.0620E-05  7.1845E-06
 6.6975E+25  8.9235E-05  7.0415E+03  7.4643E-05  3.0458E-05  7.1845E-06
 6.7067E+25  8.8984E-05  7.0415E+03  7.4643E-05  3.0299E-05  7.1845E-06
 6.7160E+25  8.9388E-05  7.0415E+03  7.4643E-05  3.0142E-05  7.1845E-06
 6.7252E+25  8.9908E-05  7.0414E+03  7.4643E-05  2.9986E-05  7.1845E-06
 6.7345E+25  9.0424E-05  7.0414E+03  7.4643E-05  2.9830E-05  7.1845E-06
 6.7437E+25  9.0950E-05  7.0413E+03  7.4643E-05  2.9673E-05  7.1845E-06
 6.7530E+25  9.1331E-05  7.0413E+03  7.4643E-05  2.9517E-05  7.1845E-06
 6.7623E+25  9.1113E-05  7.0413E+03  7.4643E-05  2.9361E-05  7.1845E-06
 6.7715E+25  9.1634E-05  7.0412E+03  7.4643E-05  2.9206E-05  7.1845E-06
 6.7808E+25  9.2166E-05  7.0412E+03  7.4643E-05  2.9051E-05  7.1845E-06
 6.7900E+25  9.2687E-05  7.0412E+03  7.4643E-05  2.8896E-05  7.1845E-06
 6.7993E+25  9.3220E-05  7.0411E+03  7.4643E-05  2.8741E-05  7.1845E-06
 6.8085E+25  9.3390E-05  7.0411E+03  7.4643E-05  2.8587E-05  7.1845E-06
 6.8178E+25  9.3400E-05  7.0410E+03  7.4643E-05  2.8434E-05  7.1845E-06
 6.8271E+25  9.3931E-05  7.0410E+03  7.4643E-05  2.8281E-05  7.1845E-06
 6.8363E+25  9.4472E-05  7.0410E+03  7.4643E-05  2.8128E-05  7.1845E-06
 6.8456E+25  9.4999E-05  7.0409E+03  7.4643E-05  2.7982E-05  7.1845E-06
 6.8548E+25  9.5534E-05  7.0409E+03  7.4643E-05  2.7839E-05  7.1845E-06
 6.8641E+25  9.5526E-05  7.0409E+03  7.4643E-05  2.7697E-05  7.1845E-06
 6.8733E+25  9.5736E-05  7.0408E+03  7.4643E-05  2.7558E-05  7.1845E-06
 6.8826E+25  9.6280E-05  7.0408E+03  7.4643E-05  2.7418E-05  7.1845E-06
 6.8919E+25  9.6821E-05  7.0407E+03  7.4643E-05  2.7278E-05  7.1845E-06
 6.9011E+25  9.7364E-05  7.0407E+03  7.4643E-05  2.7138E-05  7.1845E-06
 6.9104E+25  9.7894E-05  7.0407E+03  7.4643E-05  2.6999E-05  7.1845E-06
 6.9196E+25  9.7746E-05  7.0407E+03  7.4643E-05  2.6860E-05  7.1845E-06
 6.9289E+25  9.8122E-05  7.0406E+03  7.4643E-05  2.6721E-05  7.1845E-06
 6.9381E+25  9.8677E-05  7.0406E+03  7.4643E-05  2.6582E-05  7.1845E-06
 6.9474E+25  9.9222E-05  7.0405E+03  7.4643E-05  2.6443E-05  7.1845E-06
 6.9567E+25  9.9778E-05  7.0405E+03  7.4643E-05  2.6305E-05  7.1845E-06
 6.9659E+25  1.0029E-04  7.0405E+03  7.4643E-05  2.6167E-05  7.1845E-06
 6.9752E+25  1.0006E-04  7.0404E+03  7.4643E-05  2.6030E-05  7.1845E-06
 6.9844E+25  1.0056E-04  7.0404E+03  7.4643E-05  2.5893E-05  7.1845E-06
 6.9937E+25  1.0112E-04  7.0403E+03  7.4643E-05  2.5757E-05  7.1845E-06
 7.0029E+25  1.0168E-04  7.0403E+03  7.4643E-05  2.5628E-05  7.1845E-06
 7.0122E+25  1.0224E-04  7.0403E+03  7.4643E-05  2.5500E-05  7.1845E-06
 7.0215E+25  1.0268E-04  7.0402E+03  7.4643E-05  2.5373E-05  7.1845E-06
 7.0307E+25  1.0251E-04  7.0402E+03  7.4643E-05  2.5249E-05  7.1845E-06
 7.0400E+25  1.0306E-04  7.0402E+03  7.4643E-05  2.5124E-05  7.1845E-06
 7.0492E+25  1.0362E-04  7.0401E+03  7.4643E-05  2.4999E-05  7.1845E-06
 7.0585E+25  1.0419E-04  7.0401E+03  7.4643E-05  2.4874E-05  7.1845E-06
 7.0677E+25  1.0475E-04  7.0400E+03  7.4643E-05  2.4749E-05  7.1845E-06
 7.0770E+25  1.0511E-04  7.0400E+03  7.4643E-05  2.4625E-05  7.1845E-06
 7.0863E+25  1.0506E-04  7.0400E+03  7.4643E-05  2.4501E-05  7.1845E-06
 7.0955E+25  1.0562E-04  7.0399E+03  7.4643E-05  2.4376E-05  7.1845E-06
 7.1048E+25  1.0618E-04  7.0399E+03  7.4643E-05  2.4252E-05  7.1845E-06
 7.1140E+25  1.0675E-04  7.0398E+03  7.4643E-05  2.4128E-05  7.1845E-06
 7.1233E+25  1.0733E-04  7.0398E+03  7.4643E-05  2.4005E-05  7.1845E-06
 7.1325E+25  1.0761E-04  7.0398E+03  7.4643E-05  2.3882E-05  7.1845E-06
 7.1418E+25  1.0767E-04  7.0398E+03  7.4643E-05  2.3759E-05  7.1845E-06
 7.1511E+25  1.0823E-04  7.0397E+03  7.4643E-05  2.3637E-05  7.1845E-06
 7.1603E+25  1.0880E-04  7.0397E+03  7.4643E-05  2.3521E-05  7.1845E-06
 7.1696E+25  1.0937E-04  7.0396E+03  7.4643E-05  2.3406E-05  7.1845E-06
 7.1788E+25  1.0995E-04  7.0396E+03  7.4643E-05  2.3292E-05  7.1845E-06
 7.1881E+25  1.1018E-04  7.0396E+03  7.4643E-05  2.3181E-05  7.1845E-06
 7.1973E+25  1.1034E-04  7.0395E+03  7.4643E-05  2.3070E-05  7.1845E-06
 7.2066E+25  1.1091E-04  7.0395E+03  7.4643E-05  2.2958E-05  7.1845E-06
 7.2159E+25  1.1148E-04  7.0394E+03  7.4643E-05  2.2846E-05  7.1845E-06
 7.2251E+25  1.1205E-04  7.0394E+03  7.4643E-05  2.2734E-05  7.1845E-06
 7.2344E+25  1.1264E-04  7.0394E+03  7.4643E-05  2.2623E-05  7.1845E-06
 7.2436E+25  1.1284E-04  7.0393E+03  7.4643E-05  2.2512E-05  7.1845E-06
 7.2529E+25  1.1306E-04  7.0393E+03  7.4643E-05  2.2401E-05  7.1845E-06
 7.2621E+25  1.1364E-04  7.0393E+03  7.4643E-05  2.2289E-05  7.1845E-06
 7.2714E+25  1.1422E-04  7.0392E+03  7.4643E-05  2.2178E-05  7.1845E-06
 7.2807E+25  1.1479E-04  7.0392E+03  7.4643E-05  2.2068E-05  7.1845E-06
 7.2899E+25  1.1538E-04  7.0391E+03  7.4643E-05  2.1958E-05  7.1845E-06
 7.2992E+25  1.1557E-04  7.0391E+03  7.4643E-05  2.1848E-05  7.1845E-06
 7.3084E+25  1.1584E-04  7.0391E+03  7.4643E-05  2.1738E-05  7.1845E-06
 7.3177E+25  1.1643E-04  7.0390E+03  7.4643E-05  2.1630E-05  7.1845E-06
 7.3269E+25  1.1702E-04  7.0390E+03  7.4643E-05  2.1526E-05  7.1845E-06
 7.3362E+25  1.1760E-04  7.0389E+03  7.4643E-05  2.1424E-05  7.1845E-06
 7.3455E+25  1.1819E-04  7.0389E+03  7.4643E-05  2.1322E-05  7.1845E-06
 7.3547E+25  1.1839E-04  7.0389E+03  7.4643E-05  2.1223E-05  7.1845E-06
 7.3640E+25  1.1868E-04  7.0388E+03  7.4643E-05  2.1124E-05  7.1845E-06
 7.3732E+25  1.1929E-04  7.0388E+03  7.4643E-05  2.1024E-05  7.1845E-06
 7.3825E+25  1.1989E-04  7.0388E+03  7.4643E-05  2.0924E-05  7.1845E-06
 7.3917E+25  1.2047E-04  7.0387E+03  7.4643E-05  2.0824E-05  7.1845E-06
 7.4010E+25  1.2106E-04  7.0387E+03  7.4643E-05  2.0725E-05  7.1845E-06
 7.4103E+25  1.2128E-04  7.0387E+03  7.4643E-05  2.0625E-05  7.1845E-06
 7.4195E+25  1.2159E-04  7.0386E+03  7.4643E-05  2.0526E-05  7.1845E-06
 7.4288E+25  1.2220E-04  7.0386E+03  7.4643E-05  2.0426E-05  7.1845E-06
 7.4380E+25  1.2281E-04  7.0385E+03  7.4643E-05  2.0327E-05  7.1845E-06
 7.4473E+25  1.2341E-04  7.0385E+03  7.4643E-05  2.0229E-05  7.1845E-06
 7.4565E+25  1.2401E-04  7.0385E+03  7.4643E-05  2.0130E-05  7.1845E-06
 7.4658E+25  1.2426E-04  7.0384E+03  7.4643E-05  2.0031E-05  7.1845E-06
 7.4751E+25  1.2457E-04  7.0384E+03  7.4643E-05  1.9933E-05  7.1845E-06
 7.4843E+25  1.2518E-04  7.0383E+03  7.4643E-05  1.9836E-05  7.1845E-06
 7.4936E+25  1.2580E-04  7.0383E+03  7.4643E-05  1.9743E-05  7.1845E-06
 7.5028E+25  1.2641E-04  7.0382E+03  7.4643E-05  1.9651E-05  7.1845E-06
 7.5121E+25  1.2702E-04  7.0382E+03  7.4643E-05  1.9560E-05  7.1845E-06
 7.5213E+25  1.2732E-04  7.0382E+03  7.4643E-05  1.9471E-05  7.1845E-06
 7.5306E+25  1.2761E-04  7.0382E+03  7.4643E-05  1.9382E-05  7.1845E-06
 7.5399E+25  1.2823E-04  7.0381E+03  7.4643E-05  1.9293E-05  7.1845E-06
 7.5491E+25  1.2884E-04  7.0380E+03  7.4643E-05  1.9204E-05  7.1845E-06
 7.5584E+25  1.2947E-04  7.0380E+03  7.4643E-05  1.9114E-05  7.1845E-06
 7.5676E+25  1.3010E-04  7.0380E+03  7.4643E-05  1.9026E-05  7.1845E-06
 7.5769E+25  1.3046E-04  7.0380E+03  7.4643E-05  1.8937E-05  7.1845E-06
 7.5861E+25  1.3073E-04  7.0379E+03  7.4643E-05  1.8848E-05  7.1845E-06
 7.5954E+25  1.3135E-04  7.0379E+03  7.4643E-05  1.8759E-05  7.1845E-06
 7.6047E+25  1.3197E-04  7.0378E+03  7.4643E-05  1.8671E-05  7.1845E-06
 7.6139E+25  1.3259E-04  7.0377E+03  7.4643E-05  1.8582E-05  7.1845E-06
 7.6232E+25  1.3323E-04  7.0377E+03  7.4643E-05  1.8494E-05  7.1845E-06
 7.6324E+25  1.3367E-04  7.0377E+03  7.4643E-05  1.8405E-05  7.1845E-06
 7.6417E+25  1.3393E-04  7.0377E+03  7.4643E-05  1.8317E-05  7.1845E-06
 7.6509E+25  1.3454E-04  7.0376E+03  7.4643E-05  1.8230E-05  7.1845E-06
 7.6602E+25  1.3516E-04  7.0375E+03  7.4643E-05  1.8143E-05  7.1845E-06
 7.6695E+25  1.3579E-04  7.0375E+03  7.4643E-05  1.8061E-05  7.1845E-06
 7.6787E+25  1.3643E-04  7.0374E+03  7.4643E-05  1.7979E-05  7.1845E-06
 7.6880E+25  1.3695E-04  7.0374E+03  7.4643E-05  1.7898E-05  7.1845E-06
 7.6972E+25  1.3720E-04  7.0374E+03  7.4643E-05  1.7819E-05  7.1845E-06
 7.7065E+25  1.3781E-04  7.0374E+03  7.4643E-05  1.7740E-05  7.1845E-06
 7.7157E+25  1.3843E-04  7.0373E+03  7.4643E-05  1.7660E-05  7.1845E-06
 7.7250E+25  1.3907E-04  7.0372E+03  7.4643E-05  1.7580E-05  7.1845E-06
 7.7343E+25  1.3970E-04  7.0372E+03  7.4643E-05  1.7500E-05  7.1845E-06
 7.7435E+25  1.4029E-04  7.0372E+03  7.4643E-05  1.7421E-05  7.1845E-06
 7.7528E+25  1.4053E-04  7.0371E+03  7.4643E-05  1.7342E-05  7.1845E-06
 7.7620E+25  1.4116E-04  7.0371E+03  7.4643E-05  1.7262E-05  7.1845E-06
 7.7713E+25  1.4179E-04  7.0370E+03  7.4643E-05  1.7183E-05  7.1845E-06
 7.7805E+25  1.4241E-04  7.0370E+03  7.4643E-05  1.7104E-05  7.1845E-06
 7.7898E+25  1.4305E-04  7.0369E+03  7.4643E-05  1.7025E-05  7.1845E-06
 7.7991E+25  1.4367E-04  7.0369E+03  7.4643E-05  1.6946E-05  7.1845E-06
 7.8083E+25  1.4396E-04  7.0369E+03  7.4643E-05  1.6867E-05  7.1845E-06
 7.8176E+25  1.4458E-04  7.0368E+03  7.4643E-05  1.6788E-05  7.1845E-06
 7.8268E+25  1.4522E-04  7.0368E+03  7.4643E-05  1.6709E-05  7.1845E-06
 7.8361E+25  1.4584E-04  7.0367E+03  7.4643E-05  1.6632E-05  7.1845E-06
 7.8453E+25  1.4648E-04  7.0367E+03  7.4643E-05  1.6558E-05  7.1845E-06
 7.8546E+25  1.4712E-04  7.0366E+03  7.4643E-05  1.6484E-05  7.1845E-06
 7.8638E+25  1.4747E-04  7.0366E+03  7.4643E-05  1.6411E-05  7.1845E-06
 7.8731E+25  1.4805E-04  7.0366E+03  7.4643E-05  1.6341E-05  7.1845E-06
 7.8824E+25  1.4871E-04  7.0365E+03  7.4643E-05  1.6270E-05  7.1845E-06
 7.8916E+25  1.4935E-04  7.0364E+03  7.4643E-05  1.6199E-05  7.1845E-06
 7.9009E+25  1.4999E-04  7.0364E+03  7.4643E-05  1.6128E-05  7.1845E-06
 7.9101E+25  1.5062E-04  7.0364E+03  7.4643E-05  1.6056E-05  7.1845E-06
 7.9194E+25  1.5108E-04  7.0363E+03  7.4643E-05  1.5986E-05  7.1845E-06
 7.9286E+25  1.5159E-04  7.0363E+03  7.4643E-05  1.5915E-05  7.1845E-06
 7.9379E+25  1.5227E-04  7.0362E+03  7.4643E-05  1.5844E-05  7.1845E-06
 7.9472E+25  1.5293E-04  7.0362E+03  7.4643E-05  1.5773E-05  7.1845E-06
 7.9564E+25  1.5358E-04  7.0361E+03  7.4643E-05  1.5702E-05  7.1845E-06
 7.9657E+25  1.5422E-04  7.0361E+03  7.4643E-05  1.5632E-05  7.1845E-06
 7.9749E+25  1.5474E-04  7.0361E+03  7.4643E-05  1.5561E-05  7.1845E-06
 7.9842E+25  1.5524E-04  7.0360E+03  7.4643E-05  1.5490E-05  7.1845E-06
 7.9934E+25  1.5589E-04  7.0359E+03  7.4643E-05  1.5420E-05  7.1845E-06
 8.0027E+25  1.5657E-04  7.0359E+03  7.4643E-05  1.5350E-05  7.1845E-06
 8.0120E+25  1.5723E-04  7.0358E+03  7.4643E-05  1.5279E-05  7.1845E-06
 8.0212E+25  1.5789E-04  7.0358E+03  7.4643E-05  1.5211E-05  7.1845E-06
 8.0305E+25  1.5849E-04  7.0358E+03  7.4643E-05  1.5145E-05  7.1845E-06
 8.0397E+25  1.5895E-04  7.0357E+03  7.4643E-05  1.5079E-05  7.1845E-06
 8.0490E+25  1.5961E-04  7.0357E+03  7.4643E-05  1.5014E-05  7.1845E-06
 8.0582E+25  1.6027E-04  7.0356E+03  7.4643E-05  1.4951E-05  7.1845E-06
 8.0675E+25  1.6095E-04  7.0355E+03  7.4643E-05  1.4888E-05  7.1845E-06
 8.0768E+25  1.6163E-04  7.0355E+03  7.4643E-05  1.4825E-05  7.1845E-06
 8.0860E+25  1.6227E-04  7.0355E+03  7.4643E-05  1.4761E-05  7.1845E-06
 8.0953E+25  1.6277E-04  7.0354E+03  7.4643E-05  1.4698E-05  7.1845E-06
 8.1045E+25  1.6341E-04  7.0354E+03  7.4643E-05  1.4634E-05  7.1845E-06
 8.1138E+25  1.6407E-04  7.0353E+03  7.4643E-05  1.4571E-05  7.1845E-06
 8.1230E+25  1.6473E-04  7.0352E+03  7.4643E-05  1.4508E-05  7.1845E-06
 8.1323E+25  1.6542E-04  7.0352E+03  7.4643E-05  1.4445E-05  7.1845E-06
 8.1416E+25  1.6610E-04  7.0351E+03  7.4643E-05  1.4382E-05  7.1845E-06
 8.1508E+25  1.6668E-04  7.0351E+03  7.4643E-05  1.4318E-05  7.1845E-06
 8.1601E+25  1.6730E-04  7.0351E+03  7.4643E-05  1.4255E-05  7.1845E-06
 8.1693E+25  1.6796E-04  7.0350E+03  7.4643E-05  1.4192E-05  7.1845E-06
 8.1786E+25  1.6862E-04  7.0349E+03  7.4643E-05  1.4129E-05  7.1845E-06
 8.1878E+25  1.6928E-04  7.0349E+03  7.4643E-05  1.4066E-05  7.1845E-06
 8.1971E+25  1.6997E-04  7.0348E+03  7.4643E-05  1.4004E-05  7.1845E-06
 8.2064E+25  1.7063E-04  7.0348E+03  7.4643E-05  1.3942E-05  7.1845E-06
 8.2156E+25  1.7126E-04  7.0348E+03  7.4643E-05  1.3882E-05  7.1845E-06
 8.2249E+25  1.7193E-04  7.0347E+03  7.4643E-05  1.3823E-05  7.1845E-06
 8.2341E+25  1.7259E-04  7.0346E+03  7.4643E-05  1.3765E-05  7.1845E-06
 8.2434E+25  1.7325E-04  7.0346E+03  7.4643E-05  1.3708E-05  7.1845E-06
 8.2526E+25  1.7392E-04  7.0345E+03  7.4643E-05  1.3652E-05  7.1845E-06
 8.2619E+25  1.7461E-04  7.0345E+03  7.4643E-05  1.3596E-05  7.1845E-06
 8.2712E+25  1.7530E-04  7.0344E+03  7.4643E-05  1.3539E-05  7.1845E-06
 8.2804E+25  1.7597E-04  7.0344E+03  7.4643E-05  1.3482E-05  7.1845E-06
 8.2897E+25  1.7663E-04  7.0343E+03  7.4643E-05  1.3426E-05  7.1845E-06
 8.2989E+25  1.7731E-04  7.0343E+03  7.4643E-05  1.3369E-05  7.1845E-06
 8.3082E+25  1.7796E-04  7.0342E+03  7.4643E-05  1.3313E-05  7.1845E-06
 8.3174E+25  1.7863E-04  7.0342E+03  7.4643E-05  1.3257E-05  7.1845E-06
 8.3267E+25  1.7937E-04  7.0341E+03  7.4643E-05  1.3200E-05  7.1845E-06
 8.3360E+25  1.8008E-04  7.0341E+03  7.4643E-05  1.3144E-05  7.1845E-06
 8.3452E+25  1.8076E-04  7.0340E+03  7.4643E-05  1.3087E-05  7.1845E-06
 8.3545E+25  1.8142E-04  7.0339E+03  7.4643E-05  1.3031E-05  7.1845E-06
 8.3637E+25  1.8210E-04  7.0339E+03  7.4643E-05  1.2975E-05  7.1845E-06
 8.3730E+25  1.8276E-04  7.0338E+03  7.4643E-05  1.2918E-05  7.1845E-06
 8.3822E+25  1.8348E-04  7.0338E+03  7.4643E-05  1.2862E-05  7.1845E-06
 8.3915E+25  1.8424E-04  7.0337E+03  7.4643E-05  1.2806E-05  7.1845E-06
 8.4008E+25  1.8494E-04  7.0337E+03  7.4643E-05  1.2751E-05  7.1845E-06
 8.4100E+25  1.8563E-04  7.0336E+03  7.4643E-05  1.2698E-05  7.1845E-06
 8.4193E+25  1.8629E-04  7.0335E+03  7.4643E-05  1.2646E-05  7.1845E-06
 8.4285E+25  1.8697E-04  7.0335E+03  7.4643E-05  1.2593E-05  7.1845E-06
 8.4378E+25  1.8766E-04  7.0334E+03  7.4643E-05  1.2543E-05  7.1845E-06
 8.4470E+25  1.8849E-04  7.0334E+03  7.4643E-05  1.2493E-05  7.1845E-06
 8.4563E+25  1.8918E-04  7.0333E+03  7.4643E-05  1.2443E-05  7.1845E-06
 8.4656E+25  1.8988E-04  7.0332E+03  7.4643E-05  1.2392E-05  7.1845E-06
 8.4748E+25  1.9058E-04  7.0332E+03  7.4643E-05  1.2342E-05  7.1845E-06
 8.4841E+25  1.9124E-04  7.0331E+03  7.4643E-05  1.2291E-05  7.1845E-06
 8.4933E+25  1.9192E-04  7.0331E+03  7.4643E-05  1.2241E-05  7.1845E-06
 8.5026E+25  1.9277E-04  7.0330E+03  7.4643E-05  1.2190E-05  7.1845E-06
 8.5118E+25  1.9352E-04  7.0330E+03  7.4643E-05  1.2140E-05  7.1845E-06
 8.5211E+25  1.9419E-04  7.0329E+03  7.4643E-05  1.2090E-05  7.1845E-06
 8.5304E+25  1.9489E-04  7.0328E+03  7.4643E-05  1.2040E-05  7.1845E-06
 8.5396E+25  1.9559E-04  7.0328E+03  7.4643E-05  1.1989E-05  7.1845E-06
 8.5489E+25  1.9627E-04  7.0327E+03  7.4643E-05  1.1939E-05  7.1845E-06
 8.5581E+25  1.9703E-04  7.0327E+03  7.4643E-05  1.1888E-05  7.1845E-06
 8.5674E+25  1.9795E-04  7.0326E+03  7.4643E-05  1.1838E-05  7.1845E-06
 8.5766E+25  1.9862E-04  7.0325E+03  7.4643E-05  1.1788E-05  7.1845E-06
 8.5859E+25  1.9927E-04  7.0325E+03  7.4643E-05  1.1738E-05  7.1845E-06
 8.5952E+25  1.9997E-04  7.0324E+03  7.4643E-05  1.1688E-05  7.1845E-06
 8.6044E+25  2.0068E-04  7.0323E+03  7.4643E-05  1.1640E-05  7.1845E-06
 8.6137E+25  2.0138E-04  7.0323E+03  7.4643E-05  1.1593E-05  7.1845E-06
 8.6229E+25  2.0234E-04  7.0322E+03  7.4643E-05  1.1546E-05  7.1845E-06
 8.6322E+25  2.0311E-04  7.0322E+03  7.4643E-05  1.1500E-05  7.1845E-06
 8.6414E+25  2.0378E-04  7.0321E+03  7.4643E-05  1.1456E-05  7.1845E-06
 8.6507E+25  2.0444E-04  7.0320E+03  7.4643E-05  1.1411E-05  7.1845E-06
 8.6600E+25  2.0512E-04  7.0320E+03  7.4643E-05  1.1366E-05  7.1845E-06
 8.6692E+25  2.0583E-04  7.0319E+03  7.4643E-05  1.1321E-05  7.1845E-06
 8.6785E+25  2.0670E-04  7.0319E+03  7.4643E-05  1.1276E-05  7.1845E-06
 8.6877E+25  2.0765E-04  7.0318E+03  7.4643E-05  1.1231E-05  7.1845E-06
 8.6970E+25  2.0833E-04  7.0317E+03  7.4643E-05  1.1186E-05  7.1845E-06
 8.7062E+25  2.0901E-04  7.0316E+03  7.4643E-05  1.1141E-05  7.1845E-06
 8.7155E+25  2.0968E-04  7.0316E+03  7.4643E-05  1.1097E-05  7.1845E-06
 8.7248E+25  2.1034E-04  7.0315E+03  7.4643E-05  1.1052E-05  7.1845E-06
 8.7340E+25  2.1106E-04  7.0315E+03  7.4643E-05  1.1007E-05  7.1845E-06
 8.7433E+25  2.1219E-04  7.0314E+03  7.4643E-05  1.0962E-05  7.1845E-06
 8.7525E+25  2.1295E-04  7.0313E+03  7.4643E-05  1.0917E-05  7.1845E-06
 8.7618E+25  2.1361E-04  7.0313E+03  7.4643E-05  1.0872E-05  7.1845E-06
 8.7710E+25  2.1430E-04  7.0312E+03  7.4643E-05  1.0827E-05  7.1845E-06
 8.7803E+25  2.1497E-04  7.0311E+03  7.4643E-05  1.0782E-05  7.1845E-06
 8.7896E+25  2.1563E-04  7.0311E+03  7.4643E-05  1.0738E-05  7.1845E-06
 8.7988E+25  2.1653E-04  7.0310E+03  7.4643E-05  1.0693E-05  7.1845E-06
 8.8081E+25  2.1761E-04  7.0309E+03  7.4643E-05  1.0650E-05  7.1845E-06
 8.8173E+25  2.1831E-04  7.0309E+03  7.4643E-05  1.0608E-05  7.1845E-06
 8.8266E+25  2.1896E-04  7.0308E+03  7.4643E-05  1.0566E-05  7.1845E-06
 8.8358E+25  2.1964E-04  7.0307E+03  7.4643E-05  1.0525E-05  7.1845E-06
 8.8451E+25  2.2032E-04  7.0306E+03  7.4643E-05  1.0485E-05  7.1845E-06
 8.8544E+25  2.2101E-04  7.0306E+03  7.4643E-05  1.0445E-05  7.1845E-06
 8.8636E+25  2.2217E-04  7.0305E+03  7.4643E-05  1.0405E-05  7.1845E-06
 8.8729E+25  2.2300E-04  7.0305E+03  7.4643E-05  1.0365E-05  7.1845E-06
 8.8821E+25  2.2370E-04  7.0304E+03  7.4643E-05  1.0325E-05  7.1845E-06
 8.8914E+25  2.2437E-04  7.0303E+03  7.4643E-05  1.0285E-05  7.1845E-06
 8.9006E+25  2.2503E-04  7.0302E+03  7.4643E-05  1.0245E-05  7.1845E-06
 8.9099E+25  2.2572E-04  7.0302E+03  7.4643E-05  1.0205E-05  7.1845E-06
 8.9192E+25  2.2657E-04  7.0301E+03  7.4643E-05  1.0165E-05  7.1845E-06
 8.9284E+25  2.2778E-04  7.0301E+03  7.4643E-05  1.0125E-05  7.1845E-06
 8.9377E+25  2.2843E-04  7.0300E+03  7.4643E-05  1.0085E-05  7.1845E-06
 8.9469E+25  2.2913E-04  7.0299E+03  7.4643E-05  1.0045E-05  7.1845E-06
 8.9562E+25  2.2982E-04  7.0298E+03  7.4643E-05  1.0005E-05  7.1845E-06
 8.9654E+25  2.3047E-04  7.0297E+03  7.4643E-05  9.9648E-06  7.1845E-06
 8.9747E+25  2.3116E-04  7.0297E+03  7.4643E-05  9.9247E-06  7.1845E-06
 8.9840E+25  2.3233E-04  7.0296E+03  7.4643E-05  9.8847E-06  7.1845E-06
 8.9932E+25  2.3328E-04  7.0296E+03  7.4643E-05  9.8448E-06  7.1845E-06
 9.0025E+25  2.3394E-04  7.0295E+03  7.4643E-05  9.8049E-06  7.1845E-06
 9.0117E+25  2.3460E-04  7.0294E+03  7.4643E-05  9.7656E-06  7.1845E-06
 9.0210E+25  2.3529E-04  7.0293E+03  7.4643E-05  9.7277E-06  7.1845E-06
 9.0302E+25  2.3596E-04  7.0292E+03  7.4643E-05  9.6899E-06  7.1845E-06
 9.0395E+25  2.3669E-04  7.0292E+03  7.4643E-05  9.6523E-06  7.1845E-06
 9.0487E+25  2.3809E-04  7.0291E+03  7.4643E-05  9.6160E-06  7.1845E-06
 9.0580E+25  2.3882E-04  7.0290E+03  7.4643E-05  9.5808E-06  7.1845E-06
 9.0673E+25  2.3948E-04  7.0290E+03  7.4643E-05  9.5453E-06  7.1845E-06
 9.0765E+25  2.4012E-04  7.0289E+03  7.4643E-05  9.5096E-06  7.1845E-06
 9.0858E+25  2.4079E-04  7.0288E+03  7.4643E-05  9.4738E-06  7.1845E-06
 9.0950E+25  2.4147E-04  7.0287E+03  7.4643E-05  9.4381E-06  7.1845E-06
 9.1043E+25  2.4244E-04  7.0287E+03  7.4643E-05  9.4024E-06  7.1845E-06
 9.1135E+25  2.4372E-04  7.0286E+03  7.4643E-05  9.3668E-06  7.1845E-06
 9.1228E+25  2.4438E-04  7.0285E+03  7.4643E-05  9.3312E-06  7.1845E-06
 9.1321E+25  2.4503E-04  7.0284E+03  7.4643E-05  9.2956E-06  7.1845E-06
 9.1413E+25  2.4568E-04  7.0284E+03  7.4643E-05  9.2600E-06  7.1845E-06
 9.1506E+25  2.4632E-04  7.0283E+03  7.4643E-05  9.2243E-06  7.1845E-06
 9.1598E+25  2.4701E-04  7.0282E+03  7.4643E-05  9.1885E-06  7.1845E-06
 9.1691E+25  2.4827E-04  7.0282E+03  7.4643E-05  9.1528E-06  7.1845E-06
 9.1783E+25  2.4930E-04  7.0281E+03  7.4643E-05  9.1170E-06  7.1845E-06
 9.1876E+25  2.4996E-04  7.0280E+03  7.4643E-05  9.0813E-06  7.1845E-06
 9.1969E+25  2.5061E-04  7.0279E+03  7.4643E-05  9.0457E-06  7.1845E-06
 9.2061E+25  2.5125E-04  7.0278E+03  7.4643E-05  9.0100E-06  7.1845E-06
 9.2154E+25  2.5190E-04  7.0278E+03  7.4643E-05  8.9744E-06  7.1845E-06
 9.2246E+25  2.5260E-04  7.0277E+03  7.4643E-05  8.9389E-06  7.1845E-06
 9.2339E+25  2.5407E-04  7.0276E+03  7.4643E-05  8.9049E-06  7.1845E-06
 9.2431E+25  2.5492E-04  7.0275E+03  7.4643E-05  8.8712E-06  7.1845E-06
 9.2524E+25  2.5555E-04  7.0275E+03  7.4643E-05  8.8375E-06  7.1845E-06
