 4.6285E+22  3.2804E-11  1.1628E+04  7.4643E-05  1.0000E+00  7.1845E-06
 1.3886E+23  2.2957E-10  1.1631E+04  7.4643E-05  1.0000E+00  7.1845E-06
 2.3143E+23  6.2265E-10  1.1644E+04  7.4643E-05  1.0000E+00  7.1845E-06
 3.2400E+23  1.2105E-09  1.1671E+04  7.4643E-05  1.0000E+00  7.1845E-06
 4.1657E+23  1.9897E-09  1.1720E+04  7.4643E-05  1.0000E+00  7.1845E-06
 5.0914E+23  2.9539E-09  1.1799E+04  7.4643E-05  1.0000E+00  7.1845E-06
 6.0171E+23  4.0913E-09  1.1921E+04  7.4643E-05  1.0000E+00  7.1845E-06
 6.9428E+23  5.3884E-09  1.2097E+04  7.4643E-05  1.0000E+00  7.1845E-06
 7.8685E+23  6.8109E-09  1.2355E+04  7.4643E-05  1.0000E+00  7.1845E-06
 8.7942E+23  8.3326E-09  1.2714E+04  7.4643E-05  1.0000E+00  7.1845E-06
 9.7199E+23  9.9317E-09  1.3149E+04  7.4643E-05  1.0000E+00  7.1845E-06
 1.0646E+24  1.1631E-08  1.3587E+04  7.4643E-05  1.0000E+00  7.1845E-06
 1.1571E+24  1.3510E-08  1.3905E+04  7.4643E-05  1.0000E+00  7.1845E-06
 1.2497E+24  1.5621E-08  1.4076E+04  7.4643E-05  1.0000E+00  7.1845E-06
 1.3423E+24  1.7925E-08  1.4171E+04  7.4643E-05  1.0000E+00  7.1845E-06
 1.4348E+24  2.0385E-08  1.4271E+04  7.4643E-05  9.9999E-01  7.1845E-06
 1.5274E+24  2.2966E-08  1.4372E+04  7.4643E-05  9.9999E-01  7.1845E-06
 1.6200E+24  2.5720E-08  1.4465E+04  7.4643E-05  9.9999E-01  7.1845E-06
 1.7126E+24  2.8614E-08  1.4556E+04  7.4643E-05  9.9999E-01  7.1845E-06
 1.8051E+24  3.1648E-08  1.4639E+04  7.4643E-05  9.9999E-01  7.1845E-06
 1.8977E+24  3.4840E-08  1.4718E+04  7.4643E-05  9.9999E-01  7.1845E-06
 1.9903E+24  3.8184E-08  1.4795E+04  7.4643E-05  9.9999E-01  7.1845E-06
 2.0828E+24  4.1671E-08  1.4869E+04  7.4643E-05  9.9999E-01  7.1845E-06
 2.1754E+24  4.5260E-08  1.4941E+04  7.4643E-05  9.9999E-01  7.1845E-06
 2.2680E+24  4.9047E-08  1.5012E+04  7.4643E-05  9.9999E-01  7.1845E-06
 2.3605E+24  5.2962E-08  1.5080E+04  7.4643E-05  9.9998E-01  7.1845E-06
 2.4531E+24  5.7007E-08  1.5144E+04  7.4643E-05  9.9997E-01  7.1845E-06
 2.5457E+24  6.1187E-08  1.5208E+04  7.4643E-05  9.9993E-01  7.1845E-06
 2.6383E+24  6.5541E-08  1.5271E+04  7.4643E-05  9.9981E-01  7.1845E-06
 2.7308E+24  7.0043E-08  1.5328E+04  7.4643E-05  9.9948E-01  7.1845E-06
 2.8234E+24  7.4624E-08  1.5384E+04  7.4643E-05  9.9861E-01  7.1845E-06
 2.9160E+24  7.9425E-08  1.5429E+04  7.4643E-05  9.9655E-01  7.1845E-06
 3.0085E+24  8.4429E-08  1.5465E+04  7.4643E-05  9.9197E-01  7.1845E-06
 3.1011E+24  8.9573E-08  1.5479E+04  7.4643E-05  9.8246E-01  7.1845E-06
 3.1937E+24  9.4991E-08  1.5453E+04  7.4643E-05  9.6399E-01  7.1845E-06
 3.2862E+24  1.0087E-07  1.5359E+04  7.4643E-05  9.3062E-01  7.1845E-06
 3.3788E+24  1.0734E-07  1.5161E+04  7.4643E-05  8.7532E-01  7.1845E-06
 3.4714E+24  1.1462E-07  1.4822E+04  7.4643E-05  7.9300E-01  7.1845E-06
 3.5640E+24  1.2299E-07  1.4325E+04  7.4643E-05  6.8556E-01  7.1845E-06
 3.6565E+24  1.3277E-07  1.3689E+04  7.4643E-05  5.6464E-01  7.1845E-06
 3.7491E+24  1.4395E-07  1.2976E+04  7.4643E-05  4.4720E-01  7.1845E-06
 3.8417E+24  1.5633E-07  1.2257E+04  7.4643E-05  3.4649E-01  7.1845E-06
 3.9342E+24  1.6961E-07  1.1587E+04  7.4643E-05  2.6734E-01  7.1845E-06
 4.0268E+24  1.8351E-07  1.0996E+04  7.4643E-05  2.0809E-01  7.1845E-06
 4.1194E+24  1.9781E-07  1.0488E+04  7.4643E-05  1.6448E-01  7.1845E-06
 4.2120E+24  2.1224E-07  1.0057E+04  7.4643E-05  1.3228E-01  7.1845E-06
 4.3045E+24  2.2677E-07  9.6932E+03  7.4643E-05  1.0817E-01  7.1845E-06
 4.3971E+24  2.4162E-07  9.3856E+03  7.4643E-05  8.9809E-02  7.1845E-06
 4.4897E+24  2.5666E-07  9.1240E+03  7.4643E-05  7.5546E-02  7.1845E-06
 4.5822E+24  2.7171E-07  8.9003E+03  7.4643E-05  6.4274E-02  7.1845E-06
 4.6748E+24  2.8643E-07  8.7083E+03  7.4643E-05  5.5231E-02  7.1845E-06
 4.7674E+24  3.0209E-07  8.5421E+03  7.4643E-05  4.7868E-02  7.1845E-06
 4.8599E+24  3.1700E-07  8.3976E+03  7.4643E-05  4.1802E-02  7.1845E-06
 4.9525E+24  3.3291E-07  8.2714E+03  7.4643E-05  3.6753E-02  7.1845E-06
 5.0451E+24  3.4799E-07  8.1603E+03  7.4643E-05  3.2501E-02  7.1845E-06
 5.1377E+24  3.6433E-07  8.0622E+03  7.4643E-05  2.8898E-02  7.1845E-06
 5.2302E+24  3.7984E-07  7.9754E+03  7.4643E-05  2.5820E-02  7.1845E-06
 5.3228E+24  3.9584E-07  7.8980E+03  7.4643E-05  2.3171E-02  7.1845E-06
 5.4154E+24  4.1236E-07  7.8289E+03  7.4643E-05  2.0878E-02  7.1845E-06
 5.5079E+24  4.2896E-07  7.7668E+03  7.4643E-05  1.8879E-02  7.1845E-06
 5.6005E+24  4.4566E-07  7.7110E+03  7.4643E-05  1.7132E-02  7.1845E-06
 5.6931E+24  4.6220E-07  7.6607E+03  7.4643E-05  1.5595E-02  7.1845E-06
 5.7856E+24  4.7916E-07  7.6149E+03  7.4643E-05  1.4232E-02  7.1845E-06
 5.8782E+24  4.9649E-07  7.5737E+03  7.4643E-05  1.3035E-02  7.1845E-06
 5.9708E+24  5.1406E-07  7.5358E+03  7.4643E-05  1.1958E-02  7.1845E-06
 6.0634E+24  5.3147E-07  7.5014E+03  7.4643E-05  1.0998E-02  7.1845E-06
 6.1559E+24  5.4908E-07  7.4701E+03  7.4643E-05  1.0142E-02  7.1845E-06
 6.2485E+24  5.6720E-07  7.4412E+03  7.4643E-05  9.3697E-03  7.1845E-06
 6.3411E+24  5.8568E-07  7.4148E+03  7.4643E-05  8.6736E-03  7.1845E-06
 6.4336E+24  6.0459E-07  7.3905E+03  7.4643E-05  8.0454E-03  7.1845E-06
 6.5262E+24  6.2396E-07  7.3680E+03  7.4643E-05  7.4750E-03  7.1845E-06
 6.6188E+24  6.4114E-07  7.3473E+03  7.4643E-05  6.9553E-03  7.1845E-06
 6.7113E+24  6.6110E-07  7.3281E+03  7.4643E-05  6.4840E-03  7.1845E-06
 6.8039E+24  6.8174E-07  7.3103E+03  7.4643E-05  6.0520E-03  7.1845E-06
 6.8965E+24  6.9953E-07  7.2939E+03  7.4643E-05  5.6582E-03  7.1845E-06
 6.9891E+24  7.2040E-07  7.2786E+03  7.4643E-05  5.2993E-03  7.1845E-06
 7.0816E+24  7.4099E-07  7.2644E+03  7.4643E-05  4.9666E-03  7.1845E-06
 7.1742E+24  7.6014E-07  7.2511E+03  7.4643E-05  4.6609E-03  7.1845E-06
 7.2668E+24  7.8270E-07  7.2387E+03  7.4643E-05  4.3811E-03  7.1845E-06
 7.3593E+24  8.0114E-07  7.2272E+03  7.4643E-05  4.1225E-03  7.1845E-06
 7.4519E+24  8.2474E-07  7.2163E+03  7.4643E-05  3.8818E-03  7.1845E-06
 7.5445E+24  8.4370E-07  7.2062E+03  7.4643E-05  3.6611E-03  7.1845E-06
 7.6371E+24  8.6712E-07  7.1967E+03  7.4643E-05  3.4559E-03  7.1845E-06
 7.7296E+24  8.8810E-07  7.1878E+03  7.4643E-05  3.2644E-03  7.1845E-06
 7.8222E+24  9.0993E-07  7.1795E+03  7.4643E-05  3.0884E-03  7.1845E-06
 7.9148E+24  9.3472E-07  7.1716E+03  7.4643E-05  2.9227E-03  7.1845E-06
 8.0073E+24  9.5334E-07  7.1642E+03  7.4643E-05  2.7692E-03  7.1845E-06
 8.0999E+24  9.7832E-07  7.1573E+03  7.4643E-05  2.6265E-03  7.1845E-06
 8.1925E+24  1.0031E-06  7.1507E+03  7.4643E-05  2.4919E-03  7.1845E-06
 8.2850E+24  1.0226E-06  7.1445E+03  7.4643E-05  2.3680E-03  7.1845E-06
 8.3776E+24  1.0479E-06  7.1386E+03  7.4643E-05  2.2497E-03  7.1845E-06
 8.4702E+24  1.0734E-06  7.1331E+03  7.4643E-05  2.1412E-03  7.1845E-06
 8.5628E+24  1.0959E-06  7.1278E+03  7.4643E-05  2.0374E-03  7.1845E-06
 8.6553E+24  1.1190E-06  7.1229E+03  7.4643E-05  1.9417E-03  7.1845E-06
 8.7479E+24  1.1448E-06  7.1182E+03  7.4643E-05  1.8505E-03  7.1845E-06
 8.8405E+24  1.1708E-06  7.1138E+03  7.4643E-05  1.7658E-03  7.1845E-06
 8.9330E+24  1.1967E-06  7.1095E+03  7.4643E-05  1.6850E-03  7.1845E-06
 9.0256E+24  1.2183E-06  7.1055E+03  7.4643E-05  1.6098E-03  7.1845E-06
 9.1182E+24  1.2446E-06  7.1017E+03  7.4643E-05  1.5382E-03  7.1845E-06
 9.2107E+24  1.2712E-06  7.0981E+03  7.4643E-05  1.4715E-03  7.1845E-06
 9.3033E+24  1.2979E-06  7.0946E+03  7.4643E-05  1.4075E-03  7.1845E-06
 9.3959E+24  1.3247E-06  7.0914E+03  7.4643E-05  1.3481E-03  7.1845E-06
 9.4885E+24  1.3517E-06  7.0882E+03  7.4643E-05  1.2908E-03  7.1845E-06
 9.5810E+24  1.3786E-06  7.0853E+03  7.4643E-05  1.2375E-03  7.1845E-06
 9.6736E+24  1.4037E-06  7.0824E+03  7.4643E-05  1.1867E-03  7.1845E-06
 9.7662E+24  1.4308E-06  7.0797E+03  7.4643E-05  1.1381E-03  7.1845E-06
 9.8587E+24  1.4587E-06  7.0772E+03  7.4643E-05  1.0932E-03  7.1845E-06
 9.9513E+24  1.4868E-06  7.0746E+03  7.4643E-05  1.0491E-03  7.1845E-06
 1.0044E+25  1.5150E-06  7.0723E+03  7.4643E-05  1.0084E-03  7.1845E-06
 1.0136E+25  1.5435E-06  7.0701E+03  7.4643E-05  9.6933E-04  7.1845E-06
 1.0229E+25  1.5722E-06  7.0679E+03  7.4643E-05  9.3171E-04  7.1845E-06
 1.0322E+25  1.6011E-06  7.0659E+03  7.4643E-05  8.9710E-04  7.1845E-06
 1.0414E+25  1.6303E-06  7.0638E+03  7.4643E-05  8.6291E-04  7.1845E-06
 1.0507E+25  1.6597E-06  7.0620E+03  7.4643E-05  8.3110E-04  7.1845E-06
 1.0599E+25  1.6894E-06  7.0602E+03  7.4643E-05  8.0076E-04  7.1845E-06
 1.0692E+25  1.7193E-06  7.0584E+03  7.4643E-05  7.7129E-04  7.1845E-06
 1.0784E+25  1.7496E-06  7.0568E+03  7.4643E-05  7.4389E-04  7.1845E-06
 1.0877E+25  1.7801E-06  7.0551E+03  7.4643E-05  7.1734E-04  7.1845E-06
 1.0970E+25  1.8110E-06  7.0536E+03  7.4643E-05  6.9196E-04  7.1845E-06
 1.1062E+25  1.8422E-06  7.0522E+03  7.4643E-05  6.6807E-04  7.1845E-06
 1.1155E+25  1.8738E-06  7.0507E+03  7.4643E-05  6.4475E-04  7.1845E-06
 1.1247E+25  1.9057E-06  7.0494E+03  7.4643E-05  6.2285E-04  7.1845E-06
 1.1340E+25  1.9356E-06  7.0481E+03  7.4643E-05  6.0181E-04  7.1845E-06
 1.1432E+25  1.9656E-06  7.0468E+03  7.4643E-05  5.8161E-04  7.1845E-06
 1.1525E+25  1.9979E-06  7.0456E+03  7.4643E-05  5.6222E-04  7.1845E-06
 1.1618E+25  2.0308E-06  7.0444E+03  7.4643E-05  5.4391E-04  7.1845E-06
 1.1710E+25  2.0642E-06  7.0433E+03  7.4643E-05  5.2600E-04  7.1845E-06
 1.1803E+25  2.0980E-06  7.0422E+03  7.4643E-05  5.0911E-04  7.1845E-06
 1.1895E+25  2.1323E-06  7.0412E+03  7.4643E-05  4.9289E-04  7.1845E-06
 1.1988E+25  2.1671E-06  7.0402E+03  7.4643E-05  4.7699E-04  7.1845E-06
 1.2080E+25  2.2019E-06  7.0392E+03  7.4643E-05  4.6232E-04  7.1845E-06
 1.2173E+25  2.2288E-06  7.0383E+03  7.4643E-05  4.4788E-04  7.1845E-06
 1.2266E+25  2.2635E-06  7.0374E+03  7.4643E-05  4.3386E-04  7.1845E-06
 1.2358E+25  2.2997E-06  7.0365E+03  7.4643E-05  4.2082E-04  7.1845E-06
 1.2451E+25  2.3364E-06  7.0357E+03  7.4643E-05  4.0797E-04  7.1845E-06
 1.2543E+25  2.3739E-06  7.0349E+03  7.4643E-05  3.9567E-04  7.1845E-06
 1.2636E+25  2.4107E-06  7.0341E+03  7.4643E-05  3.8388E-04  7.1845E-06
 1.2728E+25  2.4365E-06  7.0333E+03  7.4643E-05  3.7259E-04  7.1845E-06
 1.2821E+25  2.4741E-06  7.0326E+03  7.4643E-05  3.6164E-04  7.1845E-06
 1.2914E+25  2.5134E-06  7.0319E+03  7.4643E-05  3.5103E-04  7.1845E-06
 1.3006E+25  2.5533E-06  7.0312E+03  7.4643E-05  3.4104E-04  7.1845E-06
 1.3099E+25  2.5916E-06  7.0305E+03  7.4643E-05  3.3137E-04  7.1845E-06
 1.3191E+25  2.6166E-06  7.0299E+03  7.4643E-05  3.2169E-04  7.1845E-06
 1.3284E+25  2.6573E-06  7.0293E+03  7.4643E-05  3.1282E-04  7.1845E-06
 1.3376E+25  2.6994E-06  7.0287E+03  7.4643E-05  3.0421E-04  7.1845E-06
 1.3469E+25  2.7424E-06  7.0281E+03  7.4643E-05  2.9554E-04  7.1845E-06
 1.3562E+25  2.7684E-06  7.0275E+03  7.4643E-05  2.8747E-04  7.1845E-06
 1.3654E+25  2.8065E-06  7.0270E+03  7.4643E-05  2.7977E-04  7.1845E-06
 1.3747E+25  2.8511E-06  7.0265E+03  7.4643E-05  2.7208E-04  7.1845E-06
 1.3839E+25  2.8965E-06  7.0260E+03  7.4643E-05  2.6481E-04  7.1845E-06
 1.3932E+25  2.9207E-06  7.0255E+03  7.4643E-05  2.5771E-04  7.1845E-06
 1.4024E+25  2.9618E-06  7.0250E+03  7.4643E-05  2.5096E-04  7.1845E-06
 1.4117E+25  3.0092E-06  7.0245E+03  7.4643E-05  2.4442E-04  7.1845E-06
 1.4210E+25  3.0527E-06  7.0241E+03  7.4643E-05  2.3788E-04  7.1845E-06
 1.4302E+25  3.0754E-06  7.0236E+03  7.4643E-05  2.3179E-04  7.1845E-06
 1.4395E+25  3.1243E-06  7.0232E+03  7.4643E-05  2.2597E-04  7.1845E-06
 1.4487E+25  3.1748E-06  7.0228E+03  7.4643E-05  2.2015E-04  7.1845E-06
 1.4580E+25  3.2016E-06  7.0224E+03  7.4643E-05  2.1437E-04  7.1845E-06
 1.4672E+25  3.2423E-06  7.0220E+03  7.4643E-05  2.0918E-04  7.1845E-06
 1.4765E+25  3.2950E-06  7.0216E+03  7.4643E-05  2.0402E-04  7.1845E-06
 1.4858E+25  3.3320E-06  7.0213E+03  7.4643E-05  1.9887E-04  7.1845E-06
 1.4950E+25  3.3635E-06  7.0209E+03  7.4643E-05  1.9389E-04  7.1845E-06
 1.5043E+25  3.4185E-06  7.0206E+03  7.4643E-05  1.8927E-04  7.1845E-06
 1.5135E+25  3.4618E-06  7.0202E+03  7.4643E-05  1.8466E-04  7.1845E-06
 1.5228E+25  3.4882E-06  7.0199E+03  7.4643E-05  1.8020E-04  7.1845E-06
 1.5320E+25  3.5458E-06  7.0196E+03  7.4643E-05  1.7583E-04  7.1845E-06
 1.5413E+25  3.5906E-06  7.0193E+03  7.4643E-05  1.7172E-04  7.1845E-06
 1.5506E+25  3.6168E-06  7.0190E+03  7.4643E-05  1.6763E-04  7.1845E-06
 1.5598E+25  3.6773E-06  7.0187E+03  7.4643E-05  1.6375E-04  7.1845E-06
 1.5691E+25  3.7183E-06  7.0184E+03  7.4643E-05  1.5989E-04  7.1845E-06
 1.5783E+25  3.7497E-06  7.0181E+03  7.4643E-05  1.5613E-04  7.1845E-06
 1.5876E+25  3.8133E-06  7.0178E+03  7.4643E-05  1.5260E-04  7.1845E-06
 1.5968E+25  3.8446E-06  7.0176E+03  7.4643E-05  1.4918E-04  7.1845E-06
 1.6061E+25  3.8873E-06  7.0173E+03  7.4643E-05  1.4571E-04  7.1845E-06
 1.6154E+25  3.9543E-06  7.0171E+03  7.4643E-05  1.4236E-04  7.1845E-06
 1.6246E+25  3.9693E-06  7.0168E+03  7.4643E-05  1.3923E-04  7.1845E-06
 1.6339E+25  4.0302E-06  7.0166E+03  7.4643E-05  1.3620E-04  7.1845E-06
 1.6431E+25  4.0860E-06  7.0163E+03  7.4643E-05  1.3315E-04  7.1845E-06
 1.6524E+25  4.1070E-06  7.0161E+03  7.4643E-05  1.3013E-04  7.1845E-06
 1.6616E+25  4.1790E-06  7.0159E+03  7.4643E-05  1.2730E-04  7.1845E-06
 1.6709E+25  4.2087E-06  7.0157E+03  7.4643E-05  1.2463E-04  7.1845E-06
 1.6802E+25  4.2577E-06  7.0155E+03  7.4643E-05  1.2192E-04  7.1845E-06
 1.6894E+25  4.3255E-06  7.0153E+03  7.4643E-05  1.1923E-04  7.1845E-06
 1.6987E+25  4.3378E-06  7.0151E+03  7.4643E-05  1.1667E-04  7.1845E-06
 1.7079E+25  4.4153E-06  7.0149E+03  7.4643E-05  1.1427E-04  7.1845E-06
 1.7172E+25  4.4459E-06  7.0147E+03  7.4643E-05  1.1185E-04  7.1845E-06
 1.7264E+25  4.4974E-06  7.0145E+03  7.4643E-05  1.0948E-04  7.1845E-06
 1.7357E+25  4.5629E-06  7.0143E+03  7.4643E-05  1.0721E-04  7.1845E-06
 1.7450E+25  4.5807E-06  7.0142E+03  7.4643E-05  1.0496E-04  7.1845E-06
 1.7542E+25  4.6652E-06  7.0140E+03  7.4643E-05  1.0282E-04  7.1845E-06
 1.7635E+25  4.6800E-06  7.0138E+03  7.4643E-05  1.0071E-04  7.1845E-06
 1.7727E+25  4.7513E-06  7.0137E+03  7.4643E-05  9.8686E-05  7.1845E-06
 1.7820E+25  4.7969E-06  7.0135E+03  7.4643E-05  9.6670E-05  7.1845E-06
 1.7912E+25  4.8385E-06  7.0133E+03  7.4643E-05  9.4694E-05  7.1845E-06
 1.8005E+25  4.9137E-06  7.0132E+03  7.4643E-05  9.2795E-05  7.1845E-06
 1.8097E+25  4.9274E-06  7.0130E+03  7.4643E-05  9.0985E-05  7.1845E-06
 1.8190E+25  5.0216E-06  7.0129E+03  7.4643E-05  8.9213E-05  7.1845E-06
 1.8283E+25  5.0265E-06  7.0127E+03  7.4643E-05  8.7398E-05  7.1845E-06
 1.8375E+25  5.1138E-06  7.0126E+03  7.4643E-05  8.5655E-05  7.1845E-06
 1.8468E+25  5.1429E-06  7.0125E+03  7.4643E-05  8.4030E-05  7.1845E-06
 1.8560E+25  5.2074E-06  7.0123E+03  7.4643E-05  8.2433E-05  7.1845E-06
 1.8653E+25  5.2594E-06  7.0122E+03  7.4643E-05  8.0865E-05  7.1845E-06
 1.8745E+25  5.3027E-06  7.0121E+03  7.4643E-05  7.9241E-05  7.1845E-06
 1.8838E+25  5.3758E-06  7.0120E+03  7.4643E-05  7.7702E-05  7.1845E-06
 1.8931E+25  5.3998E-06  7.0118E+03  7.4643E-05  7.6298E-05  7.1845E-06
 1.9023E+25  5.4920E-06  7.0117E+03  7.4643E-05  7.4879E-05  7.1845E-06
 1.9116E+25  5.4988E-06  7.0116E+03  7.4643E-05  7.3475E-05  7.1845E-06
 1.9208E+25  5.6066E-06  7.0115E+03  7.4643E-05  7.2039E-05  7.1845E-06
 1.9301E+25  5.6015E-06  7.0114E+03  7.4643E-05  7.0696E-05  7.1845E-06
 1.9393E+25  5.7135E-06  7.0113E+03  7.4643E-05  6.9438E-05  7.1845E-06
 1.9486E+25  5.7136E-06  7.0112E+03  7.4643E-05  6.8172E-05  7.1845E-06
 1.9579E+25  5.8191E-06  7.0111E+03  7.4643E-05  6.6923E-05  7.1845E-06
 1.9671E+25  5.8291E-06  7.0110E+03  7.4643E-05  6.5671E-05  7.1845E-06
 1.9764E+25  5.9269E-06  7.0109E+03  7.4643E-05  6.4487E-05  7.1845E-06
 1.9856E+25  5.9446E-06  7.0108E+03  7.4643E-05  6.3341E-05  7.1845E-06
 1.9949E+25  6.0369E-06  7.0107E+03  7.4643E-05  6.2219E-05  7.1845E-06
 2.0041E+25  6.0601E-06  7.0106E+03  7.4643E-05  6.1097E-05  7.1845E-06
 2.0134E+25  6.1494E-06  7.0105E+03  7.4643E-05  6.0004E-05  7.1845E-06
 2.0227E+25  6.1756E-06  7.0104E+03  7.4643E-05  5.8965E-05  7.1845E-06
 2.0319E+25  6.2644E-06  7.0103E+03  7.4643E-05  5.7922E-05  7.1845E-06
 2.0412E+25  6.2912E-06  7.0102E+03  7.4643E-05  5.6909E-05  7.1845E-06
 2.0504E+25  6.3820E-06  7.0101E+03  7.4643E-05  5.5902E-05  7.1845E-06
 2.0597E+25  6.4066E-06  7.0100E+03  7.4643E-05  5.4950E-05  7.1845E-06
 2.0689E+25  6.5024E-06  7.0100E+03  7.4643E-05  5.4020E-05  7.1845E-06
 2.0782E+25  6.5222E-06  7.0099E+03  7.4643E-05  5.3093E-05  7.1845E-06
 2.0875E+25  6.6259E-06  7.0098E+03  7.4643E-05  5.2170E-05  7.1845E-06
 2.0967E+25  6.6377E-06  7.0097E+03  7.4643E-05  5.1269E-05  7.1845E-06
 2.1060E+25  6.7523E-06  7.0096E+03  7.4643E-05  5.0413E-05  7.1845E-06
 2.1152E+25  6.7537E-06  7.0096E+03  7.4643E-05  4.9586E-05  7.1845E-06
 2.1245E+25  6.8804E-06  7.0095E+03  7.4643E-05  4.8772E-05  7.1845E-06
 2.1337E+25  6.8713E-06  7.0094E+03  7.4643E-05  4.7941E-05  7.1845E-06
 2.1430E+25  7.0025E-06  7.0094E+03  7.4643E-05  4.7131E-05  7.1845E-06
 2.1523E+25  6.9982E-06  7.0093E+03  7.4643E-05  4.6329E-05  7.1845E-06
 2.1615E+25  7.1223E-06  7.0092E+03  7.4643E-05  4.5603E-05  7.1845E-06
 2.1708E+25  7.1315E-06  7.0092E+03  7.4643E-05  4.4879E-05  7.1845E-06
 2.1800E+25  7.2414E-06  7.0091E+03  7.4643E-05  4.4143E-05  7.1845E-06
 2.1893E+25  7.2691E-06  7.0090E+03  7.4643E-05  4.3405E-05  7.1845E-06
 2.1985E+25  7.3607E-06  7.0090E+03  7.4643E-05  4.2697E-05  7.1845E-06
 2.2078E+25  7.4111E-06  7.0089E+03  7.4643E-05  4.1996E-05  7.1845E-06
 2.2171E+25  7.4808E-06  7.0088E+03  7.4643E-05  4.1364E-05  7.1845E-06
 2.2263E+25  7.5567E-06  7.0088E+03  7.4643E-05  4.0720E-05  7.1845E-06
 2.2356E+25  7.6011E-06  7.0087E+03  7.4643E-05  4.0064E-05  7.1845E-06
 2.2448E+25  7.7075E-06  7.0087E+03  7.4643E-05  3.9407E-05  7.1845E-06
 2.2541E+25  7.7211E-06  7.0086E+03  7.4643E-05  3.8789E-05  7.1845E-06
 2.2633E+25  7.8511E-06  7.0086E+03  7.4643E-05  3.8173E-05  7.1845E-06
 2.2726E+25  7.8542E-06  7.0085E+03  7.4643E-05  3.7613E-05  7.1845E-06
 2.2819E+25  7.9816E-06  7.0085E+03  7.4643E-05  3.7034E-05  7.1845E-06
 2.2911E+25  8.0063E-06  7.0084E+03  7.4643E-05  3.6453E-05  7.1845E-06
 2.3004E+25  8.1087E-06  7.0084E+03  7.4643E-05  3.5878E-05  7.1845E-06
 2.3096E+25  8.1666E-06  7.0083E+03  7.4643E-05  3.5320E-05  7.1845E-06
 2.3189E+25  8.2369E-06  7.0083E+03  7.4643E-05  3.4794E-05  7.1845E-06
 2.3281E+25  8.3329E-06  7.0082E+03  7.4643E-05  3.4281E-05  7.1845E-06
 2.3374E+25  8.3651E-06  7.0082E+03  7.4643E-05  3.3761E-05  7.1845E-06
 2.3467E+25  8.4907E-06  7.0081E+03  7.4643E-05  3.3251E-05  7.1845E-06
 2.3559E+25  8.5089E-06  7.0081E+03  7.4643E-05  3.2740E-05  7.1845E-06
 2.3652E+25  8.6319E-06  7.0080E+03  7.4643E-05  3.2250E-05  7.1845E-06
 2.3744E+25  8.6778E-06  7.0080E+03  7.4643E-05  3.1782E-05  7.1845E-06
 2.3837E+25  8.7695E-06  7.0079E+03  7.4643E-05  3.1319E-05  7.1845E-06
 2.3929E+25  8.8542E-06  7.0079E+03  7.4643E-05  3.0849E-05  7.1845E-06
 2.4022E+25  8.9097E-06  7.0078E+03  7.4643E-05  3.0396E-05  7.1845E-06
 2.4115E+25  9.0314E-06  7.0078E+03  7.4643E-05  2.9951E-05  7.1845E-06
 2.4207E+25  9.0564E-06  7.0078E+03  7.4643E-05  2.9508E-05  7.1845E-06
 2.4300E+25  9.1914E-06  7.0077E+03  7.4643E-05  2.9096E-05  7.1845E-06
 2.4392E+25  9.2312E-06  7.0077E+03  7.4643E-05  2.8674E-05  7.1845E-06
 2.4485E+25  9.3413E-06  7.0076E+03  7.4643E-05  2.8262E-05  7.1845E-06
 2.4577E+25  9.4260E-06  7.0076E+03  7.4643E-05  2.7850E-05  7.1845E-06
 2.4670E+25  9.4918E-06  7.0076E+03  7.4643E-05  2.7443E-05  7.1845E-06
 2.4763E+25  9.6163E-06  7.0075E+03  7.4643E-05  2.7063E-05  7.1845E-06
 2.4855E+25  9.6554E-06  7.0075E+03  7.4643E-05  2.6685E-05  7.1845E-06
 2.4948E+25  9.7897E-06  7.0075E+03  7.4643E-05  2.6319E-05  7.1845E-06
 2.5040E+25  9.8491E-06  7.0074E+03  7.4643E-05  2.5943E-05  7.1845E-06
 2.5133E+25  9.9551E-06  7.0074E+03  7.4643E-05  2.5575E-05  7.1845E-06
 2.5225E+25  1.0060E-05  7.0073E+03  7.4643E-05  2.5208E-05  7.1845E-06
 2.5318E+25  1.0121E-05  7.0073E+03  7.4643E-05  2.4860E-05  7.1845E-06
 2.5411E+25  1.0252E-05  7.0073E+03  7.4643E-05  2.4526E-05  7.1845E-06
 2.5503E+25  1.0316E-05  7.0072E+03  7.4643E-05  2.4196E-05  7.1845E-06
 2.5596E+25  1.0441E-05  7.0072E+03  7.4643E-05  2.3871E-05  7.1845E-06
 2.5688E+25  1.0530E-05  7.0072E+03  7.4643E-05  2.3534E-05  7.1845E-06
 2.5781E+25  1.0625E-05  7.0071E+03  7.4643E-05  2.3205E-05  7.1845E-06
 2.5873E+25  1.0754E-05  7.0071E+03  7.4643E-05  2.2881E-05  7.1845E-06
 2.5966E+25  1.0819E-05  7.0071E+03  7.4643E-05  2.2574E-05  7.1845E-06
 2.6059E+25  1.0960E-05  7.0071E+03  7.4643E-05  2.2292E-05  7.1845E-06
 2.6151E+25  1.1052E-05  7.0070E+03  7.4643E-05  2.1991E-05  7.1845E-06
 2.6244E+25  1.1159E-05  7.0070E+03  7.4643E-05  2.1704E-05  7.1845E-06
 2.6336E+25  1.1283E-05  7.0070E+03  7.4643E-05  2.1405E-05  7.1845E-06
 2.6429E+25  1.1371E-05  7.0069E+03  7.4643E-05  2.1110E-05  7.1845E-06
 2.6521E+25  1.1515E-05  7.0069E+03  7.4643E-05  2.0830E-05  7.1845E-06
 2.6614E+25  1.1604E-05  7.0069E+03  7.4643E-05  2.0552E-05  7.1845E-06
 2.6707E+25  1.1737E-05  7.0069E+03  7.4643E-05  2.0307E-05  7.1845E-06
 2.6799E+25  1.1869E-05  7.0068E+03  7.4643E-05  2.0037E-05  7.1845E-06
 2.6892E+25  1.1968E-05  7.0068E+03  7.4643E-05  1.9784E-05  7.1845E-06
 2.6984E+25  1.2103E-05  7.0068E+03  7.4643E-05  1.9516E-05  7.1845E-06
 2.7077E+25  1.2233E-05  7.0067E+03  7.4643E-05  1.9252E-05  7.1845E-06
 2.7169E+25  1.2341E-05  7.0067E+03  7.4643E-05  1.9009E-05  7.1845E-06
 2.7262E+25  1.2514E-05  7.0067E+03  7.4643E-05  1.8758E-05  7.1845E-06
 2.7355E+25  1.2586E-05  7.0067E+03  7.4643E-05  1.8532E-05  7.1845E-06
 2.7447E+25  1.2779E-05  7.0066E+03  7.4643E-05  1.8306E-05  7.1845E-06
 2.7540E+25  1.2877E-05  7.0066E+03  7.4643E-05  1.8070E-05  7.1845E-06
 2.7632E+25  1.3045E-05  7.0066E+03  7.4643E-05  1.7839E-05  7.1845E-06
 2.7725E+25  1.3164E-05  7.0066E+03  7.4643E-05  1.7607E-05  7.1845E-06
 2.7817E+25  1.3312E-05  7.0066E+03  7.4643E-05  1.7377E-05  7.1845E-06
 2.7910E+25  1.3464E-05  7.0065E+03  7.4643E-05  1.7167E-05  7.1845E-06
 2.8003E+25  1.3611E-05  7.0065E+03  7.4643E-05  1.6950E-05  7.1845E-06
 2.8095E+25  1.3766E-05  7.0065E+03  7.4643E-05  1.6754E-05  7.1845E-06
 2.8188E+25  1.3924E-05  7.0065E+03  7.4643E-05  1.6545E-05  7.1845E-06
 2.8280E+25  1.4075E-05  7.0064E+03  7.4643E-05  1.6341E-05  7.1845E-06
 2.8373E+25  1.4235E-05  7.0064E+03  7.4643E-05  1.6131E-05  7.1845E-06
 2.8465E+25  1.4392E-05  7.0064E+03  7.4643E-05  1.5932E-05  7.1845E-06
 2.8558E+25  1.4565E-05  7.0064E+03  7.4643E-05  1.5732E-05  7.1845E-06
 2.8651E+25  1.4740E-05  7.0064E+03  7.4643E-05  1.5553E-05  7.1845E-06
 2.8743E+25  1.4892E-05  7.0063E+03  7.4643E-05  1.5360E-05  7.1845E-06
 2.8836E+25  1.5103E-05  7.0063E+03  7.4643E-05  1.5183E-05  7.1845E-06
 2.8928E+25  1.5225E-05  7.0063E+03  7.4643E-05  1.4996E-05  7.1845E-06
 2.9021E+25  1.5452E-05  7.0063E+03  7.4643E-05  1.4815E-05  7.1845E-06
 2.9113E+25  1.5612E-05  7.0062E+03  7.4643E-05  1.4631E-05  7.1845E-06
 2.9206E+25  1.5796E-05  7.0062E+03  7.4643E-05  1.4456E-05  7.1845E-06
 2.9299E+25  1.6013E-05  7.0062E+03  7.4643E-05  1.4282E-05  7.1845E-06
 2.9391E+25  1.6183E-05  7.0062E+03  7.4643E-05  1.4126E-05  7.1845E-06
 2.9484E+25  1.6376E-05  7.0062E+03  7.4643E-05  1.3955E-05  7.1845E-06
 2.9576E+25  1.6586E-05  7.0061E+03  7.4643E-05  1.3793E-05  7.1845E-06
 2.9669E+25  1.6790E-05  7.0061E+03  7.4643E-05  1.3630E-05  7.1845E-06
 2.9761E+25  1.6985E-05  7.0061E+03  7.4643E-05  1.3466E-05  7.1845E-06
 2.9854E+25  1.7229E-05  7.0061E+03  7.4643E-05  1.3307E-05  7.1845E-06
 2.9947E+25  1.7381E-05  7.0061E+03  7.4643E-05  1.3152E-05  7.1845E-06
 3.0039E+25  1.7675E-05  7.0061E+03  7.4643E-05  1.3000E-05  7.1845E-06
 3.0132E+25  1.7816E-05  7.0060E+03  7.4643E-05  1.2859E-05  7.1845E-06
 3.0224E+25  1.8106E-05  7.0060E+03  7.4643E-05  1.2712E-05  7.1845E-06
 3.0317E+25  1.8290E-05  7.0060E+03  7.4643E-05  1.2561E-05  7.1845E-06
 3.0409E+25  1.8552E-05  7.0060E+03  7.4643E-05  1.2419E-05  7.1845E-06
 3.0502E+25  1.8793E-05  7.0060E+03  7.4643E-05  1.2272E-05  7.1845E-06
 3.0594E+25  1.8979E-05  7.0059E+03  7.4643E-05  1.2131E-05  7.1845E-06
 3.0687E+25  1.9322E-05  7.0059E+03  7.4643E-05  1.1995E-05  7.1845E-06
 3.0780E+25  1.9447E-05  7.0059E+03  7.4643E-05  1.1860E-05  7.1845E-06
 3.0872E+25  1.9825E-05  7.0059E+03  7.4643E-05  1.1734E-05  7.1845E-06
 3.0965E+25  1.9967E-05  7.0059E+03  7.4643E-05  1.1606E-05  7.1845E-06
 3.1057E+25  2.0307E-05  7.0059E+03  7.4643E-05  1.1470E-05  7.1845E-06
 3.1150E+25  2.0532E-05  7.0058E+03  7.4643E-05  1.1341E-05  7.1845E-06
 3.1242E+25  2.0819E-05  7.0058E+03  7.4643E-05  1.1210E-05  7.1845E-06
 3.1335E+25  2.1100E-05  7.0058E+03  7.4643E-05  1.1086E-05  7.1845E-06
 3.1428E+25  2.1363E-05  7.0058E+03  7.4643E-05  1.0963E-05  7.1845E-06
 3.1520E+25  2.1668E-05  7.0058E+03  7.4643E-05  1.0846E-05  7.1845E-06
 3.1613E+25  2.1912E-05  7.0058E+03  7.4643E-05  1.0729E-05  7.1845E-06
 3.1705E+25  2.2236E-05  7.0058E+03  7.4643E-05  1.0617E-05  7.1845E-06
 3.1798E+25  2.2507E-05  7.0057E+03  7.4643E-05  1.0503E-05  7.1845E-06
 3.1890E+25  2.2839E-05  7.0057E+03  7.4643E-05  1.0382E-05  7.1845E-06
 3.1983E+25  2.3130E-05  7.0057E+03  7.4643E-05  1.0266E-05  7.1845E-06
 3.2076E+25  2.3414E-05  7.0057E+03  7.4643E-05  1.0151E-05  7.1845E-06
 3.2168E+25  2.3812E-05  7.0057E+03  7.4643E-05  1.0043E-05  7.1845E-06
 3.2261E+25  2.3991E-05  7.0057E+03  7.4643E-05  9.9348E-06  7.1845E-06
 3.2353E+25  2.4477E-05  7.0056E+03  7.4643E-05  9.8357E-06  7.1845E-06
 3.2446E+25  2.4641E-05  7.0056E+03  7.4643E-05  9.7313E-06  7.1845E-06
 3.2538E+25  2.5115E-05  7.0056E+03  7.4643E-05  9.6304E-06  7.1845E-06
 3.2631E+25  2.5359E-05  7.0056E+03  7.4643E-05  9.5285E-06  7.1845E-06
 3.2724E+25  2.5753E-05  7.0056E+03  7.4643E-05  9.4226E-06  7.1845E-06
 3.2816E+25  2.6108E-05  7.0056E+03  7.4643E-05  9.3195E-06  7.1845E-06
 3.2909E+25  2.6405E-05  7.0056E+03  7.4643E-05  9.2173E-06  7.1845E-06
 3.3001E+25  2.6837E-05  7.0055E+03  7.4643E-05  9.1224E-06  7.1845E-06
 3.3094E+25  2.7124E-05  7.0055E+03  7.4643E-05  9.0282E-06  7.1845E-06
 3.3186E+25  2.7568E-05  7.0055E+03  7.4643E-05  8.9419E-06  7.1845E-06
 3.3279E+25  2.7881E-05  7.0055E+03  7.4643E-05  8.8482E-06  7.1845E-06
 3.3372E+25  2.8294E-05  7.0055E+03  7.4643E-05  8.7567E-06  7.1845E-06
 3.3464E+25  2.8691E-05  7.0055E+03  7.4643E-05  8.6687E-06  7.1845E-06
 3.3557E+25  2.9008E-05  7.0055E+03  7.4643E-05  8.5737E-06  7.1845E-06
 3.3649E+25  2.9518E-05  7.0054E+03  7.4643E-05  8.4833E-06  7.1845E-06
 3.3742E+25  2.9776E-05  7.0054E+03  7.4643E-05  8.3919E-06  7.1845E-06
 3.3834E+25  3.0337E-05  7.0054E+03  7.4643E-05  8.3059E-06  7.1845E-06
 3.3927E+25  3.0600E-05  7.0054E+03  7.4643E-05  8.2239E-06  7.1845E-06
 3.4020E+25  3.1145E-05  7.0054E+03  7.4643E-05  8.1465E-06  7.1845E-06
 3.4112E+25  3.1461E-05  7.0054E+03  7.4643E-05  8.0671E-06  7.1845E-06
 3.4205E+25  3.1969E-05  7.0054E+03  7.4643E-05  7.9831E-06  7.1845E-06
 3.4297E+25  3.2366E-05  7.0053E+03  7.4643E-05  7.9035E-06  7.1845E-06
 3.4390E+25  3.2804E-05  7.0053E+03  7.4643E-05  7.8226E-06  7.1845E-06
 3.4482E+25  3.3260E-05  7.0053E+03  7.4643E-05  7.7383E-06  7.1845E-06
 3.4575E+25  3.3689E-05  7.0053E+03  7.4643E-05  7.6625E-06  7.1845E-06
 3.4668E+25  3.4155E-05  7.0053E+03  7.4643E-05  7.5805E-06  7.1845E-06
 3.4760E+25  3.4612E-05  7.0053E+03  7.4643E-05  7.5088E-06  7.1845E-06
 3.4853E+25  3.5079E-05  7.0053E+03  7.4643E-05  7.4378E-06  7.1845E-06
 3.4945E+25  3.5542E-05  7.0052E+03  7.4643E-05  7.3695E-06  7.1845E-06
 3.5038E+25  3.6035E-05  7.0052E+03  7.4643E-05  7.2968E-06  7.1845E-06
 3.5130E+25  3.6522E-05  7.0052E+03  7.4643E-05  7.2224E-06  7.1845E-06
 3.5223E+25  3.6998E-05  7.0052E+03  7.4643E-05  7.1526E-06  7.1845E-06
 3.5316E+25  3.7522E-05  7.0052E+03  7.4643E-05  7.0801E-06  7.1845E-06
 3.5408E+25  3.7977E-05  7.0052E+03  7.4643E-05  7.0069E-06  7.1845E-06
 3.5501E+25  3.8494E-05  7.0052E+03  7.4643E-05  6.9404E-06  7.1845E-06
 3.5593E+25  3.9035E-05  7.0051E+03  7.4643E-05  6.8681E-06  7.1845E-06
 3.5686E+25  3.9498E-05  7.0051E+03  7.4643E-05  6.8076E-06  7.1845E-06
 3.5778E+25  4.0119E-05  7.0051E+03  7.4643E-05  6.7442E-06  7.1845E-06
 3.5871E+25  4.0500E-05  7.0051E+03  7.4643E-05  6.6830E-06  7.1845E-06
 3.5964E+25  4.1203E-05  7.0051E+03  7.4643E-05  6.6184E-06  7.1845E-06
 3.6056E+25  4.1557E-05  7.0051E+03  7.4643E-05  6.5519E-06  7.1845E-06
 3.6149E+25  4.2283E-05  7.0051E+03  7.4643E-05  6.4898E-06  7.1845E-06
 3.6241E+25  4.2678E-05  7.0051E+03  7.4643E-05  6.4266E-06  7.1845E-06
 3.6334E+25  4.3373E-05  7.0050E+03  7.4643E-05  6.3622E-06  7.1845E-06
 3.6426E+25  4.3803E-05  7.0050E+03  7.4643E-05  6.3021E-06  7.1845E-06
 3.6519E+25  4.4499E-05  7.0050E+03  7.4643E-05  6.2417E-06  7.1845E-06
 3.6612E+25  4.4957E-05  7.0050E+03  7.4643E-05  6.1865E-06  7.1845E-06
 3.6704E+25  4.5631E-05  7.0050E+03  7.4643E-05  6.1304E-06  7.1845E-06
 3.6797E+25  4.6168E-05  7.0050E+03  7.4643E-05  6.0753E-06  7.1845E-06
 3.6889E+25  4.6753E-05  7.0050E+03  7.4643E-05  6.0186E-06  7.1845E-06
 3.6982E+25  4.7411E-05  7.0049E+03  7.4643E-05  5.9605E-06  7.1845E-06
 3.7074E+25  4.7910E-05  7.0049E+03  7.4643E-05  5.9037E-06  7.1845E-06
 3.7167E+25  4.8659E-05  7.0049E+03  7.4643E-05  5.8483E-06  7.1845E-06
 3.7260E+25  4.9111E-05  7.0049E+03  7.4643E-05  5.7919E-06  7.1845E-06
 3.7352E+25  4.9907E-05  7.0049E+03  7.4643E-05  5.7372E-06  7.1845E-06
 3.7445E+25  5.0342E-05  7.0049E+03  7.4643E-05  5.6864E-06  7.1845E-06
 3.7537E+25  5.1111E-05  7.0049E+03  7.4643E-05  5.6353E-06  7.1845E-06
 3.7630E+25  5.1683E-05  7.0049E+03  7.4643E-05  5.5866E-06  7.1845E-06
 3.7722E+25  5.2347E-05  7.0048E+03  7.4643E-05  5.5356E-06  7.1845E-06
 3.7815E+25  5.2996E-05  7.0048E+03  7.4643E-05  5.4863E-06  7.1845E-06
 3.7908E+25  5.3651E-05  7.0048E+03  7.4643E-05  5.4375E-06  7.1845E-06
 3.8000E+25  5.4309E-05  7.0048E+03  7.4643E-05  5.3836E-06  7.1845E-06
 3.8093E+25  5.4972E-05  7.0048E+03  7.4643E-05  5.3339E-06  7.1845E-06
 3.8185E+25  5.5631E-05  7.0048E+03  7.4643E-05  5.2867E-06  7.1845E-06
 3.8278E+25  5.6293E-05  7.0048E+03  7.4643E-05  5.2358E-06  7.1845E-06
 3.8370E+25  5.7029E-05  7.0047E+03  7.4643E-05  5.1903E-06  7.1845E-06
 3.8463E+25  5.7603E-05  7.0047E+03  7.4643E-05  5.1469E-06  7.1845E-06
 3.8556E+25  5.8451E-05  7.0047E+03  7.4643E-05  5.1017E-06  7.1845E-06
 3.8648E+25  5.8998E-05  7.0047E+03  7.4643E-05  5.0571E-06  7.1845E-06
 3.8741E+25  5.9809E-05  7.0047E+03  7.4643E-05  5.0126E-06  7.1845E-06
 3.8833E+25  6.0465E-05  7.0047E+03  7.4643E-05  4.9682E-06  7.1845E-06
 3.8926E+25  6.1161E-05  7.0047E+03  7.4643E-05  4.9247E-06  7.1845E-06
 3.9018E+25  6.1927E-05  7.0047E+03  7.4643E-05  4.8772E-06  7.1845E-06
 3.9111E+25  6.2599E-05  7.0046E+03  7.4643E-05  4.8339E-06  7.1845E-06
 3.9204E+25  6.3387E-05  7.0046E+03  7.4643E-05  4.7915E-06  7.1845E-06
 3.9296E+25  6.4020E-05  7.0046E+03  7.4643E-05  4.7474E-06  7.1845E-06
 3.9389E+25  6.4937E-05  7.0046E+03  7.4643E-05  4.7088E-06  7.1845E-06
 3.9481E+25  6.5438E-05  7.0046E+03  7.4643E-05  4.6704E-06  7.1845E-06
 3.9574E+25  6.6442E-05  7.0046E+03  7.4643E-05  4.6309E-06  7.1845E-06
 3.9666E+25  6.6947E-05  7.0046E+03  7.4643E-05  4.5900E-06  7.1845E-06
 3.9759E+25  6.7871E-05  7.0045E+03  7.4643E-05  4.5510E-06  7.1845E-06
 3.9852E+25  6.8533E-05  7.0045E+03  7.4643E-05  4.5105E-06  7.1845E-06
 3.9944E+25  6.9331E-05  7.0045E+03  7.4643E-05  4.4725E-06  7.1845E-06
 4.0037E+25  7.0217E-05  7.0045E+03  7.4643E-05  4.4316E-06  7.1845E-06
 4.0129E+25  7.0782E-05  7.0045E+03  7.4643E-05  4.3917E-06  7.1845E-06
 4.0222E+25  7.1810E-05  7.0045E+03  7.4643E-05  4.3546E-06  7.1845E-06
 4.0314E+25  7.2364E-05  7.0045E+03  7.4643E-05  4.3165E-06  7.1845E-06
 4.0407E+25  7.3318E-05  7.0045E+03  7.4643E-05  4.2822E-06  7.1845E-06
 4.0500E+25  7.3976E-05  7.0044E+03  7.4643E-05  4.2485E-06  7.1845E-06
 4.0592E+25  7.4862E-05  7.0044E+03  7.4643E-05  4.2134E-06  7.1845E-06
 4.0685E+25  7.5634E-05  7.0044E+03  7.4643E-05  4.1776E-06  7.1845E-06
 4.0777E+25  7.6443E-05  7.0044E+03  7.4643E-05  4.1415E-06  7.1845E-06
 4.0870E+25  7.7297E-05  7.0044E+03  7.4643E-05  4.1061E-06  7.1845E-06
 4.0962E+25  7.8052E-05  7.0044E+03  7.4643E-05  4.0721E-06  7.1845E-06
 4.1055E+25  7.8952E-05  7.0044E+03  7.4643E-05  4.0372E-06  7.1845E-06
 4.1148E+25  7.9636E-05  7.0043E+03  7.4643E-05  4.0003E-06  7.1845E-06
 4.1240E+25  8.0669E-05  7.0043E+03  7.4643E-05  3.9672E-06  7.1845E-06
 4.1333E+25  8.1267E-05  7.0043E+03  7.4643E-05  3.9342E-06  7.1845E-06
 4.1425E+25  8.2265E-05  7.0043E+03  7.4643E-05  3.9033E-06  7.1845E-06
 4.1518E+25  8.3068E-05  7.0043E+03  7.4643E-05  3.8731E-06  7.1845E-06
 4.1610E+25  8.3809E-05  7.0043E+03  7.4643E-05  3.8424E-06  7.1845E-06
 4.1703E+25  8.4870E-05  7.0043E+03  7.4643E-05  3.8116E-06  7.1845E-06
 4.1796E+25  8.5503E-05  7.0043E+03  7.4643E-05  3.7789E-06  7.1845E-06
 4.1888E+25  8.6512E-05  7.0042E+03  7.4643E-05  3.7480E-06  7.1845E-06
 4.1981E+25  8.7263E-05  7.0042E+03  7.4643E-05  3.7157E-06  7.1845E-06
 4.2073E+25  8.8203E-05  7.0042E+03  7.4643E-05  3.6853E-06  7.1845E-06
 4.2166E+25  8.9026E-05  7.0042E+03  7.4643E-05  3.6557E-06  7.1845E-06
 4.2258E+25  8.9844E-05  7.0042E+03  7.4643E-05  3.6223E-06  7.1845E-06
 4.2351E+25  9.0869E-05  7.0042E+03  7.4643E-05  3.5931E-06  7.1845E-06
 4.2443E+25  9.1500E-05  7.0042E+03  7.4643E-05  3.5659E-06  7.1845E-06
 4.2536E+25  9.2604E-05  7.0041E+03  7.4643E-05  3.5387E-06  7.1845E-06
 4.2629E+25  9.3419E-05  7.0041E+03  7.4643E-05  3.5121E-06  7.1845E-06
 4.2721E+25  9.4233E-05  7.0041E+03  7.4643E-05  3.4844E-06  7.1845E-06
 4.2814E+25  9.5241E-05  7.0041E+03  7.4643E-05  3.4571E-06  7.1845E-06
 4.2906E+25  9.5963E-05  7.0041E+03  7.4643E-05  3.4289E-06  7.1845E-06
 4.2999E+25  9.7023E-05  7.0041E+03  7.4643E-05  3.4003E-06  7.1845E-06
 4.3091E+25  9.7798E-05  7.0041E+03  7.4643E-05  3.3718E-06  7.1845E-06
 4.3184E+25  9.8718E-05  7.0040E+03  7.4643E-05  3.3449E-06  7.1845E-06
 4.3277E+25  9.9687E-05  7.0040E+03  7.4643E-05  3.3184E-06  7.1845E-06
 4.3369E+25  1.0045E-04  7.0040E+03  7.4643E-05  3.2900E-06  7.1845E-06
 4.3462E+25  1.0150E-04  7.0040E+03  7.4643E-05  3.2632E-06  7.1845E-06
 4.3554E+25  1.0237E-04  7.0040E+03  7.4643E-05  3.2401E-06  7.1845E-06
 4.3647E+25  1.0324E-04  7.0040E+03  7.4643E-05  3.2161E-06  7.1845E-06
 4.3739E+25  1.0418E-04  7.0040E+03  7.4643E-05  3.1924E-06  7.1845E-06
 4.3832E+25  1.0501E-04  7.0039E+03  7.4643E-05  3.1681E-06  7.1845E-06
 4.3925E+25  1.0601E-04  7.0039E+03  7.4643E-05  3.1431E-06  7.1845E-06
 4.4017E+25  1.0695E-04  7.0039E+03  7.4643E-05  3.1196E-06  7.1845E-06
 4.4110E+25  1.0779E-04  7.0039E+03  7.4643E-05  3.0929E-06  7.1845E-06
 4.4202E+25  1.0874E-04  7.0039E+03  7.4643E-05  3.0683E-06  7.1845E-06
 4.4295E+25  1.0969E-04  7.0039E+03  7.4643E-05  3.0439E-06  7.1845E-06
 4.4387E+25  1.1054E-04  7.0039E+03  7.4643E-05  3.0196E-06  7.1845E-06
 4.4480E+25  1.1152E-04  7.0038E+03  7.4643E-05  2.9964E-06  7.1845E-06
 4.4573E+25  1.1246E-04  7.0038E+03  7.4643E-05  2.9711E-06  7.1845E-06
 4.4665E+25  1.1332E-04  7.0038E+03  7.4643E-05  2.9508E-06  7.1845E-06
 4.4758E+25  1.1436E-04  7.0038E+03  7.4643E-05  2.9300E-06  7.1845E-06
 4.4850E+25  1.1521E-04  7.0038E+03  7.4643E-05  2.9084E-06  7.1845E-06
 4.4943E+25  1.1611E-04  7.0038E+03  7.4643E-05  2.8873E-06  7.1845E-06
 4.5035E+25  1.1714E-04  7.0038E+03  7.4643E-05  2.8652E-06  7.1845E-06
 4.5128E+25  1.1794E-04  7.0038E+03  7.4643E-05  2.8437E-06  7.1845E-06
 4.5221E+25  1.1895E-04  7.0037E+03  7.4643E-05  2.8221E-06  7.1845E-06
 4.5313E+25  1.1999E-04  7.0037E+03  7.4643E-05  2.7993E-06  7.1845E-06
 4.5406E+25  1.2075E-04  7.0037E+03  7.4643E-05  2.7766E-06  7.1845E-06
 4.5498E+25  1.2179E-04  7.0037E+03  7.4643E-05  2.7555E-06  7.1845E-06
 4.5591E+25  1.2273E-04  7.0037E+03  7.4643E-05  2.7342E-06  7.1845E-06
 4.5683E+25  1.2359E-04  7.0037E+03  7.4643E-05  2.7132E-06  7.1845E-06
 4.5776E+25  1.2456E-04  7.0037E+03  7.4643E-05  2.6926E-06  7.1845E-06
 4.5869E+25  1.2550E-04  7.0036E+03  7.4643E-05  2.6746E-06  7.1845E-06
 4.5961E+25  1.2645E-04  7.0036E+03  7.4643E-05  2.6563E-06  7.1845E-06
 4.6054E+25  1.2738E-04  7.0036E+03  7.4643E-05  2.6368E-06  7.1845E-06
 4.6146E+25  1.2832E-04  7.0036E+03  7.4643E-05  2.6182E-06  7.1845E-06
 4.6239E+25  1.2931E-04  7.0036E+03  7.4643E-05  2.5987E-06  7.1845E-06
 4.6331E+25  1.3014E-04  7.0036E+03  7.4643E-05  2.5795E-06  7.1845E-06
 4.6424E+25  1.3115E-04  7.0036E+03  7.4643E-05  2.5602E-06  7.1845E-06
 4.6517E+25  1.3215E-04  7.0035E+03  7.4643E-05  2.5404E-06  7.1845E-06
 4.6609E+25  1.3295E-04  7.0035E+03  7.4643E-05  2.5202E-06  7.1845E-06
 4.6702E+25  1.3395E-04  7.0035E+03  7.4643E-05  2.5009E-06  7.1845E-06
 4.6794E+25  1.3491E-04  7.0035E+03  7.4643E-05  2.4823E-06  7.1845E-06
 4.6887E+25  1.3578E-04  7.0035E+03  7.4643E-05  2.4638E-06  7.1845E-06
 4.6979E+25  1.3678E-04  7.0035E+03  7.4643E-05  2.4466E-06  7.1845E-06
 4.7072E+25  1.3771E-04  7.0035E+03  7.4643E-05  2.4301E-06  7.1845E-06
 4.7165E+25  1.3865E-04  7.0034E+03  7.4643E-05  2.4139E-06  7.1845E-06
 4.7257E+25  1.3963E-04  7.0034E+03  7.4643E-05  2.3969E-06  7.1845E-06
 4.7350E+25  1.4044E-04  7.0034E+03  7.4643E-05  2.3800E-06  7.1845E-06
 4.7442E+25  1.4144E-04  7.0034E+03  7.4643E-05  2.3635E-06  7.1845E-06
 4.7535E+25  1.4243E-04  7.0034E+03  7.4643E-05  2.3455E-06  7.1845E-06
 4.7627E+25  1.4323E-04  7.0034E+03  7.4643E-05  2.3292E-06  7.1845E-06
 4.7720E+25  1.4425E-04  7.0034E+03  7.4643E-05  2.3113E-06  7.1845E-06
 4.7813E+25  1.4520E-04  7.0033E+03  7.4643E-05  2.2940E-06  7.1845E-06
 4.7905E+25  1.4603E-04  7.0033E+03  7.4643E-05  2.2763E-06  7.1845E-06
 4.7998E+25  1.4705E-04  7.0033E+03  7.4643E-05  2.2592E-06  7.1845E-06
 4.8090E+25  1.4795E-04  7.0033E+03  7.4643E-05  2.2427E-06  7.1845E-06
 4.8183E+25  1.4884E-04  7.0033E+03  7.4643E-05  2.2287E-06  7.1845E-06
 4.8275E+25  1.4985E-04  7.0033E+03  7.4643E-05  2.2132E-06  7.1845E-06
 4.8368E+25  1.5068E-04  7.0033E+03  7.4643E-05  2.1988E-06  7.1845E-06
 4.8461E+25  1.5158E-04  7.0033E+03  7.4643E-05  2.1842E-06  7.1845E-06
 4.8553E+25  1.5259E-04  7.0032E+03  7.4643E-05  2.1687E-06  7.1845E-06
 4.8646E+25  1.5343E-04  7.0032E+03  7.4643E-05  2.1540E-06  7.1845E-06
 4.8738E+25  1.5438E-04  7.0032E+03  7.4643E-05  2.1390E-06  7.1845E-06
 4.8831E+25  1.5535E-04  7.0032E+03  7.4643E-05  2.1234E-06  7.1845E-06
 4.8923E+25  1.5617E-04  7.0032E+03  7.4643E-05  2.1086E-06  7.1845E-06
 4.9016E+25  1.5708E-04  7.0032E+03  7.4643E-05  2.0929E-06  7.1845E-06
 4.9109E+25  1.5807E-04  7.0032E+03  7.4643E-05  2.0777E-06  7.1845E-06
 4.9201E+25  1.5887E-04  7.0031E+03  7.4643E-05  2.0619E-06  7.1845E-06
 4.9294E+25  1.5978E-04  7.0031E+03  7.4643E-05  2.0468E-06  7.1845E-06
 4.9386E+25  1.6082E-04  7.0031E+03  7.4643E-05  2.0332E-06  7.1845E-06
 4.9479E+25  1.6161E-04  7.0031E+03  7.4643E-05  2.0207E-06  7.1845E-06
 4.9571E+25  1.6252E-04  7.0031E+03  7.4643E-05  2.0073E-06  7.1845E-06
 4.9664E+25  1.6345E-04  7.0031E+03  7.4643E-05  1.9943E-06  7.1845E-06
 4.9757E+25  1.6429E-04  7.0031E+03  7.4643E-05  1.9813E-06  7.1845E-06
 4.9849E+25  1.6517E-04  7.0031E+03  7.4643E-05  1.9677E-06  7.1845E-06
 4.9942E+25  1.6613E-04  7.0030E+03  7.4643E-05  1.9545E-06  7.1845E-06
 5.0034E+25  1.6692E-04  7.0030E+03  7.4643E-05  1.9415E-06  7.1845E-06
 5.0127E+25  1.6779E-04  7.0030E+03  7.4643E-05  1.9274E-06  7.1845E-06
 5.0219E+25  1.6881E-04  7.0030E+03  7.4643E-05  1.9141E-06  7.1845E-06
 5.0312E+25  1.6967E-04  7.0030E+03  7.4643E-05  1.9004E-06  7.1845E-06
 5.0405E+25  1.7044E-04  7.0030E+03  7.4643E-05  1.8874E-06  7.1845E-06
 5.0497E+25  1.7139E-04  7.0030E+03  7.4643E-05  1.8730E-06  7.1845E-06
 5.0590E+25  1.7227E-04  7.0029E+03  7.4643E-05  1.8593E-06  7.1845E-06
 5.0682E+25  1.7298E-04  7.0029E+03  7.4643E-05  1.8477E-06  7.1845E-06
 5.0775E+25  1.7394E-04  7.0029E+03  7.4643E-05  1.8365E-06  7.1845E-06
 5.0867E+25  1.7491E-04  7.0029E+03  7.4643E-05  1.8254E-06  7.1845E-06
 5.0960E+25  1.7560E-04  7.0029E+03  7.4643E-05  1.8132E-06  7.1845E-06
 5.1053E+25  1.7651E-04  7.0029E+03  7.4643E-05  1.8018E-06  7.1845E-06
 5.1145E+25  1.7744E-04  7.0029E+03  7.4643E-05  1.7902E-06  7.1845E-06
 5.1238E+25  1.7819E-04  7.0029E+03  7.4643E-05  1.7777E-06  7.1845E-06
 5.1330E+25  1.7902E-04  7.0028E+03  7.4643E-05  1.7665E-06  7.1845E-06
 5.1423E+25  1.7999E-04  7.0028E+03  7.4643E-05  1.7543E-06  7.1845E-06
 5.1515E+25  1.8080E-04  7.0028E+03  7.4643E-05  1.7423E-06  7.1845E-06
 5.1608E+25  1.8150E-04  7.0028E+03  7.4643E-05  1.7302E-06  7.1845E-06
 5.1701E+25  1.8243E-04  7.0028E+03  7.4643E-05  1.7186E-06  7.1845E-06
 5.1793E+25  1.8332E-04  7.0028E+03  7.4643E-05  1.7064E-06  7.1845E-06
 5.1886E+25  1.8400E-04  7.0028E+03  7.4643E-05  1.6937E-06  7.1845E-06
 5.1978E+25  1.8487E-04  7.0028E+03  7.4643E-05  1.6832E-06  7.1845E-06
 5.2071E+25  1.8581E-04  7.0027E+03  7.4643E-05  1.6729E-06  7.1845E-06
 5.2163E+25  1.8656E-04  7.0027E+03  7.4643E-05  1.6629E-06  7.1845E-06
 5.2256E+25  1.8726E-04  7.0027E+03  7.4643E-05  1.6531E-06  7.1845E-06
 5.2349E+25  1.8817E-04  7.0027E+03  7.4643E-05  1.6422E-06  7.1845E-06
 5.2441E+25  1.8901E-04  7.0027E+03  7.4643E-05  1.6321E-06  7.1845E-06
 5.2534E+25  1.8974E-04  7.0027E+03  7.4643E-05  1.6218E-06  7.1845E-06
 5.2626E+25  1.9055E-04  7.0027E+03  7.4643E-05  1.6108E-06  7.1845E-06
 5.2719E+25  1.9141E-04  7.0027E+03  7.4643E-05  1.6008E-06  7.1845E-06
 5.2811E+25  1.9220E-04  7.0026E+03  7.4643E-05  1.5898E-06  7.1845E-06
 5.2904E+25  1.9288E-04  7.0026E+03  7.4643E-05  1.5793E-06  7.1845E-06
 5.2997E+25  1.9370E-04  7.0026E+03  7.4643E-05  1.5687E-06  7.1845E-06
 5.3089E+25  1.9453E-04  7.0026E+03  7.4643E-05  1.5581E-06  7.1845E-06
 5.3182E+25  1.9529E-04  7.0026E+03  7.4643E-05  1.5474E-06  7.1845E-06
 5.3274E+25  1.9603E-04  7.0026E+03  7.4643E-05  1.5368E-06  7.1845E-06
 5.3367E+25  1.9687E-04  7.0026E+03  7.4643E-05  1.5275E-06  7.1845E-06
 5.3459E+25  1.9763E-04  7.0026E+03  7.4643E-05  1.5184E-06  7.1845E-06
 5.3552E+25  1.9838E-04  7.0025E+03  7.4643E-05  1.5095E-06  7.1845E-06
 5.3645E+25  1.9911E-04  7.0025E+03  7.4643E-05  1.5008E-06  7.1845E-06
 5.3737E+25  1.9984E-04  7.0025E+03  7.4643E-05  1.4913E-06  7.1845E-06
 5.3830E+25  2.0060E-04  7.0025E+03  7.4643E-05  1.4821E-06  7.1845E-06
 5.3922E+25  2.0139E-04  7.0025E+03  7.4643E-05  1.4732E-06  7.1845E-06
 5.4015E+25  2.0215E-04  7.0025E+03  7.4643E-05  1.4634E-06  7.1845E-06
 5.4107E+25  2.0287E-04  7.0025E+03  7.4643E-05  1.4543E-06  7.1845E-06
 5.4200E+25  2.0361E-04  7.0025E+03  7.4643E-05  1.4450E-06  7.1845E-06
 5.4292E+25  2.0434E-04  7.0024E+03  7.4643E-05  1.4353E-06  7.1845E-06
 5.4385E+25  2.0505E-04  7.0024E+03  7.4643E-05  1.4261E-06  7.1845E-06
 5.4478E+25  2.0578E-04  7.0024E+03  7.4643E-05  1.4165E-06  7.1845E-06
 5.4570E+25  2.0648E-04  7.0024E+03  7.4643E-05  1.4070E-06  7.1845E-06
 5.4663E+25  2.0723E-04  7.0024E+03  7.4643E-05  1.3983E-06  7.1845E-06
 5.4755E+25  2.0795E-04  7.0024E+03  7.4643E-05  1.3895E-06  7.1845E-06
 5.4848E+25  2.0866E-04  7.0024E+03  7.4643E-05  1.3812E-06  7.1845E-06
 5.4940E+25  2.0938E-04  7.0024E+03  7.4643E-05  1.3737E-06  7.1845E-06
 5.5033E+25  2.1007E-04  7.0024E+03  7.4643E-05  1.3657E-06  7.1845E-06
 5.5126E+25  2.1077E-04  7.0023E+03  7.4643E-05  1.3579E-06  7.1845E-06
 5.5218E+25  2.1144E-04  7.0023E+03  7.4643E-05  1.3492E-06  7.1845E-06
 5.5311E+25  2.1211E-04  7.0023E+03  7.4643E-05  1.3413E-06  7.1845E-06
 5.5403E+25  2.1286E-04  7.0023E+03  7.4643E-05  1.3332E-06  7.1845E-06
 5.5496E+25  2.1353E-04  7.0023E+03  7.4643E-05  1.3245E-06  7.1845E-06
 5.5588E+25  2.1419E-04  7.0023E+03  7.4643E-05  1.3166E-06  7.1845E-06
 5.5681E+25  2.1484E-04  7.0023E+03  7.4643E-05  1.3080E-06  7.1845E-06
 5.5774E+25  2.1552E-04  7.0023E+03  7.4643E-05  1.2996E-06  7.1845E-06
 5.5866E+25  2.1621E-04  7.0023E+03  7.4643E-05  1.2914E-06  7.1845E-06
 5.5959E+25  2.1688E-04  7.0022E+03  7.4643E-05  1.2829E-06  7.1845E-06
 5.6051E+25  2.1755E-04  7.0022E+03  7.4643E-05  1.2745E-06  7.1845E-06
 5.6144E+25  2.1819E-04  7.0022E+03  7.4643E-05  1.2673E-06  7.1845E-06
 5.6236E+25  2.1880E-04  7.0022E+03  7.4643E-05  1.2599E-06  7.1845E-06
 5.6329E+25  2.1949E-04  7.0022E+03  7.4643E-05  1.2524E-06  7.1845E-06
 5.6422E+25  2.2018E-04  7.0022E+03  7.4643E-05  1.2458E-06  7.1845E-06
 5.6514E+25  2.2081E-04  7.0022E+03  7.4643E-05  1.2386E-06  7.1845E-06
 5.6607E+25  2.2139E-04  7.0022E+03  7.4643E-05  1.2316E-06  7.1845E-06
 5.6699E+25  2.2200E-04  7.0022E+03  7.4643E-05  1.2242E-06  7.1845E-06
 5.6792E+25  2.2260E-04  7.0021E+03  7.4643E-05  1.2169E-06  7.1845E-06
 5.6884E+25  2.2326E-04  7.0021E+03  7.4643E-05  1.2099E-06  7.1845E-06
 5.6977E+25  2.2395E-04  7.0021E+03  7.4643E-05  1.2022E-06  7.1845E-06
 5.7070E+25  2.2456E-04  7.0021E+03  7.4643E-05  1.1948E-06  7.1845E-06
 5.7162E+25  2.2516E-04  7.0021E+03  7.4643E-05  1.1876E-06  7.1845E-06
 5.7255E+25  2.2577E-04  7.0021E+03  7.4643E-05  1.1800E-06  7.1845E-06
 5.7347E+25  2.2634E-04  7.0021E+03  7.4643E-05  1.1727E-06  7.1845E-06
 5.7440E+25  2.2693E-04  7.0021E+03  7.4643E-05  1.1651E-06  7.1845E-06
 5.7532E+25  2.2758E-04  7.0021E+03  7.4643E-05  1.1578E-06  7.1845E-06
 5.7625E+25  2.2817E-04  7.0020E+03  7.4643E-05  1.1516E-06  7.1845E-06
 5.7718E+25  2.2872E-04  7.0020E+03  7.4643E-05  1.1452E-06  7.1845E-06
 5.7810E+25  2.2927E-04  7.0020E+03  7.4643E-05  1.1385E-06  7.1845E-06
 5.7903E+25  2.2987E-04  7.0020E+03  7.4643E-05  1.1324E-06  7.1845E-06
 5.7995E+25  2.3045E-04  7.0020E+03  7.4643E-05  1.1263E-06  7.1845E-06
 5.8088E+25  2.3107E-04  7.0020E+03  7.4643E-05  1.1198E-06  7.1845E-06
 5.8180E+25  2.3169E-04  7.0020E+03  7.4643E-05  1.1136E-06  7.1845E-06
 5.8273E+25  2.3222E-04  7.0020E+03  7.4643E-05  1.1068E-06  7.1845E-06
 5.8366E+25  2.3277E-04  7.0020E+03  7.4643E-05  1.1006E-06  7.1845E-06
 5.8458E+25  2.3331E-04  7.0020E+03  7.4643E-05  1.0943E-06  7.1845E-06
 5.8551E+25  2.3383E-04  7.0019E+03  7.4643E-05  1.0873E-06  7.1845E-06
 5.8643E+25  2.3439E-04  7.0019E+03  7.4643E-05  1.0810E-06  7.1845E-06
 5.8736E+25  2.3494E-04  7.0019E+03  7.4643E-05  1.0744E-06  7.1845E-06
 5.8828E+25  2.3556E-04  7.0019E+03  7.4643E-05  1.0677E-06  7.1845E-06
 5.8921E+25  2.3607E-04  7.0019E+03  7.4643E-05  1.0611E-06  7.1845E-06
 5.9014E+25  2.3661E-04  7.0019E+03  7.4643E-05  1.0545E-06  7.1845E-06
 5.9106E+25  2.3711E-04  7.0019E+03  7.4643E-05  1.0486E-06  7.1845E-06
 5.9199E+25  2.3765E-04  7.0019E+03  7.4643E-05  1.0431E-06  7.1845E-06
 5.9291E+25  2.3817E-04  7.0019E+03  7.4643E-05  1.0377E-06  7.1845E-06
 5.9384E+25  2.3869E-04  7.0019E+03  7.4643E-05  1.0319E-06  7.1845E-06
 5.9476E+25  2.3925E-04  7.0019E+03  7.4643E-05  1.0262E-06  7.1845E-06
 5.9569E+25  2.3976E-04  7.0018E+03  7.4643E-05  1.0208E-06  7.1845E-06
 5.9662E+25  2.4026E-04  7.0018E+03  7.4643E-05  1.0151E-06  7.1845E-06
 5.9754E+25  2.4076E-04  7.0018E+03  7.4643E-05  1.0096E-06  7.1845E-06
 5.9847E+25  2.4122E-04  7.0018E+03  7.4643E-05  1.0037E-06  7.1845E-06
 5.9939E+25  2.4175E-04  7.0018E+03  7.4643E-05  9.9809E-07  7.1845E-06
 6.0032E+25  2.4226E-04  7.0018E+03  7.4643E-05  9.9254E-07  7.1845E-06
 6.0124E+25  2.4275E-04  7.0018E+03  7.4643E-05  9.8617E-07  7.1845E-06
 6.0217E+25  2.4329E-04  7.0018E+03  7.4643E-05  9.8056E-07  7.1845E-06
 6.0310E+25  2.4377E-04  7.0018E+03  7.4643E-05  9.7490E-07  7.1845E-06
 6.0402E+25  2.4421E-04  7.0018E+03  7.4643E-05  9.6870E-07  7.1845E-06
 6.0495E+25  2.4471E-04  7.0018E+03  7.4643E-05  9.6302E-07  7.1845E-06
 6.0587E+25  2.4514E-04  7.0017E+03  7.4643E-05  9.5722E-07  7.1845E-06
 6.0680E+25  2.4561E-04  7.0017E+03  7.4643E-05  9.5214E-07  7.1845E-06
 6.0772E+25  2.4608E-04  7.0017E+03  7.4643E-05  9.4720E-07  7.1845E-06
 6.0865E+25  2.4655E-04  7.0017E+03  7.4643E-05  9.4241E-07  7.1845E-06
 6.0958E+25  2.4709E-04  7.0017E+03  7.4643E-05  9.3768E-07  7.1845E-06
 6.1050E+25  2.4756E-04  7.0017E+03  7.4643E-05  9.3236E-07  7.1845E-06
 6.1143E+25  2.4798E-04  7.0017E+03  7.4643E-05  9.2755E-07  7.1845E-06
 6.1235E+25  2.4840E-04  7.0017E+03  7.4643E-05  9.2263E-07  7.1845E-06
 6.1328E+25  2.4886E-04  7.0017E+03  7.4643E-05  9.1751E-07  7.1845E-06
 6.1420E+25  2.4928E-04  7.0017E+03  7.4643E-05  9.1258E-07  7.1845E-06
 6.1513E+25  2.4974E-04  7.0017E+03  7.4643E-05  9.0737E-07  7.1845E-06
 6.1606E+25  2.5018E-04  7.0016E+03  7.4643E-05  9.0247E-07  7.1845E-06
 6.1698E+25  2.5062E-04  7.0016E+03  7.4643E-05  8.9735E-07  7.1845E-06
 6.1791E+25  2.5108E-04  7.0016E+03  7.4643E-05  8.9173E-07  7.1845E-06
 6.1883E+25  2.5152E-04  7.0016E+03  7.4643E-05  8.8693E-07  7.1845E-06
 6.1976E+25  2.5192E-04  7.0016E+03  7.4643E-05  8.8156E-07  7.1845E-06
 6.2068E+25  2.5234E-04  7.0016E+03  7.4643E-05  8.7633E-07  7.1845E-06
 6.2161E+25  2.5276E-04  7.0016E+03  7.4643E-05  8.7117E-07  7.1845E-06
 6.2254E+25  2.5316E-04  7.0016E+03  7.4643E-05  8.6667E-07  7.1845E-06
 6.2346E+25  2.5357E-04  7.0016E+03  7.4643E-05  8.6213E-07  7.1845E-06
 6.2439E+25  2.5399E-04  7.0016E+03  7.4643E-05  8.5776E-07  7.1845E-06
 6.2531E+25  2.5443E-04  7.0016E+03  7.4643E-05  8.5378E-07  7.1845E-06
 6.2624E+25  2.5484E-04  7.0016E+03  7.4643E-05  8.4955E-07  7.1845E-06
 6.2716E+25  2.5524E-04  7.0015E+03  7.4643E-05  8.4475E-07  7.1845E-06
 6.2809E+25  2.5563E-04  7.0015E+03  7.4643E-05  8.4042E-07  7.1845E-06
 6.2902E+25  2.5602E-04  7.0015E+03  7.4643E-05  8.3617E-07  7.1845E-06
 6.2994E+25  2.5639E-04  7.0015E+03  7.4643E-05  8.3159E-07  7.1845E-06
 6.3087E+25  2.5679E-04  7.0015E+03  7.4643E-05  8.2723E-07  7.1845E-06
 6.3179E+25  2.5719E-04  7.0015E+03  7.4643E-05  8.2258E-07  7.1845E-06
 6.3272E+25  2.5755E-04  7.0015E+03  7.4643E-05  8.1813E-07  7.1845E-06
 6.3364E+25  2.5793E-04  7.0015E+03  7.4643E-05  8.1372E-07  7.1845E-06
 6.3457E+25  2.5836E-04  7.0015E+03  7.4643E-05  8.0870E-07  7.1845E-06
 6.3550E+25  2.5873E-04  7.0015E+03  7.4643E-05  8.0430E-07  7.1845E-06
 6.3642E+25  2.5908E-04  7.0015E+03  7.4643E-05  7.9973E-07  7.1845E-06
 6.3735E+25  2.5944E-04  7.0015E+03  7.4643E-05  7.9488E-07  7.1845E-06
 6.3827E+25  2.5981E-04  7.0015E+03  7.4643E-05  7.9055E-07  7.1845E-06
 6.3920E+25  2.6017E-04  7.0014E+03  7.4643E-05  7.8670E-07  7.1845E-06
 6.4012E+25  2.6054E-04  7.0014E+03  7.4643E-05  7.8251E-07  7.1845E-06
 6.4105E+25  2.6088E-04  7.0014E+03  7.4643E-05  7.7885E-07  7.1845E-06
 6.4198E+25  2.6125E-04  7.0014E+03  7.4643E-05  7.7529E-07  7.1845E-06
 6.4290E+25  2.6162E-04  7.0014E+03  7.4643E-05  7.7143E-07  7.1845E-06
 6.4383E+25  2.6196E-04  7.0014E+03  7.4643E-05  7.6755E-07  7.1845E-06
 6.4475E+25  2.6234E-04  7.0014E+03  7.4643E-05  7.6346E-07  7.1845E-06
 6.4568E+25  2.6268E-04  7.0014E+03  7.4643E-05  7.5964E-07  7.1845E-06
 6.4660E+25  2.6300E-04  7.0014E+03  7.4643E-05  7.5575E-07  7.1845E-06
 6.4753E+25  2.6331E-04  7.0014E+03  7.4643E-05  7.5174E-07  7.1845E-06
 6.4846E+25  2.6363E-04  7.0014E+03  7.4643E-05  7.4777E-07  7.1845E-06
 6.4938E+25  2.6398E-04  7.0014E+03  7.4643E-05  7.4372E-07  7.1845E-06
 6.5031E+25  2.6431E-04  7.0014E+03  7.4643E-05  7.3976E-07  7.1845E-06
 6.5123E+25  2.6466E-04  7.0014E+03  7.4643E-05  7.3567E-07  7.1845E-06
 6.5216E+25  2.6497E-04  7.0013E+03  7.4643E-05  7.3137E-07  7.1845E-06
 6.5308E+25  2.6533E-04  7.0013E+03  7.4643E-05  7.2746E-07  7.1845E-06
 6.5401E+25  2.6567E-04  7.0013E+03  7.4643E-05  7.2318E-07  7.1845E-06
 6.5494E+25  2.6596E-04  7.0013E+03  7.4643E-05  7.1923E-07  7.1845E-06
 6.5586E+25  2.6629E-04  7.0013E+03  7.4643E-05  7.1566E-07  7.1845E-06
 6.5679E+25  2.6662E-04  7.0013E+03  7.4643E-05  7.1215E-07  7.1845E-06
 6.5771E+25  2.6690E-04  7.0013E+03  7.4643E-05  7.0872E-07  7.1845E-06
 6.5864E+25  2.6719E-04  7.0013E+03  7.4643E-05  7.0546E-07  7.1845E-06
 6.5956E+25  2.6747E-04  7.0013E+03  7.4643E-05  7.0225E-07  7.1845E-06
 6.6049E+25  2.6778E-04  7.0013E+03  7.4643E-05  6.9893E-07  7.1845E-06
 6.6142E+25  2.6811E-04  7.0013E+03  7.4643E-05  6.9551E-07  7.1845E-06
 6.6234E+25  2.6843E-04  7.0013E+03  7.4643E-05  6.9176E-07  7.1845E-06
 6.6327E+25  2.6872E-04  7.0013E+03  7.4643E-05  6.8844E-07  7.1845E-06
 6.6419E+25  2.6900E-04  7.0013E+03  7.4643E-05  6.8503E-07  7.1845E-06
 6.6512E+25  2.6931E-04  7.0013E+03  7.4643E-05  6.8140E-07  7.1845E-06
 6.6604E+25  2.6959E-04  7.0012E+03  7.4643E-05  6.7785E-07  7.1845E-06
 6.6697E+25  2.6988E-04  7.0012E+03  7.4643E-05  6.7422E-07  7.1845E-06
 6.6789E+25  2.7019E-04  7.0012E+03  7.4643E-05  6.7077E-07  7.1845E-06
 6.6882E+25  2.7047E-04  7.0012E+03  7.4643E-05  6.6721E-07  7.1845E-06
 6.6975E+25  2.7072E-04  7.0012E+03  7.4643E-05  6.6323E-07  7.1845E-06
 6.7067E+25  2.7098E-04  7.0012E+03  7.4643E-05  6.5980E-07  7.1845E-06
 6.7160E+25  2.7124E-04  7.0012E+03  7.4643E-05  6.5606E-07  7.1845E-06
 6.7252E+25  2.7153E-04  7.0012E+03  7.4643E-05  6.5263E-07  7.1845E-06
 6.7345E+25  2.7186E-04  7.0012E+03  7.4643E-05  6.4952E-07  7.1845E-06
 6.7437E+25  2.7215E-04  7.0012E+03  7.4643E-05  6.4643E-07  7.1845E-06
 6.7530E+25  2.7237E-04  7.0012E+03  7.4643E-05  6.4339E-07  7.1845E-06
 6.7623E+25  2.7262E-04  7.0012E+03  7.4643E-05  6.4058E-07  7.1845E-06
 6.7715E+25  2.7285E-04  7.0012E+03  7.4643E-05  6.3772E-07  7.1845E-06
 6.7808E+25  2.7314E-04  7.0012E+03  7.4643E-05  6.3471E-07  7.1845E-06
 6.7900E+25  2.7343E-04  7.0012E+03  7.4643E-05  6.3169E-07  7.1845E-06
 6.7993E+25  2.7371E-04  7.0012E+03  7.4643E-05  6.2866E-07  7.1845E-06
 6.8085E+25  2.7393E-04  7.0011E+03  7.4643E-05  6.2544E-07  7.1845E-06
 6.8178E+25  2.7418E-04  7.0011E+03  7.4643E-05  6.2243E-07  7.1845E-06
 6.8271E+25  2.7441E-04  7.0011E+03  7.4643E-05  6.1941E-07  7.1845E-06
 6.8363E+25  2.7465E-04  7.0011E+03  7.4643E-05  6.1618E-07  7.1845E-06
 6.8456E+25  2.7491E-04  7.0011E+03  7.4643E-05  6.1293E-07  7.1845E-06
 6.8548E+25  2.7521E-04  7.0011E+03  7.4643E-05  6.0979E-07  7.1845E-06
 6.8641E+25  2.7548E-04  7.0011E+03  7.4643E-05  6.0675E-07  7.1845E-06
 6.8733E+25  2.7569E-04  7.0011E+03  7.4643E-05  6.0339E-07  7.1845E-06
 6.8826E+25  2.7590E-04  7.0011E+03  7.4643E-05  6.0000E-07  7.1845E-06
 6.8919E+25  2.7610E-04  7.0011E+03  7.4643E-05  5.9690E-07  7.1845E-06
 6.9011E+25  2.7632E-04  7.0011E+03  7.4643E-05  5.9373E-07  7.1845E-06
 6.9104E+25  2.7655E-04  7.0011E+03  7.4643E-05  5.9093E-07  7.1845E-06
 6.9196E+25  2.7689E-04  7.0011E+03  7.4643E-05  5.8813E-07  7.1845E-06
 6.9289E+25  2.7714E-04  7.0011E+03  7.4643E-05  5.8543E-07  7.1845E-06
 6.9381E+25  2.7731E-04  7.0011E+03  7.4643E-05  5.8300E-07  7.1845E-06
 6.9474E+25  2.7752E-04  7.0011E+03  7.4643E-05  5.8035E-07  7.1845E-06
 6.9567E+25  2.7772E-04  7.0011E+03  7.4643E-05  5.7778E-07  7.1845E-06
 6.9659E+25  2.7794E-04  7.0011E+03  7.4643E-05  5.7517E-07  7.1845E-06
 6.9752E+25  2.7816E-04  7.0010E+03  7.4643E-05  5.7252E-07  7.1845E-06
 6.9844E+25  2.7844E-04  7.0010E+03  7.4643E-05  5.6988E-07  7.1845E-06
 6.9937E+25  2.7871E-04  7.0010E+03  7.4643E-05  5.6698E-07  7.1845E-06
 7.0029E+25  2.7887E-04  7.0010E+03  7.4643E-05  5.6429E-07  7.1845E-06
 7.0122E+25  2.7907E-04  7.0010E+03  7.4643E-05  5.6160E-07  7.1845E-06
 7.0215E+25  2.7925E-04  7.0010E+03  7.4643E-05  5.5873E-07  7.1845E-06
 7.0307E+25  2.7943E-04  7.0010E+03  7.4643E-05  5.5590E-07  7.1845E-06
 7.0400E+25  2.7962E-04  7.0010E+03  7.4643E-05  5.5305E-07  7.1845E-06
 7.0492E+25  2.7986E-04  7.0010E+03  7.4643E-05  5.5028E-07  7.1845E-06
 7.0585E+25  2.8017E-04  7.0010E+03  7.4643E-05  5.4750E-07  7.1845E-06
 7.0677E+25  2.8037E-04  7.0010E+03  7.4643E-05  5.4433E-07  7.1845E-06
 7.0770E+25  2.8056E-04  7.0010E+03  7.4643E-05  5.4157E-07  7.1845E-06
 7.0863E+25  2.8073E-04  7.0010E+03  7.4643E-05  5.3895E-07  7.1845E-06
 7.0955E+25  2.8089E-04  7.0010E+03  7.4643E-05  5.3643E-07  7.1845E-06
 7.1048E+25  2.8105E-04  7.0010E+03  7.4643E-05  5.3385E-07  7.1845E-06
 7.1140E+25  2.8126E-04  7.0010E+03  7.4643E-05  5.3165E-07  7.1845E-06
 7.1233E+25  2.8148E-04  7.0010E+03  7.4643E-05  5.2938E-07  7.1845E-06
 7.1325E+25  2.8174E-04  7.0010E+03  7.4643E-05  5.2712E-07  7.1845E-06
 7.1418E+25  2.8195E-04  7.0010E+03  7.4643E-05  5.2484E-07  7.1845E-06
 7.1511E+25  2.8210E-04  7.0010E+03  7.4643E-05  5.2248E-07  7.1845E-06
 7.1603E+25  2.8224E-04  7.0009E+03  7.4643E-05  5.2015E-07  7.1845E-06
 7.1696E+25  2.8242E-04  7.0009E+03  7.4643E-05  5.1784E-07  7.1845E-06
 7.1788E+25  2.8260E-04  7.0009E+03  7.4643E-05  5.1540E-07  7.1845E-06
 7.1881E+25  2.8278E-04  7.0009E+03  7.4643E-05  5.1288E-07  7.1845E-06
 7.1973E+25  2.8298E-04  7.0009E+03  7.4643E-05  5.1054E-07  7.1845E-06
 7.2066E+25  2.8320E-04  7.0009E+03  7.4643E-05  5.0813E-07  7.1845E-06
 7.2159E+25  2.8346E-04  7.0009E+03  7.4643E-05  5.0552E-07  7.1845E-06
 7.2251E+25  2.8359E-04  7.0009E+03  7.4643E-05  5.0297E-07  7.1845E-06
 7.2344E+25  2.8374E-04  7.0009E+03  7.4643E-05  5.0048E-07  7.1845E-06
 7.2436E+25  2.8389E-04  7.0009E+03  7.4643E-05  4.9803E-07  7.1845E-06
 7.2529E+25  2.8404E-04  7.0009E+03  7.4643E-05  4.9550E-07  7.1845E-06
 7.2621E+25  2.8420E-04  7.0009E+03  7.4643E-05  4.9266E-07  7.1845E-06
 7.2714E+25  2.8436E-04  7.0009E+03  7.4643E-05  4.9042E-07  7.1845E-06
 7.2807E+25  2.8456E-04  7.0009E+03  7.4643E-05  4.8817E-07  7.1845E-06
 7.2899E+25  2.8475E-04  7.0009E+03  7.4643E-05  4.8593E-07  7.1845E-06
 7.2992E+25  2.8496E-04  7.0009E+03  7.4643E-05  4.8368E-07  7.1845E-06
 7.3084E+25  2.8510E-04  7.0009E+03  7.4643E-05  4.8184E-07  7.1845E-06
 7.3177E+25  2.8526E-04  7.0009E+03  7.4643E-05  4.7987E-07  7.1845E-06
 7.3269E+25  2.8541E-04  7.0009E+03  7.4643E-05  4.7779E-07  7.1845E-06
 7.3362E+25  2.8556E-04  7.0009E+03  7.4643E-05  4.7579E-07  7.1845E-06
 7.3455E+25  2.8574E-04  7.0009E+03  7.4643E-05  4.7368E-07  7.1845E-06
 7.3547E+25  2.8588E-04  7.0009E+03  7.4643E-05  4.7166E-07  7.1845E-06
 7.3640E+25  2.8604E-04  7.0008E+03  7.4643E-05  4.6960E-07  7.1845E-06
 7.3732E+25  2.8620E-04  7.0008E+03  7.4643E-05  4.6747E-07  7.1845E-06
 7.3825E+25  2.8639E-04  7.0008E+03  7.4643E-05  4.6525E-07  7.1845E-06
 7.3917E+25  2.8657E-04  7.0008E+03  7.4643E-05  4.6310E-07  7.1845E-06
 7.4010E+25  2.8670E-04  7.0008E+03  7.4643E-05  4.6096E-07  7.1845E-06
 7.4103E+25  2.8683E-04  7.0008E+03  7.4643E-05  4.5876E-07  7.1845E-06
 7.4195E+25  2.8697E-04  7.0008E+03  7.4643E-05  4.5648E-07  7.1845E-06
 7.4288E+25  2.8710E-04  7.0008E+03  7.4643E-05  4.5413E-07  7.1845E-06
 7.4380E+25  2.8722E-04  7.0008E+03  7.4643E-05  4.5201E-07  7.1845E-06
 7.4473E+25  2.8738E-04  7.0008E+03  7.4643E-05  4.4981E-07  7.1845E-06
 7.4565E+25  2.8753E-04  7.0008E+03  7.4643E-05  4.4732E-07  7.1845E-06
 7.4658E+25  2.8771E-04  7.0008E+03  7.4643E-05  4.4527E-07  7.1845E-06
 7.4751E+25  2.8791E-04  7.0008E+03  7.4643E-05  4.4331E-07  7.1845E-06
 7.4843E+25  2.8805E-04  7.0008E+03  7.4643E-05  4.4134E-07  7.1845E-06
 7.4936E+25  2.8816E-04  7.0008E+03  7.4643E-05  4.3936E-07  7.1845E-06
 7.5028E+25  2.8830E-04  7.0008E+03  7.4643E-05  4.3774E-07  7.1845E-06
 7.5121E+25  2.8842E-04  7.0008E+03  7.4643E-05  4.3592E-07  7.1845E-06
 7.5213E+25  2.8854E-04  7.0008E+03  7.4643E-05  4.3420E-07  7.1845E-06
 7.5306E+25  2.8867E-04  7.0008E+03  7.4643E-05  4.3236E-07  7.1845E-06
 7.5399E+25  2.8881E-04  7.0008E+03  7.4643E-05  4.3051E-07  7.1845E-06
 7.5491E+25  2.8894E-04  7.0008E+03  7.4643E-05  4.2873E-07  7.1845E-06
 7.5584E+25  2.8908E-04  7.0008E+03  7.4643E-05  4.2687E-07  7.1845E-06
 7.5676E+25  2.8924E-04  7.0008E+03  7.4643E-05  4.2506E-07  7.1845E-06
 7.5769E+25  2.8941E-04  7.0008E+03  7.4643E-05  4.2322E-07  7.1845E-06
 7.5861E+25  2.8952E-04  7.0008E+03  7.4643E-05  4.2124E-07  7.1845E-06
 7.5954E+25  2.8964E-04  7.0007E+03  7.4643E-05  4.1929E-07  7.1845E-06
 7.6047E+25  2.8975E-04  7.0007E+03  7.4643E-05  4.1740E-07  7.1845E-06
 7.6139E+25  2.8987E-04  7.0007E+03  7.4643E-05  4.1543E-07  7.1845E-06
 7.6232E+25  2.9000E-04  7.0007E+03  7.4643E-05  4.1337E-07  7.1845E-06
 7.6324E+25  2.9010E-04  7.0007E+03  7.4643E-05  4.1129E-07  7.1845E-06
 7.6417E+25  2.9024E-04  7.0007E+03  7.4643E-05  4.0939E-07  7.1845E-06
 7.6509E+25  2.9037E-04  7.0007E+03  7.4643E-05  4.0748E-07  7.1845E-06
 7.6602E+25  2.9052E-04  7.0007E+03  7.4643E-05  4.0532E-07  7.1845E-06
 7.6695E+25  2.9066E-04  7.0007E+03  7.4643E-05  4.0355E-07  7.1845E-06
 7.6787E+25  2.9079E-04  7.0007E+03  7.4643E-05  4.0182E-07  7.1845E-06
 7.6880E+25  2.9087E-04  7.0007E+03  7.4643E-05  4.0008E-07  7.1845E-06
 7.6972E+25  2.9100E-04  7.0007E+03  7.4643E-05  3.9842E-07  7.1845E-06
 7.7065E+25  2.9111E-04  7.0007E+03  7.4643E-05  3.9702E-07  7.1845E-06
 7.7157E+25  2.9122E-04  7.0007E+03  7.4643E-05  3.9536E-07  7.1845E-06
 7.7250E+25  2.9132E-04  7.0007E+03  7.4643E-05  3.9386E-07  7.1845E-06
 7.7343E+25  2.9143E-04  7.0007E+03  7.4643E-05  3.9221E-07  7.1845E-06
 7.7435E+25  2.9156E-04  7.0007E+03  7.4643E-05  3.9060E-07  7.1845E-06
 7.7528E+25  2.9167E-04  7.0007E+03  7.4643E-05  3.8900E-07  7.1845E-06
 7.7620E+25  2.9178E-04  7.0007E+03  7.4643E-05  3.8737E-07  7.1845E-06
 7.7713E+25  2.9191E-04  7.0007E+03  7.4643E-05  3.8578E-07  7.1845E-06
 7.7805E+25  2.9206E-04  7.0007E+03  7.4643E-05  3.8414E-07  7.1845E-06
 7.7898E+25  2.9216E-04  7.0007E+03  7.4643E-05  3.8248E-07  7.1845E-06
 7.7991E+25  2.9224E-04  7.0007E+03  7.4643E-05  3.8065E-07  7.1845E-06
 7.8083E+25  2.9235E-04  7.0007E+03  7.4643E-05  3.7898E-07  7.1845E-06
 7.8176E+25  2.9244E-04  7.0007E+03  7.4643E-05  3.7727E-07  7.1845E-06
 7.8268E+25  2.9256E-04  7.0007E+03  7.4643E-05  3.7548E-07  7.1845E-06
 7.8361E+25  2.9265E-04  7.0007E+03  7.4643E-05  3.7364E-07  7.1845E-06
 7.8453E+25  2.9275E-04  7.0007E+03  7.4643E-05  3.7181E-07  7.1845E-06
 7.8546E+25  2.9286E-04  7.0007E+03  7.4643E-05  3.7015E-07  7.1845E-06
 7.8638E+25  2.9297E-04  7.0006E+03  7.4643E-05  3.6841E-07  7.1845E-06
 7.8731E+25  2.9308E-04  7.0006E+03  7.4643E-05  3.6670E-07  7.1845E-06
 7.8824E+25  2.9320E-04  7.0006E+03  7.4643E-05  3.6517E-07  7.1845E-06
 7.8916E+25  2.9333E-04  7.0006E+03  7.4643E-05  3.6358E-07  7.1845E-06
 7.9009E+25  2.9342E-04  7.0006E+03  7.4643E-05  3.6219E-07  7.1845E-06
 7.9101E+25  2.9350E-04  7.0006E+03  7.4643E-05  3.6079E-07  7.1845E-06
 7.9194E+25  2.9361E-04  7.0006E+03  7.4643E-05  3.5951E-07  7.1845E-06
 7.9286E+25  2.9368E-04  7.0006E+03  7.4643E-05  3.5805E-07  7.1845E-06
 7.9379E+25  2.9376E-04  7.0006E+03  7.4643E-05  3.5667E-07  7.1845E-06
 7.9472E+25  2.9386E-04  7.0006E+03  7.4643E-05  3.5525E-07  7.1845E-06
 7.9564E+25  2.9396E-04  7.0006E+03  7.4643E-05  3.5382E-07  7.1845E-06
 7.9657E+25  2.9404E-04  7.0006E+03  7.4643E-05  3.5243E-07  7.1845E-06
 7.9749E+25  2.9415E-04  7.0006E+03  7.4643E-05  3.5095E-07  7.1845E-06
 7.9842E+25  2.9425E-04  7.0006E+03  7.4643E-05  3.4953E-07  7.1845E-06
 7.9934E+25  2.9436E-04  7.0006E+03  7.4643E-05  3.4809E-07  7.1845E-06
 8.0027E+25  2.9447E-04  7.0006E+03  7.4643E-05  3.4662E-07  7.1845E-06
 8.0120E+25  2.9455E-04  7.0006E+03  7.4643E-05  3.4500E-07  7.1845E-06
 8.0212E+25  2.9463E-04  7.0006E+03  7.4643E-05  3.4348E-07  7.1845E-06
 8.0305E+25  2.9471E-04  7.0006E+03  7.4643E-05  3.4198E-07  7.1845E-06
 8.0397E+25  2.9483E-04  7.0006E+03  7.4643E-05  3.4046E-07  7.1845E-06
 8.0490E+25  2.9490E-04  7.0006E+03  7.4643E-05  3.3876E-07  7.1845E-06
 8.0582E+25  2.9498E-04  7.0006E+03  7.4643E-05  3.3714E-07  7.1845E-06
 8.0675E+25  2.9507E-04  7.0006E+03  7.4643E-05  3.3560E-07  7.1845E-06
 8.0768E+25  2.9515E-04  7.0006E+03  7.4643E-05  3.3419E-07  7.1845E-06
 8.0860E+25  2.9523E-04  7.0006E+03  7.4643E-05  3.3271E-07  7.1845E-06
 8.0953E+25  2.9532E-04  7.0006E+03  7.4643E-05  3.3125E-07  7.1845E-06
 8.1045E+25  2.9541E-04  7.0006E+03  7.4643E-05  3.2988E-07  7.1845E-06
 8.1138E+25  2.9549E-04  7.0006E+03  7.4643E-05  3.2873E-07  7.1845E-06
 8.1230E+25  2.9560E-04  7.0006E+03  7.4643E-05  3.2748E-07  7.1845E-06
 8.1323E+25  2.9569E-04  7.0006E+03  7.4643E-05  3.2634E-07  7.1845E-06
 8.1416E+25  2.9576E-04  7.0006E+03  7.4643E-05  3.2502E-07  7.1845E-06
 8.1508E+25  2.9583E-04  7.0006E+03  7.4643E-05  3.2385E-07  7.1845E-06
 8.1601E+25  2.9591E-04  7.0006E+03  7.4643E-05  3.2256E-07  7.1845E-06
 8.1693E+25  2.9600E-04  7.0006E+03  7.4643E-05  3.2133E-07  7.1845E-06
 8.1786E+25  2.9605E-04  7.0006E+03  7.4643E-05  3.2004E-07  7.1845E-06
 8.1878E+25  2.9614E-04  7.0005E+03  7.4643E-05  3.1877E-07  7.1845E-06
 8.1971E+25  2.9623E-04  7.0005E+03  7.4643E-05  3.1755E-07  7.1845E-06
 8.2064E+25  2.9629E-04  7.0005E+03  7.4643E-05  3.1626E-07  7.1845E-06
 8.2156E+25  2.9637E-04  7.0005E+03  7.4643E-05  3.1493E-07  7.1845E-06
 8.2249E+25  2.9647E-04  7.0005E+03  7.4643E-05  3.1363E-07  7.1845E-06
 8.2341E+25  2.9655E-04  7.0005E+03  7.4643E-05  3.1219E-07  7.1845E-06
 8.2434E+25  2.9663E-04  7.0005E+03  7.4643E-05  3.1084E-07  7.1845E-06
 8.2526E+25  2.9671E-04  7.0005E+03  7.4643E-05  3.0951E-07  7.1845E-06
 8.2619E+25  2.9679E-04  7.0005E+03  7.4643E-05  3.0814E-07  7.1845E-06
 8.2712E+25  2.9685E-04  7.0005E+03  7.4643E-05  3.0660E-07  7.1845E-06
 8.2804E+25  2.9692E-04  7.0005E+03  7.4643E-05  3.0516E-07  7.1845E-06
 8.2897E+25  2.9698E-04  7.0005E+03  7.4643E-05  3.0387E-07  7.1845E-06
 8.2989E+25  2.9706E-04  7.0005E+03  7.4643E-05  3.0268E-07  7.1845E-06
 8.3082E+25  2.9712E-04  7.0005E+03  7.4643E-05  3.0137E-07  7.1845E-06
 8.3174E+25  2.9718E-04  7.0005E+03  7.4643E-05  3.0005E-07  7.1845E-06
 8.3267E+25  2.9727E-04  7.0005E+03  7.4643E-05  2.9894E-07  7.1845E-06
 8.3360E+25  2.9734E-04  7.0005E+03  7.4643E-05  2.9797E-07  7.1845E-06
 8.3452E+25  2.9740E-04  7.0005E+03  7.4643E-05  2.9684E-07  7.1845E-06
 8.3545E+25  2.9748E-04  7.0005E+03  7.4643E-05  2.9582E-07  7.1845E-06
 8.3637E+25  2.9756E-04  7.0005E+03  7.4643E-05  2.9465E-07  7.1845E-06
 8.3730E+25  2.9764E-04  7.0005E+03  7.4643E-05  2.9361E-07  7.1845E-06
 8.3822E+25  2.9770E-04  7.0005E+03  7.4643E-05  2.9248E-07  7.1845E-06
 8.3915E+25  2.9777E-04  7.0005E+03  7.4643E-05  2.9141E-07  7.1845E-06
 8.4008E+25  2.9783E-04  7.0005E+03  7.4643E-05  2.9025E-07  7.1845E-06
 8.4100E+25  2.9790E-04  7.0005E+03  7.4643E-05  2.8914E-07  7.1845E-06
 8.4193E+25  2.9796E-04  7.0005E+03  7.4643E-05  2.8804E-07  7.1845E-06
 8.4285E+25  2.9802E-04  7.0005E+03  7.4643E-05  2.8691E-07  7.1845E-06
 8.4378E+25  2.9809E-04  7.0005E+03  7.4643E-05  2.8572E-07  7.1845E-06
 8.4470E+25  2.9815E-04  7.0005E+03  7.4643E-05  2.8456E-07  7.1845E-06
 8.4563E+25  2.9821E-04  7.0005E+03  7.4643E-05  2.8334E-07  7.1845E-06
 8.4656E+25  2.9826E-04  7.0005E+03  7.4643E-05  2.8209E-07  7.1845E-06
 8.4748E+25  2.9834E-04  7.0005E+03  7.4643E-05  2.8092E-07  7.1845E-06
 8.4841E+25  2.9839E-04  7.0005E+03  7.4643E-05  2.7970E-07  7.1845E-06
 8.4933E+25  2.9845E-04  7.0005E+03  7.4643E-05  2.7844E-07  7.1845E-06
 8.5026E+25  2.9852E-04  7.0005E+03  7.4643E-05  2.7708E-07  7.1845E-06
 8.5118E+25  2.9863E-04  7.0005E+03  7.4643E-05  2.7589E-07  7.1845E-06
 8.5211E+25  2.9867E-04  7.0005E+03  7.4643E-05  2.7484E-07  7.1845E-06
 8.5304E+25  2.9872E-04  7.0005E+03  7.4643E-05  2.7376E-07  7.1845E-06
 8.5396E+25  2.9878E-04  7.0005E+03  7.4643E-05  2.7254E-07  7.1845E-06
 8.5489E+25  2.9884E-04  7.0005E+03  7.4643E-05  2.7154E-07  7.1845E-06
 8.5581E+25  2.9890E-04  7.0005E+03  7.4643E-05  2.7064E-07  7.1845E-06
 8.5674E+25  2.9895E-04  7.0005E+03  7.4643E-05  2.6976E-07  7.1845E-06
 8.5766E+25  2.9900E-04  7.0004E+03  7.4643E-05  2.6874E-07  7.1845E-06
 8.5859E+25  2.9906E-04  7.0004E+03  7.4643E-05  2.6783E-07  7.1845E-06
 8.5952E+25  2.9912E-04  7.0004E+03  7.4643E-05  2.6682E-07  7.1845E-06
 8.6044E+25  2.9917E-04  7.0004E+03  7.4643E-05  2.6587E-07  7.1845E-06
 8.6137E+25  2.9923E-04  7.0004E+03  7.4643E-05  2.6488E-07  7.1845E-06
 8.6229E+25  2.9930E-04  7.0004E+03  7.4643E-05  2.6391E-07  7.1845E-06
 8.6322E+25  2.9935E-04  7.0004E+03  7.4643E-05  2.6295E-07  7.1845E-06
 8.6414E+25  2.9940E-04  7.0004E+03  7.4643E-05  2.6191E-07  7.1845E-06
 8.6507E+25  2.9947E-04  7.0004E+03  7.4643E-05  2.6094E-07  7.1845E-06
 8.6600E+25  2.9953E-04  7.0004E+03  7.4643E-05  2.5992E-07  7.1845E-06
 8.6692E+25  2.9959E-04  7.0004E+03  7.4643E-05  2.5888E-07  7.1845E-06
 8.6785E+25  2.9963E-04  7.0004E+03  7.4643E-05  2.5784E-07  7.1845E-06
 8.6877E+25  2.9967E-04  7.0004E+03  7.4643E-05  2.5679E-07  7.1845E-06
 8.6970E+25  2.9973E-04  7.0004E+03  7.4643E-05  2.5566E-07  7.1845E-06
 8.7062E+25  2.9978E-04  7.0004E+03  7.4643E-05  2.5458E-07  7.1845E-06
 8.7155E+25  2.9983E-04  7.0004E+03  7.4643E-05  2.5352E-07  7.1845E-06
 8.7248E+25  2.9989E-04  7.0004E+03  7.4643E-05  2.5245E-07  7.1845E-06
 8.7340E+25  2.9993E-04  7.0004E+03  7.4643E-05  2.5122E-07  7.1845E-06
 8.7433E+25  2.9999E-04  7.0004E+03  7.4643E-05  2.5016E-07  7.1845E-06
 8.7525E+25  3.0004E-04  7.0004E+03  7.4643E-05  2.4925E-07  7.1845E-06
 8.7618E+25  3.0008E-04  7.0004E+03  7.4643E-05  2.4828E-07  7.1845E-06
 8.7710E+25  3.0014E-04  7.0004E+03  7.4643E-05  2.4725E-07  7.1845E-06
 8.7803E+25  3.0019E-04  7.0004E+03  7.4643E-05  2.4636E-07  7.1845E-06
 8.7896E+25  3.0024E-04  7.0004E+03  7.4643E-05  2.4557E-07  7.1845E-06
 8.7988E+25  3.0029E-04  7.0004E+03  7.4643E-05  2.4482E-07  7.1845E-06
 8.8081E+25  3.0034E-04  7.0004E+03  7.4643E-05  2.4388E-07  7.1845E-06
 8.8173E+25  3.0039E-04  7.0004E+03  7.4643E-05  2.4309E-07  7.1845E-06
 8.8266E+25  3.0046E-04  7.0004E+03  7.4643E-05  2.4219E-07  7.1845E-06
 8.8358E+25  3.0049E-04  7.0004E+03  7.4643E-05  2.4137E-07  7.1845E-06
 8.8451E+25  3.0053E-04  7.0004E+03  7.4643E-05  2.4049E-07  7.1845E-06
 8.8544E+25  3.0058E-04  7.0004E+03  7.4643E-05  2.3967E-07  7.1845E-06
 8.8636E+25  3.0062E-04  7.0004E+03  7.4643E-05  2.3874E-07  7.1845E-06
 8.8729E+25  3.0067E-04  7.0004E+03  7.4643E-05  2.3789E-07  7.1845E-06
 8.8821E+25  3.0071E-04  7.0004E+03  7.4643E-05  2.3702E-07  7.1845E-06
 8.8914E+25  3.0076E-04  7.0004E+03  7.4643E-05  2.3612E-07  7.1845E-06
 8.9006E+25  3.0080E-04  7.0004E+03  7.4643E-05  2.3519E-07  7.1845E-06
 8.9099E+25  3.0085E-04  7.0004E+03  7.4643E-05  2.3426E-07  7.1845E-06
 8.9192E+25  3.0090E-04  7.0004E+03  7.4643E-05  2.3334E-07  7.1845E-06
 8.9284E+25  3.0094E-04  7.0004E+03  7.4643E-05  2.3240E-07  7.1845E-06
 8.9377E+25  3.0100E-04  7.0004E+03  7.4643E-05  2.3141E-07  7.1845E-06
 8.9469E+25  3.0104E-04  7.0004E+03  7.4643E-05  2.3045E-07  7.1845E-06
 8.9562E+25  3.0109E-04  7.0004E+03  7.4643E-05  2.2949E-07  7.1845E-06
 8.9654E+25  3.0112E-04  7.0004E+03  7.4643E-05  2.2853E-07  7.1845E-06
 8.9747E+25  3.0116E-04  7.0004E+03  7.4643E-05  2.2751E-07  7.1845E-06
 8.9840E+25  3.0120E-04  7.0004E+03  7.4643E-05  2.2658E-07  7.1845E-06
 8.9932E+25  3.0126E-04  7.0004E+03  7.4643E-05  2.2575E-07  7.1845E-06
 9.0025E+25  3.0129E-04  7.0004E+03  7.4643E-05  2.2489E-07  7.1845E-06
 9.0117E+25  3.0133E-04  7.0004E+03  7.4643E-05  2.2406E-07  7.1845E-06
 9.0210E+25  3.0136E-04  7.0004E+03  7.4643E-05  2.2331E-07  7.1845E-06
 9.0302E+25  3.0140E-04  7.0004E+03  7.4643E-05  2.2260E-07  7.1845E-06
 9.0395E+25  3.0144E-04  7.0004E+03  7.4643E-05  2.2194E-07  7.1845E-06
 9.0487E+25  3.0150E-04  7.0004E+03  7.4643E-05  2.2109E-07  7.1845E-06
 9.0580E+25  3.0154E-04  7.0004E+03  7.4643E-05  2.2040E-07  7.1845E-06
 9.0673E+25  3.0157E-04  7.0004E+03  7.4643E-05  2.1961E-07  7.1845E-06
 9.0765E+25  3.0160E-04  7.0003E+03  7.4643E-05  2.1888E-07  7.1845E-06
 9.0858E+25  3.0165E-04  7.0003E+03  7.4643E-05  2.1810E-07  7.1845E-06
 9.0950E+25  3.0169E-04  7.0003E+03  7.4643E-05  2.1739E-07  7.1845E-06
 9.1043E+25  3.0175E-04  7.0003E+03  7.4643E-05  2.1656E-07  7.1845E-06
 9.1135E+25  3.0179E-04  7.0003E+03  7.4643E-05  2.1581E-07  7.1845E-06
 9.1228E+25  3.0182E-04  7.0003E+03  7.4643E-05  2.1504E-07  7.1845E-06
 9.1321E+25  3.0186E-04  7.0003E+03  7.4643E-05  2.1422E-07  7.1845E-06
 9.1413E+25  3.0189E-04  7.0003E+03  7.4643E-05  2.1342E-07  7.1845E-06
 9.1506E+25  3.0192E-04  7.0003E+03  7.4643E-05  2.1259E-07  7.1845E-06
 9.1598E+25  3.0196E-04  7.0003E+03  7.4643E-05  2.1177E-07  7.1845E-06
 9.1691E+25  3.0201E-04  7.0003E+03  7.4643E-05  2.1095E-07  7.1845E-06
 9.1783E+25  3.0205E-04  7.0003E+03  7.4643E-05  2.1009E-07  7.1845E-06
 9.1876E+25  3.0208E-04  7.0003E+03  7.4643E-05  2.0922E-07  7.1845E-06
 9.1969E+25  3.0210E-04  7.0003E+03  7.4643E-05  2.0837E-07  7.1845E-06
 9.2061E+25  3.0213E-04  7.0003E+03  7.4643E-05  2.0750E-07  7.1845E-06
 9.2154E+25  3.0217E-04  7.0003E+03  7.4643E-05  2.0670E-07  7.1845E-06
 9.2246E+25  3.0221E-04  7.0003E+03  7.4643E-05  2.0579E-07  7.1845E-06
 9.2339E+25  3.0226E-04  7.0003E+03  7.4643E-05  2.0500E-07  7.1845E-06
 9.2431E+25  3.0229E-04  7.0003E+03  7.4643E-05  2.0426E-07  7.1845E-06
 9.2524E+25  3.0232E-04  7.0003E+03  7.4643E-05  2.0353E-07  7.1845E-06
