 4.6285E+22  3.2668E-11  1.1695E+04  7.4643E-05  1.0000E+00  7.1845E-06
 1.3886E+23  2.2862E-10  1.1699E+04  7.4643E-05  1.0000E+00  7.1845E-06
 2.3143E+23  6.2007E-10  1.1711E+04  7.4643E-05  1.0000E+00  7.1845E-06
 3.2400E+23  1.2055E-09  1.1738E+04  7.4643E-05  1.0000E+00  7.1845E-06
 4.1657E+23  1.9815E-09  1.1786E+04  7.4643E-05  1.0000E+00  7.1845E-06
 5.0914E+23  2.9421E-09  1.1865E+04  7.4643E-05  1.0000E+00  7.1845E-06
 6.0171E+23  4.0747E-09  1.1987E+04  7.4643E-05  1.0000E+00  7.1845E-06
 6.9428E+23  5.3670E-09  1.2162E+04  7.4643E-05  1.0000E+00  7.1845E-06
 7.8685E+23  6.7863E-09  1.2419E+04  7.4643E-05  1.0000E+00  7.1845E-06
 8.7942E+23  8.3029E-09  1.2777E+04  7.4643E-05  1.0000E+00  7.1845E-06
 9.7199E+23  9.8989E-09  1.3210E+04  7.4643E-05  1.0000E+00  7.1845E-06
 1.0646E+24  1.1595E-08  1.3646E+04  7.4643E-05  1.0000E+00  7.1845E-06
 1.1571E+24  1.3468E-08  1.3963E+04  7.4643E-05  1.0000E+00  7.1845E-06
 1.2497E+24  1.5577E-08  1.4134E+04  7.4643E-05  1.0000E+00  7.1845E-06
 1.3423E+24  1.7871E-08  1.4228E+04  7.4643E-05  1.0000E+00  7.1845E-06
 1.4348E+24  2.0319E-08  1.4328E+04  7.4643E-05  9.9999E-01  7.1845E-06
 1.5274E+24  2.2908E-08  1.4428E+04  7.4643E-05  9.9999E-01  7.1845E-06
 1.6200E+24  2.5648E-08  1.4521E+04  7.4643E-05  9.9999E-01  7.1845E-06
 1.7126E+24  2.8524E-08  1.4612E+04  7.4643E-05  9.9999E-01  7.1845E-06
 1.8051E+24  3.1571E-08  1.4694E+04  7.4643E-05  9.9999E-01  7.1845E-06
 1.8977E+24  3.4742E-08  1.4773E+04  7.4643E-05  9.9999E-01  7.1845E-06
 1.9903E+24  3.8083E-08  1.4850E+04  7.4643E-05  9.9999E-01  7.1845E-06
 2.0828E+24  4.1541E-08  1.4924E+04  7.4643E-05  9.9999E-01  7.1845E-06
 2.1754E+24  4.5154E-08  1.4996E+04  7.4643E-05  9.9999E-01  7.1845E-06
 2.2680E+24  4.8907E-08  1.5067E+04  7.4643E-05  9.9999E-01  7.1845E-06
 2.3605E+24  5.2817E-08  1.5135E+04  7.4643E-05  9.9999E-01  7.1845E-06
 2.4531E+24  5.6857E-08  1.5198E+04  7.4643E-05  9.9999E-01  7.1845E-06
 2.5457E+24  6.1033E-08  1.5263E+04  7.4643E-05  9.9998E-01  7.1845E-06
 2.6383E+24  6.5382E-08  1.5326E+04  7.4643E-05  9.9998E-01  7.1845E-06
 2.7308E+24  6.9819E-08  1.5385E+04  7.4643E-05  9.9998E-01  7.1845E-06
 2.8234E+24  7.4431E-08  1.5445E+04  7.4643E-05  9.9998E-01  7.1845E-06
 2.9160E+24  7.9146E-08  1.5501E+04  7.4643E-05  9.9998E-01  7.1845E-06
 3.0085E+24  8.4085E-08  1.5557E+04  7.4643E-05  9.9998E-01  7.1845E-06
 3.1011E+24  8.9113E-08  1.5613E+04  7.4643E-05  9.9998E-01  7.1845E-06
 3.1937E+24  9.4256E-08  1.5666E+04  7.4643E-05  9.9998E-01  7.1845E-06
 3.2862E+24  9.9522E-08  1.5717E+04  7.4643E-05  9.9997E-01  7.1845E-06
 3.3788E+24  1.0492E-07  1.5768E+04  7.4643E-05  9.9997E-01  7.1845E-06
 3.4714E+24  1.1048E-07  1.5818E+04  7.4643E-05  9.9997E-01  7.1845E-06
 3.5640E+24  1.1623E-07  1.5866E+04  7.4643E-05  9.9997E-01  7.1845E-06
 3.6565E+24  1.2220E-07  1.5913E+04  7.4643E-05  9.9997E-01  7.1845E-06
 3.7491E+24  1.2797E-07  1.5960E+04  7.4643E-05  9.9997E-01  7.1845E-06
 3.8417E+24  1.3422E-07  1.6005E+04  7.4643E-05  9.9997E-01  7.1845E-06
 3.9342E+24  1.4041E-07  1.6049E+04  7.4643E-05  9.9996E-01  7.1845E-06
 4.0268E+24  1.4692E-07  1.6094E+04  7.4643E-05  9.9996E-01  7.1845E-06
 4.1194E+24  1.5323E-07  1.6136E+04  7.4643E-05  9.9996E-01  7.1845E-06
 4.2120E+24  1.6010E-07  1.6177E+04  7.4643E-05  9.9996E-01  7.1845E-06
 4.3045E+24  1.6691E-07  1.6218E+04  7.4643E-05  9.9996E-01  7.1845E-06
 4.3971E+24  1.7360E-07  1.6258E+04  7.4643E-05  9.9996E-01  7.1845E-06
 4.4897E+24  1.8076E-07  1.6298E+04  7.4643E-05  9.9995E-01  7.1845E-06
 4.5822E+24  1.8801E-07  1.6337E+04  7.4643E-05  9.9995E-01  7.1845E-06
 4.6748E+24  1.9536E-07  1.6375E+04  7.4643E-05  9.9995E-01  7.1845E-06
 4.7674E+24  2.0283E-07  1.6412E+04  7.4643E-05  9.9995E-01  7.1845E-06
 4.8599E+24  2.1041E-07  1.6449E+04  7.4643E-05  9.9995E-01  7.1845E-06
 4.9525E+24  2.1812E-07  1.6484E+04  7.4643E-05  9.9994E-01  7.1845E-06
 5.0451E+24  2.2597E-07  1.6520E+04  7.4643E-05  9.9994E-01  7.1845E-06
 5.1377E+24  2.3397E-07  1.6554E+04  7.4643E-05  9.9994E-01  7.1845E-06
 5.2302E+24  2.4215E-07  1.6588E+04  7.4643E-05  9.9994E-01  7.1845E-06
 5.3228E+24  2.5051E-07  1.6622E+04  7.4643E-05  9.9994E-01  7.1845E-06
 5.4154E+24  2.5907E-07  1.6655E+04  7.4643E-05  9.9993E-01  7.1845E-06
 5.5079E+24  2.6712E-07  1.6688E+04  7.4643E-05  9.9993E-01  7.1845E-06
 5.6005E+24  2.7579E-07  1.6720E+04  7.4643E-05  9.9993E-01  7.1845E-06
 5.6931E+24  2.8489E-07  1.6752E+04  7.4643E-05  9.9993E-01  7.1845E-06
 5.7856E+24  2.9408E-07  1.6782E+04  7.4643E-05  9.9992E-01  7.1845E-06
 5.8782E+24  3.0229E-07  1.6813E+04  7.4643E-05  9.9992E-01  7.1845E-06
 5.9708E+24  3.1207E-07  1.6843E+04  7.4643E-05  9.9992E-01  7.1845E-06
 6.0634E+24  3.2147E-07  1.6872E+04  7.4643E-05  9.9992E-01  7.1845E-06
 6.1559E+24  3.3038E-07  1.6901E+04  7.4643E-05  9.9991E-01  7.1845E-06
 6.2485E+24  3.4100E-07  1.6930E+04  7.4643E-05  9.9991E-01  7.1845E-06
 6.3411E+24  3.4934E-07  1.6958E+04  7.4643E-05  9.9991E-01  7.1845E-06
 6.4336E+24  3.6046E-07  1.6986E+04  7.4643E-05  9.9991E-01  7.1845E-06
 6.5262E+24  3.6925E-07  1.7014E+04  7.4643E-05  9.9990E-01  7.1845E-06
 6.6188E+24  3.8068E-07  1.7041E+04  7.4643E-05  9.9990E-01  7.1845E-06
 6.7113E+24  3.8945E-07  1.7068E+04  7.4643E-05  9.9990E-01  7.1845E-06
 6.8039E+24  4.0124E-07  1.7094E+04  7.4643E-05  9.9990E-01  7.1845E-06
 6.8965E+24  4.1046E-07  1.7120E+04  7.4643E-05  9.9989E-01  7.1845E-06
 6.9891E+24  4.2180E-07  1.7146E+04  7.4643E-05  9.9989E-01  7.1845E-06
 7.0816E+24  4.3283E-07  1.7171E+04  7.4643E-05  9.9989E-01  7.1845E-06
 7.1742E+24  4.4268E-07  1.7197E+04  7.4643E-05  9.9989E-01  7.1845E-06
 7.2668E+24  4.5478E-07  1.7221E+04  7.4643E-05  9.9988E-01  7.1845E-06
 7.3593E+24  4.6559E-07  1.7246E+04  7.4643E-05  9.9988E-01  7.1845E-06
 7.4519E+24  4.7614E-07  1.7270E+04  7.4643E-05  9.9988E-01  7.1845E-06
 7.5445E+24  4.8843E-07  1.7294E+04  7.4643E-05  9.9987E-01  7.1845E-06
 7.6371E+24  5.0050E-07  1.7318E+04  7.4643E-05  9.9987E-01  7.1845E-06
 7.7296E+24  5.1039E-07  1.7341E+04  7.4643E-05  9.9987E-01  7.1845E-06
 7.8222E+24  5.2286E-07  1.7364E+04  7.4643E-05  9.9986E-01  7.1845E-06
 7.9148E+24  5.3543E-07  1.7387E+04  7.4643E-05  9.9986E-01  7.1845E-06
 8.0073E+24  5.4808E-07  1.7410E+04  7.4643E-05  9.9986E-01  7.1845E-06
 8.0999E+24  5.5835E-07  1.7432E+04  7.4643E-05  9.9986E-01  7.1845E-06
 8.1925E+24  5.7101E-07  1.7454E+04  7.4643E-05  9.9985E-01  7.1845E-06
 8.2850E+24  5.8388E-07  1.7476E+04  7.4643E-05  9.9985E-01  7.1845E-06
 8.3776E+24  5.9682E-07  1.7498E+04  7.4643E-05  9.9985E-01  7.1845E-06
 8.4702E+24  6.0985E-07  1.7519E+04  7.4643E-05  9.9984E-01  7.1845E-06
 8.5628E+24  6.2258E-07  1.7541E+04  7.4643E-05  9.9984E-01  7.1845E-06
 8.6553E+24  6.3419E-07  1.7562E+04  7.4643E-05  9.9984E-01  7.1845E-06
 8.7479E+24  6.4746E-07  1.7582E+04  7.4643E-05  9.9983E-01  7.1845E-06
 8.8405E+24  6.6086E-07  1.7603E+04  7.4643E-05  9.9983E-01  7.1845E-06
 8.9330E+24  6.7435E-07  1.7623E+04  7.4643E-05  9.9982E-01  7.1845E-06
 9.0256E+24  6.8791E-07  1.7643E+04  7.4643E-05  9.9982E-01  7.1845E-06
 9.1182E+24  7.0157E-07  1.7663E+04  7.4643E-05  9.9982E-01  7.1845E-06
 9.2107E+24  7.1533E-07  1.7683E+04  7.4643E-05  9.9981E-01  7.1845E-06
 9.3033E+24  7.2918E-07  1.7703E+04  7.4643E-05  9.9981E-01  7.1845E-06
 9.3959E+24  7.4313E-07  1.7722E+04  7.4643E-05  9.9981E-01  7.1845E-06
 9.4885E+24  7.5719E-07  1.7741E+04  7.4643E-05  9.9980E-01  7.1845E-06
 9.5810E+24  7.7135E-07  1.7760E+04  7.4643E-05  9.9980E-01  7.1845E-06
 9.6736E+24  7.8562E-07  1.7779E+04  7.4643E-05  9.9980E-01  7.1845E-06
 9.7662E+24  8.0001E-07  1.7798E+04  7.4643E-05  9.9979E-01  7.1845E-06
 9.8587E+24  8.1452E-07  1.7816E+04  7.4643E-05  9.9979E-01  7.1845E-06
 9.9513E+24  8.2915E-07  1.7835E+04  7.4643E-05  9.9978E-01  7.1845E-06
 1.0044E+25  8.4392E-07  1.7853E+04  7.4643E-05  9.9978E-01  7.1845E-06
 1.0136E+25  8.5884E-07  1.7871E+04  7.4643E-05  9.9978E-01  7.1845E-06
 1.0229E+25  8.7390E-07  1.7889E+04  7.4643E-05  9.9977E-01  7.1845E-06
 1.0322E+25  8.8911E-07  1.7906E+04  7.4643E-05  9.9977E-01  7.1845E-06
 1.0414E+25  9.0450E-07  1.7924E+04  7.4643E-05  9.9976E-01  7.1845E-06
 1.0507E+25  9.2005E-07  1.7941E+04  7.4643E-05  9.9976E-01  7.1845E-06
 1.0599E+25  9.3577E-07  1.7959E+04  7.4643E-05  9.9975E-01  7.1845E-06
 1.0692E+25  9.5169E-07  1.7976E+04  7.4643E-05  9.9975E-01  7.1845E-06
 1.0784E+25  9.6781E-07  1.7993E+04  7.4643E-05  9.9974E-01  7.1845E-06
 1.0877E+25  9.8414E-07  1.8010E+04  7.4643E-05  9.9973E-01  7.1845E-06
 1.0970E+25  1.0006E-06  1.8026E+04  7.4643E-05  9.9971E-01  7.1845E-06
 1.1062E+25  1.0145E-06  1.8043E+04  7.4643E-05  9.9968E-01  7.1845E-06
 1.1155E+25  1.0305E-06  1.8059E+04  7.4643E-05  9.9962E-01  7.1845E-06
 1.1247E+25  1.0473E-06  1.8075E+04  7.4643E-05  9.9952E-01  7.1845E-06
 1.1340E+25  1.0645E-06  1.8090E+04  7.4643E-05  9.9935E-01  7.1845E-06
 1.1432E+25  1.0819E-06  1.8105E+04  7.4643E-05  9.9904E-01  7.1845E-06
 1.1525E+25  1.0996E-06  1.8119E+04  7.4643E-05  9.9850E-01  7.1845E-06
 1.1618E+25  1.1175E-06  1.8131E+04  7.4643E-05  9.9755E-01  7.1845E-06
 1.1710E+25  1.1317E-06  1.8139E+04  7.4643E-05  9.9591E-01  7.1845E-06
 1.1803E+25  1.1483E-06  1.8143E+04  7.4643E-05  9.9311E-01  7.1845E-06
 1.1895E+25  1.1673E-06  1.8139E+04  7.4643E-05  9.8838E-01  7.1845E-06
 1.1988E+25  1.1868E-06  1.8121E+04  7.4643E-05  9.8051E-01  7.1845E-06
 1.2080E+25  1.2073E-06  1.8082E+04  7.4643E-05  9.6768E-01  7.1845E-06
 1.2173E+25  1.2278E-06  1.8010E+04  7.4643E-05  9.4729E-01  7.1845E-06
 1.2266E+25  1.2448E-06  1.7888E+04  7.4643E-05  9.1604E-01  7.1845E-06
 1.2358E+25  1.2709E-06  1.7696E+04  7.4643E-05  8.7042E-01  7.1845E-06
 1.2451E+25  1.3008E-06  1.7414E+04  7.4643E-05  8.0804E-01  7.1845E-06
 1.2543E+25  1.3357E-06  1.7030E+04  7.4643E-05  7.2953E-01  7.1845E-06
 1.2636E+25  1.3757E-06  1.6545E+04  7.4643E-05  6.3986E-01  7.1845E-06
 1.2728E+25  1.4156E-06  1.5981E+04  7.4643E-05  5.4734E-01  7.1845E-06
 1.2821E+25  1.4690E-06  1.5376E+04  7.4643E-05  4.6047E-01  7.1845E-06
 1.2914E+25  1.5272E-06  1.4766E+04  7.4643E-05  3.8490E-01  7.1845E-06
 1.3006E+25  1.5885E-06  1.4180E+04  7.4643E-05  3.2251E-01  7.1845E-06
 1.3099E+25  1.6517E-06  1.3637E+04  7.4643E-05  2.7248E-01  7.1845E-06
 1.3191E+25  1.7155E-06  1.3143E+04  7.4643E-05  2.3277E-01  7.1845E-06
 1.3284E+25  1.7768E-06  1.2698E+04  7.4643E-05  2.0120E-01  7.1845E-06
 1.3376E+25  1.8371E-06  1.2299E+04  7.4643E-05  1.7585E-01  7.1845E-06
 1.3469E+25  1.8998E-06  1.1942E+04  7.4643E-05  1.5524E-01  7.1845E-06
 1.3562E+25  1.9617E-06  1.1622E+04  7.4643E-05  1.3826E-01  7.1845E-06
 1.3654E+25  2.0227E-06  1.1334E+04  7.4643E-05  1.2409E-01  7.1845E-06
 1.3747E+25  2.0828E-06  1.1074E+04  7.4643E-05  1.1212E-01  7.1845E-06
 1.3839E+25  2.1422E-06  1.0839E+04  7.4643E-05  1.0190E-01  7.1845E-06
 1.3932E+25  2.2006E-06  1.0624E+04  7.4643E-05  9.3088E-02  7.1845E-06
 1.4024E+25  2.2587E-06  1.0429E+04  7.4643E-05  8.5427E-02  7.1845E-06
 1.4117E+25  2.3160E-06  1.0250E+04  7.4643E-05  7.8713E-02  7.1845E-06
 1.4210E+25  2.3729E-06  1.0086E+04  7.4643E-05  7.2792E-02  7.1845E-06
 1.4302E+25  2.4292E-06  9.9347E+03  7.4643E-05  6.7536E-02  7.1845E-06
 1.4395E+25  2.4811E-06  9.7950E+03  7.4643E-05  6.2845E-02  7.1845E-06
 1.4487E+25  2.5346E-06  9.6655E+03  7.4643E-05  5.8637E-02  7.1845E-06
 1.4580E+25  2.5896E-06  9.5453E+03  7.4643E-05  5.4846E-02  7.1845E-06
 1.4672E+25  2.6443E-06  9.4335E+03  7.4643E-05  5.1416E-02  7.1845E-06
 1.4765E+25  2.6987E-06  9.3293E+03  7.4643E-05  4.8301E-02  7.1845E-06
 1.4858E+25  2.7532E-06  9.2318E+03  7.4643E-05  4.5462E-02  7.1845E-06
 1.4950E+25  2.8075E-06  9.1406E+03  7.4643E-05  4.2866E-02  7.1845E-06
 1.5043E+25  2.8618E-06  9.0551E+03  7.4643E-05  4.0486E-02  7.1845E-06
 1.5135E+25  2.9162E-06  8.9747E+03  7.4643E-05  3.8296E-02  7.1845E-06
 1.5228E+25  2.9702E-06  8.8991E+03  7.4643E-05  3.6278E-02  7.1845E-06
 1.5320E+25  3.0143E-06  8.8279E+03  7.4643E-05  3.4412E-02  7.1845E-06
 1.5413E+25  3.0674E-06  8.7607E+03  7.4643E-05  3.2685E-02  7.1845E-06
 1.5506E+25  3.1216E-06  8.6972E+03  7.4643E-05  3.1081E-02  7.1845E-06
 1.5598E+25  3.1760E-06  8.6371E+03  7.4643E-05  2.9590E-02  7.1845E-06
 1.5691E+25  3.2306E-06  8.5802E+03  7.4643E-05  2.8200E-02  7.1845E-06
 1.5783E+25  3.2856E-06  8.5263E+03  7.4643E-05  2.6903E-02  7.1845E-06
 1.5876E+25  3.3374E-06  8.4751E+03  7.4643E-05  2.5690E-02  7.1845E-06
 1.5968E+25  3.3790E-06  8.4264E+03  7.4643E-05  2.4555E-02  7.1845E-06
 1.6061E+25  3.4341E-06  8.3802E+03  7.4643E-05  2.3490E-02  7.1845E-06
 1.6154E+25  3.4899E-06  8.3361E+03  7.4643E-05  2.2490E-02  7.1845E-06
 1.6246E+25  3.5463E-06  8.2942E+03  7.4643E-05  2.1550E-02  7.1845E-06
 1.6339E+25  3.6033E-06  8.2542E+03  7.4643E-05  2.0664E-02  7.1845E-06
 1.6431E+25  3.6422E-06  8.2160E+03  7.4643E-05  1.9830E-02  7.1845E-06
 1.6524E+25  3.6943E-06  8.1795E+03  7.4643E-05  1.9042E-02  7.1845E-06
 1.6616E+25  3.7521E-06  8.1446E+03  7.4643E-05  1.8298E-02  7.1845E-06
 1.6709E+25  3.8107E-06  8.1113E+03  7.4643E-05  1.7594E-02  7.1845E-06
 1.6802E+25  3.8660E-06  8.0794E+03  7.4643E-05  1.6928E-02  7.1845E-06
 1.6894E+25  3.9006E-06  8.0488E+03  7.4643E-05  1.6297E-02  7.1845E-06
 1.6987E+25  3.9602E-06  8.0195E+03  7.4643E-05  1.5698E-02  7.1845E-06
 1.7079E+25  4.0211E-06  7.9914E+03  7.4643E-05  1.5129E-02  7.1845E-06
 1.7172E+25  4.0824E-06  7.9644E+03  7.4643E-05  1.4589E-02  7.1845E-06
 1.7264E+25  4.1110E-06  7.9385E+03  7.4643E-05  1.4075E-02  7.1845E-06
 1.7357E+25  4.1724E-06  7.9137E+03  7.4643E-05  1.3586E-02  7.1845E-06
 1.7450E+25  4.2361E-06  7.8897E+03  7.4643E-05  1.3120E-02  7.1845E-06
 1.7542E+25  4.2926E-06  7.8668E+03  7.4643E-05  1.2677E-02  7.1845E-06
 1.7635E+25  4.3248E-06  7.8446E+03  7.4643E-05  1.2254E-02  7.1845E-06
 1.7727E+25  4.3903E-06  7.8233E+03  7.4643E-05  1.1849E-02  7.1845E-06
 1.7820E+25  4.4576E-06  7.8028E+03  7.4643E-05  1.1463E-02  7.1845E-06
 1.7912E+25  4.4937E-06  7.7831E+03  7.4643E-05  1.1095E-02  7.1845E-06
 1.8005E+25  4.5470E-06  7.7640E+03  7.4643E-05  1.0742E-02  7.1845E-06
 1.8097E+25  4.6167E-06  7.7456E+03  7.4643E-05  1.0404E-02  7.1845E-06
 1.8190E+25  4.6681E-06  7.7279E+03  7.4643E-05  1.0081E-02  7.1845E-06
 1.8283E+25  4.7056E-06  7.7108E+03  7.4643E-05  9.7715E-03  7.1845E-06
 1.8375E+25  4.7783E-06  7.6942E+03  7.4643E-05  9.4747E-03  7.1845E-06
 1.8468E+25  4.8394E-06  7.6783E+03  7.4643E-05  9.1905E-03  7.1845E-06
 1.8560E+25  4.8682E-06  7.6628E+03  7.4643E-05  8.9172E-03  7.1845E-06
 1.8653E+25  4.9439E-06  7.6479E+03  7.4643E-05  8.6554E-03  7.1845E-06
 1.8745E+25  5.0067E-06  7.6335E+03  7.4643E-05  8.4035E-03  7.1845E-06
 1.8838E+25  5.0343E-06  7.6196E+03  7.4643E-05  8.1616E-03  7.1845E-06
 1.8931E+25  5.1139E-06  7.6061E+03  7.4643E-05  7.9293E-03  7.1845E-06
 1.9023E+25  5.1708E-06  7.5930E+03  7.4643E-05  7.7054E-03  7.1845E-06
 1.9116E+25  5.2052E-06  7.5803E+03  7.4643E-05  7.4906E-03  7.1845E-06
 1.9208E+25  5.2888E-06  7.5681E+03  7.4643E-05  7.2831E-03  7.1845E-06
 1.9301E+25  5.3306E-06  7.5562E+03  7.4643E-05  7.0840E-03  7.1845E-06
 1.9393E+25  5.3821E-06  7.5447E+03  7.4643E-05  6.8915E-03  7.1845E-06
 1.9486E+25  5.4697E-06  7.5335E+03  7.4643E-05  6.7068E-03  7.1845E-06
 1.9579E+25  5.4862E-06  7.5227E+03  7.4643E-05  6.5279E-03  7.1845E-06
 1.9671E+25  5.5655E-06  7.5122E+03  7.4643E-05  6.3561E-03  7.1845E-06
 1.9764E+25  5.6344E-06  7.5020E+03  7.4643E-05  6.1896E-03  7.1845E-06
 1.9856E+25  5.6607E-06  7.4921E+03  7.4643E-05  6.0296E-03  7.1845E-06
 1.9949E+25  5.7559E-06  7.4825E+03  7.4643E-05  5.8744E-03  7.1845E-06
 2.0041E+25  5.7837E-06  7.4732E+03  7.4643E-05  5.7253E-03  7.1845E-06
 2.0134E+25  5.8537E-06  7.4641E+03  7.4643E-05  5.5805E-03  7.1845E-06
 2.0227E+25  5.9305E-06  7.4553E+03  7.4643E-05  5.4413E-03  7.1845E-06
 2.0319E+25  5.9523E-06  7.4467E+03  7.4643E-05  5.3059E-03  7.1845E-06
 2.0412E+25  6.0555E-06  7.4384E+03  7.4643E-05  5.1757E-03  7.1845E-06
 2.0504E+25  6.0729E-06  7.4303E+03  7.4643E-05  5.0492E-03  7.1845E-06
 2.0597E+25  6.1575E-06  7.4225E+03  7.4643E-05  4.9272E-03  7.1845E-06
 2.0689E+25  6.2168E-06  7.4148E+03  7.4643E-05  4.8090E-03  7.1845E-06
 2.0782E+25  6.2607E-06  7.4074E+03  7.4643E-05  4.6942E-03  7.1845E-06
 2.0875E+25  6.3605E-06  7.4001E+03  7.4643E-05  4.5837E-03  7.1845E-06
 2.0967E+25  6.3647E-06  7.3931E+03  7.4643E-05  4.4758E-03  7.1845E-06
 2.1060E+25  6.4803E-06  7.3862E+03  7.4643E-05  4.3722E-03  7.1845E-06
 2.1152E+25  6.4933E-06  7.3795E+03  7.4643E-05  4.2710E-03  7.1845E-06
 2.1245E+25  6.5889E-06  7.3730E+03  7.4643E-05  4.1732E-03  7.1845E-06
 2.1337E+25  6.6342E-06  7.3667E+03  7.4643E-05  4.0785E-03  7.1845E-06
 2.1430E+25  6.6988E-06  7.3605E+03  7.4643E-05  3.9862E-03  7.1845E-06
 2.1523E+25  6.7745E-06  7.3545E+03  7.4643E-05  3.8973E-03  7.1845E-06
 2.1615E+25  6.8103E-06  7.3486E+03  7.4643E-05  3.8104E-03  7.1845E-06
 2.1708E+25  6.9142E-06  7.3429E+03  7.4643E-05  3.7263E-03  7.1845E-06
 2.1800E+25  6.9236E-06  7.3373E+03  7.4643E-05  3.6449E-03  7.1845E-06
 2.1893E+25  7.0526E-06  7.3318E+03  7.4643E-05  3.5652E-03  7.1845E-06
 2.1985E+25  7.0395E-06  7.3265E+03  7.4643E-05  3.4885E-03  7.1845E-06
 2.2078E+25  7.1775E-06  7.3214E+03  7.4643E-05  3.4135E-03  7.1845E-06
 2.2171E+25  7.1699E-06  7.3163E+03  7.4643E-05  3.3406E-03  7.1845E-06
 2.2263E+25  7.2993E-06  7.3114E+03  7.4643E-05  3.2703E-03  7.1845E-06
 2.2356E+25  7.3052E-06  7.3065E+03  7.4643E-05  3.2013E-03  7.1845E-06
 2.2448E+25  7.4234E-06  7.3018E+03  7.4643E-05  3.1344E-03  7.1845E-06
 2.2541E+25  7.4397E-06  7.2973E+03  7.4643E-05  3.0697E-03  7.1845E-06
 2.2633E+25  7.5498E-06  7.2928E+03  7.4643E-05  3.0062E-03  7.1845E-06
 2.2726E+25  7.5731E-06  7.2884E+03  7.4643E-05  2.9447E-03  7.1845E-06
 2.2819E+25  7.6791E-06  7.2841E+03  7.4643E-05  2.8850E-03  7.1845E-06
 2.2911E+25  7.7056E-06  7.2799E+03  7.4643E-05  2.8265E-03  7.1845E-06
 2.3004E+25  7.8114E-06  7.2759E+03  7.4643E-05  2.7698E-03  7.1845E-06
 2.3096E+25  7.8373E-06  7.2719E+03  7.4643E-05  2.7148E-03  7.1845E-06
 2.3189E+25  7.9468E-06  7.2680E+03  7.4643E-05  2.6607E-03  7.1845E-06
 2.3281E+25  7.9678E-06  7.2641E+03  7.4643E-05  2.6084E-03  7.1845E-06
 2.3374E+25  8.0855E-06  7.2604E+03  7.4643E-05  2.5575E-03  7.1845E-06
 2.3467E+25  8.0972E-06  7.2568E+03  7.4643E-05  2.5075E-03  7.1845E-06
 2.3559E+25  8.2278E-06  7.2532E+03  7.4643E-05  2.4591E-03  7.1845E-06
 2.3652E+25  8.2254E-06  7.2497E+03  7.4643E-05  2.4120E-03  7.1845E-06
 2.3744E+25  8.3738E-06  7.2463E+03  7.4643E-05  2.3658E-03  7.1845E-06
 2.3837E+25  8.3524E-06  7.2430E+03  7.4643E-05  2.3208E-03  7.1845E-06
 2.3929E+25  8.5188E-06  7.2397E+03  7.4643E-05  2.2772E-03  7.1845E-06
 2.4022E+25  8.4832E-06  7.2365E+03  7.4643E-05  2.2344E-03  7.1845E-06
 2.4115E+25  8.6469E-06  7.2334E+03  7.4643E-05  2.1925E-03  7.1845E-06
 2.4207E+25  8.6336E-06  7.2303E+03  7.4643E-05  2.1521E-03  7.1845E-06
 2.4300E+25  8.7722E-06  7.2273E+03  7.4643E-05  2.1125E-03  7.1845E-06
 2.4392E+25  8.7901E-06  7.2244E+03  7.4643E-05  2.0735E-03  7.1845E-06
 2.4485E+25  8.8960E-06  7.2215E+03  7.4643E-05  2.0358E-03  7.1845E-06
 2.4577E+25  8.9512E-06  7.2187E+03  7.4643E-05  1.9991E-03  7.1845E-06
 2.4670E+25  9.0186E-06  7.2159E+03  7.4643E-05  1.9629E-03  7.1845E-06
 2.4763E+25  9.1171E-06  7.2132E+03  7.4643E-05  1.9276E-03  7.1845E-06
 2.4855E+25  9.1398E-06  7.2106E+03  7.4643E-05  1.8935E-03  7.1845E-06
 2.4948E+25  9.2880E-06  7.2080E+03  7.4643E-05  1.8599E-03  7.1845E-06
 2.5040E+25  9.2597E-06  7.2054E+03  7.4643E-05  1.8269E-03  7.1845E-06
 2.5133E+25  9.4354E-06  7.2029E+03  7.4643E-05  1.7949E-03  7.1845E-06
 2.5225E+25  9.4069E-06  7.2005E+03  7.4643E-05  1.7638E-03  7.1845E-06
 2.5318E+25  9.5544E-06  7.1981E+03  7.4643E-05  1.7331E-03  7.1845E-06
 2.5411E+25  9.5867E-06  7.1958E+03  7.4643E-05  1.7030E-03  7.1845E-06
 2.5503E+25  9.6713E-06  7.1935E+03  7.4643E-05  1.6740E-03  7.1845E-06
 2.5596E+25  9.7724E-06  7.1912E+03  7.4643E-05  1.6455E-03  7.1845E-06
 2.5688E+25  9.7870E-06  7.1890E+03  7.4643E-05  1.6174E-03  7.1845E-06
 2.5781E+25  9.9626E-06  7.1868E+03  7.4643E-05  1.5900E-03  7.1845E-06
 2.5873E+25  9.9028E-06  7.1847E+03  7.4643E-05  1.5635E-03  7.1845E-06
 2.5966E+25  1.0082E-05  7.1826E+03  7.4643E-05  1.5373E-03  7.1845E-06
 2.6059E+25  1.0095E-05  7.1806E+03  7.4643E-05  1.5116E-03  7.1845E-06
 2.6151E+25  1.0195E-05  7.1785E+03  7.4643E-05  1.4865E-03  7.1845E-06
 2.6244E+25  1.0297E-05  7.1766E+03  7.4643E-05  1.4623E-03  7.1845E-06
 2.6336E+25  1.0306E-05  7.1747E+03  7.4643E-05  1.4383E-03  7.1845E-06
 2.6429E+25  1.0489E-05  7.1727E+03  7.4643E-05  1.4146E-03  7.1845E-06
 2.6521E+25  1.0434E-05  7.1709E+03  7.4643E-05  1.3917E-03  7.1845E-06
 2.6614E+25  1.0600E-05  7.1691E+03  7.4643E-05  1.3694E-03  7.1845E-06
 2.6707E+25  1.0648E-05  7.1673E+03  7.4643E-05  1.3474E-03  7.1845E-06
 2.6799E+25  1.0709E-05  7.1655E+03  7.4643E-05  1.3257E-03  7.1845E-06
 2.6892E+25  1.0870E-05  7.1638E+03  7.4643E-05  1.3046E-03  7.1845E-06
 2.6984E+25  1.0815E-05  7.1621E+03  7.4643E-05  1.2841E-03  7.1845E-06
 2.7077E+25  1.1001E-05  7.1604E+03  7.4643E-05  1.2639E-03  7.1845E-06
 2.7169E+25  1.1019E-05  7.1587E+03  7.4643E-05  1.2439E-03  7.1845E-06
 2.7262E+25  1.1107E-05  7.1571E+03  7.4643E-05  1.2244E-03  7.1845E-06
 2.7355E+25  1.1255E-05  7.1556E+03  7.4643E-05  1.2056E-03  7.1845E-06
 2.7447E+25  1.1211E-05  7.1540E+03  7.4643E-05  1.1870E-03  7.1845E-06
 2.7540E+25  1.1400E-05  7.1525E+03  7.4643E-05  1.1686E-03  7.1845E-06
 2.7632E+25  1.1412E-05  7.1510E+03  7.4643E-05  1.1506E-03  7.1845E-06
 2.7725E+25  1.1502E-05  7.1495E+03  7.4643E-05  1.1332E-03  7.1845E-06
 2.7817E+25  1.1662E-05  7.1481E+03  7.4643E-05  1.1161E-03  7.1845E-06
 2.7910E+25  1.1603E-05  7.1466E+03  7.4643E-05  1.0992E-03  7.1845E-06
 2.8003E+25  1.1794E-05  7.1452E+03  7.4643E-05  1.0825E-03  7.1845E-06
 2.8095E+25  1.1829E-05  7.1439E+03  7.4643E-05  1.0663E-03  7.1845E-06
 2.8188E+25  1.1893E-05  7.1425E+03  7.4643E-05  1.0506E-03  7.1845E-06
 2.8280E+25  1.2085E-05  7.1412E+03  7.4643E-05  1.0350E-03  7.1845E-06
 2.8373E+25  1.2002E-05  7.1399E+03  7.4643E-05  1.0196E-03  7.1845E-06
 2.8465E+25  1.2184E-05  7.1386E+03  7.4643E-05  1.0045E-03  7.1845E-06
 2.8558E+25  1.2275E-05  7.1373E+03  7.4643E-05  9.8988E-04  7.1845E-06
 2.8651E+25  1.2280E-05  7.1361E+03  7.4643E-05  9.7555E-04  7.1845E-06
 2.8743E+25  1.2476E-05  7.1349E+03  7.4643E-05  9.6133E-04  7.1845E-06
 2.8836E+25  1.2458E-05  7.1337E+03  7.4643E-05  9.4731E-04  7.1845E-06
 2.8928E+25  1.2569E-05  7.1325E+03  7.4643E-05  9.3366E-04  7.1845E-06
 2.9021E+25  1.2750E-05  7.1313E+03  7.4643E-05  9.2042E-04  7.1845E-06
 2.9113E+25  1.2661E-05  7.1302E+03  7.4643E-05  9.0734E-04  7.1845E-06
 2.9206E+25  1.2860E-05  7.1291E+03  7.4643E-05  8.9437E-04  7.1845E-06
 2.9299E+25  1.2946E-05  7.1279E+03  7.4643E-05  8.8160E-04  7.1845E-06
 2.9391E+25  1.2949E-05  7.1269E+03  7.4643E-05  8.6920E-04  7.1845E-06
 2.9484E+25  1.3150E-05  7.1258E+03  7.4643E-05  8.5713E-04  7.1845E-06
 2.9576E+25  1.3147E-05  7.1247E+03  7.4643E-05  8.4518E-04  7.1845E-06
 2.9669E+25  1.3238E-05  7.1237E+03  7.4643E-05  8.3335E-04  7.1845E-06
 2.9761E+25  1.3441E-05  7.1227E+03  7.4643E-05  8.2170E-04  7.1845E-06
 2.9854E+25  1.3352E-05  7.1217E+03  7.4643E-05  8.1039E-04  7.1845E-06
 2.9947E+25  1.3527E-05  7.1207E+03  7.4643E-05  7.9938E-04  7.1845E-06
 3.0039E+25  1.3686E-05  7.1197E+03  7.4643E-05  7.8845E-04  7.1845E-06
 3.0132E+25  1.3611E-05  7.1188E+03  7.4643E-05  7.7764E-04  7.1845E-06
 3.0224E+25  1.3815E-05  7.1178E+03  7.4643E-05  7.6698E-04  7.1845E-06
 3.0317E+25  1.3909E-05  7.1169E+03  7.4643E-05  7.5662E-04  7.1845E-06
 3.0409E+25  1.3897E-05  7.1160E+03  7.4643E-05  7.4655E-04  7.1845E-06
 3.0502E+25  1.4104E-05  7.1151E+03  7.4643E-05  7.3657E-04  7.1845E-06
 3.0594E+25  1.4138E-05  7.1142E+03  7.4643E-05  7.2667E-04  7.1845E-06
 3.0687E+25  1.4183E-05  7.1133E+03  7.4643E-05  7.1690E-04  7.1845E-06
 3.0780E+25  1.4393E-05  7.1124E+03  7.4643E-05  7.0739E-04  7.1845E-06
 3.0872E+25  1.4373E-05  7.1116E+03  7.4643E-05  6.9814E-04  7.1845E-06
 3.0965E+25  1.4470E-05  7.1108E+03  7.4643E-05  6.8903E-04  7.1845E-06
 3.1057E+25  1.4682E-05  7.1099E+03  7.4643E-05  6.7996E-04  7.1845E-06
 3.1150E+25  1.4617E-05  7.1091E+03  7.4643E-05  6.7100E-04  7.1845E-06
 3.1242E+25  1.4756E-05  7.1083E+03  7.4643E-05  6.6223E-04  7.1845E-06
 3.1335E+25  1.4971E-05  7.1075E+03  7.4643E-05  6.5370E-04  7.1845E-06
 3.1428E+25  1.4869E-05  7.1068E+03  7.4643E-05  6.4537E-04  7.1845E-06
 3.1520E+25  1.5042E-05  7.1060E+03  7.4643E-05  6.3708E-04  7.1845E-06
 3.1613E+25  1.5258E-05  7.1053E+03  7.4643E-05  6.2885E-04  7.1845E-06
 3.1705E+25  1.5131E-05  7.1045E+03  7.4643E-05  6.2075E-04  7.1845E-06
 3.1798E+25  1.5327E-05  7.1038E+03  7.4643E-05  6.1287E-04  7.1845E-06
 3.1890E+25  1.5542E-05  7.1031E+03  7.4643E-05  6.0519E-04  7.1845E-06
 3.1983E+25  1.5403E-05  7.1024E+03  7.4643E-05  5.9761E-04  7.1845E-06
 3.2076E+25  1.5612E-05  7.1017E+03  7.4643E-05  5.9007E-04  7.1845E-06
 3.2168E+25  1.5828E-05  7.1010E+03  7.4643E-05  5.8261E-04  7.1845E-06
 3.2261E+25  1.5684E-05  7.1003E+03  7.4643E-05  5.7529E-04  7.1845E-06
 3.2353E+25  1.5897E-05  7.0996E+03  7.4643E-05  5.6817E-04  7.1845E-06
 3.2446E+25  1.6117E-05  7.0990E+03  7.4643E-05  5.6122E-04  7.1845E-06
 3.2538E+25  1.5971E-05  7.0983E+03  7.4643E-05  5.5432E-04  7.1845E-06
 3.2631E+25  1.6181E-05  7.0977E+03  7.4643E-05  5.4747E-04  7.1845E-06
 3.2724E+25  1.6405E-05  7.0970E+03  7.4643E-05  5.4068E-04  7.1845E-06
 3.2816E+25  1.6268E-05  7.0964E+03  7.4643E-05  5.3405E-04  7.1845E-06
 3.2909E+25  1.6464E-05  7.0958E+03  7.4643E-05  5.2759E-04  7.1845E-06
 3.3001E+25  1.6690E-05  7.0952E+03  7.4643E-05  5.2128E-04  7.1845E-06
 3.3094E+25  1.6578E-05  7.0946E+03  7.4643E-05  5.1500E-04  7.1845E-06
 3.3186E+25  1.6746E-05  7.0940E+03  7.4643E-05  5.0877E-04  7.1845E-06
 3.3279E+25  1.6974E-05  7.0934E+03  7.4643E-05  5.0259E-04  7.1845E-06
 3.3372E+25  1.6901E-05  7.0928E+03  7.4643E-05  4.9656E-04  7.1845E-06
 3.3464E+25  1.7028E-05  7.0923E+03  7.4643E-05  4.9068E-04  7.1845E-06
 3.3557E+25  1.7257E-05  7.0917E+03  7.4643E-05  4.8493E-04  7.1845E-06
 3.3649E+25  1.7237E-05  7.0912E+03  7.4643E-05  4.7922E-04  7.1845E-06
 3.3742E+25  1.7309E-05  7.0906E+03  7.4643E-05  4.7354E-04  7.1845E-06
 3.3834E+25  1.7538E-05  7.0901E+03  7.4643E-05  4.6791E-04  7.1845E-06
 3.3927E+25  1.7585E-05  7.0895E+03  7.4643E-05  4.6240E-04  7.1845E-06
 3.4020E+25  1.7589E-05  7.0890E+03  7.4643E-05  4.5702E-04  7.1845E-06
 3.4112E+25  1.7819E-05  7.0885E+03  7.4643E-05  4.5179E-04  7.1845E-06
 3.4205E+25  1.7947E-05  7.0880E+03  7.4643E-05  4.4658E-04  7.1845E-06
 3.4297E+25  1.7867E-05  7.0875E+03  7.4643E-05  4.4141E-04  7.1845E-06
 3.4390E+25  1.8099E-05  7.0870E+03  7.4643E-05  4.3628E-04  7.1845E-06
 3.4482E+25  1.8322E-05  7.0865E+03  7.4643E-05  4.3122E-04  7.1845E-06
 3.4575E+25  1.8145E-05  7.0860E+03  7.4643E-05  4.2629E-04  7.1845E-06
 3.4668E+25  1.8378E-05  7.0856E+03  7.4643E-05  4.2148E-04  7.1845E-06
 3.4760E+25  1.8617E-05  7.0851E+03  7.4643E-05  4.1675E-04  7.1845E-06
 3.4853E+25  1.8516E-05  7.0846E+03  7.4643E-05  4.1203E-04  7.1845E-06
 3.4945E+25  1.8656E-05  7.0842E+03  7.4643E-05  4.0736E-04  7.1845E-06
 3.5038E+25  1.8895E-05  7.0837E+03  7.4643E-05  4.0271E-04  7.1845E-06
 3.5130E+25  1.8918E-05  7.0832E+03  7.4643E-05  3.9818E-04  7.1845E-06
 3.5223E+25  1.8934E-05  7.0828E+03  7.4643E-05  3.9375E-04  7.1845E-06
 3.5316E+25  1.9172E-05  7.0824E+03  7.4643E-05  3.8943E-04  7.1845E-06
 3.5408E+25  1.9336E-05  7.0819E+03  7.4643E-05  3.8514E-04  7.1845E-06
 3.5501E+25  1.9210E-05  7.0815E+03  7.4643E-05  3.8086E-04  7.1845E-06
 3.5593E+25  1.9448E-05  7.0811E+03  7.4643E-05  3.7662E-04  7.1845E-06
 3.5686E+25  1.9694E-05  7.0807E+03  7.4643E-05  3.7243E-04  7.1845E-06
 3.5778E+25  1.9558E-05  7.0803E+03  7.4643E-05  3.6834E-04  7.1845E-06
 3.5871E+25  1.9725E-05  7.0799E+03  7.4643E-05  3.6435E-04  7.1845E-06
 3.5964E+25  1.9970E-05  7.0795E+03  7.4643E-05  3.6044E-04  7.1845E-06
 3.6056E+25  2.0005E-05  7.0791E+03  7.4643E-05  3.5654E-04  7.1845E-06
 3.6149E+25  2.0000E-05  7.0787E+03  7.4643E-05  3.5267E-04  7.1845E-06
 3.6241E+25  2.0244E-05  7.0783E+03  7.4643E-05  3.4882E-04  7.1845E-06
 3.6334E+25  2.0470E-05  7.0779E+03  7.4643E-05  3.4503E-04  7.1845E-06
 3.6426E+25  2.0274E-05  7.0776E+03  7.4643E-05  3.4133E-04  7.1845E-06
 3.6519E+25  2.0519E-05  7.0772E+03  7.4643E-05  3.3771E-04  7.1845E-06
 3.6612E+25  2.0770E-05  7.0768E+03  7.4643E-05  3.3417E-04  7.1845E-06
 3.6704E+25  2.0728E-05  7.0765E+03  7.4643E-05  3.3063E-04  7.1845E-06
 3.6797E+25  2.0793E-05  7.0761E+03  7.4643E-05  3.2711E-04  7.1845E-06
 3.6889E+25  2.1042E-05  7.0757E+03  7.4643E-05  3.2362E-04  7.1845E-06
 3.6982E+25  2.1226E-05  7.0754E+03  7.4643E-05  3.2017E-04  7.1845E-06
 3.7074E+25  2.1065E-05  7.0750E+03  7.4643E-05  3.1682E-04  7.1845E-06
 3.7167E+25  2.1314E-05  7.0747E+03  7.4643E-05  3.1352E-04  7.1845E-06
 3.7260E+25  2.1570E-05  7.0744E+03  7.4643E-05  3.1031E-04  7.1845E-06
 3.7352E+25  2.1508E-05  7.0740E+03  7.4643E-05  3.0710E-04  7.1845E-06
 3.7445E+25  2.1587E-05  7.0737E+03  7.4643E-05  3.0390E-04  7.1845E-06
 3.7537E+25  2.1841E-05  7.0734E+03  7.4643E-05  3.0073E-04  7.1845E-06
 3.7630E+25  2.2043E-05  7.0731E+03  7.4643E-05  2.9759E-04  7.1845E-06
 3.7722E+25  2.1858E-05  7.0727E+03  7.4643E-05  2.9452E-04  7.1845E-06
 3.7815E+25  2.2112E-05  7.0724E+03  7.4643E-05  2.9151E-04  7.1845E-06
 3.7908E+25  2.2371E-05  7.0721E+03  7.4643E-05  2.8859E-04  7.1845E-06
 3.8000E+25  2.2352E-05  7.0718E+03  7.4643E-05  2.8568E-04  7.1845E-06
 3.8093E+25  2.2383E-05  7.0715E+03  7.4643E-05  2.8277E-04  7.1845E-06
 3.8185E+25  2.2640E-05  7.0712E+03  7.4643E-05  2.7989E-04  7.1845E-06
 3.8278E+25  2.2901E-05  7.0709E+03  7.4643E-05  2.7703E-04  7.1845E-06
 3.8370E+25  2.2677E-05  7.0706E+03  7.4643E-05  2.7422E-04  7.1845E-06
 3.8463E+25  2.2911E-05  7.0703E+03  7.4643E-05  2.7146E-04  7.1845E-06
 3.8556E+25  2.3172E-05  7.0701E+03  7.4643E-05  2.6877E-04  7.1845E-06
 3.8648E+25  2.3267E-05  7.0698E+03  7.4643E-05  2.6613E-04  7.1845E-06
 3.8741E+25  2.3180E-05  7.0695E+03  7.4643E-05  2.6350E-04  7.1845E-06
 3.8833E+25  2.3441E-05  7.0692E+03  7.4643E-05  2.6087E-04  7.1845E-06
 3.8926E+25  2.3708E-05  7.0689E+03  7.4643E-05  2.5827E-04  7.1845E-06
 3.9018E+25  2.3619E-05  7.0687E+03  7.4643E-05  2.5568E-04  7.1845E-06
 3.9111E+25  2.3710E-05  7.0684E+03  7.4643E-05  2.5316E-04  7.1845E-06
 3.9204E+25  2.3974E-05  7.0681E+03  7.4643E-05  2.5068E-04  7.1845E-06
 3.9296E+25  2.4240E-05  7.0679E+03  7.4643E-05  2.4826E-04  7.1845E-06
 3.9389E+25  2.3993E-05  7.0676E+03  7.4643E-05  2.4587E-04  7.1845E-06
 3.9481E+25  2.4243E-05  7.0674E+03  7.4643E-05  2.4349E-04  7.1845E-06
 3.9574E+25  2.4511E-05  7.0671E+03  7.4643E-05  2.4111E-04  7.1845E-06
 3.9666E+25  2.4645E-05  7.0669E+03  7.4643E-05  2.3876E-04  7.1845E-06
 3.9759E+25  2.4509E-05  7.0666E+03  7.4643E-05  2.3642E-04  7.1845E-06
 3.9852E+25  2.4778E-05  7.0664E+03  7.4643E-05  2.3414E-04  7.1845E-06
 3.9944E+25  2.5050E-05  7.0661E+03  7.4643E-05  2.3189E-04  7.1845E-06
 4.0037E+25  2.5049E-05  7.0659E+03  7.4643E-05  2.2971E-04  7.1845E-06
 4.0129E+25  2.5045E-05  7.0657E+03  7.4643E-05  2.2755E-04  7.1845E-06
 4.0222E+25  2.5316E-05  7.0654E+03  7.4643E-05  2.2539E-04  7.1845E-06
 4.0314E+25  2.5593E-05  7.0652E+03  7.4643E-05  2.2324E-04  7.1845E-06
 4.0407E+25  2.5469E-05  7.0650E+03  7.4643E-05  2.2111E-04  7.1845E-06
 4.0500E+25  2.5583E-05  7.0647E+03  7.4643E-05  2.1899E-04  7.1845E-06
 4.0592E+25  2.5856E-05  7.0645E+03  7.4643E-05  2.1692E-04  7.1845E-06
 4.0685E+25  2.6136E-05  7.0643E+03  7.4643E-05  2.1488E-04  7.1845E-06
 4.0777E+25  2.5908E-05  7.0641E+03  7.4643E-05  2.1290E-04  7.1845E-06
 4.0870E+25  2.6123E-05  7.0638E+03  7.4643E-05  2.1095E-04  7.1845E-06
 4.0962E+25  2.6399E-05  7.0636E+03  7.4643E-05  2.0899E-04  7.1845E-06
 4.1055E+25  2.6658E-05  7.0634E+03  7.4643E-05  2.0705E-04  7.1845E-06
 4.1148E+25  2.6388E-05  7.0632E+03  7.4643E-05  2.0511E-04  7.1845E-06
 4.1240E+25  2.6665E-05  7.0630E+03  7.4643E-05  2.0319E-04  7.1845E-06
 4.1333E+25  2.6944E-05  7.0628E+03  7.4643E-05  2.0130E-04  7.1845E-06
 4.1425E+25  2.7140E-05  7.0626E+03  7.4643E-05  1.9945E-04  7.1845E-06
 4.1518E+25  2.6929E-05  7.0624E+03  7.4643E-05  1.9763E-04  7.1845E-06
 4.1610E+25  2.7210E-05  7.0622E+03  7.4643E-05  1.9586E-04  7.1845E-06
 4.1703E+25  2.7492E-05  7.0620E+03  7.4643E-05  1.9410E-04  7.1845E-06
 4.1796E+25  2.7642E-05  7.0618E+03  7.4643E-05  1.9233E-04  7.1845E-06
 4.1888E+25  2.7474E-05  7.0616E+03  7.4643E-05  1.9058E-04  7.1845E-06
 4.1981E+25  2.7757E-05  7.0614E+03  7.4643E-05  1.8883E-04  7.1845E-06
 4.2073E+25  2.8042E-05  7.0612E+03  7.4643E-05  1.8710E-04  7.1845E-06
 4.2166E+25  2.8164E-05  7.0610E+03  7.4643E-05  1.8542E-04  7.1845E-06
 4.2258E+25  2.8021E-05  7.0608E+03  7.4643E-05  1.8374E-04  7.1845E-06
 4.2351E+25  2.8307E-05  7.0607E+03  7.4643E-05  1.8212E-04  7.1845E-06
 4.2443E+25  2.8594E-05  7.0605E+03  7.4643E-05  1.8053E-04  7.1845E-06
 4.2536E+25  2.8707E-05  7.0603E+03  7.4643E-05  1.7893E-04  7.1845E-06
 4.2629E+25  2.8570E-05  7.0601E+03  7.4643E-05  1.7734E-04  7.1845E-06
 4.2721E+25  2.8859E-05  7.0599E+03  7.4643E-05  1.7576E-04  7.1845E-06
 4.2814E+25  2.9149E-05  7.0598E+03  7.4643E-05  1.7418E-04  7.1845E-06
 4.2906E+25  2.9273E-05  7.0596E+03  7.4643E-05  1.7263E-04  7.1845E-06
 4.2999E+25  2.9122E-05  7.0594E+03  7.4643E-05  1.7110E-04  7.1845E-06
 4.3091E+25  2.9413E-05  7.0592E+03  7.4643E-05  1.6960E-04  7.1845E-06
 4.3184E+25  2.9706E-05  7.0591E+03  7.4643E-05  1.6814E-04  7.1845E-06
 4.3277E+25  2.9862E-05  7.0589E+03  7.4643E-05  1.6670E-04  7.1845E-06
 4.3369E+25  2.9677E-05  7.0587E+03  7.4643E-05  1.6526E-04  7.1845E-06
 4.3462E+25  2.9969E-05  7.0586E+03  7.4643E-05  1.6382E-04  7.1845E-06
 4.3554E+25  3.0266E-05  7.0584E+03  7.4643E-05  1.6239E-04  7.1845E-06
 4.3647E+25  3.0475E-05  7.0582E+03  7.4643E-05  1.6097E-04  7.1845E-06
 4.3739E+25  3.0235E-05  7.0581E+03  7.4643E-05  1.5956E-04  7.1845E-06
 4.3832E+25  3.0528E-05  7.0579E+03  7.4643E-05  1.5818E-04  7.1845E-06
 4.3925E+25  3.0829E-05  7.0578E+03  7.4643E-05  1.5682E-04  7.1845E-06
 4.4017E+25  3.1110E-05  7.0576E+03  7.4643E-05  1.5550E-04  7.1845E-06
 4.4110E+25  3.0798E-05  7.0575E+03  7.4643E-05  1.5420E-04  7.1845E-06
 4.4202E+25  3.1089E-05  7.0573E+03  7.4643E-05  1.5290E-04  7.1845E-06
 4.4295E+25  3.1393E-05  7.0572E+03  7.4643E-05  1.5160E-04  7.1845E-06
 4.4387E+25  3.1695E-05  7.0570E+03  7.4643E-05  1.5030E-04  7.1845E-06
 4.4480E+25  3.1438E-05  7.0569E+03  7.4643E-05  1.4902E-04  7.1845E-06
 4.4573E+25  3.1654E-05  7.0567E+03  7.4643E-05  1.4774E-04  7.1845E-06
 4.4665E+25  3.1960E-05  7.0566E+03  7.4643E-05  1.4649E-04  7.1845E-06
 4.4758E+25  3.2265E-05  7.0564E+03  7.4643E-05  1.4526E-04  7.1845E-06
 4.4850E+25  3.2123E-05  7.0563E+03  7.4643E-05  1.4405E-04  7.1845E-06
 4.4943E+25  3.2223E-05  7.0562E+03  7.4643E-05  1.4287E-04  7.1845E-06
 4.5035E+25  3.2528E-05  7.0560E+03  7.4643E-05  1.4170E-04  7.1845E-06
 4.5128E+25  3.2838E-05  7.0559E+03  7.4643E-05  1.4052E-04  7.1845E-06
 4.5221E+25  3.2837E-05  7.0557E+03  7.4643E-05  1.3935E-04  7.1845E-06
 4.5313E+25  3.2794E-05  7.0556E+03  7.4643E-05  1.3819E-04  7.1845E-06
 4.5406E+25  3.3098E-05  7.0555E+03  7.4643E-05  1.3703E-04  7.1845E-06
 4.5498E+25  3.3412E-05  7.0553E+03  7.4643E-05  1.3589E-04  7.1845E-06
 4.5591E+25  3.3580E-05  7.0552E+03  7.4643E-05  1.3477E-04  7.1845E-06
 4.5683E+25  3.3364E-05  7.0551E+03  7.4643E-05  1.3366E-04  7.1845E-06
 4.5776E+25  3.3674E-05  7.0549E+03  7.4643E-05  1.3258E-04  7.1845E-06
 4.5869E+25  3.3989E-05  7.0548E+03  7.4643E-05  1.3152E-04  7.1845E-06
 4.5961E+25  3.4301E-05  7.0547E+03  7.4643E-05  1.3046E-04  7.1845E-06
 4.6054E+25  3.3991E-05  7.0546E+03  7.4643E-05  1.2941E-04  7.1845E-06
 4.6146E+25  3.4254E-05  7.0544E+03  7.4643E-05  1.2835E-04  7.1845E-06
 4.6239E+25  3.4567E-05  7.0543E+03  7.4643E-05  1.2731E-04  7.1845E-06
 4.6331E+25  3.4888E-05  7.0542E+03  7.4643E-05  1.2626E-04  7.1845E-06
 4.6424E+25  3.4786E-05  7.0541E+03  7.4643E-05  1.2524E-04  7.1845E-06
 4.6517E+25  3.4834E-05  7.0539E+03  7.4643E-05  1.2423E-04  7.1845E-06
 4.6609E+25  3.5149E-05  7.0538E+03  7.4643E-05  1.2322E-04  7.1845E-06
 4.6702E+25  3.5473E-05  7.0537E+03  7.4643E-05  1.2226E-04  7.1845E-06
 4.6794E+25  3.5619E-05  7.0536E+03  7.4643E-05  1.2130E-04  7.1845E-06
 4.6887E+25  3.5414E-05  7.0535E+03  7.4643E-05  1.2035E-04  7.1845E-06
 4.6979E+25  3.5738E-05  7.0534E+03  7.4643E-05  1.1939E-04  7.1845E-06
 4.7072E+25  3.6058E-05  7.0532E+03  7.4643E-05  1.1845E-04  7.1845E-06
 4.7165E+25  3.6386E-05  7.0531E+03  7.4643E-05  1.1750E-04  7.1845E-06
 4.7257E+25  3.6098E-05  7.0530E+03  7.4643E-05  1.1656E-04  7.1845E-06
 4.7350E+25  3.6327E-05  7.0529E+03  7.4643E-05  1.1563E-04  7.1845E-06
 4.7442E+25  3.6649E-05  7.0528E+03  7.4643E-05  1.1472E-04  7.1845E-06
 4.7535E+25  3.6980E-05  7.0527E+03  7.4643E-05  1.1381E-04  7.1845E-06
 4.7627E+25  3.6993E-05  7.0526E+03  7.4643E-05  1.1294E-04  7.1845E-06
 4.7720E+25  3.6915E-05  7.0525E+03  7.4643E-05  1.1208E-04  7.1845E-06
 4.7813E+25  3.7247E-05  7.0524E+03  7.4643E-05  1.1122E-04  7.1845E-06
 4.7905E+25  3.7573E-05  7.0522E+03  7.4643E-05  1.1036E-04  7.1845E-06
 4.7998E+25  3.7899E-05  7.0521E+03  7.4643E-05  1.0950E-04  7.1845E-06
 4.8090E+25  3.7532E-05  7.0520E+03  7.4643E-05  1.0865E-04  7.1845E-06
 4.8183E+25  3.7843E-05  7.0519E+03  7.4643E-05  1.0780E-04  7.1845E-06
 4.8275E+25  3.8175E-05  7.0518E+03  7.4643E-05  1.0696E-04  7.1845E-06
 4.8368E+25  3.8511E-05  7.0517E+03  7.4643E-05  1.0613E-04  7.1845E-06
 4.8461E+25  3.8486E-05  7.0516E+03  7.4643E-05  1.0531E-04  7.1845E-06
 4.8553E+25  3.8438E-05  7.0515E+03  7.4643E-05  1.0450E-04  7.1845E-06
 4.8646E+25  3.8780E-05  7.0514E+03  7.4643E-05  1.0373E-04  7.1845E-06
 4.8738E+25  3.9113E-05  7.0513E+03  7.4643E-05  1.0295E-04  7.1845E-06
 4.8831E+25  3.9449E-05  7.0512E+03  7.4643E-05  1.0218E-04  7.1845E-06
 4.8923E+25  3.9078E-05  7.0511E+03  7.4643E-05  1.0141E-04  7.1845E-06
 4.9016E+25  3.9383E-05  7.0510E+03  7.4643E-05  1.0064E-04  7.1845E-06
 4.9109E+25  3.9727E-05  7.0509E+03  7.4643E-05  9.9870E-05  7.1845E-06
 4.9201E+25  4.0064E-05  7.0508E+03  7.4643E-05  9.9107E-05  7.1845E-06
 4.9294E+25  4.0107E-05  7.0507E+03  7.4643E-05  9.8352E-05  7.1845E-06
 4.9386E+25  3.9988E-05  7.0507E+03  7.4643E-05  9.7608E-05  7.1845E-06
 4.9479E+25  4.0337E-05  7.0506E+03  7.4643E-05  9.6869E-05  7.1845E-06
 4.9571E+25  4.0682E-05  7.0505E+03  7.4643E-05  9.6151E-05  7.1845E-06
 4.9664E+25  4.1027E-05  7.0504E+03  7.4643E-05  9.5453E-05  7.1845E-06
 4.9757E+25  4.0754E-05  7.0503E+03  7.4643E-05  9.4757E-05  7.1845E-06
 4.9849E+25  4.0947E-05  7.0502E+03  7.4643E-05  9.4060E-05  7.1845E-06
 4.9942E+25  4.1302E-05  7.0501E+03  7.4643E-05  9.3365E-05  7.1845E-06
 5.0034E+25  4.1648E-05  7.0500E+03  7.4643E-05  9.2673E-05  7.1845E-06
 5.0127E+25  4.1860E-05  7.0499E+03  7.4643E-05  9.1983E-05  7.1845E-06
 5.0219E+25  4.1571E-05  7.0498E+03  7.4643E-05  9.1297E-05  7.1845E-06
 5.0312E+25  4.1918E-05  7.0498E+03  7.4643E-05  9.0617E-05  7.1845E-06
 5.0405E+25  4.2277E-05  7.0497E+03  7.4643E-05  8.9947E-05  7.1845E-06
 5.0497E+25  4.2626E-05  7.0496E+03  7.4643E-05  8.9280E-05  7.1845E-06
 5.0590E+25  4.2574E-05  7.0495E+03  7.4643E-05  8.8632E-05  7.1845E-06
 5.0682E+25  4.2546E-05  7.0494E+03  7.4643E-05  8.8004E-05  7.1845E-06
 5.0775E+25  4.2900E-05  7.0493E+03  7.4643E-05  8.7378E-05  7.1845E-06
 5.0867E+25  4.3263E-05  7.0492E+03  7.4643E-05  8.6751E-05  7.1845E-06
 5.0960E+25  4.3614E-05  7.0492E+03  7.4643E-05  8.6124E-05  7.1845E-06
 5.1053E+25  4.3321E-05  7.0491E+03  7.4643E-05  8.5501E-05  7.1845E-06
 5.1145E+25  4.3533E-05  7.0490E+03  7.4643E-05  8.4881E-05  7.1845E-06
 5.1238E+25  4.3894E-05  7.0489E+03  7.4643E-05  8.4262E-05  7.1845E-06
 5.1330E+25  4.4260E-05  7.0488E+03  7.4643E-05  8.3648E-05  7.1845E-06
 5.1423E+25  4.4537E-05  7.0488E+03  7.4643E-05  8.3043E-05  7.1845E-06
 5.1515E+25  4.4177E-05  7.0487E+03  7.4643E-05  8.2441E-05  7.1845E-06
 5.1608E+25  4.4532E-05  7.0486E+03  7.4643E-05  8.1849E-05  7.1845E-06
 5.1701E+25  4.4898E-05  7.0485E+03  7.4643E-05  8.1281E-05  7.1845E-06
 5.1793E+25  4.5268E-05  7.0485E+03  7.4643E-05  8.0717E-05  7.1845E-06
 5.1886E+25  4.5354E-05  7.0484E+03  7.4643E-05  8.0153E-05  7.1845E-06
 5.1978E+25  4.5184E-05  7.0483E+03  7.4643E-05  7.9589E-05  7.1845E-06
 5.2071E+25  4.5542E-05  7.0482E+03  7.4643E-05  7.9027E-05  7.1845E-06
 5.2163E+25  4.5914E-05  7.0482E+03  7.4643E-05  7.8468E-05  7.1845E-06
 5.2256E+25  4.6289E-05  7.0481E+03  7.4643E-05  7.7911E-05  7.1845E-06
 5.2349E+25  4.6207E-05  7.0480E+03  7.4643E-05  7.7355E-05  7.1845E-06
 5.2441E+25  4.6202E-05  7.0479E+03  7.4643E-05  7.6806E-05  7.1845E-06
 5.2534E+25  4.6566E-05  7.0479E+03  7.4643E-05  7.6263E-05  7.1845E-06
 5.2626E+25  4.6941E-05  7.0478E+03  7.4643E-05  7.5721E-05  7.1845E-06
 5.2719E+25  4.7321E-05  7.0477E+03  7.4643E-05  7.5197E-05  7.1845E-06
 5.2811E+25  4.7096E-05  7.0476E+03  7.4643E-05  7.4688E-05  7.1845E-06
 5.2904E+25  4.7234E-05  7.0476E+03  7.4643E-05  7.4182E-05  7.1845E-06
 5.2997E+25  4.7602E-05  7.0475E+03  7.4643E-05  7.3676E-05  7.1845E-06
 5.3089E+25  4.7980E-05  7.0474E+03  7.4643E-05  7.3169E-05  7.1845E-06
 5.3182E+25  4.8364E-05  7.0474E+03  7.4643E-05  7.2664E-05  7.1845E-06
 5.3274E+25  4.8025E-05  7.0473E+03  7.4643E-05  7.2161E-05  7.1845E-06
 5.3367E+25  4.8277E-05  7.0472E+03  7.4643E-05  7.1660E-05  7.1845E-06
 5.3459E+25  4.8652E-05  7.0472E+03  7.4643E-05  7.1161E-05  7.1845E-06
 5.3552E+25  4.9031E-05  7.0471E+03  7.4643E-05  7.0668E-05  7.1845E-06
 5.3645E+25  4.9412E-05  7.0470E+03  7.4643E-05  7.0179E-05  7.1845E-06
 5.3737E+25  4.9000E-05  7.0470E+03  7.4643E-05  6.9692E-05  7.1845E-06
 5.3830E+25  4.9334E-05  7.0469E+03  7.4643E-05  6.9220E-05  7.1845E-06
 5.3922E+25  4.9714E-05  7.0468E+03  7.4643E-05  6.8763E-05  7.1845E-06
 5.4015E+25  5.0095E-05  7.0468E+03  7.4643E-05  6.8307E-05  7.1845E-06
 5.4107E+25  5.0460E-05  7.0467E+03  7.4643E-05  6.7853E-05  7.1845E-06
 5.4200E+25  5.0028E-05  7.0466E+03  7.4643E-05  6.7397E-05  7.1845E-06
 5.4292E+25  5.0404E-05  7.0466E+03  7.4643E-05  6.6944E-05  7.1845E-06
 5.4385E+25  5.0790E-05  7.0465E+03  7.4643E-05  6.6492E-05  7.1845E-06
 5.4478E+25  5.1172E-05  7.0464E+03  7.4643E-05  6.6041E-05  7.1845E-06
 5.4570E+25  5.1518E-05  7.0464E+03  7.4643E-05  6.5592E-05  7.1845E-06
 5.4663E+25  5.1101E-05  7.0463E+03  7.4643E-05  6.5147E-05  7.1845E-06
 5.4755E+25  5.1486E-05  7.0463E+03  7.4643E-05  6.4706E-05  7.1845E-06
 5.4848E+25  5.1880E-05  7.0462E+03  7.4643E-05  6.4267E-05  7.1845E-06
 5.4940E+25  5.2265E-05  7.0461E+03  7.4643E-05  6.3836E-05  7.1845E-06
 5.5033E+25  5.2608E-05  7.0461E+03  7.4643E-05  6.3423E-05  7.1845E-06
 5.5126E+25  5.2198E-05  7.0460E+03  7.4643E-05  6.3013E-05  7.1845E-06
 5.5218E+25  5.2581E-05  7.0460E+03  7.4643E-05  6.2605E-05  7.1845E-06
 5.5311E+25  5.2983E-05  7.0459E+03  7.4643E-05  6.2196E-05  7.1845E-06
 5.5403E+25  5.3376E-05  7.0458E+03  7.4643E-05  6.1788E-05  7.1845E-06
 5.5496E+25  5.3735E-05  7.0458E+03  7.4643E-05  6.1381E-05  7.1845E-06
 5.5588E+25  5.3311E-05  7.0457E+03  7.4643E-05  6.0977E-05  7.1845E-06
 5.5681E+25  5.3695E-05  7.0457E+03  7.4643E-05  6.0572E-05  7.1845E-06
 5.5774E+25  5.4100E-05  7.0456E+03  7.4643E-05  6.0169E-05  7.1845E-06
 5.5866E+25  5.4501E-05  7.0455E+03  7.4643E-05  5.9772E-05  7.1845E-06
 5.5959E+25  5.4880E-05  7.0455E+03  7.4643E-05  5.9376E-05  7.1845E-06
 5.6051E+25  5.4461E-05  7.0454E+03  7.4643E-05  5.8982E-05  7.1845E-06
 5.6144E+25  5.4827E-05  7.0454E+03  7.4643E-05  5.8601E-05  7.1845E-06
 5.6236E+25  5.5230E-05  7.0453E+03  7.4643E-05  5.8231E-05  7.1845E-06
 5.6329E+25  5.5639E-05  7.0453E+03  7.4643E-05  5.7863E-05  7.1845E-06
 5.6422E+25  5.6035E-05  7.0452E+03  7.4643E-05  5.7497E-05  7.1845E-06
 5.6514E+25  5.5666E-05  7.0452E+03  7.4643E-05  5.7130E-05  7.1845E-06
 5.6607E+25  5.5976E-05  7.0451E+03  7.4643E-05  5.6764E-05  7.1845E-06
 5.6699E+25  5.6373E-05  7.0451E+03  7.4643E-05  5.6399E-05  7.1845E-06
 5.6792E+25  5.6792E-05  7.0450E+03  7.4643E-05  5.6035E-05  7.1845E-06
 5.6884E+25  5.7201E-05  7.0449E+03  7.4643E-05  5.5673E-05  7.1845E-06
 5.6977E+25  5.6923E-05  7.0449E+03  7.4643E-05  5.5311E-05  7.1845E-06
 5.7070E+25  5.7135E-05  7.0448E+03  7.4643E-05  5.4953E-05  7.1845E-06
 5.7162E+25  5.7541E-05  7.0448E+03  7.4643E-05  5.4598E-05  7.1845E-06
 5.7255E+25  5.7959E-05  7.0447E+03  7.4643E-05  5.4244E-05  7.1845E-06
 5.7347E+25  5.8377E-05  7.0447E+03  7.4643E-05  5.3900E-05  7.1845E-06
 5.7440E+25  5.8235E-05  7.0446E+03  7.4643E-05  5.3568E-05  7.1845E-06
 5.7532E+25  5.8308E-05  7.0446E+03  7.4643E-05  5.3238E-05  7.1845E-06
 5.7625E+25  5.8728E-05  7.0445E+03  7.4643E-05  5.2910E-05  7.1845E-06
 5.7718E+25  5.9138E-05  7.0445E+03  7.4643E-05  5.2581E-05  7.1845E-06
 5.7810E+25  5.9568E-05  7.0444E+03  7.4643E-05  5.2251E-05  7.1845E-06
 5.7903E+25  5.9601E-05  7.0444E+03  7.4643E-05  5.1924E-05  7.1845E-06
 5.7995E+25  5.9496E-05  7.0443E+03  7.4643E-05  5.1597E-05  7.1845E-06
 5.8088E+25  5.9927E-05  7.0443E+03  7.4643E-05  5.1271E-05  7.1845E-06
 5.8180E+25  6.0343E-05  7.0442E+03  7.4643E-05  5.0946E-05  7.1845E-06
 5.8273E+25  6.0773E-05  7.0442E+03  7.4643E-05  5.0624E-05  7.1845E-06
 5.8366E+25  6.1012E-05  7.0441E+03  7.4643E-05  5.0304E-05  7.1845E-06
 5.8458E+25  6.0708E-05  7.0441E+03  7.4643E-05  4.9986E-05  7.1845E-06
 5.8551E+25  6.1138E-05  7.0440E+03  7.4643E-05  4.9671E-05  7.1845E-06
 5.8643E+25  6.1572E-05  7.0440E+03  7.4643E-05  4.9371E-05  7.1845E-06
 5.8736E+25  6.1990E-05  7.0439E+03  7.4643E-05  4.9073E-05  7.1845E-06
 5.8828E+25  6.2417E-05  7.0439E+03  7.4643E-05  4.8779E-05  7.1845E-06
 5.8921E+25  6.1998E-05  7.0438E+03  7.4643E-05  4.8484E-05  7.1845E-06
 5.9014E+25  6.2367E-05  7.0438E+03  7.4643E-05  4.8189E-05  7.1845E-06
 5.9106E+25  6.2808E-05  7.0437E+03  7.4643E-05  4.7894E-05  7.1845E-06
 5.9199E+25  6.3239E-05  7.0437E+03  7.4643E-05  4.7600E-05  7.1845E-06
 5.9291E+25  6.3675E-05  7.0436E+03  7.4643E-05  4.7308E-05  7.1845E-06
 5.9384E+25  6.3493E-05  7.0436E+03  7.4643E-05  4.7016E-05  7.1845E-06
 5.9476E+25  6.3625E-05  7.0435E+03  7.4643E-05  4.6724E-05  7.1845E-06
 5.9569E+25  6.4061E-05  7.0435E+03  7.4643E-05  4.6436E-05  7.1845E-06
 5.9662E+25  6.4508E-05  7.0434E+03  7.4643E-05  4.6149E-05  7.1845E-06
 5.9754E+25  6.4938E-05  7.0434E+03  7.4643E-05  4.5863E-05  7.1845E-06
 5.9847E+25  6.5050E-05  7.0434E+03  7.4643E-05  4.5583E-05  7.1845E-06
 5.9939E+25  6.4904E-05  7.0433E+03  7.4643E-05  4.5315E-05  7.1845E-06
 6.0032E+25  6.5337E-05  7.0433E+03  7.4643E-05  4.5049E-05  7.1845E-06
 6.0124E+25  6.5785E-05  7.0432E+03  7.4643E-05  4.4785E-05  7.1845E-06
 6.0217E+25  6.6236E-05  7.0432E+03  7.4643E-05  4.4520E-05  7.1845E-06
 6.0310E+25  6.6635E-05  7.0431E+03  7.4643E-05  4.4256E-05  7.1845E-06
 6.0402E+25  6.6214E-05  7.0431E+03  7.4643E-05  4.3991E-05  7.1845E-06
 6.0495E+25  6.6644E-05  7.0430E+03  7.4643E-05  4.3728E-05  7.1845E-06
 6.0587E+25  6.7083E-05  7.0430E+03  7.4643E-05  4.3466E-05  7.1845E-06
 6.0680E+25  6.7540E-05  7.0429E+03  7.4643E-05  4.3204E-05  7.1845E-06
 6.0772E+25  6.7991E-05  7.0429E+03  7.4643E-05  4.2943E-05  7.1845E-06
 6.0865E+25  6.7833E-05  7.0429E+03  7.4643E-05  4.2684E-05  7.1845E-06
 6.0958E+25  6.7966E-05  7.0428E+03  7.4643E-05  4.2426E-05  7.1845E-06
 6.1050E+25  6.8415E-05  7.0428E+03  7.4643E-05  4.2169E-05  7.1845E-06
 6.1143E+25  6.8863E-05  7.0427E+03  7.4643E-05  4.1916E-05  7.1845E-06
 6.1235E+25  6.9328E-05  7.0427E+03  7.4643E-05  4.1675E-05  7.1845E-06
 6.1328E+25  6.9543E-05  7.0426E+03  7.4643E-05  4.1435E-05  7.1845E-06
 6.1420E+25  6.9307E-05  7.0426E+03  7.4643E-05  4.1199E-05  7.1845E-06
 6.1513E+25  6.9764E-05  7.0426E+03  7.4643E-05  4.0962E-05  7.1845E-06
 6.1606E+25  7.0220E-05  7.0425E+03  7.4643E-05  4.0724E-05  7.1845E-06
 6.1698E+25  7.0677E-05  7.0425E+03  7.4643E-05  4.0487E-05  7.1845E-06
 6.1791E+25  7.1146E-05  7.0424E+03  7.4643E-05  4.0251E-05  7.1845E-06
 6.1883E+25  7.0835E-05  7.0424E+03  7.4643E-05  4.0016E-05  7.1845E-06
 6.1976E+25  7.1136E-05  7.0424E+03  7.4643E-05  3.9781E-05  7.1845E-06
 6.2068E+25  7.1598E-05  7.0423E+03  7.4643E-05  3.9546E-05  7.1845E-06
 6.2161E+25  7.2059E-05  7.0423E+03  7.4643E-05  3.9313E-05  7.1845E-06
 6.2254E+25  7.2525E-05  7.0422E+03  7.4643E-05  3.9081E-05  7.1845E-06
 6.2346E+25  7.2663E-05  7.0422E+03  7.4643E-05  3.8850E-05  7.1845E-06
 6.2439E+25  7.2522E-05  7.0421E+03  7.4643E-05  3.8620E-05  7.1845E-06
 6.2531E+25  7.2999E-05  7.0421E+03  7.4643E-05  3.8399E-05  7.1845E-06
 6.2624E+25  7.3467E-05  7.0421E+03  7.4643E-05  3.8183E-05  7.1845E-06
 6.2716E+25  7.3935E-05  7.0420E+03  7.4643E-05  3.7969E-05  7.1845E-06
 6.2809E+25  7.4401E-05  7.0420E+03  7.4643E-05  3.7758E-05  7.1845E-06
 6.2902E+25  7.4078E-05  7.0420E+03  7.4643E-05  3.7545E-05  7.1845E-06
 6.2994E+25  7.4414E-05  7.0419E+03  7.4643E-05  3.7332E-05  7.1845E-06
 6.3087E+25  7.4898E-05  7.0419E+03  7.4643E-05  3.7120E-05  7.1845E-06
 6.3179E+25  7.5373E-05  7.0418E+03  7.4643E-05  3.6909E-05  7.1845E-06
 6.3272E+25  7.5847E-05  7.0418E+03  7.4643E-05  3.6698E-05  7.1845E-06
 6.3364E+25  7.5991E-05  7.0418E+03  7.4643E-05  3.6488E-05  7.1845E-06
 6.3457E+25  7.5877E-05  7.0417E+03  7.4643E-05  3.6277E-05  7.1845E-06
 6.3550E+25  7.6343E-05  7.0417E+03  7.4643E-05  3.6068E-05  7.1845E-06
 6.3642E+25  7.6834E-05  7.0416E+03  7.4643E-05  3.5861E-05  7.1845E-06
 6.3735E+25  7.7315E-05  7.0416E+03  7.4643E-05  3.5653E-05  7.1845E-06
 6.3827E+25  7.7793E-05  7.0416E+03  7.4643E-05  3.5447E-05  7.1845E-06
 6.3920E+25  7.7525E-05  7.0415E+03  7.4643E-05  3.5249E-05  7.1845E-06
 6.4012E+25  7.7837E-05  7.0415E+03  7.4643E-05  3.5056E-05  7.1845E-06
 6.4105E+25  7.8311E-05  7.0414E+03  7.4643E-05  3.4864E-05  7.1845E-06
 6.4198E+25  7.8809E-05  7.0414E+03  7.4643E-05  3.4675E-05  7.1845E-06
 6.4290E+25  7.9296E-05  7.0414E+03  7.4643E-05  3.4485E-05  7.1845E-06
 6.4383E+25  7.9560E-05  7.0413E+03  7.4643E-05  3.4294E-05  7.1845E-06
 6.4475E+25  7.9342E-05  7.0413E+03  7.4643E-05  3.4104E-05  7.1845E-06
 6.4568E+25  7.9837E-05  7.0412E+03  7.4643E-05  3.3915E-05  7.1845E-06
 6.4660E+25  8.0317E-05  7.0412E+03  7.4643E-05  3.3726E-05  7.1845E-06
 6.4753E+25  8.0822E-05  7.0412E+03  7.4643E-05  3.3537E-05  7.1845E-06
 6.4846E+25  8.1315E-05  7.0411E+03  7.4643E-05  3.3348E-05  7.1845E-06
 6.4938E+25  8.1218E-05  7.0411E+03  7.4643E-05  3.3161E-05  7.1845E-06
 6.5031E+25  8.1376E-05  7.0411E+03  7.4643E-05  3.2974E-05  7.1845E-06
 6.5123E+25  8.1878E-05  7.0410E+03  7.4643E-05  3.2788E-05  7.1845E-06
 6.5216E+25  8.2365E-05  7.0410E+03  7.4643E-05  3.2603E-05  7.1845E-06
 6.5308E+25  8.2876E-05  7.0409E+03  7.4643E-05  3.2421E-05  7.1845E-06
 6.5401E+25  8.3338E-05  7.0409E+03  7.4643E-05  3.2247E-05  7.1845E-06
 6.5494E+25  8.2982E-05  7.0409E+03  7.4643E-05  3.2075E-05  7.1845E-06
 6.5586E+25  8.3452E-05  7.0408E+03  7.4643E-05  3.1905E-05  7.1845E-06
 6.5679E+25  8.3960E-05  7.0408E+03  7.4643E-05  3.1735E-05  7.1845E-06
 6.5771E+25  8.4454E-05  7.0407E+03  7.4643E-05  3.1565E-05  7.1845E-06
 6.5864E+25  8.4972E-05  7.0407E+03  7.4643E-05  3.1394E-05  7.1845E-06
 6.5956E+25  8.5145E-05  7.0407E+03  7.4643E-05  3.1224E-05  7.1845E-06
 6.6049E+25  8.5073E-05  7.0407E+03  7.4643E-05  3.1055E-05  7.1845E-06
 6.6142E+25  8.5572E-05  7.0406E+03  7.4643E-05  3.0886E-05  7.1845E-06
 6.6234E+25  8.6084E-05  7.0406E+03  7.4643E-05  3.0717E-05  7.1845E-06
 6.6327E+25  8.6587E-05  7.0405E+03  7.4643E-05  3.0548E-05  7.1845E-06
 6.6419E+25  8.7108E-05  7.0405E+03  7.4643E-05  3.0381E-05  7.1845E-06
 6.6512E+25  8.7001E-05  7.0405E+03  7.4643E-05  3.0213E-05  7.1845E-06
 6.6604E+25  8.7231E-05  7.0404E+03  7.4643E-05  3.0047E-05  7.1845E-06
 6.6697E+25  8.7736E-05  7.0404E+03  7.4643E-05  2.9880E-05  7.1845E-06
 6.6789E+25  8.8253E-05  7.0403E+03  7.4643E-05  2.9720E-05  7.1845E-06
 6.6882E+25  8.8766E-05  7.0403E+03  7.4643E-05  2.9564E-05  7.1845E-06
 6.6975E+25  8.9262E-05  7.0403E+03  7.4643E-05  2.9409E-05  7.1845E-06
 6.7067E+25  8.8956E-05  7.0402E+03  7.4643E-05  2.9258E-05  7.1845E-06
 6.7160E+25  8.9431E-05  7.0402E+03  7.4643E-05  2.9106E-05  7.1845E-06
 6.7252E+25  8.9948E-05  7.0402E+03  7.4643E-05  2.8953E-05  7.1845E-06
 6.7345E+25  9.0467E-05  7.0401E+03  7.4643E-05  2.8801E-05  7.1845E-06
 6.7437E+25  9.0991E-05  7.0401E+03  7.4643E-05  2.8649E-05  7.1845E-06
 6.7530E+25  9.1291E-05  7.0401E+03  7.4643E-05  2.8497E-05  7.1845E-06
 6.7623E+25  9.1155E-05  7.0400E+03  7.4643E-05  2.8346E-05  7.1845E-06
 6.7715E+25  9.1677E-05  7.0400E+03  7.4643E-05  2.8195E-05  7.1845E-06
 6.7808E+25  9.2208E-05  7.0399E+03  7.4643E-05  2.8044E-05  7.1845E-06
 6.7900E+25  9.2729E-05  7.0399E+03  7.4643E-05  2.7893E-05  7.1845E-06
 6.7993E+25  9.3262E-05  7.0399E+03  7.4643E-05  2.7744E-05  7.1845E-06
 6.8085E+25  9.3349E-05  7.0398E+03  7.4643E-05  2.7594E-05  7.1845E-06
 6.8178E+25  9.3444E-05  7.0398E+03  7.4643E-05  2.7445E-05  7.1845E-06
 6.8271E+25  9.3973E-05  7.0398E+03  7.4643E-05  2.7299E-05  7.1845E-06
 6.8363E+25  9.4514E-05  7.0397E+03  7.4643E-05  2.7159E-05  7.1845E-06
 6.8456E+25  9.5041E-05  7.0397E+03  7.4643E-05  2.7020E-05  7.1845E-06
 6.8548E+25  9.5576E-05  7.0397E+03  7.4643E-05  2.6883E-05  7.1845E-06
 6.8641E+25  9.5489E-05  7.0396E+03  7.4643E-05  2.6748E-05  7.1845E-06
 6.8733E+25  9.5781E-05  7.0396E+03  7.4643E-05  2.6612E-05  7.1845E-06
 6.8826E+25  9.6322E-05  7.0395E+03  7.4643E-05  2.6475E-05  7.1845E-06
 6.8919E+25  9.6866E-05  7.0395E+03  7.4643E-05  2.6339E-05  7.1845E-06
 6.9011E+25  9.7406E-05  7.0395E+03  7.4643E-05  2.6203E-05  7.1845E-06
 6.9104E+25  9.7929E-05  7.0395E+03  7.4643E-05  2.6068E-05  7.1845E-06
 6.9196E+25  9.7717E-05  7.0394E+03  7.4643E-05  2.5933E-05  7.1845E-06
 6.9289E+25  9.8167E-05  7.0394E+03  7.4643E-05  2.5797E-05  7.1845E-06
 6.9381E+25  9.8721E-05  7.0393E+03  7.4643E-05  2.5662E-05  7.1845E-06
 6.9474E+25  9.9267E-05  7.0393E+03  7.4643E-05  2.5528E-05  7.1845E-06
 6.9567E+25  9.9821E-05  7.0393E+03  7.4643E-05  2.5394E-05  7.1845E-06
 6.9659E+25  1.0029E-04  7.0392E+03  7.4643E-05  2.5260E-05  7.1845E-06
 6.9752E+25  1.0007E-04  7.0392E+03  7.4643E-05  2.5127E-05  7.1845E-06
 6.9844E+25  1.0061E-04  7.0392E+03  7.4643E-05  2.4998E-05  7.1845E-06
 6.9937E+25  1.0117E-04  7.0391E+03  7.4643E-05  2.4873E-05  7.1845E-06
 7.0029E+25  1.0172E-04  7.0391E+03  7.4643E-05  2.4749E-05  7.1845E-06
 7.0122E+25  1.0229E-04  7.0390E+03  7.4643E-05  2.4627E-05  7.1845E-06
 7.0215E+25  1.0265E-04  7.0390E+03  7.4643E-05  2.4506E-05  7.1845E-06
 7.0307E+25  1.0256E-04  7.0390E+03  7.4643E-05  2.4384E-05  7.1845E-06
 7.0400E+25  1.0311E-04  7.0389E+03  7.4643E-05  2.4262E-05  7.1845E-06
 7.0492E+25  1.0367E-04  7.0389E+03  7.4643E-05  2.4140E-05  7.1845E-06
 7.0585E+25  1.0424E-04  7.0388E+03  7.4643E-05  2.4019E-05  7.1845E-06
 7.0677E+25  1.0480E-04  7.0388E+03  7.4643E-05  2.3898E-05  7.1845E-06
 7.0770E+25  1.0508E-04  7.0388E+03  7.4643E-05  2.3777E-05  7.1845E-06
 7.0863E+25  1.0511E-04  7.0388E+03  7.4643E-05  2.3656E-05  7.1845E-06
 7.0955E+25  1.0567E-04  7.0387E+03  7.4643E-05  2.3535E-05  7.1845E-06
 7.1048E+25  1.0622E-04  7.0387E+03  7.4643E-05  2.3414E-05  7.1845E-06
 7.1140E+25  1.0680E-04  7.0386E+03  7.4643E-05  2.3295E-05  7.1845E-06
 7.1233E+25  1.0737E-04  7.0386E+03  7.4643E-05  2.3175E-05  7.1845E-06
 7.1325E+25  1.0758E-04  7.0386E+03  7.4643E-05  2.3055E-05  7.1845E-06
 7.1418E+25  1.0772E-04  7.0386E+03  7.4643E-05  2.2939E-05  7.1845E-06
 7.1511E+25  1.0828E-04  7.0385E+03  7.4643E-05  2.2827E-05  7.1845E-06
 7.1603E+25  1.0884E-04  7.0385E+03  7.4643E-05  2.2715E-05  7.1845E-06
 7.1696E+25  1.0942E-04  7.0384E+03  7.4643E-05  2.2606E-05  7.1845E-06
 7.1788E+25  1.1000E-04  7.0384E+03  7.4643E-05  2.2498E-05  7.1845E-06
 7.1881E+25  1.1016E-04  7.0384E+03  7.4643E-05  2.2389E-05  7.1845E-06
 7.1973E+25  1.1038E-04  7.0383E+03  7.4643E-05  2.2280E-05  7.1845E-06
 7.2066E+25  1.1095E-04  7.0383E+03  7.4643E-05  2.2171E-05  7.1845E-06
 7.2159E+25  1.1152E-04  7.0382E+03  7.4643E-05  2.2062E-05  7.1845E-06
 7.2251E+25  1.1210E-04  7.0382E+03  7.4643E-05  2.1954E-05  7.1845E-06
 7.2344E+25  1.1268E-04  7.0382E+03  7.4643E-05  2.1846E-05  7.1845E-06
 7.2436E+25  1.1282E-04  7.0382E+03  7.4643E-05  2.1738E-05  7.1845E-06
 7.2529E+25  1.1311E-04  7.0381E+03  7.4643E-05  2.1629E-05  7.1845E-06
 7.2621E+25  1.1369E-04  7.0381E+03  7.4643E-05  2.1521E-05  7.1845E-06
 7.2714E+25  1.1426E-04  7.0380E+03  7.4643E-05  2.1414E-05  7.1845E-06
 7.2807E+25  1.1484E-04  7.0380E+03  7.4643E-05  2.1307E-05  7.1845E-06
 7.2899E+25  1.1543E-04  7.0380E+03  7.4643E-05  2.1199E-05  7.1845E-06
 7.2992E+25  1.1556E-04  7.0379E+03  7.4643E-05  2.1093E-05  7.1845E-06
 7.3084E+25  1.1589E-04  7.0379E+03  7.4643E-05  2.0990E-05  7.1845E-06
 7.3177E+25  1.1648E-04  7.0378E+03  7.4643E-05  2.0890E-05  7.1845E-06
 7.3269E+25  1.1707E-04  7.0378E+03  7.4643E-05  2.0791E-05  7.1845E-06
 7.3362E+25  1.1765E-04  7.0378E+03  7.4643E-05  2.0694E-05  7.1845E-06
 7.3455E+25  1.1823E-04  7.0377E+03  7.4643E-05  2.0597E-05  7.1845E-06
 7.3547E+25  1.1838E-04  7.0377E+03  7.4643E-05  2.0500E-05  7.1845E-06
 7.3640E+25  1.1873E-04  7.0377E+03  7.4643E-05  2.0402E-05  7.1845E-06
 7.3732E+25  1.1934E-04  7.0376E+03  7.4643E-05  2.0305E-05  7.1845E-06
 7.3825E+25  1.1993E-04  7.0376E+03  7.4643E-05  2.0208E-05  7.1845E-06
 7.3917E+25  1.2052E-04  7.0375E+03  7.4643E-05  2.0111E-05  7.1845E-06
 7.4010E+25  1.2111E-04  7.0375E+03  7.4643E-05  2.0014E-05  7.1845E-06
 7.4103E+25  1.2127E-04  7.0375E+03  7.4643E-05  1.9918E-05  7.1845E-06
 7.4195E+25  1.2164E-04  7.0374E+03  7.4643E-05  1.9821E-05  7.1845E-06
 7.4288E+25  1.2225E-04  7.0374E+03  7.4643E-05  1.9724E-05  7.1845E-06
 7.4380E+25  1.2286E-04  7.0373E+03  7.4643E-05  1.9628E-05  7.1845E-06
 7.4473E+25  1.2346E-04  7.0373E+03  7.4643E-05  1.9532E-05  7.1845E-06
 7.4565E+25  1.2405E-04  7.0373E+03  7.4643E-05  1.9436E-05  7.1845E-06
 7.4658E+25  1.2425E-04  7.0373E+03  7.4643E-05  1.9340E-05  7.1845E-06
 7.4751E+25  1.2462E-04  7.0372E+03  7.4643E-05  1.9248E-05  7.1845E-06
 7.4843E+25  1.2523E-04  7.0372E+03  7.4643E-05  1.9159E-05  7.1845E-06
 7.4936E+25  1.2585E-04  7.0371E+03  7.4643E-05  1.9069E-05  7.1845E-06
 7.5028E+25  1.2646E-04  7.0371E+03  7.4643E-05  1.8982E-05  7.1845E-06
 7.5121E+25  1.2707E-04  7.0370E+03  7.4643E-05  1.8896E-05  7.1845E-06
 7.5213E+25  1.2731E-04  7.0370E+03  7.4643E-05  1.8809E-05  7.1845E-06
 7.5306E+25  1.2766E-04  7.0370E+03  7.4643E-05  1.8722E-05  7.1845E-06
 7.5399E+25  1.2828E-04  7.0369E+03  7.4643E-05  1.8635E-05  7.1845E-06
 7.5491E+25  1.2889E-04  7.0369E+03  7.4643E-05  1.8548E-05  7.1845E-06
 7.5584E+25  1.2952E-04  7.0368E+03  7.4643E-05  1.8462E-05  7.1845E-06
 7.5676E+25  1.3014E-04  7.0368E+03  7.4643E-05  1.8375E-05  7.1845E-06
 7.5769E+25  1.3046E-04  7.0368E+03  7.4643E-05  1.8289E-05  7.1845E-06
 7.5861E+25  1.3078E-04  7.0367E+03  7.4643E-05  1.8202E-05  7.1845E-06
 7.5954E+25  1.3140E-04  7.0367E+03  7.4643E-05  1.8116E-05  7.1845E-06
 7.6047E+25  1.3202E-04  7.0366E+03  7.4643E-05  1.8030E-05  7.1845E-06
 7.6139E+25  1.3265E-04  7.0366E+03  7.4643E-05  1.7944E-05  7.1845E-06
 7.6232E+25  1.3328E-04  7.0365E+03  7.4643E-05  1.7858E-05  7.1845E-06
 7.6324E+25  1.3368E-04  7.0365E+03  7.4643E-05  1.7772E-05  7.1845E-06
 7.6417E+25  1.3398E-04  7.0365E+03  7.4643E-05  1.7687E-05  7.1845E-06
 7.6509E+25  1.3459E-04  7.0364E+03  7.4643E-05  1.7606E-05  7.1845E-06
 7.6602E+25  1.3522E-04  7.0364E+03  7.4643E-05  1.7526E-05  7.1845E-06
 7.6695E+25  1.3584E-04  7.0363E+03  7.4643E-05  1.7446E-05  7.1845E-06
 7.6787E+25  1.3648E-04  7.0363E+03  7.4643E-05  1.7368E-05  7.1845E-06
 7.6880E+25  1.3696E-04  7.0363E+03  7.4643E-05  1.7292E-05  7.1845E-06
 7.6972E+25  1.3725E-04  7.0363E+03  7.4643E-05  1.7214E-05  7.1845E-06
 7.7065E+25  1.3786E-04  7.0362E+03  7.4643E-05  1.7136E-05  7.1845E-06
 7.7157E+25  1.3849E-04  7.0361E+03  7.4643E-05  1.7059E-05  7.1845E-06
 7.7250E+25  1.3912E-04  7.0361E+03  7.4643E-05  1.6981E-05  7.1845E-06
 7.7343E+25  1.3975E-04  7.0361E+03  7.4643E-05  1.6904E-05  7.1845E-06
 7.7435E+25  1.4031E-04  7.0360E+03  7.4643E-05  1.6827E-05  7.1845E-06
 7.7528E+25  1.4058E-04  7.0360E+03  7.4643E-05  1.6750E-05  7.1845E-06
 7.7620E+25  1.4121E-04  7.0360E+03  7.4643E-05  1.6672E-05  7.1845E-06
 7.7713E+25  1.4184E-04  7.0359E+03  7.4643E-05  1.6595E-05  7.1845E-06
 7.7805E+25  1.4247E-04  7.0358E+03  7.4643E-05  1.6518E-05  7.1845E-06
 7.7898E+25  1.4311E-04  7.0358E+03  7.4643E-05  1.6441E-05  7.1845E-06
 7.7991E+25  1.4371E-04  7.0358E+03  7.4643E-05  1.6365E-05  7.1845E-06
 7.8083E+25  1.4399E-04  7.0357E+03  7.4643E-05  1.6288E-05  7.1845E-06
 7.8176E+25  1.4463E-04  7.0357E+03  7.4643E-05  1.6212E-05  7.1845E-06
 7.8268E+25  1.4527E-04  7.0356E+03  7.4643E-05  1.6138E-05  7.1845E-06
 7.8361E+25  1.4590E-04  7.0356E+03  7.4643E-05  1.6066E-05  7.1845E-06
 7.8453E+25  1.4653E-04  7.0355E+03  7.4643E-05  1.5995E-05  7.1845E-06
 7.8546E+25  1.4717E-04  7.0355E+03  7.4643E-05  1.5925E-05  7.1845E-06
 7.8638E+25  1.4749E-04  7.0355E+03  7.4643E-05  1.5857E-05  7.1845E-06
 7.8731E+25  1.4811E-04  7.0354E+03  7.4643E-05  1.5787E-05  7.1845E-06
 7.8824E+25  1.4876E-04  7.0354E+03  7.4643E-05  1.5718E-05  7.1845E-06
 7.8916E+25  1.4941E-04  7.0353E+03  7.4643E-05  1.5649E-05  7.1845E-06
 7.9009E+25  1.5004E-04  7.0353E+03  7.4643E-05  1.5580E-05  7.1845E-06
 7.9101E+25  1.5068E-04  7.0352E+03  7.4643E-05  1.5511E-05  7.1845E-06
 7.9194E+25  1.5110E-04  7.0352E+03  7.4643E-05  1.5442E-05  7.1845E-06
 7.9286E+25  1.5165E-04  7.0352E+03  7.4643E-05  1.5373E-05  7.1845E-06
 7.9379E+25  1.5232E-04  7.0351E+03  7.4643E-05  1.5304E-05  7.1845E-06
 7.9472E+25  1.5298E-04  7.0350E+03  7.4643E-05  1.5235E-05  7.1845E-06
 7.9564E+25  1.5363E-04  7.0350E+03  7.4643E-05  1.5166E-05  7.1845E-06
 7.9657E+25  1.5427E-04  7.0350E+03  7.4643E-05  1.5097E-05  7.1845E-06
 7.9749E+25  1.5477E-04  7.0350E+03  7.4643E-05  1.5029E-05  7.1845E-06
 7.9842E+25  1.5529E-04  7.0349E+03  7.4643E-05  1.4960E-05  7.1845E-06
 7.9934E+25  1.5594E-04  7.0348E+03  7.4643E-05  1.4892E-05  7.1845E-06
 8.0027E+25  1.5662E-04  7.0348E+03  7.4643E-05  1.4824E-05  7.1845E-06
 8.0120E+25  1.5729E-04  7.0347E+03  7.4643E-05  1.4759E-05  7.1845E-06
 8.0212E+25  1.5794E-04  7.0347E+03  7.4643E-05  1.4695E-05  7.1845E-06
 8.0305E+25  1.5852E-04  7.0347E+03  7.4643E-05  1.4631E-05  7.1845E-06
 8.0397E+25  1.5901E-04  7.0346E+03  7.4643E-05  1.4569E-05  7.1845E-06
 8.0490E+25  1.5967E-04  7.0346E+03  7.4643E-05  1.4508E-05  7.1845E-06
 8.0582E+25  1.6032E-04  7.0345E+03  7.4643E-05  1.4446E-05  7.1845E-06
 8.0675E+25  1.6101E-04  7.0344E+03  7.4643E-05  1.4384E-05  7.1845E-06
 8.0768E+25  1.6168E-04  7.0344E+03  7.4643E-05  1.4322E-05  7.1845E-06
 8.0860E+25  1.6232E-04  7.0344E+03  7.4643E-05  1.4261E-05  7.1845E-06
 8.0953E+25  1.6282E-04  7.0343E+03  7.4643E-05  1.4199E-05  7.1845E-06
 8.1045E+25  1.6347E-04  7.0343E+03  7.4643E-05  1.4137E-05  7.1845E-06
 8.1138E+25  1.6413E-04  7.0342E+03  7.4643E-05  1.4076E-05  7.1845E-06
 8.1230E+25  1.6479E-04  7.0341E+03  7.4643E-05  1.4014E-05  7.1845E-06
 8.1323E+25  1.6548E-04  7.0341E+03  7.4643E-05  1.3953E-05  7.1845E-06
 8.1416E+25  1.6616E-04  7.0341E+03  7.4643E-05  1.3891E-05  7.1845E-06
 8.1508E+25  1.6672E-04  7.0340E+03  7.4643E-05  1.3830E-05  7.1845E-06
 8.1601E+25  1.6736E-04  7.0340E+03  7.4643E-05  1.3769E-05  7.1845E-06
 8.1693E+25  1.6801E-04  7.0339E+03  7.4643E-05  1.3707E-05  7.1845E-06
 8.1786E+25  1.6868E-04  7.0339E+03  7.4643E-05  1.3646E-05  7.1845E-06
 8.1878E+25  1.6934E-04  7.0338E+03  7.4643E-05  1.3585E-05  7.1845E-06
 8.1971E+25  1.7003E-04  7.0337E+03  7.4643E-05  1.3526E-05  7.1845E-06
 8.2064E+25  1.7069E-04  7.0337E+03  7.4643E-05  1.3469E-05  7.1845E-06
 8.2156E+25  1.7132E-04  7.0337E+03  7.4643E-05  1.3412E-05  7.1845E-06
 8.2249E+25  1.7198E-04  7.0336E+03  7.4643E-05  1.3356E-05  7.1845E-06
 8.2341E+25  1.7265E-04  7.0336E+03  7.4643E-05  1.3301E-05  7.1845E-06
 8.2434E+25  1.7331E-04  7.0335E+03  7.4643E-05  1.3246E-05  7.1845E-06
 8.2526E+25  1.7397E-04  7.0334E+03  7.4643E-05  1.3191E-05  7.1845E-06
 8.2619E+25  1.7467E-04  7.0334E+03  7.4643E-05  1.3136E-05  7.1845E-06
 8.2712E+25  1.7536E-04  7.0334E+03  7.4643E-05  1.3081E-05  7.1845E-06
 8.2804E+25  1.7603E-04  7.0333E+03  7.4643E-05  1.3026E-05  7.1845E-06
 8.2897E+25  1.7669E-04  7.0332E+03  7.4643E-05  1.2971E-05  7.1845E-06
 8.2989E+25  1.7736E-04  7.0332E+03  7.4643E-05  1.2916E-05  7.1845E-06
 8.3082E+25  1.7802E-04  7.0331E+03  7.4643E-05  1.2861E-05  7.1845E-06
 8.3174E+25  1.7869E-04  7.0331E+03  7.4643E-05  1.2806E-05  7.1845E-06
 8.3267E+25  1.7943E-04  7.0331E+03  7.4643E-05  1.2751E-05  7.1845E-06
 8.3360E+25  1.8014E-04  7.0330E+03  7.4643E-05  1.2696E-05  7.1845E-06
 8.3452E+25  1.8082E-04  7.0329E+03  7.4643E-05  1.2642E-05  7.1845E-06
 8.3545E+25  1.8148E-04  7.0329E+03  7.4643E-05  1.2587E-05  7.1845E-06
 8.3637E+25  1.8216E-04  7.0328E+03  7.4643E-05  1.2532E-05  7.1845E-06
 8.3730E+25  1.8282E-04  7.0328E+03  7.4643E-05  1.2477E-05  7.1845E-06
 8.3822E+25  1.8355E-04  7.0327E+03  7.4643E-05  1.2423E-05  7.1845E-06
 8.3915E+25  1.8430E-04  7.0327E+03  7.4643E-05  1.2371E-05  7.1845E-06
 8.4008E+25  1.8500E-04  7.0326E+03  7.4643E-05  1.2320E-05  7.1845E-06
 8.4100E+25  1.8569E-04  7.0325E+03  7.4643E-05  1.2268E-05  7.1845E-06
 8.4193E+25  1.8635E-04  7.0325E+03  7.4643E-05  1.2218E-05  7.1845E-06
 8.4285E+25  1.8703E-04  7.0324E+03  7.4643E-05  1.2170E-05  7.1845E-06
 8.4378E+25  1.8773E-04  7.0324E+03  7.4643E-05  1.2121E-05  7.1845E-06
 8.4470E+25  1.8855E-04  7.0323E+03  7.4643E-05  1.2072E-05  7.1845E-06
 8.4563E+25  1.8924E-04  7.0323E+03  7.4643E-05  1.2023E-05  7.1845E-06
 8.4656E+25  1.8994E-04  7.0322E+03  7.4643E-05  1.1974E-05  7.1845E-06
 8.4748E+25  1.9064E-04  7.0321E+03  7.4643E-05  1.1925E-05  7.1845E-06
 8.4841E+25  1.9130E-04  7.0321E+03  7.4643E-05  1.1876E-05  7.1845E-06
 8.4933E+25  1.9199E-04  7.0320E+03  7.4643E-05  1.1827E-05  7.1845E-06
 8.5026E+25  1.9285E-04  7.0320E+03  7.4643E-05  1.1778E-05  7.1845E-06
 8.5118E+25  1.9357E-04  7.0319E+03  7.4643E-05  1.1729E-05  7.1845E-06
 8.5211E+25  1.9425E-04  7.0319E+03  7.4643E-05  1.1680E-05  7.1845E-06
 8.5304E+25  1.9495E-04  7.0318E+03  7.4643E-05  1.1631E-05  7.1845E-06
 8.5396E+25  1.9565E-04  7.0317E+03  7.4643E-05  1.1582E-05  7.1845E-06
 8.5489E+25  1.9633E-04  7.0317E+03  7.4643E-05  1.1533E-05  7.1845E-06
 8.5581E+25  1.9712E-04  7.0316E+03  7.4643E-05  1.1484E-05  7.1845E-06
 8.5674E+25  1.9801E-04  7.0316E+03  7.4643E-05  1.1435E-05  7.1845E-06
 8.5766E+25  1.9867E-04  7.0315E+03  7.4643E-05  1.1386E-05  7.1845E-06
 8.5859E+25  1.9933E-04  7.0314E+03  7.4643E-05  1.1339E-05  7.1845E-06
 8.5952E+25  2.0004E-04  7.0314E+03  7.4643E-05  1.1293E-05  7.1845E-06
 8.6044E+25  2.0074E-04  7.0313E+03  7.4643E-05  1.1247E-05  7.1845E-06
 8.6137E+25  2.0145E-04  7.0313E+03  7.4643E-05  1.1201E-05  7.1845E-06
 8.6229E+25  2.0243E-04  7.0312E+03  7.4643E-05  1.1158E-05  7.1845E-06
 8.6322E+25  2.0317E-04  7.0311E+03  7.4643E-05  1.1115E-05  7.1845E-06
 8.6414E+25  2.0384E-04  7.0311E+03  7.4643E-05  1.1071E-05  7.1845E-06
 8.6507E+25  2.0450E-04  7.0310E+03  7.4643E-05  1.1027E-05  7.1845E-06
 8.6600E+25  2.0518E-04  7.0309E+03  7.4643E-05  1.0983E-05  7.1845E-06
 8.6692E+25  2.0589E-04  7.0309E+03  7.4643E-05  1.0939E-05  7.1845E-06
 8.6785E+25  2.0680E-04  7.0308E+03  7.4643E-05  1.0896E-05  7.1845E-06
 8.6877E+25  2.0771E-04  7.0308E+03  7.4643E-05  1.0852E-05  7.1845E-06
 8.6970E+25  2.0839E-04  7.0307E+03  7.4643E-05  1.0808E-05  7.1845E-06
 8.7062E+25  2.0907E-04  7.0306E+03  7.4643E-05  1.0765E-05  7.1845E-06
 8.7155E+25  2.0974E-04  7.0306E+03  7.4643E-05  1.0721E-05  7.1845E-06
 8.7248E+25  2.1040E-04  7.0305E+03  7.4643E-05  1.0677E-05  7.1845E-06
 8.7340E+25  2.1114E-04  7.0305E+03  7.4643E-05  1.0634E-05  7.1845E-06
 8.7433E+25  2.1229E-04  7.0304E+03  7.4643E-05  1.0590E-05  7.1845E-06
 8.7525E+25  2.1301E-04  7.0303E+03  7.4643E-05  1.0546E-05  7.1845E-06
 8.7618E+25  2.1368E-04  7.0303E+03  7.4643E-05  1.0503E-05  7.1845E-06
 8.7710E+25  2.1437E-04  7.0302E+03  7.4643E-05  1.0459E-05  7.1845E-06
 8.7803E+25  2.1503E-04  7.0301E+03  7.4643E-05  1.0415E-05  7.1845E-06
 8.7896E+25  2.1570E-04  7.0301E+03  7.4643E-05  1.0373E-05  7.1845E-06
 8.7988E+25  2.1665E-04  7.0300E+03  7.4643E-05  1.0332E-05  7.1845E-06
 8.8081E+25  2.1767E-04  7.0299E+03  7.4643E-05  1.0291E-05  7.1845E-06
 8.8173E+25  2.1837E-04  7.0299E+03  7.4643E-05  1.0250E-05  7.1845E-06
 8.8266E+25  2.1902E-04  7.0298E+03  7.4643E-05  1.0211E-05  7.1845E-06
 8.8358E+25  2.1971E-04  7.0297E+03  7.4643E-05  1.0172E-05  7.1845E-06
 8.8451E+25  2.2038E-04  7.0297E+03  7.4643E-05  1.0134E-05  7.1845E-06
 8.8544E+25  2.2109E-04  7.0296E+03  7.4643E-05  1.0094E-05  7.1845E-06
 8.8636E+25  2.2228E-04  7.0296E+03  7.4643E-05  1.0055E-05  7.1845E-06
 8.8729E+25  2.2306E-04  7.0295E+03  7.4643E-05  1.0016E-05  7.1845E-06
 8.8821E+25  2.2376E-04  7.0294E+03  7.4643E-05  9.9775E-06  7.1845E-06
 8.8914E+25  2.2443E-04  7.0293E+03  7.4643E-05  9.9386E-06  7.1845E-06
 8.9006E+25  2.2509E-04  7.0293E+03  7.4643E-05  9.8997E-06  7.1845E-06
 8.9099E+25  2.2578E-04  7.0292E+03  7.4643E-05  9.8609E-06  7.1845E-06
 8.9192E+25  2.2670E-04  7.0291E+03  7.4643E-05  9.8220E-06  7.1845E-06
 8.9284E+25  2.2784E-04  7.0291E+03  7.4643E-05  9.7829E-06  7.1845E-06
 8.9377E+25  2.2850E-04  7.0290E+03  7.4643E-05  9.7438E-06  7.1845E-06
 8.9469E+25  2.2919E-04  7.0289E+03  7.4643E-05  9.7049E-06  7.1845E-06
 8.9562E+25  2.2988E-04  7.0288E+03  7.4643E-05  9.6659E-06  7.1845E-06
 8.9654E+25  2.3053E-04  7.0288E+03  7.4643E-05  9.6270E-06  7.1845E-06
 8.9747E+25  2.3124E-04  7.0287E+03  7.4643E-05  9.5880E-06  7.1845E-06
 8.9840E+25  2.3246E-04  7.0287E+03  7.4643E-05  9.5491E-06  7.1845E-06
 8.9932E+25  2.3335E-04  7.0286E+03  7.4643E-05  9.5104E-06  7.1845E-06
 9.0025E+25  2.3400E-04  7.0285E+03  7.4643E-05  9.4731E-06  7.1845E-06
 9.0117E+25  2.3467E-04  7.0284E+03  7.4643E-05  9.4364E-06  7.1845E-06
 9.0210E+25  2.3536E-04  7.0284E+03  7.4643E-05  9.3996E-06  7.1845E-06
 9.0302E+25  2.3603E-04  7.0283E+03  7.4643E-05  9.3635E-06  7.1845E-06
 9.0395E+25  2.3680E-04  7.0282E+03  7.4643E-05  9.3291E-06  7.1845E-06
 9.0487E+25  2.3820E-04  7.0282E+03  7.4643E-05  9.2947E-06  7.1845E-06
 9.0580E+25  2.3888E-04  7.0281E+03  7.4643E-05  9.2600E-06  7.1845E-06
 9.0673E+25  2.3954E-04  7.0280E+03  7.4643E-05  9.2252E-06  7.1845E-06
 9.0765E+25  2.4018E-04  7.0279E+03  7.4643E-05  9.1904E-06  7.1845E-06
 9.0858E+25  2.4086E-04  7.0279E+03  7.4643E-05  9.1557E-06  7.1845E-06
 9.0950E+25  2.4155E-04  7.0278E+03  7.4643E-05  9.1210E-06  7.1845E-06
 9.1043E+25  2.4259E-04  7.0277E+03  7.4643E-05  9.0863E-06  7.1845E-06
 9.1135E+25  2.4379E-04  7.0277E+03  7.4643E-05  9.0517E-06  7.1845E-06
 9.1228E+25  2.4445E-04  7.0276E+03  7.4643E-05  9.0171E-06  7.1845E-06
 9.1321E+25  2.4510E-04  7.0275E+03  7.4643E-05  8.9824E-06  7.1845E-06
 9.1413E+25  2.4575E-04  7.0274E+03  7.4643E-05  8.9476E-06  7.1845E-06
 9.1506E+25  2.4639E-04  7.0274E+03  7.4643E-05  8.9128E-06  7.1845E-06
 9.1598E+25  2.4709E-04  7.0273E+03  7.4643E-05  8.8780E-06  7.1845E-06
 9.1691E+25  2.4842E-04  7.0272E+03  7.4643E-05  8.8433E-06  7.1845E-06
 9.1783E+25  2.4937E-04  7.0272E+03  7.4643E-05  8.8086E-06  7.1845E-06
 9.1876E+25  2.5003E-04  7.0271E+03  7.4643E-05  8.7738E-06  7.1845E-06
 9.1969E+25  2.5068E-04  7.0270E+03  7.4643E-05  8.7391E-06  7.1845E-06
 9.2061E+25  2.5132E-04  7.0269E+03  7.4643E-05  8.7045E-06  7.1845E-06
 9.2154E+25  2.5197E-04  7.0269E+03  7.4643E-05  8.6708E-06  7.1845E-06
 9.2246E+25  2.5270E-04  7.0268E+03  7.4643E-05  8.6378E-06  7.1845E-06
 9.2339E+25  2.5421E-04  7.0267E+03  7.4643E-05  8.6050E-06  7.1845E-06
 9.2431E+25  2.5499E-04  7.0266E+03  7.4643E-05  8.5724E-06  7.1845E-06
 9.2524E+25  2.5562E-04  7.0266E+03  7.4643E-05  8.5413E-06  7.1845E-06
