 4.6285E+22  3.2720E-11  1.1669E+04  7.4643E-05  1.0000E+00  7.1845E-06
 1.3886E+23  2.2899E-10  1.1673E+04  7.4643E-05  1.0000E+00  7.1845E-06
 2.3143E+23  6.2106E-10  1.1685E+04  7.4643E-05  1.0000E+00  7.1845E-06
 3.2400E+23  1.2074E-09  1.1712E+04  7.4643E-05  1.0000E+00  7.1845E-06
 4.1657E+23  1.9847E-09  1.1761E+04  7.4643E-05  1.0000E+00  7.1845E-06
 5.0914E+23  2.9467E-09  1.1840E+04  7.4643E-05  1.0000E+00  7.1845E-06
 6.0171E+23  4.0810E-09  1.1961E+04  7.4643E-05  1.0000E+00  7.1845E-06
 6.9428E+23  5.3752E-09  1.2137E+04  7.4643E-05  1.0000E+00  7.1845E-06
 7.8685E+23  6.7958E-09  1.2394E+04  7.4643E-05  1.0000E+00  7.1845E-06
 8.7942E+23  8.3143E-09  1.2753E+04  7.4643E-05  1.0000E+00  7.1845E-06
 9.7199E+23  9.9115E-09  1.3186E+04  7.4643E-05  1.0000E+00  7.1845E-06
 1.0646E+24  1.1609E-08  1.3624E+04  7.4643E-05  1.0000E+00  7.1845E-06
 1.1571E+24  1.3484E-08  1.3941E+04  7.4643E-05  1.0000E+00  7.1845E-06
 1.2497E+24  1.5594E-08  1.4112E+04  7.4643E-05  1.0000E+00  7.1845E-06
 1.3423E+24  1.7892E-08  1.4206E+04  7.4643E-05  1.0000E+00  7.1845E-06
 1.4348E+24  2.0344E-08  1.4306E+04  7.4643E-05  9.9999E-01  7.1845E-06
 1.5274E+24  2.2930E-08  1.4407E+04  7.4643E-05  9.9999E-01  7.1845E-06
 1.6200E+24  2.5676E-08  1.4500E+04  7.4643E-05  9.9999E-01  7.1845E-06
 1.7126E+24  2.8559E-08  1.4591E+04  7.4643E-05  9.9999E-01  7.1845E-06
 1.8051E+24  3.1600E-08  1.4673E+04  7.4643E-05  9.9999E-01  7.1845E-06
 1.8977E+24  3.4779E-08  1.4752E+04  7.4643E-05  9.9999E-01  7.1845E-06
 1.9903E+24  3.8122E-08  1.4829E+04  7.4643E-05  9.9999E-01  7.1845E-06
 2.0828E+24  4.1591E-08  1.4903E+04  7.4643E-05  9.9999E-01  7.1845E-06
 2.1754E+24  4.5195E-08  1.4975E+04  7.4643E-05  9.9999E-01  7.1845E-06
 2.2680E+24  4.8961E-08  1.5045E+04  7.4643E-05  9.9999E-01  7.1845E-06
 2.3605E+24  5.2873E-08  1.5114E+04  7.4643E-05  9.9999E-01  7.1845E-06
 2.4531E+24  5.6914E-08  1.5177E+04  7.4643E-05  9.9999E-01  7.1845E-06
 2.5457E+24  6.1091E-08  1.5242E+04  7.4643E-05  9.9998E-01  7.1845E-06
 2.6383E+24  6.5441E-08  1.5305E+04  7.4643E-05  9.9998E-01  7.1845E-06
 2.7308E+24  6.9900E-08  1.5364E+04  7.4643E-05  9.9998E-01  7.1845E-06
 2.8234E+24  7.4492E-08  1.5425E+04  7.4643E-05  9.9998E-01  7.1845E-06
 2.9160E+24  7.9231E-08  1.5481E+04  7.4643E-05  9.9998E-01  7.1845E-06
 3.0085E+24  8.4174E-08  1.5536E+04  7.4643E-05  9.9998E-01  7.1845E-06
 3.1011E+24  8.9204E-08  1.5592E+04  7.4643E-05  9.9998E-01  7.1845E-06
 3.1937E+24  9.4318E-08  1.5645E+04  7.4643E-05  9.9998E-01  7.1845E-06
 3.2862E+24  9.9642E-08  1.5697E+04  7.4643E-05  9.9997E-01  7.1845E-06
 3.3788E+24  1.0503E-07  1.5748E+04  7.4643E-05  9.9997E-01  7.1845E-06
 3.4714E+24  1.1058E-07  1.5798E+04  7.4643E-05  9.9997E-01  7.1845E-06
 3.5640E+24  1.1633E-07  1.5846E+04  7.4643E-05  9.9997E-01  7.1845E-06
 3.6565E+24  1.2230E-07  1.5893E+04  7.4643E-05  9.9997E-01  7.1845E-06
 3.7491E+24  1.2812E-07  1.5939E+04  7.4643E-05  9.9997E-01  7.1845E-06
 3.8417E+24  1.3432E-07  1.5985E+04  7.4643E-05  9.9997E-01  7.1845E-06
 3.9342E+24  1.4057E-07  1.6029E+04  7.4643E-05  9.9996E-01  7.1845E-06
 4.0268E+24  1.4702E-07  1.6074E+04  7.4643E-05  9.9996E-01  7.1845E-06
 4.1194E+24  1.5339E-07  1.6116E+04  7.4643E-05  9.9996E-01  7.1845E-06
 4.2120E+24  1.6027E-07  1.6157E+04  7.4643E-05  9.9996E-01  7.1845E-06
 4.3045E+24  1.6701E-07  1.6198E+04  7.4643E-05  9.9996E-01  7.1845E-06
 4.3971E+24  1.7377E-07  1.6239E+04  7.4643E-05  9.9996E-01  7.1845E-06
 4.4897E+24  1.8093E-07  1.6278E+04  7.4643E-05  9.9995E-01  7.1845E-06
 4.5822E+24  1.8819E-07  1.6317E+04  7.4643E-05  9.9995E-01  7.1845E-06
 4.6748E+24  1.9554E-07  1.6355E+04  7.4643E-05  9.9995E-01  7.1845E-06
 4.7674E+24  2.0302E-07  1.6392E+04  7.4643E-05  9.9995E-01  7.1845E-06
 4.8599E+24  2.1060E-07  1.6429E+04  7.4643E-05  9.9995E-01  7.1845E-06
 4.9525E+24  2.1831E-07  1.6465E+04  7.4643E-05  9.9994E-01  7.1845E-06
 5.0451E+24  2.2616E-07  1.6500E+04  7.4643E-05  9.9994E-01  7.1845E-06
 5.1377E+24  2.3417E-07  1.6535E+04  7.4643E-05  9.9994E-01  7.1845E-06
 5.2302E+24  2.4234E-07  1.6569E+04  7.4643E-05  9.9994E-01  7.1845E-06
 5.3228E+24  2.5070E-07  1.6603E+04  7.4643E-05  9.9994E-01  7.1845E-06
 5.4154E+24  2.5927E-07  1.6636E+04  7.4643E-05  9.9993E-01  7.1845E-06
 5.5079E+24  2.6745E-07  1.6669E+04  7.4643E-05  9.9993E-01  7.1845E-06
 5.6005E+24  2.7599E-07  1.6700E+04  7.4643E-05  9.9993E-01  7.1845E-06
 5.6931E+24  2.8509E-07  1.6732E+04  7.4643E-05  9.9993E-01  7.1845E-06
 5.7856E+24  2.9444E-07  1.6763E+04  7.4643E-05  9.9992E-01  7.1845E-06
 5.8782E+24  3.0250E-07  1.6794E+04  7.4643E-05  9.9992E-01  7.1845E-06
 5.9708E+24  3.1227E-07  1.6824E+04  7.4643E-05  9.9992E-01  7.1845E-06
 6.0634E+24  3.2185E-07  1.6853E+04  7.4643E-05  9.9992E-01  7.1845E-06
 6.1559E+24  3.3058E-07  1.6882E+04  7.4643E-05  9.9991E-01  7.1845E-06
 6.2485E+24  3.4120E-07  1.6911E+04  7.4643E-05  9.9991E-01  7.1845E-06
 6.3411E+24  3.4973E-07  1.6939E+04  7.4643E-05  9.9991E-01  7.1845E-06
 6.4336E+24  3.6067E-07  1.6967E+04  7.4643E-05  9.9991E-01  7.1845E-06
 6.5262E+24  3.6966E-07  1.6995E+04  7.4643E-05  9.9990E-01  7.1845E-06
 6.6188E+24  3.8088E-07  1.7022E+04  7.4643E-05  9.9990E-01  7.1845E-06
 6.7113E+24  3.8986E-07  1.7049E+04  7.4643E-05  9.9990E-01  7.1845E-06
 6.8039E+24  4.0167E-07  1.7075E+04  7.4643E-05  9.9990E-01  7.1845E-06
 6.8965E+24  4.1065E-07  1.7101E+04  7.4643E-05  9.9989E-01  7.1845E-06
 6.9891E+24  4.2224E-07  1.7127E+04  7.4643E-05  9.9989E-01  7.1845E-06
 7.0816E+24  4.3302E-07  1.7153E+04  7.4643E-05  9.9989E-01  7.1845E-06
 7.1742E+24  4.4313E-07  1.7178E+04  7.4643E-05  9.9989E-01  7.1845E-06
 7.2668E+24  4.5525E-07  1.7203E+04  7.4643E-05  9.9988E-01  7.1845E-06
 7.3593E+24  4.6577E-07  1.7227E+04  7.4643E-05  9.9988E-01  7.1845E-06
 7.4519E+24  4.7662E-07  1.7251E+04  7.4643E-05  9.9988E-01  7.1845E-06
 7.5445E+24  4.8892E-07  1.7275E+04  7.4643E-05  9.9987E-01  7.1845E-06
 7.6371E+24  5.0068E-07  1.7299E+04  7.4643E-05  9.9987E-01  7.1845E-06
 7.7296E+24  5.1088E-07  1.7323E+04  7.4643E-05  9.9987E-01  7.1845E-06
 7.8222E+24  5.2336E-07  1.7346E+04  7.4643E-05  9.9986E-01  7.1845E-06
 7.9148E+24  5.3594E-07  1.7369E+04  7.4643E-05  9.9986E-01  7.1845E-06
 8.0073E+24  5.4832E-07  1.7391E+04  7.4643E-05  9.9986E-01  7.1845E-06
 8.0999E+24  5.5877E-07  1.7414E+04  7.4643E-05  9.9985E-01  7.1845E-06
 8.1925E+24  5.7154E-07  1.7436E+04  7.4643E-05  9.9985E-01  7.1845E-06
 8.2850E+24  5.8441E-07  1.7458E+04  7.4643E-05  9.9985E-01  7.1845E-06
 8.3776E+24  5.9737E-07  1.7479E+04  7.4643E-05  9.9985E-01  7.1845E-06
 8.4702E+24  6.1040E-07  1.7501E+04  7.4643E-05  9.9984E-01  7.1845E-06
 8.5628E+24  6.2270E-07  1.7522E+04  7.4643E-05  9.9984E-01  7.1845E-06
 8.6553E+24  6.3473E-07  1.7543E+04  7.4643E-05  9.9983E-01  7.1845E-06
 8.7479E+24  6.4802E-07  1.7564E+04  7.4643E-05  9.9983E-01  7.1845E-06
 8.8405E+24  6.6142E-07  1.7584E+04  7.4643E-05  9.9983E-01  7.1845E-06
 8.9330E+24  6.7492E-07  1.7605E+04  7.4643E-05  9.9982E-01  7.1845E-06
 9.0256E+24  6.8849E-07  1.7625E+04  7.4643E-05  9.9981E-01  7.1845E-06
 9.1182E+24  7.0216E-07  1.7645E+04  7.4643E-05  9.9979E-01  7.1845E-06
 9.2107E+24  7.1592E-07  1.7664E+04  7.4643E-05  9.9977E-01  7.1845E-06
 9.3033E+24  7.2979E-07  1.7684E+04  7.4643E-05  9.9972E-01  7.1845E-06
 9.3959E+24  7.4375E-07  1.7703E+04  7.4643E-05  9.9962E-01  7.1845E-06
 9.4885E+24  7.5782E-07  1.7721E+04  7.4643E-05  9.9946E-01  7.1845E-06
 9.5810E+24  7.7201E-07  1.7739E+04  7.4643E-05  9.9915E-01  7.1845E-06
 9.6736E+24  7.8633E-07  1.7756E+04  7.4643E-05  9.9860E-01  7.1845E-06
 9.7662E+24  8.0081E-07  1.7770E+04  7.4643E-05  9.9761E-01  7.1845E-06
 9.8587E+24  8.1548E-07  1.7781E+04  7.4643E-05  9.9586E-01  7.1845E-06
 9.9513E+24  8.3037E-07  1.7787E+04  7.4643E-05  9.9283E-01  7.1845E-06
 1.0044E+25  8.4560E-07  1.7783E+04  7.4643E-05  9.8762E-01  7.1845E-06
 1.0136E+25  8.6129E-07  1.7764E+04  7.4643E-05  9.7885E-01  7.1845E-06
 1.0229E+25  8.7767E-07  1.7721E+04  7.4643E-05  9.6444E-01  7.1845E-06
 1.0322E+25  8.9510E-07  1.7639E+04  7.4643E-05  9.4142E-01  7.1845E-06
 1.0414E+25  9.1410E-07  1.7501E+04  7.4643E-05  9.0614E-01  7.1845E-06
 1.0507E+25  9.3541E-07  1.7284E+04  7.4643E-05  8.5498E-01  7.1845E-06
 1.0599E+25  9.5992E-07  1.6968E+04  7.4643E-05  7.8602E-01  7.1845E-06
 1.0692E+25  9.8871E-07  1.6544E+04  7.4643E-05  7.0118E-01  7.1845E-06
 1.0784E+25  1.0226E-06  1.6021E+04  7.4643E-05  6.0703E-01  7.1845E-06
 1.0877E+25  1.0615E-06  1.5428E+04  7.4643E-05  5.1295E-01  7.1845E-06
 1.0970E+25  1.1051E-06  1.4805E+04  7.4643E-05  4.2727E-01  7.1845E-06
 1.1062E+25  1.1522E-06  1.4191E+04  7.4643E-05  3.5459E-01  7.1845E-06
 1.1155E+25  1.2018E-06  1.3612E+04  7.4643E-05  2.9570E-01  7.1845E-06
 1.1247E+25  1.2526E-06  1.3081E+04  7.4643E-05  2.4903E-01  7.1845E-06
 1.1340E+25  1.3040E-06  1.2603E+04  7.4643E-05  2.1225E-01  7.1845E-06
 1.1432E+25  1.3554E-06  1.2176E+04  7.4643E-05  1.8309E-01  7.1845E-06
 1.1525E+25  1.4065E-06  1.1795E+04  7.4643E-05  1.5972E-01  7.1845E-06
 1.1618E+25  1.4572E-06  1.1456E+04  7.4643E-05  1.4072E-01  7.1845E-06
 1.1710E+25  1.5074E-06  1.1153E+04  7.4643E-05  1.2507E-01  7.1845E-06
 1.1803E+25  1.5570E-06  1.0881E+04  7.4643E-05  1.1200E-01  7.1845E-06
 1.1895E+25  1.6061E-06  1.0636E+04  7.4643E-05  1.0097E-01  7.1845E-06
 1.1988E+25  1.6546E-06  1.0414E+04  7.4643E-05  9.1545E-02  7.1845E-06
 1.2080E+25  1.7027E-06  1.0214E+04  7.4643E-05  8.3427E-02  7.1845E-06
 1.2173E+25  1.7503E-06  1.0031E+04  7.4643E-05  7.6372E-02  7.1845E-06
 1.2266E+25  1.7972E-06  9.8641E+03  7.4643E-05  7.0197E-02  7.1845E-06
 1.2358E+25  1.8419E-06  9.7112E+03  7.4643E-05  6.4755E-02  7.1845E-06
 1.2451E+25  1.8882E-06  9.5707E+03  7.4643E-05  5.9930E-02  7.1845E-06
 1.2543E+25  1.9344E-06  9.4411E+03  7.4643E-05  5.5629E-02  7.1845E-06
 1.2636E+25  1.9803E-06  9.3215E+03  7.4643E-05  5.1776E-02  7.1845E-06
 1.2728E+25  2.0261E-06  9.2106E+03  7.4643E-05  4.8310E-02  7.1845E-06
 1.2821E+25  2.0715E-06  9.1077E+03  7.4643E-05  4.5179E-02  7.1845E-06
 1.2914E+25  2.1169E-06  9.0119E+03  7.4643E-05  4.2339E-02  7.1845E-06
 1.3006E+25  2.1620E-06  8.9226E+03  7.4643E-05  3.9755E-02  7.1845E-06
 1.3099E+25  2.2071E-06  8.8392E+03  7.4643E-05  3.7396E-02  7.1845E-06
 1.3191E+25  2.2521E-06  8.7612E+03  7.4643E-05  3.5236E-02  7.1845E-06
 1.3284E+25  2.2969E-06  8.6880E+03  7.4643E-05  3.3254E-02  7.1845E-06
 1.3376E+25  2.3420E-06  8.6193E+03  7.4643E-05  3.1429E-02  7.1845E-06
 1.3469E+25  2.3868E-06  8.5547E+03  7.4643E-05  2.9746E-02  7.1845E-06
 1.3562E+25  2.4317E-06  8.4939E+03  7.4643E-05  2.8189E-02  7.1845E-06
 1.3654E+25  2.4768E-06  8.4366E+03  7.4643E-05  2.6747E-02  7.1845E-06
 1.3747E+25  2.5218E-06  8.3825E+03  7.4643E-05  2.5408E-02  7.1845E-06
 1.3839E+25  2.5670E-06  8.3314E+03  7.4643E-05  2.4162E-02  7.1845E-06
 1.3932E+25  2.6125E-06  8.2830E+03  7.4643E-05  2.3002E-02  7.1845E-06
 1.4024E+25  2.6539E-06  8.2371E+03  7.4643E-05  2.1919E-02  7.1845E-06
 1.4117E+25  2.6978E-06  8.1937E+03  7.4643E-05  2.0907E-02  7.1845E-06
 1.4210E+25  2.7429E-06  8.1524E+03  7.4643E-05  1.9959E-02  7.1845E-06
 1.4302E+25  2.7884E-06  8.1132E+03  7.4643E-05  1.9071E-02  7.1845E-06
 1.4395E+25  2.8341E-06  8.0760E+03  7.4643E-05  1.8237E-02  7.1845E-06
 1.4487E+25  2.8803E-06  8.0405E+03  7.4643E-05  1.7454E-02  7.1845E-06
 1.4580E+25  2.9268E-06  8.0067E+03  7.4643E-05  1.6716E-02  7.1845E-06
 1.4672E+25  2.9738E-06  7.9745E+03  7.4643E-05  1.6022E-02  7.1845E-06
 1.4765E+25  3.0213E-06  7.9438E+03  7.4643E-05  1.5366E-02  7.1845E-06
 1.4858E+25  3.0629E-06  7.9145E+03  7.4643E-05  1.4748E-02  7.1845E-06
 1.4950E+25  3.1035E-06  7.8864E+03  7.4643E-05  1.4163E-02  7.1845E-06
 1.5043E+25  3.1513E-06  7.8596E+03  7.4643E-05  1.3610E-02  7.1845E-06
 1.5135E+25  3.1997E-06  7.8340E+03  7.4643E-05  1.3086E-02  7.1845E-06
 1.5228E+25  3.2489E-06  7.8095E+03  7.4643E-05  1.2590E-02  7.1845E-06
 1.5320E+25  3.2987E-06  7.7860E+03  7.4643E-05  1.2119E-02  7.1845E-06
 1.5413E+25  3.3408E-06  7.7634E+03  7.4643E-05  1.1672E-02  7.1845E-06
 1.5506E+25  3.3797E-06  7.7418E+03  7.4643E-05  1.1247E-02  7.1845E-06
 1.5598E+25  3.4304E-06  7.7211E+03  7.4643E-05  1.0843E-02  7.1845E-06
 1.5691E+25  3.4820E-06  7.7012E+03  7.4643E-05  1.0459E-02  7.1845E-06
 1.5783E+25  3.5345E-06  7.6821E+03  7.4643E-05  1.0093E-02  7.1845E-06
 1.5876E+25  3.5745E-06  7.6637E+03  7.4643E-05  9.7444E-03  7.1845E-06
 1.5968E+25  3.6151E-06  7.6461E+03  7.4643E-05  9.4119E-03  7.1845E-06
 1.6061E+25  3.6689E-06  7.6291E+03  7.4643E-05  9.0942E-03  7.1845E-06
 1.6154E+25  3.7238E-06  7.6127E+03  7.4643E-05  8.7915E-03  7.1845E-06
 1.6246E+25  3.7724E-06  7.5970E+03  7.4643E-05  8.5021E-03  7.1845E-06
 1.6339E+25  3.8042E-06  7.5818E+03  7.4643E-05  8.2252E-03  7.1845E-06
 1.6431E+25  3.8607E-06  7.5672E+03  7.4643E-05  7.9608E-03  7.1845E-06
 1.6524E+25  3.9185E-06  7.5531E+03  7.4643E-05  7.7073E-03  7.1845E-06
 1.6616E+25  3.9643E-06  7.5395E+03  7.4643E-05  7.4647E-03  7.1845E-06
 1.6709E+25  3.9994E-06  7.5264E+03  7.4643E-05  7.2327E-03  7.1845E-06
 1.6802E+25  4.0593E-06  7.5137E+03  7.4643E-05  7.0096E-03  7.1845E-06
 1.6894E+25  4.1206E-06  7.5015E+03  7.4643E-05  6.7963E-03  7.1845E-06
 1.6987E+25  4.1492E-06  7.4897E+03  7.4643E-05  6.5911E-03  7.1845E-06
 1.7079E+25  4.2023E-06  7.4783E+03  7.4643E-05  6.3946E-03  7.1845E-06
 1.7172E+25  4.2662E-06  7.4673E+03  7.4643E-05  6.2056E-03  7.1845E-06
 1.7264E+25  4.3106E-06  7.4566E+03  7.4643E-05  6.0240E-03  7.1845E-06
 1.7357E+25  4.3482E-06  7.4463E+03  7.4643E-05  5.8496E-03  7.1845E-06
 1.7450E+25  4.4149E-06  7.4363E+03  7.4643E-05  5.6816E-03  7.1845E-06
 1.7542E+25  4.4692E-06  7.4267E+03  7.4643E-05  5.5205E-03  7.1845E-06
 1.7635E+25  4.4978E-06  7.4173E+03  7.4643E-05  5.3649E-03  7.1845E-06
 1.7727E+25  4.5674E-06  7.4083E+03  7.4643E-05  5.2156E-03  7.1845E-06
 1.7820E+25  4.6251E-06  7.3995E+03  7.4643E-05  5.0712E-03  7.1845E-06
 1.7912E+25  4.6512E-06  7.3910E+03  7.4643E-05  4.9327E-03  7.1845E-06
 1.8005E+25  4.7245E-06  7.3828E+03  7.4643E-05  4.7987E-03  7.1845E-06
 1.8097E+25  4.7780E-06  7.3748E+03  7.4643E-05  4.6699E-03  7.1845E-06
 1.8190E+25  4.8095E-06  7.3670E+03  7.4643E-05  4.5453E-03  7.1845E-06
 1.8283E+25  4.8867E-06  7.3595E+03  7.4643E-05  4.4253E-03  7.1845E-06
 1.8375E+25  4.9275E-06  7.3522E+03  7.4643E-05  4.3094E-03  7.1845E-06
 1.8468E+25  4.9734E-06  7.3452E+03  7.4643E-05  4.1975E-03  7.1845E-06
 1.8560E+25  5.0546E-06  7.3383E+03  7.4643E-05  4.0895E-03  7.1845E-06
 1.8653E+25  5.0736E-06  7.3316E+03  7.4643E-05  3.9849E-03  7.1845E-06
 1.8745E+25  5.1435E-06  7.3251E+03  7.4643E-05  3.8843E-03  7.1845E-06
 1.8838E+25  5.2127E-06  7.3188E+03  7.4643E-05  3.7863E-03  7.1845E-06
 1.8931E+25  5.2324E-06  7.3127E+03  7.4643E-05  3.6924E-03  7.1845E-06
 1.9023E+25  5.3205E-06  7.3068E+03  7.4643E-05  3.6009E-03  7.1845E-06
 1.9116E+25  5.3537E-06  7.3010E+03  7.4643E-05  3.5127E-03  7.1845E-06
 1.9208E+25  5.4120E-06  7.2954E+03  7.4643E-05  3.4273E-03  7.1845E-06
 1.9301E+25  5.4917E-06  7.2899E+03  7.4643E-05  3.3443E-03  7.1845E-06
 1.9393E+25  5.5045E-06  7.2846E+03  7.4643E-05  3.2645E-03  7.1845E-06
 1.9486E+25  5.5998E-06  7.2794E+03  7.4643E-05  3.1866E-03  7.1845E-06
 1.9579E+25  5.6270E-06  7.2744E+03  7.4643E-05  3.1116E-03  7.1845E-06
 1.9671E+25  5.6956E-06  7.2695E+03  7.4643E-05  3.0388E-03  7.1845E-06
 1.9764E+25  5.7632E-06  7.2647E+03  7.4643E-05  2.9679E-03  7.1845E-06
 1.9856E+25  5.7919E-06  7.2600E+03  7.4643E-05  2.8997E-03  7.1845E-06
 1.9949E+25  5.8959E-06  7.2555E+03  7.4643E-05  2.8331E-03  7.1845E-06
 2.0041E+25  5.8929E-06  7.2511E+03  7.4643E-05  2.7687E-03  7.1845E-06
 2.0134E+25  5.9968E-06  7.2468E+03  7.4643E-05  2.7064E-03  7.1845E-06
 2.0227E+25  6.0264E-06  7.2426E+03  7.4643E-05  2.6454E-03  7.1845E-06
 2.0319E+25  6.0985E-06  7.2385E+03  7.4643E-05  2.5867E-03  7.1845E-06
 2.0412E+25  6.1600E-06  7.2346E+03  7.4643E-05  2.5295E-03  7.1845E-06
 2.0504E+25  6.2019E-06  7.2307E+03  7.4643E-05  2.4737E-03  7.1845E-06
 2.0597E+25  6.2935E-06  7.2269E+03  7.4643E-05  2.4201E-03  7.1845E-06
 2.0689E+25  6.3064E-06  7.2232E+03  7.4643E-05  2.3676E-03  7.1845E-06
 2.0782E+25  6.4250E-06  7.2196E+03  7.4643E-05  2.3164E-03  7.1845E-06
 2.0875E+25  6.4140E-06  7.2161E+03  7.4643E-05  2.2672E-03  7.1845E-06
 2.0967E+25  6.5373E-06  7.2126E+03  7.4643E-05  2.2189E-03  7.1845E-06
 2.1060E+25  6.5425E-06  7.2093E+03  7.4643E-05  2.1720E-03  7.1845E-06
 2.1152E+25  6.6493E-06  7.2060E+03  7.4643E-05  2.1268E-03  7.1845E-06
 2.1245E+25  6.6727E-06  7.2028E+03  7.4643E-05  2.0824E-03  7.1845E-06
 2.1337E+25  6.7632E-06  7.1997E+03  7.4643E-05  2.0391E-03  7.1845E-06
 2.1430E+25  6.8024E-06  7.1967E+03  7.4643E-05  1.9975E-03  7.1845E-06
 2.1523E+25  6.8792E-06  7.1937E+03  7.4643E-05  1.9566E-03  7.1845E-06
 2.1615E+25  6.9315E-06  7.1908E+03  7.4643E-05  1.9167E-03  7.1845E-06
 2.1708E+25  6.9974E-06  7.1880E+03  7.4643E-05  1.8783E-03  7.1845E-06
 2.1800E+25  7.0598E-06  7.1852E+03  7.4643E-05  1.8406E-03  7.1845E-06
 2.1893E+25  7.1185E-06  7.1825E+03  7.4643E-05  1.8037E-03  7.1845E-06
 2.1985E+25  7.1874E-06  7.1799E+03  7.4643E-05  1.7682E-03  7.1845E-06
 2.2078E+25  7.2423E-06  7.1773E+03  7.4643E-05  1.7334E-03  7.1845E-06
 2.2171E+25  7.3142E-06  7.1747E+03  7.4643E-05  1.6993E-03  7.1845E-06
 2.2263E+25  7.3689E-06  7.1723E+03  7.4643E-05  1.6664E-03  7.1845E-06
 2.2356E+25  7.4401E-06  7.1699E+03  7.4643E-05  1.6343E-03  7.1845E-06
 2.2448E+25  7.4985E-06  7.1675E+03  7.4643E-05  1.6027E-03  7.1845E-06
 2.2541E+25  7.5651E-06  7.1652E+03  7.4643E-05  1.5720E-03  7.1845E-06
 2.2633E+25  7.6314E-06  7.1629E+03  7.4643E-05  1.5424E-03  7.1845E-06
 2.2726E+25  7.6892E-06  7.1607E+03  7.4643E-05  1.5132E-03  7.1845E-06
 2.2819E+25  7.7677E-06  7.1585E+03  7.4643E-05  1.4846E-03  7.1845E-06
 2.2911E+25  7.8123E-06  7.1564E+03  7.4643E-05  1.4570E-03  7.1845E-06
 2.3004E+25  7.9074E-06  7.1543E+03  7.4643E-05  1.4300E-03  7.1845E-06
 2.3096E+25  7.9344E-06  7.1523E+03  7.4643E-05  1.4035E-03  7.1845E-06
 2.3189E+25  8.0510E-06  7.1503E+03  7.4643E-05  1.3776E-03  7.1845E-06
 2.3281E+25  8.0555E-06  7.1483E+03  7.4643E-05  1.3527E-03  7.1845E-06
 2.3374E+25  8.1985E-06  7.1464E+03  7.4643E-05  1.3281E-03  7.1845E-06
 2.3467E+25  8.1756E-06  7.1446E+03  7.4643E-05  1.3039E-03  7.1845E-06
 2.3559E+25  8.3370E-06  7.1427E+03  7.4643E-05  1.2806E-03  7.1845E-06
 2.3652E+25  8.3076E-06  7.1409E+03  7.4643E-05  1.2578E-03  7.1845E-06
 2.3744E+25  8.4571E-06  7.1392E+03  7.4643E-05  1.2354E-03  7.1845E-06
 2.3837E+25  8.4614E-06  7.1374E+03  7.4643E-05  1.2134E-03  7.1845E-06
 2.3929E+25  8.5755E-06  7.1358E+03  7.4643E-05  1.1922E-03  7.1845E-06
 2.4022E+25  8.6203E-06  7.1341E+03  7.4643E-05  1.1715E-03  7.1845E-06
 2.4115E+25  8.6928E-06  7.1325E+03  7.4643E-05  1.1509E-03  7.1845E-06
 2.4207E+25  8.7837E-06  7.1309E+03  7.4643E-05  1.1309E-03  7.1845E-06
 2.4300E+25  8.8088E-06  7.1293E+03  7.4643E-05  1.1116E-03  7.1845E-06
 2.4392E+25  8.9520E-06  7.1278E+03  7.4643E-05  1.0926E-03  7.1845E-06
 2.4485E+25  8.9239E-06  7.1263E+03  7.4643E-05  1.0739E-03  7.1845E-06
 2.4577E+25  9.0923E-06  7.1248E+03  7.4643E-05  1.0556E-03  7.1845E-06
 2.4670E+25  9.0707E-06  7.1234E+03  7.4643E-05  1.0379E-03  7.1845E-06
 2.4763E+25  9.2060E-06  7.1220E+03  7.4643E-05  1.0206E-03  7.1845E-06
 2.4855E+25  9.2484E-06  7.1206E+03  7.4643E-05  1.0034E-03  7.1845E-06
 2.4948E+25  9.3187E-06  7.1192E+03  7.4643E-05  9.8662E-04  7.1845E-06
 2.5040E+25  9.4317E-06  7.1179E+03  7.4643E-05  9.7044E-04  7.1845E-06
 2.5133E+25  9.4301E-06  7.1166E+03  7.4643E-05  9.5453E-04  7.1845E-06
 2.5225E+25  9.6031E-06  7.1153E+03  7.4643E-05  9.3880E-04  7.1845E-06
 2.5318E+25  9.5576E-06  7.1140E+03  7.4643E-05  9.2339E-04  7.1845E-06
 2.5411E+25  9.7133E-06  7.1128E+03  7.4643E-05  9.0853E-04  7.1845E-06
 2.5503E+25  9.7511E-06  7.1116E+03  7.4643E-05  8.9396E-04  7.1845E-06
 2.5596E+25  9.8219E-06  7.1104E+03  7.4643E-05  8.7953E-04  7.1845E-06
 2.5688E+25  9.9514E-06  7.1092E+03  7.4643E-05  8.6534E-04  7.1845E-06
 2.5781E+25  9.9296E-06  7.1081E+03  7.4643E-05  8.5161E-04  7.1845E-06
 2.5873E+25  1.0107E-05  7.1070E+03  7.4643E-05  8.3825E-04  7.1845E-06
 2.5966E+25  1.0087E-05  7.1058E+03  7.4643E-05  8.2502E-04  7.1845E-06
 2.6059E+25  1.0212E-05  7.1048E+03  7.4643E-05  8.1197E-04  7.1845E-06
 2.6151E+25  1.0299E-05  7.1037E+03  7.4643E-05  7.9924E-04  7.1845E-06
 2.6244E+25  1.0317E-05  7.1026E+03  7.4643E-05  7.8695E-04  7.1845E-06
 2.6336E+25  1.0498E-05  7.1016E+03  7.4643E-05  7.7481E-04  7.1845E-06
 2.6429E+25  1.0441E-05  7.1006E+03  7.4643E-05  7.6281E-04  7.1845E-06
 2.6521E+25  1.0601E-05  7.0996E+03  7.4643E-05  7.5100E-04  7.1845E-06
 2.6614E+25  1.0666E-05  7.0986E+03  7.4643E-05  7.3957E-04  7.1845E-06
 2.6707E+25  1.0702E-05  7.0977E+03  7.4643E-05  7.2847E-04  7.1845E-06
 2.6799E+25  1.0885E-05  7.0967E+03  7.4643E-05  7.1743E-04  7.1845E-06
 2.6892E+25  1.0817E-05  7.0958E+03  7.4643E-05  7.0654E-04  7.1845E-06
 2.6984E+25  1.0986E-05  7.0949E+03  7.4643E-05  6.9587E-04  7.1845E-06
 2.7077E+25  1.1056E-05  7.0940E+03  7.4643E-05  6.8556E-04  7.1845E-06
 2.7169E+25  1.1084E-05  7.0931E+03  7.4643E-05  6.7546E-04  7.1845E-06
 2.7262E+25  1.1271E-05  7.0922E+03  7.4643E-05  6.6543E-04  7.1845E-06
 2.7355E+25  1.1215E-05  7.0914E+03  7.4643E-05  6.5552E-04  7.1845E-06
 2.7447E+25  1.1368E-05  7.0905E+03  7.4643E-05  6.4588E-04  7.1845E-06
 2.7540E+25  1.1470E-05  7.0897E+03  7.4643E-05  6.3654E-04  7.1845E-06
 2.7632E+25  1.1463E-05  7.0889E+03  7.4643E-05  6.2734E-04  7.1845E-06
 2.7725E+25  1.1653E-05  7.0881E+03  7.4643E-05  6.1822E-04  7.1845E-06
 2.7817E+25  1.1639E-05  7.0873E+03  7.4643E-05  6.0919E-04  7.1845E-06
 2.7910E+25  1.1746E-05  7.0865E+03  7.4643E-05  6.0044E-04  7.1845E-06
 2.8003E+25  1.1911E-05  7.0858E+03  7.4643E-05  5.9193E-04  7.1845E-06
 2.8095E+25  1.1838E-05  7.0851E+03  7.4643E-05  5.8356E-04  7.1845E-06
 2.8188E+25  1.2030E-05  7.0843E+03  7.4643E-05  5.7525E-04  7.1845E-06
 2.8280E+25  1.2092E-05  7.0836E+03  7.4643E-05  5.6703E-04  7.1845E-06
 2.8373E+25  1.2119E-05  7.0829E+03  7.4643E-05  5.5904E-04  7.1845E-06
 2.8465E+25  1.2313E-05  7.0822E+03  7.4643E-05  5.5128E-04  7.1845E-06
 2.8558E+25  1.2278E-05  7.0815E+03  7.4643E-05  5.4365E-04  7.1845E-06
 2.8651E+25  1.2402E-05  7.0808E+03  7.4643E-05  5.3608E-04  7.1845E-06
 2.8743E+25  1.2576E-05  7.0801E+03  7.4643E-05  5.2857E-04  7.1845E-06
 2.8836E+25  1.2488E-05  7.0795E+03  7.4643E-05  5.2125E-04  7.1845E-06
 2.8928E+25  1.2685E-05  7.0788E+03  7.4643E-05  5.1414E-04  7.1845E-06
 2.9021E+25  1.2775E-05  7.0782E+03  7.4643E-05  5.0720E-04  7.1845E-06
 2.9113E+25  1.2769E-05  7.0776E+03  7.4643E-05  5.0029E-04  7.1845E-06
 2.9206E+25  1.2968E-05  7.0770E+03  7.4643E-05  4.9344E-04  7.1845E-06
 2.9299E+25  1.2980E-05  7.0764E+03  7.4643E-05  4.8670E-04  7.1845E-06
 2.9391E+25  1.3050E-05  7.0758E+03  7.4643E-05  4.8017E-04  7.1845E-06
 2.9484E+25  1.3250E-05  7.0752E+03  7.4643E-05  4.7382E-04  7.1845E-06
 2.9576E+25  1.3191E-05  7.0746E+03  7.4643E-05  4.6752E-04  7.1845E-06
 2.9669E+25  1.3332E-05  7.0740E+03  7.4643E-05  4.6127E-04  7.1845E-06
 2.9761E+25  1.3527E-05  7.0735E+03  7.4643E-05  4.5508E-04  7.1845E-06
 2.9854E+25  1.3414E-05  7.0729E+03  7.4643E-05  4.4906E-04  7.1845E-06
 2.9947E+25  1.3614E-05  7.0724E+03  7.4643E-05  4.4320E-04  7.1845E-06
 3.0039E+25  1.3758E-05  7.0718E+03  7.4643E-05  4.3746E-04  7.1845E-06
 3.0132E+25  1.3689E-05  7.0713E+03  7.4643E-05  4.3175E-04  7.1845E-06
 3.0224E+25  1.3895E-05  7.0708E+03  7.4643E-05  4.2609E-04  7.1845E-06
 3.0317E+25  1.3992E-05  7.0703E+03  7.4643E-05  4.2050E-04  7.1845E-06
 3.0409E+25  1.3969E-05  7.0698E+03  7.4643E-05  4.1508E-04  7.1845E-06
 3.0502E+25  1.4176E-05  7.0693E+03  7.4643E-05  4.0981E-04  7.1845E-06
 3.0594E+25  1.4234E-05  7.0688E+03  7.4643E-05  4.0461E-04  7.1845E-06
 3.0687E+25  1.4248E-05  7.0683E+03  7.4643E-05  3.9943E-04  7.1845E-06
 3.0780E+25  1.4457E-05  7.0678E+03  7.4643E-05  3.9430E-04  7.1845E-06
 3.0872E+25  1.4484E-05  7.0673E+03  7.4643E-05  3.8926E-04  7.1845E-06
 3.0965E+25  1.4527E-05  7.0669E+03  7.4643E-05  3.8436E-04  7.1845E-06
 3.1057E+25  1.4738E-05  7.0664E+03  7.4643E-05  3.7959E-04  7.1845E-06
 3.1150E+25  1.4743E-05  7.0660E+03  7.4643E-05  3.7487E-04  7.1845E-06
 3.1242E+25  1.4806E-05  7.0655E+03  7.4643E-05  3.7017E-04  7.1845E-06
 3.1335E+25  1.5018E-05  7.0651E+03  7.4643E-05  3.6552E-04  7.1845E-06
 3.1428E+25  1.5010E-05  7.0647E+03  7.4643E-05  3.6094E-04  7.1845E-06
 3.1520E+25  1.5084E-05  7.0642E+03  7.4643E-05  3.5650E-04  7.1845E-06
 3.1613E+25  1.5298E-05  7.0638E+03  7.4643E-05  3.5217E-04  7.1845E-06
 3.1705E+25  1.5287E-05  7.0634E+03  7.4643E-05  3.4789E-04  7.1845E-06
 3.1798E+25  1.5362E-05  7.0630E+03  7.4643E-05  3.4363E-04  7.1845E-06
 3.1890E+25  1.5578E-05  7.0626E+03  7.4643E-05  3.3940E-04  7.1845E-06
 3.1983E+25  1.5573E-05  7.0622E+03  7.4643E-05  3.3523E-04  7.1845E-06
 3.2076E+25  1.5640E-05  7.0618E+03  7.4643E-05  3.3118E-04  7.1845E-06
 3.2168E+25  1.5857E-05  7.0614E+03  7.4643E-05  3.2724E-04  7.1845E-06
 3.2261E+25  1.5870E-05  7.0611E+03  7.4643E-05  3.2336E-04  7.1845E-06
 3.2353E+25  1.5916E-05  7.0607E+03  7.4643E-05  3.1949E-04  7.1845E-06
 3.2446E+25  1.6136E-05  7.0603E+03  7.4643E-05  3.1564E-04  7.1845E-06
 3.2538E+25  1.6177E-05  7.0599E+03  7.4643E-05  3.1184E-04  7.1845E-06
 3.2631E+25  1.6192E-05  7.0596E+03  7.4643E-05  3.0814E-04  7.1845E-06
 3.2724E+25  1.6414E-05  7.0592E+03  7.4643E-05  3.0453E-04  7.1845E-06
 3.2816E+25  1.6496E-05  7.0589E+03  7.4643E-05  3.0100E-04  7.1845E-06
 3.2909E+25  1.6468E-05  7.0585E+03  7.4643E-05  2.9748E-04  7.1845E-06
 3.3001E+25  1.6692E-05  7.0582E+03  7.4643E-05  2.9399E-04  7.1845E-06
 3.3094E+25  1.6827E-05  7.0578E+03  7.4643E-05  2.9053E-04  7.1845E-06
 3.3186E+25  1.6742E-05  7.0575E+03  7.4643E-05  2.8712E-04  7.1845E-06
 3.3279E+25  1.6968E-05  7.0572E+03  7.4643E-05  2.8381E-04  7.1845E-06
 3.3372E+25  1.7170E-05  7.0569E+03  7.4643E-05  2.8058E-04  7.1845E-06
 3.3464E+25  1.7016E-05  7.0566E+03  7.4643E-05  2.7740E-04  7.1845E-06
 3.3557E+25  1.7243E-05  7.0562E+03  7.4643E-05  2.7421E-04  7.1845E-06
 3.3649E+25  1.7469E-05  7.0559E+03  7.4643E-05  2.7106E-04  7.1845E-06
 3.3742E+25  1.7347E-05  7.0556E+03  7.4643E-05  2.6793E-04  7.1845E-06
 3.3834E+25  1.7517E-05  7.0553E+03  7.4643E-05  2.6488E-04  7.1845E-06
 3.3927E+25  1.7746E-05  7.0550E+03  7.4643E-05  2.6190E-04  7.1845E-06
 3.4020E+25  1.7712E-05  7.0547E+03  7.4643E-05  2.5900E-04  7.1845E-06
 3.4112E+25  1.7790E-05  7.0544E+03  7.4643E-05  2.5611E-04  7.1845E-06
 3.4205E+25  1.8022E-05  7.0542E+03  7.4643E-05  2.5324E-04  7.1845E-06
 3.4297E+25  1.8092E-05  7.0539E+03  7.4643E-05  2.5039E-04  7.1845E-06
 3.4390E+25  1.8063E-05  7.0536E+03  7.4643E-05  2.4756E-04  7.1845E-06
 3.4482E+25  1.8297E-05  7.0533E+03  7.4643E-05  2.4481E-04  7.1845E-06
 3.4575E+25  1.8486E-05  7.0530E+03  7.4643E-05  2.4211E-04  7.1845E-06
 3.4668E+25  1.8335E-05  7.0528E+03  7.4643E-05  2.3949E-04  7.1845E-06
 3.4760E+25  1.8570E-05  7.0525E+03  7.4643E-05  2.3688E-04  7.1845E-06
 3.4853E+25  1.8804E-05  7.0522E+03  7.4643E-05  2.3428E-04  7.1845E-06
 3.4945E+25  1.8698E-05  7.0520E+03  7.4643E-05  2.3171E-04  7.1845E-06
 3.5038E+25  1.8841E-05  7.0517E+03  7.4643E-05  2.2915E-04  7.1845E-06
 3.5130E+25  1.9079E-05  7.0515E+03  7.4643E-05  2.2665E-04  7.1845E-06
 3.5223E+25  1.9120E-05  7.0512E+03  7.4643E-05  2.2421E-04  7.1845E-06
 3.5316E+25  1.9111E-05  7.0510E+03  7.4643E-05  2.2184E-04  7.1845E-06
 3.5408E+25  1.9352E-05  7.0507E+03  7.4643E-05  2.1947E-04  7.1845E-06
 3.5501E+25  1.9558E-05  7.0505E+03  7.4643E-05  2.1712E-04  7.1845E-06
 3.5593E+25  1.9382E-05  7.0502E+03  7.4643E-05  2.1478E-04  7.1845E-06
 3.5686E+25  1.9622E-05  7.0500E+03  7.4643E-05  2.1246E-04  7.1845E-06
 3.5778E+25  1.9864E-05  7.0498E+03  7.4643E-05  2.1019E-04  7.1845E-06
 3.5871E+25  1.9801E-05  7.0495E+03  7.4643E-05  2.0797E-04  7.1845E-06
 3.5964E+25  1.9891E-05  7.0493E+03  7.4643E-05  2.0581E-04  7.1845E-06
 3.6056E+25  2.0136E-05  7.0491E+03  7.4643E-05  2.0367E-04  7.1845E-06
 3.6149E+25  2.0270E-05  7.0489E+03  7.4643E-05  2.0154E-04  7.1845E-06
 3.6241E+25  2.0160E-05  7.0487E+03  7.4643E-05  1.9943E-04  7.1845E-06
 3.6334E+25  2.0405E-05  7.0484E+03  7.4643E-05  1.9732E-04  7.1845E-06
 3.6426E+25  2.0651E-05  7.0482E+03  7.4643E-05  1.9524E-04  7.1845E-06
 3.6519E+25  2.0535E-05  7.0480E+03  7.4643E-05  1.9321E-04  7.1845E-06
 3.6612E+25  2.0672E-05  7.0478E+03  7.4643E-05  1.9123E-04  7.1845E-06
 3.6704E+25  2.0923E-05  7.0476E+03  7.4643E-05  1.8929E-04  7.1845E-06
 3.6797E+25  2.1038E-05  7.0474E+03  7.4643E-05  1.8737E-04  7.1845E-06
 3.6889E+25  2.0940E-05  7.0472E+03  7.4643E-05  1.8545E-04  7.1845E-06
 3.6982E+25  2.1190E-05  7.0470E+03  7.4643E-05  1.8354E-04  7.1845E-06
 3.7074E+25  2.1441E-05  7.0468E+03  7.4643E-05  1.8164E-04  7.1845E-06
 3.7167E+25  2.1327E-05  7.0466E+03  7.4643E-05  1.7978E-04  7.1845E-06
 3.7260E+25  2.1456E-05  7.0464E+03  7.4643E-05  1.7796E-04  7.1845E-06
 3.7352E+25  2.1711E-05  7.0462E+03  7.4643E-05  1.7618E-04  7.1845E-06
 3.7445E+25  2.1867E-05  7.0460E+03  7.4643E-05  1.7444E-04  7.1845E-06
 3.7537E+25  2.1723E-05  7.0458E+03  7.4643E-05  1.7270E-04  7.1845E-06
 3.7630E+25  2.1976E-05  7.0457E+03  7.4643E-05  1.7097E-04  7.1845E-06
 3.7722E+25  2.2233E-05  7.0455E+03  7.4643E-05  1.6925E-04  7.1845E-06
 3.7815E+25  2.2184E-05  7.0453E+03  7.4643E-05  1.6754E-04  7.1845E-06
 3.7908E+25  2.2241E-05  7.0451E+03  7.4643E-05  1.6587E-04  7.1845E-06
 3.8000E+25  2.2500E-05  7.0449E+03  7.4643E-05  1.6422E-04  7.1845E-06
 3.8093E+25  2.2750E-05  7.0448E+03  7.4643E-05  1.6262E-04  7.1845E-06
 3.8185E+25  2.2520E-05  7.0446E+03  7.4643E-05  1.6105E-04  7.1845E-06
 3.8278E+25  2.2763E-05  7.0444E+03  7.4643E-05  1.5948E-04  7.1845E-06
 3.8370E+25  2.3026E-05  7.0443E+03  7.4643E-05  1.5792E-04  7.1845E-06
 3.8463E+25  2.3110E-05  7.0441E+03  7.4643E-05  1.5636E-04  7.1845E-06
 3.8556E+25  2.3028E-05  7.0439E+03  7.4643E-05  1.5482E-04  7.1845E-06
 3.8648E+25  2.3288E-05  7.0438E+03  7.4643E-05  1.5330E-04  7.1845E-06
 3.8741E+25  2.3553E-05  7.0436E+03  7.4643E-05  1.5181E-04  7.1845E-06
 3.8833E+25  2.3472E-05  7.0434E+03  7.4643E-05  1.5036E-04  7.1845E-06
 3.8926E+25  2.3551E-05  7.0433E+03  7.4643E-05  1.4895E-04  7.1845E-06
 3.9018E+25  2.3817E-05  7.0431E+03  7.4643E-05  1.4753E-04  7.1845E-06
 3.9111E+25  2.4080E-05  7.0430E+03  7.4643E-05  1.4612E-04  7.1845E-06
 3.9204E+25  2.3850E-05  7.0428E+03  7.4643E-05  1.4471E-04  7.1845E-06
 3.9296E+25  2.4078E-05  7.0427E+03  7.4643E-05  1.4332E-04  7.1845E-06
 3.9389E+25  2.4348E-05  7.0425E+03  7.4643E-05  1.4194E-04  7.1845E-06
 3.9481E+25  2.4510E-05  7.0424E+03  7.4643E-05  1.4059E-04  7.1845E-06
 3.9574E+25  2.4342E-05  7.0422E+03  7.4643E-05  1.3926E-04  7.1845E-06
 3.9666E+25  2.4607E-05  7.0421E+03  7.4643E-05  1.3798E-04  7.1845E-06
 3.9759E+25  2.4881E-05  7.0419E+03  7.4643E-05  1.3670E-04  7.1845E-06
 3.9852E+25  2.4922E-05  7.0418E+03  7.4643E-05  1.3543E-04  7.1845E-06
 3.9944E+25  2.4871E-05  7.0417E+03  7.4643E-05  1.3416E-04  7.1845E-06
 4.0037E+25  2.5140E-05  7.0415E+03  7.4643E-05  1.3289E-04  7.1845E-06
 4.0129E+25  2.5416E-05  7.0414E+03  7.4643E-05  1.3164E-04  7.1845E-06
 4.0222E+25  2.5350E-05  7.0412E+03  7.4643E-05  1.3041E-04  7.1845E-06
 4.0314E+25  2.5402E-05  7.0411E+03  7.4643E-05  1.2920E-04  7.1845E-06
 4.0407E+25  2.5674E-05  7.0410E+03  7.4643E-05  1.2802E-04  7.1845E-06
 4.0500E+25  2.5954E-05  7.0408E+03  7.4643E-05  1.2687E-04  7.1845E-06
 4.0592E+25  2.5796E-05  7.0407E+03  7.4643E-05  1.2572E-04  7.1845E-06
 4.0685E+25  2.5937E-05  7.0406E+03  7.4643E-05  1.2457E-04  7.1845E-06
 4.0777E+25  2.6212E-05  7.0405E+03  7.4643E-05  1.2342E-04  7.1845E-06
 4.0870E+25  2.6493E-05  7.0403E+03  7.4643E-05  1.2229E-04  7.1845E-06
 4.0962E+25  2.6261E-05  7.0402E+03  7.4643E-05  1.2116E-04  7.1845E-06
 4.1055E+25  2.6473E-05  7.0401E+03  7.4643E-05  1.2006E-04  7.1845E-06
 4.1148E+25  2.6751E-05  7.0400E+03  7.4643E-05  1.1897E-04  7.1845E-06
 4.1240E+25  2.7029E-05  7.0398E+03  7.4643E-05  1.1791E-04  7.1845E-06
 4.1333E+25  2.6751E-05  7.0397E+03  7.4643E-05  1.1687E-04  7.1845E-06
 4.1425E+25  2.7012E-05  7.0396E+03  7.4643E-05  1.1584E-04  7.1845E-06
 4.1518E+25  2.7293E-05  7.0395E+03  7.4643E-05  1.1480E-04  7.1845E-06
 4.1610E+25  2.7556E-05  7.0394E+03  7.4643E-05  1.1378E-04  7.1845E-06
 4.1703E+25  2.7272E-05  7.0392E+03  7.4643E-05  1.1275E-04  7.1845E-06
 4.1796E+25  2.7554E-05  7.0391E+03  7.4643E-05  1.1173E-04  7.1845E-06
 4.1888E+25  2.7837E-05  7.0390E+03  7.4643E-05  1.1074E-04  7.1845E-06
 4.1981E+25  2.8088E-05  7.0389E+03  7.4643E-05  1.0976E-04  7.1845E-06
 4.2073E+25  2.7813E-05  7.0388E+03  7.4643E-05  1.0880E-04  7.1845E-06
 4.2166E+25  2.8097E-05  7.0387E+03  7.4643E-05  1.0787E-04  7.1845E-06
 4.2258E+25  2.8384E-05  7.0386E+03  7.4643E-05  1.0693E-04  7.1845E-06
 4.2351E+25  2.8640E-05  7.0385E+03  7.4643E-05  1.0600E-04  7.1845E-06
 4.2443E+25  2.8357E-05  7.0384E+03  7.4643E-05  1.0507E-04  7.1845E-06
 4.2536E+25  2.8644E-05  7.0383E+03  7.4643E-05  1.0415E-04  7.1845E-06
 4.2629E+25  2.8932E-05  7.0381E+03  7.4643E-05  1.0323E-04  7.1845E-06
 4.2721E+25  2.9211E-05  7.0380E+03  7.4643E-05  1.0233E-04  7.1845E-06
 4.2814E+25  2.8907E-05  7.0379E+03  7.4643E-05  1.0144E-04  7.1845E-06
 4.2906E+25  2.9193E-05  7.0378E+03  7.4643E-05  1.0057E-04  7.1845E-06
 4.2999E+25  2.9484E-05  7.0377E+03  7.4643E-05  9.9723E-05  7.1845E-06
 4.3091E+25  2.9778E-05  7.0376E+03  7.4643E-05  9.8885E-05  7.1845E-06
 4.3184E+25  2.9487E-05  7.0375E+03  7.4643E-05  9.8047E-05  7.1845E-06
 4.3277E+25  2.9744E-05  7.0374E+03  7.4643E-05  9.7211E-05  7.1845E-06
 4.3369E+25  3.0037E-05  7.0373E+03  7.4643E-05  9.6378E-05  7.1845E-06
 4.3462E+25  3.0338E-05  7.0372E+03  7.4643E-05  9.5549E-05  7.1845E-06
 4.3554E+25  3.0101E-05  7.0371E+03  7.4643E-05  9.4727E-05  7.1845E-06
 4.3647E+25  3.0298E-05  7.0371E+03  7.4643E-05  9.3922E-05  7.1845E-06
 4.3739E+25  3.0594E-05  7.0370E+03  7.4643E-05  9.3124E-05  7.1845E-06
 4.3832E+25  3.0896E-05  7.0369E+03  7.4643E-05  9.2347E-05  7.1845E-06
 4.3925E+25  3.0745E-05  7.0368E+03  7.4643E-05  9.1593E-05  7.1845E-06
 4.4017E+25  3.0853E-05  7.0367E+03  7.4643E-05  9.0841E-05  7.1845E-06
 4.4110E+25  3.1153E-05  7.0366E+03  7.4643E-05  9.0084E-05  7.1845E-06
 4.4202E+25  3.1455E-05  7.0365E+03  7.4643E-05  8.9333E-05  7.1845E-06
 4.4295E+25  3.1415E-05  7.0364E+03  7.4643E-05  8.8585E-05  7.1845E-06
 4.4387E+25  3.1412E-05  7.0363E+03  7.4643E-05  8.7841E-05  7.1845E-06
 4.4480E+25  3.1715E-05  7.0362E+03  7.4643E-05  8.7104E-05  7.1845E-06
 4.4573E+25  3.2018E-05  7.0362E+03  7.4643E-05  8.6379E-05  7.1845E-06
 4.4665E+25  3.2111E-05  7.0361E+03  7.4643E-05  8.5662E-05  7.1845E-06
 4.4758E+25  3.1975E-05  7.0360E+03  7.4643E-05  8.4967E-05  7.1845E-06
 4.4850E+25  3.2279E-05  7.0359E+03  7.4643E-05  8.4289E-05  7.1845E-06
 4.4943E+25  3.2584E-05  7.0358E+03  7.4643E-05  8.3612E-05  7.1845E-06
 4.5035E+25  3.2833E-05  7.0357E+03  7.4643E-05  8.2934E-05  7.1845E-06
 4.5128E+25  3.2541E-05  7.0357E+03  7.4643E-05  8.2258E-05  7.1845E-06
 4.5221E+25  3.2844E-05  7.0356E+03  7.4643E-05  8.1586E-05  7.1845E-06
 4.5313E+25  3.3155E-05  7.0355E+03  7.4643E-05  8.0916E-05  7.1845E-06
 4.5406E+25  3.3465E-05  7.0354E+03  7.4643E-05  8.0250E-05  7.1845E-06
 4.5498E+25  3.3227E-05  7.0353E+03  7.4643E-05  7.9599E-05  7.1845E-06
 4.5591E+25  3.3414E-05  7.0353E+03  7.4643E-05  7.8952E-05  7.1845E-06
 4.5683E+25  3.3727E-05  7.0352E+03  7.4643E-05  7.8322E-05  7.1845E-06
 4.5776E+25  3.4039E-05  7.0351E+03  7.4643E-05  7.7711E-05  7.1845E-06
 4.5869E+25  3.4004E-05  7.0350E+03  7.4643E-05  7.7104E-05  7.1845E-06
 4.5961E+25  3.3988E-05  7.0350E+03  7.4643E-05  7.6495E-05  7.1845E-06
 4.6054E+25  3.4300E-05  7.0349E+03  7.4643E-05  7.5886E-05  7.1845E-06
 4.6146E+25  3.4617E-05  7.0348E+03  7.4643E-05  7.5282E-05  7.1845E-06
 4.6239E+25  3.4811E-05  7.0347E+03  7.4643E-05  7.4679E-05  7.1845E-06
 4.6331E+25  3.4565E-05  7.0346E+03  7.4643E-05  7.4079E-05  7.1845E-06
 4.6424E+25  3.4877E-05  7.0346E+03  7.4643E-05  7.3489E-05  7.1845E-06
 4.6517E+25  3.5198E-05  7.0345E+03  7.4643E-05  7.2905E-05  7.1845E-06
 4.6609E+25  3.5516E-05  7.0344E+03  7.4643E-05  7.2327E-05  7.1845E-06
 4.6702E+25  3.5275E-05  7.0344E+03  7.4643E-05  7.1774E-05  7.1845E-06
 4.6794E+25  3.5460E-05  7.0343E+03  7.4643E-05  7.1228E-05  7.1845E-06
 4.6887E+25  3.5779E-05  7.0342E+03  7.4643E-05  7.0682E-05  7.1845E-06
 4.6979E+25  3.6104E-05  7.0342E+03  7.4643E-05  7.0134E-05  7.1845E-06
 4.7072E+25  3.6141E-05  7.0341E+03  7.4643E-05  6.9589E-05  7.1845E-06
 4.7165E+25  3.6045E-05  7.0340E+03  7.4643E-05  6.9047E-05  7.1845E-06
 4.7257E+25  3.6364E-05  7.0340E+03  7.4643E-05  6.8506E-05  7.1845E-06
 4.7350E+25  3.6693E-05  7.0339E+03  7.4643E-05  6.7968E-05  7.1845E-06
 4.7442E+25  3.7010E-05  7.0338E+03  7.4643E-05  6.7441E-05  7.1845E-06
 4.7535E+25  3.6664E-05  7.0337E+03  7.4643E-05  6.6916E-05  7.1845E-06
 4.7627E+25  3.6958E-05  7.0337E+03  7.4643E-05  6.6403E-05  7.1845E-06
 4.7720E+25  3.7281E-05  7.0336E+03  7.4643E-05  6.5909E-05  7.1845E-06
 4.7813E+25  3.7615E-05  7.0336E+03  7.4643E-05  6.5418E-05  7.1845E-06
 4.7905E+25  3.7586E-05  7.0335E+03  7.4643E-05  6.4927E-05  7.1845E-06
 4.7998E+25  3.7549E-05  7.0334E+03  7.4643E-05  6.4436E-05  7.1845E-06
 4.8090E+25  3.7878E-05  7.0334E+03  7.4643E-05  6.3947E-05  7.1845E-06
 4.8183E+25  3.8211E-05  7.0333E+03  7.4643E-05  6.3461E-05  7.1845E-06
 4.8275E+25  3.8533E-05  7.0332E+03  7.4643E-05  6.2974E-05  7.1845E-06
 4.8368E+25  3.8165E-05  7.0332E+03  7.4643E-05  6.2492E-05  7.1845E-06
 4.8461E+25  3.8479E-05  7.0331E+03  7.4643E-05  6.2018E-05  7.1845E-06
 4.8553E+25  3.8809E-05  7.0331E+03  7.4643E-05  6.1546E-05  7.1845E-06
 4.8646E+25  3.9150E-05  7.0330E+03  7.4643E-05  6.1084E-05  7.1845E-06
 4.8738E+25  3.9154E-05  7.0329E+03  7.4643E-05  6.0640E-05  7.1845E-06
 4.8831E+25  3.9077E-05  7.0329E+03  7.4643E-05  6.0200E-05  7.1845E-06
 4.8923E+25  3.9419E-05  7.0328E+03  7.4643E-05  5.9760E-05  7.1845E-06
 4.9016E+25  3.9752E-05  7.0328E+03  7.4643E-05  5.9319E-05  7.1845E-06
 4.9109E+25  4.0097E-05  7.0327E+03  7.4643E-05  5.8880E-05  7.1845E-06
 4.9201E+25  3.9780E-05  7.0326E+03  7.4643E-05  5.8441E-05  7.1845E-06
 4.9294E+25  4.0024E-05  7.0326E+03  7.4643E-05  5.8006E-05  7.1845E-06
 4.9386E+25  4.0367E-05  7.0325E+03  7.4643E-05  5.7571E-05  7.1845E-06
 4.9479E+25  4.0708E-05  7.0325E+03  7.4643E-05  5.7144E-05  7.1845E-06
 4.9571E+25  4.0857E-05  7.0324E+03  7.4643E-05  5.6719E-05  7.1845E-06
 4.9664E+25  4.0630E-05  7.0324E+03  7.4643E-05  5.6298E-05  7.1845E-06
 4.9757E+25  4.0981E-05  7.0323E+03  7.4643E-05  5.5896E-05  7.1845E-06
 4.9849E+25  4.1326E-05  7.0323E+03  7.4643E-05  5.5500E-05  7.1845E-06
 4.9942E+25  4.1675E-05  7.0322E+03  7.4643E-05  5.5106E-05  7.1845E-06
 5.0034E+25  4.1544E-05  7.0322E+03  7.4643E-05  5.4711E-05  7.1845E-06
 5.0127E+25  4.1593E-05  7.0321E+03  7.4643E-05  5.4315E-05  7.1845E-06
 5.0219E+25  4.1950E-05  7.0321E+03  7.4643E-05  5.3922E-05  7.1845E-06
 5.0312E+25  4.2297E-05  7.0320E+03  7.4643E-05  5.3530E-05  7.1845E-06
 5.0405E+25  4.2645E-05  7.0319E+03  7.4643E-05  5.3140E-05  7.1845E-06
 5.0497E+25  4.2269E-05  7.0319E+03  7.4643E-05  5.2751E-05  7.1845E-06
 5.0590E+25  4.2568E-05  7.0318E+03  7.4643E-05  5.2368E-05  7.1845E-06
 5.0682E+25  4.2929E-05  7.0318E+03  7.4643E-05  5.1988E-05  7.1845E-06
 5.0775E+25  4.3279E-05  7.0317E+03  7.4643E-05  5.1614E-05  7.1845E-06
 5.0867E+25  4.3452E-05  7.0317E+03  7.4643E-05  5.1257E-05  7.1845E-06
 5.0960E+25  4.3199E-05  7.0316E+03  7.4643E-05  5.0902E-05  7.1845E-06
 5.1053E+25  4.3554E-05  7.0316E+03  7.4643E-05  5.0549E-05  7.1845E-06
 5.1145E+25  4.3919E-05  7.0315E+03  7.4643E-05  5.0194E-05  7.1845E-06
 5.1238E+25  4.4273E-05  7.0315E+03  7.4643E-05  4.9840E-05  7.1845E-06
 5.1330E+25  4.4241E-05  7.0314E+03  7.4643E-05  4.9488E-05  7.1845E-06
 5.1423E+25  4.4191E-05  7.0314E+03  7.4643E-05  4.9137E-05  7.1845E-06
 5.1515E+25  4.4551E-05  7.0314E+03  7.4643E-05  4.8786E-05  7.1845E-06
 5.1608E+25  4.4920E-05  7.0313E+03  7.4643E-05  4.8438E-05  7.1845E-06
 5.1701E+25  4.5278E-05  7.0313E+03  7.4643E-05  4.8096E-05  7.1845E-06
 5.1793E+25  4.5064E-05  7.0312E+03  7.4643E-05  4.7754E-05  7.1845E-06
 5.1886E+25  4.5195E-05  7.0312E+03  7.4643E-05  4.7417E-05  7.1845E-06
 5.1978E+25  4.5559E-05  7.0311E+03  7.4643E-05  4.7097E-05  7.1845E-06
 5.2071E+25  4.5934E-05  7.0311E+03  7.4643E-05  4.6779E-05  7.1845E-06
 5.2163E+25  4.6291E-05  7.0310E+03  7.4643E-05  4.6463E-05  7.1845E-06
 5.2256E+25  4.5927E-05  7.0310E+03  7.4643E-05  4.6145E-05  7.1845E-06
 5.2349E+25  4.6212E-05  7.0309E+03  7.4643E-05  4.5827E-05  7.1845E-06
 5.2441E+25  4.6579E-05  7.0309E+03  7.4643E-05  4.5511E-05  7.1845E-06
 5.2534E+25  4.6959E-05  7.0308E+03  7.4643E-05  4.5196E-05  7.1845E-06
 5.2626E+25  4.7268E-05  7.0308E+03  7.4643E-05  4.4882E-05  7.1845E-06
 5.2719E+25  4.6873E-05  7.0308E+03  7.4643E-05  4.4569E-05  7.1845E-06
 5.2811E+25  4.7241E-05  7.0307E+03  7.4643E-05  4.4260E-05  7.1845E-06
 5.2904E+25  4.7612E-05  7.0307E+03  7.4643E-05  4.3953E-05  7.1845E-06
 5.2997E+25  4.7996E-05  7.0306E+03  7.4643E-05  4.3648E-05  7.1845E-06
 5.3089E+25  4.8206E-05  7.0306E+03  7.4643E-05  4.3358E-05  7.1845E-06
 5.3182E+25  4.7910E-05  7.0305E+03  7.4643E-05  4.3073E-05  7.1845E-06
 5.3274E+25  4.8284E-05  7.0305E+03  7.4643E-05  4.2789E-05  7.1845E-06
 5.3367E+25  4.8656E-05  7.0305E+03  7.4643E-05  4.2504E-05  7.1845E-06
 5.3459E+25  4.9046E-05  7.0304E+03  7.4643E-05  4.2219E-05  7.1845E-06
 5.3552E+25  4.9182E-05  7.0304E+03  7.4643E-05  4.1935E-05  7.1845E-06
 5.3645E+25  4.8959E-05  7.0303E+03  7.4643E-05  4.1653E-05  7.1845E-06
 5.3737E+25  4.9340E-05  7.0303E+03  7.4643E-05  4.1370E-05  7.1845E-06
 5.3830E+25  4.9714E-05  7.0303E+03  7.4643E-05  4.1089E-05  7.1845E-06
 5.3922E+25  5.0108E-05  7.0302E+03  7.4643E-05  4.0810E-05  7.1845E-06
 5.4015E+25  5.0199E-05  7.0302E+03  7.4643E-05  4.0534E-05  7.1845E-06
 5.4107E+25  5.0022E-05  7.0301E+03  7.4643E-05  4.0258E-05  7.1845E-06
 5.4200E+25  5.0409E-05  7.0301E+03  7.4643E-05  3.9988E-05  7.1845E-06
 5.4292E+25  5.0787E-05  7.0301E+03  7.4643E-05  3.9731E-05  7.1845E-06
 5.4385E+25  5.1183E-05  7.0300E+03  7.4643E-05  3.9475E-05  7.1845E-06
 5.4478E+25  5.1257E-05  7.0300E+03  7.4643E-05  3.9221E-05  7.1845E-06
 5.4570E+25  5.1096E-05  7.0299E+03  7.4643E-05  3.8966E-05  7.1845E-06
 5.4663E+25  5.1491E-05  7.0299E+03  7.4643E-05  3.8712E-05  7.1845E-06
 5.4755E+25  5.1877E-05  7.0299E+03  7.4643E-05  3.8457E-05  7.1845E-06
 5.4848E+25  5.2270E-05  7.0298E+03  7.4643E-05  3.8204E-05  7.1845E-06
 5.4940E+25  5.2354E-05  7.0298E+03  7.4643E-05  3.7951E-05  7.1845E-06
 5.5033E+25  5.2189E-05  7.0297E+03  7.4643E-05  3.7699E-05  7.1845E-06
 5.5126E+25  5.2587E-05  7.0297E+03  7.4643E-05  3.7450E-05  7.1845E-06
 5.5218E+25  5.2980E-05  7.0297E+03  7.4643E-05  3.7201E-05  7.1845E-06
 5.5311E+25  5.3372E-05  7.0296E+03  7.4643E-05  3.6954E-05  7.1845E-06
 5.5403E+25  5.3492E-05  7.0296E+03  7.4643E-05  3.6712E-05  7.1845E-06
 5.5496E+25  5.3300E-05  7.0296E+03  7.4643E-05  3.6480E-05  7.1845E-06
 5.5588E+25  5.3696E-05  7.0295E+03  7.4643E-05  3.6252E-05  7.1845E-06
 5.5681E+25  5.4097E-05  7.0295E+03  7.4643E-05  3.6025E-05  7.1845E-06
 5.5774E+25  5.4490E-05  7.0295E+03  7.4643E-05  3.5796E-05  7.1845E-06
 5.5866E+25  5.4673E-05  7.0294E+03  7.4643E-05  3.5568E-05  7.1845E-06
 5.5959E+25  5.4427E-05  7.0294E+03  7.4643E-05  3.5341E-05  7.1845E-06
 5.6051E+25  5.4817E-05  7.0293E+03  7.4643E-05  3.5114E-05  7.1845E-06
 5.6144E+25  5.5228E-05  7.0293E+03  7.4643E-05  3.4888E-05  7.1845E-06
 5.6236E+25  5.5630E-05  7.0293E+03  7.4643E-05  3.4661E-05  7.1845E-06
 5.6329E+25  5.5896E-05  7.0292E+03  7.4643E-05  3.4436E-05  7.1845E-06
 5.6422E+25  5.5564E-05  7.0292E+03  7.4643E-05  3.4214E-05  7.1845E-06
 5.6514E+25  5.5961E-05  7.0292E+03  7.4643E-05  3.3992E-05  7.1845E-06
 5.6607E+25  5.6373E-05  7.0291E+03  7.4643E-05  3.3772E-05  7.1845E-06
 5.6699E+25  5.6783E-05  7.0291E+03  7.4643E-05  3.3561E-05  7.1845E-06
 5.6792E+25  5.7154E-05  7.0291E+03  7.4643E-05  3.3356E-05  7.1845E-06
 5.6884E+25  5.6727E-05  7.0290E+03  7.4643E-05  3.3152E-05  7.1845E-06
 5.6977E+25  5.7125E-05  7.0290E+03  7.4643E-05  3.2948E-05  7.1845E-06
 5.7070E+25  5.7531E-05  7.0290E+03  7.4643E-05  3.2744E-05  7.1845E-06
 5.7162E+25  5.7952E-05  7.0289E+03  7.4643E-05  3.2540E-05  7.1845E-06
 5.7255E+25  5.8359E-05  7.0289E+03  7.4643E-05  3.2337E-05  7.1845E-06
 5.7347E+25  5.8010E-05  7.0289E+03  7.4643E-05  3.2134E-05  7.1845E-06
 5.7440E+25  5.8302E-05  7.0288E+03  7.4643E-05  3.1931E-05  7.1845E-06
 5.7532E+25  5.8709E-05  7.0288E+03  7.4643E-05  3.1729E-05  7.1845E-06
 5.7625E+25  5.9134E-05  7.0288E+03  7.4643E-05  3.1529E-05  7.1845E-06
 5.7718E+25  5.9555E-05  7.0287E+03  7.4643E-05  3.1330E-05  7.1845E-06
 5.7810E+25  5.9369E-05  7.0287E+03  7.4643E-05  3.1131E-05  7.1845E-06
 5.7903E+25  5.9491E-05  7.0287E+03  7.4643E-05  3.0934E-05  7.1845E-06
 5.7995E+25  5.9913E-05  7.0286E+03  7.4643E-05  3.0748E-05  7.1845E-06
 5.8088E+25  6.0329E-05  7.0286E+03  7.4643E-05  3.0564E-05  7.1845E-06
 5.8180E+25  6.0762E-05  7.0286E+03  7.4643E-05  3.0382E-05  7.1845E-06
 5.8273E+25  6.0789E-05  7.0285E+03  7.4643E-05  3.0200E-05  7.1845E-06
 5.8366E+25  6.0694E-05  7.0285E+03  7.4643E-05  3.0017E-05  7.1845E-06
 5.8458E+25  6.1129E-05  7.0285E+03  7.4643E-05  2.9834E-05  7.1845E-06
 5.8551E+25  6.1549E-05  7.0284E+03  7.4643E-05  2.9652E-05  7.1845E-06
 5.8643E+25  6.1983E-05  7.0284E+03  7.4643E-05  2.9471E-05  7.1845E-06
 5.8736E+25  6.2255E-05  7.0284E+03  7.4643E-05  2.9290E-05  7.1845E-06
 5.8828E+25  6.1923E-05  7.0284E+03  7.4643E-05  2.9109E-05  7.1845E-06
 5.8921E+25  6.2357E-05  7.0283E+03  7.4643E-05  2.8929E-05  7.1845E-06
 5.9014E+25  6.2795E-05  7.0283E+03  7.4643E-05  2.8751E-05  7.1845E-06
 5.9106E+25  6.3216E-05  7.0283E+03  7.4643E-05  2.8572E-05  7.1845E-06
 5.9199E+25  6.3656E-05  7.0282E+03  7.4643E-05  2.8396E-05  7.1845E-06
 5.9291E+25  6.3289E-05  7.0282E+03  7.4643E-05  2.8228E-05  7.1845E-06
 5.9384E+25  6.3603E-05  7.0282E+03  7.4643E-05  2.8063E-05  7.1845E-06
 5.9476E+25  6.4048E-05  7.0281E+03  7.4643E-05  2.7899E-05  7.1845E-06
 5.9569E+25  6.4485E-05  7.0281E+03  7.4643E-05  2.7737E-05  7.1845E-06
 5.9662E+25  6.4923E-05  7.0281E+03  7.4643E-05  2.7573E-05  7.1845E-06
 5.9754E+25  6.4847E-05  7.0281E+03  7.4643E-05  2.7410E-05  7.1845E-06
 5.9847E+25  6.4882E-05  7.0280E+03  7.4643E-05  2.7247E-05  7.1845E-06
 5.9939E+25  6.5318E-05  7.0280E+03  7.4643E-05  2.7085E-05  7.1845E-06
 6.0032E+25  6.5770E-05  7.0280E+03  7.4643E-05  2.6923E-05  7.1845E-06
 6.0124E+25  6.6207E-05  7.0279E+03  7.4643E-05  2.6760E-05  7.1845E-06
 6.0217E+25  6.6458E-05  7.0279E+03  7.4643E-05  2.6599E-05  7.1845E-06
 6.0310E+25  6.6178E-05  7.0279E+03  7.4643E-05  2.6439E-05  7.1845E-06
 6.0402E+25  6.6617E-05  7.0279E+03  7.4643E-05  2.6279E-05  7.1845E-06
 6.0495E+25  6.7065E-05  7.0278E+03  7.4643E-05  2.6120E-05  7.1845E-06
 6.0587E+25  6.7524E-05  7.0278E+03  7.4643E-05  2.5964E-05  7.1845E-06
 6.0680E+25  6.7958E-05  7.0278E+03  7.4643E-05  2.5816E-05  7.1845E-06
 6.0772E+25  6.7649E-05  7.0277E+03  7.4643E-05  2.5669E-05  7.1845E-06
 6.0865E+25  6.7942E-05  7.0277E+03  7.4643E-05  2.5524E-05  7.1845E-06
 6.0958E+25  6.8386E-05  7.0277E+03  7.4643E-05  2.5378E-05  7.1845E-06
 6.1050E+25  6.8844E-05  7.0277E+03  7.4643E-05  2.5232E-05  7.1845E-06
 6.1143E+25  6.9306E-05  7.0276E+03  7.4643E-05  2.5086E-05  7.1845E-06
 6.1235E+25  6.9354E-05  7.0276E+03  7.4643E-05  2.4940E-05  7.1845E-06
 6.1328E+25  6.9285E-05  7.0276E+03  7.4643E-05  2.4795E-05  7.1845E-06
 6.1420E+25  6.9740E-05  7.0275E+03  7.4643E-05  2.4650E-05  7.1845E-06
 6.1513E+25  7.0190E-05  7.0275E+03  7.4643E-05  2.4505E-05  7.1845E-06
 6.1606E+25  7.0657E-05  7.0275E+03  7.4643E-05  2.4361E-05  7.1845E-06
 6.1698E+25  7.1095E-05  7.0275E+03  7.4643E-05  2.4218E-05  7.1845E-06
 6.1791E+25  7.0680E-05  7.0274E+03  7.4643E-05  2.4075E-05  7.1845E-06
 6.1883E+25  7.1111E-05  7.0274E+03  7.4643E-05  2.3932E-05  7.1845E-06
 6.1976E+25  7.1572E-05  7.0274E+03  7.4643E-05  2.3793E-05  7.1845E-06
 6.2068E+25  7.2029E-05  7.0273E+03  7.4643E-05  2.3661E-05  7.1845E-06
 6.2161E+25  7.2503E-05  7.0273E+03  7.4643E-05  2.3529E-05  7.1845E-06
 6.2254E+25  7.2482E-05  7.0273E+03  7.4643E-05  2.3399E-05  7.1845E-06
 6.2346E+25  7.2500E-05  7.0273E+03  7.4643E-05  2.3269E-05  7.1845E-06
 6.2439E+25  7.2971E-05  7.0272E+03  7.4643E-05  2.3139E-05  7.1845E-06
 6.2531E+25  7.3440E-05  7.0272E+03  7.4643E-05  2.3008E-05  7.1845E-06
 6.2624E+25  7.3903E-05  7.0272E+03  7.4643E-05  2.2878E-05  7.1845E-06
 6.2716E+25  7.4343E-05  7.0272E+03  7.4643E-05  2.2748E-05  7.1845E-06
 6.2809E+25  7.3935E-05  7.0271E+03  7.4643E-05  2.2619E-05  7.1845E-06
 6.2902E+25  7.4391E-05  7.0271E+03  7.4643E-05  2.2489E-05  7.1845E-06
 6.2994E+25  7.4868E-05  7.0271E+03  7.4643E-05  2.2360E-05  7.1845E-06
 6.3087E+25  7.5344E-05  7.0271E+03  7.4643E-05  2.2231E-05  7.1845E-06
 6.3179E+25  7.5814E-05  7.0270E+03  7.4643E-05  2.2103E-05  7.1845E-06
 6.3272E+25  7.5831E-05  7.0270E+03  7.4643E-05  2.1976E-05  7.1845E-06
 6.3364E+25  7.5839E-05  7.0270E+03  7.4643E-05  2.1849E-05  7.1845E-06
 6.3457E+25  7.6319E-05  7.0269E+03  7.4643E-05  2.1729E-05  7.1845E-06
 6.3550E+25  7.6802E-05  7.0269E+03  7.4643E-05  2.1611E-05  7.1845E-06
 6.3642E+25  7.7286E-05  7.0269E+03  7.4643E-05  2.1494E-05  7.1845E-06
 6.3735E+25  7.7743E-05  7.0269E+03  7.4643E-05  2.1379E-05  7.1845E-06
 6.3827E+25  7.7385E-05  7.0268E+03  7.4643E-05  2.1262E-05  7.1845E-06
 6.3920E+25  7.7798E-05  7.0268E+03  7.4643E-05  2.1146E-05  7.1845E-06
 6.4012E+25  7.8285E-05  7.0268E+03  7.4643E-05  2.1029E-05  7.1845E-06
 6.4105E+25  7.8775E-05  7.0268E+03  7.4643E-05  2.0913E-05  7.1845E-06
 6.4198E+25  7.9266E-05  7.0267E+03  7.4643E-05  2.0797E-05  7.1845E-06
 6.4290E+25  7.9402E-05  7.0267E+03  7.4643E-05  2.0682E-05  7.1845E-06
 6.4383E+25  7.9313E-05  7.0267E+03  7.4643E-05  2.0566E-05  7.1845E-06
 6.4475E+25  7.9798E-05  7.0267E+03  7.4643E-05  2.0450E-05  7.1845E-06
 6.4568E+25  8.0290E-05  7.0266E+03  7.4643E-05  2.0335E-05  7.1845E-06
 6.4660E+25  8.0787E-05  7.0266E+03  7.4643E-05  2.0221E-05  7.1845E-06
 6.4753E+25  8.1283E-05  7.0266E+03  7.4643E-05  2.0107E-05  7.1845E-06
 6.4846E+25  8.1066E-05  7.0266E+03  7.4643E-05  1.9994E-05  7.1845E-06
 6.4938E+25  8.1344E-05  7.0265E+03  7.4643E-05  1.9888E-05  7.1845E-06
 6.5031E+25  8.1839E-05  7.0265E+03  7.4643E-05  1.9782E-05  7.1845E-06
 6.5123E+25  8.2335E-05  7.0265E+03  7.4643E-05  1.9678E-05  7.1845E-06
 6.5216E+25  8.2841E-05  7.0264E+03  7.4643E-05  1.9575E-05  7.1845E-06
 6.5308E+25  8.3221E-05  7.0264E+03  7.4643E-05  1.9471E-05  7.1845E-06
 6.5401E+25  8.2918E-05  7.0264E+03  7.4643E-05  1.9366E-05  7.1845E-06
 6.5494E+25  8.3418E-05  7.0264E+03  7.4643E-05  1.9263E-05  7.1845E-06
 6.5586E+25  8.3922E-05  7.0264E+03  7.4643E-05  1.9159E-05  7.1845E-06
 6.5679E+25  8.4421E-05  7.0263E+03  7.4643E-05  1.9055E-05  7.1845E-06
 6.5771E+25  8.4937E-05  7.0263E+03  7.4643E-05  1.8952E-05  7.1845E-06
 6.5864E+25  8.5009E-05  7.0263E+03  7.4643E-05  1.8849E-05  7.1845E-06
 6.5956E+25  8.5032E-05  7.0263E+03  7.4643E-05  1.8745E-05  7.1845E-06
 6.6049E+25  8.5535E-05  7.0262E+03  7.4643E-05  1.8643E-05  7.1845E-06
 6.6142E+25  8.6048E-05  7.0262E+03  7.4643E-05  1.8540E-05  7.1845E-06
 6.6234E+25  8.6550E-05  7.0262E+03  7.4643E-05  1.8438E-05  7.1845E-06
 6.6327E+25  8.7071E-05  7.0261E+03  7.4643E-05  1.8336E-05  7.1845E-06
 6.6419E+25  8.6871E-05  7.0261E+03  7.4643E-05  1.8240E-05  7.1845E-06
 6.6512E+25  8.7191E-05  7.0261E+03  7.4643E-05  1.8146E-05  7.1845E-06
 6.6604E+25  8.7697E-05  7.0261E+03  7.4643E-05  1.8052E-05  7.1845E-06
 6.6697E+25  8.8217E-05  7.0260E+03  7.4643E-05  1.7960E-05  7.1845E-06
 6.6789E+25  8.8725E-05  7.0260E+03  7.4643E-05  1.7867E-05  7.1845E-06
 6.6882E+25  8.9182E-05  7.0260E+03  7.4643E-05  1.7774E-05  7.1845E-06
 6.6975E+25  8.8873E-05  7.0260E+03  7.4643E-05  1.7681E-05  7.1845E-06
 6.7067E+25  8.9395E-05  7.0260E+03  7.4643E-05  1.7589E-05  7.1845E-06
 6.7160E+25  8.9906E-05  7.0259E+03  7.4643E-05  1.7496E-05  7.1845E-06
 6.7252E+25  9.0430E-05  7.0259E+03  7.4643E-05  1.7404E-05  7.1845E-06
 6.7345E+25  9.0947E-05  7.0259E+03  7.4643E-05  1.7312E-05  7.1845E-06
 6.7437E+25  9.1174E-05  7.0259E+03  7.4643E-05  1.7219E-05  7.1845E-06
 6.7530E+25  9.1113E-05  7.0258E+03  7.4643E-05  1.7127E-05  7.1845E-06
 6.7623E+25  9.1643E-05  7.0258E+03  7.4643E-05  1.7036E-05  7.1845E-06
 6.7715E+25  9.2164E-05  7.0258E+03  7.4643E-05  1.6944E-05  7.1845E-06
 6.7808E+25  9.2690E-05  7.0257E+03  7.4643E-05  1.6853E-05  7.1845E-06
 6.7900E+25  9.3218E-05  7.0257E+03  7.4643E-05  1.6763E-05  7.1845E-06
 6.7993E+25  9.3235E-05  7.0257E+03  7.4643E-05  1.6678E-05  7.1845E-06
 6.8085E+25  9.3406E-05  7.0257E+03  7.4643E-05  1.6593E-05  7.1845E-06
 6.8178E+25  9.3935E-05  7.0256E+03  7.4643E-05  1.6510E-05  7.1845E-06
 6.8271E+25  9.4472E-05  7.0256E+03  7.4643E-05  1.6428E-05  7.1845E-06
 6.8363E+25  9.4999E-05  7.0256E+03  7.4643E-05  1.6345E-05  7.1845E-06
 6.8456E+25  9.5533E-05  7.0256E+03  7.4643E-05  1.6262E-05  7.1845E-06
 6.8548E+25  9.5378E-05  7.0256E+03  7.4643E-05  1.6179E-05  7.1845E-06
 6.8641E+25  9.5744E-05  7.0255E+03  7.4643E-05  1.6097E-05  7.1845E-06
 6.8733E+25  9.6280E-05  7.0255E+03  7.4643E-05  1.6014E-05  7.1845E-06
 6.8826E+25  9.6828E-05  7.0255E+03  7.4643E-05  1.5932E-05  7.1845E-06
 6.8919E+25  9.7361E-05  7.0254E+03  7.4643E-05  1.5849E-05  7.1845E-06
 6.9011E+25  9.7873E-05  7.0254E+03  7.4643E-05  1.5767E-05  7.1845E-06
 6.9104E+25  9.7622E-05  7.0254E+03  7.4643E-05  1.5685E-05  7.1845E-06
 6.9196E+25  9.8131E-05  7.0254E+03  7.4643E-05  1.5603E-05  7.1845E-06
 6.9289E+25  9.8680E-05  7.0253E+03  7.4643E-05  1.5521E-05  7.1845E-06
 6.9381E+25  9.9229E-05  7.0253E+03  7.4643E-05  1.5439E-05  7.1845E-06
 6.9474E+25  9.9778E-05  7.0253E+03  7.4643E-05  1.5358E-05  7.1845E-06
 6.9567E+25  1.0019E-04  7.0253E+03  7.4643E-05  1.5282E-05  7.1845E-06
 6.9659E+25  1.0002E-04  7.0253E+03  7.4643E-05  1.5206E-05  7.1845E-06
 6.9752E+25  1.0057E-04  7.0252E+03  7.4643E-05  1.5131E-05  7.1845E-06
 6.9844E+25  1.0113E-04  7.0252E+03  7.4643E-05  1.5058E-05  7.1845E-06
 6.9937E+25  1.0168E-04  7.0252E+03  7.4643E-05  1.4985E-05  7.1845E-06
 7.0029E+25  1.0224E-04  7.0251E+03  7.4643E-05  1.4911E-05  7.1845E-06
 7.0122E+25  1.0254E-04  7.0251E+03  7.4643E-05  1.4837E-05  7.1845E-06
 7.0215E+25  1.0252E-04  7.0251E+03  7.4643E-05  1.4763E-05  7.1845E-06
 7.0307E+25  1.0306E-04  7.0251E+03  7.4643E-05  1.4689E-05  7.1845E-06
 7.0400E+25  1.0363E-04  7.0250E+03  7.4643E-05  1.4616E-05  7.1845E-06
 7.0492E+25  1.0419E-04  7.0250E+03  7.4643E-05  1.4542E-05  7.1845E-06
 7.0585E+25  1.0476E-04  7.0250E+03  7.4643E-05  1.4469E-05  7.1845E-06
 7.0677E+25  1.0498E-04  7.0250E+03  7.4643E-05  1.4395E-05  7.1845E-06
 7.0770E+25  1.0506E-04  7.0250E+03  7.4643E-05  1.4322E-05  7.1845E-06
 7.0863E+25  1.0562E-04  7.0249E+03  7.4643E-05  1.4248E-05  7.1845E-06
 7.0955E+25  1.0619E-04  7.0249E+03  7.4643E-05  1.4175E-05  7.1845E-06
 7.1048E+25  1.0676E-04  7.0249E+03  7.4643E-05  1.4102E-05  7.1845E-06
 7.1140E+25  1.0733E-04  7.0248E+03  7.4643E-05  1.4031E-05  7.1845E-06
 7.1233E+25  1.0749E-04  7.0248E+03  7.4643E-05  1.3964E-05  7.1845E-06
 7.1325E+25  1.0767E-04  7.0248E+03  7.4643E-05  1.3896E-05  7.1845E-06
 7.1418E+25  1.0824E-04  7.0248E+03  7.4643E-05  1.3830E-05  7.1845E-06
 7.1511E+25  1.0880E-04  7.0247E+03  7.4643E-05  1.3765E-05  7.1845E-06
 7.1603E+25  1.0938E-04  7.0247E+03  7.4643E-05  1.3699E-05  7.1845E-06
 7.1696E+25  1.0996E-04  7.0247E+03  7.4643E-05  1.3633E-05  7.1845E-06
 7.1788E+25  1.1008E-04  7.0247E+03  7.4643E-05  1.3567E-05  7.1845E-06
 7.1881E+25  1.1034E-04  7.0246E+03  7.4643E-05  1.3501E-05  7.1845E-06
 7.1973E+25  1.1091E-04  7.0246E+03  7.4643E-05  1.3435E-05  7.1845E-06
 7.2066E+25  1.1148E-04  7.0246E+03  7.4643E-05  1.3370E-05  7.1845E-06
 7.2159E+25  1.1206E-04  7.0245E+03  7.4643E-05  1.3304E-05  7.1845E-06
 7.2251E+25  1.1264E-04  7.0245E+03  7.4643E-05  1.3238E-05  7.1845E-06
 7.2344E+25  1.1274E-04  7.0245E+03  7.4643E-05  1.3173E-05  7.1845E-06
 7.2436E+25  1.1307E-04  7.0245E+03  7.4643E-05  1.3107E-05  7.1845E-06
 7.2529E+25  1.1364E-04  7.0245E+03  7.4643E-05  1.3042E-05  7.1845E-06
 7.2621E+25  1.1422E-04  7.0244E+03  7.4643E-05  1.2976E-05  7.1845E-06
 7.2714E+25  1.1480E-04  7.0244E+03  7.4643E-05  1.2911E-05  7.1845E-06
 7.2807E+25  1.1539E-04  7.0244E+03  7.4643E-05  1.2847E-05  7.1845E-06
 7.2899E+25  1.1548E-04  7.0244E+03  7.4643E-05  1.2787E-05  7.1845E-06
 7.2992E+25  1.1585E-04  7.0243E+03  7.4643E-05  1.2726E-05  7.1845E-06
 7.3084E+25  1.1644E-04  7.0243E+03  7.4643E-05  1.2667E-05  7.1845E-06
 7.3177E+25  1.1702E-04  7.0243E+03  7.4643E-05  1.2609E-05  7.1845E-06
 7.3269E+25  1.1761E-04  7.0242E+03  7.4643E-05  1.2550E-05  7.1845E-06
 7.3362E+25  1.1819E-04  7.0242E+03  7.4643E-05  1.2491E-05  7.1845E-06
 7.3455E+25  1.1831E-04  7.0242E+03  7.4643E-05  1.2433E-05  7.1845E-06
 7.3547E+25  1.1870E-04  7.0242E+03  7.4643E-05  1.2374E-05  7.1845E-06
 7.3640E+25  1.1930E-04  7.0241E+03  7.4643E-05  1.2315E-05  7.1845E-06
 7.3732E+25  1.1989E-04  7.0241E+03  7.4643E-05  1.2257E-05  7.1845E-06
 7.3825E+25  1.2048E-04  7.0241E+03  7.4643E-05  1.2198E-05  7.1845E-06
 7.3917E+25  1.2107E-04  7.0240E+03  7.4643E-05  1.2140E-05  7.1845E-06
 7.4010E+25  1.2121E-04  7.0240E+03  7.4643E-05  1.2081E-05  7.1845E-06
 7.4103E+25  1.2160E-04  7.0240E+03  7.4643E-05  1.2023E-05  7.1845E-06
 7.4195E+25  1.2221E-04  7.0240E+03  7.4643E-05  1.1964E-05  7.1845E-06
 7.4288E+25  1.2282E-04  7.0239E+03  7.4643E-05  1.1906E-05  7.1845E-06
 7.4380E+25  1.2342E-04  7.0239E+03  7.4643E-05  1.1848E-05  7.1845E-06
 7.4473E+25  1.2401E-04  7.0239E+03  7.4643E-05  1.1789E-05  7.1845E-06
 7.4565E+25  1.2419E-04  7.0239E+03  7.4643E-05  1.1733E-05  7.1845E-06
 7.4658E+25  1.2458E-04  7.0238E+03  7.4643E-05  1.1679E-05  7.1845E-06
 7.4751E+25  1.2519E-04  7.0238E+03  7.4643E-05  1.1625E-05  7.1845E-06
 7.4843E+25  1.2581E-04  7.0238E+03  7.4643E-05  1.1573E-05  7.1845E-06
 7.4936E+25  1.2643E-04  7.0237E+03  7.4643E-05  1.1521E-05  7.1845E-06
 7.5028E+25  1.2703E-04  7.0237E+03  7.4643E-05  1.1469E-05  7.1845E-06
 7.5121E+25  1.2725E-04  7.0237E+03  7.4643E-05  1.1416E-05  7.1845E-06
 7.5213E+25  1.2763E-04  7.0237E+03  7.4643E-05  1.1364E-05  7.1845E-06
 7.5306E+25  1.2824E-04  7.0236E+03  7.4643E-05  1.1312E-05  7.1845E-06
 7.5399E+25  1.2886E-04  7.0236E+03  7.4643E-05  1.1259E-05  7.1845E-06
 7.5491E+25  1.2949E-04  7.0236E+03  7.4643E-05  1.1207E-05  7.1845E-06
 7.5584E+25  1.3011E-04  7.0235E+03  7.4643E-05  1.1155E-05  7.1845E-06
 7.5676E+25  1.3040E-04  7.0235E+03  7.4643E-05  1.1103E-05  7.1845E-06
 7.5769E+25  1.3075E-04  7.0235E+03  7.4643E-05  1.1051E-05  7.1845E-06
 7.5861E+25  1.3137E-04  7.0235E+03  7.4643E-05  1.0998E-05  7.1845E-06
 7.5954E+25  1.3199E-04  7.0234E+03  7.4643E-05  1.0946E-05  7.1845E-06
 7.6047E+25  1.3262E-04  7.0234E+03  7.4643E-05  1.0894E-05  7.1845E-06
 7.6139E+25  1.3325E-04  7.0234E+03  7.4643E-05  1.0842E-05  7.1845E-06
 7.6232E+25  1.3362E-04  7.0234E+03  7.4643E-05  1.0790E-05  7.1845E-06
 7.6324E+25  1.3395E-04  7.0233E+03  7.4643E-05  1.0740E-05  7.1845E-06
 7.6417E+25  1.3456E-04  7.0233E+03  7.4643E-05  1.0691E-05  7.1845E-06
 7.6509E+25  1.3519E-04  7.0233E+03  7.4643E-05  1.0643E-05  7.1845E-06
 7.6602E+25  1.3582E-04  7.0232E+03  7.4643E-05  1.0595E-05  7.1845E-06
 7.6695E+25  1.3646E-04  7.0232E+03  7.4643E-05  1.0549E-05  7.1845E-06
 7.6787E+25  1.3692E-04  7.0232E+03  7.4643E-05  1.0503E-05  7.1845E-06
 7.6880E+25  1.3722E-04  7.0231E+03  7.4643E-05  1.0457E-05  7.1845E-06
 7.6972E+25  1.3784E-04  7.0231E+03  7.4643E-05  1.0410E-05  7.1845E-06
 7.7065E+25  1.3847E-04  7.0231E+03  7.4643E-05  1.0363E-05  7.1845E-06
 7.7157E+25  1.3910E-04  7.0230E+03  7.4643E-05  1.0317E-05  7.1845E-06
 7.7250E+25  1.3973E-04  7.0230E+03  7.4643E-05  1.0270E-05  7.1845E-06
 7.7343E+25  1.4027E-04  7.0230E+03  7.4643E-05  1.0224E-05  7.1845E-06
 7.7435E+25  1.4057E-04  7.0230E+03  7.4643E-05  1.0177E-05  7.1845E-06
 7.7528E+25  1.4119E-04  7.0229E+03  7.4643E-05  1.0131E-05  7.1845E-06
 7.7620E+25  1.4182E-04  7.0229E+03  7.4643E-05  1.0084E-05  7.1845E-06
 7.7713E+25  1.4245E-04  7.0229E+03  7.4643E-05  1.0038E-05  7.1845E-06
 7.7805E+25  1.4309E-04  7.0228E+03  7.4643E-05  9.9911E-06  7.1845E-06
 7.7898E+25  1.4369E-04  7.0228E+03  7.4643E-05  9.9447E-06  7.1845E-06
 7.7991E+25  1.4398E-04  7.0228E+03  7.4643E-05  9.8982E-06  7.1845E-06
 7.8083E+25  1.4462E-04  7.0227E+03  7.4643E-05  9.8519E-06  7.1845E-06
 7.8176E+25  1.4526E-04  7.0227E+03  7.4643E-05  9.8076E-06  7.1845E-06
 7.8268E+25  1.4589E-04  7.0227E+03  7.4643E-05  9.7644E-06  7.1845E-06
 7.8361E+25  1.4652E-04  7.0226E+03  7.4643E-05  9.7211E-06  7.1845E-06
 7.8453E+25  1.4715E-04  7.0226E+03  7.4643E-05  9.6790E-06  7.1845E-06
 7.8546E+25  1.4749E-04  7.0226E+03  7.4643E-05  9.6383E-06  7.1845E-06
 7.8638E+25  1.4811E-04  7.0226E+03  7.4643E-05  9.5971E-06  7.1845E-06
 7.8731E+25  1.4876E-04  7.0225E+03  7.4643E-05  9.5553E-06  7.1845E-06
 7.8824E+25  1.4941E-04  7.0225E+03  7.4643E-05  9.5138E-06  7.1845E-06
 7.8916E+25  1.5004E-04  7.0224E+03  7.4643E-05  9.4723E-06  7.1845E-06
 7.9009E+25  1.5068E-04  7.0224E+03  7.4643E-05  9.4309E-06  7.1845E-06
 7.9101E+25  1.5110E-04  7.0224E+03  7.4643E-05  9.3894E-06  7.1845E-06
 7.9194E+25  1.5166E-04  7.0224E+03  7.4643E-05  9.3481E-06  7.1845E-06
 7.9286E+25  1.5234E-04  7.0223E+03  7.4643E-05  9.3067E-06  7.1845E-06
 7.9379E+25  1.5299E-04  7.0223E+03  7.4643E-05  9.2652E-06  7.1845E-06
 7.9472E+25  1.5364E-04  7.0222E+03  7.4643E-05  9.2236E-06  7.1845E-06
 7.9564E+25  1.5428E-04  7.0222E+03  7.4643E-05  9.1821E-06  7.1845E-06
 7.9657E+25  1.5478E-04  7.0222E+03  7.4643E-05  9.1407E-06  7.1845E-06
 7.9749E+25  1.5531E-04  7.0222E+03  7.4643E-05  9.0992E-06  7.1845E-06
 7.9842E+25  1.5597E-04  7.0221E+03  7.4643E-05  9.0578E-06  7.1845E-06
 7.9934E+25  1.5665E-04  7.0221E+03  7.4643E-05  9.0165E-06  7.1845E-06
 8.0027E+25  1.5732E-04  7.0220E+03  7.4643E-05  8.9763E-06  7.1845E-06
 8.0120E+25  1.5797E-04  7.0220E+03  7.4643E-05  8.9375E-06  7.1845E-06
 8.0212E+25  1.5854E-04  7.0220E+03  7.4643E-05  8.8990E-06  7.1845E-06
 8.0305E+25  1.5904E-04  7.0220E+03  7.4643E-05  8.8609E-06  7.1845E-06
 8.0397E+25  1.5971E-04  7.0219E+03  7.4643E-05  8.8244E-06  7.1845E-06
 8.0490E+25  1.6037E-04  7.0219E+03  7.4643E-05  8.7878E-06  7.1845E-06
 8.0582E+25  1.6106E-04  7.0218E+03  7.4643E-05  8.7508E-06  7.1845E-06
 8.0675E+25  1.6172E-04  7.0218E+03  7.4643E-05  8.7138E-06  7.1845E-06
 8.0768E+25  1.6236E-04  7.0218E+03  7.4643E-05  8.6770E-06  7.1845E-06
 8.0860E+25  1.6287E-04  7.0218E+03  7.4643E-05  8.6399E-06  7.1845E-06
 8.0953E+25  1.6352E-04  7.0217E+03  7.4643E-05  8.6030E-06  7.1845E-06
 8.1045E+25  1.6419E-04  7.0217E+03  7.4643E-05  8.5662E-06  7.1845E-06
 8.1138E+25  1.6486E-04  7.0216E+03  7.4643E-05  8.5294E-06  7.1845E-06
 8.1230E+25  1.6555E-04  7.0216E+03  7.4643E-05  8.4924E-06  7.1845E-06
 8.1323E+25  1.6622E-04  7.0216E+03  7.4643E-05  8.4554E-06  7.1845E-06
 8.1416E+25  1.6679E-04  7.0215E+03  7.4643E-05  8.4183E-06  7.1845E-06
 8.1508E+25  1.6743E-04  7.0215E+03  7.4643E-05  8.3814E-06  7.1845E-06
 8.1601E+25  1.6809E-04  7.0215E+03  7.4643E-05  8.3444E-06  7.1845E-06
 8.1693E+25  1.6876E-04  7.0214E+03  7.4643E-05  8.3075E-06  7.1845E-06
 8.1786E+25  1.6943E-04  7.0214E+03  7.4643E-05  8.2705E-06  7.1845E-06
 8.1878E+25  1.7013E-04  7.0213E+03  7.4643E-05  8.2336E-06  7.1845E-06
 8.1971E+25  1.7078E-04  7.0213E+03  7.4643E-05  8.1981E-06  7.1845E-06
 8.2064E+25  1.7142E-04  7.0213E+03  7.4643E-05  8.1637E-06  7.1845E-06
 8.2156E+25  1.7209E-04  7.0213E+03  7.4643E-05  8.1292E-06  7.1845E-06
 8.2249E+25  1.7275E-04  7.0212E+03  7.4643E-05  8.0953E-06  7.1845E-06
 8.2341E+25  1.7342E-04  7.0212E+03  7.4643E-05  8.0628E-06  7.1845E-06
 8.2434E+25  1.7410E-04  7.0211E+03  7.4643E-05  8.0303E-06  7.1845E-06
 8.2526E+25  1.7479E-04  7.0211E+03  7.4643E-05  7.9974E-06  7.1845E-06
 8.2619E+25  1.7549E-04  7.0211E+03  7.4643E-05  7.9645E-06  7.1845E-06
 8.2712E+25  1.7616E-04  7.0210E+03  7.4643E-05  7.9315E-06  7.1845E-06
 8.2804E+25  1.7683E-04  7.0210E+03  7.4643E-05  7.8986E-06  7.1845E-06
 8.2897E+25  1.7750E-04  7.0209E+03  7.4643E-05  7.8659E-06  7.1845E-06
 8.2989E+25  1.7817E-04  7.0209E+03  7.4643E-05  7.8331E-06  7.1845E-06
 8.3082E+25  1.7885E-04  7.0209E+03  7.4643E-05  7.8002E-06  7.1845E-06
 8.3174E+25  1.7960E-04  7.0208E+03  7.4643E-05  7.7673E-06  7.1845E-06
 8.3267E+25  1.8031E-04  7.0208E+03  7.4643E-05  7.7344E-06  7.1845E-06
 8.3360E+25  1.8098E-04  7.0208E+03  7.4643E-05  7.7014E-06  7.1845E-06
 8.3452E+25  1.8166E-04  7.0207E+03  7.4643E-05  7.6683E-06  7.1845E-06
 8.3545E+25  1.8234E-04  7.0207E+03  7.4643E-05  7.6355E-06  7.1845E-06
 8.3637E+25  1.8301E-04  7.0206E+03  7.4643E-05  7.6025E-06  7.1845E-06
 8.3730E+25  1.8376E-04  7.0206E+03  7.4643E-05  7.5696E-06  7.1845E-06
 8.3822E+25  1.8451E-04  7.0206E+03  7.4643E-05  7.5367E-06  7.1845E-06
 8.3915E+25  1.8521E-04  7.0205E+03  7.4643E-05  7.5042E-06  7.1845E-06
 8.4008E+25  1.8590E-04  7.0205E+03  7.4643E-05  7.4733E-06  7.1845E-06
 8.4100E+25  1.8657E-04  7.0204E+03  7.4643E-05  7.4425E-06  7.1845E-06
 8.4193E+25  1.8726E-04  7.0204E+03  7.4643E-05  7.4118E-06  7.1845E-06
 8.4285E+25  1.8799E-04  7.0204E+03  7.4643E-05  7.3824E-06  7.1845E-06
 8.4378E+25  1.8879E-04  7.0203E+03  7.4643E-05  7.3536E-06  7.1845E-06
 8.4470E+25  1.8949E-04  7.0203E+03  7.4643E-05  7.3245E-06  7.1845E-06
 8.4563E+25  1.9020E-04  7.0202E+03  7.4643E-05  7.2952E-06  7.1845E-06
 8.4656E+25  1.9090E-04  7.0202E+03  7.4643E-05  7.2659E-06  7.1845E-06
 8.4748E+25  1.9157E-04  7.0202E+03  7.4643E-05  7.2367E-06  7.1845E-06
 8.4841E+25  1.9229E-04  7.0201E+03  7.4643E-05  7.2074E-06  7.1845E-06
 8.4933E+25  1.9315E-04  7.0201E+03  7.4643E-05  7.1782E-06  7.1845E-06
 8.5026E+25  1.9386E-04  7.0201E+03  7.4643E-05  7.1489E-06  7.1845E-06
 8.5118E+25  1.9456E-04  7.0200E+03  7.4643E-05  7.1197E-06  7.1845E-06
 8.5211E+25  1.9527E-04  7.0200E+03  7.4643E-05  7.0905E-06  7.1845E-06
 8.5304E+25  1.9598E-04  7.0199E+03  7.4643E-05  7.0612E-06  7.1845E-06
 8.5396E+25  1.9667E-04  7.0199E+03  7.4643E-05  7.0317E-06  7.1845E-06
 8.5489E+25  1.9750E-04  7.0198E+03  7.4643E-05  7.0023E-06  7.1845E-06
 8.5581E+25  1.9834E-04  7.0198E+03  7.4643E-05  6.9730E-06  7.1845E-06
 8.5674E+25  1.9902E-04  7.0198E+03  7.4643E-05  6.9437E-06  7.1845E-06
 8.5766E+25  1.9970E-04  7.0197E+03  7.4643E-05  6.9143E-06  7.1845E-06
 8.5859E+25  2.0042E-04  7.0197E+03  7.4643E-05  6.8850E-06  7.1845E-06
 8.5952E+25  2.0114E-04  7.0196E+03  7.4643E-05  6.8560E-06  7.1845E-06
 8.6044E+25  2.0189E-04  7.0196E+03  7.4643E-05  6.8283E-06  7.1845E-06
 8.6137E+25  2.0285E-04  7.0195E+03  7.4643E-05  6.8008E-06  7.1845E-06
 8.6229E+25  2.0357E-04  7.0195E+03  7.4643E-05  6.7734E-06  7.1845E-06
 8.6322E+25  2.0425E-04  7.0195E+03  7.4643E-05  6.7470E-06  7.1845E-06
 8.6414E+25  2.0493E-04  7.0194E+03  7.4643E-05  6.7214E-06  7.1845E-06
 8.6507E+25  2.0565E-04  7.0194E+03  7.4643E-05  6.6956E-06  7.1845E-06
 8.6600E+25  2.0639E-04  7.0193E+03  7.4643E-05  6.6696E-06  7.1845E-06
 8.6692E+25  2.0734E-04  7.0193E+03  7.4643E-05  6.6435E-06  7.1845E-06
 8.6785E+25  2.0817E-04  7.0192E+03  7.4643E-05  6.6175E-06  7.1845E-06
 8.6877E+25  2.0887E-04  7.0192E+03  7.4643E-05  6.5915E-06  7.1845E-06
 8.6970E+25  2.0956E-04  7.0192E+03  7.4643E-05  6.5655E-06  7.1845E-06
 8.7062E+25  2.1025E-04  7.0191E+03  7.4643E-05  6.5395E-06  7.1845E-06
 8.7155E+25  2.1095E-04  7.0191E+03  7.4643E-05  6.5136E-06  7.1845E-06
 8.7248E+25  2.1178E-04  7.0190E+03  7.4643E-05  6.4876E-06  7.1845E-06
 8.7340E+25  2.1285E-04  7.0190E+03  7.4643E-05  6.4613E-06  7.1845E-06
 8.7433E+25  2.1354E-04  7.0189E+03  7.4643E-05  6.4351E-06  7.1845E-06
 8.7525E+25  2.1424E-04  7.0189E+03  7.4643E-05  6.4090E-06  7.1845E-06
 8.7618E+25  2.1494E-04  7.0188E+03  7.4643E-05  6.3829E-06  7.1845E-06
 8.7710E+25  2.1563E-04  7.0188E+03  7.4643E-05  6.3568E-06  7.1845E-06
 8.7803E+25  2.1636E-04  7.0188E+03  7.4643E-05  6.3305E-06  7.1845E-06
 8.7896E+25  2.1739E-04  7.0187E+03  7.4643E-05  6.3044E-06  7.1845E-06
 8.7988E+25  2.1829E-04  7.0187E+03  7.4643E-05  6.2783E-06  7.1845E-06
 8.8081E+25  2.1899E-04  7.0186E+03  7.4643E-05  6.2529E-06  7.1845E-06
 8.8173E+25  2.1967E-04  7.0186E+03  7.4643E-05  6.2284E-06  7.1845E-06
 8.8266E+25  2.2038E-04  7.0185E+03  7.4643E-05  6.2038E-06  7.1845E-06
 8.8358E+25  2.2109E-04  7.0185E+03  7.4643E-05  6.1793E-06  7.1845E-06
 8.8451E+25  2.2191E-04  7.0184E+03  7.4643E-05  6.1562E-06  7.1845E-06
 8.8544E+25  2.2303E-04  7.0184E+03  7.4643E-05  6.1335E-06  7.1845E-06
 8.8636E+25  2.2377E-04  7.0183E+03  7.4643E-05  6.1105E-06  7.1845E-06
 8.8729E+25  2.2448E-04  7.0183E+03  7.4643E-05  6.0873E-06  7.1845E-06
 8.8821E+25  2.2516E-04  7.0182E+03  7.4643E-05  6.0642E-06  7.1845E-06
 8.8914E+25  2.2588E-04  7.0182E+03  7.4643E-05  6.0410E-06  7.1845E-06
 8.9006E+25  2.2663E-04  7.0182E+03  7.4643E-05  6.0179E-06  7.1845E-06
 8.9099E+25  2.2766E-04  7.0181E+03  7.4643E-05  5.9948E-06  7.1845E-06
 8.9192E+25  2.2860E-04  7.0181E+03  7.4643E-05  5.9717E-06  7.1845E-06
 8.9284E+25  2.2930E-04  7.0180E+03  7.4643E-05  5.9486E-06  7.1845E-06
 8.9377E+25  2.3002E-04  7.0180E+03  7.4643E-05  5.9255E-06  7.1845E-06
 8.9469E+25  2.3072E-04  7.0179E+03  7.4643E-05  5.9022E-06  7.1845E-06
 8.9562E+25  2.3143E-04  7.0179E+03  7.4643E-05  5.8789E-06  7.1845E-06
 8.9654E+25  2.3226E-04  7.0178E+03  7.4643E-05  5.8556E-06  7.1845E-06
 8.9747E+25  2.3345E-04  7.0178E+03  7.4643E-05  5.8323E-06  7.1845E-06
 8.9840E+25  2.3421E-04  7.0177E+03  7.4643E-05  5.8089E-06  7.1845E-06
 8.9932E+25  2.3489E-04  7.0177E+03  7.4643E-05  5.7857E-06  7.1845E-06
 9.0025E+25  2.3560E-04  7.0176E+03  7.4643E-05  5.7625E-06  7.1845E-06
 9.0117E+25  2.3632E-04  7.0176E+03  7.4643E-05  5.7392E-06  7.1845E-06
 9.0210E+25  2.3706E-04  7.0175E+03  7.4643E-05  5.7162E-06  7.1845E-06
 9.0302E+25  2.3805E-04  7.0175E+03  7.4643E-05  5.6942E-06  7.1845E-06
 9.0395E+25  2.3916E-04  7.0174E+03  7.4643E-05  5.6723E-06  7.1845E-06
 9.0487E+25  2.3984E-04  7.0174E+03  7.4643E-05  5.6503E-06  7.1845E-06
 9.0580E+25  2.4053E-04  7.0173E+03  7.4643E-05  5.6292E-06  7.1845E-06
 9.0673E+25  2.4122E-04  7.0173E+03  7.4643E-05  5.6090E-06  7.1845E-06
 9.0765E+25  2.4195E-04  7.0172E+03  7.4643E-05  5.5887E-06  7.1845E-06
 9.0858E+25  2.4276E-04  7.0172E+03  7.4643E-05  5.5681E-06  7.1845E-06
 9.0950E+25  2.4393E-04  7.0171E+03  7.4643E-05  5.5476E-06  7.1845E-06
 9.1043E+25  2.4483E-04  7.0171E+03  7.4643E-05  5.5270E-06  7.1845E-06
 9.1135E+25  2.4551E-04  7.0170E+03  7.4643E-05  5.5064E-06  7.1845E-06
 9.1228E+25  2.4620E-04  7.0170E+03  7.4643E-05  5.4859E-06  7.1845E-06
 9.1321E+25  2.4689E-04  7.0169E+03  7.4643E-05  5.4653E-06  7.1845E-06
 9.1413E+25  2.4762E-04  7.0169E+03  7.4643E-05  5.4448E-06  7.1845E-06
 9.1506E+25  2.4851E-04  7.0169E+03  7.4643E-05  5.4243E-06  7.1845E-06
 9.1598E+25  2.4978E-04  7.0168E+03  7.4643E-05  5.4037E-06  7.1845E-06
 9.1691E+25  2.5051E-04  7.0168E+03  7.4643E-05  5.3830E-06  7.1845E-06
 9.1783E+25  2.5120E-04  7.0167E+03  7.4643E-05  5.3622E-06  7.1845E-06
 9.1876E+25  2.5188E-04  7.0166E+03  7.4643E-05  5.3415E-06  7.1845E-06
 9.1969E+25  2.5259E-04  7.0166E+03  7.4643E-05  5.3207E-06  7.1845E-06
 9.2061E+25  2.5334E-04  7.0166E+03  7.4643E-05  5.3000E-06  7.1845E-06
 9.2154E+25  2.5435E-04  7.0165E+03  7.4643E-05  5.2793E-06  7.1845E-06
 9.2246E+25  2.5555E-04  7.0165E+03  7.4643E-05  5.2585E-06  7.1845E-06
 9.2339E+25  2.5622E-04  7.0164E+03  7.4643E-05  5.2377E-06  7.1845E-06
 9.2431E+25  2.5690E-04  7.0163E+03  7.4643E-05  5.2174E-06  7.1845E-06
 9.2524E+25  2.5759E-04  7.0163E+03  7.4643E-05  5.1978E-06  7.1845E-06
