 4.6285E+22  3.2712E-11  1.1673E+04  7.4643E-05  1.0000E+00  7.1845E-06
 1.3886E+23  2.2893E-10  1.1677E+04  7.4643E-05  1.0000E+00  7.1845E-06
 2.3143E+23  6.2090E-10  1.1689E+04  7.4643E-05  1.0000E+00  7.1845E-06
 3.2400E+23  1.2071E-09  1.1716E+04  7.4643E-05  1.0000E+00  7.1845E-06
 4.1657E+23  1.9842E-09  1.1765E+04  7.4643E-05  1.0000E+00  7.1845E-06
 5.0914E+23  2.9460E-09  1.1844E+04  7.4643E-05  1.0000E+00  7.1845E-06
 6.0171E+23  4.0799E-09  1.1965E+04  7.4643E-05  1.0000E+00  7.1845E-06
 6.9428E+23  5.3739E-09  1.2141E+04  7.4643E-05  1.0000E+00  7.1845E-06
 7.8685E+23  6.7942E-09  1.2398E+04  7.4643E-05  1.0000E+00  7.1845E-06
 8.7942E+23  8.3124E-09  1.2756E+04  7.4643E-05  1.0000E+00  7.1845E-06
 9.7199E+23  9.9095E-09  1.3190E+04  7.4643E-05  1.0000E+00  7.1845E-06
 1.0646E+24  1.1607E-08  1.3627E+04  7.4643E-05  1.0000E+00  7.1845E-06
 1.1571E+24  1.3481E-08  1.3944E+04  7.4643E-05  1.0000E+00  7.1845E-06
 1.2497E+24  1.5591E-08  1.4115E+04  7.4643E-05  1.0000E+00  7.1845E-06
 1.3423E+24  1.7888E-08  1.4210E+04  7.4643E-05  1.0000E+00  7.1845E-06
 1.4348E+24  2.0340E-08  1.4310E+04  7.4643E-05  9.9999E-01  7.1845E-06
 1.5274E+24  2.2927E-08  1.4410E+04  7.4643E-05  9.9999E-01  7.1845E-06
 1.6200E+24  2.5671E-08  1.4503E+04  7.4643E-05  9.9999E-01  7.1845E-06
 1.7126E+24  2.8553E-08  1.4594E+04  7.4643E-05  9.9999E-01  7.1845E-06
 1.8051E+24  3.1595E-08  1.4676E+04  7.4643E-05  9.9999E-01  7.1845E-06
 1.8977E+24  3.4773E-08  1.4755E+04  7.4643E-05  9.9999E-01  7.1845E-06
 1.9903E+24  3.8115E-08  1.4832E+04  7.4643E-05  9.9999E-01  7.1845E-06
 2.0828E+24  4.1582E-08  1.4906E+04  7.4643E-05  9.9999E-01  7.1845E-06
 2.1754E+24  4.5188E-08  1.4979E+04  7.4643E-05  9.9999E-01  7.1845E-06
 2.2680E+24  4.8952E-08  1.5049E+04  7.4643E-05  9.9999E-01  7.1845E-06
 2.3605E+24  5.2863E-08  1.5117E+04  7.4643E-05  9.9999E-01  7.1845E-06
 2.4531E+24  5.6905E-08  1.5181E+04  7.4643E-05  9.9999E-01  7.1845E-06
 2.5457E+24  6.1082E-08  1.5245E+04  7.4643E-05  9.9998E-01  7.1845E-06
 2.6383E+24  6.5432E-08  1.5309E+04  7.4643E-05  9.9998E-01  7.1845E-06
 2.7308E+24  6.9887E-08  1.5368E+04  7.4643E-05  9.9998E-01  7.1845E-06
 2.8234E+24  7.4482E-08  1.5428E+04  7.4643E-05  9.9998E-01  7.1845E-06
 2.9160E+24  7.9218E-08  1.5484E+04  7.4643E-05  9.9998E-01  7.1845E-06
 3.0085E+24  8.4160E-08  1.5539E+04  7.4643E-05  9.9998E-01  7.1845E-06
 3.1011E+24  8.9189E-08  1.5596E+04  7.4643E-05  9.9998E-01  7.1845E-06
 3.1937E+24  9.4308E-08  1.5648E+04  7.4643E-05  9.9998E-01  7.1845E-06
 3.2862E+24  9.9627E-08  1.5700E+04  7.4643E-05  9.9997E-01  7.1845E-06
 3.3788E+24  1.0500E-07  1.5751E+04  7.4643E-05  9.9997E-01  7.1845E-06
 3.4714E+24  1.1056E-07  1.5801E+04  7.4643E-05  9.9997E-01  7.1845E-06
 3.5640E+24  1.1631E-07  1.5849E+04  7.4643E-05  9.9997E-01  7.1845E-06
 3.6565E+24  1.2228E-07  1.5896E+04  7.4643E-05  9.9997E-01  7.1845E-06
 3.7491E+24  1.2810E-07  1.5943E+04  7.4643E-05  9.9997E-01  7.1845E-06
 3.8417E+24  1.3431E-07  1.5989E+04  7.4643E-05  9.9997E-01  7.1845E-06
 3.9342E+24  1.4054E-07  1.6032E+04  7.4643E-05  9.9996E-01  7.1845E-06
 4.0268E+24  1.4700E-07  1.6077E+04  7.4643E-05  9.9996E-01  7.1845E-06
 4.1194E+24  1.5337E-07  1.6119E+04  7.4643E-05  9.9996E-01  7.1845E-06
 4.2120E+24  1.6024E-07  1.6161E+04  7.4643E-05  9.9996E-01  7.1845E-06
 4.3045E+24  1.6699E-07  1.6201E+04  7.4643E-05  9.9996E-01  7.1845E-06
 4.3971E+24  1.7375E-07  1.6242E+04  7.4643E-05  9.9996E-01  7.1845E-06
 4.4897E+24  1.8091E-07  1.6281E+04  7.4643E-05  9.9995E-01  7.1845E-06
 4.5822E+24  1.8816E-07  1.6320E+04  7.4643E-05  9.9995E-01  7.1845E-06
 4.6748E+24  1.9552E-07  1.6358E+04  7.4643E-05  9.9995E-01  7.1845E-06
 4.7674E+24  2.0299E-07  1.6395E+04  7.4643E-05  9.9995E-01  7.1845E-06
 4.8599E+24  2.1056E-07  1.6432E+04  7.4643E-05  9.9995E-01  7.1845E-06
 4.9525E+24  2.1828E-07  1.6468E+04  7.4643E-05  9.9994E-01  7.1845E-06
 5.0451E+24  2.2613E-07  1.6503E+04  7.4643E-05  9.9994E-01  7.1845E-06
 5.1377E+24  2.3414E-07  1.6538E+04  7.4643E-05  9.9994E-01  7.1845E-06
 5.2302E+24  2.4231E-07  1.6572E+04  7.4643E-05  9.9994E-01  7.1845E-06
 5.3228E+24  2.5067E-07  1.6606E+04  7.4643E-05  9.9994E-01  7.1845E-06
 5.4154E+24  2.5924E-07  1.6639E+04  7.4643E-05  9.9993E-01  7.1845E-06
 5.5079E+24  2.6740E-07  1.6672E+04  7.4643E-05  9.9993E-01  7.1845E-06
 5.6005E+24  2.7596E-07  1.6704E+04  7.4643E-05  9.9993E-01  7.1845E-06
 5.6931E+24  2.8506E-07  1.6736E+04  7.4643E-05  9.9993E-01  7.1845E-06
 5.7856E+24  2.9438E-07  1.6766E+04  7.4643E-05  9.9992E-01  7.1845E-06
 5.8782E+24  3.0246E-07  1.6797E+04  7.4643E-05  9.9992E-01  7.1845E-06
 5.9708E+24  3.1224E-07  1.6827E+04  7.4643E-05  9.9992E-01  7.1845E-06
 6.0634E+24  3.2179E-07  1.6856E+04  7.4643E-05  9.9992E-01  7.1845E-06
 6.1559E+24  3.3055E-07  1.6885E+04  7.4643E-05  9.9991E-01  7.1845E-06
 6.2485E+24  3.4117E-07  1.6914E+04  7.4643E-05  9.9991E-01  7.1845E-06
 6.3411E+24  3.4966E-07  1.6942E+04  7.4643E-05  9.9991E-01  7.1845E-06
 6.4336E+24  3.6063E-07  1.6970E+04  7.4643E-05  9.9991E-01  7.1845E-06
 6.5262E+24  3.6959E-07  1.6998E+04  7.4643E-05  9.9990E-01  7.1845E-06
 6.6188E+24  3.8085E-07  1.7025E+04  7.4643E-05  9.9990E-01  7.1845E-06
 6.7113E+24  3.8980E-07  1.7052E+04  7.4643E-05  9.9990E-01  7.1845E-06
 6.8039E+24  4.0160E-07  1.7078E+04  7.4643E-05  9.9990E-01  7.1845E-06
 6.8965E+24  4.1062E-07  1.7104E+04  7.4643E-05  9.9989E-01  7.1845E-06
 6.9891E+24  4.2217E-07  1.7130E+04  7.4643E-05  9.9989E-01  7.1845E-06
 7.0816E+24  4.3299E-07  1.7156E+04  7.4643E-05  9.9989E-01  7.1845E-06
 7.1742E+24  4.4306E-07  1.7181E+04  7.4643E-05  9.9989E-01  7.1845E-06
 7.2668E+24  4.5517E-07  1.7206E+04  7.4643E-05  9.9988E-01  7.1845E-06
 7.3593E+24  4.6574E-07  1.7230E+04  7.4643E-05  9.9988E-01  7.1845E-06
 7.4519E+24  4.7654E-07  1.7255E+04  7.4643E-05  9.9988E-01  7.1845E-06
 7.5445E+24  4.8884E-07  1.7278E+04  7.4643E-05  9.9987E-01  7.1845E-06
 7.6371E+24  5.0065E-07  1.7302E+04  7.4643E-05  9.9987E-01  7.1845E-06
 7.7296E+24  5.1080E-07  1.7326E+04  7.4643E-05  9.9987E-01  7.1845E-06
 7.8222E+24  5.2328E-07  1.7349E+04  7.4643E-05  9.9986E-01  7.1845E-06
 7.9148E+24  5.3586E-07  1.7372E+04  7.4643E-05  9.9986E-01  7.1845E-06
 8.0073E+24  5.4829E-07  1.7394E+04  7.4643E-05  9.9986E-01  7.1845E-06
 8.0999E+24  5.5869E-07  1.7417E+04  7.4643E-05  9.9985E-01  7.1845E-06
 8.1925E+24  5.7145E-07  1.7439E+04  7.4643E-05  9.9985E-01  7.1845E-06
 8.2850E+24  5.8433E-07  1.7461E+04  7.4643E-05  9.9985E-01  7.1845E-06
 8.3776E+24  5.9728E-07  1.7482E+04  7.4643E-05  9.9985E-01  7.1845E-06
 8.4702E+24  6.1031E-07  1.7504E+04  7.4643E-05  9.9984E-01  7.1845E-06
 8.5628E+24  6.2268E-07  1.7525E+04  7.4643E-05  9.9984E-01  7.1845E-06
 8.6553E+24  6.3464E-07  1.7546E+04  7.4643E-05  9.9984E-01  7.1845E-06
 8.7479E+24  6.4793E-07  1.7567E+04  7.4643E-05  9.9983E-01  7.1845E-06
 8.8405E+24  6.6133E-07  1.7587E+04  7.4643E-05  9.9983E-01  7.1845E-06
 8.9330E+24  6.7482E-07  1.7608E+04  7.4643E-05  9.9982E-01  7.1845E-06
 9.0256E+24  6.8839E-07  1.7628E+04  7.4643E-05  9.9982E-01  7.1845E-06
 9.1182E+24  7.0206E-07  1.7648E+04  7.4643E-05  9.9982E-01  7.1845E-06
 9.2107E+24  7.1582E-07  1.7668E+04  7.4643E-05  9.9981E-01  7.1845E-06
 9.3033E+24  7.2968E-07  1.7687E+04  7.4643E-05  9.9980E-01  7.1845E-06
 9.3959E+24  7.4364E-07  1.7707E+04  7.4643E-05  9.9979E-01  7.1845E-06
 9.4885E+24  7.5770E-07  1.7726E+04  7.4643E-05  9.9977E-01  7.1845E-06
 9.5810E+24  7.7186E-07  1.7745E+04  7.4643E-05  9.9974E-01  7.1845E-06
 9.6736E+24  7.8614E-07  1.7763E+04  7.4643E-05  9.9968E-01  7.1845E-06
 9.7662E+24  8.0054E-07  1.7781E+04  7.4643E-05  9.9957E-01  7.1845E-06
 9.8587E+24  8.1507E-07  1.7799E+04  7.4643E-05  9.9937E-01  7.1845E-06
 9.9513E+24  8.2975E-07  1.7816E+04  7.4643E-05  9.9900E-01  7.1845E-06
 1.0044E+25  8.4458E-07  1.7831E+04  7.4643E-05  9.9835E-01  7.1845E-06
 1.0136E+25  8.5960E-07  1.7845E+04  7.4643E-05  9.9719E-01  7.1845E-06
 1.0229E+25  8.7485E-07  1.7854E+04  7.4643E-05  9.9517E-01  7.1845E-06
 1.0322E+25  8.9037E-07  1.7857E+04  7.4643E-05  9.9167E-01  7.1845E-06
 1.0414E+25  9.0629E-07  1.7849E+04  7.4643E-05  9.8572E-01  7.1845E-06
 1.0507E+25  9.2277E-07  1.7825E+04  7.4643E-05  9.7579E-01  7.1845E-06
 1.0599E+25  9.4006E-07  1.7773E+04  7.4643E-05  9.5962E-01  7.1845E-06
 1.0692E+25  9.5857E-07  1.7679E+04  7.4643E-05  9.3408E-01  7.1845E-06
 1.0784E+25  9.7889E-07  1.7525E+04  7.4643E-05  8.9547E-01  7.1845E-06
 1.0877E+25  1.0019E-06  1.7287E+04  7.4643E-05  8.4044E-01  7.1845E-06
 1.0970E+25  1.0285E-06  1.6948E+04  7.4643E-05  7.6783E-01  7.1845E-06
 1.1062E+25  1.0597E-06  1.6501E+04  7.4643E-05  6.8061E-01  7.1845E-06
 1.1155E+25  1.0947E-06  1.5961E+04  7.4643E-05  5.8617E-01  7.1845E-06
 1.1247E+25  1.1359E-06  1.5360E+04  7.4643E-05  4.9386E-01  7.1845E-06
 1.1340E+25  1.1825E-06  1.4738E+04  7.4643E-05  4.1125E-01  7.1845E-06
 1.1432E+25  1.2325E-06  1.4132E+04  7.4643E-05  3.4195E-01  7.1845E-06
 1.1525E+25  1.2847E-06  1.3564E+04  7.4643E-05  2.8611E-01  7.1845E-06
 1.1618E+25  1.3381E-06  1.3046E+04  7.4643E-05  2.4190E-01  7.1845E-06
 1.1710E+25  1.3918E-06  1.2579E+04  7.4643E-05  2.0700E-01  7.1845E-06
 1.1803E+25  1.4453E-06  1.2163E+04  7.4643E-05  1.7924E-01  7.1845E-06
 1.1895E+25  1.4985E-06  1.1791E+04  7.4643E-05  1.5689E-01  7.1845E-06
 1.1988E+25  1.5511E-06  1.1459E+04  7.4643E-05  1.3866E-01  7.1845E-06
 1.2080E+25  1.6030E-06  1.1161E+04  7.4643E-05  1.2358E-01  7.1845E-06
 1.2173E+25  1.6545E-06  1.0894E+04  7.4643E-05  1.1094E-01  7.1845E-06
 1.2266E+25  1.7053E-06  1.0654E+04  7.4643E-05  1.0023E-01  7.1845E-06
 1.2358E+25  1.7554E-06  1.0436E+04  7.4643E-05  9.1065E-02  7.1845E-06
 1.2451E+25  1.8045E-06  1.0238E+04  7.4643E-05  8.3145E-02  7.1845E-06
 1.2543E+25  1.8527E-06  1.0058E+04  7.4643E-05  7.6246E-02  7.1845E-06
 1.2636E+25  1.9014E-06  9.8925E+03  7.4643E-05  7.0193E-02  7.1845E-06
 1.2728E+25  1.9498E-06  9.7411E+03  7.4643E-05  6.4848E-02  7.1845E-06
 1.2821E+25  1.9978E-06  9.6018E+03  7.4643E-05  6.0100E-02  7.1845E-06
 1.2914E+25  2.0455E-06  9.4732E+03  7.4643E-05  5.5861E-02  7.1845E-06
 1.3006E+25  2.0930E-06  9.3542E+03  7.4643E-05  5.2058E-02  7.1845E-06
 1.3099E+25  2.1402E-06  9.2439E+03  7.4643E-05  4.8630E-02  7.1845E-06
 1.3191E+25  2.1873E-06  9.1414E+03  7.4643E-05  4.5529E-02  7.1845E-06
 1.3284E+25  2.2341E-06  9.0458E+03  7.4643E-05  4.2713E-02  7.1845E-06
 1.3376E+25  2.2809E-06  8.9567E+03  7.4643E-05  4.0147E-02  7.1845E-06
 1.3469E+25  2.3275E-06  8.8733E+03  7.4643E-05  3.7802E-02  7.1845E-06
 1.3562E+25  2.3742E-06  8.7953E+03  7.4643E-05  3.5653E-02  7.1845E-06
 1.3654E+25  2.4208E-06  8.7220E+03  7.4643E-05  3.3677E-02  7.1845E-06
 1.3747E+25  2.4672E-06  8.6532E+03  7.4643E-05  3.1858E-02  7.1845E-06
 1.3839E+25  2.5131E-06  8.5884E+03  7.4643E-05  3.0177E-02  7.1845E-06
 1.3932E+25  2.5570E-06  8.5274E+03  7.4643E-05  2.8621E-02  7.1845E-06
 1.4024E+25  2.6028E-06  8.4698E+03  7.4643E-05  2.7178E-02  7.1845E-06
 1.4117E+25  2.6489E-06  8.4154E+03  7.4643E-05  2.5837E-02  7.1845E-06
 1.4210E+25  2.6953E-06  8.3639E+03  7.4643E-05  2.4589E-02  7.1845E-06
 1.4302E+25  2.7418E-06  8.3152E+03  7.4643E-05  2.3425E-02  7.1845E-06
 1.4395E+25  2.7885E-06  8.2691E+03  7.4643E-05  2.2338E-02  7.1845E-06
 1.4487E+25  2.8355E-06  8.2252E+03  7.4643E-05  2.1321E-02  7.1845E-06
 1.4580E+25  2.8828E-06  8.1836E+03  7.4643E-05  2.0368E-02  7.1845E-06
 1.4672E+25  2.9305E-06  8.1440E+03  7.4643E-05  1.9475E-02  7.1845E-06
 1.4765E+25  2.9786E-06  8.1064E+03  7.4643E-05  1.8635E-02  7.1845E-06
 1.4858E+25  3.0235E-06  8.0705E+03  7.4643E-05  1.7845E-02  7.1845E-06
 1.4950E+25  3.0633E-06  8.0363E+03  7.4643E-05  1.7102E-02  7.1845E-06
 1.5043E+25  3.1115E-06  8.0037E+03  7.4643E-05  1.6401E-02  7.1845E-06
 1.5135E+25  3.1602E-06  7.9726E+03  7.4643E-05  1.5739E-02  7.1845E-06
 1.5228E+25  3.2096E-06  7.9429E+03  7.4643E-05  1.5114E-02  7.1845E-06
 1.5320E+25  3.2596E-06  7.9145E+03  7.4643E-05  1.4523E-02  7.1845E-06
 1.5413E+25  3.3102E-06  7.8873E+03  7.4643E-05  1.3963E-02  7.1845E-06
 1.5506E+25  3.3444E-06  7.8613E+03  7.4643E-05  1.3433E-02  7.1845E-06
 1.5598E+25  3.3931E-06  7.8363E+03  7.4643E-05  1.2930E-02  7.1845E-06
 1.5691E+25  3.4445E-06  7.8125E+03  7.4643E-05  1.2453E-02  7.1845E-06
 1.5783E+25  3.4968E-06  7.7895E+03  7.4643E-05  1.1999E-02  7.1845E-06
 1.5876E+25  3.5500E-06  7.7676E+03  7.4643E-05  1.1568E-02  7.1845E-06
 1.5968E+25  3.5835E-06  7.7465E+03  7.4643E-05  1.1159E-02  7.1845E-06
 1.6061E+25  3.6321E-06  7.7262E+03  7.4643E-05  1.0768E-02  7.1845E-06
 1.6154E+25  3.6865E-06  7.7067E+03  7.4643E-05  1.0396E-02  7.1845E-06
 1.6246E+25  3.7420E-06  7.6880E+03  7.4643E-05  1.0041E-02  7.1845E-06
 1.6339E+25  3.7858E-06  7.6700E+03  7.4643E-05  9.7034E-03  7.1845E-06
 1.6431E+25  3.8239E-06  7.6526E+03  7.4643E-05  9.3801E-03  7.1845E-06
 1.6524E+25  3.8809E-06  7.6359E+03  7.4643E-05  9.0715E-03  7.1845E-06
 1.6616E+25  3.9392E-06  7.6199E+03  7.4643E-05  8.7768E-03  7.1845E-06
 1.6709E+25  3.9818E-06  7.6044E+03  7.4643E-05  8.4945E-03  7.1845E-06
 1.6802E+25  4.0211E-06  7.5894E+03  7.4643E-05  8.2247E-03  7.1845E-06
 1.6894E+25  4.0814E-06  7.5750E+03  7.4643E-05  7.9663E-03  7.1845E-06
 1.6987E+25  4.1432E-06  7.5611E+03  7.4643E-05  7.7184E-03  7.1845E-06
 1.7079E+25  4.1709E-06  7.5477E+03  7.4643E-05  7.4815E-03  7.1845E-06
 1.7172E+25  4.2260E-06  7.5347E+03  7.4643E-05  7.2536E-03  7.1845E-06
 1.7264E+25  4.2900E-06  7.5222E+03  7.4643E-05  7.0355E-03  7.1845E-06
 1.7357E+25  4.3351E-06  7.5101E+03  7.4643E-05  6.8258E-03  7.1845E-06
 1.7450E+25  4.3731E-06  7.4984E+03  7.4643E-05  6.6244E-03  7.1845E-06
 1.7542E+25  4.4400E-06  7.4871E+03  7.4643E-05  6.4312E-03  7.1845E-06
 1.7635E+25  4.4970E-06  7.4762E+03  7.4643E-05  6.2451E-03  7.1845E-06
 1.7727E+25  4.5235E-06  7.4656E+03  7.4643E-05  6.0667E-03  7.1845E-06
 1.7820E+25  4.5934E-06  7.4553E+03  7.4643E-05  5.8943E-03  7.1845E-06
 1.7912E+25  4.6558E-06  7.4454E+03  7.4643E-05  5.7292E-03  7.1845E-06
 1.8005E+25  4.6780E-06  7.4358E+03  7.4643E-05  5.5695E-03  7.1845E-06
 1.8097E+25  4.7511E-06  7.4265E+03  7.4643E-05  5.4165E-03  7.1845E-06
 1.8190E+25  4.8115E-06  7.4175E+03  7.4643E-05  5.2682E-03  7.1845E-06
 1.8283E+25  4.8370E-06  7.4087E+03  7.4643E-05  5.1260E-03  7.1845E-06
 1.8375E+25  4.9139E-06  7.4002E+03  7.4643E-05  4.9882E-03  7.1845E-06
 1.8468E+25  4.9638E-06  7.3920E+03  7.4643E-05  4.8561E-03  7.1845E-06
 1.8560E+25  5.0012E-06  7.3840E+03  7.4643E-05  4.7278E-03  7.1845E-06
 1.8653E+25  5.0823E-06  7.3763E+03  7.4643E-05  4.6047E-03  7.1845E-06
 1.8745E+25  5.1127E-06  7.3688E+03  7.4643E-05  4.4852E-03  7.1845E-06
 1.8838E+25  5.1715E-06  7.3615E+03  7.4643E-05  4.3701E-03  7.1845E-06
 1.8931E+25  5.2533E-06  7.3544E+03  7.4643E-05  4.2589E-03  7.1845E-06
 1.9023E+25  5.2616E-06  7.3475E+03  7.4643E-05  4.1513E-03  7.1845E-06
 1.9116E+25  5.3486E-06  7.3408E+03  7.4643E-05  4.0476E-03  7.1845E-06
 1.9208E+25  5.3975E-06  7.3343E+03  7.4643E-05  3.9467E-03  7.1845E-06
 1.9301E+25  5.4407E-06  7.3280E+03  7.4643E-05  3.8498E-03  7.1845E-06
 1.9393E+25  5.5334E-06  7.3219E+03  7.4643E-05  3.7554E-03  7.1845E-06
 1.9486E+25  5.5370E-06  7.3159E+03  7.4643E-05  3.6646E-03  7.1845E-06
 1.9579E+25  5.6285E-06  7.3101E+03  7.4643E-05  3.5764E-03  7.1845E-06
 1.9671E+25  5.6751E-06  7.3044E+03  7.4643E-05  3.4908E-03  7.1845E-06
 1.9764E+25  5.7239E-06  7.2989E+03  7.4643E-05  3.4084E-03  7.1845E-06
 1.9856E+25  5.8133E-06  7.2936E+03  7.4643E-05  3.3279E-03  7.1845E-06
 1.9949E+25  5.8207E-06  7.2884E+03  7.4643E-05  3.2505E-03  7.1845E-06
 2.0041E+25  5.9244E-06  7.2833E+03  7.4643E-05  3.1752E-03  7.1845E-06
 2.0134E+25  5.9447E-06  7.2783E+03  7.4643E-05  3.1020E-03  7.1845E-06
 2.0227E+25  6.0248E-06  7.2735E+03  7.4643E-05  3.0315E-03  7.1845E-06
 2.0319E+25  6.0809E-06  7.2688E+03  7.4643E-05  2.9625E-03  7.1845E-06
 2.0412E+25  6.1265E-06  7.2643E+03  7.4643E-05  2.8959E-03  7.1845E-06
 2.0504E+25  6.2163E-06  7.2598E+03  7.4643E-05  2.8313E-03  7.1845E-06
 2.0597E+25  6.2293E-06  7.2555E+03  7.4643E-05  2.7682E-03  7.1845E-06
 2.0689E+25  6.3463E-06  7.2512E+03  7.4643E-05  2.7076E-03  7.1845E-06
 2.0782E+25  6.3393E-06  7.2471E+03  7.4643E-05  2.6482E-03  7.1845E-06
 2.0875E+25  6.4543E-06  7.2431E+03  7.4643E-05  2.5905E-03  7.1845E-06
 2.0967E+25  6.4722E-06  7.2392E+03  7.4643E-05  2.5349E-03  7.1845E-06
 2.1060E+25  6.5638E-06  7.2353E+03  7.4643E-05  2.4804E-03  7.1845E-06
 2.1152E+25  6.6044E-06  7.2316E+03  7.4643E-05  2.4275E-03  7.1845E-06
 2.1245E+25  6.6754E-06  7.2279E+03  7.4643E-05  2.3764E-03  7.1845E-06
 2.1337E+25  6.7365E-06  7.2244E+03  7.4643E-05  2.3263E-03  7.1845E-06
 2.1430E+25  6.7890E-06  7.2209E+03  7.4643E-05  2.2776E-03  7.1845E-06
 2.1523E+25  6.8679E-06  7.2175E+03  7.4643E-05  2.2306E-03  7.1845E-06
 2.1615E+25  6.9045E-06  7.2142E+03  7.4643E-05  2.1845E-03  7.1845E-06
 2.1708E+25  6.9988E-06  7.2109E+03  7.4643E-05  2.1397E-03  7.1845E-06
 2.1800E+25  7.0222E-06  7.2078E+03  7.4643E-05  2.0964E-03  7.1845E-06
 2.1893E+25  7.1288E-06  7.2047E+03  7.4643E-05  2.0538E-03  7.1845E-06
 2.1985E+25  7.1425E-06  7.2016E+03  7.4643E-05  2.0125E-03  7.1845E-06
 2.2078E+25  7.2581E-06  7.1987E+03  7.4643E-05  1.9725E-03  7.1845E-06
 2.2171E+25  7.2656E-06  7.1958E+03  7.4643E-05  1.9333E-03  7.1845E-06
 2.2263E+25  7.3865E-06  7.1930E+03  7.4643E-05  1.8950E-03  7.1845E-06
 2.2356E+25  7.3915E-06  7.1902E+03  7.4643E-05  1.8581E-03  7.1845E-06
 2.2448E+25  7.5141E-06  7.1875E+03  7.4643E-05  1.8218E-03  7.1845E-06
 2.2541E+25  7.5204E-06  7.1849E+03  7.4643E-05  1.7863E-03  7.1845E-06
 2.2633E+25  7.6407E-06  7.1823E+03  7.4643E-05  1.7521E-03  7.1845E-06
 2.2726E+25  7.6525E-06  7.1798E+03  7.4643E-05  1.7186E-03  7.1845E-06
 2.2819E+25  7.7664E-06  7.1773E+03  7.4643E-05  1.6857E-03  7.1845E-06
 2.2911E+25  7.7879E-06  7.1749E+03  7.4643E-05  1.6538E-03  7.1845E-06
 2.3004E+25  7.8910E-06  7.1726E+03  7.4643E-05  1.6229E-03  7.1845E-06
 2.3096E+25  7.9269E-06  7.1702E+03  7.4643E-05  1.5924E-03  7.1845E-06
 2.3189E+25  8.0146E-06  7.1680E+03  7.4643E-05  1.5626E-03  7.1845E-06
 2.3281E+25  8.0695E-06  7.1658E+03  7.4643E-05  1.5340E-03  7.1845E-06
 2.3374E+25  8.1371E-06  7.1636E+03  7.4643E-05  1.5058E-03  7.1845E-06
 2.3467E+25  8.2161E-06  7.1615E+03  7.4643E-05  1.4781E-03  7.1845E-06
 2.3559E+25  8.2586E-06  7.1594E+03  7.4643E-05  1.4512E-03  7.1845E-06
 2.3652E+25  8.3668E-06  7.1573E+03  7.4643E-05  1.4251E-03  7.1845E-06
 2.3744E+25  8.3789E-06  7.1553E+03  7.4643E-05  1.3994E-03  7.1845E-06
 2.3837E+25  8.5219E-06  7.1534E+03  7.4643E-05  1.3742E-03  7.1845E-06
 2.3929E+25  8.4981E-06  7.1515E+03  7.4643E-05  1.3499E-03  7.1845E-06
 2.4022E+25  8.6631E-06  7.1496E+03  7.4643E-05  1.3261E-03  7.1845E-06
 2.4115E+25  8.6344E-06  7.1478E+03  7.4643E-05  1.3026E-03  7.1845E-06
 2.4207E+25  8.7819E-06  7.1460E+03  7.4643E-05  1.2797E-03  7.1845E-06
 2.4300E+25  8.7966E-06  7.1442E+03  7.4643E-05  1.2576E-03  7.1845E-06
 2.4392E+25  8.8992E-06  7.1425E+03  7.4643E-05  1.2358E-03  7.1845E-06
 2.4485E+25  8.9639E-06  7.1408E+03  7.4643E-05  1.2144E-03  7.1845E-06
 2.4577E+25  9.0154E-06  7.1391E+03  7.4643E-05  1.1935E-03  7.1845E-06
 2.4670E+25  9.1362E-06  7.1375E+03  7.4643E-05  1.1733E-03  7.1845E-06
 2.4763E+25  9.1304E-06  7.1359E+03  7.4643E-05  1.1534E-03  7.1845E-06
 2.4855E+25  9.3003E-06  7.1343E+03  7.4643E-05  1.1338E-03  7.1845E-06
 2.4948E+25  9.2577E-06  7.1327E+03  7.4643E-05  1.1147E-03  7.1845E-06
 2.5040E+25  9.4147E-06  7.1312E+03  7.4643E-05  1.0962E-03  7.1845E-06
 2.5133E+25  9.4392E-06  7.1298E+03  7.4643E-05  1.0780E-03  7.1845E-06
 2.5225E+25  9.5273E-06  7.1283E+03  7.4643E-05  1.0600E-03  7.1845E-06
 2.5318E+25  9.6270E-06  7.1269E+03  7.4643E-05  1.0425E-03  7.1845E-06
 2.5411E+25  9.6383E-06  7.1255E+03  7.4643E-05  1.0256E-03  7.1845E-06
 2.5503E+25  9.8122E-06  7.1241E+03  7.4643E-05  1.0088E-03  7.1845E-06
 2.5596E+25  9.7567E-06  7.1228E+03  7.4643E-05  9.9235E-04  7.1845E-06
 2.5688E+25  9.9233E-06  7.1214E+03  7.4643E-05  9.7624E-04  7.1845E-06
 2.5781E+25  9.9542E-06  7.1201E+03  7.4643E-05  9.6067E-04  7.1845E-06
 2.5873E+25  1.0032E-05  7.1189E+03  7.4643E-05  9.4537E-04  7.1845E-06
 2.5966E+25  1.0160E-05  7.1176E+03  7.4643E-05  9.3023E-04  7.1845E-06
 2.6059E+25  1.0139E-05  7.1164E+03  7.4643E-05  9.1538E-04  7.1845E-06
 2.6151E+25  1.0318E-05  7.1152E+03  7.4643E-05  9.0100E-04  7.1845E-06
 2.6244E+25  1.0298E-05  7.1140E+03  7.4643E-05  8.8699E-04  7.1845E-06
 2.6336E+25  1.0423E-05  7.1128E+03  7.4643E-05  8.7308E-04  7.1845E-06
 2.6429E+25  1.0517E-05  7.1117E+03  7.4643E-05  8.5937E-04  7.1845E-06
 2.6521E+25  1.0528E-05  7.1106E+03  7.4643E-05  8.4605E-04  7.1845E-06
 2.6614E+25  1.0710E-05  7.1095E+03  7.4643E-05  8.3314E-04  7.1845E-06
 2.6707E+25  1.0662E-05  7.1084E+03  7.4643E-05  8.2040E-04  7.1845E-06
 2.6799E+25  1.0812E-05  7.1073E+03  7.4643E-05  8.0777E-04  7.1845E-06
 2.6892E+25  1.0894E-05  7.1062E+03  7.4643E-05  7.9540E-04  7.1845E-06
 2.6984E+25  1.0914E-05  7.1052E+03  7.4643E-05  7.8342E-04  7.1845E-06
 2.7077E+25  1.1099E-05  7.1042E+03  7.4643E-05  7.7173E-04  7.1845E-06
 2.7169E+25  1.1047E-05  7.1032E+03  7.4643E-05  7.6013E-04  7.1845E-06
 2.7262E+25  1.1198E-05  7.1022E+03  7.4643E-05  7.4866E-04  7.1845E-06
 2.7355E+25  1.1294E-05  7.1013E+03  7.4643E-05  7.3749E-04  7.1845E-06
 2.7447E+25  1.1296E-05  7.1003E+03  7.4643E-05  7.2668E-04  7.1845E-06
 2.7540E+25  1.1485E-05  7.0994E+03  7.4643E-05  7.1603E-04  7.1845E-06
 2.7632E+25  1.1457E-05  7.0985E+03  7.4643E-05  7.0547E-04  7.1845E-06
 2.7725E+25  1.1580E-05  7.0976E+03  7.4643E-05  6.9506E-04  7.1845E-06
 2.7817E+25  1.1721E-05  7.0967E+03  7.4643E-05  6.8493E-04  7.1845E-06
 2.7910E+25  1.1675E-05  7.0959E+03  7.4643E-05  6.7512E-04  7.1845E-06
 2.8003E+25  1.1866E-05  7.0950E+03  7.4643E-05  6.6541E-04  7.1845E-06
 2.8095E+25  1.1895E-05  7.0942E+03  7.4643E-05  6.5581E-04  7.1845E-06
 2.8188E+25  1.1958E-05  7.0933E+03  7.4643E-05  6.4632E-04  7.1845E-06
 2.8280E+25  1.2152E-05  7.0925E+03  7.4643E-05  6.3712E-04  7.1845E-06
 2.8373E+25  1.2073E-05  7.0917E+03  7.4643E-05  6.2819E-04  7.1845E-06
 2.8465E+25  1.2243E-05  7.0909E+03  7.4643E-05  6.1935E-04  7.1845E-06
 2.8558E+25  1.2362E-05  7.0902E+03  7.4643E-05  6.1058E-04  7.1845E-06
 2.8651E+25  1.2332E-05  7.0894E+03  7.4643E-05  6.0194E-04  7.1845E-06
 2.8743E+25  1.2528E-05  7.0886E+03  7.4643E-05  5.9352E-04  7.1845E-06
 2.8836E+25  1.2553E-05  7.0879E+03  7.4643E-05  5.8538E-04  7.1845E-06
 2.8928E+25  1.2614E-05  7.0872E+03  7.4643E-05  5.7732E-04  7.1845E-06
 2.9021E+25  1.2813E-05  7.0865E+03  7.4643E-05  5.6933E-04  7.1845E-06
 2.9113E+25  1.2749E-05  7.0858E+03  7.4643E-05  5.6142E-04  7.1845E-06
 2.9206E+25  1.2898E-05  7.0851E+03  7.4643E-05  5.5372E-04  7.1845E-06
 2.9299E+25  1.3067E-05  7.0844E+03  7.4643E-05  5.4624E-04  7.1845E-06
 2.9391E+25  1.2982E-05  7.0837E+03  7.4643E-05  5.3891E-04  7.1845E-06
 2.9484E+25  1.3182E-05  7.0831E+03  7.4643E-05  5.3160E-04  7.1845E-06
 2.9576E+25  1.3278E-05  7.0824E+03  7.4643E-05  5.2438E-04  7.1845E-06
 2.9669E+25  1.3263E-05  7.0818E+03  7.4643E-05  5.1729E-04  7.1845E-06
 2.9761E+25  1.3466E-05  7.0811E+03  7.4643E-05  5.1042E-04  7.1845E-06
 2.9854E+25  1.3496E-05  7.0805E+03  7.4643E-05  5.0372E-04  7.1845E-06
 2.9947E+25  1.3544E-05  7.0799E+03  7.4643E-05  4.9706E-04  7.1845E-06
 3.0039E+25  1.3750E-05  7.0793E+03  7.4643E-05  4.9045E-04  7.1845E-06
 3.0132E+25  1.3720E-05  7.0787E+03  7.4643E-05  4.8393E-04  7.1845E-06
 3.0224E+25  1.3826E-05  7.0781E+03  7.4643E-05  4.7758E-04  7.1845E-06
 3.0317E+25  1.4033E-05  7.0776E+03  7.4643E-05  4.7140E-04  7.1845E-06
 3.0409E+25  1.3952E-05  7.0770E+03  7.4643E-05  4.6534E-04  7.1845E-06
 3.0502E+25  1.4108E-05  7.0764E+03  7.4643E-05  4.5930E-04  7.1845E-06
 3.0594E+25  1.4313E-05  7.0759E+03  7.4643E-05  4.5332E-04  7.1845E-06
 3.0687E+25  1.4194E-05  7.0753E+03  7.4643E-05  4.4744E-04  7.1845E-06
 3.0780E+25  1.4390E-05  7.0748E+03  7.4643E-05  4.4172E-04  7.1845E-06
 3.0872E+25  1.4576E-05  7.0743E+03  7.4643E-05  4.3616E-04  7.1845E-06
 3.0965E+25  1.4461E-05  7.0738E+03  7.4643E-05  4.3065E-04  7.1845E-06
 3.1057E+25  1.4671E-05  7.0733E+03  7.4643E-05  4.2517E-04  7.1845E-06
 3.1150E+25  1.4835E-05  7.0727E+03  7.4643E-05  4.1974E-04  7.1845E-06
 3.1242E+25  1.4740E-05  7.0722E+03  7.4643E-05  4.1442E-04  7.1845E-06
 3.1335E+25  1.4952E-05  7.0718E+03  7.4643E-05  4.0926E-04  7.1845E-06
 3.1428E+25  1.5103E-05  7.0713E+03  7.4643E-05  4.0422E-04  7.1845E-06
 3.1520E+25  1.5018E-05  7.0708E+03  7.4643E-05  3.9922E-04  7.1845E-06
 3.1613E+25  1.5233E-05  7.0703E+03  7.4643E-05  3.9425E-04  7.1845E-06
 3.1705E+25  1.5381E-05  7.0699E+03  7.4643E-05  3.8932E-04  7.1845E-06
 3.1798E+25  1.5296E-05  7.0694E+03  7.4643E-05  3.8450E-04  7.1845E-06
 3.1890E+25  1.5513E-05  7.0690E+03  7.4643E-05  3.7980E-04  7.1845E-06
 3.1983E+25  1.5668E-05  7.0685E+03  7.4643E-05  3.7523E-04  7.1845E-06
 3.2076E+25  1.5574E-05  7.0681E+03  7.4643E-05  3.7069E-04  7.1845E-06
 3.2168E+25  1.5792E-05  7.0677E+03  7.4643E-05  3.6617E-04  7.1845E-06
 3.2261E+25  1.5966E-05  7.0672E+03  7.4643E-05  3.6170E-04  7.1845E-06
 3.2353E+25  1.5851E-05  7.0668E+03  7.4643E-05  3.5730E-04  7.1845E-06
 3.2446E+25  1.6071E-05  7.0664E+03  7.4643E-05  3.5302E-04  7.1845E-06
 3.2538E+25  1.6274E-05  7.0660E+03  7.4643E-05  3.4885E-04  7.1845E-06
 3.2631E+25  1.6128E-05  7.0656E+03  7.4643E-05  3.4474E-04  7.1845E-06
 3.2724E+25  1.6349E-05  7.0652E+03  7.4643E-05  3.4063E-04  7.1845E-06
 3.2816E+25  1.6569E-05  7.0648E+03  7.4643E-05  3.3656E-04  7.1845E-06
 3.2909E+25  1.6429E-05  7.0644E+03  7.4643E-05  3.3253E-04  7.1845E-06
 3.3001E+25  1.6626E-05  7.0640E+03  7.4643E-05  3.2862E-04  7.1845E-06
 3.3094E+25  1.6850E-05  7.0636E+03  7.4643E-05  3.2481E-04  7.1845E-06
 3.3186E+25  1.6754E-05  7.0633E+03  7.4643E-05  3.2107E-04  7.1845E-06
 3.3279E+25  1.6902E-05  7.0629E+03  7.4643E-05  3.1733E-04  7.1845E-06
 3.3372E+25  1.7129E-05  7.0626E+03  7.4643E-05  3.1363E-04  7.1845E-06
 3.3464E+25  1.7094E-05  7.0622E+03  7.4643E-05  3.0996E-04  7.1845E-06
 3.3557E+25  1.7178E-05  7.0618E+03  7.4643E-05  3.0636E-04  7.1845E-06
 3.3649E+25  1.7407E-05  7.0615E+03  7.4643E-05  3.0285E-04  7.1845E-06
 3.3742E+25  1.7447E-05  7.0611E+03  7.4643E-05  2.9943E-04  7.1845E-06
 3.3834E+25  1.7452E-05  7.0608E+03  7.4643E-05  2.9605E-04  7.1845E-06
 3.3927E+25  1.7684E-05  7.0605E+03  7.4643E-05  2.9268E-04  7.1845E-06
 3.4020E+25  1.7813E-05  7.0601E+03  7.4643E-05  2.8933E-04  7.1845E-06
 3.4112E+25  1.7727E-05  7.0598E+03  7.4643E-05  2.8601E-04  7.1845E-06
 3.4205E+25  1.7959E-05  7.0595E+03  7.4643E-05  2.8279E-04  7.1845E-06
 3.4297E+25  1.8184E-05  7.0592E+03  7.4643E-05  2.7963E-04  7.1845E-06
 3.4390E+25  1.8010E-05  7.0589E+03  7.4643E-05  2.7655E-04  7.1845E-06
 3.4482E+25  1.8232E-05  7.0586E+03  7.4643E-05  2.7348E-04  7.1845E-06
 3.4575E+25  1.8466E-05  7.0583E+03  7.4643E-05  2.7043E-04  7.1845E-06
 3.4668E+25  1.8395E-05  7.0579E+03  7.4643E-05  2.6740E-04  7.1845E-06
 3.4760E+25  1.8505E-05  7.0577E+03  7.4643E-05  2.6441E-04  7.1845E-06
 3.4853E+25  1.8742E-05  7.0574E+03  7.4643E-05  2.6150E-04  7.1845E-06
 3.4945E+25  1.8801E-05  7.0571E+03  7.4643E-05  2.5864E-04  7.1845E-06
 3.5038E+25  1.8777E-05  7.0568E+03  7.4643E-05  2.5586E-04  7.1845E-06
 3.5130E+25  1.9016E-05  7.0565E+03  7.4643E-05  2.5309E-04  7.1845E-06
 3.5223E+25  1.9223E-05  7.0562E+03  7.4643E-05  2.5032E-04  7.1845E-06
 3.5316E+25  1.9050E-05  7.0559E+03  7.4643E-05  2.4758E-04  7.1845E-06
 3.5408E+25  1.9287E-05  7.0557E+03  7.4643E-05  2.4487E-04  7.1845E-06
 3.5501E+25  1.9528E-05  7.0554E+03  7.4643E-05  2.4223E-04  7.1845E-06
 3.5593E+25  1.9454E-05  7.0551E+03  7.4643E-05  2.3963E-04  7.1845E-06
 3.5686E+25  1.9558E-05  7.0549E+03  7.4643E-05  2.3712E-04  7.1845E-06
 3.5778E+25  1.9802E-05  7.0546E+03  7.4643E-05  2.3460E-04  7.1845E-06
 3.5871E+25  1.9906E-05  7.0544E+03  7.4643E-05  2.3210E-04  7.1845E-06
 3.5964E+25  1.9829E-05  7.0541E+03  7.4643E-05  2.2962E-04  7.1845E-06
 3.6056E+25  2.0073E-05  7.0539E+03  7.4643E-05  2.2715E-04  7.1845E-06
 3.6149E+25  2.0317E-05  7.0536E+03  7.4643E-05  2.2475E-04  7.1845E-06
 3.6241E+25  2.0158E-05  7.0534E+03  7.4643E-05  2.2239E-04  7.1845E-06
 3.6334E+25  2.0341E-05  7.0531E+03  7.4643E-05  2.2009E-04  7.1845E-06
 3.6426E+25  2.0590E-05  7.0529E+03  7.4643E-05  2.1782E-04  7.1845E-06
 3.6519E+25  2.0642E-05  7.0526E+03  7.4643E-05  2.1555E-04  7.1845E-06
 3.6612E+25  2.0611E-05  7.0524E+03  7.4643E-05  2.1330E-04  7.1845E-06
 3.6704E+25  2.0859E-05  7.0522E+03  7.4643E-05  2.1106E-04  7.1845E-06
 3.6797E+25  2.1107E-05  7.0520E+03  7.4643E-05  2.0886E-04  7.1845E-06
 3.6889E+25  2.0918E-05  7.0517E+03  7.4643E-05  2.0671E-04  7.1845E-06
 3.6982E+25  2.1127E-05  7.0515E+03  7.4643E-05  2.0460E-04  7.1845E-06
 3.7074E+25  2.1380E-05  7.0513E+03  7.4643E-05  2.0254E-04  7.1845E-06
 3.7167E+25  2.1436E-05  7.0511E+03  7.4643E-05  2.0049E-04  7.1845E-06
 3.7260E+25  2.1395E-05  7.0509E+03  7.4643E-05  1.9844E-04  7.1845E-06
 3.7352E+25  2.1647E-05  7.0506E+03  7.4643E-05  1.9641E-04  7.1845E-06
 3.7445E+25  2.1901E-05  7.0504E+03  7.4643E-05  1.9440E-04  7.1845E-06
 3.7537E+25  2.1737E-05  7.0502E+03  7.4643E-05  1.9242E-04  7.1845E-06
 3.7630E+25  2.1913E-05  7.0500E+03  7.4643E-05  1.9048E-04  7.1845E-06
 3.7722E+25  2.2172E-05  7.0498E+03  7.4643E-05  1.8860E-04  7.1845E-06
 3.7815E+25  2.2294E-05  7.0496E+03  7.4643E-05  1.8675E-04  7.1845E-06
 3.7908E+25  2.2181E-05  7.0494E+03  7.4643E-05  1.8489E-04  7.1845E-06
 3.8000E+25  2.2436E-05  7.0492E+03  7.4643E-05  1.8304E-04  7.1845E-06
 3.8093E+25  2.2697E-05  7.0490E+03  7.4643E-05  1.8121E-04  7.1845E-06
 3.8185E+25  2.2623E-05  7.0488E+03  7.4643E-05  1.7939E-04  7.1845E-06
 3.8278E+25  2.2702E-05  7.0486E+03  7.4643E-05  1.7761E-04  7.1845E-06
 3.8370E+25  2.2963E-05  7.0485E+03  7.4643E-05  1.7587E-04  7.1845E-06
 3.8463E+25  2.3214E-05  7.0483E+03  7.4643E-05  1.7417E-04  7.1845E-06
 3.8556E+25  2.2976E-05  7.0481E+03  7.4643E-05  1.7249E-04  7.1845E-06
 3.8648E+25  2.3226E-05  7.0479E+03  7.4643E-05  1.7082E-04  7.1845E-06
 3.8741E+25  2.3492E-05  7.0477E+03  7.4643E-05  1.6915E-04  7.1845E-06
 3.8833E+25  2.3583E-05  7.0475E+03  7.4643E-05  1.6750E-04  7.1845E-06
 3.8926E+25  2.3492E-05  7.0474E+03  7.4643E-05  1.6585E-04  7.1845E-06
 3.9018E+25  2.3754E-05  7.0472E+03  7.4643E-05  1.6424E-04  7.1845E-06
 3.9111E+25  2.4023E-05  7.0470E+03  7.4643E-05  1.6266E-04  7.1845E-06
 3.9204E+25  2.3959E-05  7.0469E+03  7.4643E-05  1.6112E-04  7.1845E-06
 3.9296E+25  2.4018E-05  7.0467E+03  7.4643E-05  1.5960E-04  7.1845E-06
 3.9389E+25  2.4284E-05  7.0465E+03  7.4643E-05  1.5809E-04  7.1845E-06
 3.9481E+25  2.4555E-05  7.0464E+03  7.4643E-05  1.5659E-04  7.1845E-06
 3.9574E+25  2.4351E-05  7.0462E+03  7.4643E-05  1.5509E-04  7.1845E-06
 3.9666E+25  2.4547E-05  7.0460E+03  7.4643E-05  1.5360E-04  7.1845E-06
 3.9759E+25  2.4818E-05  7.0459E+03  7.4643E-05  1.5213E-04  7.1845E-06
 3.9852E+25  2.5036E-05  7.0457E+03  7.4643E-05  1.5070E-04  7.1845E-06
 3.9944E+25  2.4811E-05  7.0456E+03  7.4643E-05  1.4929E-04  7.1845E-06
 4.0037E+25  2.5079E-05  7.0454E+03  7.4643E-05  1.4792E-04  7.1845E-06
 4.0129E+25  2.5354E-05  7.0453E+03  7.4643E-05  1.4656E-04  7.1845E-06
 4.0222E+25  2.5465E-05  7.0451E+03  7.4643E-05  1.4520E-04  7.1845E-06
 4.0314E+25  2.5343E-05  7.0450E+03  7.4643E-05  1.4384E-04  7.1845E-06
 4.0407E+25  2.5613E-05  7.0448E+03  7.4643E-05  1.4250E-04  7.1845E-06
 4.0500E+25  2.5892E-05  7.0447E+03  7.4643E-05  1.4116E-04  7.1845E-06
 4.0592E+25  2.5912E-05  7.0445E+03  7.4643E-05  1.3985E-04  7.1845E-06
 4.0685E+25  2.5877E-05  7.0444E+03  7.4643E-05  1.3856E-04  7.1845E-06
 4.0777E+25  2.6150E-05  7.0442E+03  7.4643E-05  1.3730E-04  7.1845E-06
 4.0870E+25  2.6433E-05  7.0441E+03  7.4643E-05  1.3607E-04  7.1845E-06
 4.0962E+25  2.6376E-05  7.0439E+03  7.4643E-05  1.3485E-04  7.1845E-06
 4.1055E+25  2.6413E-05  7.0438E+03  7.4643E-05  1.3362E-04  7.1845E-06
 4.1148E+25  2.6690E-05  7.0437E+03  7.4643E-05  1.3240E-04  7.1845E-06
 4.1240E+25  2.6975E-05  7.0435E+03  7.4643E-05  1.3119E-04  7.1845E-06
 4.1333E+25  2.6861E-05  7.0434E+03  7.4643E-05  1.2999E-04  7.1845E-06
 4.1425E+25  2.6952E-05  7.0433E+03  7.4643E-05  1.2881E-04  7.1845E-06
 4.1518E+25  2.7232E-05  7.0431E+03  7.4643E-05  1.2765E-04  7.1845E-06
 4.1610E+25  2.7520E-05  7.0430E+03  7.4643E-05  1.2652E-04  7.1845E-06
 4.1703E+25  2.7365E-05  7.0429E+03  7.4643E-05  1.2542E-04  7.1845E-06
 4.1796E+25  2.7494E-05  7.0428E+03  7.4643E-05  1.2431E-04  7.1845E-06
 4.1888E+25  2.7776E-05  7.0426E+03  7.4643E-05  1.2320E-04  7.1845E-06
 4.1981E+25  2.8067E-05  7.0425E+03  7.4643E-05  1.2210E-04  7.1845E-06
 4.2073E+25  2.7890E-05  7.0424E+03  7.4643E-05  1.2101E-04  7.1845E-06
 4.2166E+25  2.8038E-05  7.0423E+03  7.4643E-05  1.1993E-04  7.1845E-06
 4.2258E+25  2.8323E-05  7.0421E+03  7.4643E-05  1.1887E-04  7.1845E-06
 4.2351E+25  2.8616E-05  7.0420E+03  7.4643E-05  1.1782E-04  7.1845E-06
 4.2443E+25  2.8438E-05  7.0419E+03  7.4643E-05  1.1680E-04  7.1845E-06
 4.2536E+25  2.8585E-05  7.0418E+03  7.4643E-05  1.1580E-04  7.1845E-06
 4.2629E+25  2.8872E-05  7.0417E+03  7.4643E-05  1.1481E-04  7.1845E-06
 4.2721E+25  2.9167E-05  7.0415E+03  7.4643E-05  1.1381E-04  7.1845E-06
 4.2814E+25  2.9008E-05  7.0414E+03  7.4643E-05  1.1282E-04  7.1845E-06
 4.2906E+25  2.9133E-05  7.0413E+03  7.4643E-05  1.1183E-04  7.1845E-06
 4.2999E+25  2.9423E-05  7.0412E+03  7.4643E-05  1.1085E-04  7.1845E-06
 4.3091E+25  2.9721E-05  7.0411E+03  7.4643E-05  1.0989E-04  7.1845E-06
 4.3184E+25  2.9602E-05  7.0410E+03  7.4643E-05  1.0894E-04  7.1845E-06
 4.3277E+25  2.9684E-05  7.0409E+03  7.4643E-05  1.0801E-04  7.1845E-06
 4.3369E+25  2.9978E-05  7.0408E+03  7.4643E-05  1.0711E-04  7.1845E-06
 4.3462E+25  3.0275E-05  7.0407E+03  7.4643E-05  1.0621E-04  7.1845E-06
 4.3554E+25  3.0221E-05  7.0406E+03  7.4643E-05  1.0531E-04  7.1845E-06
 4.3647E+25  3.0237E-05  7.0405E+03  7.4643E-05  1.0442E-04  7.1845E-06
 4.3739E+25  3.0535E-05  7.0404E+03  7.4643E-05  1.0353E-04  7.1845E-06
 4.3832E+25  3.0833E-05  7.0402E+03  7.4643E-05  1.0264E-04  7.1845E-06
 4.3925E+25  3.0864E-05  7.0401E+03  7.4643E-05  1.0177E-04  7.1845E-06
 4.4017E+25  3.0794E-05  7.0401E+03  7.4643E-05  1.0091E-04  7.1845E-06
 4.4110E+25  3.1094E-05  7.0400E+03  7.4643E-05  1.0005E-04  7.1845E-06
 4.4202E+25  3.1394E-05  7.0398E+03  7.4643E-05  9.9228E-05  7.1845E-06
 4.4295E+25  3.1533E-05  7.0397E+03  7.4643E-05  9.8421E-05  7.1845E-06
 4.4387E+25  3.1354E-05  7.0397E+03  7.4643E-05  9.7614E-05  7.1845E-06
 4.4480E+25  3.1655E-05  7.0396E+03  7.4643E-05  9.6807E-05  7.1845E-06
 4.4573E+25  3.1958E-05  7.0395E+03  7.4643E-05  9.6001E-05  7.1845E-06
 4.4665E+25  3.2228E-05  7.0394E+03  7.4643E-05  9.5203E-05  7.1845E-06
 4.4758E+25  3.1918E-05  7.0393E+03  7.4643E-05  9.4406E-05  7.1845E-06
 4.4850E+25  3.2218E-05  7.0392E+03  7.4643E-05  9.3618E-05  7.1845E-06
 4.4943E+25  3.2526E-05  7.0391E+03  7.4643E-05  9.2846E-05  7.1845E-06
 4.5035E+25  3.2834E-05  7.0390E+03  7.4643E-05  9.2078E-05  7.1845E-06
 4.5128E+25  3.2599E-05  7.0389E+03  7.4643E-05  9.1339E-05  7.1845E-06
 4.5221E+25  3.2784E-05  7.0388E+03  7.4643E-05  9.0613E-05  7.1845E-06
 4.5313E+25  3.3095E-05  7.0387E+03  7.4643E-05  8.9887E-05  7.1845E-06
 4.5406E+25  3.3405E-05  7.0386E+03  7.4643E-05  8.9160E-05  7.1845E-06
 4.5498E+25  3.3346E-05  7.0385E+03  7.4643E-05  8.8437E-05  7.1845E-06
 4.5591E+25  3.3356E-05  7.0385E+03  7.4643E-05  8.7718E-05  7.1845E-06
 4.5683E+25  3.3666E-05  7.0384E+03  7.4643E-05  8.7002E-05  7.1845E-06
 4.5776E+25  3.3980E-05  7.0383E+03  7.4643E-05  8.6290E-05  7.1845E-06
 4.5869E+25  3.4122E-05  7.0382E+03  7.4643E-05  8.5594E-05  7.1845E-06
 4.5961E+25  3.3930E-05  7.0381E+03  7.4643E-05  8.4902E-05  7.1845E-06
 4.6054E+25  3.4239E-05  7.0380E+03  7.4643E-05  8.4231E-05  7.1845E-06
 4.6146E+25  3.4557E-05  7.0380E+03  7.4643E-05  8.3579E-05  7.1845E-06
 4.6239E+25  3.4871E-05  7.0379E+03  7.4643E-05  8.2927E-05  7.1845E-06
 4.6331E+25  3.4563E-05  7.0378E+03  7.4643E-05  8.2273E-05  7.1845E-06
 4.6424E+25  3.4819E-05  7.0377E+03  7.4643E-05  8.1622E-05  7.1845E-06
 4.6517E+25  3.5137E-05  7.0376E+03  7.4643E-05  8.0974E-05  7.1845E-06
 4.6609E+25  3.5457E-05  7.0376E+03  7.4643E-05  8.0328E-05  7.1845E-06
 4.6702E+25  3.5394E-05  7.0375E+03  7.4643E-05  7.9686E-05  7.1845E-06
 4.6794E+25  3.5402E-05  7.0374E+03  7.4643E-05  7.9056E-05  7.1845E-06
 4.6887E+25  3.5718E-05  7.0373E+03  7.4643E-05  7.8431E-05  7.1845E-06
 4.6979E+25  3.6044E-05  7.0372E+03  7.4643E-05  7.7815E-05  7.1845E-06
 4.7072E+25  3.6262E-05  7.0372E+03  7.4643E-05  7.7224E-05  7.1845E-06
 4.7165E+25  3.5984E-05  7.0371E+03  7.4643E-05  7.6639E-05  7.1845E-06
 4.7257E+25  3.6306E-05  7.0370E+03  7.4643E-05  7.6052E-05  7.1845E-06
 4.7350E+25  3.6631E-05  7.0370E+03  7.4643E-05  7.5465E-05  7.1845E-06
 4.7442E+25  3.6959E-05  7.0369E+03  7.4643E-05  7.4882E-05  7.1845E-06
 4.7535E+25  3.6775E-05  7.0368E+03  7.4643E-05  7.4300E-05  7.1845E-06
 4.7627E+25  3.6898E-05  7.0367E+03  7.4643E-05  7.3721E-05  7.1845E-06
 4.7720E+25  3.7221E-05  7.0367E+03  7.4643E-05  7.3146E-05  7.1845E-06
 4.7813E+25  3.7554E-05  7.0366E+03  7.4643E-05  7.2581E-05  7.1845E-06
 4.7905E+25  3.7708E-05  7.0365E+03  7.4643E-05  7.2019E-05  7.1845E-06
 4.7998E+25  3.7487E-05  7.0364E+03  7.4643E-05  7.1471E-05  7.1845E-06
 4.8090E+25  3.7820E-05  7.0364E+03  7.4643E-05  7.0943E-05  7.1845E-06
 4.8183E+25  3.8148E-05  7.0363E+03  7.4643E-05  7.0418E-05  7.1845E-06
 4.8275E+25  3.8486E-05  7.0362E+03  7.4643E-05  6.9890E-05  7.1845E-06
 4.8368E+25  3.8274E-05  7.0362E+03  7.4643E-05  6.9364E-05  7.1845E-06
 4.8461E+25  3.8417E-05  7.0361E+03  7.4643E-05  6.8840E-05  7.1845E-06
 4.8553E+25  3.8751E-05  7.0360E+03  7.4643E-05  6.8317E-05  7.1845E-06
 4.8646E+25  3.9088E-05  7.0360E+03  7.4643E-05  6.7797E-05  7.1845E-06
 4.8738E+25  3.9279E-05  7.0359E+03  7.4643E-05  6.7281E-05  7.1845E-06
 4.8831E+25  3.9014E-05  7.0358E+03  7.4643E-05  6.6773E-05  7.1845E-06
 4.8923E+25  3.9358E-05  7.0358E+03  7.4643E-05  6.6268E-05  7.1845E-06
 4.9016E+25  3.9692E-05  7.0357E+03  7.4643E-05  6.5774E-05  7.1845E-06
 4.9109E+25  4.0037E-05  7.0356E+03  7.4643E-05  6.5300E-05  7.1845E-06
 4.9201E+25  3.9902E-05  7.0356E+03  7.4643E-05  6.4827E-05  7.1845E-06
 4.9294E+25  3.9961E-05  7.0355E+03  7.4643E-05  6.4354E-05  7.1845E-06
 4.9386E+25  4.0308E-05  7.0355E+03  7.4643E-05  6.3881E-05  7.1845E-06
 4.9479E+25  4.0645E-05  7.0354E+03  7.4643E-05  6.3410E-05  7.1845E-06
 4.9571E+25  4.0972E-05  7.0353E+03  7.4643E-05  6.2940E-05  7.1845E-06
 4.9664E+25  4.0578E-05  7.0353E+03  7.4643E-05  6.2473E-05  7.1845E-06
 4.9757E+25  4.0918E-05  7.0352E+03  7.4643E-05  6.2007E-05  7.1845E-06
 4.9849E+25  4.1268E-05  7.0352E+03  7.4643E-05  6.1549E-05  7.1845E-06
 4.9942E+25  4.1611E-05  7.0351E+03  7.4643E-05  6.1094E-05  7.1845E-06
 5.0034E+25  4.1669E-05  7.0350E+03  7.4643E-05  6.0645E-05  7.1845E-06
 5.0127E+25  4.1531E-05  7.0350E+03  7.4643E-05  6.0215E-05  7.1845E-06
 5.0219E+25  4.1886E-05  7.0349E+03  7.4643E-05  5.9790E-05  7.1845E-06
 5.0312E+25  4.2238E-05  7.0349E+03  7.4643E-05  5.9367E-05  7.1845E-06
 5.0405E+25  4.2588E-05  7.0348E+03  7.4643E-05  5.8942E-05  7.1845E-06
 5.0497E+25  4.2387E-05  7.0347E+03  7.4643E-05  5.8517E-05  7.1845E-06
 5.0590E+25  4.2504E-05  7.0347E+03  7.4643E-05  5.8095E-05  7.1845E-06
 5.0682E+25  4.2865E-05  7.0346E+03  7.4643E-05  5.7675E-05  7.1845E-06
 5.0775E+25  4.3219E-05  7.0346E+03  7.4643E-05  5.7255E-05  7.1845E-06
 5.0867E+25  4.3557E-05  7.0345E+03  7.4643E-05  5.6840E-05  7.1845E-06
 5.0960E+25  4.3156E-05  7.0345E+03  7.4643E-05  5.6429E-05  7.1845E-06
 5.1053E+25  4.3489E-05  7.0344E+03  7.4643E-05  5.6022E-05  7.1845E-06
 5.1145E+25  4.3855E-05  7.0344E+03  7.4643E-05  5.5623E-05  7.1845E-06
 5.1238E+25  4.4213E-05  7.0343E+03  7.4643E-05  5.5240E-05  7.1845E-06
 5.1330E+25  4.4363E-05  7.0343E+03  7.4643E-05  5.4860E-05  7.1845E-06
 5.1423E+25  4.4131E-05  7.0342E+03  7.4643E-05  5.4479E-05  7.1845E-06
 5.1515E+25  4.4486E-05  7.0342E+03  7.4643E-05  5.4098E-05  7.1845E-06
 5.1608E+25  4.4856E-05  7.0341E+03  7.4643E-05  5.3718E-05  7.1845E-06
 5.1701E+25  4.5218E-05  7.0340E+03  7.4643E-05  5.3340E-05  7.1845E-06
 5.1793E+25  4.5186E-05  7.0340E+03  7.4643E-05  5.2963E-05  7.1845E-06
 5.1886E+25  4.5135E-05  7.0339E+03  7.4643E-05  5.2586E-05  7.1845E-06
 5.1978E+25  4.5494E-05  7.0339E+03  7.4643E-05  5.2213E-05  7.1845E-06
 5.2071E+25  4.5869E-05  7.0338E+03  7.4643E-05  5.1845E-05  7.1845E-06
 5.2163E+25  4.6235E-05  7.0338E+03  7.4643E-05  5.1478E-05  7.1845E-06
 5.2256E+25  4.6044E-05  7.0337E+03  7.4643E-05  5.1121E-05  7.1845E-06
 5.2349E+25  4.6151E-05  7.0337E+03  7.4643E-05  5.0777E-05  7.1845E-06
 5.2441E+25  4.6514E-05  7.0336E+03  7.4643E-05  5.0436E-05  7.1845E-06
 5.2534E+25  4.6894E-05  7.0336E+03  7.4643E-05  5.0095E-05  7.1845E-06
 5.2626E+25  4.7264E-05  7.0335E+03  7.4643E-05  4.9753E-05  7.1845E-06
 5.2719E+25  4.6939E-05  7.0335E+03  7.4643E-05  4.9412E-05  7.1845E-06
 5.2811E+25  4.7181E-05  7.0335E+03  7.4643E-05  4.9072E-05  7.1845E-06
 5.2904E+25  4.7546E-05  7.0334E+03  7.4643E-05  4.8734E-05  7.1845E-06
 5.2997E+25  4.7931E-05  7.0334E+03  7.4643E-05  4.8397E-05  7.1845E-06
 5.3089E+25  4.8295E-05  7.0333E+03  7.4643E-05  4.8061E-05  7.1845E-06
 5.3182E+25  4.7882E-05  7.0333E+03  7.4643E-05  4.7730E-05  7.1845E-06
 5.3274E+25  4.8223E-05  7.0332E+03  7.4643E-05  4.7400E-05  7.1845E-06
 5.3367E+25  4.8592E-05  7.0332E+03  7.4643E-05  4.7073E-05  7.1845E-06
 5.3459E+25  4.8980E-05  7.0331E+03  7.4643E-05  4.6763E-05  7.1845E-06
 5.3552E+25  4.9308E-05  7.0331E+03  7.4643E-05  4.6456E-05  7.1845E-06
 5.3645E+25  4.8894E-05  7.0330E+03  7.4643E-05  4.6151E-05  7.1845E-06
 5.3737E+25  4.9277E-05  7.0330E+03  7.4643E-05  4.5845E-05  7.1845E-06
 5.3830E+25  4.9652E-05  7.0330E+03  7.4643E-05  4.5539E-05  7.1845E-06
 5.3922E+25  5.0042E-05  7.0329E+03  7.4643E-05  4.5234E-05  7.1845E-06
 5.4015E+25  5.0323E-05  7.0328E+03  7.4643E-05  4.4930E-05  7.1845E-06
 5.4107E+25  4.9955E-05  7.0328E+03  7.4643E-05  4.4627E-05  7.1845E-06
 5.4200E+25  5.0345E-05  7.0328E+03  7.4643E-05  4.4324E-05  7.1845E-06
 5.4292E+25  5.0726E-05  7.0327E+03  7.4643E-05  4.4025E-05  7.1845E-06
 5.4385E+25  5.1115E-05  7.0327E+03  7.4643E-05  4.3728E-05  7.1845E-06
 5.4478E+25  5.1378E-05  7.0326E+03  7.4643E-05  4.3432E-05  7.1845E-06
 5.4570E+25  5.1034E-05  7.0326E+03  7.4643E-05  4.3144E-05  7.1845E-06
 5.4663E+25  5.1426E-05  7.0326E+03  7.4643E-05  4.2868E-05  7.1845E-06
 5.4755E+25  5.1815E-05  7.0325E+03  7.4643E-05  4.2593E-05  7.1845E-06
 5.4848E+25  5.2202E-05  7.0325E+03  7.4643E-05  4.2319E-05  7.1845E-06
 5.4940E+25  5.2473E-05  7.0324E+03  7.4643E-05  4.2045E-05  7.1845E-06
 5.5033E+25  5.2129E-05  7.0324E+03  7.4643E-05  4.1771E-05  7.1845E-06
 5.5126E+25  5.2521E-05  7.0323E+03  7.4643E-05  4.1498E-05  7.1845E-06
 5.5218E+25  5.2917E-05  7.0323E+03  7.4643E-05  4.1225E-05  7.1845E-06
 5.5311E+25  5.3305E-05  7.0323E+03  7.4643E-05  4.0954E-05  7.1845E-06
 5.5403E+25  5.3611E-05  7.0322E+03  7.4643E-05  4.0683E-05  7.1845E-06
 5.5496E+25  5.3239E-05  7.0322E+03  7.4643E-05  4.0414E-05  7.1845E-06
 5.5588E+25  5.3627E-05  7.0321E+03  7.4643E-05  4.0149E-05  7.1845E-06
 5.5681E+25  5.4032E-05  7.0321E+03  7.4643E-05  3.9883E-05  7.1845E-06
 5.5774E+25  5.4428E-05  7.0321E+03  7.4643E-05  3.9624E-05  7.1845E-06
 5.5866E+25  5.4787E-05  7.0320E+03  7.4643E-05  3.9376E-05  7.1845E-06
 5.5959E+25  5.4365E-05  7.0320E+03  7.4643E-05  3.9130E-05  7.1845E-06
 5.6051E+25  5.4753E-05  7.0319E+03  7.4643E-05  3.8885E-05  7.1845E-06
 5.6144E+25  5.5162E-05  7.0319E+03  7.4643E-05  3.8639E-05  7.1845E-06
 5.6236E+25  5.5566E-05  7.0319E+03  7.4643E-05  3.8394E-05  7.1845E-06
 5.6329E+25  5.5956E-05  7.0318E+03  7.4643E-05  3.8148E-05  7.1845E-06
 5.6422E+25  5.5553E-05  7.0318E+03  7.4643E-05  3.7905E-05  7.1845E-06
 5.6514E+25  5.5899E-05  7.0318E+03  7.4643E-05  3.7661E-05  7.1845E-06
 5.6607E+25  5.6305E-05  7.0317E+03  7.4643E-05  3.7418E-05  7.1845E-06
 5.6699E+25  5.6718E-05  7.0317E+03  7.4643E-05  3.7177E-05  7.1845E-06
 5.6792E+25  5.7121E-05  7.0316E+03  7.4643E-05  3.6937E-05  7.1845E-06
 5.6884E+25  5.6812E-05  7.0316E+03  7.4643E-05  3.6699E-05  7.1845E-06
 5.6977E+25  5.7062E-05  7.0316E+03  7.4643E-05  3.6463E-05  7.1845E-06
 5.7070E+25  5.7462E-05  7.0315E+03  7.4643E-05  3.6238E-05  7.1845E-06
 5.7162E+25  5.7884E-05  7.0315E+03  7.4643E-05  3.6017E-05  7.1845E-06
 5.7255E+25  5.8299E-05  7.0315E+03  7.4643E-05  3.5797E-05  7.1845E-06
 5.7347E+25  5.8122E-05  7.0314E+03  7.4643E-05  3.5578E-05  7.1845E-06
 5.7440E+25  5.8234E-05  7.0314E+03  7.4643E-05  3.5358E-05  7.1845E-06
 5.7532E+25  5.8646E-05  7.0314E+03  7.4643E-05  3.5138E-05  7.1845E-06
 5.7625E+25  5.9065E-05  7.0313E+03  7.4643E-05  3.4920E-05  7.1845E-06
 5.7718E+25  5.9489E-05  7.0313E+03  7.4643E-05  3.4701E-05  7.1845E-06
 5.7810E+25  5.9488E-05  7.0312E+03  7.4643E-05  3.4483E-05  7.1845E-06
 5.7903E+25  5.9421E-05  7.0312E+03  7.4643E-05  3.4265E-05  7.1845E-06
 5.7995E+25  5.9849E-05  7.0312E+03  7.4643E-05  3.4050E-05  7.1845E-06
 5.8088E+25  6.0259E-05  7.0311E+03  7.4643E-05  3.3836E-05  7.1845E-06
 5.8180E+25  6.0693E-05  7.0311E+03  7.4643E-05  3.3622E-05  7.1845E-06
 5.8273E+25  6.0908E-05  7.0311E+03  7.4643E-05  3.3412E-05  7.1845E-06
 5.8366E+25  6.0625E-05  7.0310E+03  7.4643E-05  3.3212E-05  7.1845E-06
 5.8458E+25  6.1059E-05  7.0310E+03  7.4643E-05  3.3014E-05  7.1845E-06
 5.8551E+25  6.1485E-05  7.0310E+03  7.4643E-05  3.2818E-05  7.1845E-06
 5.8643E+25  6.1911E-05  7.0309E+03  7.4643E-05  3.2622E-05  7.1845E-06
 5.8736E+25  6.2329E-05  7.0309E+03  7.4643E-05  3.2424E-05  7.1845E-06
 5.8828E+25  6.1900E-05  7.0309E+03  7.4643E-05  3.2228E-05  7.1845E-06
 5.8921E+25  6.2286E-05  7.0308E+03  7.4643E-05  3.2032E-05  7.1845E-06
 5.9014E+25  6.2726E-05  7.0308E+03  7.4643E-05  3.1837E-05  7.1845E-06
 5.9106E+25  6.3149E-05  7.0308E+03  7.4643E-05  3.1642E-05  7.1845E-06
 5.9199E+25  6.3592E-05  7.0307E+03  7.4643E-05  3.1447E-05  7.1845E-06
 5.9291E+25  6.3398E-05  7.0307E+03  7.4643E-05  3.1254E-05  7.1845E-06
 5.9384E+25  6.3536E-05  7.0307E+03  7.4643E-05  3.1061E-05  7.1845E-06
 5.9476E+25  6.3977E-05  7.0306E+03  7.4643E-05  3.0870E-05  7.1845E-06
 5.9569E+25  6.4421E-05  7.0306E+03  7.4643E-05  3.0680E-05  7.1845E-06
 5.9662E+25  6.4850E-05  7.0306E+03  7.4643E-05  3.0500E-05  7.1845E-06
 5.9754E+25  6.4960E-05  7.0305E+03  7.4643E-05  3.0323E-05  7.1845E-06
 5.9847E+25  6.4815E-05  7.0305E+03  7.4643E-05  3.0147E-05  7.1845E-06
 5.9939E+25  6.5247E-05  7.0305E+03  7.4643E-05  2.9972E-05  7.1845E-06
 6.0032E+25  6.5698E-05  7.0304E+03  7.4643E-05  2.9796E-05  7.1845E-06
 6.0124E+25  6.6141E-05  7.0304E+03  7.4643E-05  2.9619E-05  7.1845E-06
 6.0217E+25  6.6550E-05  7.0304E+03  7.4643E-05  2.9444E-05  7.1845E-06
 6.0310E+25  6.6127E-05  7.0304E+03  7.4643E-05  2.9269E-05  7.1845E-06
 6.0402E+25  6.6550E-05  7.0303E+03  7.4643E-05  2.9094E-05  7.1845E-06
 6.0495E+25  6.6992E-05  7.0303E+03  7.4643E-05  2.8920E-05  7.1845E-06
 6.0587E+25  6.7451E-05  7.0303E+03  7.4643E-05  2.8746E-05  7.1845E-06
 6.0680E+25  6.7894E-05  7.0302E+03  7.4643E-05  2.8574E-05  7.1845E-06
 6.0772E+25  6.7755E-05  7.0302E+03  7.4643E-05  2.8402E-05  7.1845E-06
 6.0865E+25  6.7872E-05  7.0302E+03  7.4643E-05  2.8231E-05  7.1845E-06
 6.0958E+25  6.8318E-05  7.0301E+03  7.4643E-05  2.8064E-05  7.1845E-06
 6.1050E+25  6.8771E-05  7.0301E+03  7.4643E-05  2.7905E-05  7.1845E-06
 6.1143E+25  6.9236E-05  7.0301E+03  7.4643E-05  2.7746E-05  7.1845E-06
 6.1235E+25  6.9462E-05  7.0300E+03  7.4643E-05  2.7590E-05  7.1845E-06
 6.1328E+25  6.9214E-05  7.0300E+03  7.4643E-05  2.7432E-05  7.1845E-06
 6.1420E+25  6.9669E-05  7.0300E+03  7.4643E-05  2.7275E-05  7.1845E-06
 6.1513E+25  7.0121E-05  7.0300E+03  7.4643E-05  2.7118E-05  7.1845E-06
 6.1606E+25  7.0583E-05  7.0299E+03  7.4643E-05  2.6961E-05  7.1845E-06
 6.1698E+25  7.1050E-05  7.0299E+03  7.4643E-05  2.6805E-05  7.1845E-06
 6.1791E+25  7.0761E-05  7.0299E+03  7.4643E-05  2.6648E-05  7.1845E-06
 6.1883E+25  7.1039E-05  7.0298E+03  7.4643E-05  2.6492E-05  7.1845E-06
 6.1976E+25  7.1500E-05  7.0298E+03  7.4643E-05  2.6337E-05  7.1845E-06
 6.2068E+25  7.1958E-05  7.0298E+03  7.4643E-05  2.6182E-05  7.1845E-06
 6.2161E+25  7.2428E-05  7.0297E+03  7.4643E-05  2.6028E-05  7.1845E-06
 6.2254E+25  7.2592E-05  7.0297E+03  7.4643E-05  2.5875E-05  7.1845E-06
 6.2346E+25  7.2424E-05  7.0297E+03  7.4643E-05  2.5727E-05  7.1845E-06
 6.2439E+25  7.2899E-05  7.0297E+03  7.4643E-05  2.5584E-05  7.1845E-06
 6.2531E+25  7.3367E-05  7.0296E+03  7.4643E-05  2.5442E-05  7.1845E-06
 6.2624E+25  7.3831E-05  7.0296E+03  7.4643E-05  2.5302E-05  7.1845E-06
 6.2716E+25  7.4304E-05  7.0296E+03  7.4643E-05  2.5161E-05  7.1845E-06
 6.2809E+25  7.4008E-05  7.0295E+03  7.4643E-05  2.5021E-05  7.1845E-06
 6.2902E+25  7.4315E-05  7.0295E+03  7.4643E-05  2.4880E-05  7.1845E-06
 6.2994E+25  7.4796E-05  7.0295E+03  7.4643E-05  2.4740E-05  7.1845E-06
 6.3087E+25  7.5271E-05  7.0295E+03  7.4643E-05  2.4600E-05  7.1845E-06
 6.3179E+25  7.5741E-05  7.0294E+03  7.4643E-05  2.4460E-05  7.1845E-06
 6.3272E+25  7.5931E-05  7.0294E+03  7.4643E-05  2.4320E-05  7.1845E-06
 6.3364E+25  7.5770E-05  7.0294E+03  7.4643E-05  2.4181E-05  7.1845E-06
 6.3457E+25  7.6242E-05  7.0293E+03  7.4643E-05  2.4043E-05  7.1845E-06
 6.3550E+25  7.6729E-05  7.0293E+03  7.4643E-05  2.3905E-05  7.1845E-06
 6.3642E+25  7.7211E-05  7.0293E+03  7.4643E-05  2.3767E-05  7.1845E-06
 6.3735E+25  7.7686E-05  7.0293E+03  7.4643E-05  2.3632E-05  7.1845E-06
 6.3827E+25  7.7467E-05  7.0292E+03  7.4643E-05  2.3503E-05  7.1845E-06
 6.3920E+25  7.7729E-05  7.0292E+03  7.4643E-05  2.3376E-05  7.1845E-06
 6.4012E+25  7.8207E-05  7.0292E+03  7.4643E-05  2.3250E-05  7.1845E-06
 6.4105E+25  7.8701E-05  7.0291E+03  7.4643E-05  2.3125E-05  7.1845E-06
 6.4198E+25  7.9190E-05  7.0291E+03  7.4643E-05  2.2999E-05  7.1845E-06
 6.4290E+25  7.9501E-05  7.0291E+03  7.4643E-05  2.2873E-05  7.1845E-06
 6.4383E+25  7.9236E-05  7.0291E+03  7.4643E-05  2.2748E-05  7.1845E-06
 6.4475E+25  7.9727E-05  7.0290E+03  7.4643E-05  2.2622E-05  7.1845E-06
 6.4568E+25  8.0211E-05  7.0290E+03  7.4643E-05  2.2497E-05  7.1845E-06
 6.4660E+25  8.0713E-05  7.0290E+03  7.4643E-05  2.2373E-05  7.1845E-06
 6.4753E+25  8.1207E-05  7.0289E+03  7.4643E-05  2.2248E-05  7.1845E-06
 6.4846E+25  8.1162E-05  7.0289E+03  7.4643E-05  2.2123E-05  7.1845E-06
 6.4938E+25  8.1267E-05  7.0289E+03  7.4643E-05  2.2000E-05  7.1845E-06
 6.5031E+25  8.1767E-05  7.0289E+03  7.4643E-05  2.1876E-05  7.1845E-06
 6.5123E+25  8.2255E-05  7.0288E+03  7.4643E-05  2.1753E-05  7.1845E-06
 6.5216E+25  8.2766E-05  7.0288E+03  7.4643E-05  2.1633E-05  7.1845E-06
 6.5308E+25  8.3246E-05  7.0288E+03  7.4643E-05  2.1518E-05  7.1845E-06
 6.5401E+25  8.2910E-05  7.0288E+03  7.4643E-05  2.1404E-05  7.1845E-06
 6.5494E+25  8.3340E-05  7.0287E+03  7.4643E-05  2.1292E-05  7.1845E-06
 6.5586E+25  8.3848E-05  7.0287E+03  7.4643E-05  2.1181E-05  7.1845E-06
 6.5679E+25  8.4341E-05  7.0287E+03  7.4643E-05  2.1068E-05  7.1845E-06
 6.5771E+25  8.4860E-05  7.0286E+03  7.4643E-05  2.0956E-05  7.1845E-06
 6.5864E+25  8.5098E-05  7.0286E+03  7.4643E-05  2.0844E-05  7.1845E-06
 6.5956E+25  8.4958E-05  7.0286E+03  7.4643E-05  2.0732E-05  7.1845E-06
 6.6049E+25  8.5457E-05  7.0286E+03  7.4643E-05  2.0620E-05  7.1845E-06
 6.6142E+25  8.5971E-05  7.0285E+03  7.4643E-05  2.0509E-05  7.1845E-06
 6.6234E+25  8.6472E-05  7.0285E+03  7.4643E-05  2.0397E-05  7.1845E-06
 6.6327E+25  8.6995E-05  7.0285E+03  7.4643E-05  2.0286E-05  7.1845E-06
 6.6419E+25  8.6955E-05  7.0285E+03  7.4643E-05  2.0175E-05  7.1845E-06
 6.6512E+25  8.7115E-05  7.0284E+03  7.4643E-05  2.0064E-05  7.1845E-06
 6.6604E+25  8.7620E-05  7.0284E+03  7.4643E-05  1.9954E-05  7.1845E-06
 6.6697E+25  8.8138E-05  7.0284E+03  7.4643E-05  1.9845E-05  7.1845E-06
 6.6789E+25  8.8647E-05  7.0283E+03  7.4643E-05  1.9742E-05  7.1845E-06
 6.6882E+25  8.9162E-05  7.0283E+03  7.4643E-05  1.9640E-05  7.1845E-06
 6.6975E+25  8.8897E-05  7.0283E+03  7.4643E-05  1.9539E-05  7.1845E-06
 6.7067E+25  8.9316E-05  7.0283E+03  7.4643E-05  1.9440E-05  7.1845E-06
 6.7160E+25  8.9828E-05  7.0282E+03  7.4643E-05  1.9339E-05  7.1845E-06
 6.7252E+25  9.0349E-05  7.0282E+03  7.4643E-05  1.9239E-05  7.1845E-06
 6.7345E+25  9.0871E-05  7.0282E+03  7.4643E-05  1.9139E-05  7.1845E-06
 6.7437E+25  9.1251E-05  7.0282E+03  7.4643E-05  1.9039E-05  7.1845E-06
 6.7530E+25  9.1036E-05  7.0281E+03  7.4643E-05  1.8939E-05  7.1845E-06
 6.7623E+25  9.1559E-05  7.0281E+03  7.4643E-05  1.8839E-05  7.1845E-06
 6.7715E+25  9.2087E-05  7.0281E+03  7.4643E-05  1.8740E-05  7.1845E-06
 6.7808E+25  9.2609E-05  7.0281E+03  7.4643E-05  1.8640E-05  7.1845E-06
 6.7900E+25  9.3141E-05  7.0280E+03  7.4643E-05  1.8541E-05  7.1845E-06
 6.7993E+25  9.3310E-05  7.0280E+03  7.4643E-05  1.8442E-05  7.1845E-06
 6.8085E+25  9.3325E-05  7.0280E+03  7.4643E-05  1.8343E-05  7.1845E-06
 6.8178E+25  9.3853E-05  7.0279E+03  7.4643E-05  1.8244E-05  7.1845E-06
 6.8271E+25  9.4392E-05  7.0279E+03  7.4643E-05  1.8149E-05  7.1845E-06
 6.8363E+25  9.4919E-05  7.0279E+03  7.4643E-05  1.8057E-05  7.1845E-06
 6.8456E+25  9.5456E-05  7.0279E+03  7.4643E-05  1.7965E-05  7.1845E-06
 6.8548E+25  9.5448E-05  7.0279E+03  7.4643E-05  1.7876E-05  7.1845E-06
 6.8641E+25  9.5660E-05  7.0278E+03  7.4643E-05  1.7787E-05  7.1845E-06
 6.8733E+25  9.6199E-05  7.0278E+03  7.4643E-05  1.7698E-05  7.1845E-06
 6.8826E+25  9.6745E-05  7.0278E+03  7.4643E-05  1.7608E-05  7.1845E-06
 6.8919E+25  9.7281E-05  7.0277E+03  7.4643E-05  1.7519E-05  7.1845E-06
 6.9011E+25  9.7815E-05  7.0277E+03  7.4643E-05  1.7429E-05  7.1845E-06
 6.9104E+25  9.7669E-05  7.0277E+03  7.4643E-05  1.7340E-05  7.1845E-06
 6.9196E+25  9.8045E-05  7.0277E+03  7.4643E-05  1.7251E-05  7.1845E-06
 6.9289E+25  9.8597E-05  7.0276E+03  7.4643E-05  1.7162E-05  7.1845E-06
 6.9381E+25  9.9144E-05  7.0276E+03  7.4643E-05  1.7073E-05  7.1845E-06
 6.9474E+25  9.9696E-05  7.0276E+03  7.4643E-05  1.6984E-05  7.1845E-06
 6.9567E+25  1.0021E-04  7.0275E+03  7.4643E-05  1.6896E-05  7.1845E-06
 6.9659E+25  9.9987E-05  7.0275E+03  7.4643E-05  1.6808E-05  7.1845E-06
 6.9752E+25  1.0048E-04  7.0275E+03  7.4643E-05  1.6720E-05  7.1845E-06
 6.9844E+25  1.0104E-04  7.0275E+03  7.4643E-05  1.6633E-05  7.1845E-06
 6.9937E+25  1.0160E-04  7.0274E+03  7.4643E-05  1.6550E-05  7.1845E-06
 7.0029E+25  1.0216E-04  7.0274E+03  7.4643E-05  1.6469E-05  7.1845E-06
 7.0122E+25  1.0261E-04  7.0274E+03  7.4643E-05  1.6388E-05  7.1845E-06
 7.0215E+25  1.0243E-04  7.0274E+03  7.4643E-05  1.6309E-05  7.1845E-06
 7.0307E+25  1.0298E-04  7.0273E+03  7.4643E-05  1.6229E-05  7.1845E-06
 7.0400E+25  1.0354E-04  7.0273E+03  7.4643E-05  1.6149E-05  7.1845E-06
 7.0492E+25  1.0411E-04  7.0273E+03  7.4643E-05  1.6070E-05  7.1845E-06
 7.0585E+25  1.0467E-04  7.0272E+03  7.4643E-05  1.5990E-05  7.1845E-06
 7.0677E+25  1.0504E-04  7.0272E+03  7.4643E-05  1.5910E-05  7.1845E-06
 7.0770E+25  1.0498E-04  7.0272E+03  7.4643E-05  1.5831E-05  7.1845E-06
 7.0863E+25  1.0554E-04  7.0272E+03  7.4643E-05  1.5751E-05  7.1845E-06
 7.0955E+25  1.0610E-04  7.0271E+03  7.4643E-05  1.5672E-05  7.1845E-06
 7.1048E+25  1.0667E-04  7.0271E+03  7.4643E-05  1.5592E-05  7.1845E-06
 7.1140E+25  1.0724E-04  7.0271E+03  7.4643E-05  1.5513E-05  7.1845E-06
 7.1233E+25  1.0754E-04  7.0271E+03  7.4643E-05  1.5434E-05  7.1845E-06
 7.1325E+25  1.0759E-04  7.0270E+03  7.4643E-05  1.5355E-05  7.1845E-06
 7.1418E+25  1.0815E-04  7.0270E+03  7.4643E-05  1.5277E-05  7.1845E-06
 7.1511E+25  1.0871E-04  7.0270E+03  7.4643E-05  1.5201E-05  7.1845E-06
 7.1603E+25  1.0929E-04  7.0269E+03  7.4643E-05  1.5127E-05  7.1845E-06
 7.1696E+25  1.0987E-04  7.0269E+03  7.4643E-05  1.5054E-05  7.1845E-06
 7.1788E+25  1.1012E-04  7.0269E+03  7.4643E-05  1.4983E-05  7.1845E-06
 7.1881E+25  1.1026E-04  7.0269E+03  7.4643E-05  1.4912E-05  7.1845E-06
 7.1973E+25  1.1082E-04  7.0268E+03  7.4643E-05  1.4841E-05  7.1845E-06
 7.2066E+25  1.1139E-04  7.0268E+03  7.4643E-05  1.4770E-05  7.1845E-06
 7.2159E+25  1.1197E-04  7.0268E+03  7.4643E-05  1.4699E-05  7.1845E-06
 7.2251E+25  1.1255E-04  7.0267E+03  7.4643E-05  1.4628E-05  7.1845E-06
 7.2344E+25  1.1278E-04  7.0267E+03  7.4643E-05  1.4557E-05  7.1845E-06
 7.2436E+25  1.1298E-04  7.0267E+03  7.4643E-05  1.4486E-05  7.1845E-06
 7.2529E+25  1.1356E-04  7.0267E+03  7.4643E-05  1.4415E-05  7.1845E-06
 7.2621E+25  1.1413E-04  7.0266E+03  7.4643E-05  1.4344E-05  7.1845E-06
 7.2714E+25  1.1471E-04  7.0266E+03  7.4643E-05  1.4273E-05  7.1845E-06
 7.2807E+25  1.1530E-04  7.0266E+03  7.4643E-05  1.4202E-05  7.1845E-06
 7.2899E+25  1.1551E-04  7.0266E+03  7.4643E-05  1.4132E-05  7.1845E-06
 7.2992E+25  1.1576E-04  7.0265E+03  7.4643E-05  1.4061E-05  7.1845E-06
 7.3084E+25  1.1635E-04  7.0265E+03  7.4643E-05  1.3991E-05  7.1845E-06
 7.3177E+25  1.1693E-04  7.0265E+03  7.4643E-05  1.3922E-05  7.1845E-06
 7.3269E+25  1.1752E-04  7.0264E+03  7.4643E-05  1.3857E-05  7.1845E-06
 7.3362E+25  1.1810E-04  7.0264E+03  7.4643E-05  1.3791E-05  7.1845E-06
 7.3455E+25  1.1833E-04  7.0264E+03  7.4643E-05  1.3727E-05  7.1845E-06
 7.3547E+25  1.1860E-04  7.0264E+03  7.4643E-05  1.3664E-05  7.1845E-06
 7.3640E+25  1.1921E-04  7.0263E+03  7.4643E-05  1.3601E-05  7.1845E-06
 7.3732E+25  1.1980E-04  7.0263E+03  7.4643E-05  1.3537E-05  7.1845E-06
 7.3825E+25  1.2039E-04  7.0263E+03  7.4643E-05  1.3474E-05  7.1845E-06
 7.3917E+25  1.2098E-04  7.0262E+03  7.4643E-05  1.3410E-05  7.1845E-06
 7.4010E+25  1.2123E-04  7.0262E+03  7.4643E-05  1.3347E-05  7.1845E-06
 7.4103E+25  1.2151E-04  7.0262E+03  7.4643E-05  1.3284E-05  7.1845E-06
 7.4195E+25  1.2212E-04  7.0262E+03  7.4643E-05  1.3220E-05  7.1845E-06
 7.4288E+25  1.2273E-04  7.0261E+03  7.4643E-05  1.3157E-05  7.1845E-06
 7.4380E+25  1.2333E-04  7.0261E+03  7.4643E-05  1.3094E-05  7.1845E-06
 7.4473E+25  1.2392E-04  7.0261E+03  7.4643E-05  1.3031E-05  7.1845E-06
 7.4565E+25  1.2420E-04  7.0261E+03  7.4643E-05  1.2967E-05  7.1845E-06
 7.4658E+25  1.2448E-04  7.0260E+03  7.4643E-05  1.2904E-05  7.1845E-06
 7.4751E+25  1.2509E-04  7.0260E+03  7.4643E-05  1.2841E-05  7.1845E-06
 7.4843E+25  1.2571E-04  7.0259E+03  7.4643E-05  1.2779E-05  7.1845E-06
 7.4936E+25  1.2633E-04  7.0259E+03  7.4643E-05  1.2719E-05  7.1845E-06
 7.5028E+25  1.2693E-04  7.0259E+03  7.4643E-05  1.2660E-05  7.1845E-06
 7.5121E+25  1.2726E-04  7.0259E+03  7.4643E-05  1.2602E-05  7.1845E-06
 7.5213E+25  1.2753E-04  7.0258E+03  7.4643E-05  1.2545E-05  7.1845E-06
 7.5306E+25  1.2814E-04  7.0258E+03  7.4643E-05  1.2489E-05  7.1845E-06
 7.5399E+25  1.2876E-04  7.0258E+03  7.4643E-05  1.2433E-05  7.1845E-06
 7.5491E+25  1.2939E-04  7.0257E+03  7.4643E-05  1.2376E-05  7.1845E-06
 7.5584E+25  1.3001E-04  7.0257E+03  7.4643E-05  1.2319E-05  7.1845E-06
 7.5676E+25  1.3040E-04  7.0257E+03  7.4643E-05  1.2263E-05  7.1845E-06
 7.5769E+25  1.3065E-04  7.0257E+03  7.4643E-05  1.2206E-05  7.1845E-06
 7.5861E+25  1.3127E-04  7.0256E+03  7.4643E-05  1.2150E-05  7.1845E-06
 7.5954E+25  1.3189E-04  7.0256E+03  7.4643E-05  1.2094E-05  7.1845E-06
 7.6047E+25  1.3252E-04  7.0255E+03  7.4643E-05  1.2037E-05  7.1845E-06
 7.6139E+25  1.3315E-04  7.0255E+03  7.4643E-05  1.1980E-05  7.1845E-06
 7.6232E+25  1.3362E-04  7.0255E+03  7.4643E-05  1.1924E-05  7.1845E-06
 7.6324E+25  1.3385E-04  7.0255E+03  7.4643E-05  1.1868E-05  7.1845E-06
 7.6417E+25  1.3446E-04  7.0254E+03  7.4643E-05  1.1811E-05  7.1845E-06
 7.6509E+25  1.3509E-04  7.0254E+03  7.4643E-05  1.1755E-05  7.1845E-06
 7.6602E+25  1.3571E-04  7.0254E+03  7.4643E-05  1.1699E-05  7.1845E-06
 7.6695E+25  1.3635E-04  7.0253E+03  7.4643E-05  1.1645E-05  7.1845E-06
 7.6787E+25  1.3690E-04  7.0253E+03  7.4643E-05  1.1593E-05  7.1845E-06
 7.6880E+25  1.3712E-04  7.0253E+03  7.4643E-05  1.1540E-05  7.1845E-06
 7.6972E+25  1.3774E-04  7.0252E+03  7.4643E-05  1.1489E-05  7.1845E-06
 7.7065E+25  1.3836E-04  7.0252E+03  7.4643E-05  1.1440E-05  7.1845E-06
 7.7157E+25  1.3899E-04  7.0252E+03  7.4643E-05  1.1389E-05  7.1845E-06
 7.7250E+25  1.3962E-04  7.0251E+03  7.4643E-05  1.1339E-05  7.1845E-06
 7.7343E+25  1.4023E-04  7.0251E+03  7.4643E-05  1.1288E-05  7.1845E-06
 7.7435E+25  1.4046E-04  7.0251E+03  7.4643E-05  1.1238E-05  7.1845E-06
 7.7528E+25  1.4109E-04  7.0251E+03  7.4643E-05  1.1187E-05  7.1845E-06
 7.7620E+25  1.4171E-04  7.0250E+03  7.4643E-05  1.1137E-05  7.1845E-06
 7.7713E+25  1.4234E-04  7.0250E+03  7.4643E-05  1.1087E-05  7.1845E-06
 7.7805E+25  1.4298E-04  7.0249E+03  7.4643E-05  1.1037E-05  7.1845E-06
 7.7898E+25  1.4360E-04  7.0249E+03  7.4643E-05  1.0986E-05  7.1845E-06
 7.7991E+25  1.4390E-04  7.0249E+03  7.4643E-05  1.0936E-05  7.1845E-06
 7.8083E+25  1.4450E-04  7.0249E+03  7.4643E-05  1.0885E-05  7.1845E-06
 7.8176E+25  1.4514E-04  7.0248E+03  7.4643E-05  1.0835E-05  7.1845E-06
 7.8268E+25  1.4577E-04  7.0248E+03  7.4643E-05  1.0785E-05  7.1845E-06
 7.8361E+25  1.4641E-04  7.0247E+03  7.4643E-05  1.0735E-05  7.1845E-06
 7.8453E+25  1.4705E-04  7.0247E+03  7.4643E-05  1.0685E-05  7.1845E-06
 7.8546E+25  1.4742E-04  7.0247E+03  7.4643E-05  1.0637E-05  7.1845E-06
 7.8638E+25  1.4799E-04  7.0247E+03  7.4643E-05  1.0591E-05  7.1845E-06
 7.8731E+25  1.4864E-04  7.0246E+03  7.4643E-05  1.0544E-05  7.1845E-06
 7.8824E+25  1.4929E-04  7.0246E+03  7.4643E-05  1.0499E-05  7.1845E-06
 7.8916E+25  1.4992E-04  7.0245E+03  7.4643E-05  1.0454E-05  7.1845E-06
 7.9009E+25  1.5056E-04  7.0245E+03  7.4643E-05  1.0410E-05  7.1845E-06
 7.9101E+25  1.5103E-04  7.0245E+03  7.4643E-05  1.0364E-05  7.1845E-06
 7.9194E+25  1.5153E-04  7.0245E+03  7.4643E-05  1.0320E-05  7.1845E-06
 7.9286E+25  1.5221E-04  7.0244E+03  7.4643E-05  1.0275E-05  7.1845E-06
 7.9379E+25  1.5287E-04  7.0244E+03  7.4643E-05  1.0230E-05  7.1845E-06
 7.9472E+25  1.5352E-04  7.0243E+03  7.4643E-05  1.0185E-05  7.1845E-06
 7.9564E+25  1.5415E-04  7.0243E+03  7.4643E-05  1.0140E-05  7.1845E-06
 7.9657E+25  1.5470E-04  7.0243E+03  7.4643E-05  1.0095E-05  7.1845E-06
 7.9749E+25  1.5518E-04  7.0242E+03  7.4643E-05  1.0050E-05  7.1845E-06
 7.9842E+25  1.5583E-04  7.0242E+03  7.4643E-05  1.0005E-05  7.1845E-06
 7.9934E+25  1.5651E-04  7.0242E+03  7.4643E-05  9.9605E-06  7.1845E-06
 8.0027E+25  1.5718E-04  7.0241E+03  7.4643E-05  9.9157E-06  7.1845E-06
 8.0120E+25  1.5783E-04  7.0241E+03  7.4643E-05  9.8708E-06  7.1845E-06
 8.0212E+25  1.5844E-04  7.0241E+03  7.4643E-05  9.8260E-06  7.1845E-06
 8.0305E+25  1.5890E-04  7.0240E+03  7.4643E-05  9.7813E-06  7.1845E-06
 8.0397E+25  1.5956E-04  7.0240E+03  7.4643E-05  9.7383E-06  7.1845E-06
 8.0490E+25  1.6022E-04  7.0239E+03  7.4643E-05  9.6963E-06  7.1845E-06
 8.0582E+25  1.6091E-04  7.0239E+03  7.4643E-05  9.6545E-06  7.1845E-06
 8.0675E+25  1.6158E-04  7.0239E+03  7.4643E-05  9.6136E-06  7.1845E-06
 8.0768E+25  1.6223E-04  7.0238E+03  7.4643E-05  9.5742E-06  7.1845E-06
 8.0860E+25  1.6274E-04  7.0238E+03  7.4643E-05  9.5345E-06  7.1845E-06
 8.0953E+25  1.6337E-04  7.0238E+03  7.4643E-05  9.4943E-06  7.1845E-06
 8.1045E+25  1.6403E-04  7.0237E+03  7.4643E-05  9.4543E-06  7.1845E-06
 8.1138E+25  1.6470E-04  7.0237E+03  7.4643E-05  9.4143E-06  7.1845E-06
 8.1230E+25  1.6538E-04  7.0236E+03  7.4643E-05  9.3742E-06  7.1845E-06
 8.1323E+25  1.6606E-04  7.0236E+03  7.4643E-05  9.3343E-06  7.1845E-06
 8.1416E+25  1.6665E-04  7.0236E+03  7.4643E-05  9.2943E-06  7.1845E-06
 8.1508E+25  1.6727E-04  7.0235E+03  7.4643E-05  9.2545E-06  7.1845E-06
 8.1601E+25  1.6793E-04  7.0235E+03  7.4643E-05  9.2145E-06  7.1845E-06
 8.1693E+25  1.6859E-04  7.0235E+03  7.4643E-05  9.1744E-06  7.1845E-06
 8.1786E+25  1.6926E-04  7.0234E+03  7.4643E-05  9.1343E-06  7.1845E-06
 8.1878E+25  1.6995E-04  7.0234E+03  7.4643E-05  9.0943E-06  7.1845E-06
 8.1971E+25  1.7062E-04  7.0233E+03  7.4643E-05  9.0544E-06  7.1845E-06
 8.2064E+25  1.7124E-04  7.0233E+03  7.4643E-05  9.0145E-06  7.1845E-06
 8.2156E+25  1.7191E-04  7.0233E+03  7.4643E-05  8.9745E-06  7.1845E-06
 8.2249E+25  1.7257E-04  7.0232E+03  7.4643E-05  8.9347E-06  7.1845E-06
 8.2341E+25  1.7324E-04  7.0232E+03  7.4643E-05  8.8965E-06  7.1845E-06
 8.2434E+25  1.7391E-04  7.0231E+03  7.4643E-05  8.8592E-06  7.1845E-06
 8.2526E+25  1.7460E-04  7.0231E+03  7.4643E-05  8.8219E-06  7.1845E-06
 8.2619E+25  1.7529E-04  7.0231E+03  7.4643E-05  8.7854E-06  7.1845E-06
 8.2712E+25  1.7597E-04  7.0230E+03  7.4643E-05  8.7502E-06  7.1845E-06
 8.2804E+25  1.7663E-04  7.0230E+03  7.4643E-05  8.7149E-06  7.1845E-06
 8.2897E+25  1.7731E-04  7.0229E+03  7.4643E-05  8.6793E-06  7.1845E-06
 8.2989E+25  1.7797E-04  7.0229E+03  7.4643E-05  8.6436E-06  7.1845E-06
 8.3082E+25  1.7864E-04  7.0229E+03  7.4643E-05  8.6079E-06  7.1845E-06
 8.3174E+25  1.7938E-04  7.0228E+03  7.4643E-05  8.5723E-06  7.1845E-06
 8.3267E+25  1.8009E-04  7.0228E+03  7.4643E-05  8.5367E-06  7.1845E-06
 8.3360E+25  1.8077E-04  7.0227E+03  7.4643E-05  8.5012E-06  7.1845E-06
 8.3452E+25  1.8144E-04  7.0227E+03  7.4643E-05  8.4656E-06  7.1845E-06
 8.3545E+25  1.8212E-04  7.0227E+03  7.4643E-05  8.4301E-06  7.1845E-06
 8.3637E+25  1.8279E-04  7.0226E+03  7.4643E-05  8.3943E-06  7.1845E-06
 8.3730E+25  1.8351E-04  7.0226E+03  7.4643E-05  8.3586E-06  7.1845E-06
 8.3822E+25  1.8428E-04  7.0225E+03  7.4643E-05  8.3229E-06  7.1845E-06
 8.3915E+25  1.8498E-04  7.0225E+03  7.4643E-05  8.2873E-06  7.1845E-06
 8.4008E+25  1.8567E-04  7.0224E+03  7.4643E-05  8.2516E-06  7.1845E-06
 8.4100E+25  1.8634E-04  7.0224E+03  7.4643E-05  8.2160E-06  7.1845E-06
 8.4193E+25  1.8702E-04  7.0224E+03  7.4643E-05  8.1804E-06  7.1845E-06
 8.4285E+25  1.8772E-04  7.0223E+03  7.4643E-05  8.1456E-06  7.1845E-06
 8.4378E+25  1.8854E-04  7.0223E+03  7.4643E-05  8.1121E-06  7.1845E-06
 8.4470E+25  1.8924E-04  7.0222E+03  7.4643E-05  8.0788E-06  7.1845E-06
 8.4563E+25  1.8994E-04  7.0222E+03  7.4643E-05  8.0456E-06  7.1845E-06
 8.4656E+25  1.9064E-04  7.0221E+03  7.4643E-05  8.0139E-06  7.1845E-06
 8.4748E+25  1.9131E-04  7.0221E+03  7.4643E-05  7.9827E-06  7.1845E-06
 8.4841E+25  1.9201E-04  7.0221E+03  7.4643E-05  7.9511E-06  7.1845E-06
 8.4933E+25  1.9284E-04  7.0220E+03  7.4643E-05  7.9193E-06  7.1845E-06
 8.5026E+25  1.9359E-04  7.0220E+03  7.4643E-05  7.8875E-06  7.1845E-06
 8.5118E+25  1.9428E-04  7.0219E+03  7.4643E-05  7.8558E-06  7.1845E-06
 8.5211E+25  1.9499E-04  7.0219E+03  7.4643E-05  7.8242E-06  7.1845E-06
 8.5304E+25  1.9569E-04  7.0218E+03  7.4643E-05  7.7925E-06  7.1845E-06
 8.5396E+25  1.9638E-04  7.0218E+03  7.4643E-05  7.7608E-06  7.1845E-06
 8.5489E+25  1.9714E-04  7.0218E+03  7.4643E-05  7.7292E-06  7.1845E-06
 8.5581E+25  1.9805E-04  7.0217E+03  7.4643E-05  7.6975E-06  7.1845E-06
 8.5674E+25  1.9873E-04  7.0217E+03  7.4643E-05  7.6656E-06  7.1845E-06
 8.5766E+25  1.9940E-04  7.0216E+03  7.4643E-05  7.6338E-06  7.1845E-06
 8.5859E+25  2.0010E-04  7.0216E+03  7.4643E-05  7.6020E-06  7.1845E-06
 8.5952E+25  2.0082E-04  7.0215E+03  7.4643E-05  7.5702E-06  7.1845E-06
 8.6044E+25  2.0153E-04  7.0215E+03  7.4643E-05  7.5385E-06  7.1845E-06
 8.6137E+25  2.0248E-04  7.0215E+03  7.4643E-05  7.5067E-06  7.1845E-06
 8.6229E+25  2.0325E-04  7.0214E+03  7.4643E-05  7.4749E-06  7.1845E-06
 8.6322E+25  2.0393E-04  7.0214E+03  7.4643E-05  7.4438E-06  7.1845E-06
 8.6414E+25  2.0460E-04  7.0213E+03  7.4643E-05  7.4139E-06  7.1845E-06
 8.6507E+25  2.0529E-04  7.0213E+03  7.4643E-05  7.3842E-06  7.1845E-06
 8.6600E+25  2.0602E-04  7.0212E+03  7.4643E-05  7.3545E-06  7.1845E-06
 8.6692E+25  2.0689E-04  7.0212E+03  7.4643E-05  7.3261E-06  7.1845E-06
 8.6785E+25  2.0783E-04  7.0211E+03  7.4643E-05  7.2984E-06  7.1845E-06
 8.6877E+25  2.0852E-04  7.0211E+03  7.4643E-05  7.2703E-06  7.1845E-06
 8.6970E+25  2.0920E-04  7.0210E+03  7.4643E-05  7.2420E-06  7.1845E-06
 8.7062E+25  2.0988E-04  7.0210E+03  7.4643E-05  7.2138E-06  7.1845E-06
 8.7155E+25  2.1056E-04  7.0209E+03  7.4643E-05  7.1856E-06  7.1845E-06
 8.7248E+25  2.1132E-04  7.0209E+03  7.4643E-05  7.1574E-06  7.1845E-06
 8.7340E+25  2.1241E-04  7.0208E+03  7.4643E-05  7.1291E-06  7.1845E-06
 8.7433E+25  2.1317E-04  7.0208E+03  7.4643E-05  7.1009E-06  7.1845E-06
 8.7525E+25  2.1385E-04  7.0207E+03  7.4643E-05  7.0729E-06  7.1845E-06
 8.7618E+25  2.1454E-04  7.0207E+03  7.4643E-05  7.0447E-06  7.1845E-06
 8.7710E+25  2.1523E-04  7.0206E+03  7.4643E-05  7.0163E-06  7.1845E-06
 8.7803E+25  2.1592E-04  7.0206E+03  7.4643E-05  6.9879E-06  7.1845E-06
 8.7896E+25  2.1683E-04  7.0206E+03  7.4643E-05  6.9596E-06  7.1845E-06
 8.7988E+25  2.1788E-04  7.0205E+03  7.4643E-05  6.9313E-06  7.1845E-06
 8.8081E+25  2.1857E-04  7.0205E+03  7.4643E-05  6.9029E-06  7.1845E-06
 8.8173E+25  2.1924E-04  7.0204E+03  7.4643E-05  6.8747E-06  7.1845E-06
 8.8266E+25  2.1994E-04  7.0204E+03  7.4643E-05  6.8463E-06  7.1845E-06
 8.8358E+25  2.2064E-04  7.0203E+03  7.4643E-05  6.8181E-06  7.1845E-06
 8.8451E+25  2.2137E-04  7.0203E+03  7.4643E-05  6.7908E-06  7.1845E-06
 8.8544E+25  2.2250E-04  7.0202E+03  7.4643E-05  6.7643E-06  7.1845E-06
 8.8636E+25  2.2332E-04  7.0202E+03  7.4643E-05  6.7376E-06  7.1845E-06
 8.8729E+25  2.2402E-04  7.0201E+03  7.4643E-05  6.7113E-06  7.1845E-06
 8.8821E+25  2.2471E-04  7.0201E+03  7.4643E-05  6.6863E-06  7.1845E-06
 8.8914E+25  2.2539E-04  7.0200E+03  7.4643E-05  6.6617E-06  7.1845E-06
 8.9006E+25  2.2611E-04  7.0200E+03  7.4643E-05  6.6366E-06  7.1845E-06
 8.9099E+25  2.2701E-04  7.0199E+03  7.4643E-05  6.6115E-06  7.1845E-06
 8.9192E+25  2.2814E-04  7.0199E+03  7.4643E-05  6.5864E-06  7.1845E-06
 8.9284E+25  2.2881E-04  7.0198E+03  7.4643E-05  6.5613E-06  7.1845E-06
 8.9377E+25  2.2952E-04  7.0198E+03  7.4643E-05  6.5362E-06  7.1845E-06
 8.9469E+25  2.3022E-04  7.0197E+03  7.4643E-05  6.5111E-06  7.1845E-06
 8.9562E+25  2.3090E-04  7.0197E+03  7.4643E-05  6.4861E-06  7.1845E-06
 8.9654E+25  2.3165E-04  7.0196E+03  7.4643E-05  6.4611E-06  7.1845E-06
 8.9747E+25  2.3280E-04  7.0196E+03  7.4643E-05  6.4359E-06  7.1845E-06
 8.9840E+25  2.3370E-04  7.0195E+03  7.4643E-05  6.4107E-06  7.1845E-06
 8.9932E+25  2.3437E-04  7.0195E+03  7.4643E-05  6.3855E-06  7.1845E-06
 9.0025E+25  2.3505E-04  7.0194E+03  7.4643E-05  6.3603E-06  7.1845E-06
 9.0117E+25  2.3576E-04  7.0193E+03  7.4643E-05  6.3350E-06  7.1845E-06
 9.0210E+25  2.3647E-04  7.0193E+03  7.4643E-05  6.3097E-06  7.1845E-06
 9.0302E+25  2.3730E-04  7.0192E+03  7.4643E-05  6.2845E-06  7.1845E-06
 9.0395E+25  2.3859E-04  7.0192E+03  7.4643E-05  6.2594E-06  7.1845E-06
 9.0487E+25  2.3930E-04  7.0191E+03  7.4643E-05  6.2340E-06  7.1845E-06
 9.0580E+25  2.3997E-04  7.0191E+03  7.4643E-05  6.2094E-06  7.1845E-06
 9.0673E+25  2.4064E-04  7.0190E+03  7.4643E-05  6.1856E-06  7.1845E-06
 9.0765E+25  2.4134E-04  7.0190E+03  7.4643E-05  6.1619E-06  7.1845E-06
 9.0858E+25  2.4209E-04  7.0189E+03  7.4643E-05  6.1381E-06  7.1845E-06
 9.0950E+25  2.4312E-04  7.0189E+03  7.4643E-05  6.1155E-06  7.1845E-06
 9.1043E+25  2.4426E-04  7.0188E+03  7.4643E-05  6.0935E-06  7.1845E-06
 9.1135E+25  2.4493E-04  7.0188E+03  7.4643E-05  6.0715E-06  7.1845E-06
 9.1228E+25  2.4560E-04  7.0187E+03  7.4643E-05  6.0491E-06  7.1845E-06
 9.1321E+25  2.4627E-04  7.0187E+03  7.4643E-05  6.0268E-06  7.1845E-06
 9.1413E+25  2.4696E-04  7.0186E+03  7.4643E-05  6.0045E-06  7.1845E-06
 9.1506E+25  2.4774E-04  7.0186E+03  7.4643E-05  5.9822E-06  7.1845E-06
 9.1598E+25  2.4900E-04  7.0185E+03  7.4643E-05  5.9599E-06  7.1845E-06
 9.1691E+25  2.4990E-04  7.0185E+03  7.4643E-05  5.9376E-06  7.1845E-06
 9.1783E+25  2.5058E-04  7.0184E+03  7.4643E-05  5.9153E-06  7.1845E-06
 9.1876E+25  2.5124E-04  7.0183E+03  7.4643E-05  5.8930E-06  7.1845E-06
 9.1969E+25  2.5192E-04  7.0183E+03  7.4643E-05  5.8707E-06  7.1845E-06
 9.2061E+25  2.5262E-04  7.0182E+03  7.4643E-05  5.8482E-06  7.1845E-06
 9.2154E+25  2.5345E-04  7.0182E+03  7.4643E-05  5.8258E-06  7.1845E-06
 9.2246E+25  2.5482E-04  7.0181E+03  7.4643E-05  5.8032E-06  7.1845E-06
 9.2339E+25  2.5558E-04  7.0181E+03  7.4643E-05  5.7807E-06  7.1845E-06
 9.2431E+25  2.5623E-04  7.0180E+03  7.4643E-05  5.7583E-06  7.1845E-06
 9.2524E+25  2.5691E-04  7.0180E+03  7.4643E-05  5.7358E-06  7.1845E-06
