 4.6285E+22  3.2777E-11  1.1641E+04  7.4643E-05  1.0000E+00  7.1845E-06
 1.3886E+23  2.2939E-10  1.1645E+04  7.4643E-05  1.0000E+00  7.1845E-06
 2.3143E+23  6.2214E-10  1.1657E+04  7.4643E-05  1.0000E+00  7.1845E-06
 3.2400E+23  1.2095E-09  1.1684E+04  7.4643E-05  1.0000E+00  7.1845E-06
 4.1657E+23  1.9881E-09  1.1733E+04  7.4643E-05  1.0000E+00  7.1845E-06
 5.0914E+23  2.9516E-09  1.1812E+04  7.4643E-05  1.0000E+00  7.1845E-06
 6.0171E+23  4.0880E-09  1.1934E+04  7.4643E-05  1.0000E+00  7.1845E-06
 6.9428E+23  5.3842E-09  1.2110E+04  7.4643E-05  1.0000E+00  7.1845E-06
 7.8685E+23  6.8060E-09  1.2368E+04  7.4643E-05  1.0000E+00  7.1845E-06
 8.7942E+23  8.3267E-09  1.2726E+04  7.4643E-05  1.0000E+00  7.1845E-06
 9.7199E+23  9.9252E-09  1.3161E+04  7.4643E-05  1.0000E+00  7.1845E-06
 1.0646E+24  1.1624E-08  1.3599E+04  7.4643E-05  1.0000E+00  7.1845E-06
 1.1571E+24  1.3501E-08  1.3917E+04  7.4643E-05  1.0000E+00  7.1845E-06
 1.2497E+24  1.5612E-08  1.4088E+04  7.4643E-05  1.0000E+00  7.1845E-06
 1.3423E+24  1.7914E-08  1.4182E+04  7.4643E-05  1.0000E+00  7.1845E-06
 1.4348E+24  2.0372E-08  1.4283E+04  7.4643E-05  9.9999E-01  7.1845E-06
 1.5274E+24  2.2955E-08  1.4383E+04  7.4643E-05  9.9999E-01  7.1845E-06
 1.6200E+24  2.5706E-08  1.4476E+04  7.4643E-05  9.9999E-01  7.1845E-06
 1.7126E+24  2.8596E-08  1.4567E+04  7.4643E-05  9.9999E-01  7.1845E-06
 1.8051E+24  3.1633E-08  1.4650E+04  7.4643E-05  9.9999E-01  7.1845E-06
 1.8977E+24  3.4820E-08  1.4729E+04  7.4643E-05  9.9999E-01  7.1845E-06
 1.9903E+24  3.8164E-08  1.4805E+04  7.4643E-05  9.9999E-01  7.1845E-06
 2.0828E+24  4.1645E-08  1.4880E+04  7.4643E-05  9.9999E-01  7.1845E-06
 2.1754E+24  4.5239E-08  1.4952E+04  7.4643E-05  9.9999E-01  7.1845E-06
 2.2680E+24  4.9019E-08  1.5023E+04  7.4643E-05  9.9999E-01  7.1845E-06
 2.3605E+24  5.2933E-08  1.5091E+04  7.4643E-05  9.9999E-01  7.1845E-06
 2.4531E+24  5.6977E-08  1.5155E+04  7.4643E-05  9.9999E-01  7.1845E-06
 2.5457E+24  6.1155E-08  1.5219E+04  7.4643E-05  9.9998E-01  7.1845E-06
 2.6383E+24  6.5506E-08  1.5283E+04  7.4643E-05  9.9998E-01  7.1845E-06
 2.7308E+24  6.9988E-08  1.5342E+04  7.4643E-05  9.9998E-01  7.1845E-06
 2.8234E+24  7.4558E-08  1.5402E+04  7.4643E-05  9.9998E-01  7.1845E-06
 2.9160E+24  7.9324E-08  1.5459E+04  7.4643E-05  9.9998E-01  7.1845E-06
 3.0085E+24  8.4271E-08  1.5514E+04  7.4643E-05  9.9998E-01  7.1845E-06
 3.1011E+24  8.9283E-08  1.5570E+04  7.4643E-05  9.9998E-01  7.1845E-06
 3.1937E+24  9.4405E-08  1.5623E+04  7.4643E-05  9.9998E-01  7.1845E-06
 3.2862E+24  9.9743E-08  1.5675E+04  7.4643E-05  9.9997E-01  7.1845E-06
 3.3788E+24  1.0517E-07  1.5726E+04  7.4643E-05  9.9997E-01  7.1845E-06
 3.4714E+24  1.1069E-07  1.5776E+04  7.4643E-05  9.9997E-01  7.1845E-06
 3.5640E+24  1.1643E-07  1.5824E+04  7.4643E-05  9.9997E-01  7.1845E-06
 3.6565E+24  1.2241E-07  1.5871E+04  7.4643E-05  9.9997E-01  7.1845E-06
 3.7491E+24  1.2828E-07  1.5918E+04  7.4643E-05  9.9997E-01  7.1845E-06
 3.8417E+24  1.3443E-07  1.5964E+04  7.4643E-05  9.9997E-01  7.1845E-06
 3.9342E+24  1.4074E-07  1.6007E+04  7.4643E-05  9.9996E-01  7.1845E-06
 4.0268E+24  1.4713E-07  1.6052E+04  7.4643E-05  9.9996E-01  7.1845E-06
 4.1194E+24  1.5357E-07  1.6094E+04  7.4643E-05  9.9996E-01  7.1845E-06
 4.2120E+24  1.6045E-07  1.6136E+04  7.4643E-05  9.9996E-01  7.1845E-06
 4.3045E+24  1.6712E-07  1.6177E+04  7.4643E-05  9.9996E-01  7.1845E-06
 4.3971E+24  1.7396E-07  1.6217E+04  7.4643E-05  9.9996E-01  7.1845E-06
 4.4897E+24  1.8112E-07  1.6257E+04  7.4643E-05  9.9995E-01  7.1845E-06
 4.5822E+24  1.8838E-07  1.6295E+04  7.4643E-05  9.9995E-01  7.1845E-06
 4.6748E+24  1.9574E-07  1.6334E+04  7.4643E-05  9.9995E-01  7.1845E-06
 4.7674E+24  2.0322E-07  1.6371E+04  7.4643E-05  9.9995E-01  7.1845E-06
 4.8599E+24  2.1080E-07  1.6408E+04  7.4643E-05  9.9995E-01  7.1845E-06
 4.9525E+24  2.1851E-07  1.6444E+04  7.4643E-05  9.9994E-01  7.1845E-06
 5.0451E+24  2.2637E-07  1.6479E+04  7.4643E-05  9.9994E-01  7.1845E-06
 5.1377E+24  2.3438E-07  1.6514E+04  7.4643E-05  9.9994E-01  7.1845E-06
 5.2302E+24  2.4255E-07  1.6548E+04  7.4643E-05  9.9994E-01  7.1845E-06
 5.3228E+24  2.5092E-07  1.6582E+04  7.4643E-05  9.9994E-01  7.1845E-06
 5.4154E+24  2.5949E-07  1.6615E+04  7.4643E-05  9.9993E-01  7.1845E-06
 5.5079E+24  2.6781E-07  1.6648E+04  7.4643E-05  9.9993E-01  7.1845E-06
 5.6005E+24  2.7621E-07  1.6680E+04  7.4643E-05  9.9993E-01  7.1845E-06
 5.6931E+24  2.8531E-07  1.6711E+04  7.4643E-05  9.9993E-01  7.1845E-06
 5.7856E+24  2.9469E-07  1.6742E+04  7.4643E-05  9.9992E-01  7.1845E-06
 5.8782E+24  3.0286E-07  1.6773E+04  7.4643E-05  9.9991E-01  7.1845E-06
 5.9708E+24  3.1249E-07  1.6803E+04  7.4643E-05  9.9990E-01  7.1845E-06
 6.0634E+24  3.2226E-07  1.6832E+04  7.4643E-05  9.9988E-01  7.1845E-06
 6.1559E+24  3.3081E-07  1.6861E+04  7.4643E-05  9.9983E-01  7.1845E-06
 6.2485E+24  3.4144E-07  1.6889E+04  7.4643E-05  9.9972E-01  7.1845E-06
 6.3411E+24  3.5017E-07  1.6917E+04  7.4643E-05  9.9952E-01  7.1845E-06
 6.4336E+24  3.6092E-07  1.6943E+04  7.4643E-05  9.9911E-01  7.1845E-06
 6.5262E+24  3.7018E-07  1.6967E+04  7.4643E-05  9.9833E-01  7.1845E-06
 6.6188E+24  3.8125E-07  1.6988E+04  7.4643E-05  9.9684E-01  7.1845E-06
 6.7113E+24  3.9061E-07  1.7002E+04  7.4643E-05  9.9409E-01  7.1845E-06
 6.8039E+24  4.0271E-07  1.7007E+04  7.4643E-05  9.8912E-01  7.1845E-06
 6.8965E+24  4.1176E-07  1.6996E+04  7.4643E-05  9.8037E-01  7.1845E-06
 6.9891E+24  4.2443E-07  1.6958E+04  7.4643E-05  9.6539E-01  7.1845E-06
 7.0816E+24  4.3601E-07  1.6876E+04  7.4643E-05  9.4069E-01  7.1845E-06
 7.1742E+24  4.4880E-07  1.6730E+04  7.4643E-05  9.0191E-01  7.1845E-06
 7.2668E+24  4.6450E-07  1.6492E+04  7.4643E-05  8.4485E-01  7.1845E-06
 7.3593E+24  4.7962E-07  1.6141E+04  7.4643E-05  7.6775E-01  7.1845E-06
 7.4519E+24  4.9975E-07  1.5670E+04  7.4643E-05  6.7384E-01  7.1845E-06
 7.5445E+24  5.2319E-07  1.5096E+04  7.4643E-05  5.7193E-01  7.1845E-06
 7.6371E+24  5.4716E-07  1.4459E+04  7.4643E-05  4.7316E-01  7.1845E-06
 7.7296E+24  5.7732E-07  1.3807E+04  7.4643E-05  3.8619E-01  7.1845E-06
 7.8222E+24  6.0692E-07  1.3181E+04  7.4643E-05  3.1473E-01  7.1845E-06
 7.9148E+24  6.3920E-07  1.2604E+04  7.4643E-05  2.5835E-01  7.1845E-06
 8.0073E+24  6.7223E-07  1.2087E+04  7.4643E-05  2.1459E-01  7.1845E-06
 8.0999E+24  7.0426E-07  1.1629E+04  7.4643E-05  1.8065E-01  7.1845E-06
 8.1925E+24  7.3863E-07  1.1225E+04  7.4643E-05  1.5407E-01  7.1845E-06
 8.2850E+24  7.6969E-07  1.0870E+04  7.4643E-05  1.3297E-01  7.1845E-06
 8.3776E+24  8.0459E-07  1.0558E+04  7.4643E-05  1.1595E-01  7.1845E-06
 8.4702E+24  8.3448E-07  1.0281E+04  7.4643E-05  1.0204E-01  7.1845E-06
 8.5628E+24  8.6980E-07  1.0035E+04  7.4643E-05  9.0506E-02  7.1845E-06
 8.6553E+24  8.9838E-07  9.8164E+03  7.4643E-05  8.0831E-02  7.1845E-06
 8.7479E+24  9.3370E-07  9.6203E+03  7.4643E-05  7.2626E-02  7.1845E-06
 8.8405E+24  9.6222E-07  9.4440E+03  7.4643E-05  6.5603E-02  7.1845E-06
 8.9330E+24  9.9633E-07  9.2848E+03  7.4643E-05  5.9540E-02  7.1845E-06
 9.0256E+24  1.0265E-06  9.1406E+03  7.4643E-05  5.4268E-02  7.1845E-06
 9.1182E+24  1.0581E-06  9.0095E+03  7.4643E-05  4.9652E-02  7.1845E-06
 9.2107E+24  1.0914E-06  8.8900E+03  7.4643E-05  4.5585E-02  7.1845E-06
 9.3033E+24  1.1193E-06  8.7806E+03  7.4643E-05  4.1983E-02  7.1845E-06
 9.3959E+24  1.1536E-06  8.6804E+03  7.4643E-05  3.8779E-02  7.1845E-06
 9.4885E+24  1.1839E-06  8.5881E+03  7.4643E-05  3.5913E-02  7.1845E-06
 9.5810E+24  1.2141E-06  8.5031E+03  7.4643E-05  3.3340E-02  7.1845E-06
 9.6736E+24  1.2481E-06  8.4245E+03  7.4643E-05  3.1022E-02  7.1845E-06
 9.7662E+24  1.2781E-06  8.3518E+03  7.4643E-05  2.8925E-02  7.1845E-06
 9.8587E+24  1.3082E-06  8.2843E+03  7.4643E-05  2.7024E-02  7.1845E-06
 9.9513E+24  1.3420E-06  8.2215E+03  7.4643E-05  2.5292E-02  7.1845E-06
 1.0044E+25  1.3755E-06  8.1631E+03  7.4643E-05  2.3713E-02  7.1845E-06
 1.0136E+25  1.4024E-06  8.1086E+03  7.4643E-05  2.2267E-02  7.1845E-06
 1.0229E+25  1.4357E-06  8.0577E+03  7.4643E-05  2.0942E-02  7.1845E-06
 1.0322E+25  1.4694E-06  8.0101E+03  7.4643E-05  1.9724E-02  7.1845E-06
 1.0414E+25  1.5029E-06  7.9654E+03  7.4643E-05  1.8601E-02  7.1845E-06
 1.0507E+25  1.5330E-06  7.9236E+03  7.4643E-05  1.7565E-02  7.1845E-06
 1.0599E+25  1.5636E-06  7.8842E+03  7.4643E-05  1.6607E-02  7.1845E-06
 1.0692E+25  1.5973E-06  7.8472E+03  7.4643E-05  1.5719E-02  7.1845E-06
 1.0784E+25  1.6309E-06  7.8124E+03  7.4643E-05  1.4895E-02  7.1845E-06
 1.0877E+25  1.6645E-06  7.7795E+03  7.4643E-05  1.4128E-02  7.1845E-06
 1.0970E+25  1.6982E-06  7.7485E+03  7.4643E-05  1.3415E-02  7.1845E-06
 1.1062E+25  1.7317E-06  7.7192E+03  7.4643E-05  1.2750E-02  7.1845E-06
 1.1155E+25  1.7627E-06  7.6915E+03  7.4643E-05  1.2129E-02  7.1845E-06
 1.1247E+25  1.7955E-06  7.6653E+03  7.4643E-05  1.1548E-02  7.1845E-06
 1.1340E+25  1.8295E-06  7.6404E+03  7.4643E-05  1.1004E-02  7.1845E-06
 1.1432E+25  1.8637E-06  7.6169E+03  7.4643E-05  1.0494E-02  7.1845E-06
 1.1525E+25  1.8981E-06  7.5945E+03  7.4643E-05  1.0016E-02  7.1845E-06
 1.1618E+25  1.9326E-06  7.5733E+03  7.4643E-05  9.5669E-03  7.1845E-06
 1.1710E+25  1.9671E-06  7.5531E+03  7.4643E-05  9.1442E-03  7.1845E-06
 1.1803E+25  2.0018E-06  7.5339E+03  7.4643E-05  8.7464E-03  7.1845E-06
 1.1895E+25  2.0368E-06  7.5156E+03  7.4643E-05  8.3713E-03  7.1845E-06
 1.1988E+25  2.0719E-06  7.4981E+03  7.4643E-05  8.0172E-03  7.1845E-06
 1.2080E+25  2.1072E-06  7.4815E+03  7.4643E-05  7.6834E-03  7.1845E-06
 1.2173E+25  2.1428E-06  7.4657E+03  7.4643E-05  7.3679E-03  7.1845E-06
 1.2266E+25  2.1786E-06  7.4506E+03  7.4643E-05  7.0691E-03  7.1845E-06
 1.2358E+25  2.2147E-06  7.4361E+03  7.4643E-05  6.7865E-03  7.1845E-06
 1.2451E+25  2.2512E-06  7.4223E+03  7.4643E-05  6.5187E-03  7.1845E-06
 1.2543E+25  2.2879E-06  7.4091E+03  7.4643E-05  6.2648E-03  7.1845E-06
 1.2636E+25  2.3250E-06  7.3965E+03  7.4643E-05  6.0240E-03  7.1845E-06
 1.2728E+25  2.3625E-06  7.3844E+03  7.4643E-05  5.7951E-03  7.1845E-06
 1.2821E+25  2.3966E-06  7.3728E+03  7.4643E-05  5.5779E-03  7.1845E-06
 1.2914E+25  2.4317E-06  7.3617E+03  7.4643E-05  5.3711E-03  7.1845E-06
 1.3006E+25  2.4695E-06  7.3510E+03  7.4643E-05  5.1745E-03  7.1845E-06
 1.3099E+25  2.5079E-06  7.3408E+03  7.4643E-05  4.9875E-03  7.1845E-06
 1.3191E+25  2.5468E-06  7.3310E+03  7.4643E-05  4.8088E-03  7.1845E-06
 1.3284E+25  2.5861E-06  7.3216E+03  7.4643E-05  4.6390E-03  7.1845E-06
 1.3376E+25  2.6261E-06  7.3126E+03  7.4643E-05  4.4770E-03  7.1845E-06
 1.3469E+25  2.6666E-06  7.3039E+03  7.4643E-05  4.3219E-03  7.1845E-06
 1.3562E+25  2.7011E-06  7.2955E+03  7.4643E-05  4.1743E-03  7.1845E-06
 1.3654E+25  2.7357E-06  7.2875E+03  7.4643E-05  4.0331E-03  7.1845E-06
 1.3747E+25  2.7770E-06  7.2798E+03  7.4643E-05  3.8983E-03  7.1845E-06
 1.3839E+25  2.8191E-06  7.2723E+03  7.4643E-05  3.7690E-03  7.1845E-06
 1.3932E+25  2.8619E-06  7.2652E+03  7.4643E-05  3.6455E-03  7.1845E-06
 1.4024E+25  2.9054E-06  7.2583E+03  7.4643E-05  3.5275E-03  7.1845E-06
 1.4117E+25  2.9339E-06  7.2516E+03  7.4643E-05  3.4141E-03  7.1845E-06
 1.4210E+25  2.9750E-06  7.2452E+03  7.4643E-05  3.3055E-03  7.1845E-06
 1.4302E+25  3.0197E-06  7.2390E+03  7.4643E-05  3.2015E-03  7.1845E-06
 1.4395E+25  3.0653E-06  7.2330E+03  7.4643E-05  3.1019E-03  7.1845E-06
 1.4487E+25  3.1088E-06  7.2273E+03  7.4643E-05  3.0060E-03  7.1845E-06
 1.4580E+25  3.1354E-06  7.2217E+03  7.4643E-05  2.9141E-03  7.1845E-06
 1.4672E+25  3.1822E-06  7.2163E+03  7.4643E-05  2.8259E-03  7.1845E-06
 1.4765E+25  3.2305E-06  7.2111E+03  7.4643E-05  2.7413E-03  7.1845E-06
 1.4858E+25  3.2794E-06  7.2061E+03  7.4643E-05  2.6597E-03  7.1845E-06
 1.4950E+25  3.3024E-06  7.2013E+03  7.4643E-05  2.5812E-03  7.1845E-06
 1.5043E+25  3.3505E-06  7.1966E+03  7.4643E-05  2.5060E-03  7.1845E-06
 1.5135E+25  3.4016E-06  7.1921E+03  7.4643E-05  2.4334E-03  7.1845E-06
 1.5228E+25  3.4487E-06  7.1877E+03  7.4643E-05  2.3639E-03  7.1845E-06
 1.5320E+25  3.4731E-06  7.1834E+03  7.4643E-05  2.2963E-03  7.1845E-06
 1.5413E+25  3.5260E-06  7.1793E+03  7.4643E-05  2.2319E-03  7.1845E-06
 1.5506E+25  3.5803E-06  7.1753E+03  7.4643E-05  2.1693E-03  7.1845E-06
 1.5598E+25  3.6123E-06  7.1715E+03  7.4643E-05  2.1095E-03  7.1845E-06
 1.5691E+25  3.6531E-06  7.1677E+03  7.4643E-05  2.0514E-03  7.1845E-06
 1.5783E+25  3.7098E-06  7.1641E+03  7.4643E-05  1.9954E-03  7.1845E-06
 1.5876E+25  3.7552E-06  7.1606E+03  7.4643E-05  1.9417E-03  7.1845E-06
 1.5968E+25  3.7834E-06  7.1572E+03  7.4643E-05  1.8895E-03  7.1845E-06
 1.6061E+25  3.8427E-06  7.1539E+03  7.4643E-05  1.8394E-03  7.1845E-06
 1.6154E+25  3.8966E-06  7.1507E+03  7.4643E-05  1.7907E-03  7.1845E-06
 1.6246E+25  3.9173E-06  7.1476E+03  7.4643E-05  1.7440E-03  7.1845E-06
 1.6339E+25  3.9792E-06  7.1446E+03  7.4643E-05  1.6988E-03  7.1845E-06
 1.6431E+25  4.0365E-06  7.1417E+03  7.4643E-05  1.6548E-03  7.1845E-06
 1.6524E+25  4.0551E-06  7.1388E+03  7.4643E-05  1.6127E-03  7.1845E-06
 1.6616E+25  4.1202E-06  7.1361E+03  7.4643E-05  1.5717E-03  7.1845E-06
 1.6709E+25  4.1746E-06  7.1334E+03  7.4643E-05  1.5322E-03  7.1845E-06
 1.6802E+25  4.1973E-06  7.1308E+03  7.4643E-05  1.4941E-03  7.1845E-06
 1.6894E+25  4.2659E-06  7.1282E+03  7.4643E-05  1.4568E-03  7.1845E-06
 1.6987E+25  4.3104E-06  7.1258E+03  7.4643E-05  1.4210E-03  7.1845E-06
 1.7079E+25  4.3447E-06  7.1234E+03  7.4643E-05  1.3864E-03  7.1845E-06
 1.7172E+25  4.4171E-06  7.1211E+03  7.4643E-05  1.3525E-03  7.1845E-06
 1.7264E+25  4.4438E-06  7.1188E+03  7.4643E-05  1.3202E-03  7.1845E-06
 1.7357E+25  4.4979E-06  7.1166E+03  7.4643E-05  1.2886E-03  7.1845E-06
 1.7450E+25  4.5695E-06  7.1145E+03  7.4643E-05  1.2578E-03  7.1845E-06
 1.7542E+25  4.5793E-06  7.1124E+03  7.4643E-05  1.2284E-03  7.1845E-06
 1.7635E+25  4.6575E-06  7.1104E+03  7.4643E-05  1.1996E-03  7.1845E-06
 1.7727E+25  4.7000E-06  7.1084E+03  7.4643E-05  1.1715E-03  7.1845E-06
 1.7820E+25  4.7407E-06  7.1065E+03  7.4643E-05  1.1446E-03  7.1845E-06
 1.7912E+25  4.8233E-06  7.1046E+03  7.4643E-05  1.1183E-03  7.1845E-06
 1.8005E+25  4.8276E-06  7.1028E+03  7.4643E-05  1.0927E-03  7.1845E-06
 1.8097E+25  4.9102E-06  7.1010E+03  7.4643E-05  1.0682E-03  7.1845E-06
 1.8190E+25  4.9519E-06  7.0993E+03  7.4643E-05  1.0442E-03  7.1845E-06
 1.8283E+25  4.9971E-06  7.0976E+03  7.4643E-05  1.0207E-03  7.1845E-06
 1.8375E+25  5.0769E-06  7.0959E+03  7.4643E-05  9.9819E-04  7.1845E-06
 1.8468E+25  5.0855E-06  7.0943E+03  7.4643E-05  9.7623E-04  7.1845E-06
 1.8560E+25  5.1780E-06  7.0928E+03  7.4643E-05  9.5469E-04  7.1845E-06
 1.8653E+25  5.1987E-06  7.0913E+03  7.4643E-05  9.3408E-04  7.1845E-06
 1.8745E+25  5.2694E-06  7.0898E+03  7.4643E-05  9.1389E-04  7.1845E-06
 1.8838E+25  5.3227E-06  7.0883E+03  7.4643E-05  8.9408E-04  7.1845E-06
 1.8931E+25  5.3620E-06  7.0869E+03  7.4643E-05  8.7510E-04  7.1845E-06
 1.9023E+25  5.4466E-06  7.0855E+03  7.4643E-05  8.5665E-04  7.1845E-06
 1.9116E+25  5.4562E-06  7.0842E+03  7.4643E-05  8.3849E-04  7.1845E-06
 1.9208E+25  5.5601E-06  7.0828E+03  7.4643E-05  8.2083E-04  7.1845E-06
 1.9301E+25  5.5620E-06  7.0816E+03  7.4643E-05  8.0389E-04  7.1845E-06
 1.9393E+25  5.6583E-06  7.0803E+03  7.4643E-05  7.8723E-04  7.1845E-06
 1.9486E+25  5.6844E-06  7.0791E+03  7.4643E-05  7.7091E-04  7.1845E-06
 1.9579E+25  5.7580E-06  7.0779E+03  7.4643E-05  7.5526E-04  7.1845E-06
 1.9671E+25  5.8068E-06  7.0767E+03  7.4643E-05  7.3996E-04  7.1845E-06
 1.9764E+25  5.8597E-06  7.0756E+03  7.4643E-05  7.2488E-04  7.1845E-06
 1.9856E+25  5.9288E-06  7.0745E+03  7.4643E-05  7.1027E-04  7.1845E-06
 1.9949E+25  5.9631E-06  7.0734E+03  7.4643E-05  6.9625E-04  7.1845E-06
 2.0041E+25  6.0505E-06  7.0723E+03  7.4643E-05  6.8242E-04  7.1845E-06
 2.0134E+25  6.0684E-06  7.0713E+03  7.4643E-05  6.6882E-04  7.1845E-06
 2.0227E+25  6.1719E-06  7.0703E+03  7.4643E-05  6.5574E-04  7.1845E-06
 2.0319E+25  6.1758E-06  7.0693E+03  7.4643E-05  6.4303E-04  7.1845E-06
 2.0412E+25  6.2928E-06  7.0683E+03  7.4643E-05  6.3048E-04  7.1845E-06
 2.0504E+25  6.2855E-06  7.0673E+03  7.4643E-05  6.1822E-04  7.1845E-06
 2.0597E+25  6.4125E-06  7.0664E+03  7.4643E-05  6.0648E-04  7.1845E-06
 2.0689E+25  6.3982E-06  7.0655E+03  7.4643E-05  5.9496E-04  7.1845E-06
 2.0782E+25  6.5312E-06  7.0646E+03  7.4643E-05  5.8357E-04  7.1845E-06
 2.0875E+25  6.5139E-06  7.0637E+03  7.4643E-05  5.7248E-04  7.1845E-06
 2.0967E+25  6.6501E-06  7.0629E+03  7.4643E-05  5.6184E-04  7.1845E-06
 2.1060E+25  6.6315E-06  7.0621E+03  7.4643E-05  5.5141E-04  7.1845E-06
 2.1152E+25  6.7703E-06  7.0612E+03  7.4643E-05  5.4108E-04  7.1845E-06
 2.1245E+25  6.7500E-06  7.0604E+03  7.4643E-05  5.3104E-04  7.1845E-06
 2.1337E+25  6.8907E-06  7.0597E+03  7.4643E-05  5.2138E-04  7.1845E-06
 2.1430E+25  6.8704E-06  7.0589E+03  7.4643E-05  5.1188E-04  7.1845E-06
 2.1523E+25  7.0099E-06  7.0581E+03  7.4643E-05  5.0249E-04  7.1845E-06
 2.1615E+25  6.9945E-06  7.0574E+03  7.4643E-05  4.9336E-04  7.1845E-06
 2.1708E+25  7.1277E-06  7.0567E+03  7.4643E-05  4.8458E-04  7.1845E-06
 2.1800E+25  7.1223E-06  7.0560E+03  7.4643E-05  4.7595E-04  7.1845E-06
 2.1893E+25  7.2445E-06  7.0553E+03  7.4643E-05  4.6741E-04  7.1845E-06
 2.1985E+25  7.2538E-06  7.0546E+03  7.4643E-05  4.5906E-04  7.1845E-06
 2.2078E+25  7.3604E-06  7.0540E+03  7.4643E-05  4.5101E-04  7.1845E-06
 2.2171E+25  7.3889E-06  7.0533E+03  7.4643E-05  4.4320E-04  7.1845E-06
 2.2263E+25  7.4756E-06  7.0527E+03  7.4643E-05  4.3544E-04  7.1845E-06
 2.2356E+25  7.5276E-06  7.0521E+03  7.4643E-05  4.2779E-04  7.1845E-06
 2.2448E+25  7.5900E-06  7.0514E+03  7.4643E-05  4.2042E-04  7.1845E-06
 2.2541E+25  7.6701E-06  7.0508E+03  7.4643E-05  4.1329E-04  7.1845E-06
 2.2633E+25  7.7037E-06  7.0503E+03  7.4643E-05  4.0619E-04  7.1845E-06
 2.2726E+25  7.8165E-06  7.0497E+03  7.4643E-05  3.9922E-04  7.1845E-06
 2.2819E+25  7.8164E-06  7.0491E+03  7.4643E-05  3.9244E-04  7.1845E-06
 2.2911E+25  7.9660E-06  7.0486E+03  7.4643E-05  3.8590E-04  7.1845E-06
 2.3004E+25  7.9294E-06  7.0480E+03  7.4643E-05  3.7947E-04  7.1845E-06
 2.3096E+25  8.0826E-06  7.0475E+03  7.4643E-05  3.7309E-04  7.1845E-06
 2.3189E+25  8.0786E-06  7.0470E+03  7.4643E-05  3.6682E-04  7.1845E-06
 2.3281E+25  8.1940E-06  7.0464E+03  7.4643E-05  3.6078E-04  7.1845E-06
 2.3374E+25  8.2364E-06  7.0460E+03  7.4643E-05  3.5493E-04  7.1845E-06
 2.3467E+25  8.3044E-06  7.0455E+03  7.4643E-05  3.4912E-04  7.1845E-06
 2.3559E+25  8.3992E-06  7.0450E+03  7.4643E-05  3.4337E-04  7.1845E-06
 2.3652E+25  8.4140E-06  7.0445E+03  7.4643E-05  3.3775E-04  7.1845E-06
 2.3744E+25  8.5665E-06  7.0440E+03  7.4643E-05  3.3235E-04  7.1845E-06
 2.3837E+25  8.5227E-06  7.0436E+03  7.4643E-05  3.2706E-04  7.1845E-06
 2.3929E+25  8.6822E-06  7.0431E+03  7.4643E-05  3.2181E-04  7.1845E-06
 2.4022E+25  8.6872E-06  7.0427E+03  7.4643E-05  3.1663E-04  7.1845E-06
 2.4115E+25  8.7898E-06  7.0422E+03  7.4643E-05  3.1160E-04  7.1845E-06
 2.4207E+25  8.8637E-06  7.0418E+03  7.4643E-05  3.0673E-04  7.1845E-06
 2.4300E+25  8.8966E-06  7.0414E+03  7.4643E-05  3.0196E-04  7.1845E-06
 2.4392E+25  9.0457E-06  7.0410E+03  7.4643E-05  2.9720E-04  7.1845E-06
 2.4485E+25  9.0025E-06  7.0406E+03  7.4643E-05  2.9251E-04  7.1845E-06
 2.4577E+25  9.1662E-06  7.0402E+03  7.4643E-05  2.8797E-04  7.1845E-06
 2.4670E+25  9.1744E-06  7.0398E+03  7.4643E-05  2.8358E-04  7.1845E-06
 2.4763E+25  9.2707E-06  7.0394E+03  7.4643E-05  2.7927E-04  7.1845E-06
 2.4855E+25  9.3668E-06  7.0390E+03  7.4643E-05  2.7498E-04  7.1845E-06
 2.4948E+25  9.3744E-06  7.0387E+03  7.4643E-05  2.7073E-04  7.1845E-06
 2.5040E+25  9.5418E-06  7.0383E+03  7.4643E-05  2.6660E-04  7.1845E-06
 2.5133E+25  9.5007E-06  7.0380E+03  7.4643E-05  2.6263E-04  7.1845E-06
 2.5225E+25  9.6443E-06  7.0376E+03  7.4643E-05  2.5872E-04  7.1845E-06
 2.5318E+25  9.7042E-06  7.0373E+03  7.4643E-05  2.5484E-04  7.1845E-06
 2.5411E+25  9.7456E-06  7.0369E+03  7.4643E-05  2.5100E-04  7.1845E-06
 2.5503E+25  9.9123E-06  7.0366E+03  7.4643E-05  2.4724E-04  7.1845E-06
 2.5596E+25  9.8485E-06  7.0363E+03  7.4643E-05  2.4362E-04  7.1845E-06
 2.5688E+25  1.0017E-05  7.0360E+03  7.4643E-05  2.4008E-04  7.1845E-06
 2.5781E+25  1.0060E-05  7.0356E+03  7.4643E-05  2.3656E-04  7.1845E-06
 2.5873E+25  1.0115E-05  7.0353E+03  7.4643E-05  2.3307E-04  7.1845E-06
 2.5966E+25  1.0283E-05  7.0350E+03  7.4643E-05  2.2964E-04  7.1845E-06
 2.6059E+25  1.0214E-05  7.0347E+03  7.4643E-05  2.2634E-04  7.1845E-06
 2.6151E+25  1.0387E-05  7.0344E+03  7.4643E-05  2.2312E-04  7.1845E-06
 2.6244E+25  1.0437E-05  7.0341E+03  7.4643E-05  2.1994E-04  7.1845E-06
 2.6336E+25  1.0483E-05  7.0338E+03  7.4643E-05  2.1677E-04  7.1845E-06
 2.6429E+25  1.0659E-05  7.0336E+03  7.4643E-05  2.1364E-04  7.1845E-06
 2.6521E+25  1.0594E-05  7.0333E+03  7.4643E-05  2.1060E-04  7.1845E-06
 2.6614E+25  1.0755E-05  7.0330E+03  7.4643E-05  2.0765E-04  7.1845E-06
 2.6707E+25  1.0837E-05  7.0327E+03  7.4643E-05  2.0478E-04  7.1845E-06
 2.6799E+25  1.0849E-05  7.0325E+03  7.4643E-05  2.0190E-04  7.1845E-06
 2.6892E+25  1.1028E-05  7.0322E+03  7.4643E-05  1.9907E-04  7.1845E-06
 2.6984E+25  1.1003E-05  7.0320E+03  7.4643E-05  1.9625E-04  7.1845E-06
 2.7077E+25  1.1120E-05  7.0317E+03  7.4643E-05  1.9354E-04  7.1845E-06
 2.7169E+25  1.1262E-05  7.0315E+03  7.4643E-05  1.9091E-04  7.1845E-06
 2.7262E+25  1.1211E-05  7.0312E+03  7.4643E-05  1.8831E-04  7.1845E-06
 2.7355E+25  1.1393E-05  7.0310E+03  7.4643E-05  1.8573E-04  7.1845E-06
 2.7447E+25  1.1439E-05  7.0308E+03  7.4643E-05  1.8317E-04  7.1845E-06
 2.7540E+25  1.1482E-05  7.0305E+03  7.4643E-05  1.8065E-04  7.1845E-06
 2.7632E+25  1.1667E-05  7.0303E+03  7.4643E-05  1.7822E-04  7.1845E-06
 2.7725E+25  1.1619E-05  7.0301E+03  7.4643E-05  1.7586E-04  7.1845E-06
 2.7817E+25  1.1754E-05  7.0299E+03  7.4643E-05  1.7351E-04  7.1845E-06
 2.7910E+25  1.1904E-05  7.0296E+03  7.4643E-05  1.7119E-04  7.1845E-06
 2.8003E+25  1.1841E-05  7.0294E+03  7.4643E-05  1.6887E-04  7.1845E-06
 2.8095E+25  1.2027E-05  7.0292E+03  7.4643E-05  1.6661E-04  7.1845E-06
 2.8188E+25  1.2097E-05  7.0290E+03  7.4643E-05  1.6441E-04  7.1845E-06
 2.8280E+25  1.2111E-05  7.0288E+03  7.4643E-05  1.6229E-04  7.1845E-06
 2.8373E+25  1.2300E-05  7.0286E+03  7.4643E-05  1.6018E-04  7.1845E-06
 2.8465E+25  1.2296E-05  7.0284E+03  7.4643E-05  1.5808E-04  7.1845E-06
 2.8558E+25  1.2383E-05  7.0282E+03  7.4643E-05  1.5599E-04  7.1845E-06
 2.8651E+25  1.2574E-05  7.0280E+03  7.4643E-05  1.5394E-04  7.1845E-06
 2.8743E+25  1.2500E-05  7.0278E+03  7.4643E-05  1.5194E-04  7.1845E-06
 2.8836E+25  1.2655E-05  7.0276E+03  7.4643E-05  1.5002E-04  7.1845E-06
 2.8928E+25  1.2822E-05  7.0274E+03  7.4643E-05  1.4812E-04  7.1845E-06
 2.9021E+25  1.2736E-05  7.0273E+03  7.4643E-05  1.4623E-04  7.1845E-06
 2.9113E+25  1.2928E-05  7.0271E+03  7.4643E-05  1.4435E-04  7.1845E-06
 2.9206E+25  1.3041E-05  7.0269E+03  7.4643E-05  1.4248E-04  7.1845E-06
 2.9299E+25  1.3006E-05  7.0267E+03  7.4643E-05  1.4067E-04  7.1845E-06
 2.9391E+25  1.3201E-05  7.0266E+03  7.4643E-05  1.3892E-04  7.1845E-06
 2.9484E+25  1.3267E-05  7.0264E+03  7.4643E-05  1.3720E-04  7.1845E-06
 2.9576E+25  1.3277E-05  7.0262E+03  7.4643E-05  1.3549E-04  7.1845E-06
 2.9669E+25  1.3474E-05  7.0261E+03  7.4643E-05  1.3380E-04  7.1845E-06
 2.9761E+25  1.3500E-05  7.0259E+03  7.4643E-05  1.3211E-04  7.1845E-06
 2.9854E+25  1.3548E-05  7.0257E+03  7.4643E-05  1.3045E-04  7.1845E-06
 2.9947E+25  1.3747E-05  7.0256E+03  7.4643E-05  1.2885E-04  7.1845E-06
 3.0039E+25  1.3740E-05  7.0254E+03  7.4643E-05  1.2729E-04  7.1845E-06
 3.0132E+25  1.3819E-05  7.0253E+03  7.4643E-05  1.2575E-04  7.1845E-06
 3.0224E+25  1.4021E-05  7.0251E+03  7.4643E-05  1.2422E-04  7.1845E-06
 3.0317E+25  1.3988E-05  7.0250E+03  7.4643E-05  1.2268E-04  7.1845E-06
 3.0409E+25  1.4091E-05  7.0248E+03  7.4643E-05  1.2117E-04  7.1845E-06
 3.0502E+25  1.4294E-05  7.0247E+03  7.4643E-05  1.1970E-04  7.1845E-06
 3.0594E+25  1.4244E-05  7.0245E+03  7.4643E-05  1.1827E-04  7.1845E-06
 3.0687E+25  1.4362E-05  7.0244E+03  7.4643E-05  1.1688E-04  7.1845E-06
 3.0780E+25  1.4567E-05  7.0243E+03  7.4643E-05  1.1549E-04  7.1845E-06
 3.0872E+25  1.4509E-05  7.0241E+03  7.4643E-05  1.1411E-04  7.1845E-06
 3.0965E+25  1.4633E-05  7.0240E+03  7.4643E-05  1.1274E-04  7.1845E-06
 3.1057E+25  1.4840E-05  7.0238E+03  7.4643E-05  1.1138E-04  7.1845E-06
 3.1150E+25  1.4782E-05  7.0237E+03  7.4643E-05  1.1006E-04  7.1845E-06
 3.1242E+25  1.4904E-05  7.0236E+03  7.4643E-05  1.0877E-04  7.1845E-06
 3.1335E+25  1.5113E-05  7.0235E+03  7.4643E-05  1.0753E-04  7.1845E-06
 3.1428E+25  1.5065E-05  7.0233E+03  7.4643E-05  1.0628E-04  7.1845E-06
 3.1520E+25  1.5174E-05  7.0232E+03  7.4643E-05  1.0504E-04  7.1845E-06
 3.1613E+25  1.5385E-05  7.0231E+03  7.4643E-05  1.0381E-04  7.1845E-06
 3.1705E+25  1.5358E-05  7.0230E+03  7.4643E-05  1.0258E-04  7.1845E-06
 3.1798E+25  1.5445E-05  7.0228E+03  7.4643E-05  1.0140E-04  7.1845E-06
 3.1890E+25  1.5657E-05  7.0227E+03  7.4643E-05  1.0023E-04  7.1845E-06
 3.1983E+25  1.5662E-05  7.0226E+03  7.4643E-05  9.9109E-05  7.1845E-06
 3.2076E+25  1.5715E-05  7.0225E+03  7.4643E-05  9.7991E-05  7.1845E-06
 3.2168E+25  1.5928E-05  7.0224E+03  7.4643E-05  9.6877E-05  7.1845E-06
 3.2261E+25  1.5976E-05  7.0223E+03  7.4643E-05  9.5766E-05  7.1845E-06
 3.2353E+25  1.5984E-05  7.0222E+03  7.4643E-05  9.4665E-05  7.1845E-06
 3.2446E+25  1.6198E-05  7.0220E+03  7.4643E-05  9.3584E-05  7.1845E-06
 3.2538E+25  1.6302E-05  7.0219E+03  7.4643E-05  9.2534E-05  7.1845E-06
 3.2631E+25  1.6254E-05  7.0218E+03  7.4643E-05  9.1518E-05  7.1845E-06
 3.2724E+25  1.6469E-05  7.0217E+03  7.4643E-05  9.0512E-05  7.1845E-06
 3.2816E+25  1.6640E-05  7.0216E+03  7.4643E-05  8.9508E-05  7.1845E-06
 3.2909E+25  1.6522E-05  7.0215E+03  7.4643E-05  8.8506E-05  7.1845E-06
 3.3001E+25  1.6739E-05  7.0214E+03  7.4643E-05  8.7515E-05  7.1845E-06
 3.3094E+25  1.6959E-05  7.0213E+03  7.4643E-05  8.6531E-05  7.1845E-06
 3.3186E+25  1.6821E-05  7.0212E+03  7.4643E-05  8.5582E-05  7.1845E-06
 3.3279E+25  1.7008E-05  7.0211E+03  7.4643E-05  8.4645E-05  7.1845E-06
 3.3372E+25  1.7231E-05  7.0210E+03  7.4643E-05  8.3744E-05  7.1845E-06
 3.3464E+25  1.7178E-05  7.0209E+03  7.4643E-05  8.2846E-05  7.1845E-06
 3.3557E+25  1.7277E-05  7.0208E+03  7.4643E-05  8.1941E-05  7.1845E-06
 3.3649E+25  1.7500E-05  7.0207E+03  7.4643E-05  8.1047E-05  7.1845E-06
 3.3742E+25  1.7552E-05  7.0206E+03  7.4643E-05  8.0152E-05  7.1845E-06
 3.3834E+25  1.7545E-05  7.0206E+03  7.4643E-05  7.9280E-05  7.1845E-06
 3.3927E+25  1.7768E-05  7.0205E+03  7.4643E-05  7.8429E-05  7.1845E-06
 3.4020E+25  1.7939E-05  7.0204E+03  7.4643E-05  7.7602E-05  7.1845E-06
 3.4112E+25  1.7811E-05  7.0203E+03  7.4643E-05  7.6796E-05  7.1845E-06
 3.4205E+25  1.8037E-05  7.0202E+03  7.4643E-05  7.5984E-05  7.1845E-06
 3.4297E+25  1.8266E-05  7.0201E+03  7.4643E-05  7.5178E-05  7.1845E-06
 3.4390E+25  1.8151E-05  7.0200E+03  7.4643E-05  7.4375E-05  7.1845E-06
 3.4482E+25  1.8305E-05  7.0200E+03  7.4643E-05  7.3573E-05  7.1845E-06
 3.4575E+25  1.8534E-05  7.0199E+03  7.4643E-05  7.2794E-05  7.1845E-06
 3.4668E+25  1.8565E-05  7.0198E+03  7.4643E-05  7.2026E-05  7.1845E-06
 3.4760E+25  1.8572E-05  7.0197E+03  7.4643E-05  7.1287E-05  7.1845E-06
 3.4853E+25  1.8802E-05  7.0196E+03  7.4643E-05  7.0563E-05  7.1845E-06
 3.4945E+25  1.8995E-05  7.0195E+03  7.4643E-05  6.9839E-05  7.1845E-06
 3.5038E+25  1.8836E-05  7.0195E+03  7.4643E-05  6.9113E-05  7.1845E-06
 3.5130E+25  1.9069E-05  7.0194E+03  7.4643E-05  6.8390E-05  7.1845E-06
 3.5223E+25  1.9304E-05  7.0193E+03  7.4643E-05  6.7675E-05  7.1845E-06
 3.5316E+25  1.9236E-05  7.0192E+03  7.4643E-05  6.6972E-05  7.1845E-06
 3.5408E+25  1.9336E-05  7.0192E+03  7.4643E-05  6.6283E-05  7.1845E-06
 3.5501E+25  1.9570E-05  7.0191E+03  7.4643E-05  6.5615E-05  7.1845E-06
 3.5593E+25  1.9696E-05  7.0190E+03  7.4643E-05  6.4961E-05  7.1845E-06
 3.5686E+25  1.9599E-05  7.0190E+03  7.4643E-05  6.4313E-05  7.1845E-06
 3.5778E+25  1.9837E-05  7.0189E+03  7.4643E-05  6.3661E-05  7.1845E-06
 3.5871E+25  2.0076E-05  7.0188E+03  7.4643E-05  6.3016E-05  7.1845E-06
 3.5964E+25  1.9959E-05  7.0187E+03  7.4643E-05  6.2371E-05  7.1845E-06
 3.6056E+25  2.0103E-05  7.0187E+03  7.4643E-05  6.1731E-05  7.1845E-06
 3.6149E+25  2.0342E-05  7.0186E+03  7.4643E-05  6.1114E-05  7.1845E-06
 3.6241E+25  2.0452E-05  7.0185E+03  7.4643E-05  6.0504E-05  7.1845E-06
 3.6334E+25  2.0365E-05  7.0185E+03  7.4643E-05  5.9916E-05  7.1845E-06
 3.6426E+25  2.0607E-05  7.0184E+03  7.4643E-05  5.9336E-05  7.1845E-06
 3.6519E+25  2.0851E-05  7.0183E+03  7.4643E-05  5.8750E-05  7.1845E-06
 3.6612E+25  2.0738E-05  7.0183E+03  7.4643E-05  5.8168E-05  7.1845E-06
 3.6704E+25  2.0872E-05  7.0182E+03  7.4643E-05  5.7588E-05  7.1845E-06
 3.6797E+25  2.1116E-05  7.0182E+03  7.4643E-05  5.7013E-05  7.1845E-06
 3.6889E+25  2.1267E-05  7.0181E+03  7.4643E-05  5.6450E-05  7.1845E-06
 3.6982E+25  2.1132E-05  7.0180E+03  7.4643E-05  5.5895E-05  7.1845E-06
 3.7074E+25  2.1381E-05  7.0180E+03  7.4643E-05  5.5356E-05  7.1845E-06
 3.7167E+25  2.1628E-05  7.0179E+03  7.4643E-05  5.4837E-05  7.1845E-06
 3.7260E+25  2.1578E-05  7.0178E+03  7.4643E-05  5.4313E-05  7.1845E-06
 3.7352E+25  2.1643E-05  7.0178E+03  7.4643E-05  5.3791E-05  7.1845E-06
 3.7445E+25  2.1892E-05  7.0177E+03  7.4643E-05  5.3270E-05  7.1845E-06
 3.7537E+25  2.2134E-05  7.0177E+03  7.4643E-05  5.2750E-05  7.1845E-06
 3.7630E+25  2.1911E-05  7.0176E+03  7.4643E-05  5.2234E-05  7.1845E-06
 3.7722E+25  2.2156E-05  7.0176E+03  7.4643E-05  5.1731E-05  7.1845E-06
 3.7815E+25  2.2407E-05  7.0175E+03  7.4643E-05  5.1236E-05  7.1845E-06
 3.7908E+25  2.2487E-05  7.0174E+03  7.4643E-05  5.0758E-05  7.1845E-06
 3.8000E+25  2.2413E-05  7.0174E+03  7.4643E-05  5.0289E-05  7.1845E-06
 3.8093E+25  2.2671E-05  7.0173E+03  7.4643E-05  4.9822E-05  7.1845E-06
 3.8185E+25  2.2925E-05  7.0173E+03  7.4643E-05  4.9355E-05  7.1845E-06
 3.8278E+25  2.2842E-05  7.0172E+03  7.4643E-05  4.8887E-05  7.1845E-06
 3.8370E+25  2.2930E-05  7.0172E+03  7.4643E-05  4.8423E-05  7.1845E-06
 3.8463E+25  2.3188E-05  7.0171E+03  7.4643E-05  4.7960E-05  7.1845E-06
 3.8556E+25  2.3442E-05  7.0171E+03  7.4643E-05  4.7508E-05  7.1845E-06
 3.8648E+25  2.3214E-05  7.0170E+03  7.4643E-05  4.7063E-05  7.1845E-06
 3.8741E+25  2.3448E-05  7.0170E+03  7.4643E-05  4.6631E-05  7.1845E-06
 3.8833E+25  2.3709E-05  7.0169E+03  7.4643E-05  4.6214E-05  7.1845E-06
 3.8926E+25  2.3857E-05  7.0169E+03  7.4643E-05  4.5797E-05  7.1845E-06
 3.9018E+25  2.3705E-05  7.0168E+03  7.4643E-05  4.5375E-05  7.1845E-06
 3.9111E+25  2.3970E-05  7.0168E+03  7.4643E-05  4.4958E-05  7.1845E-06
 3.9204E+25  2.4232E-05  7.0167E+03  7.4643E-05  4.4542E-05  7.1845E-06
 3.9296E+25  2.4261E-05  7.0167E+03  7.4643E-05  4.4126E-05  7.1845E-06
 3.9389E+25  2.4225E-05  7.0166E+03  7.4643E-05  4.3719E-05  7.1845E-06
 3.9481E+25  2.4493E-05  7.0166E+03  7.4643E-05  4.3319E-05  7.1845E-06
 3.9574E+25  2.4758E-05  7.0165E+03  7.4643E-05  4.2924E-05  7.1845E-06
 3.9666E+25  2.4681E-05  7.0165E+03  7.4643E-05  4.2547E-05  7.1845E-06
 3.9759E+25  2.4748E-05  7.0165E+03  7.4643E-05  4.2175E-05  7.1845E-06
 3.9852E+25  2.5019E-05  7.0164E+03  7.4643E-05  4.1799E-05  7.1845E-06
 3.9944E+25  2.5286E-05  7.0164E+03  7.4643E-05  4.1425E-05  7.1845E-06
 4.0037E+25  2.5118E-05  7.0163E+03  7.4643E-05  4.1051E-05  7.1845E-06
 4.0129E+25  2.5273E-05  7.0163E+03  7.4643E-05  4.0678E-05  7.1845E-06
 4.0222E+25  2.5548E-05  7.0162E+03  7.4643E-05  4.0309E-05  7.1845E-06
 4.0314E+25  2.5815E-05  7.0162E+03  7.4643E-05  3.9948E-05  7.1845E-06
 4.0407E+25  2.5575E-05  7.0161E+03  7.4643E-05  3.9590E-05  7.1845E-06
 4.0500E+25  2.5802E-05  7.0161E+03  7.4643E-05  3.9244E-05  7.1845E-06
 4.0592E+25  2.6079E-05  7.0161E+03  7.4643E-05  3.8909E-05  7.1845E-06
 4.0685E+25  2.6333E-05  7.0160E+03  7.4643E-05  3.8575E-05  7.1845E-06
 4.0777E+25  2.6063E-05  7.0160E+03  7.4643E-05  3.8237E-05  7.1845E-06
 4.0870E+25  2.6332E-05  7.0159E+03  7.4643E-05  3.7902E-05  7.1845E-06
 4.0962E+25  2.6613E-05  7.0159E+03  7.4643E-05  3.7570E-05  7.1845E-06
 4.1055E+25  2.6835E-05  7.0159E+03  7.4643E-05  3.7237E-05  7.1845E-06
 4.1148E+25  2.6589E-05  7.0158E+03  7.4643E-05  3.6905E-05  7.1845E-06
 4.1240E+25  2.6865E-05  7.0158E+03  7.4643E-05  3.6584E-05  7.1845E-06
 4.1333E+25  2.7149E-05  7.0157E+03  7.4643E-05  3.6264E-05  7.1845E-06
 4.1425E+25  2.7353E-05  7.0157E+03  7.4643E-05  3.5955E-05  7.1845E-06
 4.1518E+25  2.7122E-05  7.0157E+03  7.4643E-05  3.5657E-05  7.1845E-06
 4.1610E+25  2.7401E-05  7.0156E+03  7.4643E-05  3.5358E-05  7.1845E-06
 4.1703E+25  2.7687E-05  7.0156E+03  7.4643E-05  3.5058E-05  7.1845E-06
 4.1796E+25  2.7892E-05  7.0156E+03  7.4643E-05  3.4756E-05  7.1845E-06
 4.1888E+25  2.7657E-05  7.0155E+03  7.4643E-05  3.4458E-05  7.1845E-06
 4.1981E+25  2.7939E-05  7.0155E+03  7.4643E-05  3.4159E-05  7.1845E-06
 4.2073E+25  2.8228E-05  7.0155E+03  7.4643E-05  3.3864E-05  7.1845E-06
 4.2166E+25  2.8453E-05  7.0154E+03  7.4643E-05  3.3577E-05  7.1845E-06
 4.2258E+25  2.8195E-05  7.0154E+03  7.4643E-05  3.3286E-05  7.1845E-06
 4.2351E+25  2.8479E-05  7.0153E+03  7.4643E-05  3.3009E-05  7.1845E-06
 4.2443E+25  2.8771E-05  7.0153E+03  7.4643E-05  3.2742E-05  7.1845E-06
 4.2536E+25  2.9035E-05  7.0153E+03  7.4643E-05  3.2475E-05  7.1845E-06
 4.2629E+25  2.8738E-05  7.0152E+03  7.4643E-05  3.2207E-05  7.1845E-06
 4.2721E+25  2.9022E-05  7.0152E+03  7.4643E-05  3.1938E-05  7.1845E-06
 4.2814E+25  2.9315E-05  7.0152E+03  7.4643E-05  3.1671E-05  7.1845E-06
 4.2906E+25  2.9605E-05  7.0151E+03  7.4643E-05  3.1404E-05  7.1845E-06
 4.2999E+25  2.9320E-05  7.0151E+03  7.4643E-05  3.1138E-05  7.1845E-06
 4.3091E+25  2.9568E-05  7.0151E+03  7.4643E-05  3.0876E-05  7.1845E-06
 4.3184E+25  2.9861E-05  7.0150E+03  7.4643E-05  3.0619E-05  7.1845E-06
 4.3277E+25  3.0161E-05  7.0150E+03  7.4643E-05  3.0365E-05  7.1845E-06
 4.3369E+25  2.9941E-05  7.0150E+03  7.4643E-05  3.0123E-05  7.1845E-06
 4.3462E+25  3.0117E-05  7.0149E+03  7.4643E-05  2.9884E-05  7.1845E-06
 4.3554E+25  3.0411E-05  7.0149E+03  7.4643E-05  2.9646E-05  7.1845E-06
 4.3647E+25  3.0715E-05  7.0149E+03  7.4643E-05  2.9405E-05  7.1845E-06
 4.3739E+25  3.0594E-05  7.0149E+03  7.4643E-05  2.9166E-05  7.1845E-06
 4.3832E+25  3.0668E-05  7.0148E+03  7.4643E-05  2.8928E-05  7.1845E-06
 4.3925E+25  3.0964E-05  7.0148E+03  7.4643E-05  2.8689E-05  7.1845E-06
 4.4017E+25  3.1269E-05  7.0148E+03  7.4643E-05  2.8453E-05  7.1845E-06
 4.4110E+25  3.1274E-05  7.0147E+03  7.4643E-05  2.8219E-05  7.1845E-06
 4.4202E+25  3.1221E-05  7.0147E+03  7.4643E-05  2.7989E-05  7.1845E-06
 4.4295E+25  3.1520E-05  7.0147E+03  7.4643E-05  2.7764E-05  7.1845E-06
 4.4387E+25  3.1825E-05  7.0146E+03  7.4643E-05  2.7549E-05  7.1845E-06
 4.4480E+25  3.1982E-05  7.0146E+03  7.4643E-05  2.7338E-05  7.1845E-06
 4.4573E+25  3.1776E-05  7.0146E+03  7.4643E-05  2.7122E-05  7.1845E-06
 4.4665E+25  3.2079E-05  7.0146E+03  7.4643E-05  2.6909E-05  7.1845E-06
 4.4758E+25  3.2383E-05  7.0145E+03  7.4643E-05  2.6695E-05  7.1845E-06
 4.4850E+25  3.2688E-05  7.0145E+03  7.4643E-05  2.6481E-05  7.1845E-06
 4.4943E+25  3.2364E-05  7.0145E+03  7.4643E-05  2.6269E-05  7.1845E-06
 4.5035E+25  3.2641E-05  7.0144E+03  7.4643E-05  2.6057E-05  7.1845E-06
 4.5128E+25  3.2946E-05  7.0144E+03  7.4643E-05  2.5850E-05  7.1845E-06
 4.5221E+25  3.3261E-05  7.0144E+03  7.4643E-05  2.5643E-05  7.1845E-06
 4.5313E+25  3.3116E-05  7.0144E+03  7.4643E-05  2.5441E-05  7.1845E-06
 4.5406E+25  3.3204E-05  7.0143E+03  7.4643E-05  2.5248E-05  7.1845E-06
 4.5498E+25  3.3514E-05  7.0143E+03  7.4643E-05  2.5059E-05  7.1845E-06
 4.5591E+25  3.3826E-05  7.0143E+03  7.4643E-05  2.4869E-05  7.1845E-06
 4.5683E+25  3.3905E-05  7.0143E+03  7.4643E-05  2.4677E-05  7.1845E-06
 4.5776E+25  3.3771E-05  7.0142E+03  7.4643E-05  2.4485E-05  7.1845E-06
 4.5869E+25  3.4084E-05  7.0142E+03  7.4643E-05  2.4295E-05  7.1845E-06
 4.5961E+25  3.4396E-05  7.0142E+03  7.4643E-05  2.4105E-05  7.1845E-06
 4.6054E+25  3.4704E-05  7.0142E+03  7.4643E-05  2.3915E-05  7.1845E-06
 4.6146E+25  3.4363E-05  7.0141E+03  7.4643E-05  2.3729E-05  7.1845E-06
 4.6239E+25  3.4655E-05  7.0141E+03  7.4643E-05  2.3544E-05  7.1845E-06
 4.6331E+25  3.4973E-05  7.0141E+03  7.4643E-05  2.3361E-05  7.1845E-06
 4.6424E+25  3.5291E-05  7.0141E+03  7.4643E-05  2.3187E-05  7.1845E-06
 4.6517E+25  3.5196E-05  7.0140E+03  7.4643E-05  2.3017E-05  7.1845E-06
 4.6609E+25  3.5231E-05  7.0140E+03  7.4643E-05  2.2847E-05  7.1845E-06
 4.6702E+25  3.5551E-05  7.0140E+03  7.4643E-05  2.2676E-05  7.1845E-06
 4.6794E+25  3.5870E-05  7.0140E+03  7.4643E-05  2.2506E-05  7.1845E-06
 4.6887E+25  3.6072E-05  7.0139E+03  7.4643E-05  2.2335E-05  7.1845E-06
 4.6979E+25  3.5814E-05  7.0139E+03  7.4643E-05  2.2165E-05  7.1845E-06
 4.7072E+25  3.6130E-05  7.0139E+03  7.4643E-05  2.1995E-05  7.1845E-06
 4.7165E+25  3.6455E-05  7.0139E+03  7.4643E-05  2.1827E-05  7.1845E-06
 4.7257E+25  3.6779E-05  7.0138E+03  7.4643E-05  2.1661E-05  7.1845E-06
 4.7350E+25  3.6597E-05  7.0138E+03  7.4643E-05  2.1496E-05  7.1845E-06
 4.7442E+25  3.6717E-05  7.0138E+03  7.4643E-05  2.1334E-05  7.1845E-06
 4.7535E+25  3.7042E-05  7.0138E+03  7.4643E-05  2.1181E-05  7.1845E-06
 4.7627E+25  3.7369E-05  7.0138E+03  7.4643E-05  2.1030E-05  7.1845E-06
 4.7720E+25  3.7535E-05  7.0137E+03  7.4643E-05  2.0878E-05  7.1845E-06
 4.7813E+25  3.7307E-05  7.0137E+03  7.4643E-05  2.0725E-05  7.1845E-06
 4.7905E+25  3.7630E-05  7.0137E+03  7.4643E-05  2.0573E-05  7.1845E-06
 4.7998E+25  3.7963E-05  7.0137E+03  7.4643E-05  2.0421E-05  7.1845E-06
 4.8090E+25  3.8293E-05  7.0136E+03  7.4643E-05  2.0269E-05  7.1845E-06
 4.8183E+25  3.8115E-05  7.0136E+03  7.4643E-05  2.0118E-05  7.1845E-06
 4.8275E+25  3.8229E-05  7.0136E+03  7.4643E-05  1.9967E-05  7.1845E-06
 4.8368E+25  3.8556E-05  7.0136E+03  7.4643E-05  1.9819E-05  7.1845E-06
 4.8461E+25  3.8894E-05  7.0136E+03  7.4643E-05  1.9672E-05  7.1845E-06
 4.8553E+25  3.9122E-05  7.0135E+03  7.4643E-05  1.9526E-05  7.1845E-06
 4.8646E+25  3.8824E-05  7.0135E+03  7.4643E-05  1.9390E-05  7.1845E-06
 4.8738E+25  3.9160E-05  7.0135E+03  7.4643E-05  1.9255E-05  7.1845E-06
 4.8831E+25  3.9494E-05  7.0135E+03  7.4643E-05  1.9120E-05  7.1845E-06
 4.8923E+25  3.9835E-05  7.0135E+03  7.4643E-05  1.8985E-05  7.1845E-06
 4.9016E+25  3.9758E-05  7.0134E+03  7.4643E-05  1.8848E-05  7.1845E-06
 4.9109E+25  3.9764E-05  7.0134E+03  7.4643E-05  1.8713E-05  7.1845E-06
 4.9201E+25  4.0101E-05  7.0134E+03  7.4643E-05  1.8577E-05  7.1845E-06
 4.9294E+25  4.0444E-05  7.0134E+03  7.4643E-05  1.8441E-05  7.1845E-06
 4.9386E+25  4.0779E-05  7.0134E+03  7.4643E-05  1.8306E-05  7.1845E-06
 4.9479E+25  4.0429E-05  7.0133E+03  7.4643E-05  1.8174E-05  7.1845E-06
 4.9571E+25  4.0715E-05  7.0133E+03  7.4643E-05  1.8042E-05  7.1845E-06
 4.9664E+25  4.1054E-05  7.0133E+03  7.4643E-05  1.7910E-05  7.1845E-06
 4.9757E+25  4.1403E-05  7.0133E+03  7.4643E-05  1.7787E-05  7.1845E-06
 4.9849E+25  4.1541E-05  7.0133E+03  7.4643E-05  1.7666E-05  7.1845E-06
 4.9942E+25  4.1323E-05  7.0132E+03  7.4643E-05  1.7546E-05  7.1845E-06
 5.0034E+25  4.1676E-05  7.0132E+03  7.4643E-05  1.7426E-05  7.1845E-06
 5.0127E+25  4.2019E-05  7.0132E+03  7.4643E-05  1.7304E-05  7.1845E-06
 5.0219E+25  4.2372E-05  7.0132E+03  7.4643E-05  1.7183E-05  7.1845E-06
 5.0312E+25  4.2270E-05  7.0132E+03  7.4643E-05  1.7062E-05  7.1845E-06
 5.0405E+25  4.2292E-05  7.0131E+03  7.4643E-05  1.6942E-05  7.1845E-06
 5.0497E+25  4.2648E-05  7.0131E+03  7.4643E-05  1.6820E-05  7.1845E-06
 5.0590E+25  4.2995E-05  7.0131E+03  7.4643E-05  1.6700E-05  7.1845E-06
 5.0682E+25  4.3350E-05  7.0131E+03  7.4643E-05  1.6582E-05  7.1845E-06
 5.0775E+25  4.3034E-05  7.0131E+03  7.4643E-05  1.6464E-05  7.1845E-06
 5.0867E+25  4.3272E-05  7.0130E+03  7.4643E-05  1.6349E-05  7.1845E-06
 5.0960E+25  4.3632E-05  7.0130E+03  7.4643E-05  1.6240E-05  7.1845E-06
 5.1053E+25  4.3983E-05  7.0130E+03  7.4643E-05  1.6132E-05  7.1845E-06
 5.1145E+25  4.4268E-05  7.0130E+03  7.4643E-05  1.6025E-05  7.1845E-06
 5.1238E+25  4.3902E-05  7.0130E+03  7.4643E-05  1.5917E-05  7.1845E-06
 5.1330E+25  4.4264E-05  7.0130E+03  7.4643E-05  1.5809E-05  7.1845E-06
 5.1423E+25  4.4628E-05  7.0129E+03  7.4643E-05  1.5701E-05  7.1845E-06
 5.1515E+25  4.4983E-05  7.0129E+03  7.4643E-05  1.5594E-05  7.1845E-06
 5.1608E+25  4.5101E-05  7.0129E+03  7.4643E-05  1.5486E-05  7.1845E-06
 5.1701E+25  4.4901E-05  7.0129E+03  7.4643E-05  1.5378E-05  7.1845E-06
 5.1793E+25  4.5267E-05  7.0129E+03  7.4643E-05  1.5272E-05  7.1845E-06
 5.1886E+25  4.5636E-05  7.0129E+03  7.4643E-05  1.5165E-05  7.1845E-06
 5.1978E+25  4.5994E-05  7.0128E+03  7.4643E-05  1.5060E-05  7.1845E-06
 5.2071E+25  4.5970E-05  7.0128E+03  7.4643E-05  1.4956E-05  7.1845E-06
 5.2163E+25  4.5914E-05  7.0128E+03  7.4643E-05  1.4859E-05  7.1845E-06
 5.2256E+25  4.6283E-05  7.0128E+03  7.4643E-05  1.4764E-05  7.1845E-06
 5.2349E+25  4.6657E-05  7.0128E+03  7.4643E-05  1.4668E-05  7.1845E-06
 5.2441E+25  4.7018E-05  7.0127E+03  7.4643E-05  1.4572E-05  7.1845E-06
 5.2534E+25  4.6876E-05  7.0127E+03  7.4643E-05  1.4476E-05  7.1845E-06
 5.2626E+25  4.6939E-05  7.0127E+03  7.4643E-05  1.4379E-05  7.1845E-06
 5.2719E+25  4.7310E-05  7.0127E+03  7.4643E-05  1.4283E-05  7.1845E-06
 5.2811E+25  4.7690E-05  7.0127E+03  7.4643E-05  1.4187E-05  7.1845E-06
 5.2904E+25  4.8053E-05  7.0127E+03  7.4643E-05  1.4091E-05  7.1845E-06
 5.2997E+25  4.7821E-05  7.0127E+03  7.4643E-05  1.3996E-05  7.1845E-06
 5.3089E+25  4.7978E-05  7.0126E+03  7.4643E-05  1.3901E-05  7.1845E-06
 5.3182E+25  4.8352E-05  7.0126E+03  7.4643E-05  1.3807E-05  7.1845E-06
 5.3274E+25  4.8736E-05  7.0126E+03  7.4643E-05  1.3713E-05  7.1845E-06
 5.3367E+25  4.9101E-05  7.0126E+03  7.4643E-05  1.3624E-05  7.1845E-06
 5.3459E+25  4.8805E-05  7.0126E+03  7.4643E-05  1.3538E-05  7.1845E-06
 5.3552E+25  4.9032E-05  7.0126E+03  7.4643E-05  1.3453E-05  7.1845E-06
 5.3645E+25  4.9406E-05  7.0125E+03  7.4643E-05  1.3368E-05  7.1845E-06
 5.3737E+25  4.9796E-05  7.0125E+03  7.4643E-05  1.3282E-05  7.1845E-06
 5.3830E+25  5.0162E-05  7.0125E+03  7.4643E-05  1.3196E-05  7.1845E-06
 5.3922E+25  4.9830E-05  7.0125E+03  7.4643E-05  1.3111E-05  7.1845E-06
 5.4015E+25  5.0100E-05  7.0125E+03  7.4643E-05  1.3025E-05  7.1845E-06
 5.4107E+25  5.0477E-05  7.0125E+03  7.4643E-05  1.2940E-05  7.1845E-06
 5.4200E+25  5.0869E-05  7.0124E+03  7.4643E-05  1.2854E-05  7.1845E-06
 5.4292E+25  5.1240E-05  7.0124E+03  7.4643E-05  1.2769E-05  7.1845E-06
 5.4385E+25  5.0893E-05  7.0124E+03  7.4643E-05  1.2685E-05  7.1845E-06
 5.4478E+25  5.1182E-05  7.0124E+03  7.4643E-05  1.2601E-05  7.1845E-06
 5.4570E+25  5.1565E-05  7.0124E+03  7.4643E-05  1.2518E-05  7.1845E-06
 5.4663E+25  5.1957E-05  7.0124E+03  7.4643E-05  1.2440E-05  7.1845E-06
 5.4755E+25  5.2333E-05  7.0124E+03  7.4643E-05  1.2363E-05  7.1845E-06
 5.4848E+25  5.1997E-05  7.0123E+03  7.4643E-05  1.2287E-05  7.1845E-06
 5.4940E+25  5.2279E-05  7.0123E+03  7.4643E-05  1.2211E-05  7.1845E-06
 5.5033E+25  5.2669E-05  7.0123E+03  7.4643E-05  1.2135E-05  7.1845E-06
 5.5126E+25  5.3059E-05  7.0123E+03  7.4643E-05  1.2059E-05  7.1845E-06
 5.5218E+25  5.3443E-05  7.0123E+03  7.4643E-05  1.1982E-05  7.1845E-06
 5.5311E+25  5.3145E-05  7.0123E+03  7.4643E-05  1.1906E-05  7.1845E-06
 5.5403E+25  5.3392E-05  7.0123E+03  7.4643E-05  1.1830E-05  7.1845E-06
 5.5496E+25  5.3789E-05  7.0122E+03  7.4643E-05  1.1753E-05  7.1845E-06
 5.5588E+25  5.4179E-05  7.0122E+03  7.4643E-05  1.1678E-05  7.1845E-06
 5.5681E+25  5.4570E-05  7.0122E+03  7.4643E-05  1.1602E-05  7.1845E-06
 5.5774E+25  5.4336E-05  7.0122E+03  7.4643E-05  1.1527E-05  7.1845E-06
 5.5866E+25  5.4519E-05  7.0122E+03  7.4643E-05  1.1453E-05  7.1845E-06
 5.5959E+25  5.4926E-05  7.0122E+03  7.4643E-05  1.1383E-05  7.1845E-06
 5.6051E+25  5.5322E-05  7.0121E+03  7.4643E-05  1.1314E-05  7.1845E-06
 5.6144E+25  5.5712E-05  7.0121E+03  7.4643E-05  1.1247E-05  7.1845E-06
 5.6236E+25  5.5567E-05  7.0121E+03  7.4643E-05  1.1179E-05  7.1845E-06
 5.6329E+25  5.5668E-05  7.0121E+03  7.4643E-05  1.1111E-05  7.1845E-06
 5.6422E+25  5.6079E-05  7.0121E+03  7.4643E-05  1.1043E-05  7.1845E-06
 5.6514E+25  5.6483E-05  7.0121E+03  7.4643E-05  1.0975E-05  7.1845E-06
 5.6607E+25  5.6873E-05  7.0121E+03  7.4643E-05  1.0907E-05  7.1845E-06
 5.6699E+25  5.6840E-05  7.0120E+03  7.4643E-05  1.0839E-05  7.1845E-06
 5.6792E+25  5.6841E-05  7.0120E+03  7.4643E-05  1.0771E-05  7.1845E-06
 5.6884E+25  5.7248E-05  7.0120E+03  7.4643E-05  1.0704E-05  7.1845E-06
 5.6977E+25  5.7662E-05  7.0120E+03  7.4643E-05  1.0636E-05  7.1845E-06
 5.7070E+25  5.8058E-05  7.0120E+03  7.4643E-05  1.0569E-05  7.1845E-06
 5.7162E+25  5.8157E-05  7.0120E+03  7.4643E-05  1.0502E-05  7.1845E-06
 5.7255E+25  5.8032E-05  7.0120E+03  7.4643E-05  1.0437E-05  7.1845E-06
 5.7347E+25  5.8439E-05  7.0120E+03  7.4643E-05  1.0376E-05  7.1845E-06
 5.7440E+25  5.8859E-05  7.0119E+03  7.4643E-05  1.0315E-05  7.1845E-06
 5.7532E+25  5.9266E-05  7.0119E+03  7.4643E-05  1.0255E-05  7.1845E-06
 5.7625E+25  5.9520E-05  7.0119E+03  7.4643E-05  1.0195E-05  7.1845E-06
 5.7718E+25  5.9239E-05  7.0119E+03  7.4643E-05  1.0135E-05  7.1845E-06
 5.7810E+25  5.9658E-05  7.0119E+03  7.4643E-05  1.0073E-05  7.1845E-06
 5.7903E+25  6.0075E-05  7.0119E+03  7.4643E-05  1.0013E-05  7.1845E-06
 5.7995E+25  6.0493E-05  7.0119E+03  7.4643E-05  9.9527E-06  7.1845E-06
 5.8088E+25  6.0847E-05  7.0118E+03  7.4643E-05  9.8922E-06  7.1845E-06
 5.8180E+25  6.0553E-05  7.0118E+03  7.4643E-05  9.8318E-06  7.1845E-06
 5.8273E+25  6.0898E-05  7.0118E+03  7.4643E-05  9.7710E-06  7.1845E-06
 5.8366E+25  6.1315E-05  7.0118E+03  7.4643E-05  9.7113E-06  7.1845E-06
 5.8458E+25  6.1741E-05  7.0118E+03  7.4643E-05  9.6515E-06  7.1845E-06
 5.8551E+25  6.2130E-05  7.0118E+03  7.4643E-05  9.5913E-06  7.1845E-06
 5.8643E+25  6.1986E-05  7.0118E+03  7.4643E-05  9.5336E-06  7.1845E-06
 5.8736E+25  6.2155E-05  7.0117E+03  7.4643E-05  9.4791E-06  7.1845E-06
 5.8828E+25  6.2588E-05  7.0117E+03  7.4643E-05  9.4248E-06  7.1845E-06
 5.8921E+25  6.3008E-05  7.0117E+03  7.4643E-05  9.3717E-06  7.1845E-06
 5.9014E+25  6.3421E-05  7.0117E+03  7.4643E-05  9.3183E-06  7.1845E-06
 5.9106E+25  6.3488E-05  7.0117E+03  7.4643E-05  9.2643E-06  7.1845E-06
 5.9199E+25  6.3436E-05  7.0117E+03  7.4643E-05  9.2105E-06  7.1845E-06
 5.9291E+25  6.3879E-05  7.0117E+03  7.4643E-05  9.1569E-06  7.1845E-06
 5.9384E+25  6.4307E-05  7.0117E+03  7.4643E-05  9.1026E-06  7.1845E-06
 5.9476E+25  6.4728E-05  7.0116E+03  7.4643E-05  9.0487E-06  7.1845E-06
 5.9569E+25  6.5028E-05  7.0116E+03  7.4643E-05  8.9950E-06  7.1845E-06
 5.9662E+25  6.4762E-05  7.0116E+03  7.4643E-05  8.9410E-06  7.1845E-06
 5.9754E+25  6.5193E-05  7.0116E+03  7.4643E-05  8.8876E-06  7.1845E-06
 5.9847E+25  6.5637E-05  7.0116E+03  7.4643E-05  8.8339E-06  7.1845E-06
 5.9939E+25  6.6060E-05  7.0116E+03  7.4643E-05  8.7807E-06  7.1845E-06
 6.0032E+25  6.6443E-05  7.0116E+03  7.4643E-05  8.7280E-06  7.1845E-06
 6.0124E+25  6.6294E-05  7.0115E+03  7.4643E-05  8.6783E-06  7.1845E-06
 6.0217E+25  6.6537E-05  7.0115E+03  7.4643E-05  8.6300E-06  7.1845E-06
 6.0310E+25  6.6988E-05  7.0115E+03  7.4643E-05  8.5824E-06  7.1845E-06
 6.0402E+25  6.7428E-05  7.0115E+03  7.4643E-05  8.5350E-06  7.1845E-06
 6.0495E+25  6.7832E-05  7.0115E+03  7.4643E-05  8.4873E-06  7.1845E-06
 6.0587E+25  6.7924E-05  7.0115E+03  7.4643E-05  8.4393E-06  7.1845E-06
 6.0680E+25  6.7918E-05  7.0115E+03  7.4643E-05  8.3914E-06  7.1845E-06
 6.0772E+25  6.8367E-05  7.0115E+03  7.4643E-05  8.3436E-06  7.1845E-06
 6.0865E+25  6.8819E-05  7.0114E+03  7.4643E-05  8.2959E-06  7.1845E-06
 6.0958E+25  6.9246E-05  7.0114E+03  7.4643E-05  8.2479E-06  7.1845E-06
 6.1050E+25  6.9565E-05  7.0114E+03  7.4643E-05  8.1994E-06  7.1845E-06
 6.1143E+25  6.9379E-05  7.0114E+03  7.4643E-05  8.1517E-06  7.1845E-06
 6.1235E+25  6.9787E-05  7.0114E+03  7.4643E-05  8.1041E-06  7.1845E-06
 6.1328E+25  7.0239E-05  7.0114E+03  7.4643E-05  8.0563E-06  7.1845E-06
 6.1420E+25  7.0687E-05  7.0114E+03  7.4643E-05  8.0088E-06  7.1845E-06
 6.1513E+25  7.1075E-05  7.0113E+03  7.4643E-05  7.9619E-06  7.1845E-06
 6.1606E+25  7.1059E-05  7.0113E+03  7.4643E-05  7.9186E-06  7.1845E-06
 6.1698E+25  7.1240E-05  7.0113E+03  7.4643E-05  7.8754E-06  7.1845E-06
 6.1791E+25  7.1700E-05  7.0113E+03  7.4643E-05  7.8326E-06  7.1845E-06
 6.1883E+25  7.2153E-05  7.0113E+03  7.4643E-05  7.7911E-06  7.1845E-06
 6.1976E+25  7.2583E-05  7.0113E+03  7.4643E-05  7.7483E-06  7.1845E-06
 6.2068E+25  7.2830E-05  7.0113E+03  7.4643E-05  7.7058E-06  7.1845E-06
 6.2161E+25  7.2732E-05  7.0113E+03  7.4643E-05  7.6632E-06  7.1845E-06
 6.2254E+25  7.3198E-05  7.0112E+03  7.4643E-05  7.6206E-06  7.1845E-06
 6.2346E+25  7.3659E-05  7.0112E+03  7.4643E-05  7.5780E-06  7.1845E-06
 6.2439E+25  7.4105E-05  7.0112E+03  7.4643E-05  7.5354E-06  7.1845E-06
 6.2531E+25  7.4486E-05  7.0112E+03  7.4643E-05  7.4928E-06  7.1845E-06
 6.2624E+25  7.4447E-05  7.0112E+03  7.4643E-05  7.4502E-06  7.1845E-06
 6.2716E+25  7.4734E-05  7.0112E+03  7.4643E-05  7.4073E-06  7.1845E-06
 6.2809E+25  7.5206E-05  7.0112E+03  7.4643E-05  7.3649E-06  7.1845E-06
 6.2902E+25  7.5665E-05  7.0111E+03  7.4643E-05  7.3225E-06  7.1845E-06
 6.2994E+25  7.6089E-05  7.0111E+03  7.4643E-05  7.2803E-06  7.1845E-06
 6.3087E+25  7.6317E-05  7.0111E+03  7.4643E-05  7.2411E-06  7.1845E-06
 6.3179E+25  7.6305E-05  7.0111E+03  7.4643E-05  7.2024E-06  7.1845E-06
 6.3272E+25  7.6793E-05  7.0111E+03  7.4643E-05  7.1644E-06  7.1845E-06
 6.3364E+25  7.7266E-05  7.0111E+03  7.4643E-05  7.1274E-06  7.1845E-06
 6.3457E+25  7.7715E-05  7.0111E+03  7.4643E-05  7.0893E-06  7.1845E-06
 6.3550E+25  7.8088E-05  7.0111E+03  7.4643E-05  7.0516E-06  7.1845E-06
 6.3642E+25  7.8099E-05  7.0110E+03  7.4643E-05  7.0138E-06  7.1845E-06
 6.3735E+25  7.8418E-05  7.0110E+03  7.4643E-05  6.9757E-06  7.1845E-06
 6.3827E+25  7.8909E-05  7.0110E+03  7.4643E-05  6.9380E-06  7.1845E-06
 6.3920E+25  7.9378E-05  7.0110E+03  7.4643E-05  6.9002E-06  7.1845E-06
 6.4012E+25  7.9804E-05  7.0110E+03  7.4643E-05  6.8621E-06  7.1845E-06
 6.4105E+25  8.0052E-05  7.0110E+03  7.4643E-05  6.8242E-06  7.1845E-06
 6.4198E+25  8.0101E-05  7.0110E+03  7.4643E-05  6.7863E-06  7.1845E-06
 6.4290E+25  8.0592E-05  7.0110E+03  7.4643E-05  6.7484E-06  7.1845E-06
 6.4383E+25  8.1082E-05  7.0109E+03  7.4643E-05  6.7106E-06  7.1845E-06
 6.4475E+25  8.1542E-05  7.0109E+03  7.4643E-05  6.6725E-06  7.1845E-06
 6.4568E+25  8.1924E-05  7.0109E+03  7.4643E-05  6.6356E-06  7.1845E-06
 6.4660E+25  8.1999E-05  7.0109E+03  7.4643E-05  6.6011E-06  7.1845E-06
 6.4753E+25  8.2332E-05  7.0109E+03  7.4643E-05  6.5666E-06  7.1845E-06
 6.4846E+25  8.2829E-05  7.0109E+03  7.4643E-05  6.5330E-06  7.1845E-06
 6.4938E+25  8.3315E-05  7.0109E+03  7.4643E-05  6.5000E-06  7.1845E-06
 6.5031E+25  8.3754E-05  7.0108E+03  7.4643E-05  6.4665E-06  7.1845E-06
 6.5123E+25  8.4050E-05  7.0108E+03  7.4643E-05  6.4328E-06  7.1845E-06
 6.5216E+25  8.4135E-05  7.0108E+03  7.4643E-05  6.3989E-06  7.1845E-06
 6.5308E+25  8.4634E-05  7.0108E+03  7.4643E-05  6.3655E-06  7.1845E-06
 6.5401E+25  8.5131E-05  7.0108E+03  7.4643E-05  6.3317E-06  7.1845E-06
 6.5494E+25  8.5609E-05  7.0108E+03  7.4643E-05  6.2981E-06  7.1845E-06
 6.5586E+25  8.6015E-05  7.0108E+03  7.4643E-05  6.2643E-06  7.1845E-06
 6.5679E+25  8.6176E-05  7.0108E+03  7.4643E-05  6.2305E-06  7.1845E-06
 6.5771E+25  8.6489E-05  7.0107E+03  7.4643E-05  6.1967E-06  7.1845E-06
 6.5864E+25  8.7006E-05  7.0107E+03  7.4643E-05  6.1630E-06  7.1845E-06
 6.5956E+25  8.7500E-05  7.0107E+03  7.4643E-05  6.1294E-06  7.1845E-06
 6.6049E+25  8.7965E-05  7.0107E+03  7.4643E-05  6.0957E-06  7.1845E-06
 6.6142E+25  8.8315E-05  7.0107E+03  7.4643E-05  6.0624E-06  7.1845E-06
 6.6234E+25  8.8454E-05  7.0107E+03  7.4643E-05  6.0311E-06  7.1845E-06
 6.6327E+25  8.8933E-05  7.0107E+03  7.4643E-05  6.0006E-06  7.1845E-06
 6.6419E+25  8.9452E-05  7.0106E+03  7.4643E-05  5.9704E-06  7.1845E-06
 6.6512E+25  8.9942E-05  7.0106E+03  7.4643E-05  5.9410E-06  7.1845E-06
 6.6604E+25  9.0383E-05  7.0106E+03  7.4643E-05  5.9113E-06  7.1845E-06
 6.6697E+25  9.0642E-05  7.0106E+03  7.4643E-05  5.8813E-06  7.1845E-06
 6.6789E+25  9.0927E-05  7.0106E+03  7.4643E-05  5.8516E-06  7.1845E-06
 6.6882E+25  9.1458E-05  7.0106E+03  7.4643E-05  5.8217E-06  7.1845E-06
 6.6975E+25  9.1976E-05  7.0106E+03  7.4643E-05  5.7915E-06  7.1845E-06
 6.7067E+25  9.2457E-05  7.0105E+03  7.4643E-05  5.7618E-06  7.1845E-06
 6.7160E+25  9.2864E-05  7.0105E+03  7.4643E-05  5.7318E-06  7.1845E-06
 6.7252E+25  9.3077E-05  7.0105E+03  7.4643E-05  5.7016E-06  7.1845E-06
 6.7345E+25  9.3532E-05  7.0105E+03  7.4643E-05  5.6716E-06  7.1845E-06
 6.7437E+25  9.4066E-05  7.0105E+03  7.4643E-05  5.6416E-06  7.1845E-06
 6.7530E+25  9.4581E-05  7.0105E+03  7.4643E-05  5.6116E-06  7.1845E-06
 6.7623E+25  9.5049E-05  7.0105E+03  7.4643E-05  5.5816E-06  7.1845E-06
 6.7715E+25  9.5408E-05  7.0104E+03  7.4643E-05  5.5516E-06  7.1845E-06
 6.7808E+25  9.5679E-05  7.0104E+03  7.4643E-05  5.5226E-06  7.1845E-06
 6.7900E+25  9.6223E-05  7.0104E+03  7.4643E-05  5.4952E-06  7.1845E-06
 6.7993E+25  9.6761E-05  7.0104E+03  7.4643E-05  5.4679E-06  7.1845E-06
 6.8085E+25  9.7270E-05  7.0104E+03  7.4643E-05  5.4412E-06  7.1845E-06
 6.8178E+25  9.7722E-05  7.0104E+03  7.4643E-05  5.4152E-06  7.1845E-06
 6.8271E+25  9.8027E-05  7.0104E+03  7.4643E-05  5.3889E-06  7.1845E-06
 6.8363E+25  9.8447E-05  7.0103E+03  7.4643E-05  5.3622E-06  7.1845E-06
 6.8456E+25  9.9007E-05  7.0103E+03  7.4643E-05  5.3355E-06  7.1845E-06
 6.8548E+25  9.9547E-05  7.0103E+03  7.4643E-05  5.3090E-06  7.1845E-06
 6.8641E+25  1.0005E-04  7.0103E+03  7.4643E-05  5.2826E-06  7.1845E-06
 6.8733E+25  1.0048E-04  7.0103E+03  7.4643E-05  5.2559E-06  7.1845E-06
 6.8826E+25  1.0079E-04  7.0103E+03  7.4643E-05  5.2291E-06  7.1845E-06
 6.8919E+25  1.0132E-04  7.0103E+03  7.4643E-05  5.2025E-06  7.1845E-06
 6.9011E+25  1.0189E-04  7.0102E+03  7.4643E-05  5.1757E-06  7.1845E-06
 6.9104E+25  1.0243E-04  7.0102E+03  7.4643E-05  5.1489E-06  7.1845E-06
 6.9196E+25  1.0292E-04  7.0102E+03  7.4643E-05  5.1222E-06  7.1845E-06
 6.9289E+25  1.0332E-04  7.0102E+03  7.4643E-05  5.0955E-06  7.1845E-06
 6.9381E+25  1.0371E-04  7.0102E+03  7.4643E-05  5.0688E-06  7.1845E-06
 6.9474E+25  1.0430E-04  7.0102E+03  7.4643E-05  5.0426E-06  7.1845E-06
 6.9567E+25  1.0487E-04  7.0102E+03  7.4643E-05  5.0183E-06  7.1845E-06
 6.9659E+25  1.0541E-04  7.0101E+03  7.4643E-05  4.9940E-06  7.1845E-06
 6.9752E+25  1.0589E-04  7.0101E+03  7.4643E-05  4.9700E-06  7.1845E-06
 6.9844E+25  1.0627E-04  7.0101E+03  7.4643E-05  4.9470E-06  7.1845E-06
 6.9937E+25  1.0678E-04  7.0101E+03  7.4643E-05  4.9235E-06  7.1845E-06
 7.0029E+25  1.0738E-04  7.0101E+03  7.4643E-05  4.8999E-06  7.1845E-06
 7.0122E+25  1.0795E-04  7.0101E+03  7.4643E-05  4.8764E-06  7.1845E-06
 7.0215E+25  1.0849E-04  7.0100E+03  7.4643E-05  4.8527E-06  7.1845E-06
 7.0307E+25  1.0896E-04  7.0100E+03  7.4643E-05  4.8291E-06  7.1845E-06
 7.0400E+25  1.0937E-04  7.0100E+03  7.4643E-05  4.8054E-06  7.1845E-06
 7.0492E+25  1.0996E-04  7.0100E+03  7.4643E-05  4.7819E-06  7.1845E-06
 7.0585E+25  1.1056E-04  7.0100E+03  7.4643E-05  4.7582E-06  7.1845E-06
 7.0677E+25  1.1114E-04  7.0100E+03  7.4643E-05  4.7341E-06  7.1845E-06
 7.0770E+25  1.1168E-04  7.0100E+03  7.4643E-05  4.7105E-06  7.1845E-06
 7.0863E+25  1.1215E-04  7.0099E+03  7.4643E-05  4.6867E-06  7.1845E-06
 7.0955E+25  1.1263E-04  7.0099E+03  7.4643E-05  4.6629E-06  7.1845E-06
 7.1048E+25  1.1325E-04  7.0099E+03  7.4643E-05  4.6391E-06  7.1845E-06
 7.1140E+25  1.1386E-04  7.0099E+03  7.4643E-05  4.6154E-06  7.1845E-06
 7.1233E+25  1.1444E-04  7.0099E+03  7.4643E-05  4.5927E-06  7.1845E-06
 7.1325E+25  1.1498E-04  7.0099E+03  7.4643E-05  4.5710E-06  7.1845E-06
 7.1418E+25  1.1545E-04  7.0098E+03  7.4643E-05  4.5493E-06  7.1845E-06
 7.1511E+25  1.1603E-04  7.0098E+03  7.4643E-05  4.5283E-06  7.1845E-06
 7.1603E+25  1.1666E-04  7.0098E+03  7.4643E-05  4.5080E-06  7.1845E-06
 7.1696E+25  1.1727E-04  7.0098E+03  7.4643E-05  4.4872E-06  7.1845E-06
 7.1788E+25  1.1786E-04  7.0098E+03  7.4643E-05  4.4662E-06  7.1845E-06
 7.1881E+25  1.1840E-04  7.0098E+03  7.4643E-05  4.4451E-06  7.1845E-06
 7.1973E+25  1.1891E-04  7.0097E+03  7.4643E-05  4.4242E-06  7.1845E-06
 7.2066E+25  1.1954E-04  7.0097E+03  7.4643E-05  4.4033E-06  7.1845E-06
 7.2159E+25  1.2018E-04  7.0097E+03  7.4643E-05  4.3822E-06  7.1845E-06
 7.2251E+25  1.2080E-04  7.0097E+03  7.4643E-05  4.3612E-06  7.1845E-06
 7.2344E+25  1.2139E-04  7.0097E+03  7.4643E-05  4.3401E-06  7.1845E-06
 7.2436E+25  1.2194E-04  7.0097E+03  7.4643E-05  4.3191E-06  7.1845E-06
 7.2529E+25  1.2251E-04  7.0096E+03  7.4643E-05  4.2979E-06  7.1845E-06
 7.2621E+25  1.2317E-04  7.0096E+03  7.4643E-05  4.2766E-06  7.1845E-06
 7.2714E+25  1.2382E-04  7.0096E+03  7.4643E-05  4.2556E-06  7.1845E-06
 7.2807E+25  1.2445E-04  7.0096E+03  7.4643E-05  4.2344E-06  7.1845E-06
 7.2899E+25  1.2505E-04  7.0096E+03  7.4643E-05  4.2131E-06  7.1845E-06
 7.2992E+25  1.2561E-04  7.0096E+03  7.4643E-05  4.1926E-06  7.1845E-06
 7.3084E+25  1.2625E-04  7.0095E+03  7.4643E-05  4.1733E-06  7.1845E-06
 7.3177E+25  1.2692E-04  7.0095E+03  7.4643E-05  4.1540E-06  7.1845E-06
 7.3269E+25  1.2758E-04  7.0095E+03  7.4643E-05  4.1350E-06  7.1845E-06
 7.3362E+25  1.2822E-04  7.0095E+03  7.4643E-05  4.1169E-06  7.1845E-06
 7.3455E+25  1.2882E-04  7.0095E+03  7.4643E-05  4.0986E-06  7.1845E-06
 7.3547E+25  1.2942E-04  7.0095E+03  7.4643E-05  4.0801E-06  7.1845E-06
 7.3640E+25  1.3011E-04  7.0094E+03  7.4643E-05  4.0615E-06  7.1845E-06
 7.3732E+25  1.3080E-04  7.0094E+03  7.4643E-05  4.0429E-06  7.1845E-06
 7.3825E+25  1.3147E-04  7.0094E+03  7.4643E-05  4.0242E-06  7.1845E-06
 7.3917E+25  1.3211E-04  7.0094E+03  7.4643E-05  4.0056E-06  7.1845E-06
 7.4010E+25  1.3273E-04  7.0094E+03  7.4643E-05  3.9870E-06  7.1845E-06
 7.4103E+25  1.3338E-04  7.0094E+03  7.4643E-05  3.9683E-06  7.1845E-06
 7.4195E+25  1.3409E-04  7.0093E+03  7.4643E-05  3.9495E-06  7.1845E-06
 7.4288E+25  1.3479E-04  7.0093E+03  7.4643E-05  3.9305E-06  7.1845E-06
 7.4380E+25  1.3547E-04  7.0093E+03  7.4643E-05  3.9119E-06  7.1845E-06
 7.4473E+25  1.3612E-04  7.0093E+03  7.4643E-05  3.8931E-06  7.1845E-06
 7.4565E+25  1.3676E-04  7.0093E+03  7.4643E-05  3.8741E-06  7.1845E-06
 7.4658E+25  1.3747E-04  7.0092E+03  7.4643E-05  3.8553E-06  7.1845E-06
 7.4751E+25  1.3819E-04  7.0092E+03  7.4643E-05  3.8365E-06  7.1845E-06
 7.4843E+25  1.3890E-04  7.0092E+03  7.4643E-05  3.8187E-06  7.1845E-06
 7.4936E+25  1.3959E-04  7.0092E+03  7.4643E-05  3.8014E-06  7.1845E-06
 7.5028E+25  1.4026E-04  7.0092E+03  7.4643E-05  3.7842E-06  7.1845E-06
 7.5121E+25  1.4094E-04  7.0092E+03  7.4643E-05  3.7675E-06  7.1845E-06
 7.5213E+25  1.4167E-04  7.0091E+03  7.4643E-05  3.7515E-06  7.1845E-06
 7.5306E+25  1.4241E-04  7.0091E+03  7.4643E-05  3.7352E-06  7.1845E-06
 7.5399E+25  1.4313E-04  7.0091E+03  7.4643E-05  3.7187E-06  7.1845E-06
 7.5491E+25  1.4384E-04  7.0091E+03  7.4643E-05  3.7022E-06  7.1845E-06
 7.5584E+25  1.4452E-04  7.0091E+03  7.4643E-05  3.6857E-06  7.1845E-06
 7.5676E+25  1.4525E-04  7.0090E+03  7.4643E-05  3.6693E-06  7.1845E-06
 7.5769E+25  1.4600E-04  7.0090E+03  7.4643E-05  3.6528E-06  7.1845E-06
 7.5861E+25  1.4675E-04  7.0090E+03  7.4643E-05  3.6362E-06  7.1845E-06
 7.5954E+25  1.4748E-04  7.0090E+03  7.4643E-05  3.6196E-06  7.1845E-06
 7.6047E+25  1.4820E-04  7.0090E+03  7.4643E-05  3.6030E-06  7.1845E-06
 7.6139E+25  1.4891E-04  7.0089E+03  7.4643E-05  3.5862E-06  7.1845E-06
 7.6232E+25  1.4967E-04  7.0089E+03  7.4643E-05  3.5694E-06  7.1845E-06
 7.6324E+25  1.5043E-04  7.0089E+03  7.4643E-05  3.5526E-06  7.1845E-06
 7.6417E+25  1.5119E-04  7.0089E+03  7.4643E-05  3.5360E-06  7.1845E-06
 7.6509E+25  1.5194E-04  7.0089E+03  7.4643E-05  3.5193E-06  7.1845E-06
 7.6602E+25  1.5268E-04  7.0088E+03  7.4643E-05  3.5024E-06  7.1845E-06
 7.6695E+25  1.5343E-04  7.0088E+03  7.4643E-05  3.4861E-06  7.1845E-06
 7.6787E+25  1.5421E-04  7.0088E+03  7.4643E-05  3.4708E-06  7.1845E-06
 7.6880E+25  1.5498E-04  7.0088E+03  7.4643E-05  3.4555E-06  7.1845E-06
 7.6972E+25  1.5575E-04  7.0088E+03  7.4643E-05  3.4402E-06  7.1845E-06
 7.7065E+25  1.5652E-04  7.0087E+03  7.4643E-05  3.4260E-06  7.1845E-06
 7.7157E+25  1.5727E-04  7.0087E+03  7.4643E-05  3.4116E-06  7.1845E-06
 7.7250E+25  1.5805E-04  7.0087E+03  7.4643E-05  3.3971E-06  7.1845E-06
 7.7343E+25  1.5885E-04  7.0087E+03  7.4643E-05  3.3824E-06  7.1845E-06
 7.7435E+25  1.5963E-04  7.0087E+03  7.4643E-05  3.3678E-06  7.1845E-06
 7.7528E+25  1.6042E-04  7.0086E+03  7.4643E-05  3.3532E-06  7.1845E-06
 7.7620E+25  1.6120E-04  7.0086E+03  7.4643E-05  3.3385E-06  7.1845E-06
 7.7713E+25  1.6197E-04  7.0086E+03  7.4643E-05  3.3239E-06  7.1845E-06
 7.7805E+25  1.6278E-04  7.0086E+03  7.4643E-05  3.3093E-06  7.1845E-06
 7.7898E+25  1.6359E-04  7.0086E+03  7.4643E-05  3.2946E-06  7.1845E-06
 7.7991E+25  1.6439E-04  7.0085E+03  7.4643E-05  3.2796E-06  7.1845E-06
 7.8083E+25  1.6518E-04  7.0085E+03  7.4643E-05  3.2648E-06  7.1845E-06
 7.8176E+25  1.6597E-04  7.0085E+03  7.4643E-05  3.2500E-06  7.1845E-06
 7.8268E+25  1.6678E-04  7.0085E+03  7.4643E-05  3.2350E-06  7.1845E-06
 7.8361E+25  1.6760E-04  7.0085E+03  7.4643E-05  3.2201E-06  7.1845E-06
 7.8453E+25  1.6842E-04  7.0084E+03  7.4643E-05  3.2051E-06  7.1845E-06
 7.8546E+25  1.6924E-04  7.0084E+03  7.4643E-05  3.1903E-06  7.1845E-06
 7.8638E+25  1.7004E-04  7.0084E+03  7.4643E-05  3.1761E-06  7.1845E-06
 7.8731E+25  1.7085E-04  7.0084E+03  7.4643E-05  3.1623E-06  7.1845E-06
 7.8824E+25  1.7168E-04  7.0084E+03  7.4643E-05  3.1486E-06  7.1845E-06
 7.8916E+25  1.7251E-04  7.0083E+03  7.4643E-05  3.1352E-06  7.1845E-06
 7.9009E+25  1.7334E-04  7.0083E+03  7.4643E-05  3.1225E-06  7.1845E-06
 7.9101E+25  1.7417E-04  7.0083E+03  7.4643E-05  3.1098E-06  7.1845E-06
 7.9194E+25  1.7499E-04  7.0083E+03  7.4643E-05  3.0969E-06  7.1845E-06
 7.9286E+25  1.7581E-04  7.0083E+03  7.4643E-05  3.0839E-06  7.1845E-06
 7.9379E+25  1.7665E-04  7.0082E+03  7.4643E-05  3.0709E-06  7.1845E-06
 7.9472E+25  1.7750E-04  7.0082E+03  7.4643E-05  3.0580E-06  7.1845E-06
 7.9564E+25  1.7834E-04  7.0082E+03  7.4643E-05  3.0450E-06  7.1845E-06
 7.9657E+25  1.7918E-04  7.0082E+03  7.4643E-05  3.0320E-06  7.1845E-06
 7.9749E+25  1.8001E-04  7.0082E+03  7.4643E-05  3.0189E-06  7.1845E-06
 7.9842E+25  1.8086E-04  7.0081E+03  7.4643E-05  3.0059E-06  7.1845E-06
 7.9934E+25  1.8171E-04  7.0081E+03  7.4643E-05  2.9928E-06  7.1845E-06
 8.0027E+25  1.8256E-04  7.0081E+03  7.4643E-05  2.9796E-06  7.1845E-06
 8.0120E+25  1.8341E-04  7.0081E+03  7.4643E-05  2.9663E-06  7.1845E-06
 8.0212E+25  1.8426E-04  7.0080E+03  7.4643E-05  2.9531E-06  7.1845E-06
 8.0305E+25  1.8511E-04  7.0080E+03  7.4643E-05  2.9399E-06  7.1845E-06
 8.0397E+25  1.8597E-04  7.0080E+03  7.4643E-05  2.9267E-06  7.1845E-06
 8.0490E+25  1.8682E-04  7.0080E+03  7.4643E-05  2.9133E-06  7.1845E-06
 8.0582E+25  1.8768E-04  7.0080E+03  7.4643E-05  2.9002E-06  7.1845E-06
 8.0675E+25  1.8854E-04  7.0079E+03  7.4643E-05  2.8880E-06  7.1845E-06
 8.0768E+25  1.8940E-04  7.0079E+03  7.4643E-05  2.8759E-06  7.1845E-06
 8.0860E+25  1.9026E-04  7.0079E+03  7.4643E-05  2.8636E-06  7.1845E-06
 8.0953E+25  1.9112E-04  7.0079E+03  7.4643E-05  2.8520E-06  7.1845E-06
 8.1045E+25  1.9199E-04  7.0078E+03  7.4643E-05  2.8409E-06  7.1845E-06
 8.1138E+25  1.9286E-04  7.0078E+03  7.4643E-05  2.8296E-06  7.1845E-06
 8.1230E+25  1.9372E-04  7.0078E+03  7.4643E-05  2.8180E-06  7.1845E-06
 8.1323E+25  1.9459E-04  7.0078E+03  7.4643E-05  2.8066E-06  7.1845E-06
 8.1416E+25  1.9547E-04  7.0078E+03  7.4643E-05  2.7950E-06  7.1845E-06
 8.1508E+25  1.9633E-04  7.0077E+03  7.4643E-05  2.7835E-06  7.1845E-06
 8.1601E+25  1.9720E-04  7.0077E+03  7.4643E-05  2.7720E-06  7.1845E-06
 8.1693E+25  1.9807E-04  7.0077E+03  7.4643E-05  2.7605E-06  7.1845E-06
 8.1786E+25  1.9895E-04  7.0077E+03  7.4643E-05  2.7489E-06  7.1845E-06
 8.1878E+25  1.9982E-04  7.0076E+03  7.4643E-05  2.7373E-06  7.1845E-06
 8.1971E+25  2.0070E-04  7.0076E+03  7.4643E-05  2.7257E-06  7.1845E-06
 8.2064E+25  2.0157E-04  7.0076E+03  7.4643E-05  2.7139E-06  7.1845E-06
 8.2156E+25  2.0245E-04  7.0076E+03  7.4643E-05  2.7022E-06  7.1845E-06
 8.2249E+25  2.0333E-04  7.0076E+03  7.4643E-05  2.6905E-06  7.1845E-06
 8.2341E+25  2.0420E-04  7.0075E+03  7.4643E-05  2.6786E-06  7.1845E-06
 8.2434E+25  2.0508E-04  7.0075E+03  7.4643E-05  2.6669E-06  7.1845E-06
 8.2526E+25  2.0596E-04  7.0075E+03  7.4643E-05  2.6551E-06  7.1845E-06
 8.2619E+25  2.0684E-04  7.0075E+03  7.4643E-05  2.6435E-06  7.1845E-06
 8.2712E+25  2.0772E-04  7.0074E+03  7.4643E-05  2.6324E-06  7.1845E-06
 8.2804E+25  2.0860E-04  7.0074E+03  7.4643E-05  2.6215E-06  7.1845E-06
 8.2897E+25  2.0948E-04  7.0074E+03  7.4643E-05  2.6107E-06  7.1845E-06
 8.2989E+25  2.1036E-04  7.0074E+03  7.4643E-05  2.6005E-06  7.1845E-06
 8.3082E+25  2.1124E-04  7.0073E+03  7.4643E-05  2.5905E-06  7.1845E-06
 8.3174E+25  2.1211E-04  7.0073E+03  7.4643E-05  2.5804E-06  7.1845E-06
 8.3267E+25  2.1300E-04  7.0073E+03  7.4643E-05  2.5703E-06  7.1845E-06
 8.3360E+25  2.1388E-04  7.0073E+03  7.4643E-05  2.5601E-06  7.1845E-06
 8.3452E+25  2.1477E-04  7.0073E+03  7.4643E-05  2.5498E-06  7.1845E-06
 8.3545E+25  2.1564E-04  7.0072E+03  7.4643E-05  2.5397E-06  7.1845E-06
 8.3637E+25  2.1651E-04  7.0072E+03  7.4643E-05  2.5294E-06  7.1845E-06
 8.3730E+25  2.1739E-04  7.0072E+03  7.4643E-05  2.5193E-06  7.1845E-06
 8.3822E+25  2.1828E-04  7.0072E+03  7.4643E-05  2.5090E-06  7.1845E-06
 8.3915E+25  2.1917E-04  7.0071E+03  7.4643E-05  2.4988E-06  7.1845E-06
 8.4008E+25  2.2005E-04  7.0071E+03  7.4643E-05  2.4884E-06  7.1845E-06
 8.4100E+25  2.2092E-04  7.0071E+03  7.4643E-05  2.4780E-06  7.1845E-06
 8.4193E+25  2.2179E-04  7.0071E+03  7.4643E-05  2.4676E-06  7.1845E-06
 8.4285E+25  2.2267E-04  7.0071E+03  7.4643E-05  2.4572E-06  7.1845E-06
 8.4378E+25  2.2355E-04  7.0070E+03  7.4643E-05  2.4468E-06  7.1845E-06
 8.4470E+25  2.2443E-04  7.0070E+03  7.4643E-05  2.4363E-06  7.1845E-06
 8.4563E+25  2.2531E-04  7.0070E+03  7.4643E-05  2.4258E-06  7.1845E-06
 8.4656E+25  2.2618E-04  7.0070E+03  7.4643E-05  2.4153E-06  7.1845E-06
 8.4748E+25  2.2705E-04  7.0069E+03  7.4643E-05  2.4052E-06  7.1845E-06
 8.4841E+25  2.2792E-04  7.0069E+03  7.4643E-05  2.3956E-06  7.1845E-06
 8.4933E+25  2.2879E-04  7.0069E+03  7.4643E-05  2.3858E-06  7.1845E-06
 8.5026E+25  2.2967E-04  7.0069E+03  7.4643E-05  2.3761E-06  7.1845E-06
 8.5118E+25  2.3056E-04  7.0068E+03  7.4643E-05  2.3671E-06  7.1845E-06
 8.5211E+25  2.3141E-04  7.0068E+03  7.4643E-05  2.3584E-06  7.1845E-06
 8.5304E+25  2.3228E-04  7.0068E+03  7.4643E-05  2.3495E-06  7.1845E-06
 8.5396E+25  2.3314E-04  7.0068E+03  7.4643E-05  2.3404E-06  7.1845E-06
 8.5489E+25  2.3401E-04  7.0067E+03  7.4643E-05  2.3314E-06  7.1845E-06
 8.5581E+25  2.3489E-04  7.0067E+03  7.4643E-05  2.3224E-06  7.1845E-06
 8.5674E+25  2.3575E-04  7.0067E+03  7.4643E-05  2.3133E-06  7.1845E-06
 8.5766E+25  2.3661E-04  7.0067E+03  7.4643E-05  2.3042E-06  7.1845E-06
 8.5859E+25  2.3746E-04  7.0067E+03  7.4643E-05  2.2952E-06  7.1845E-06
 8.5952E+25  2.3832E-04  7.0066E+03  7.4643E-05  2.2861E-06  7.1845E-06
 8.6044E+25  2.3919E-04  7.0066E+03  7.4643E-05  2.2771E-06  7.1845E-06
 8.6137E+25  2.4006E-04  7.0066E+03  7.4643E-05  2.2678E-06  7.1845E-06
 8.6229E+25  2.4091E-04  7.0066E+03  7.4643E-05  2.2586E-06  7.1845E-06
 8.6322E+25  2.4176E-04  7.0065E+03  7.4643E-05  2.2494E-06  7.1845E-06
 8.6414E+25  2.4260E-04  7.0065E+03  7.4643E-05  2.2401E-06  7.1845E-06
 8.6507E+25  2.4345E-04  7.0065E+03  7.4643E-05  2.2309E-06  7.1845E-06
 8.6600E+25  2.4432E-04  7.0065E+03  7.4643E-05  2.2216E-06  7.1845E-06
 8.6692E+25  2.4518E-04  7.0064E+03  7.4643E-05  2.2123E-06  7.1845E-06
 8.6785E+25  2.4602E-04  7.0064E+03  7.4643E-05  2.2030E-06  7.1845E-06
 8.6877E+25  2.4685E-04  7.0064E+03  7.4643E-05  2.1939E-06  7.1845E-06
 8.6970E+25  2.4768E-04  7.0064E+03  7.4643E-05  2.1851E-06  7.1845E-06
 8.7062E+25  2.4853E-04  7.0064E+03  7.4643E-05  2.1765E-06  7.1845E-06
 8.7155E+25  2.4938E-04  7.0063E+03  7.4643E-05  2.1679E-06  7.1845E-06
 8.7248E+25  2.5023E-04  7.0063E+03  7.4643E-05  2.1597E-06  7.1845E-06
 8.7340E+25  2.5106E-04  7.0063E+03  7.4643E-05  2.1518E-06  7.1845E-06
 8.7433E+25  2.5188E-04  7.0063E+03  7.4643E-05  2.1439E-06  7.1845E-06
 8.7525E+25  2.5270E-04  7.0062E+03  7.4643E-05  2.1361E-06  7.1845E-06
 8.7618E+25  2.5353E-04  7.0062E+03  7.4643E-05  2.1281E-06  7.1845E-06
 8.7710E+25  2.5437E-04  7.0062E+03  7.4643E-05  2.1201E-06  7.1845E-06
 8.7803E+25  2.5522E-04  7.0062E+03  7.4643E-05  2.1120E-06  7.1845E-06
 8.7896E+25  2.5602E-04  7.0061E+03  7.4643E-05  2.1040E-06  7.1845E-06
 8.7988E+25  2.5684E-04  7.0061E+03  7.4643E-05  2.0960E-06  7.1845E-06
 8.8081E+25  2.5764E-04  7.0061E+03  7.4643E-05  2.0879E-06  7.1845E-06
 8.8173E+25  2.5847E-04  7.0061E+03  7.4643E-05  2.0799E-06  7.1845E-06
 8.8266E+25  2.5929E-04  7.0061E+03  7.4643E-05  2.0718E-06  7.1845E-06
 8.8358E+25  2.6012E-04  7.0060E+03  7.4643E-05  2.0636E-06  7.1845E-06
 8.8451E+25  2.6092E-04  7.0060E+03  7.4643E-05  2.0554E-06  7.1845E-06
 8.8544E+25  2.6171E-04  7.0060E+03  7.4643E-05  2.0473E-06  7.1845E-06
 8.8636E+25  2.6250E-04  7.0060E+03  7.4643E-05  2.0390E-06  7.1845E-06
 8.8729E+25  2.6331E-04  7.0059E+03  7.4643E-05  2.0308E-06  7.1845E-06
 8.8821E+25  2.6412E-04  7.0059E+03  7.4643E-05  2.0225E-06  7.1845E-06
 8.8914E+25  2.6493E-04  7.0059E+03  7.4643E-05  2.0143E-06  7.1845E-06
 8.9006E+25  2.6572E-04  7.0059E+03  7.4643E-05  2.0060E-06  7.1845E-06
 8.9099E+25  2.6650E-04  7.0059E+03  7.4643E-05  1.9979E-06  7.1845E-06
 8.9192E+25  2.6728E-04  7.0058E+03  7.4643E-05  1.9902E-06  7.1845E-06
 8.9284E+25  2.6807E-04  7.0058E+03  7.4643E-05  1.9825E-06  7.1845E-06
 8.9377E+25  2.6886E-04  7.0058E+03  7.4643E-05  1.9748E-06  7.1845E-06
 8.9469E+25  2.6966E-04  7.0058E+03  7.4643E-05  1.9674E-06  7.1845E-06
 8.9562E+25  2.7044E-04  7.0057E+03  7.4643E-05  1.9606E-06  7.1845E-06
 8.9654E+25  2.7120E-04  7.0057E+03  7.4643E-05  1.9537E-06  7.1845E-06
 8.9747E+25  2.7196E-04  7.0057E+03  7.4643E-05  1.9465E-06  7.1845E-06
 8.9840E+25  2.7273E-04  7.0057E+03  7.4643E-05  1.9394E-06  7.1845E-06
 8.9932E+25  2.7351E-04  7.0056E+03  7.4643E-05  1.9324E-06  7.1845E-06
 9.0025E+25  2.7429E-04  7.0056E+03  7.4643E-05  1.9253E-06  7.1845E-06
 9.0117E+25  2.7505E-04  7.0056E+03  7.4643E-05  1.9182E-06  7.1845E-06
 9.0210E+25  2.7580E-04  7.0056E+03  7.4643E-05  1.9111E-06  7.1845E-06
 9.0302E+25  2.7654E-04  7.0056E+03  7.4643E-05  1.9040E-06  7.1845E-06
 9.0395E+25  2.7729E-04  7.0055E+03  7.4643E-05  1.8969E-06  7.1845E-06
 9.0487E+25  2.7805E-04  7.0055E+03  7.4643E-05  1.8897E-06  7.1845E-06
 9.0580E+25  2.7881E-04  7.0055E+03  7.4643E-05  1.8825E-06  7.1845E-06
 9.0673E+25  2.7957E-04  7.0055E+03  7.4643E-05  1.8752E-06  7.1845E-06
 9.0765E+25  2.8029E-04  7.0054E+03  7.4643E-05  1.8679E-06  7.1845E-06
 9.0858E+25  2.8102E-04  7.0054E+03  7.4643E-05  1.8606E-06  7.1845E-06
 9.0950E+25  2.8175E-04  7.0054E+03  7.4643E-05  1.8534E-06  7.1845E-06
 9.1043E+25  2.8249E-04  7.0054E+03  7.4643E-05  1.8460E-06  7.1845E-06
 9.1135E+25  2.8323E-04  7.0054E+03  7.4643E-05  1.8387E-06  7.1845E-06
 9.1228E+25  2.8398E-04  7.0053E+03  7.4643E-05  1.8313E-06  7.1845E-06
 9.1321E+25  2.8469E-04  7.0053E+03  7.4643E-05  1.8240E-06  7.1845E-06
 9.1413E+25  2.8539E-04  7.0053E+03  7.4643E-05  1.8170E-06  7.1845E-06
 9.1506E+25  2.8610E-04  7.0053E+03  7.4643E-05  1.8101E-06  7.1845E-06
 9.1598E+25  2.8681E-04  7.0052E+03  7.4643E-05  1.8033E-06  7.1845E-06
 9.1691E+25  2.8753E-04  7.0052E+03  7.4643E-05  1.7964E-06  7.1845E-06
 9.1783E+25  2.8826E-04  7.0052E+03  7.4643E-05  1.7901E-06  7.1845E-06
 9.1876E+25  2.8898E-04  7.0052E+03  7.4643E-05  1.7840E-06  7.1845E-06
 9.1969E+25  2.8965E-04  7.0052E+03  7.4643E-05  1.7779E-06  7.1845E-06
 9.2061E+25  2.9034E-04  7.0051E+03  7.4643E-05  1.7716E-06  7.1845E-06
 9.2154E+25  2.9103E-04  7.0051E+03  7.4643E-05  1.7654E-06  7.1845E-06
 9.2246E+25  2.9173E-04  7.0051E+03  7.4643E-05  1.7590E-06  7.1845E-06
 9.2339E+25  2.9243E-04  7.0051E+03  7.4643E-05  1.7527E-06  7.1845E-06
 9.2431E+25  2.9313E-04  7.0051E+03  7.4643E-05  1.7465E-06  7.1845E-06
 9.2524E+25  2.9381E-04  7.0050E+03  7.4643E-05  1.7402E-06  7.1845E-06
