 4.6285E+22  3.2798E-11  1.1631E+04  7.4643E-05  1.0000E+00  7.1845E-06
 1.3886E+23  2.2953E-10  1.1634E+04  7.4643E-05  1.0000E+00  7.1845E-06
 2.3143E+23  6.2254E-10  1.1647E+04  7.4643E-05  1.0000E+00  7.1845E-06
 3.2400E+23  1.2103E-09  1.1674E+04  7.4643E-05  1.0000E+00  7.1845E-06
 4.1657E+23  1.9893E-09  1.1723E+04  7.4643E-05  1.0000E+00  7.1845E-06
 5.0914E+23  2.9534E-09  1.1802E+04  7.4643E-05  1.0000E+00  7.1845E-06
 6.0171E+23  4.0906E-09  1.1924E+04  7.4643E-05  1.0000E+00  7.1845E-06
 6.9428E+23  5.3875E-09  1.2100E+04  7.4643E-05  1.0000E+00  7.1845E-06
 7.8685E+23  6.8098E-09  1.2358E+04  7.4643E-05  1.0000E+00  7.1845E-06
 8.7942E+23  8.3313E-09  1.2717E+04  7.4643E-05  1.0000E+00  7.1845E-06
 9.7199E+23  9.9303E-09  1.3152E+04  7.4643E-05  1.0000E+00  7.1845E-06
 1.0646E+24  1.1630E-08  1.3590E+04  7.4643E-05  1.0000E+00  7.1845E-06
 1.1571E+24  1.3508E-08  1.3908E+04  7.4643E-05  1.0000E+00  7.1845E-06
 1.2497E+24  1.5619E-08  1.4079E+04  7.4643E-05  1.0000E+00  7.1845E-06
 1.3423E+24  1.7922E-08  1.4174E+04  7.4643E-05  1.0000E+00  7.1845E-06
 1.4348E+24  2.0382E-08  1.4274E+04  7.4643E-05  9.9999E-01  7.1845E-06
 1.5274E+24  2.2964E-08  1.4374E+04  7.4643E-05  9.9999E-01  7.1845E-06
 1.6200E+24  2.5717E-08  1.4468E+04  7.4643E-05  9.9999E-01  7.1845E-06
 1.7126E+24  2.8610E-08  1.4559E+04  7.4643E-05  9.9999E-01  7.1845E-06
 1.8051E+24  3.1644E-08  1.4641E+04  7.4643E-05  9.9999E-01  7.1845E-06
 1.8977E+24  3.4835E-08  1.4720E+04  7.4643E-05  9.9999E-01  7.1845E-06
 1.9903E+24  3.8179E-08  1.4797E+04  7.4643E-05  9.9999E-01  7.1845E-06
 2.0828E+24  4.1665E-08  1.4872E+04  7.4643E-05  9.9999E-01  7.1845E-06
 2.1754E+24  4.5256E-08  1.4944E+04  7.4643E-05  9.9999E-01  7.1845E-06
 2.2680E+24  4.9041E-08  1.5014E+04  7.4643E-05  9.9999E-01  7.1845E-06
 2.3605E+24  5.2956E-08  1.5083E+04  7.4643E-05  9.9999E-01  7.1845E-06
 2.4531E+24  5.7000E-08  1.5146E+04  7.4643E-05  9.9999E-01  7.1845E-06
 2.5457E+24  6.1179E-08  1.5211E+04  7.4643E-05  9.9998E-01  7.1845E-06
 2.6383E+24  6.5529E-08  1.5274E+04  7.4643E-05  9.9998E-01  7.1845E-06
 2.7308E+24  7.0021E-08  1.5333E+04  7.4643E-05  9.9998E-01  7.1845E-06
 2.8234E+24  7.4583E-08  1.5394E+04  7.4643E-05  9.9998E-01  7.1845E-06
 2.9160E+24  7.9359E-08  1.5450E+04  7.4643E-05  9.9998E-01  7.1845E-06
 3.0085E+24  8.4306E-08  1.5506E+04  7.4643E-05  9.9998E-01  7.1845E-06
 3.1011E+24  8.9308E-08  1.5562E+04  7.4643E-05  9.9998E-01  7.1845E-06
 3.1937E+24  9.4441E-08  1.5615E+04  7.4643E-05  9.9998E-01  7.1845E-06
 3.2862E+24  9.9780E-08  1.5667E+04  7.4643E-05  9.9997E-01  7.1845E-06
 3.3788E+24  1.0522E-07  1.5718E+04  7.4643E-05  9.9997E-01  7.1845E-06
 3.4714E+24  1.1072E-07  1.5768E+04  7.4643E-05  9.9997E-01  7.1845E-06
 3.5640E+24  1.1647E-07  1.5816E+04  7.4643E-05  9.9997E-01  7.1845E-06
 3.6565E+24  1.2245E-07  1.5863E+04  7.4643E-05  9.9996E-01  7.1845E-06
 3.7491E+24  1.2834E-07  1.5910E+04  7.4643E-05  9.9994E-01  7.1845E-06
 3.8417E+24  1.3447E-07  1.5955E+04  7.4643E-05  9.9989E-01  7.1845E-06
 3.9342E+24  1.4080E-07  1.5999E+04  7.4643E-05  9.9977E-01  7.1845E-06
 4.0268E+24  1.4718E-07  1.6042E+04  7.4643E-05  9.9949E-01  7.1845E-06
 4.1194E+24  1.5367E-07  1.6081E+04  7.4643E-05  9.9886E-01  7.1845E-06
 4.2120E+24  1.6059E-07  1.6116E+04  7.4643E-05  9.9753E-01  7.1845E-06
 4.3045E+24  1.6731E-07  1.6144E+04  7.4643E-05  9.9480E-01  7.1845E-06
 4.3971E+24  1.7429E-07  1.6160E+04  7.4643E-05  9.8945E-01  7.1845E-06
 4.4897E+24  1.8170E-07  1.6156E+04  7.4643E-05  9.7938E-01  7.1845E-06
 4.5822E+24  1.8942E-07  1.6117E+04  7.4643E-05  9.6126E-01  7.1845E-06
 4.6748E+24  1.9764E-07  1.6020E+04  7.4643E-05  9.3033E-01  7.1845E-06
 4.7674E+24  2.0660E-07  1.5836E+04  7.4643E-05  8.8097E-01  7.1845E-06
 4.8599E+24  2.1667E-07  1.5533E+04  7.4643E-05  8.0878E-01  7.1845E-06
 4.9525E+24  2.2825E-07  1.5093E+04  7.4643E-05  7.1413E-01  7.1845E-06
 5.0451E+24  2.4159E-07  1.4524E+04  7.4643E-05  6.0489E-01  7.1845E-06
 5.1377E+24  2.5703E-07  1.3865E+04  7.4643E-05  4.9438E-01  7.1845E-06
 5.2302E+24  2.7432E-07  1.3175E+04  7.4643E-05  3.9499E-01  7.1845E-06
 5.3228E+24  2.9306E-07  1.2508E+04  7.4643E-05  3.1325E-01  7.1845E-06
 5.4154E+24  3.1282E-07  1.1899E+04  7.4643E-05  2.4964E-01  7.1845E-06
 5.5079E+24  3.3322E-07  1.1358E+04  7.4643E-05  2.0137E-01  7.1845E-06
 5.6005E+24  3.5397E-07  1.0889E+04  7.4643E-05  1.6489E-01  7.1845E-06
 5.6931E+24  3.7490E-07  1.0483E+04  7.4643E-05  1.3706E-01  7.1845E-06
 5.7856E+24  3.9590E-07  1.0133E+04  7.4643E-05  1.1553E-01  7.1845E-06
 5.8782E+24  4.1689E-07  9.8301E+03  7.4643E-05  9.8581E-02  7.1845E-06
 5.9708E+24  4.3759E-07  9.5672E+03  7.4643E-05  8.5018E-02  7.1845E-06
 6.0634E+24  4.5846E-07  9.3376E+03  7.4643E-05  7.4002E-02  7.1845E-06
 6.1559E+24  4.7948E-07  9.1367E+03  7.4643E-05  6.4936E-02  7.1845E-06
 6.2485E+24  5.0053E-07  8.9595E+03  7.4643E-05  5.7385E-02  7.1845E-06
 6.3411E+24  5.2162E-07  8.8026E+03  7.4643E-05  5.1028E-02  7.1845E-06
 6.4336E+24  5.4281E-07  8.6631E+03  7.4643E-05  4.5627E-02  7.1845E-06
 6.5262E+24  5.6409E-07  8.5385E+03  7.4643E-05  4.1000E-02  7.1845E-06
 6.6188E+24  5.8468E-07  8.4267E+03  7.4643E-05  3.7005E-02  7.1845E-06
 6.7113E+24  6.0599E-07  8.3262E+03  7.4643E-05  3.3536E-02  7.1845E-06
 6.8039E+24  6.2753E-07  8.2353E+03  7.4643E-05  3.0501E-02  7.1845E-06
 6.8965E+24  6.4935E-07  8.1530E+03  7.4643E-05  2.7837E-02  7.1845E-06
 6.9891E+24  6.7150E-07  8.0783E+03  7.4643E-05  2.5485E-02  7.1845E-06
 7.0816E+24  6.9304E-07  8.0101E+03  7.4643E-05  2.3396E-02  7.1845E-06
 7.1742E+24  7.1401E-07  7.9478E+03  7.4643E-05  2.1535E-02  7.1845E-06
 7.2668E+24  7.3704E-07  7.8908E+03  7.4643E-05  1.9872E-02  7.1845E-06
 7.3593E+24  7.6014E-07  7.8385E+03  7.4643E-05  1.8379E-02  7.1845E-06
 7.4519E+24  7.8041E-07  7.7903E+03  7.4643E-05  1.7033E-02  7.1845E-06
 7.5445E+24  8.0477E-07  7.7459E+03  7.4643E-05  1.5819E-02  7.1845E-06
 7.6371E+24  8.2689E-07  7.7049E+03  7.4643E-05  1.4719E-02  7.1845E-06
 7.7296E+24  8.4968E-07  7.6669E+03  7.4643E-05  1.3719E-02  7.1845E-06
 7.8222E+24  8.7390E-07  7.6318E+03  7.4643E-05  1.2810E-02  7.1845E-06
 7.9148E+24  8.9568E-07  7.5991E+03  7.4643E-05  1.1978E-02  7.1845E-06
 8.0073E+24  9.2090E-07  7.5687E+03  7.4643E-05  1.1218E-02  7.1845E-06
 8.0999E+24  9.4315E-07  7.5405E+03  7.4643E-05  1.0522E-02  7.1845E-06
 8.1925E+24  9.6804E-07  7.5140E+03  7.4643E-05  9.8808E-03  7.1845E-06
 8.2850E+24  9.9241E-07  7.4894E+03  7.4643E-05  9.2926E-03  7.1845E-06
 8.3776E+24  1.0154E-06  7.4663E+03  7.4643E-05  8.7481E-03  7.1845E-06
 8.4702E+24  1.0428E-06  7.4448E+03  7.4643E-05  8.2474E-03  7.1845E-06
 8.5628E+24  1.0643E-06  7.4245E+03  7.4643E-05  7.7820E-03  7.1845E-06
 8.6553E+24  1.0906E-06  7.4056E+03  7.4643E-05  7.3527E-03  7.1845E-06
 8.7479E+24  1.1181E-06  7.3877E+03  7.4643E-05  6.9529E-03  7.1845E-06
 8.8405E+24  1.1399E-06  7.3710E+03  7.4643E-05  6.5823E-03  7.1845E-06
 8.9330E+24  1.1666E-06  7.3551E+03  7.4643E-05  6.2363E-03  7.1845E-06
 9.0256E+24  1.1944E-06  7.3403E+03  7.4643E-05  5.9150E-03  7.1845E-06
 9.1182E+24  1.2204E-06  7.3262E+03  7.4643E-05  5.6143E-03  7.1845E-06
 9.2107E+24  1.2438E-06  7.3130E+03  7.4643E-05  5.3345E-03  7.1845E-06
 9.3033E+24  1.2719E-06  7.3004E+03  7.4643E-05  5.0716E-03  7.1845E-06
 9.3959E+24  1.2999E-06  7.2886E+03  7.4643E-05  4.8268E-03  7.1845E-06
 9.4885E+24  1.3281E-06  7.2773E+03  7.4643E-05  4.5959E-03  7.1845E-06
 9.5810E+24  1.3534E-06  7.2667E+03  7.4643E-05  4.3800E-03  7.1845E-06
 9.6736E+24  1.3796E-06  7.2566E+03  7.4643E-05  4.1775E-03  7.1845E-06
 9.7662E+24  1.4082E-06  7.2471E+03  7.4643E-05  3.9862E-03  7.1845E-06
 9.8587E+24  1.4368E-06  7.2380E+03  7.4643E-05  3.8076E-03  7.1845E-06
 9.9513E+24  1.4656E-06  7.2293E+03  7.4643E-05  3.6375E-03  7.1845E-06
 1.0044E+25  1.4946E-06  7.2212E+03  7.4643E-05  3.4790E-03  7.1845E-06
 1.0136E+25  1.5236E-06  7.2134E+03  7.4643E-05  3.3286E-03  7.1845E-06
 1.0229E+25  1.5527E-06  7.2059E+03  7.4643E-05  3.1861E-03  7.1845E-06
 1.0322E+25  1.5814E-06  7.1989E+03  7.4643E-05  3.0527E-03  7.1845E-06
 1.0414E+25  1.6092E-06  7.1921E+03  7.4643E-05  2.9254E-03  7.1845E-06
 1.0507E+25  1.6392E-06  7.1857E+03  7.4643E-05  2.8053E-03  7.1845E-06
 1.0599E+25  1.6694E-06  7.1795E+03  7.4643E-05  2.6920E-03  7.1845E-06
 1.0692E+25  1.6998E-06  7.1736E+03  7.4643E-05  2.5837E-03  7.1845E-06
 1.0784E+25  1.7304E-06  7.1680E+03  7.4643E-05  2.4817E-03  7.1845E-06
 1.0877E+25  1.7612E-06  7.1627E+03  7.4643E-05  2.3848E-03  7.1845E-06
 1.0970E+25  1.7923E-06  7.1576E+03  7.4643E-05  2.2924E-03  7.1845E-06
 1.1062E+25  1.8236E-06  7.1527E+03  7.4643E-05  2.2052E-03  7.1845E-06
 1.1155E+25  1.8552E-06  7.1480E+03  7.4643E-05  2.1216E-03  7.1845E-06
 1.1247E+25  1.8871E-06  7.1435E+03  7.4643E-05  2.0424E-03  7.1845E-06
 1.1340E+25  1.9194E-06  7.1392E+03  7.4643E-05  1.9673E-03  7.1845E-06
 1.1432E+25  1.9519E-06  7.1350E+03  7.4643E-05  1.8950E-03  7.1845E-06
 1.1525E+25  1.9831E-06  7.1311E+03  7.4643E-05  1.8269E-03  7.1845E-06
 1.1618E+25  2.0143E-06  7.1273E+03  7.4643E-05  1.7615E-03  7.1845E-06
 1.1710E+25  2.0471E-06  7.1236E+03  7.4643E-05  1.6992E-03  7.1845E-06
 1.1803E+25  2.0804E-06  7.1201E+03  7.4643E-05  1.6397E-03  7.1845E-06
 1.1895E+25  2.1142E-06  7.1167E+03  7.4643E-05  1.5830E-03  7.1845E-06
 1.1988E+25  2.1484E-06  7.1135E+03  7.4643E-05  1.5284E-03  7.1845E-06
 1.2080E+25  2.1830E-06  7.1104E+03  7.4643E-05  1.4769E-03  7.1845E-06
 1.2173E+25  2.2182E-06  7.1074E+03  7.4643E-05  1.4272E-03  7.1845E-06
 1.2266E+25  2.2538E-06  7.1045E+03  7.4643E-05  1.3796E-03  7.1845E-06
 1.2358E+25  2.2900E-06  7.1017E+03  7.4643E-05  1.3342E-03  7.1845E-06
 1.2451E+25  2.3191E-06  7.0991E+03  7.4643E-05  1.2908E-03  7.1845E-06
 1.2543E+25  2.3530E-06  7.0965E+03  7.4643E-05  1.2488E-03  7.1845E-06
 1.2636E+25  2.3899E-06  7.0940E+03  7.4643E-05  1.2090E-03  7.1845E-06
 1.2728E+25  2.4274E-06  7.0916E+03  7.4643E-05  1.1707E-03  7.1845E-06
 1.2821E+25  2.4655E-06  7.0893E+03  7.4643E-05  1.1338E-03  7.1845E-06
 1.2914E+25  2.5045E-06  7.0871E+03  7.4643E-05  1.0985E-03  7.1845E-06
 1.3006E+25  2.5348E-06  7.0850E+03  7.4643E-05  1.0646E-03  7.1845E-06
 1.3099E+25  2.5683E-06  7.0829E+03  7.4643E-05  1.0322E-03  7.1845E-06
 1.3191E+25  2.6082E-06  7.0809E+03  7.4643E-05  1.0006E-03  7.1845E-06
 1.3284E+25  2.6488E-06  7.0790E+03  7.4643E-05  9.7074E-04  7.1845E-06
 1.3376E+25  2.6902E-06  7.0771E+03  7.4643E-05  9.4195E-04  7.1845E-06
 1.3469E+25  2.7206E-06  7.0753E+03  7.4643E-05  9.1389E-04  7.1845E-06
 1.3562E+25  2.7551E-06  7.0735E+03  7.4643E-05  8.8722E-04  7.1845E-06
 1.3654E+25  2.7978E-06  7.0719E+03  7.4643E-05  8.6147E-04  7.1845E-06
 1.3747E+25  2.8414E-06  7.0702E+03  7.4643E-05  8.3676E-04  7.1845E-06
 1.3839E+25  2.8802E-06  7.0687E+03  7.4643E-05  8.1277E-04  7.1845E-06
 1.3932E+25  2.9072E-06  7.0671E+03  7.4643E-05  7.8965E-04  7.1845E-06
 1.4024E+25  2.9523E-06  7.0657E+03  7.4643E-05  7.6777E-04  7.1845E-06
 1.4117E+25  2.9983E-06  7.0642E+03  7.4643E-05  7.4621E-04  7.1845E-06
 1.4210E+25  3.0377E-06  7.0628E+03  7.4643E-05  7.2549E-04  7.1845E-06
 1.4302E+25  3.0651E-06  7.0615E+03  7.4643E-05  7.0581E-04  7.1845E-06
 1.4395E+25  3.1130E-06  7.0602E+03  7.4643E-05  6.8650E-04  7.1845E-06
 1.4487E+25  3.1620E-06  7.0589E+03  7.4643E-05  6.6806E-04  7.1845E-06
 1.4580E+25  3.1923E-06  7.0577E+03  7.4643E-05  6.5000E-04  7.1845E-06
 1.4672E+25  3.2300E-06  7.0565E+03  7.4643E-05  6.3279E-04  7.1845E-06
 1.4765E+25  3.2812E-06  7.0554E+03  7.4643E-05  6.1630E-04  7.1845E-06
 1.4858E+25  3.3269E-06  7.0543E+03  7.4643E-05  6.0004E-04  7.1845E-06
 1.4950E+25  3.3500E-06  7.0532E+03  7.4643E-05  5.8432E-04  7.1845E-06
 1.5043E+25  3.4033E-06  7.0521E+03  7.4643E-05  5.6944E-04  7.1845E-06
 1.5135E+25  3.4579E-06  7.0511E+03  7.4643E-05  5.5482E-04  7.1845E-06
 1.5228E+25  3.4763E-06  7.0501E+03  7.4643E-05  5.4071E-04  7.1845E-06
 1.5320E+25  3.5286E-06  7.0492E+03  7.4643E-05  5.2707E-04  7.1845E-06
 1.5413E+25  3.5859E-06  7.0482E+03  7.4643E-05  5.1386E-04  7.1845E-06
 1.5506E+25  3.6081E-06  7.0473E+03  7.4643E-05  5.0110E-04  7.1845E-06
 1.5598E+25  3.6577E-06  7.0464E+03  7.4643E-05  4.8884E-04  7.1845E-06
 1.5691E+25  3.7178E-06  7.0456E+03  7.4643E-05  4.7673E-04  7.1845E-06
 1.5783E+25  3.7387E-06  7.0448E+03  7.4643E-05  4.6506E-04  7.1845E-06
 1.5876E+25  3.7910E-06  7.0440E+03  7.4643E-05  4.5401E-04  7.1845E-06
 1.5968E+25  3.8540E-06  7.0432E+03  7.4643E-05  4.4309E-04  7.1845E-06
 1.6061E+25  3.8679E-06  7.0424E+03  7.4643E-05  4.3237E-04  7.1845E-06
 1.6154E+25  3.9288E-06  7.0416E+03  7.4643E-05  4.2223E-04  7.1845E-06
 1.6246E+25  3.9867E-06  7.0409E+03  7.4643E-05  4.1234E-04  7.1845E-06
 1.6339E+25  4.0039E-06  7.0402E+03  7.4643E-05  4.0264E-04  7.1845E-06
 1.6431E+25  4.0718E-06  7.0395E+03  7.4643E-05  3.9336E-04  7.1845E-06
 1.6524E+25  4.1142E-06  7.0389E+03  7.4643E-05  3.8429E-04  7.1845E-06
 1.6616E+25  4.1486E-06  7.0382E+03  7.4643E-05  3.7538E-04  7.1845E-06
 1.6709E+25  4.2203E-06  7.0376E+03  7.4643E-05  3.6692E-04  7.1845E-06
 1.6802E+25  4.2395E-06  7.0370E+03  7.4643E-05  3.5872E-04  7.1845E-06
 1.6894E+25  4.2995E-06  7.0364E+03  7.4643E-05  3.5057E-04  7.1845E-06
 1.6987E+25  4.3588E-06  7.0358E+03  7.4643E-05  3.4264E-04  7.1845E-06
 1.7079E+25  4.3789E-06  7.0352E+03  7.4643E-05  3.3518E-04  7.1845E-06
 1.7172E+25  4.4567E-06  7.0346E+03  7.4643E-05  3.2783E-04  7.1845E-06
 1.7264E+25  4.4812E-06  7.0341E+03  7.4643E-05  3.2057E-04  7.1845E-06
 1.7357E+25  4.5389E-06  7.0336E+03  7.4643E-05  3.1358E-04  7.1845E-06
 1.7450E+25  4.6006E-06  7.0331E+03  7.4643E-05  3.0684E-04  7.1845E-06
 1.7542E+25  4.6216E-06  7.0325E+03  7.4643E-05  3.0025E-04  7.1845E-06
 1.7635E+25  4.7061E-06  7.0321E+03  7.4643E-05  2.9380E-04  7.1845E-06
 1.7727E+25  4.7197E-06  7.0316E+03  7.4643E-05  2.8761E-04  7.1845E-06
 1.7820E+25  4.7922E-06  7.0311E+03  7.4643E-05  2.8154E-04  7.1845E-06
 1.7912E+25  4.8386E-06  7.0307E+03  7.4643E-05  2.7557E-04  7.1845E-06
 1.8005E+25  4.8790E-06  7.0302E+03  7.4643E-05  2.6981E-04  7.1845E-06
 1.8097E+25  4.9577E-06  7.0298E+03  7.4643E-05  2.6431E-04  7.1845E-06
 1.8190E+25  4.9671E-06  7.0294E+03  7.4643E-05  2.5887E-04  7.1845E-06
 1.8283E+25  5.0615E-06  7.0289E+03  7.4643E-05  2.5347E-04  7.1845E-06
 1.8375E+25  5.0719E-06  7.0285E+03  7.4643E-05  2.4828E-04  7.1845E-06
 1.8468E+25  5.1534E-06  7.0281E+03  7.4643E-05  2.4337E-04  7.1845E-06
 1.8560E+25  5.1901E-06  7.0277E+03  7.4643E-05  2.3846E-04  7.1845E-06
 1.8653E+25  5.2464E-06  7.0274E+03  7.4643E-05  2.3365E-04  7.1845E-06
 1.8745E+25  5.3086E-06  7.0270E+03  7.4643E-05  2.2894E-04  7.1845E-06
 1.8838E+25  5.3408E-06  7.0266E+03  7.4643E-05  2.2446E-04  7.1845E-06
 1.8931E+25  5.4270E-06  7.0263E+03  7.4643E-05  2.2008E-04  7.1845E-06
 1.9023E+25  5.4369E-06  7.0259E+03  7.4643E-05  2.1573E-04  7.1845E-06
 1.9116E+25  5.5435E-06  7.0256E+03  7.4643E-05  2.1152E-04  7.1845E-06
 1.9208E+25  5.5364E-06  7.0253E+03  7.4643E-05  2.0745E-04  7.1845E-06
 1.9301E+25  5.6471E-06  7.0250E+03  7.4643E-05  2.0346E-04  7.1845E-06
 1.9393E+25  5.6504E-06  7.0246E+03  7.4643E-05  1.9953E-04  7.1845E-06
 1.9486E+25  5.7499E-06  7.0243E+03  7.4643E-05  1.9571E-04  7.1845E-06
 1.9579E+25  5.7671E-06  7.0240E+03  7.4643E-05  1.9207E-04  7.1845E-06
 1.9671E+25  5.8545E-06  7.0237E+03  7.4643E-05  1.8846E-04  7.1845E-06
 1.9764E+25  5.8837E-06  7.0234E+03  7.4643E-05  1.8488E-04  7.1845E-06
 1.9856E+25  5.9611E-06  7.0232E+03  7.4643E-05  1.8138E-04  7.1845E-06
 1.9949E+25  6.0000E-06  7.0229E+03  7.4643E-05  1.7806E-04  7.1845E-06
 2.0041E+25  6.0699E-06  7.0226E+03  7.4643E-05  1.7484E-04  7.1845E-06
 2.0134E+25  6.1160E-06  7.0224E+03  7.4643E-05  1.7161E-04  7.1845E-06
 2.0227E+25  6.1810E-06  7.0221E+03  7.4643E-05  1.6843E-04  7.1845E-06
 2.0319E+25  6.2317E-06  7.0218E+03  7.4643E-05  1.6534E-04  7.1845E-06
 2.0412E+25  6.2946E-06  7.0216E+03  7.4643E-05  1.6241E-04  7.1845E-06
 2.0504E+25  6.3469E-06  7.0214E+03  7.4643E-05  1.5950E-04  7.1845E-06
 2.0597E+25  6.4107E-06  7.0211E+03  7.4643E-05  1.5664E-04  7.1845E-06
 2.0689E+25  6.4617E-06  7.0209E+03  7.4643E-05  1.5381E-04  7.1845E-06
 2.0782E+25  6.5296E-06  7.0206E+03  7.4643E-05  1.5110E-04  7.1845E-06
 2.0875E+25  6.5761E-06  7.0204E+03  7.4643E-05  1.4847E-04  7.1845E-06
 2.0967E+25  6.6512E-06  7.0202E+03  7.4643E-05  1.4586E-04  7.1845E-06
 2.1060E+25  6.6898E-06  7.0200E+03  7.4643E-05  1.4329E-04  7.1845E-06
 2.1152E+25  6.7759E-06  7.0198E+03  7.4643E-05  1.4079E-04  7.1845E-06
 2.1245E+25  6.8030E-06  7.0196E+03  7.4643E-05  1.3840E-04  7.1845E-06
 2.1337E+25  6.9037E-06  7.0194E+03  7.4643E-05  1.3603E-04  7.1845E-06
 2.1430E+25  6.9157E-06  7.0192E+03  7.4643E-05  1.3368E-04  7.1845E-06
 2.1523E+25  7.0348E-06  7.0190E+03  7.4643E-05  1.3136E-04  7.1845E-06
 2.1615E+25  7.0277E-06  7.0188E+03  7.4643E-05  1.2915E-04  7.1845E-06
 2.1708E+25  7.1686E-06  7.0186E+03  7.4643E-05  1.2702E-04  7.1845E-06
 2.1800E+25  7.1398E-06  7.0184E+03  7.4643E-05  1.2490E-04  7.1845E-06
 2.1893E+25  7.2857E-06  7.0182E+03  7.4643E-05  1.2278E-04  7.1845E-06
 2.1985E+25  7.2713E-06  7.0181E+03  7.4643E-05  1.2071E-04  7.1845E-06
 2.2078E+25  7.3972E-06  7.0179E+03  7.4643E-05  1.1870E-04  7.1845E-06
 2.2171E+25  7.4114E-06  7.0177E+03  7.4643E-05  1.1680E-04  7.1845E-06
 2.2263E+25  7.5078E-06  7.0176E+03  7.4643E-05  1.1490E-04  7.1845E-06
 2.2356E+25  7.5557E-06  7.0174E+03  7.4643E-05  1.1301E-04  7.1845E-06
 2.2448E+25  7.6175E-06  7.0172E+03  7.4643E-05  1.1113E-04  7.1845E-06
 2.2541E+25  7.7042E-06  7.0171E+03  7.4643E-05  1.0934E-04  7.1845E-06
 2.2633E+25  7.7263E-06  7.0169E+03  7.4643E-05  1.0759E-04  7.1845E-06
 2.2726E+25  7.8570E-06  7.0168E+03  7.4643E-05  1.0590E-04  7.1845E-06
 2.2819E+25  7.8345E-06  7.0166E+03  7.4643E-05  1.0420E-04  7.1845E-06
 2.2911E+25  7.9879E-06  7.0165E+03  7.4643E-05  1.0251E-04  7.1845E-06
 2.3004E+25  7.9678E-06  7.0163E+03  7.4643E-05  1.0089E-04  7.1845E-06
 2.3096E+25  8.0958E-06  7.0162E+03  7.4643E-05  9.9316E-05  7.1845E-06
 2.3189E+25  8.1280E-06  7.0160E+03  7.4643E-05  9.7780E-05  7.1845E-06
 2.3281E+25  8.2024E-06  7.0159E+03  7.4643E-05  9.6254E-05  7.1845E-06
 2.3374E+25  8.2933E-06  7.0158E+03  7.4643E-05  9.4732E-05  7.1845E-06
 2.3467E+25  8.3081E-06  7.0156E+03  7.4643E-05  9.3258E-05  7.1845E-06
 2.3559E+25  8.4617E-06  7.0155E+03  7.4643E-05  9.1834E-05  7.1845E-06
 2.3652E+25  8.4151E-06  7.0154E+03  7.4643E-05  9.0454E-05  7.1845E-06
 2.3744E+25  8.5716E-06  7.0153E+03  7.4643E-05  8.9071E-05  7.1845E-06
 2.3837E+25  8.5843E-06  7.0151E+03  7.4643E-05  8.7701E-05  7.1845E-06
 2.3929E+25  8.6757E-06  7.0150E+03  7.4643E-05  8.6342E-05  7.1845E-06
 2.4022E+25  8.7640E-06  7.0149E+03  7.4643E-05  8.5049E-05  7.1845E-06
 2.4115E+25  8.7787E-06  7.0148E+03  7.4643E-05  8.3806E-05  7.1845E-06
 2.4207E+25  8.9395E-06  7.0147E+03  7.4643E-05  8.2564E-05  7.1845E-06
 2.4300E+25  8.8906E-06  7.0146E+03  7.4643E-05  8.1332E-05  7.1845E-06
 2.4392E+25  9.0434E-06  7.0145E+03  7.4643E-05  8.0098E-05  7.1845E-06
 2.4485E+25  9.0786E-06  7.0143E+03  7.4643E-05  7.8898E-05  7.1845E-06
 2.4577E+25  9.1443E-06  7.0142E+03  7.4643E-05  7.7747E-05  7.1845E-06
 2.4670E+25  9.2748E-06  7.0141E+03  7.4643E-05  7.6635E-05  7.1845E-06
 2.4763E+25  9.2446E-06  7.0140E+03  7.4643E-05  7.5538E-05  7.1845E-06
 2.4855E+25  9.4106E-06  7.0139E+03  7.4643E-05  7.4428E-05  7.1845E-06
 2.4948E+25  9.4097E-06  7.0138E+03  7.4643E-05  7.3330E-05  7.1845E-06
 2.5040E+25  9.5095E-06  7.0137E+03  7.4643E-05  7.2256E-05  7.1845E-06
 2.5133E+25  9.6174E-06  7.0136E+03  7.4643E-05  7.1230E-05  7.1845E-06
 2.5225E+25  9.6075E-06  7.0135E+03  7.4643E-05  7.0238E-05  7.1845E-06
 2.5318E+25  9.7768E-06  7.0134E+03  7.4643E-05  6.9246E-05  7.1845E-06
 2.5411E+25  9.7590E-06  7.0134E+03  7.4643E-05  6.8262E-05  7.1845E-06
 2.5503E+25  9.8733E-06  7.0133E+03  7.4643E-05  6.7276E-05  7.1845E-06
 2.5596E+25  9.9794E-06  7.0132E+03  7.4643E-05  6.6323E-05  7.1845E-06
 2.5688E+25  9.9690E-06  7.0131E+03  7.4643E-05  6.5394E-05  7.1845E-06
 2.5781E+25  1.0141E-05  7.0130E+03  7.4643E-05  6.4506E-05  7.1845E-06
 2.5873E+25  1.0129E-05  7.0129E+03  7.4643E-05  6.3615E-05  7.1845E-06
 2.5966E+25  1.0235E-05  7.0128E+03  7.4643E-05  6.2727E-05  7.1845E-06
 2.6059E+25  1.0363E-05  7.0128E+03  7.4643E-05  6.1859E-05  7.1845E-06
 2.6151E+25  1.0329E-05  7.0127E+03  7.4643E-05  6.0986E-05  7.1845E-06
 2.6244E+25  1.0504E-05  7.0126E+03  7.4643E-05  6.0164E-05  7.1845E-06
 2.6336E+25  1.0521E-05  7.0125E+03  7.4643E-05  5.9358E-05  7.1845E-06
 2.6429E+25  1.0595E-05  7.0124E+03  7.4643E-05  5.8562E-05  7.1845E-06
 2.6521E+25  1.0767E-05  7.0124E+03  7.4643E-05  5.7766E-05  7.1845E-06
 2.6614E+25  1.0689E-05  7.0123E+03  7.4643E-05  5.6971E-05  7.1845E-06
 2.6707E+25  1.0863E-05  7.0122E+03  7.4643E-05  5.6202E-05  7.1845E-06
 2.6799E+25  1.0938E-05  7.0121E+03  7.4643E-05  5.5443E-05  7.1845E-06
 2.6892E+25  1.0952E-05  7.0121E+03  7.4643E-05  5.4726E-05  7.1845E-06
 2.6984E+25  1.1133E-05  7.0120E+03  7.4643E-05  5.4010E-05  7.1845E-06
 2.7077E+25  1.1110E-05  7.0119E+03  7.4643E-05  5.3294E-05  7.1845E-06
 2.7169E+25  1.1220E-05  7.0119E+03  7.4643E-05  5.2588E-05  7.1845E-06
 2.7262E+25  1.1383E-05  7.0118E+03  7.4643E-05  5.1874E-05  7.1845E-06
 2.7355E+25  1.1307E-05  7.0117E+03  7.4643E-05  5.1195E-05  7.1845E-06
 2.7447E+25  1.1489E-05  7.0117E+03  7.4643E-05  5.0536E-05  7.1845E-06
 2.7540E+25  1.1567E-05  7.0116E+03  7.4643E-05  4.9896E-05  7.1845E-06
 2.7632E+25  1.1574E-05  7.0115E+03  7.4643E-05  4.9261E-05  7.1845E-06
 2.7725E+25  1.1759E-05  7.0115E+03  7.4643E-05  4.8625E-05  7.1845E-06
 2.7817E+25  1.1755E-05  7.0114E+03  7.4643E-05  4.7982E-05  7.1845E-06
 2.7910E+25  1.1841E-05  7.0114E+03  7.4643E-05  4.7361E-05  7.1845E-06
 2.8003E+25  1.2028E-05  7.0113E+03  7.4643E-05  4.6744E-05  7.1845E-06
 2.8095E+25  1.1949E-05  7.0112E+03  7.4643E-05  4.6166E-05  7.1845E-06
 2.8188E+25  1.2110E-05  7.0112E+03  7.4643E-05  4.5598E-05  7.1845E-06
 2.8280E+25  1.2257E-05  7.0111E+03  7.4643E-05  4.5031E-05  7.1845E-06
 2.8373E+25  1.2191E-05  7.0111E+03  7.4643E-05  4.4458E-05  7.1845E-06
 2.8465E+25  1.2380E-05  7.0110E+03  7.4643E-05  4.3894E-05  7.1845E-06
 2.8558E+25  1.2465E-05  7.0110E+03  7.4643E-05  4.3328E-05  7.1845E-06
 2.8651E+25  1.2458E-05  7.0109E+03  7.4643E-05  4.2795E-05  7.1845E-06
 2.8743E+25  1.2650E-05  7.0108E+03  7.4643E-05  4.2260E-05  7.1845E-06
 2.8836E+25  1.2678E-05  7.0108E+03  7.4643E-05  4.1762E-05  7.1845E-06
 2.8928E+25  1.2726E-05  7.0107E+03  7.4643E-05  4.1250E-05  7.1845E-06
 2.9021E+25  1.2920E-05  7.0107E+03  7.4643E-05  4.0745E-05  7.1845E-06
 2.9113E+25  1.2898E-05  7.0106E+03  7.4643E-05  4.0237E-05  7.1845E-06
 2.9206E+25  1.2994E-05  7.0106E+03  7.4643E-05  3.9734E-05  7.1845E-06
 2.9299E+25  1.3190E-05  7.0105E+03  7.4643E-05  3.9248E-05  7.1845E-06
 2.9391E+25  1.3126E-05  7.0105E+03  7.4643E-05  3.8783E-05  7.1845E-06
 2.9484E+25  1.3263E-05  7.0105E+03  7.4643E-05  3.8323E-05  7.1845E-06
 2.9576E+25  1.3459E-05  7.0104E+03  7.4643E-05  3.7869E-05  7.1845E-06
 2.9669E+25  1.3362E-05  7.0104E+03  7.4643E-05  3.7416E-05  7.1845E-06
 2.9761E+25  1.3532E-05  7.0103E+03  7.4643E-05  3.6963E-05  7.1845E-06
 2.9854E+25  1.3725E-05  7.0103E+03  7.4643E-05  3.6512E-05  7.1845E-06
 2.9947E+25  1.3609E-05  7.0102E+03  7.4643E-05  3.6077E-05  7.1845E-06
 3.0039E+25  1.3801E-05  7.0102E+03  7.4643E-05  3.5649E-05  7.1845E-06
 3.0132E+25  1.3984E-05  7.0101E+03  7.4643E-05  3.5244E-05  7.1845E-06
 3.0224E+25  1.3870E-05  7.0101E+03  7.4643E-05  3.4837E-05  7.1845E-06
 3.0317E+25  1.4070E-05  7.0101E+03  7.4643E-05  3.4425E-05  7.1845E-06
 3.0409E+25  1.4245E-05  7.0100E+03  7.4643E-05  3.4023E-05  7.1845E-06
 3.0502E+25  1.4138E-05  7.0100E+03  7.4643E-05  3.3618E-05  7.1845E-06
 3.0594E+25  1.4340E-05  7.0099E+03  7.4643E-05  3.3222E-05  7.1845E-06
 3.0687E+25  1.4515E-05  7.0099E+03  7.4643E-05  3.2841E-05  7.1845E-06
 3.0780E+25  1.4405E-05  7.0098E+03  7.4643E-05  3.2465E-05  7.1845E-06
 3.0872E+25  1.4609E-05  7.0098E+03  7.4643E-05  3.2106E-05  7.1845E-06
 3.0965E+25  1.4795E-05  7.0098E+03  7.4643E-05  3.1744E-05  7.1845E-06
 3.1057E+25  1.4673E-05  7.0097E+03  7.4643E-05  3.1375E-05  7.1845E-06
 3.1150E+25  1.4878E-05  7.0097E+03  7.4643E-05  3.1014E-05  7.1845E-06
 3.1242E+25  1.5077E-05  7.0097E+03  7.4643E-05  3.0652E-05  7.1845E-06
 3.1335E+25  1.4947E-05  7.0096E+03  7.4643E-05  3.0306E-05  7.1845E-06
 3.1428E+25  1.5148E-05  7.0096E+03  7.4643E-05  2.9964E-05  7.1845E-06
 3.1520E+25  1.5353E-05  7.0095E+03  7.4643E-05  2.9639E-05  7.1845E-06
 3.1613E+25  1.5237E-05  7.0095E+03  7.4643E-05  2.9313E-05  7.1845E-06
 3.1705E+25  1.5417E-05  7.0095E+03  7.4643E-05  2.8990E-05  7.1845E-06
 3.1798E+25  1.5626E-05  7.0094E+03  7.4643E-05  2.8668E-05  7.1845E-06
 3.1890E+25  1.5541E-05  7.0094E+03  7.4643E-05  2.8339E-05  7.1845E-06
 3.1983E+25  1.5686E-05  7.0094E+03  7.4643E-05  2.8018E-05  7.1845E-06
 3.2076E+25  1.5898E-05  7.0093E+03  7.4643E-05  2.7706E-05  7.1845E-06
 3.2168E+25  1.5857E-05  7.0093E+03  7.4643E-05  2.7404E-05  7.1845E-06
 3.2261E+25  1.5955E-05  7.0093E+03  7.4643E-05  2.7113E-05  7.1845E-06
 3.2353E+25  1.6169E-05  7.0092E+03  7.4643E-05  2.6828E-05  7.1845E-06
 3.2446E+25  1.6185E-05  7.0092E+03  7.4643E-05  2.6534E-05  7.1845E-06
 3.2538E+25  1.6225E-05  7.0092E+03  7.4643E-05  2.6246E-05  7.1845E-06
 3.2631E+25  1.6440E-05  7.0092E+03  7.4643E-05  2.5959E-05  7.1845E-06
 3.2724E+25  1.6525E-05  7.0091E+03  7.4643E-05  2.5668E-05  7.1845E-06
 3.2816E+25  1.6494E-05  7.0091E+03  7.4643E-05  2.5389E-05  7.1845E-06
 3.2909E+25  1.6711E-05  7.0091E+03  7.4643E-05  2.5114E-05  7.1845E-06
 3.3001E+25  1.6877E-05  7.0090E+03  7.4643E-05  2.4855E-05  7.1845E-06
 3.3094E+25  1.6764E-05  7.0090E+03  7.4643E-05  2.4599E-05  7.1845E-06
 3.3186E+25  1.6983E-05  7.0090E+03  7.4643E-05  2.4343E-05  7.1845E-06
 3.3279E+25  1.7193E-05  7.0089E+03  7.4643E-05  2.4081E-05  7.1845E-06
 3.3372E+25  1.7081E-05  7.0089E+03  7.4643E-05  2.3824E-05  7.1845E-06
 3.3464E+25  1.7254E-05  7.0089E+03  7.4643E-05  2.3570E-05  7.1845E-06
 3.3557E+25  1.7472E-05  7.0089E+03  7.4643E-05  2.3314E-05  7.1845E-06
 3.3649E+25  1.7450E-05  7.0088E+03  7.4643E-05  2.3070E-05  7.1845E-06
 3.3742E+25  1.7525E-05  7.0088E+03  7.4643E-05  2.2828E-05  7.1845E-06
 3.3834E+25  1.7748E-05  7.0088E+03  7.4643E-05  2.2601E-05  7.1845E-06
 3.3927E+25  1.7836E-05  7.0088E+03  7.4643E-05  2.2372E-05  7.1845E-06
 3.4020E+25  1.7798E-05  7.0087E+03  7.4643E-05  2.2144E-05  7.1845E-06
 3.4112E+25  1.8022E-05  7.0087E+03  7.4643E-05  2.1913E-05  7.1845E-06
 3.4205E+25  1.8221E-05  7.0087E+03  7.4643E-05  2.1681E-05  7.1845E-06
 3.4297E+25  1.8086E-05  7.0087E+03  7.4643E-05  2.1454E-05  7.1845E-06
 3.4390E+25  1.8297E-05  7.0086E+03  7.4643E-05  2.1233E-05  7.1845E-06
 3.4482E+25  1.8516E-05  7.0086E+03  7.4643E-05  2.1012E-05  7.1845E-06
 3.4575E+25  1.8481E-05  7.0086E+03  7.4643E-05  2.0806E-05  7.1845E-06
 3.4668E+25  1.8572E-05  7.0086E+03  7.4643E-05  2.0599E-05  7.1845E-06
 3.4760E+25  1.8798E-05  7.0085E+03  7.4643E-05  2.0397E-05  7.1845E-06
 3.4853E+25  1.8903E-05  7.0085E+03  7.4643E-05  2.0190E-05  7.1845E-06
 3.4945E+25  1.8848E-05  7.0085E+03  7.4643E-05  1.9987E-05  7.1845E-06
 3.5038E+25  1.9078E-05  7.0085E+03  7.4643E-05  1.9781E-05  7.1845E-06
 3.5130E+25  1.9286E-05  7.0084E+03  7.4643E-05  1.9576E-05  7.1845E-06
 3.5223E+25  1.9184E-05  7.0084E+03  7.4643E-05  1.9382E-05  7.1845E-06
 3.5316E+25  1.9358E-05  7.0084E+03  7.4643E-05  1.9188E-05  7.1845E-06
 3.5408E+25  1.9583E-05  7.0084E+03  7.4643E-05  1.9002E-05  7.1845E-06
 3.5501E+25  1.9624E-05  7.0083E+03  7.4643E-05  1.8823E-05  7.1845E-06
 3.5593E+25  1.9638E-05  7.0083E+03  7.4643E-05  1.8636E-05  7.1845E-06
 3.5686E+25  1.9870E-05  7.0083E+03  7.4643E-05  1.8455E-05  7.1845E-06
 3.5778E+25  2.0063E-05  7.0083E+03  7.4643E-05  1.8271E-05  7.1845E-06
 3.5871E+25  1.9948E-05  7.0083E+03  7.4643E-05  1.8090E-05  7.1845E-06
 3.5964E+25  2.0157E-05  7.0082E+03  7.4643E-05  1.7909E-05  7.1845E-06
 3.6056E+25  2.0379E-05  7.0082E+03  7.4643E-05  1.7731E-05  7.1845E-06
 3.6149E+25  2.0401E-05  7.0082E+03  7.4643E-05  1.7559E-05  7.1845E-06
 3.6241E+25  2.0443E-05  7.0082E+03  7.4643E-05  1.7395E-05  7.1845E-06
 3.6334E+25  2.0678E-05  7.0082E+03  7.4643E-05  1.7231E-05  7.1845E-06
 3.6426E+25  2.0864E-05  7.0081E+03  7.4643E-05  1.7070E-05  7.1845E-06
 3.6519E+25  2.0761E-05  7.0081E+03  7.4643E-05  1.6905E-05  7.1845E-06
 3.6612E+25  2.0972E-05  7.0081E+03  7.4643E-05  1.6742E-05  7.1845E-06
 3.6704E+25  2.1195E-05  7.0081E+03  7.4643E-05  1.6578E-05  7.1845E-06
 3.6797E+25  2.1235E-05  7.0081E+03  7.4643E-05  1.6417E-05  7.1845E-06
 3.6889E+25  2.1267E-05  7.0080E+03  7.4643E-05  1.6260E-05  7.1845E-06
 3.6982E+25  2.1503E-05  7.0080E+03  7.4643E-05  1.6103E-05  7.1845E-06
 3.7074E+25  2.1698E-05  7.0080E+03  7.4643E-05  1.5952E-05  7.1845E-06
 3.7167E+25  2.1621E-05  7.0080E+03  7.4643E-05  1.5810E-05  7.1845E-06
 3.7260E+25  2.1807E-05  7.0080E+03  7.4643E-05  1.5664E-05  7.1845E-06
 3.7352E+25  2.2035E-05  7.0079E+03  7.4643E-05  1.5519E-05  7.1845E-06
 3.7445E+25  2.2129E-05  7.0079E+03  7.4643E-05  1.5375E-05  7.1845E-06
 3.7537E+25  2.2113E-05  7.0079E+03  7.4643E-05  1.5227E-05  7.1845E-06
 3.7630E+25  2.2351E-05  7.0079E+03  7.4643E-05  1.5083E-05  7.1845E-06
 3.7722E+25  2.2562E-05  7.0079E+03  7.4643E-05  1.4938E-05  7.1845E-06
 3.7815E+25  2.2540E-05  7.0079E+03  7.4643E-05  1.4800E-05  7.1845E-06
 3.7908E+25  2.2667E-05  7.0078E+03  7.4643E-05  1.4663E-05  7.1845E-06
 3.8000E+25  2.2903E-05  7.0078E+03  7.4643E-05  1.4529E-05  7.1845E-06
 3.8093E+25  2.3066E-05  7.0078E+03  7.4643E-05  1.4402E-05  7.1845E-06
 3.8185E+25  2.3005E-05  7.0078E+03  7.4643E-05  1.4276E-05  7.1845E-06
 3.8278E+25  2.3231E-05  7.0078E+03  7.4643E-05  1.4144E-05  7.1845E-06
 3.8370E+25  2.3453E-05  7.0078E+03  7.4643E-05  1.4016E-05  7.1845E-06
 3.8463E+25  2.3526E-05  7.0077E+03  7.4643E-05  1.3886E-05  7.1845E-06
 3.8556E+25  2.3557E-05  7.0077E+03  7.4643E-05  1.3755E-05  7.1845E-06
 3.8648E+25  2.3801E-05  7.0077E+03  7.4643E-05  1.3628E-05  7.1845E-06
 3.8741E+25  2.4004E-05  7.0077E+03  7.4643E-05  1.3504E-05  7.1845E-06
 3.8833E+25  2.3998E-05  7.0077E+03  7.4643E-05  1.3381E-05  7.1845E-06
 3.8926E+25  2.4144E-05  7.0077E+03  7.4643E-05  1.3267E-05  7.1845E-06
 3.9018E+25  2.4378E-05  7.0076E+03  7.4643E-05  1.3151E-05  7.1845E-06
 3.9111E+25  2.4546E-05  7.0076E+03  7.4643E-05  1.3037E-05  7.1845E-06
 3.9204E+25  2.4522E-05  7.0076E+03  7.4643E-05  1.2923E-05  7.1845E-06
 3.9296E+25  2.4734E-05  7.0076E+03  7.4643E-05  1.2806E-05  7.1845E-06
 3.9389E+25  2.4966E-05  7.0076E+03  7.4643E-05  1.2692E-05  7.1845E-06
 3.9481E+25  2.5079E-05  7.0076E+03  7.4643E-05  1.2577E-05  7.1845E-06
 3.9574E+25  2.5096E-05  7.0076E+03  7.4643E-05  1.2462E-05  7.1845E-06
 3.9666E+25  2.5341E-05  7.0075E+03  7.4643E-05  1.2350E-05  7.1845E-06
 3.9759E+25  2.5554E-05  7.0075E+03  7.4643E-05  1.2240E-05  7.1845E-06
 3.9852E+25  2.5617E-05  7.0075E+03  7.4643E-05  1.2135E-05  7.1845E-06
 3.9944E+25  2.5715E-05  7.0075E+03  7.4643E-05  1.2036E-05  7.1845E-06
 4.0037E+25  2.5959E-05  7.0075E+03  7.4643E-05  1.1934E-05  7.1845E-06
 4.0129E+25  2.6157E-05  7.0075E+03  7.4643E-05  1.1830E-05  7.1845E-06
 4.0222E+25  2.6185E-05  7.0075E+03  7.4643E-05  1.1729E-05  7.1845E-06
 4.0314E+25  2.6351E-05  7.0074E+03  7.4643E-05  1.1626E-05  7.1845E-06
 4.0407E+25  2.6595E-05  7.0074E+03  7.4643E-05  1.1524E-05  7.1845E-06
 4.0500E+25  2.6761E-05  7.0074E+03  7.4643E-05  1.1422E-05  7.1845E-06
 4.0592E+25  2.6793E-05  7.0074E+03  7.4643E-05  1.1322E-05  7.1845E-06
 4.0685E+25  2.7006E-05  7.0074E+03  7.4643E-05  1.1222E-05  7.1845E-06
 4.0777E+25  2.7235E-05  7.0074E+03  7.4643E-05  1.1125E-05  7.1845E-06
 4.0870E+25  2.7395E-05  7.0074E+03  7.4643E-05  1.1035E-05  7.1845E-06
 4.0962E+25  2.7429E-05  7.0073E+03  7.4643E-05  1.0947E-05  7.1845E-06
 4.1055E+25  2.7677E-05  7.0073E+03  7.4643E-05  1.0856E-05  7.1845E-06
 4.1148E+25  2.7901E-05  7.0073E+03  7.4643E-05  1.0763E-05  7.1845E-06
 4.1240E+25  2.8033E-05  7.0073E+03  7.4643E-05  1.0673E-05  7.1845E-06
 4.1333E+25  2.8108E-05  7.0073E+03  7.4643E-05  1.0582E-05  7.1845E-06
 4.1425E+25  2.8364E-05  7.0073E+03  7.4643E-05  1.0490E-05  7.1845E-06
 4.1518E+25  2.8583E-05  7.0073E+03  7.4643E-05  1.0400E-05  7.1845E-06
 4.1610E+25  2.8697E-05  7.0073E+03  7.4643E-05  1.0312E-05  7.1845E-06
 4.1703E+25  2.8819E-05  7.0072E+03  7.4643E-05  1.0224E-05  7.1845E-06
 4.1796E+25  2.9074E-05  7.0072E+03  7.4643E-05  1.0138E-05  7.1845E-06
 4.1888E+25  2.9290E-05  7.0072E+03  7.4643E-05  1.0059E-05  7.1845E-06
 4.1981E+25  2.9388E-05  7.0072E+03  7.4643E-05  9.9778E-06  7.1845E-06
 4.2073E+25  2.9555E-05  7.0072E+03  7.4643E-05  9.8982E-06  7.1845E-06
 4.2166E+25  2.9807E-05  7.0072E+03  7.4643E-05  9.8182E-06  7.1845E-06
 4.2258E+25  3.0014E-05  7.0072E+03  7.4643E-05  9.7342E-06  7.1845E-06
 4.2351E+25  3.0125E-05  7.0072E+03  7.4643E-05  9.6546E-06  7.1845E-06
 4.2443E+25  3.0300E-05  7.0071E+03  7.4643E-05  9.5736E-06  7.1845E-06
 4.2536E+25  3.0571E-05  7.0071E+03  7.4643E-05  9.4926E-06  7.1845E-06
 4.2629E+25  3.0775E-05  7.0071E+03  7.4643E-05  9.4143E-06  7.1845E-06
 4.2721E+25  3.0869E-05  7.0071E+03  7.4643E-05  9.3353E-06  7.1845E-06
 4.2814E+25  3.1107E-05  7.0071E+03  7.4643E-05  9.2605E-06  7.1845E-06
 4.2906E+25  3.1347E-05  7.0071E+03  7.4643E-05  9.1890E-06  7.1845E-06
 4.2999E+25  3.1554E-05  7.0071E+03  7.4643E-05  9.1172E-06  7.1845E-06
 4.3091E+25  3.1680E-05  7.0071E+03  7.4643E-05  9.0450E-06  7.1845E-06
 4.3184E+25  3.1904E-05  7.0070E+03  7.4643E-05  8.9737E-06  7.1845E-06
 4.3277E+25  3.2170E-05  7.0070E+03  7.4643E-05  8.9023E-06  7.1845E-06
 4.3369E+25  3.2372E-05  7.0070E+03  7.4643E-05  8.8291E-06  7.1845E-06
 4.3462E+25  3.2496E-05  7.0070E+03  7.4643E-05  8.7566E-06  7.1845E-06
 4.3554E+25  3.2763E-05  7.0070E+03  7.4643E-05  8.6853E-06  7.1845E-06
 4.3647E+25  3.3014E-05  7.0070E+03  7.4643E-05  8.6147E-06  7.1845E-06
 4.3739E+25  3.3212E-05  7.0070E+03  7.4643E-05  8.5447E-06  7.1845E-06
 4.3832E+25  3.3371E-05  7.0070E+03  7.4643E-05  8.4759E-06  7.1845E-06
 4.3925E+25  3.3633E-05  7.0070E+03  7.4643E-05  8.4117E-06  7.1845E-06
 4.4017E+25  3.3892E-05  7.0069E+03  7.4643E-05  8.3496E-06  7.1845E-06
 4.4110E+25  3.4113E-05  7.0069E+03  7.4643E-05  8.2843E-06  7.1845E-06
 4.4202E+25  3.4257E-05  7.0069E+03  7.4643E-05  8.2204E-06  7.1845E-06
 4.4295E+25  3.4544E-05  7.0069E+03  7.4643E-05  8.1567E-06  7.1845E-06
 4.4387E+25  3.4818E-05  7.0069E+03  7.4643E-05  8.0923E-06  7.1845E-06
 4.4480E+25  3.5009E-05  7.0069E+03  7.4643E-05  8.0294E-06  7.1845E-06
 4.4573E+25  3.5216E-05  7.0069E+03  7.4643E-05  7.9631E-06  7.1845E-06
 4.4665E+25  3.5497E-05  7.0069E+03  7.4643E-05  7.9006E-06  7.1845E-06
 4.4758E+25  3.5754E-05  7.0068E+03  7.4643E-05  7.8383E-06  7.1845E-06
 4.4850E+25  3.5998E-05  7.0068E+03  7.4643E-05  7.7752E-06  7.1845E-06
 4.4943E+25  3.6174E-05  7.0068E+03  7.4643E-05  7.7160E-06  7.1845E-06
 4.5035E+25  3.6476E-05  7.0068E+03  7.4643E-05  7.6593E-06  7.1845E-06
 4.5128E+25  3.6765E-05  7.0068E+03  7.4643E-05  7.6036E-06  7.1845E-06
 4.5221E+25  3.6974E-05  7.0068E+03  7.4643E-05  7.5474E-06  7.1845E-06
 4.5313E+25  3.7214E-05  7.0068E+03  7.4643E-05  7.4896E-06  7.1845E-06
 4.5406E+25  3.7508E-05  7.0068E+03  7.4643E-05  7.4320E-06  7.1845E-06
 4.5498E+25  3.7783E-05  7.0068E+03  7.4643E-05  7.3753E-06  7.1845E-06
 4.5591E+25  3.8050E-05  7.0068E+03  7.4643E-05  7.3187E-06  7.1845E-06
 4.5683E+25  3.8258E-05  7.0067E+03  7.4643E-05  7.2618E-06  7.1845E-06
 4.5776E+25  3.8570E-05  7.0067E+03  7.4643E-05  7.2041E-06  7.1845E-06
 4.5869E+25  3.8876E-05  7.0067E+03  7.4643E-05  7.1490E-06  7.1845E-06
 4.5961E+25  3.9117E-05  7.0067E+03  7.4643E-05  7.0934E-06  7.1845E-06
 4.6054E+25  3.9371E-05  7.0067E+03  7.4643E-05  7.0398E-06  7.1845E-06
 4.6146E+25  3.9692E-05  7.0067E+03  7.4643E-05  6.9904E-06  7.1845E-06
 4.6239E+25  4.0001E-05  7.0067E+03  7.4643E-05  6.9404E-06  7.1845E-06
 4.6331E+25  4.0253E-05  7.0067E+03  7.4643E-05  6.8906E-06  7.1845E-06
 4.6424E+25  4.0525E-05  7.0067E+03  7.4643E-05  6.8401E-06  7.1845E-06
 4.6517E+25  4.0861E-05  7.0066E+03  7.4643E-05  6.7891E-06  7.1845E-06
 4.6609E+25  4.1153E-05  7.0066E+03  7.4643E-05  6.7377E-06  7.1845E-06
 4.6702E+25  4.1444E-05  7.0066E+03  7.4643E-05  6.6869E-06  7.1845E-06
 4.6794E+25  4.1728E-05  7.0066E+03  7.4643E-05  6.6366E-06  7.1845E-06
 4.6887E+25  4.2060E-05  7.0066E+03  7.4643E-05  6.5862E-06  7.1845E-06
 4.6979E+25  4.2403E-05  7.0066E+03  7.4643E-05  6.5360E-06  7.1845E-06
 4.7072E+25  4.2660E-05  7.0066E+03  7.4643E-05  6.4864E-06  7.1845E-06
 4.7165E+25  4.2974E-05  7.0066E+03  7.4643E-05  6.4380E-06  7.1845E-06
 4.7257E+25  4.3356E-05  7.0066E+03  7.4643E-05  6.3929E-06  7.1845E-06
 4.7350E+25  4.3632E-05  7.0065E+03  7.4643E-05  6.3487E-06  7.1845E-06
 4.7442E+25  4.3962E-05  7.0065E+03  7.4643E-05  6.3052E-06  7.1845E-06
 4.7535E+25  4.4307E-05  7.0065E+03  7.4643E-05  6.2594E-06  7.1845E-06
 4.7627E+25  4.4614E-05  7.0065E+03  7.4643E-05  6.2154E-06  7.1845E-06
 4.7720E+25  4.5005E-05  7.0065E+03  7.4643E-05  6.1699E-06  7.1845E-06
 4.7813E+25  4.5299E-05  7.0065E+03  7.4643E-05  6.1247E-06  7.1845E-06
 4.7905E+25  4.5610E-05  7.0065E+03  7.4643E-05  6.0790E-06  7.1845E-06
 4.7998E+25  4.6039E-05  7.0065E+03  7.4643E-05  6.0338E-06  7.1845E-06
 4.8090E+25  4.6364E-05  7.0065E+03  7.4643E-05  5.9893E-06  7.1845E-06
 4.8183E+25  4.6676E-05  7.0065E+03  7.4643E-05  5.9459E-06  7.1845E-06
 4.8275E+25  4.7082E-05  7.0064E+03  7.4643E-05  5.9007E-06  7.1845E-06
 4.8368E+25  4.7429E-05  7.0064E+03  7.4643E-05  5.8588E-06  7.1845E-06
 4.8461E+25  4.7793E-05  7.0064E+03  7.4643E-05  5.8195E-06  7.1845E-06
 4.8553E+25  4.8155E-05  7.0064E+03  7.4643E-05  5.7798E-06  7.1845E-06
 4.8646E+25  4.8515E-05  7.0064E+03  7.4643E-05  5.7409E-06  7.1845E-06
 4.8738E+25  4.8918E-05  7.0064E+03  7.4643E-05  5.7011E-06  7.1845E-06
 4.8831E+25  4.9322E-05  7.0064E+03  7.4643E-05  5.6609E-06  7.1845E-06
 4.8923E+25  4.9639E-05  7.0064E+03  7.4643E-05  5.6216E-06  7.1845E-06
 4.9016E+25  5.0039E-05  7.0064E+03  7.4643E-05  5.5811E-06  7.1845E-06
 4.9109E+25  5.0492E-05  7.0063E+03  7.4643E-05  5.5411E-06  7.1845E-06
 4.9201E+25  5.0832E-05  7.0063E+03  7.4643E-05  5.5002E-06  7.1845E-06
 4.9294E+25  5.1210E-05  7.0063E+03  7.4643E-05  5.4607E-06  7.1845E-06
 4.9386E+25  5.1696E-05  7.0063E+03  7.4643E-05  5.4211E-06  7.1845E-06
 4.9479E+25  5.2037E-05  7.0063E+03  7.4643E-05  5.3822E-06  7.1845E-06
 4.9571E+25  5.2470E-05  7.0063E+03  7.4643E-05  5.3441E-06  7.1845E-06
 4.9664E+25  5.2880E-05  7.0063E+03  7.4643E-05  5.3090E-06  7.1845E-06
 4.9757E+25  5.3269E-05  7.0063E+03  7.4643E-05  5.2744E-06  7.1845E-06
 4.9849E+25  5.3747E-05  7.0063E+03  7.4643E-05  5.2393E-06  7.1845E-06
 4.9942E+25  5.4164E-05  7.0063E+03  7.4643E-05  5.2042E-06  7.1845E-06
 5.0034E+25  5.4531E-05  7.0062E+03  7.4643E-05  5.1692E-06  7.1845E-06
 5.0127E+25  5.5015E-05  7.0062E+03  7.4643E-05  5.1332E-06  7.1845E-06
 5.0219E+25  5.5480E-05  7.0062E+03  7.4643E-05  5.0980E-06  7.1845E-06
 5.0312E+25  5.5874E-05  7.0062E+03  7.4643E-05  5.0624E-06  7.1845E-06
 5.0405E+25  5.6313E-05  7.0062E+03  7.4643E-05  5.0269E-06  7.1845E-06
 5.0497E+25  5.6834E-05  7.0062E+03  7.4643E-05  4.9907E-06  7.1845E-06
 5.0590E+25  5.7226E-05  7.0062E+03  7.4643E-05  4.9552E-06  7.1845E-06
 5.0682E+25  5.7678E-05  7.0062E+03  7.4643E-05  4.9203E-06  7.1845E-06
 5.0775E+25  5.8188E-05  7.0062E+03  7.4643E-05  4.8859E-06  7.1845E-06
 5.0867E+25  5.8603E-05  7.0061E+03  7.4643E-05  4.8545E-06  7.1845E-06
 5.0960E+25  5.9127E-05  7.0061E+03  7.4643E-05  4.8227E-06  7.1845E-06
 5.1053E+25  5.9586E-05  7.0061E+03  7.4643E-05  4.7924E-06  7.1845E-06
 5.1145E+25  6.0025E-05  7.0061E+03  7.4643E-05  4.7614E-06  7.1845E-06
 5.1238E+25  6.0562E-05  7.0061E+03  7.4643E-05  4.7294E-06  7.1845E-06
 5.1330E+25  6.1039E-05  7.0061E+03  7.4643E-05  4.6986E-06  7.1845E-06
 5.1423E+25  6.1500E-05  7.0061E+03  7.4643E-05  4.6669E-06  7.1845E-06
 5.1515E+25  6.2019E-05  7.0061E+03  7.4643E-05  4.6355E-06  7.1845E-06
 5.1608E+25  6.2553E-05  7.0061E+03  7.4643E-05  4.6037E-06  7.1845E-06
 5.1701E+25  6.3009E-05  7.0060E+03  7.4643E-05  4.5723E-06  7.1845E-06
 5.1793E+25  6.3501E-05  7.0060E+03  7.4643E-05  4.5408E-06  7.1845E-06
 5.1886E+25  6.4083E-05  7.0060E+03  7.4643E-05  4.5088E-06  7.1845E-06
 5.1978E+25  6.4532E-05  7.0060E+03  7.4643E-05  4.4776E-06  7.1845E-06
 5.2071E+25  6.5111E-05  7.0060E+03  7.4643E-05  4.4472E-06  7.1845E-06
 5.2163E+25  6.5622E-05  7.0060E+03  7.4643E-05  4.4195E-06  7.1845E-06
 5.2256E+25  6.6105E-05  7.0060E+03  7.4643E-05  4.3922E-06  7.1845E-06
 5.2349E+25  6.6700E-05  7.0060E+03  7.4643E-05  4.3644E-06  7.1845E-06
 5.2441E+25  6.7222E-05  7.0060E+03  7.4643E-05  4.3371E-06  7.1845E-06
 5.2534E+25  6.7760E-05  7.0059E+03  7.4643E-05  4.3094E-06  7.1845E-06
 5.2626E+25  6.8298E-05  7.0059E+03  7.4643E-05  4.2810E-06  7.1845E-06
 5.2719E+25  6.8897E-05  7.0059E+03  7.4643E-05  4.2536E-06  7.1845E-06
 5.2811E+25  6.9412E-05  7.0059E+03  7.4643E-05  4.2252E-06  7.1845E-06
 5.2904E+25  6.9933E-05  7.0059E+03  7.4643E-05  4.1974E-06  7.1845E-06
 5.2997E+25  7.0600E-05  7.0059E+03  7.4643E-05  4.1692E-06  7.1845E-06
 5.3089E+25  7.1112E-05  7.0059E+03  7.4643E-05  4.1413E-06  7.1845E-06
 5.3182E+25  7.1652E-05  7.0059E+03  7.4643E-05  4.1135E-06  7.1845E-06
 5.3274E+25  7.2284E-05  7.0059E+03  7.4643E-05  4.0853E-06  7.1845E-06
 5.3367E+25  7.2863E-05  7.0058E+03  7.4643E-05  4.0577E-06  7.1845E-06
 5.3459E+25  7.3421E-05  7.0058E+03  7.4643E-05  4.0329E-06  7.1845E-06
 5.3552E+25  7.4034E-05  7.0058E+03  7.4643E-05  4.0083E-06  7.1845E-06
 5.3645E+25  7.4665E-05  7.0058E+03  7.4643E-05  3.9843E-06  7.1845E-06
 5.3737E+25  7.5171E-05  7.0058E+03  7.4643E-05  3.9597E-06  7.1845E-06
 5.3830E+25  7.5839E-05  7.0058E+03  7.4643E-05  3.9350E-06  7.1845E-06
 5.3922E+25  7.6464E-05  7.0058E+03  7.4643E-05  3.9106E-06  7.1845E-06
 5.4015E+25  7.7018E-05  7.0058E+03  7.4643E-05  3.8854E-06  7.1845E-06
 5.4107E+25  7.7687E-05  7.0058E+03  7.4643E-05  3.8607E-06  7.1845E-06
 5.4200E+25  7.8294E-05  7.0057E+03  7.4643E-05  3.8361E-06  7.1845E-06
 5.4292E+25  7.8897E-05  7.0057E+03  7.4643E-05  3.8108E-06  7.1845E-06
 5.4385E+25  7.9527E-05  7.0057E+03  7.4643E-05  3.7861E-06  7.1845E-06
 5.4478E+25  8.0227E-05  7.0057E+03  7.4643E-05  3.7612E-06  7.1845E-06
 5.4570E+25  8.0776E-05  7.0057E+03  7.4643E-05  3.7365E-06  7.1845E-06
 5.4663E+25  8.1441E-05  7.0057E+03  7.4643E-05  3.7119E-06  7.1845E-06
 5.4755E+25  8.2156E-05  7.0057E+03  7.4643E-05  3.6880E-06  7.1845E-06
 5.4848E+25  8.2746E-05  7.0057E+03  7.4643E-05  3.6659E-06  7.1845E-06
 5.4940E+25  8.3387E-05  7.0056E+03  7.4643E-05  3.6444E-06  7.1845E-06
 5.5033E+25  8.4084E-05  7.0056E+03  7.4643E-05  3.6231E-06  7.1845E-06
 5.5126E+25  8.4771E-05  7.0056E+03  7.4643E-05  3.6016E-06  7.1845E-06
 5.5218E+25  8.5347E-05  7.0056E+03  7.4643E-05  3.5792E-06  7.1845E-06
 5.5311E+25  8.6061E-05  7.0056E+03  7.4643E-05  3.5575E-06  7.1845E-06
 5.5403E+25  8.6806E-05  7.0056E+03  7.4643E-05  3.5357E-06  7.1845E-06
 5.5496E+25  8.7393E-05  7.0056E+03  7.4643E-05  3.5131E-06  7.1845E-06
 5.5588E+25  8.8114E-05  7.0056E+03  7.4643E-05  3.4916E-06  7.1845E-06
 5.5681E+25  8.8809E-05  7.0055E+03  7.4643E-05  3.4691E-06  7.1845E-06
 5.5774E+25  8.9491E-05  7.0055E+03  7.4643E-05  3.4470E-06  7.1845E-06
 5.5866E+25  9.0154E-05  7.0055E+03  7.4643E-05  3.4251E-06  7.1845E-06
 5.5959E+25  9.0898E-05  7.0055E+03  7.4643E-05  3.4030E-06  7.1845E-06
 5.6051E+25  9.1625E-05  7.0055E+03  7.4643E-05  3.3808E-06  7.1845E-06
 5.6144E+25  9.2243E-05  7.0055E+03  7.4643E-05  3.3606E-06  7.1845E-06
 5.6236E+25  9.3037E-05  7.0055E+03  7.4643E-05  3.3408E-06  7.1845E-06
 5.6329E+25  9.3725E-05  7.0055E+03  7.4643E-05  3.3210E-06  7.1845E-06
 5.6422E+25  9.4435E-05  7.0054E+03  7.4643E-05  3.3024E-06  7.1845E-06
 5.6514E+25  9.5163E-05  7.0054E+03  7.4643E-05  3.2830E-06  7.1845E-06
 5.6607E+25  9.5903E-05  7.0054E+03  7.4643E-05  3.2638E-06  7.1845E-06
 5.6699E+25  9.6600E-05  7.0054E+03  7.4643E-05  3.2442E-06  7.1845E-06
 5.6792E+25  9.7306E-05  7.0054E+03  7.4643E-05  3.2247E-06  7.1845E-06
 5.6884E+25  9.8134E-05  7.0054E+03  7.4643E-05  3.2054E-06  7.1845E-06
 5.6977E+25  9.8829E-05  7.0054E+03  7.4643E-05  3.1855E-06  7.1845E-06
 5.7070E+25  9.9567E-05  7.0054E+03  7.4643E-05  3.1658E-06  7.1845E-06
 5.7162E+25  1.0031E-04  7.0053E+03  7.4643E-05  3.1464E-06  7.1845E-06
 5.7255E+25  1.0113E-04  7.0053E+03  7.4643E-05  3.1266E-06  7.1845E-06
 5.7347E+25  1.0177E-04  7.0053E+03  7.4643E-05  3.1071E-06  7.1845E-06
 5.7440E+25  1.0257E-04  7.0053E+03  7.4643E-05  3.0874E-06  7.1845E-06
 5.7532E+25  1.0339E-04  7.0053E+03  7.4643E-05  3.0683E-06  7.1845E-06
 5.7625E+25  1.0412E-04  7.0053E+03  7.4643E-05  3.0512E-06  7.1845E-06
 5.7718E+25  1.0485E-04  7.0053E+03  7.4643E-05  3.0338E-06  7.1845E-06
 5.7810E+25  1.0564E-04  7.0053E+03  7.4643E-05  3.0165E-06  7.1845E-06
 5.7903E+25  1.0648E-04  7.0052E+03  7.4643E-05  2.9997E-06  7.1845E-06
 5.7995E+25  1.0713E-04  7.0052E+03  7.4643E-05  2.9826E-06  7.1845E-06
 5.8088E+25  1.0800E-04  7.0052E+03  7.4643E-05  2.9653E-06  7.1845E-06
 5.8180E+25  1.0880E-04  7.0052E+03  7.4643E-05  2.9482E-06  7.1845E-06
 5.8273E+25  1.0959E-04  7.0052E+03  7.4643E-05  2.9306E-06  7.1845E-06
 5.8366E+25  1.1030E-04  7.0052E+03  7.4643E-05  2.9135E-06  7.1845E-06
 5.8458E+25  1.1115E-04  7.0052E+03  7.4643E-05  2.8962E-06  7.1845E-06
 5.8551E+25  1.1198E-04  7.0051E+03  7.4643E-05  2.8783E-06  7.1845E-06
 5.8643E+25  1.1268E-04  7.0051E+03  7.4643E-05  2.8611E-06  7.1845E-06
 5.8736E+25  1.1352E-04  7.0051E+03  7.4643E-05  2.8437E-06  7.1845E-06
 5.8828E+25  1.1436E-04  7.0051E+03  7.4643E-05  2.8262E-06  7.1845E-06
 5.8921E+25  1.1522E-04  7.0051E+03  7.4643E-05  2.8087E-06  7.1845E-06
 5.9014E+25  1.1589E-04  7.0051E+03  7.4643E-05  2.7922E-06  7.1845E-06
 5.9106E+25  1.1678E-04  7.0051E+03  7.4643E-05  2.7767E-06  7.1845E-06
 5.9199E+25  1.1761E-04  7.0051E+03  7.4643E-05  2.7614E-06  7.1845E-06
 5.9291E+25  1.1841E-04  7.0050E+03  7.4643E-05  2.7467E-06  7.1845E-06
 5.9384E+25  1.1917E-04  7.0050E+03  7.4643E-05  2.7314E-06  7.1845E-06
 5.9476E+25  1.2007E-04  7.0050E+03  7.4643E-05  2.7160E-06  7.1845E-06
 5.9569E+25  1.2092E-04  7.0050E+03  7.4643E-05  2.7009E-06  7.1845E-06
 5.9662E+25  1.2167E-04  7.0050E+03  7.4643E-05  2.6856E-06  7.1845E-06
 5.9754E+25  1.2252E-04  7.0050E+03  7.4643E-05  2.6704E-06  7.1845E-06
 5.9847E+25  1.2335E-04  7.0050E+03  7.4643E-05  2.6548E-06  7.1845E-06
 5.9939E+25  1.2425E-04  7.0049E+03  7.4643E-05  2.6395E-06  7.1845E-06
 6.0032E+25  1.2498E-04  7.0049E+03  7.4643E-05  2.6242E-06  7.1845E-06
 6.0124E+25  1.2588E-04  7.0049E+03  7.4643E-05  2.6082E-06  7.1845E-06
 6.0217E+25  1.2673E-04  7.0049E+03  7.4643E-05  2.5929E-06  7.1845E-06
 6.0310E+25  1.2760E-04  7.0049E+03  7.4643E-05  2.5776E-06  7.1845E-06
 6.0402E+25  1.2835E-04  7.0049E+03  7.4643E-05  2.5617E-06  7.1845E-06
 6.0495E+25  1.2925E-04  7.0049E+03  7.4643E-05  2.5468E-06  7.1845E-06
 6.0587E+25  1.3012E-04  7.0048E+03  7.4643E-05  2.5329E-06  7.1845E-06
 6.0680E+25  1.3095E-04  7.0048E+03  7.4643E-05  2.5192E-06  7.1845E-06
 6.0772E+25  1.3175E-04  7.0048E+03  7.4643E-05  2.5060E-06  7.1845E-06
 6.0865E+25  1.3263E-04  7.0048E+03  7.4643E-05  2.4930E-06  7.1845E-06
 6.0958E+25  1.3356E-04  7.0048E+03  7.4643E-05  2.4795E-06  7.1845E-06
 6.1050E+25  1.3438E-04  7.0048E+03  7.4643E-05  2.4656E-06  7.1845E-06
 6.1143E+25  1.3521E-04  7.0048E+03  7.4643E-05  2.4522E-06  7.1845E-06
 6.1235E+25  1.3607E-04  7.0047E+03  7.4643E-05  2.4387E-06  7.1845E-06
 6.1328E+25  1.3698E-04  7.0047E+03  7.4643E-05  2.4250E-06  7.1845E-06
 6.1420E+25  1.3778E-04  7.0047E+03  7.4643E-05  2.4115E-06  7.1845E-06
 6.1513E+25  1.3865E-04  7.0047E+03  7.4643E-05  2.3975E-06  7.1845E-06
 6.1606E+25  1.3952E-04  7.0047E+03  7.4643E-05  2.3840E-06  7.1845E-06
 6.1698E+25  1.4042E-04  7.0047E+03  7.4643E-05  2.3703E-06  7.1845E-06
 6.1791E+25  1.4126E-04  7.0047E+03  7.4643E-05  2.3560E-06  7.1845E-06
 6.1883E+25  1.4212E-04  7.0047E+03  7.4643E-05  2.3426E-06  7.1845E-06
 6.1976E+25  1.4301E-04  7.0046E+03  7.4643E-05  2.3286E-06  7.1845E-06
 6.2068E+25  1.4389E-04  7.0046E+03  7.4643E-05  2.3156E-06  7.1845E-06
 6.2161E+25  1.4474E-04  7.0046E+03  7.4643E-05  2.3034E-06  7.1845E-06
 6.2254E+25  1.4559E-04  7.0046E+03  7.4643E-05  2.2913E-06  7.1845E-06
 6.2346E+25  1.4648E-04  7.0046E+03  7.4643E-05  2.2796E-06  7.1845E-06
 6.2439E+25  1.4736E-04  7.0046E+03  7.4643E-05  2.2680E-06  7.1845E-06
 6.2531E+25  1.4825E-04  7.0045E+03  7.4643E-05  2.2562E-06  7.1845E-06
 6.2624E+25  1.4909E-04  7.0045E+03  7.4643E-05  2.2443E-06  7.1845E-06
 6.2716E+25  1.4999E-04  7.0045E+03  7.4643E-05  2.2319E-06  7.1845E-06
 6.2809E+25  1.5085E-04  7.0045E+03  7.4643E-05  2.2199E-06  7.1845E-06
 6.2902E+25  1.5175E-04  7.0045E+03  7.4643E-05  2.2080E-06  7.1845E-06
 6.2994E+25  1.5259E-04  7.0045E+03  7.4643E-05  2.1958E-06  7.1845E-06
 6.3087E+25  1.5348E-04  7.0045E+03  7.4643E-05  2.1837E-06  7.1845E-06
 6.3179E+25  1.5434E-04  7.0045E+03  7.4643E-05  2.1713E-06  7.1845E-06
 6.3272E+25  1.5524E-04  7.0044E+03  7.4643E-05  2.1592E-06  7.1845E-06
 6.3364E+25  1.5610E-04  7.0044E+03  7.4643E-05  2.1472E-06  7.1845E-06
 6.3457E+25  1.5701E-04  7.0044E+03  7.4643E-05  2.1345E-06  7.1845E-06
 6.3550E+25  1.5785E-04  7.0044E+03  7.4643E-05  2.1224E-06  7.1845E-06
 6.3642E+25  1.5875E-04  7.0044E+03  7.4643E-05  2.1106E-06  7.1845E-06
 6.3735E+25  1.5961E-04  7.0044E+03  7.4643E-05  2.0996E-06  7.1845E-06
 6.3827E+25  1.6051E-04  7.0043E+03  7.4643E-05  2.0888E-06  7.1845E-06
 6.3920E+25  1.6135E-04  7.0043E+03  7.4643E-05  2.0784E-06  7.1845E-06
 6.4012E+25  1.6225E-04  7.0043E+03  7.4643E-05  2.0680E-06  7.1845E-06
 6.4105E+25  1.6311E-04  7.0043E+03  7.4643E-05  2.0577E-06  7.1845E-06
 6.4198E+25  1.6400E-04  7.0043E+03  7.4643E-05  2.0472E-06  7.1845E-06
 6.4290E+25  1.6486E-04  7.0043E+03  7.4643E-05  2.0365E-06  7.1845E-06
 6.4383E+25  1.6576E-04  7.0043E+03  7.4643E-05  2.0259E-06  7.1845E-06
 6.4475E+25  1.6663E-04  7.0042E+03  7.4643E-05  2.0150E-06  7.1845E-06
 6.4568E+25  1.6751E-04  7.0042E+03  7.4643E-05  2.0044E-06  7.1845E-06
 6.4660E+25  1.6835E-04  7.0042E+03  7.4643E-05  1.9937E-06  7.1845E-06
 6.4753E+25  1.6923E-04  7.0042E+03  7.4643E-05  1.9828E-06  7.1845E-06
 6.4846E+25  1.7011E-04  7.0042E+03  7.4643E-05  1.9719E-06  7.1845E-06
 6.4938E+25  1.7098E-04  7.0042E+03  7.4643E-05  1.9610E-06  7.1845E-06
 6.5031E+25  1.7182E-04  7.0042E+03  7.4643E-05  1.9503E-06  7.1845E-06
 6.5123E+25  1.7270E-04  7.0041E+03  7.4643E-05  1.9394E-06  7.1845E-06
 6.5216E+25  1.7357E-04  7.0041E+03  7.4643E-05  1.9281E-06  7.1845E-06
 6.5308E+25  1.7449E-04  7.0041E+03  7.4643E-05  1.9183E-06  7.1845E-06
 6.5401E+25  1.7533E-04  7.0041E+03  7.4643E-05  1.9085E-06  7.1845E-06
 6.5494E+25  1.7618E-04  7.0041E+03  7.4643E-05  1.8990E-06  7.1845E-06
 6.5586E+25  1.7703E-04  7.0041E+03  7.4643E-05  1.8898E-06  7.1845E-06
 6.5679E+25  1.7791E-04  7.0041E+03  7.4643E-05  1.8808E-06  7.1845E-06
 6.5771E+25  1.7878E-04  7.0040E+03  7.4643E-05  1.8714E-06  7.1845E-06
 6.5864E+25  1.7963E-04  7.0040E+03  7.4643E-05  1.8620E-06  7.1845E-06
 6.5956E+25  1.8046E-04  7.0040E+03  7.4643E-05  1.8527E-06  7.1845E-06
 6.6049E+25  1.8133E-04  7.0040E+03  7.4643E-05  1.8434E-06  7.1845E-06
 6.6142E+25  1.8216E-04  7.0040E+03  7.4643E-05  1.8340E-06  7.1845E-06
 6.6234E+25  1.8305E-04  7.0040E+03  7.4643E-05  1.8242E-06  7.1845E-06
 6.6327E+25  1.8391E-04  7.0040E+03  7.4643E-05  1.8148E-06  7.1845E-06
 6.6419E+25  1.8477E-04  7.0039E+03  7.4643E-05  1.8052E-06  7.1845E-06
 6.6512E+25  1.8558E-04  7.0039E+03  7.4643E-05  1.7955E-06  7.1845E-06
 6.6604E+25  1.8644E-04  7.0039E+03  7.4643E-05  1.7858E-06  7.1845E-06
 6.6697E+25  1.8727E-04  7.0039E+03  7.4643E-05  1.7761E-06  7.1845E-06
 6.6789E+25  1.8816E-04  7.0039E+03  7.4643E-05  1.7666E-06  7.1845E-06
 6.6882E+25  1.8899E-04  7.0039E+03  7.4643E-05  1.7569E-06  7.1845E-06
 6.6975E+25  1.8981E-04  7.0039E+03  7.4643E-05  1.7474E-06  7.1845E-06
 6.7067E+25  1.9063E-04  7.0038E+03  7.4643E-05  1.7391E-06  7.1845E-06
 6.7160E+25  1.9146E-04  7.0038E+03  7.4643E-05  1.7305E-06  7.1845E-06
 6.7252E+25  1.9229E-04  7.0038E+03  7.4643E-05  1.7221E-06  7.1845E-06
 6.7345E+25  1.9318E-04  7.0038E+03  7.4643E-05  1.7142E-06  7.1845E-06
 6.7437E+25  1.9401E-04  7.0038E+03  7.4643E-05  1.7061E-06  7.1845E-06
 6.7530E+25  1.9482E-04  7.0038E+03  7.4643E-05  1.6977E-06  7.1845E-06
 6.7623E+25  1.9563E-04  7.0038E+03  7.4643E-05  1.6895E-06  7.1845E-06
 6.7715E+25  1.9642E-04  7.0037E+03  7.4643E-05  1.6812E-06  7.1845E-06
 6.7808E+25  1.9727E-04  7.0037E+03  7.4643E-05  1.6729E-06  7.1845E-06
 6.7900E+25  1.9811E-04  7.0037E+03  7.4643E-05  1.6645E-06  7.1845E-06
 6.7993E+25  1.9896E-04  7.0037E+03  7.4643E-05  1.6561E-06  7.1845E-06
 6.8085E+25  1.9973E-04  7.0037E+03  7.4643E-05  1.6475E-06  7.1845E-06
 6.8178E+25  2.0054E-04  7.0037E+03  7.4643E-05  1.6389E-06  7.1845E-06
 6.8271E+25  2.0133E-04  7.0037E+03  7.4643E-05  1.6305E-06  7.1845E-06
 6.8363E+25  2.0214E-04  7.0036E+03  7.4643E-05  1.6218E-06  7.1845E-06
 6.8456E+25  2.0295E-04  7.0036E+03  7.4643E-05  1.6131E-06  7.1845E-06
 6.8548E+25  2.0380E-04  7.0036E+03  7.4643E-05  1.6046E-06  7.1845E-06
 6.8641E+25  2.0460E-04  7.0036E+03  7.4643E-05  1.5961E-06  7.1845E-06
 6.8733E+25  2.0538E-04  7.0036E+03  7.4643E-05  1.5882E-06  7.1845E-06
 6.8826E+25  2.0616E-04  7.0036E+03  7.4643E-05  1.5804E-06  7.1845E-06
 6.8919E+25  2.0692E-04  7.0036E+03  7.4643E-05  1.5730E-06  7.1845E-06
 6.9011E+25  2.0772E-04  7.0035E+03  7.4643E-05  1.5657E-06  7.1845E-06
 6.9104E+25  2.0850E-04  7.0035E+03  7.4643E-05  1.5586E-06  7.1845E-06
 6.9196E+25  2.0935E-04  7.0035E+03  7.4643E-05  1.5514E-06  7.1845E-06
 6.9289E+25  2.1012E-04  7.0035E+03  7.4643E-05  1.5441E-06  7.1845E-06
 6.9381E+25  2.1087E-04  7.0035E+03  7.4643E-05  1.5368E-06  7.1845E-06
 6.9474E+25  2.1164E-04  7.0035E+03  7.4643E-05  1.5293E-06  7.1845E-06
 6.9567E+25  2.1241E-04  7.0035E+03  7.4643E-05  1.5220E-06  7.1845E-06
 6.9659E+25  2.1318E-04  7.0034E+03  7.4643E-05  1.5147E-06  7.1845E-06
 6.9752E+25  2.1395E-04  7.0034E+03  7.4643E-05  1.5072E-06  7.1845E-06
 6.9844E+25  2.1475E-04  7.0034E+03  7.4643E-05  1.4997E-06  7.1845E-06
 6.9937E+25  2.1552E-04  7.0034E+03  7.4643E-05  1.4920E-06  7.1845E-06
 7.0029E+25  2.1626E-04  7.0034E+03  7.4643E-05  1.4844E-06  7.1845E-06
 7.0122E+25  2.1699E-04  7.0034E+03  7.4643E-05  1.4769E-06  7.1845E-06
 7.0215E+25  2.1774E-04  7.0034E+03  7.4643E-05  1.4692E-06  7.1845E-06
 7.0307E+25  2.1848E-04  7.0033E+03  7.4643E-05  1.4615E-06  7.1845E-06
 7.0400E+25  2.1922E-04  7.0033E+03  7.4643E-05  1.4538E-06  7.1845E-06
 7.0492E+25  2.1998E-04  7.0033E+03  7.4643E-05  1.4468E-06  7.1845E-06
 7.0585E+25  2.2077E-04  7.0033E+03  7.4643E-05  1.4401E-06  7.1845E-06
 7.0677E+25  2.2150E-04  7.0033E+03  7.4643E-05  1.4330E-06  7.1845E-06
 7.0770E+25  2.2223E-04  7.0033E+03  7.4643E-05  1.4267E-06  7.1845E-06
 7.0863E+25  2.2294E-04  7.0033E+03  7.4643E-05  1.4205E-06  7.1845E-06
 7.0955E+25  2.2366E-04  7.0033E+03  7.4643E-05  1.4141E-06  7.1845E-06
 7.1048E+25  2.2437E-04  7.0032E+03  7.4643E-05  1.4075E-06  7.1845E-06
 7.1140E+25  2.2510E-04  7.0032E+03  7.4643E-05  1.4012E-06  7.1845E-06
 7.1233E+25  2.2582E-04  7.0032E+03  7.4643E-05  1.3946E-06  7.1845E-06
 7.1325E+25  2.2657E-04  7.0032E+03  7.4643E-05  1.3880E-06  7.1845E-06
 7.1418E+25  2.2729E-04  7.0032E+03  7.4643E-05  1.3816E-06  7.1845E-06
 7.1511E+25  2.2798E-04  7.0032E+03  7.4643E-05  1.3750E-06  7.1845E-06
 7.1603E+25  2.2867E-04  7.0032E+03  7.4643E-05  1.3684E-06  7.1845E-06
 7.1696E+25  2.2937E-04  7.0031E+03  7.4643E-05  1.3618E-06  7.1845E-06
 7.1788E+25  2.3007E-04  7.0031E+03  7.4643E-05  1.3550E-06  7.1845E-06
 7.1881E+25  2.3076E-04  7.0031E+03  7.4643E-05  1.3481E-06  7.1845E-06
 7.1973E+25  2.3146E-04  7.0031E+03  7.4643E-05  1.3415E-06  7.1845E-06
 7.2066E+25  2.3216E-04  7.0031E+03  7.4643E-05  1.3347E-06  7.1845E-06
 7.2159E+25  2.3291E-04  7.0031E+03  7.4643E-05  1.3278E-06  7.1845E-06
 7.2251E+25  2.3355E-04  7.0031E+03  7.4643E-05  1.3210E-06  7.1845E-06
 7.2344E+25  2.3424E-04  7.0031E+03  7.4643E-05  1.3149E-06  7.1845E-06
 7.2436E+25  2.3488E-04  7.0030E+03  7.4643E-05  1.3089E-06  7.1845E-06
 7.2529E+25  2.3556E-04  7.0030E+03  7.4643E-05  1.3029E-06  7.1845E-06
 7.2621E+25  2.3621E-04  7.0030E+03  7.4643E-05  1.2970E-06  7.1845E-06
 7.2714E+25  2.3687E-04  7.0030E+03  7.4643E-05  1.2917E-06  7.1845E-06
 7.2807E+25  2.3756E-04  7.0030E+03  7.4643E-05  1.2860E-06  7.1845E-06
 7.2899E+25  2.3822E-04  7.0030E+03  7.4643E-05  1.2803E-06  7.1845E-06
 7.2992E+25  2.3890E-04  7.0030E+03  7.4643E-05  1.2744E-06  7.1845E-06
 7.3084E+25  2.3956E-04  7.0030E+03  7.4643E-05  1.2688E-06  7.1845E-06
 7.3177E+25  2.4019E-04  7.0029E+03  7.4643E-05  1.2630E-06  7.1845E-06
 7.3269E+25  2.4085E-04  7.0029E+03  7.4643E-05  1.2572E-06  7.1845E-06
 7.3362E+25  2.4146E-04  7.0029E+03  7.4643E-05  1.2514E-06  7.1845E-06
 7.3455E+25  2.4211E-04  7.0029E+03  7.4643E-05  1.2456E-06  7.1845E-06
 7.3547E+25  2.4275E-04  7.0029E+03  7.4643E-05  1.2397E-06  7.1845E-06
 7.3640E+25  2.4338E-04  7.0029E+03  7.4643E-05  1.2338E-06  7.1845E-06
 7.3732E+25  2.4402E-04  7.0029E+03  7.4643E-05  1.2278E-06  7.1845E-06
 7.3825E+25  2.4467E-04  7.0029E+03  7.4643E-05  1.2217E-06  7.1845E-06
 7.3917E+25  2.4529E-04  7.0028E+03  7.4643E-05  1.2157E-06  7.1845E-06
 7.4010E+25  2.4591E-04  7.0028E+03  7.4643E-05  1.2097E-06  7.1845E-06
 7.4103E+25  2.4651E-04  7.0028E+03  7.4643E-05  1.2036E-06  7.1845E-06
 7.4195E+25  2.4710E-04  7.0028E+03  7.4643E-05  1.1980E-06  7.1845E-06
 7.4288E+25  2.4773E-04  7.0028E+03  7.4643E-05  1.1925E-06  7.1845E-06
 7.4380E+25  2.4829E-04  7.0028E+03  7.4643E-05  1.1872E-06  7.1845E-06
 7.4473E+25  2.4892E-04  7.0028E+03  7.4643E-05  1.1822E-06  7.1845E-06
 7.4565E+25  2.4953E-04  7.0028E+03  7.4643E-05  1.1771E-06  7.1845E-06
 7.4658E+25  2.5013E-04  7.0027E+03  7.4643E-05  1.1722E-06  7.1845E-06
 7.4751E+25  2.5077E-04  7.0027E+03  7.4643E-05  1.1672E-06  7.1845E-06
 7.4843E+25  2.5135E-04  7.0027E+03  7.4643E-05  1.1621E-06  7.1845E-06
 7.4936E+25  2.5191E-04  7.0027E+03  7.4643E-05  1.1570E-06  7.1845E-06
 7.5028E+25  2.5251E-04  7.0027E+03  7.4643E-05  1.1520E-06  7.1845E-06
 7.5121E+25  2.5307E-04  7.0027E+03  7.4643E-05  1.1468E-06  7.1845E-06
 7.5213E+25  2.5363E-04  7.0027E+03  7.4643E-05  1.1417E-06  7.1845E-06
 7.5306E+25  2.5421E-04  7.0027E+03  7.4643E-05  1.1366E-06  7.1845E-06
 7.5399E+25  2.5478E-04  7.0026E+03  7.4643E-05  1.1313E-06  7.1845E-06
 7.5491E+25  2.5532E-04  7.0026E+03  7.4643E-05  1.1261E-06  7.1845E-06
 7.5584E+25  2.5592E-04  7.0026E+03  7.4643E-05  1.1208E-06  7.1845E-06
 7.5676E+25  2.5648E-04  7.0026E+03  7.4643E-05  1.1156E-06  7.1845E-06
 7.5769E+25  2.5704E-04  7.0026E+03  7.4643E-05  1.1103E-06  7.1845E-06
 7.5861E+25  2.5762E-04  7.0026E+03  7.4643E-05  1.1049E-06  7.1845E-06
 7.5954E+25  2.5814E-04  7.0026E+03  7.4643E-05  1.0995E-06  7.1845E-06
 7.6047E+25  2.5867E-04  7.0026E+03  7.4643E-05  1.0942E-06  7.1845E-06
 7.6139E+25  2.5925E-04  7.0026E+03  7.4643E-05  1.0893E-06  7.1845E-06
 7.6232E+25  2.5975E-04  7.0025E+03  7.4643E-05  1.0844E-06  7.1845E-06
 7.6324E+25  2.6027E-04  7.0025E+03  7.4643E-05  1.0795E-06  7.1845E-06
 7.6417E+25  2.6084E-04  7.0025E+03  7.4643E-05  1.0751E-06  7.1845E-06
 7.6509E+25  2.6135E-04  7.0025E+03  7.4643E-05  1.0709E-06  7.1845E-06
 7.6602E+25  2.6189E-04  7.0025E+03  7.4643E-05  1.0664E-06  7.1845E-06
 7.6695E+25  2.6244E-04  7.0025E+03  7.4643E-05  1.0619E-06  7.1845E-06
 7.6787E+25  2.6297E-04  7.0025E+03  7.4643E-05  1.0575E-06  7.1845E-06
 7.6880E+25  2.6344E-04  7.0025E+03  7.4643E-05  1.0530E-06  7.1845E-06
 7.6972E+25  2.6398E-04  7.0024E+03  7.4643E-05  1.0484E-06  7.1845E-06
 7.7065E+25  2.6450E-04  7.0024E+03  7.4643E-05  1.0440E-06  7.1845E-06
 7.7157E+25  2.6497E-04  7.0024E+03  7.4643E-05  1.0393E-06  7.1845E-06
 7.7250E+25  2.6547E-04  7.0024E+03  7.4643E-05  1.0349E-06  7.1845E-06
 7.7343E+25  2.6600E-04  7.0024E+03  7.4643E-05  1.0303E-06  7.1845E-06
 7.7435E+25  2.6647E-04  7.0024E+03  7.4643E-05  1.0256E-06  7.1845E-06
 7.7528E+25  2.6696E-04  7.0024E+03  7.4643E-05  1.0209E-06  7.1845E-06
 7.7620E+25  2.6750E-04  7.0024E+03  7.4643E-05  1.0163E-06  7.1845E-06
 7.7713E+25  2.6797E-04  7.0024E+03  7.4643E-05  1.0116E-06  7.1845E-06
 7.7805E+25  2.6847E-04  7.0024E+03  7.4643E-05  1.0069E-06  7.1845E-06
 7.7898E+25  2.6896E-04  7.0023E+03  7.4643E-05  1.0022E-06  7.1845E-06
 7.7991E+25  2.6942E-04  7.0023E+03  7.4643E-05  9.9726E-07  7.1845E-06
 7.8083E+25  2.6988E-04  7.0023E+03  7.4643E-05  9.9277E-07  7.1845E-06
 7.8176E+25  2.7034E-04  7.0023E+03  7.4643E-05  9.8853E-07  7.1845E-06
 7.8268E+25  2.7085E-04  7.0023E+03  7.4643E-05  9.8422E-07  7.1845E-06
 7.8361E+25  2.7129E-04  7.0023E+03  7.4643E-05  9.7991E-07  7.1845E-06
 7.8453E+25  2.7173E-04  7.0023E+03  7.4643E-05  9.7602E-07  7.1845E-06
 7.8546E+25  2.7223E-04  7.0023E+03  7.4643E-05  9.7237E-07  7.1845E-06
 7.8638E+25  2.7268E-04  7.0023E+03  7.4643E-05  9.6847E-07  7.1845E-06
 7.8731E+25  2.7312E-04  7.0022E+03  7.4643E-05  9.6438E-07  7.1845E-06
 7.8824E+25  2.7358E-04  7.0022E+03  7.4643E-05  9.6047E-07  7.1845E-06
 7.8916E+25  2.7408E-04  7.0022E+03  7.4643E-05  9.5649E-07  7.1845E-06
 7.9009E+25  2.7450E-04  7.0022E+03  7.4643E-05  9.5252E-07  7.1845E-06
 7.9101E+25  2.7492E-04  7.0022E+03  7.4643E-05  9.4846E-07  7.1845E-06
 7.9194E+25  2.7539E-04  7.0022E+03  7.4643E-05  9.4452E-07  7.1845E-06
 7.9286E+25  2.7582E-04  7.0022E+03  7.4643E-05  9.4044E-07  7.1845E-06
 7.9379E+25  2.7622E-04  7.0022E+03  7.4643E-05  9.3639E-07  7.1845E-06
 7.9472E+25  2.7665E-04  7.0022E+03  7.4643E-05  9.3229E-07  7.1845E-06
 7.9564E+25  2.7710E-04  7.0022E+03  7.4643E-05  9.2812E-07  7.1845E-06
 7.9657E+25  2.7751E-04  7.0021E+03  7.4643E-05  9.2402E-07  7.1845E-06
 7.9749E+25  2.7792E-04  7.0021E+03  7.4643E-05  9.1980E-07  7.1845E-06
 7.9842E+25  2.7835E-04  7.0021E+03  7.4643E-05  9.1565E-07  7.1845E-06
 7.9934E+25  2.7881E-04  7.0021E+03  7.4643E-05  9.1145E-07  7.1845E-06
 8.0027E+25  2.7922E-04  7.0021E+03  7.4643E-05  9.0725E-07  7.1845E-06
 8.0120E+25  2.7960E-04  7.0021E+03  7.4643E-05  9.0309E-07  7.1845E-06
 8.0212E+25  2.8002E-04  7.0021E+03  7.4643E-05  8.9930E-07  7.1845E-06
 8.0305E+25  2.8044E-04  7.0021E+03  7.4643E-05  8.9554E-07  7.1845E-06
 8.0397E+25  2.8084E-04  7.0021E+03  7.4643E-05  8.9179E-07  7.1845E-06
 8.0490E+25  2.8121E-04  7.0021E+03  7.4643E-05  8.8823E-07  7.1845E-06
 8.0582E+25  2.8162E-04  7.0020E+03  7.4643E-05  8.8486E-07  7.1845E-06
 8.0675E+25  2.8204E-04  7.0020E+03  7.4643E-05  8.8148E-07  7.1845E-06
 8.0768E+25  2.8240E-04  7.0020E+03  7.4643E-05  8.7808E-07  7.1845E-06
 8.0860E+25  2.8277E-04  7.0020E+03  7.4643E-05  8.7449E-07  7.1845E-06
 8.0953E+25  2.8318E-04  7.0020E+03  7.4643E-05  8.7092E-07  7.1845E-06
 8.1045E+25  2.8360E-04  7.0020E+03  7.4643E-05  8.6744E-07  7.1845E-06
 8.1138E+25  2.8395E-04  7.0020E+03  7.4643E-05  8.6397E-07  7.1845E-06
 8.1230E+25  2.8433E-04  7.0020E+03  7.4643E-05  8.6033E-07  7.1845E-06
 8.1323E+25  2.8471E-04  7.0020E+03  7.4643E-05  8.5686E-07  7.1845E-06
 8.1416E+25  2.8511E-04  7.0020E+03  7.4643E-05  8.5319E-07  7.1845E-06
 8.1508E+25  2.8544E-04  7.0020E+03  7.4643E-05  8.4962E-07  7.1845E-06
 8.1601E+25  2.8582E-04  7.0019E+03  7.4643E-05  8.4594E-07  7.1845E-06
 8.1693E+25  2.8617E-04  7.0019E+03  7.4643E-05  8.4228E-07  7.1845E-06
 8.1786E+25  2.8656E-04  7.0019E+03  7.4643E-05  8.3858E-07  7.1845E-06
 8.1878E+25  2.8690E-04  7.0019E+03  7.4643E-05  8.3486E-07  7.1845E-06
 8.1971E+25  2.8726E-04  7.0019E+03  7.4643E-05  8.3119E-07  7.1845E-06
 8.2064E+25  2.8760E-04  7.0019E+03  7.4643E-05  8.2745E-07  7.1845E-06
 8.2156E+25  2.8798E-04  7.0019E+03  7.4643E-05  8.2369E-07  7.1845E-06
 8.2249E+25  2.8836E-04  7.0019E+03  7.4643E-05  8.2025E-07  7.1845E-06
 8.2341E+25  2.8867E-04  7.0019E+03  7.4643E-05  8.1678E-07  7.1845E-06
 8.2434E+25  2.8902E-04  7.0019E+03  7.4643E-05  8.1340E-07  7.1845E-06
 8.2526E+25  2.8937E-04  7.0019E+03  7.4643E-05  8.1013E-07  7.1845E-06
 8.2619E+25  2.8974E-04  7.0018E+03  7.4643E-05  8.0718E-07  7.1845E-06
 8.2712E+25  2.9005E-04  7.0018E+03  7.4643E-05  8.0409E-07  7.1845E-06
 8.2804E+25  2.9037E-04  7.0018E+03  7.4643E-05  8.0101E-07  7.1845E-06
 8.2897E+25  2.9071E-04  7.0018E+03  7.4643E-05  7.9801E-07  7.1845E-06
 8.2989E+25  2.9106E-04  7.0018E+03  7.4643E-05  7.9496E-07  7.1845E-06
 8.3082E+25  2.9139E-04  7.0018E+03  7.4643E-05  7.9181E-07  7.1845E-06
 8.3174E+25  2.9167E-04  7.0018E+03  7.4643E-05  7.8865E-07  7.1845E-06
 8.3267E+25  2.9202E-04  7.0018E+03  7.4643E-05  7.8556E-07  7.1845E-06
 8.3360E+25  2.9233E-04  7.0018E+03  7.4643E-05  7.8249E-07  7.1845E-06
 8.3452E+25  2.9268E-04  7.0018E+03  7.4643E-05  7.7924E-07  7.1845E-06
 8.3545E+25  2.9300E-04  7.0018E+03  7.4643E-05  7.7616E-07  7.1845E-06
 8.3637E+25  2.9329E-04  7.0018E+03  7.4643E-05  7.7286E-07  7.1845E-06
 8.3730E+25  2.9363E-04  7.0017E+03  7.4643E-05  7.6968E-07  7.1845E-06
 8.3822E+25  2.9393E-04  7.0017E+03  7.4643E-05  7.6640E-07  7.1845E-06
 8.3915E+25  2.9426E-04  7.0017E+03  7.4643E-05  7.6318E-07  7.1845E-06
 8.4008E+25  2.9455E-04  7.0017E+03  7.4643E-05  7.5985E-07  7.1845E-06
 8.4100E+25  2.9483E-04  7.0017E+03  7.4643E-05  7.5655E-07  7.1845E-06
 8.4193E+25  2.9516E-04  7.0017E+03  7.4643E-05  7.5327E-07  7.1845E-06
 8.4285E+25  2.9545E-04  7.0017E+03  7.4643E-05  7.4995E-07  7.1845E-06
 8.4378E+25  2.9576E-04  7.0017E+03  7.4643E-05  7.4676E-07  7.1845E-06
 8.4470E+25  2.9603E-04  7.0017E+03  7.4643E-05  7.4379E-07  7.1845E-06
 8.4563E+25  2.9630E-04  7.0017E+03  7.4643E-05  7.4074E-07  7.1845E-06
 8.4656E+25  2.9661E-04  7.0017E+03  7.4643E-05  7.3768E-07  7.1845E-06
 8.4748E+25  2.9692E-04  7.0017E+03  7.4643E-05  7.3501E-07  7.1845E-06
 8.4841E+25  2.9721E-04  7.0017E+03  7.4643E-05  7.3243E-07  7.1845E-06
 8.4933E+25  2.9748E-04  7.0016E+03  7.4643E-05  7.2975E-07  7.1845E-06
 8.5026E+25  2.9774E-04  7.0016E+03  7.4643E-05  7.2693E-07  7.1845E-06
 8.5118E+25  2.9807E-04  7.0016E+03  7.4643E-05  7.2422E-07  7.1845E-06
 8.5211E+25  2.9834E-04  7.0016E+03  7.4643E-05  7.2154E-07  7.1845E-06
 8.5304E+25  2.9862E-04  7.0016E+03  7.4643E-05  7.1884E-07  7.1845E-06
 8.5396E+25  2.9889E-04  7.0016E+03  7.4643E-05  7.1600E-07  7.1845E-06
 8.5489E+25  2.9914E-04  7.0016E+03  7.4643E-05  7.1326E-07  7.1845E-06
 8.5581E+25  2.9944E-04  7.0016E+03  7.4643E-05  7.1049E-07  7.1845E-06
 8.5674E+25  2.9969E-04  7.0016E+03  7.4643E-05  7.0774E-07  7.1845E-06
 8.5766E+25  2.9996E-04  7.0016E+03  7.4643E-05  7.0486E-07  7.1845E-06
 8.5859E+25  3.0023E-04  7.0016E+03  7.4643E-05  7.0206E-07  7.1845E-06
 8.5952E+25  3.0046E-04  7.0016E+03  7.4643E-05  6.9914E-07  7.1845E-06
 8.6044E+25  3.0074E-04  7.0016E+03  7.4643E-05  6.9629E-07  7.1845E-06
 8.6137E+25  3.0100E-04  7.0015E+03  7.4643E-05  6.9337E-07  7.1845E-06
 8.6229E+25  3.0128E-04  7.0015E+03  7.4643E-05  6.9047E-07  7.1845E-06
 8.6322E+25  3.0153E-04  7.0015E+03  7.4643E-05  6.8757E-07  7.1845E-06
 8.6414E+25  3.0177E-04  7.0015E+03  7.4643E-05  6.8458E-07  7.1845E-06
 8.6507E+25  3.0201E-04  7.0015E+03  7.4643E-05  6.8165E-07  7.1845E-06
 8.6600E+25  3.0229E-04  7.0015E+03  7.4643E-05  6.7887E-07  7.1845E-06
 8.6692E+25  3.0254E-04  7.0015E+03  7.4643E-05  6.7619E-07  7.1845E-06
 8.6785E+25  3.0278E-04  7.0015E+03  7.4643E-05  6.7352E-07  7.1845E-06
 8.6877E+25  3.0303E-04  7.0015E+03  7.4643E-05  6.7083E-07  7.1845E-06
 8.6970E+25  3.0325E-04  7.0015E+03  7.4643E-05  6.6836E-07  7.1845E-06
 8.7062E+25  3.0350E-04  7.0015E+03  7.4643E-05  6.6608E-07  7.1845E-06
 8.7155E+25  3.0375E-04  7.0015E+03  7.4643E-05  6.6378E-07  7.1845E-06
 8.7248E+25  3.0398E-04  7.0015E+03  7.4643E-05  6.6141E-07  7.1845E-06
 8.7340E+25  3.0421E-04  7.0015E+03  7.4643E-05  6.5890E-07  7.1845E-06
 8.7433E+25  3.0445E-04  7.0014E+03  7.4643E-05  6.5644E-07  7.1845E-06
 8.7525E+25  3.0466E-04  7.0014E+03  7.4643E-05  6.5410E-07  7.1845E-06
 8.7618E+25  3.0492E-04  7.0014E+03  7.4643E-05  6.5171E-07  7.1845E-06
 8.7710E+25  3.0515E-04  7.0014E+03  7.4643E-05  6.4926E-07  7.1845E-06
 8.7803E+25  3.0537E-04  7.0014E+03  7.4643E-05  6.4675E-07  7.1845E-06
 8.7896E+25  3.0560E-04  7.0014E+03  7.4643E-05  6.4431E-07  7.1845E-06
 8.7988E+25  3.0582E-04  7.0014E+03  7.4643E-05  6.4190E-07  7.1845E-06
 8.8081E+25  3.0603E-04  7.0014E+03  7.4643E-05  6.3929E-07  7.1845E-06
 8.8173E+25  3.0627E-04  7.0014E+03  7.4643E-05  6.3682E-07  7.1845E-06
 8.8266E+25  3.0650E-04  7.0014E+03  7.4643E-05  6.3421E-07  7.1845E-06
 8.8358E+25  3.0671E-04  7.0014E+03  7.4643E-05  6.3169E-07  7.1845E-06
 8.8451E+25  3.0692E-04  7.0014E+03  7.4643E-05  6.2909E-07  7.1845E-06
 8.8544E+25  3.0713E-04  7.0014E+03  7.4643E-05  6.2656E-07  7.1845E-06
 8.8636E+25  3.0732E-04  7.0014E+03  7.4643E-05  6.2389E-07  7.1845E-06
 8.8729E+25  3.0756E-04  7.0014E+03  7.4643E-05  6.2130E-07  7.1845E-06
 8.8821E+25  3.0777E-04  7.0013E+03  7.4643E-05  6.1870E-07  7.1845E-06
 8.8914E+25  3.0796E-04  7.0013E+03  7.4643E-05  6.1630E-07  7.1845E-06
 8.9006E+25  3.0818E-04  7.0013E+03  7.4643E-05  6.1391E-07  7.1845E-06
 8.9099E+25  3.0839E-04  7.0013E+03  7.4643E-05  6.1151E-07  7.1845E-06
 8.9192E+25  3.0858E-04  7.0013E+03  7.4643E-05  6.0916E-07  7.1845E-06
 8.9284E+25  3.0879E-04  7.0013E+03  7.4643E-05  6.0711E-07  7.1845E-06
 8.9377E+25  3.0901E-04  7.0013E+03  7.4643E-05  6.0505E-07  7.1845E-06
 8.9469E+25  3.0919E-04  7.0013E+03  7.4643E-05  6.0298E-07  7.1845E-06
 8.9562E+25  3.0939E-04  7.0013E+03  7.4643E-05  6.0088E-07  7.1845E-06
 8.9654E+25  3.0960E-04  7.0013E+03  7.4643E-05  5.9878E-07  7.1845E-06
 8.9747E+25  3.0977E-04  7.0013E+03  7.4643E-05  5.9657E-07  7.1845E-06
 8.9840E+25  3.0998E-04  7.0013E+03  7.4643E-05  5.9439E-07  7.1845E-06
 8.9932E+25  3.1019E-04  7.0013E+03  7.4643E-05  5.9230E-07  7.1845E-06
 9.0025E+25  3.1037E-04  7.0013E+03  7.4643E-05  5.9020E-07  7.1845E-06
 9.0117E+25  3.1053E-04  7.0013E+03  7.4643E-05  5.8803E-07  7.1845E-06
 9.0210E+25  3.1073E-04  7.0013E+03  7.4643E-05  5.8580E-07  7.1845E-06
 9.0302E+25  3.1092E-04  7.0012E+03  7.4643E-05  5.8362E-07  7.1845E-06
 9.0395E+25  3.1110E-04  7.0012E+03  7.4643E-05  5.8146E-07  7.1845E-06
 9.0487E+25  3.1129E-04  7.0012E+03  7.4643E-05  5.7912E-07  7.1845E-06
 9.0580E+25  3.1149E-04  7.0012E+03  7.4643E-05  5.7692E-07  7.1845E-06
 9.0673E+25  3.1165E-04  7.0012E+03  7.4643E-05  5.7462E-07  7.1845E-06
 9.0765E+25  3.1183E-04  7.0012E+03  7.4643E-05  5.7237E-07  7.1845E-06
 9.0858E+25  3.1202E-04  7.0012E+03  7.4643E-05  5.7006E-07  7.1845E-06
 9.0950E+25  3.1219E-04  7.0012E+03  7.4643E-05  5.6780E-07  7.1845E-06
 9.1043E+25  3.1238E-04  7.0012E+03  7.4643E-05  5.6543E-07  7.1845E-06
 9.1135E+25  3.1256E-04  7.0012E+03  7.4643E-05  5.6312E-07  7.1845E-06
 9.1228E+25  3.1274E-04  7.0012E+03  7.4643E-05  5.6095E-07  7.1845E-06
 9.1321E+25  3.1289E-04  7.0012E+03  7.4643E-05  5.5881E-07  7.1845E-06
 9.1413E+25  3.1307E-04  7.0012E+03  7.4643E-05  5.5668E-07  7.1845E-06
 9.1506E+25  3.1324E-04  7.0012E+03  7.4643E-05  5.5453E-07  7.1845E-06
 9.1598E+25  3.1340E-04  7.0012E+03  7.4643E-05  5.5262E-07  7.1845E-06
 9.1691E+25  3.1357E-04  7.0012E+03  7.4643E-05  5.5086E-07  7.1845E-06
 9.1783E+25  3.1373E-04  7.0012E+03  7.4643E-05  5.4905E-07  7.1845E-06
 9.1876E+25  3.1391E-04  7.0012E+03  7.4643E-05  5.4716E-07  7.1845E-06
 9.1969E+25  3.1404E-04  7.0011E+03  7.4643E-05  5.4531E-07  7.1845E-06
 9.2061E+25  3.1422E-04  7.0011E+03  7.4643E-05  5.4344E-07  7.1845E-06
 9.2154E+25  3.1439E-04  7.0011E+03  7.4643E-05  5.4160E-07  7.1845E-06
 9.2246E+25  3.1455E-04  7.0011E+03  7.4643E-05  5.3959E-07  7.1845E-06
 9.2339E+25  3.1472E-04  7.0011E+03  7.4643E-05  5.3769E-07  7.1845E-06
 9.2431E+25  3.1486E-04  7.0011E+03  7.4643E-05  5.3585E-07  7.1845E-06
 9.2524E+25  3.1504E-04  7.0011E+03  7.4643E-05  5.3396E-07  7.1845E-06
