 4.6285E+22  3.2712E-11  1.1673E+04  7.4643E-05  1.0000E+00  7.1845E-06
 1.3886E+23  2.2893E-10  1.1677E+04  7.4643E-05  1.0000E+00  7.1845E-06
 2.3143E+23  6.2091E-10  1.1689E+04  7.4643E-05  1.0000E+00  7.1845E-06
 3.2400E+23  1.2071E-09  1.1716E+04  7.4643E-05  1.0000E+00  7.1845E-06
 4.1657E+23  1.9842E-09  1.1765E+04  7.4643E-05  1.0000E+00  7.1845E-06
 5.0914E+23  2.9460E-09  1.1843E+04  7.4643E-05  1.0000E+00  7.1845E-06
 6.0171E+23  4.0800E-09  1.1965E+04  7.4643E-05  1.0000E+00  7.1845E-06
 6.9428E+23  5.3740E-09  1.2141E+04  7.4643E-05  1.0000E+00  7.1845E-06
 7.8685E+23  6.7943E-09  1.2398E+04  7.4643E-05  1.0000E+00  7.1845E-06
 8.7942E+23  8.3125E-09  1.2756E+04  7.4643E-05  1.0000E+00  7.1845E-06
 9.7199E+23  9.9096E-09  1.3190E+04  7.4643E-05  1.0000E+00  7.1845E-06
 1.0646E+24  1.1607E-08  1.3627E+04  7.4643E-05  1.0000E+00  7.1845E-06
 1.1571E+24  1.3481E-08  1.3944E+04  7.4643E-05  1.0000E+00  7.1845E-06
 1.2497E+24  1.5591E-08  1.4115E+04  7.4643E-05  1.0000E+00  7.1845E-06
 1.3423E+24  1.7889E-08  1.4210E+04  7.4643E-05  1.0000E+00  7.1845E-06
 1.4348E+24  2.0341E-08  1.4310E+04  7.4643E-05  9.9999E-01  7.1845E-06
 1.5274E+24  2.2927E-08  1.4410E+04  7.4643E-05  9.9999E-01  7.1845E-06
 1.6200E+24  2.5671E-08  1.4503E+04  7.4643E-05  9.9999E-01  7.1845E-06
 1.7126E+24  2.8553E-08  1.4594E+04  7.4643E-05  9.9999E-01  7.1845E-06
 1.8051E+24  3.1596E-08  1.4676E+04  7.4643E-05  9.9999E-01  7.1845E-06
 1.8977E+24  3.4774E-08  1.4755E+04  7.4643E-05  9.9999E-01  7.1845E-06
 1.9903E+24  3.8116E-08  1.4832E+04  7.4643E-05  9.9999E-01  7.1845E-06
 2.0828E+24  4.1583E-08  1.4906E+04  7.4643E-05  9.9999E-01  7.1845E-06
 2.1754E+24  4.5188E-08  1.4978E+04  7.4643E-05  9.9999E-01  7.1845E-06
 2.2680E+24  4.8952E-08  1.5049E+04  7.4643E-05  9.9999E-01  7.1845E-06
 2.3605E+24  5.2864E-08  1.5117E+04  7.4643E-05  9.9999E-01  7.1845E-06
 2.4531E+24  5.6906E-08  1.5180E+04  7.4643E-05  9.9999E-01  7.1845E-06
 2.5457E+24  6.1082E-08  1.5245E+04  7.4643E-05  9.9998E-01  7.1845E-06
 2.6383E+24  6.5432E-08  1.5308E+04  7.4643E-05  9.9998E-01  7.1845E-06
 2.7308E+24  6.9888E-08  1.5367E+04  7.4643E-05  9.9998E-01  7.1845E-06
 2.8234E+24  7.4482E-08  1.5428E+04  7.4643E-05  9.9998E-01  7.1845E-06
 2.9160E+24  7.9218E-08  1.5484E+04  7.4643E-05  9.9998E-01  7.1845E-06
 3.0085E+24  8.4160E-08  1.5539E+04  7.4643E-05  9.9998E-01  7.1845E-06
 3.1011E+24  8.9190E-08  1.5596E+04  7.4643E-05  9.9998E-01  7.1845E-06
 3.1937E+24  9.4308E-08  1.5648E+04  7.4643E-05  9.9998E-01  7.1845E-06
 3.2862E+24  9.9628E-08  1.5700E+04  7.4643E-05  9.9997E-01  7.1845E-06
 3.3788E+24  1.0501E-07  1.5751E+04  7.4643E-05  9.9997E-01  7.1845E-06
 3.4714E+24  1.1056E-07  1.5801E+04  7.4643E-05  9.9997E-01  7.1845E-06
 3.5640E+24  1.1631E-07  1.5849E+04  7.4643E-05  9.9997E-01  7.1845E-06
 3.6565E+24  1.2228E-07  1.5896E+04  7.4643E-05  9.9997E-01  7.1845E-06
 3.7491E+24  1.2810E-07  1.5943E+04  7.4643E-05  9.9997E-01  7.1845E-06
 3.8417E+24  1.3431E-07  1.5988E+04  7.4643E-05  9.9997E-01  7.1845E-06
 3.9342E+24  1.4054E-07  1.6032E+04  7.4643E-05  9.9996E-01  7.1845E-06
 4.0268E+24  1.4700E-07  1.6077E+04  7.4643E-05  9.9996E-01  7.1845E-06
 4.1194E+24  1.5337E-07  1.6119E+04  7.4643E-05  9.9996E-01  7.1845E-06
 4.2120E+24  1.6024E-07  1.6160E+04  7.4643E-05  9.9996E-01  7.1845E-06
 4.3045E+24  1.6699E-07  1.6201E+04  7.4643E-05  9.9996E-01  7.1845E-06
 4.3971E+24  1.7375E-07  1.6242E+04  7.4643E-05  9.9996E-01  7.1845E-06
 4.4897E+24  1.8091E-07  1.6281E+04  7.4643E-05  9.9995E-01  7.1845E-06
 4.5822E+24  1.8816E-07  1.6320E+04  7.4643E-05  9.9995E-01  7.1845E-06
 4.6748E+24  1.9552E-07  1.6358E+04  7.4643E-05  9.9995E-01  7.1845E-06
 4.7674E+24  2.0299E-07  1.6395E+04  7.4643E-05  9.9995E-01  7.1845E-06
 4.8599E+24  2.1057E-07  1.6432E+04  7.4643E-05  9.9995E-01  7.1845E-06
 4.9525E+24  2.1828E-07  1.6468E+04  7.4643E-05  9.9994E-01  7.1845E-06
 5.0451E+24  2.2613E-07  1.6503E+04  7.4643E-05  9.9994E-01  7.1845E-06
 5.1377E+24  2.3414E-07  1.6538E+04  7.4643E-05  9.9994E-01  7.1845E-06
 5.2302E+24  2.4231E-07  1.6572E+04  7.4643E-05  9.9994E-01  7.1845E-06
 5.3228E+24  2.5067E-07  1.6606E+04  7.4643E-05  9.9994E-01  7.1845E-06
 5.4154E+24  2.5924E-07  1.6639E+04  7.4643E-05  9.9993E-01  7.1845E-06
 5.5079E+24  2.6740E-07  1.6672E+04  7.4643E-05  9.9993E-01  7.1845E-06
 5.6005E+24  2.7596E-07  1.6703E+04  7.4643E-05  9.9993E-01  7.1845E-06
 5.6931E+24  2.8506E-07  1.6735E+04  7.4643E-05  9.9993E-01  7.1845E-06
 5.7856E+24  2.9438E-07  1.6766E+04  7.4643E-05  9.9992E-01  7.1845E-06
 5.8782E+24  3.0247E-07  1.6797E+04  7.4643E-05  9.9992E-01  7.1845E-06
 5.9708E+24  3.1224E-07  1.6827E+04  7.4643E-05  9.9992E-01  7.1845E-06
 6.0634E+24  3.2179E-07  1.6856E+04  7.4643E-05  9.9992E-01  7.1845E-06
 6.1559E+24  3.3055E-07  1.6885E+04  7.4643E-05  9.9991E-01  7.1845E-06
 6.2485E+24  3.4117E-07  1.6914E+04  7.4643E-05  9.9991E-01  7.1845E-06
 6.3411E+24  3.4967E-07  1.6942E+04  7.4643E-05  9.9991E-01  7.1845E-06
 6.4336E+24  3.6064E-07  1.6970E+04  7.4643E-05  9.9991E-01  7.1845E-06
 6.5262E+24  3.6960E-07  1.6998E+04  7.4643E-05  9.9990E-01  7.1845E-06
 6.6188E+24  3.8085E-07  1.7025E+04  7.4643E-05  9.9990E-01  7.1845E-06
 6.7113E+24  3.8980E-07  1.7052E+04  7.4643E-05  9.9990E-01  7.1845E-06
 6.8039E+24  4.0160E-07  1.7078E+04  7.4643E-05  9.9990E-01  7.1845E-06
 6.8965E+24  4.1063E-07  1.7104E+04  7.4643E-05  9.9989E-01  7.1845E-06
 6.9891E+24  4.2217E-07  1.7130E+04  7.4643E-05  9.9989E-01  7.1845E-06
 7.0816E+24  4.3299E-07  1.7155E+04  7.4643E-05  9.9989E-01  7.1845E-06
 7.1742E+24  4.4306E-07  1.7181E+04  7.4643E-05  9.9989E-01  7.1845E-06
 7.2668E+24  4.5518E-07  1.7205E+04  7.4643E-05  9.9988E-01  7.1845E-06
 7.3593E+24  4.6575E-07  1.7230E+04  7.4643E-05  9.9988E-01  7.1845E-06
 7.4519E+24  4.7654E-07  1.7254E+04  7.4643E-05  9.9988E-01  7.1845E-06
 7.5445E+24  4.8885E-07  1.7278E+04  7.4643E-05  9.9987E-01  7.1845E-06
 7.6371E+24  5.0065E-07  1.7302E+04  7.4643E-05  9.9987E-01  7.1845E-06
 7.7296E+24  5.1080E-07  1.7325E+04  7.4643E-05  9.9987E-01  7.1845E-06
 7.8222E+24  5.2329E-07  1.7349E+04  7.4643E-05  9.9986E-01  7.1845E-06
 7.9148E+24  5.3587E-07  1.7371E+04  7.4643E-05  9.9986E-01  7.1845E-06
 8.0073E+24  5.4830E-07  1.7394E+04  7.4643E-05  9.9986E-01  7.1845E-06
 8.0999E+24  5.5869E-07  1.7416E+04  7.4643E-05  9.9985E-01  7.1845E-06
 8.1925E+24  5.7146E-07  1.7439E+04  7.4643E-05  9.9985E-01  7.1845E-06
 8.2850E+24  5.8433E-07  1.7460E+04  7.4643E-05  9.9985E-01  7.1845E-06
 8.3776E+24  5.9728E-07  1.7482E+04  7.4643E-05  9.9985E-01  7.1845E-06
 8.4702E+24  6.1032E-07  1.7504E+04  7.4643E-05  9.9984E-01  7.1845E-06
 8.5628E+24  6.2268E-07  1.7525E+04  7.4643E-05  9.9984E-01  7.1845E-06
 8.6553E+24  6.3465E-07  1.7546E+04  7.4643E-05  9.9984E-01  7.1845E-06
 8.7479E+24  6.4794E-07  1.7567E+04  7.4643E-05  9.9983E-01  7.1845E-06
 8.8405E+24  6.6134E-07  1.7587E+04  7.4643E-05  9.9983E-01  7.1845E-06
 8.9330E+24  6.7483E-07  1.7608E+04  7.4643E-05  9.9982E-01  7.1845E-06
 9.0256E+24  6.8840E-07  1.7628E+04  7.4643E-05  9.9982E-01  7.1845E-06
 9.1182E+24  7.0207E-07  1.7648E+04  7.4643E-05  9.9982E-01  7.1845E-06
 9.2107E+24  7.1583E-07  1.7667E+04  7.4643E-05  9.9981E-01  7.1845E-06
 9.3033E+24  7.2969E-07  1.7687E+04  7.4643E-05  9.9980E-01  7.1845E-06
 9.3959E+24  7.4364E-07  1.7706E+04  7.4643E-05  9.9979E-01  7.1845E-06
 9.4885E+24  7.5770E-07  1.7726E+04  7.4643E-05  9.9977E-01  7.1845E-06
 9.5810E+24  7.7187E-07  1.7744E+04  7.4643E-05  9.9973E-01  7.1845E-06
 9.6736E+24  7.8615E-07  1.7763E+04  7.4643E-05  9.9966E-01  7.1845E-06
 9.7662E+24  8.0055E-07  1.7781E+04  7.4643E-05  9.9954E-01  7.1845E-06
 9.8587E+24  8.1508E-07  1.7799E+04  7.4643E-05  9.9931E-01  7.1845E-06
 9.9513E+24  8.2976E-07  1.7815E+04  7.4643E-05  9.9890E-01  7.1845E-06
 1.0044E+25  8.4460E-07  1.7830E+04  7.4643E-05  9.9816E-01  7.1845E-06
 1.0136E+25  8.5964E-07  1.7843E+04  7.4643E-05  9.9686E-01  7.1845E-06
 1.0229E+25  8.7491E-07  1.7851E+04  7.4643E-05  9.9459E-01  7.1845E-06
 1.0322E+25  8.9046E-07  1.7852E+04  7.4643E-05  9.9067E-01  7.1845E-06
 1.0414E+25  9.0645E-07  1.7842E+04  7.4643E-05  9.8404E-01  7.1845E-06
 1.0507E+25  9.2303E-07  1.7813E+04  7.4643E-05  9.7301E-01  7.1845E-06
 1.0599E+25  9.4050E-07  1.7754E+04  7.4643E-05  9.5514E-01  7.1845E-06
 1.0692E+25  9.5929E-07  1.7649E+04  7.4643E-05  9.2716E-01  7.1845E-06
 1.0784E+25  9.8004E-07  1.7478E+04  7.4643E-05  8.8532E-01  7.1845E-06
 1.0877E+25  1.0036E-06  1.7220E+04  7.4643E-05  8.2655E-01  7.1845E-06
 1.0970E+25  1.0311E-06  1.6858E+04  7.4643E-05  7.5042E-01  7.1845E-06
 1.1062E+25  1.0632E-06  1.6390E+04  7.4643E-05  6.6090E-01  7.1845E-06
 1.1155E+25  1.0997E-06  1.5834E+04  7.4643E-05  5.6611E-01  7.1845E-06
 1.1247E+25  1.1416E-06  1.5225E+04  7.4643E-05  4.7532E-01  7.1845E-06
 1.1340E+25  1.1889E-06  1.4604E+04  7.4643E-05  3.9534E-01  7.1845E-06
 1.1432E+25  1.2395E-06  1.4004E+04  7.4643E-05  3.2896E-01  7.1845E-06
 1.1525E+25  1.2918E-06  1.3446E+04  7.4643E-05  2.7576E-01  7.1845E-06
 1.1618E+25  1.3452E-06  1.2939E+04  7.4643E-05  2.3372E-01  7.1845E-06
 1.1710E+25  1.3988E-06  1.2483E+04  7.4643E-05  2.0049E-01  7.1845E-06
 1.1803E+25  1.4522E-06  1.2076E+04  7.4643E-05  1.7401E-01  7.1845E-06
 1.1895E+25  1.5052E-06  1.1713E+04  7.4643E-05  1.5263E-01  7.1845E-06
 1.1988E+25  1.5576E-06  1.1389E+04  7.4643E-05  1.3514E-01  7.1845E-06
 1.2080E+25  1.6093E-06  1.1099E+04  7.4643E-05  1.2063E-01  7.1845E-06
 1.2173E+25  1.6604E-06  1.0838E+04  7.4643E-05  1.0844E-01  7.1845E-06
 1.2266E+25  1.7109E-06  1.0602E+04  7.4643E-05  9.8093E-02  7.1845E-06
 1.2358E+25  1.7597E-06  1.0389E+04  7.4643E-05  8.9215E-02  7.1845E-06
 1.2451E+25  1.8087E-06  1.0195E+04  7.4643E-05  8.1531E-02  7.1845E-06
 1.2543E+25  1.8577E-06  1.0018E+04  7.4643E-05  7.4827E-02  7.1845E-06
 1.2636E+25  1.9063E-06  9.8559E+03  7.4643E-05  6.8937E-02  7.1845E-06
 1.2728E+25  1.9545E-06  9.7072E+03  7.4643E-05  6.3730E-02  7.1845E-06
 1.2821E+25  2.0023E-06  9.5703E+03  7.4643E-05  5.9099E-02  7.1845E-06
 1.2914E+25  2.0499E-06  9.4440E+03  7.4643E-05  5.4960E-02  7.1845E-06
 1.3006E+25  2.0972E-06  9.3270E+03  7.4643E-05  5.1243E-02  7.1845E-06
 1.3099E+25  2.1443E-06  9.2184E+03  7.4643E-05  4.7890E-02  7.1845E-06
 1.3191E+25  2.1912E-06  9.1175E+03  7.4643E-05  4.4855E-02  7.1845E-06
 1.3284E+25  2.2379E-06  9.0235E+03  7.4643E-05  4.2097E-02  7.1845E-06
 1.3376E+25  2.2846E-06  8.9356E+03  7.4643E-05  3.9582E-02  7.1845E-06
 1.3469E+25  2.3310E-06  8.8535E+03  7.4643E-05  3.7282E-02  7.1845E-06
 1.3562E+25  2.3776E-06  8.7765E+03  7.4643E-05  3.5173E-02  7.1845E-06
 1.3654E+25  2.4239E-06  8.7044E+03  7.4643E-05  3.3234E-02  7.1845E-06
 1.3747E+25  2.4703E-06  8.6365E+03  7.4643E-05  3.1446E-02  7.1845E-06
 1.3839E+25  2.5170E-06  8.5726E+03  7.4643E-05  2.9794E-02  7.1845E-06
 1.3932E+25  2.5628E-06  8.5124E+03  7.4643E-05  2.8264E-02  7.1845E-06
 1.4024E+25  2.6059E-06  8.4555E+03  7.4643E-05  2.6845E-02  7.1845E-06
 1.4117E+25  2.6517E-06  8.4018E+03  7.4643E-05  2.5526E-02  7.1845E-06
 1.4210E+25  2.6979E-06  8.3510E+03  7.4643E-05  2.4298E-02  7.1845E-06
 1.4302E+25  2.7442E-06  8.3029E+03  7.4643E-05  2.3152E-02  7.1845E-06
 1.4395E+25  2.7908E-06  8.2573E+03  7.4643E-05  2.2081E-02  7.1845E-06
 1.4487E+25  2.8377E-06  8.2140E+03  7.4643E-05  2.1079E-02  7.1845E-06
 1.4580E+25  2.8850E-06  8.1728E+03  7.4643E-05  2.0141E-02  7.1845E-06
 1.4672E+25  2.9325E-06  8.1337E+03  7.4643E-05  1.9260E-02  7.1845E-06
 1.4765E+25  2.9805E-06  8.0965E+03  7.4643E-05  1.8432E-02  7.1845E-06
 1.4858E+25  3.0289E-06  8.0611E+03  7.4643E-05  1.7653E-02  7.1845E-06
 1.4950E+25  3.0664E-06  8.0273E+03  7.4643E-05  1.6920E-02  7.1845E-06
 1.5043E+25  3.1130E-06  7.9950E+03  7.4643E-05  1.6228E-02  7.1845E-06
 1.5135E+25  3.1617E-06  7.9642E+03  7.4643E-05  1.5575E-02  7.1845E-06
 1.5228E+25  3.2110E-06  7.9348E+03  7.4643E-05  1.4959E-02  7.1845E-06
 1.5320E+25  3.2609E-06  7.9067E+03  7.4643E-05  1.4375E-02  7.1845E-06
 1.5413E+25  3.3115E-06  7.8798E+03  7.4643E-05  1.3822E-02  7.1845E-06
 1.5506E+25  3.3509E-06  7.8541E+03  7.4643E-05  1.3299E-02  7.1845E-06
 1.5598E+25  3.3942E-06  7.8294E+03  7.4643E-05  1.2802E-02  7.1845E-06
 1.5691E+25  3.4455E-06  7.8058E+03  7.4643E-05  1.2331E-02  7.1845E-06
 1.5783E+25  3.4977E-06  7.7831E+03  7.4643E-05  1.1883E-02  7.1845E-06
 1.5876E+25  3.5508E-06  7.7613E+03  7.4643E-05  1.1457E-02  7.1845E-06
 1.5968E+25  3.5898E-06  7.7404E+03  7.4643E-05  1.1052E-02  7.1845E-06
 1.6061E+25  3.6328E-06  7.7204E+03  7.4643E-05  1.0666E-02  7.1845E-06
 1.6154E+25  3.6871E-06  7.7011E+03  7.4643E-05  1.0298E-02  7.1845E-06
 1.6246E+25  3.7424E-06  7.6825E+03  7.4643E-05  9.9477E-03  7.1845E-06
 1.6339E+25  3.7919E-06  7.6647E+03  7.4643E-05  9.6135E-03  7.1845E-06
 1.6431E+25  3.8243E-06  7.6475E+03  7.4643E-05  9.2941E-03  7.1845E-06
 1.6524E+25  3.8812E-06  7.6310E+03  7.4643E-05  8.9887E-03  7.1845E-06
 1.6616E+25  3.9394E-06  7.6151E+03  7.4643E-05  8.6973E-03  7.1845E-06
 1.6709E+25  3.9879E-06  7.5997E+03  7.4643E-05  8.4182E-03  7.1845E-06
 1.6802E+25  4.0212E-06  7.5849E+03  7.4643E-05  8.1511E-03  7.1845E-06
 1.6894E+25  4.0813E-06  7.5706E+03  7.4643E-05  7.8956E-03  7.1845E-06
 1.6987E+25  4.1431E-06  7.5568E+03  7.4643E-05  7.6503E-03  7.1845E-06
 1.7079E+25  4.1769E-06  7.5436E+03  7.4643E-05  7.4158E-03  7.1845E-06
 1.7172E+25  4.2258E-06  7.5307E+03  7.4643E-05  7.1905E-03  7.1845E-06
 1.7264E+25  4.2897E-06  7.5183E+03  7.4643E-05  6.9744E-03  7.1845E-06
 1.7357E+25  4.3410E-06  7.5063E+03  7.4643E-05  6.7671E-03  7.1845E-06
 1.7450E+25  4.3726E-06  7.4947E+03  7.4643E-05  6.5675E-03  7.1845E-06
 1.7542E+25  4.4395E-06  7.4835E+03  7.4643E-05  6.3765E-03  7.1845E-06
 1.7635E+25  4.5026E-06  7.4727E+03  7.4643E-05  6.1921E-03  7.1845E-06
 1.7727E+25  4.5231E-06  7.4622E+03  7.4643E-05  6.0156E-03  7.1845E-06
 1.7820E+25  4.5927E-06  7.4520E+03  7.4643E-05  5.8449E-03  7.1845E-06
 1.7912E+25  4.6610E-06  7.4422E+03  7.4643E-05  5.6814E-03  7.1845E-06
 1.8005E+25  4.6777E-06  7.4326E+03  7.4643E-05  5.5233E-03  7.1845E-06
 1.8097E+25  4.7504E-06  7.4234E+03  7.4643E-05  5.3717E-03  7.1845E-06
 1.8190E+25  4.8170E-06  7.4145E+03  7.4643E-05  5.2249E-03  7.1845E-06
 1.8283E+25  4.8361E-06  7.4058E+03  7.4643E-05  5.0841E-03  7.1845E-06
 1.8375E+25  4.9129E-06  7.3974E+03  7.4643E-05  4.9476E-03  7.1845E-06
 1.8468E+25  4.9694E-06  7.3893E+03  7.4643E-05  4.8167E-03  7.1845E-06
 1.8560E+25  5.0000E-06  7.3813E+03  7.4643E-05  4.6896E-03  7.1845E-06
 1.8653E+25  5.0812E-06  7.3737E+03  7.4643E-05  4.5677E-03  7.1845E-06
 1.8745E+25  5.1182E-06  7.3662E+03  7.4643E-05  4.4492E-03  7.1845E-06
 1.8838E+25  5.1701E-06  7.3590E+03  7.4643E-05  4.3354E-03  7.1845E-06
 1.8931E+25  5.2559E-06  7.3519E+03  7.4643E-05  4.2250E-03  7.1845E-06
 1.9023E+25  5.2631E-06  7.3451E+03  7.4643E-05  4.1186E-03  7.1845E-06
 1.9116E+25  5.3471E-06  7.3385E+03  7.4643E-05  4.0156E-03  7.1845E-06
 1.9208E+25  5.4029E-06  7.3320E+03  7.4643E-05  3.9158E-03  7.1845E-06
 1.9301E+25  5.4391E-06  7.3258E+03  7.4643E-05  3.8197E-03  7.1845E-06
 1.9393E+25  5.5318E-06  7.3197E+03  7.4643E-05  3.7261E-03  7.1845E-06
 1.9486E+25  5.5423E-06  7.3138E+03  7.4643E-05  3.6362E-03  7.1845E-06
 1.9579E+25  5.6268E-06  7.3080E+03  7.4643E-05  3.5486E-03  7.1845E-06
 1.9671E+25  5.6803E-06  7.3024E+03  7.4643E-05  3.4640E-03  7.1845E-06
 1.9764E+25  5.7222E-06  7.2969E+03  7.4643E-05  3.3822E-03  7.1845E-06
 1.9856E+25  5.8181E-06  7.2916E+03  7.4643E-05  3.3024E-03  7.1845E-06
 1.9949E+25  5.8193E-06  7.2864E+03  7.4643E-05  3.2258E-03  7.1845E-06
 2.0041E+25  5.9224E-06  7.2814E+03  7.4643E-05  3.1509E-03  7.1845E-06
 2.0134E+25  5.9500E-06  7.2765E+03  7.4643E-05  3.0785E-03  7.1845E-06
 2.0227E+25  6.0228E-06  7.2717E+03  7.4643E-05  3.0085E-03  7.1845E-06
 2.0319E+25  6.0861E-06  7.2670E+03  7.4643E-05  2.9401E-03  7.1845E-06
 2.0412E+25  6.1243E-06  7.2625E+03  7.4643E-05  2.8743E-03  7.1845E-06
 2.0504E+25  6.2213E-06  7.2581E+03  7.4643E-05  2.8101E-03  7.1845E-06
 2.0597E+25  6.2272E-06  7.2538E+03  7.4643E-05  2.7476E-03  7.1845E-06
 2.0689E+25  6.3441E-06  7.2496E+03  7.4643E-05  2.6874E-03  7.1845E-06
 2.0782E+25  6.3443E-06  7.2455E+03  7.4643E-05  2.6285E-03  7.1845E-06
 2.0875E+25  6.4520E-06  7.2415E+03  7.4643E-05  2.5714E-03  7.1845E-06
 2.0967E+25  6.4770E-06  7.2376E+03  7.4643E-05  2.5162E-03  7.1845E-06
 2.1060E+25  6.5614E-06  7.2338E+03  7.4643E-05  2.4620E-03  7.1845E-06
 2.1152E+25  6.6094E-06  7.2301E+03  7.4643E-05  2.4097E-03  7.1845E-06
 2.1245E+25  6.6730E-06  7.2265E+03  7.4643E-05  2.3590E-03  7.1845E-06
 2.1337E+25  6.7415E-06  7.2229E+03  7.4643E-05  2.3092E-03  7.1845E-06
 2.1430E+25  6.7863E-06  7.2195E+03  7.4643E-05  2.2611E-03  7.1845E-06
 2.1523E+25  6.8729E-06  7.2161E+03  7.4643E-05  2.2144E-03  7.1845E-06
 2.1615E+25  6.9018E-06  7.2128E+03  7.4643E-05  2.1686E-03  7.1845E-06
 2.1708E+25  7.0037E-06  7.2096E+03  7.4643E-05  2.1243E-03  7.1845E-06
 2.1800E+25  7.0194E-06  7.2064E+03  7.4643E-05  2.0813E-03  7.1845E-06
 2.1893E+25  7.1337E-06  7.2034E+03  7.4643E-05  2.0390E-03  7.1845E-06
 2.1985E+25  7.1397E-06  7.2004E+03  7.4643E-05  1.9981E-03  7.1845E-06
 2.2078E+25  7.2629E-06  7.1974E+03  7.4643E-05  1.9584E-03  7.1845E-06
 2.2171E+25  7.2627E-06  7.1946E+03  7.4643E-05  1.9194E-03  7.1845E-06
 2.2263E+25  7.3913E-06  7.1918E+03  7.4643E-05  1.8815E-03  7.1845E-06
 2.2356E+25  7.3886E-06  7.1890E+03  7.4643E-05  1.8449E-03  7.1845E-06
 2.2448E+25  7.5189E-06  7.1864E+03  7.4643E-05  1.8088E-03  7.1845E-06
 2.2541E+25  7.5174E-06  7.1837E+03  7.4643E-05  1.7737E-03  7.1845E-06
 2.2633E+25  7.6454E-06  7.1812E+03  7.4643E-05  1.7397E-03  7.1845E-06
 2.2726E+25  7.6494E-06  7.1787E+03  7.4643E-05  1.7065E-03  7.1845E-06
 2.2819E+25  7.7710E-06  7.1762E+03  7.4643E-05  1.6738E-03  7.1845E-06
 2.2911E+25  7.7847E-06  7.1738E+03  7.4643E-05  1.6423E-03  7.1845E-06
 2.3004E+25  7.8956E-06  7.1715E+03  7.4643E-05  1.6115E-03  7.1845E-06
 2.3096E+25  7.9236E-06  7.1692E+03  7.4643E-05  1.5812E-03  7.1845E-06
 2.3189E+25  8.0192E-06  7.1669E+03  7.4643E-05  1.5518E-03  7.1845E-06
 2.3281E+25  8.0663E-06  7.1647E+03  7.4643E-05  1.5233E-03  7.1845E-06
 2.3374E+25  8.1417E-06  7.1626E+03  7.4643E-05  1.4953E-03  7.1845E-06
 2.3467E+25  8.2128E-06  7.1605E+03  7.4643E-05  1.4678E-03  7.1845E-06
 2.3559E+25  8.2631E-06  7.1584E+03  7.4643E-05  1.4412E-03  7.1845E-06
 2.3652E+25  8.3634E-06  7.1564E+03  7.4643E-05  1.4153E-03  7.1845E-06
 2.3744E+25  8.3834E-06  7.1544E+03  7.4643E-05  1.3897E-03  7.1845E-06
 2.3837E+25  8.5184E-06  7.1524E+03  7.4643E-05  1.3647E-03  7.1845E-06
 2.3929E+25  8.5025E-06  7.1506E+03  7.4643E-05  1.3406E-03  7.1845E-06
 2.4022E+25  8.6671E-06  7.1487E+03  7.4643E-05  1.3170E-03  7.1845E-06
 2.4115E+25  8.6313E-06  7.1469E+03  7.4643E-05  1.2936E-03  7.1845E-06
 2.4207E+25  8.7864E-06  7.1451E+03  7.4643E-05  1.2709E-03  7.1845E-06
 2.4300E+25  8.7930E-06  7.1433E+03  7.4643E-05  1.2490E-03  7.1845E-06
 2.4392E+25  8.9036E-06  7.1416E+03  7.4643E-05  1.2274E-03  7.1845E-06
 2.4485E+25  8.9603E-06  7.1399E+03  7.4643E-05  1.2060E-03  7.1845E-06
 2.4577E+25  9.0197E-06  7.1383E+03  7.4643E-05  1.1854E-03  7.1845E-06
 2.4670E+25  9.1326E-06  7.1366E+03  7.4643E-05  1.1653E-03  7.1845E-06
 2.4763E+25  9.1347E-06  7.1351E+03  7.4643E-05  1.1456E-03  7.1845E-06
 2.4855E+25  9.3037E-06  7.1335E+03  7.4643E-05  1.1261E-03  7.1845E-06
 2.4948E+25  9.2548E-06  7.1320E+03  7.4643E-05  1.1072E-03  7.1845E-06
 2.5040E+25  9.4190E-06  7.1305E+03  7.4643E-05  1.0888E-03  7.1845E-06
 2.5133E+25  9.4353E-06  7.1290E+03  7.4643E-05  1.0707E-03  7.1845E-06
 2.5225E+25  9.5316E-06  7.1275E+03  7.4643E-05  1.0528E-03  7.1845E-06
 2.5318E+25  9.6232E-06  7.1261E+03  7.4643E-05  1.0355E-03  7.1845E-06
 2.5411E+25  9.6425E-06  7.1248E+03  7.4643E-05  1.0187E-03  7.1845E-06
 2.5503E+25  9.8143E-06  7.1234E+03  7.4643E-05  1.0021E-03  7.1845E-06
 2.5596E+25  9.7550E-06  7.1220E+03  7.4643E-05  9.8569E-04  7.1845E-06
 2.5688E+25  9.9276E-06  7.1207E+03  7.4643E-05  9.6973E-04  7.1845E-06
 2.5781E+25  9.9500E-06  7.1194E+03  7.4643E-05  9.5430E-04  7.1845E-06
 2.5873E+25  1.0036E-05  7.1182E+03  7.4643E-05  9.3907E-04  7.1845E-06
 2.5966E+25  1.0156E-05  7.1169E+03  7.4643E-05  9.2402E-04  7.1845E-06
 2.6059E+25  1.0143E-05  7.1157E+03  7.4643E-05  9.0930E-04  7.1845E-06
 2.6151E+25  1.0322E-05  7.1145E+03  7.4643E-05  8.9507E-04  7.1845E-06
 2.6244E+25  1.0294E-05  7.1133E+03  7.4643E-05  8.8112E-04  7.1845E-06
 2.6336E+25  1.0427E-05  7.1122E+03  7.4643E-05  8.6729E-04  7.1845E-06
 2.6429E+25  1.0512E-05  7.1110E+03  7.4643E-05  8.5368E-04  7.1845E-06
 2.6521E+25  1.0532E-05  7.1099E+03  7.4643E-05  8.4049E-04  7.1845E-06
 2.6614E+25  1.0714E-05  7.1088E+03  7.4643E-05  8.2768E-04  7.1845E-06
 2.6707E+25  1.0658E-05  7.1077E+03  7.4643E-05  8.1499E-04  7.1845E-06
 2.6799E+25  1.0817E-05  7.1067E+03  7.4643E-05  8.0244E-04  7.1845E-06
 2.6892E+25  1.0889E-05  7.1056E+03  7.4643E-05  7.9019E-04  7.1845E-06
 2.6984E+25  1.0918E-05  7.1046E+03  7.4643E-05  7.7832E-04  7.1845E-06
 2.7077E+25  1.1104E-05  7.1036E+03  7.4643E-05  7.6668E-04  7.1845E-06
 2.7169E+25  1.1043E-05  7.1026E+03  7.4643E-05  7.5514E-04  7.1845E-06
 2.7262E+25  1.1202E-05  7.1017E+03  7.4643E-05  7.4375E-04  7.1845E-06
 2.7355E+25  1.1290E-05  7.1007E+03  7.4643E-05  7.3269E-04  7.1845E-06
 2.7447E+25  1.1300E-05  7.0998E+03  7.4643E-05  7.2197E-04  7.1845E-06
 2.7540E+25  1.1489E-05  7.0989E+03  7.4643E-05  7.1137E-04  7.1845E-06
 2.7632E+25  1.1453E-05  7.0979E+03  7.4643E-05  7.0087E-04  7.1845E-06
 2.7725E+25  1.1584E-05  7.0970E+03  7.4643E-05  6.9053E-04  7.1845E-06
 2.7817E+25  1.1716E-05  7.0962E+03  7.4643E-05  6.8050E-04  7.1845E-06
 2.7910E+25  1.1679E-05  7.0953E+03  7.4643E-05  6.7077E-04  7.1845E-06
 2.8003E+25  1.1870E-05  7.0945E+03  7.4643E-05  6.6110E-04  7.1845E-06
 2.8095E+25  1.1890E-05  7.0936E+03  7.4643E-05  6.5155E-04  7.1845E-06
 2.8188E+25  1.1962E-05  7.0928E+03  7.4643E-05  6.4214E-04  7.1845E-06
 2.8280E+25  1.2155E-05  7.0920E+03  7.4643E-05  6.3303E-04  7.1845E-06
 2.8373E+25  1.2069E-05  7.0912E+03  7.4643E-05  6.2416E-04  7.1845E-06
 2.8465E+25  1.2247E-05  7.0904E+03  7.4643E-05  6.1536E-04  7.1845E-06
 2.8558E+25  1.2357E-05  7.0897E+03  7.4643E-05  6.0664E-04  7.1845E-06
 2.8651E+25  1.2336E-05  7.0889E+03  7.4643E-05  5.9806E-04  7.1845E-06
 2.8743E+25  1.2532E-05  7.0882E+03  7.4643E-05  5.8973E-04  7.1845E-06
 2.8836E+25  1.2548E-05  7.0874E+03  7.4643E-05  5.8165E-04  7.1845E-06
 2.8928E+25  1.2618E-05  7.0867E+03  7.4643E-05  5.7362E-04  7.1845E-06
 2.9021E+25  1.2817E-05  7.0860E+03  7.4643E-05  5.6567E-04  7.1845E-06
 2.9113E+25  1.2744E-05  7.0853E+03  7.4643E-05  5.5782E-04  7.1845E-06
 2.9206E+25  1.2902E-05  7.0846E+03  7.4643E-05  5.5020E-04  7.1845E-06
 2.9299E+25  1.3062E-05  7.0839E+03  7.4643E-05  5.4278E-04  7.1845E-06
 2.9391E+25  1.2986E-05  7.0833E+03  7.4643E-05  5.3548E-04  7.1845E-06
 2.9484E+25  1.3186E-05  7.0826E+03  7.4643E-05  5.2821E-04  7.1845E-06
 2.9576E+25  1.3273E-05  7.0820E+03  7.4643E-05  5.2103E-04  7.1845E-06
 2.9669E+25  1.3267E-05  7.0813E+03  7.4643E-05  5.1401E-04  7.1845E-06
 2.9761E+25  1.3470E-05  7.0807E+03  7.4643E-05  5.0720E-04  7.1845E-06
 2.9854E+25  1.3491E-05  7.0801E+03  7.4643E-05  5.0054E-04  7.1845E-06
 2.9947E+25  1.3548E-05  7.0795E+03  7.4643E-05  4.9391E-04  7.1845E-06
 3.0039E+25  1.3753E-05  7.0789E+03  7.4643E-05  4.8733E-04  7.1845E-06
 3.0132E+25  1.3715E-05  7.0783E+03  7.4643E-05  4.8086E-04  7.1845E-06
 3.0224E+25  1.3830E-05  7.0777E+03  7.4643E-05  4.7457E-04  7.1845E-06
 3.0317E+25  1.4036E-05  7.0771E+03  7.4643E-05  4.6845E-04  7.1845E-06
 3.0409E+25  1.3947E-05  7.0766E+03  7.4643E-05  4.6241E-04  7.1845E-06
 3.0502E+25  1.4112E-05  7.0760E+03  7.4643E-05  4.5640E-04  7.1845E-06
 3.0594E+25  1.4315E-05  7.0755E+03  7.4643E-05  4.5045E-04  7.1845E-06
 3.0687E+25  1.4191E-05  7.0749E+03  7.4643E-05  4.4462E-04  7.1845E-06
 3.0780E+25  1.4394E-05  7.0744E+03  7.4643E-05  4.3895E-04  7.1845E-06
 3.0872E+25  1.4571E-05  7.0739E+03  7.4643E-05  4.3343E-04  7.1845E-06
 3.0965E+25  1.4465E-05  7.0734E+03  7.4643E-05  4.2795E-04  7.1845E-06
 3.1057E+25  1.4675E-05  7.0729E+03  7.4643E-05  4.2249E-04  7.1845E-06
 3.1150E+25  1.4830E-05  7.0723E+03  7.4643E-05  4.1710E-04  7.1845E-06
 3.1242E+25  1.4743E-05  7.0719E+03  7.4643E-05  4.1184E-04  7.1845E-06
 3.1335E+25  1.4956E-05  7.0714E+03  7.4643E-05  4.0671E-04  7.1845E-06
 3.1428E+25  1.5098E-05  7.0709E+03  7.4643E-05  4.0171E-04  7.1845E-06
 3.1520E+25  1.5022E-05  7.0704E+03  7.4643E-05  3.9673E-04  7.1845E-06
 3.1613E+25  1.5237E-05  7.0700E+03  7.4643E-05  3.9178E-04  7.1845E-06
 3.1705E+25  1.5375E-05  7.0695E+03  7.4643E-05  3.8688E-04  7.1845E-06
 3.1798E+25  1.5300E-05  7.0690E+03  7.4643E-05  3.8211E-04  7.1845E-06
 3.1890E+25  1.5517E-05  7.0686E+03  7.4643E-05  3.7745E-04  7.1845E-06
 3.1983E+25  1.5663E-05  7.0682E+03  7.4643E-05  3.7291E-04  7.1845E-06
 3.2076E+25  1.5578E-05  7.0677E+03  7.4643E-05  3.6838E-04  7.1845E-06
 3.2168E+25  1.5796E-05  7.0673E+03  7.4643E-05  3.6389E-04  7.1845E-06
 3.2261E+25  1.5960E-05  7.0669E+03  7.4643E-05  3.5944E-04  7.1845E-06
 3.2353E+25  1.5855E-05  7.0664E+03  7.4643E-05  3.5509E-04  7.1845E-06
 3.2446E+25  1.6075E-05  7.0660E+03  7.4643E-05  3.5084E-04  7.1845E-06
 3.2538E+25  1.6268E-05  7.0656E+03  7.4643E-05  3.4671E-04  7.1845E-06
 3.2631E+25  1.6132E-05  7.0652E+03  7.4643E-05  3.4260E-04  7.1845E-06
 3.2724E+25  1.6353E-05  7.0648E+03  7.4643E-05  3.3852E-04  7.1845E-06
 3.2816E+25  1.6571E-05  7.0644E+03  7.4643E-05  3.3447E-04  7.1845E-06
 3.2909E+25  1.6424E-05  7.0641E+03  7.4643E-05  3.3047E-04  7.1845E-06
 3.3001E+25  1.6630E-05  7.0637E+03  7.4643E-05  3.2660E-04  7.1845E-06
 3.3094E+25  1.6854E-05  7.0633E+03  7.4643E-05  3.2282E-04  7.1845E-06
 3.3186E+25  1.6749E-05  7.0629E+03  7.4643E-05  3.1910E-04  7.1845E-06
 3.3279E+25  1.6906E-05  7.0626E+03  7.4643E-05  3.1538E-04  7.1845E-06
 3.3372E+25  1.7132E-05  7.0622E+03  7.4643E-05  3.1169E-04  7.1845E-06
 3.3464E+25  1.7088E-05  7.0619E+03  7.4643E-05  3.0804E-04  7.1845E-06
 3.3557E+25  1.7182E-05  7.0615E+03  7.4643E-05  3.0448E-04  7.1845E-06
 3.3649E+25  1.7410E-05  7.0612E+03  7.4643E-05  3.0100E-04  7.1845E-06
 3.3742E+25  1.7441E-05  7.0608E+03  7.4643E-05  2.9761E-04  7.1845E-06
 3.3834E+25  1.7456E-05  7.0605E+03  7.4643E-05  2.9424E-04  7.1845E-06
 3.3927E+25  1.7687E-05  7.0602E+03  7.4643E-05  2.9088E-04  7.1845E-06
 3.4020E+25  1.7807E-05  7.0598E+03  7.4643E-05  2.8755E-04  7.1845E-06
 3.4112E+25  1.7730E-05  7.0595E+03  7.4643E-05  2.8426E-04  7.1845E-06
 3.4205E+25  1.7962E-05  7.0592E+03  7.4643E-05  2.8106E-04  7.1845E-06
 3.4297E+25  1.8184E-05  7.0589E+03  7.4643E-05  2.7793E-04  7.1845E-06
 3.4390E+25  1.8008E-05  7.0586E+03  7.4643E-05  2.7487E-04  7.1845E-06
 3.4482E+25  1.8236E-05  7.0583E+03  7.4643E-05  2.7182E-04  7.1845E-06
 3.4575E+25  1.8470E-05  7.0580E+03  7.4643E-05  2.6878E-04  7.1845E-06
 3.4668E+25  1.8389E-05  7.0576E+03  7.4643E-05  2.6576E-04  7.1845E-06
 3.4760E+25  1.8509E-05  7.0574E+03  7.4643E-05  2.6280E-04  7.1845E-06
 3.4853E+25  1.8746E-05  7.0571E+03  7.4643E-05  2.5990E-04  7.1845E-06
 3.4945E+25  1.8795E-05  7.0568E+03  7.4643E-05  2.5708E-04  7.1845E-06
 3.5038E+25  1.8781E-05  7.0565E+03  7.4643E-05  2.5431E-04  7.1845E-06
 3.5130E+25  1.9020E-05  7.0562E+03  7.4643E-05  2.5155E-04  7.1845E-06
 3.5223E+25  1.9217E-05  7.0559E+03  7.4643E-05  2.4880E-04  7.1845E-06
 3.5316E+25  1.9053E-05  7.0557E+03  7.4643E-05  2.4607E-04  7.1845E-06
 3.5408E+25  1.9291E-05  7.0554E+03  7.4643E-05  2.4338E-04  7.1845E-06
 3.5501E+25  1.9532E-05  7.0551E+03  7.4643E-05  2.4076E-04  7.1845E-06
 3.5593E+25  1.9448E-05  7.0548E+03  7.4643E-05  2.3819E-04  7.1845E-06
 3.5686E+25  1.9562E-05  7.0546E+03  7.4643E-05  2.3569E-04  7.1845E-06
 3.5778E+25  1.9806E-05  7.0543E+03  7.4643E-05  2.3318E-04  7.1845E-06
 3.5871E+25  1.9900E-05  7.0541E+03  7.4643E-05  2.3070E-04  7.1845E-06
 3.5964E+25  1.9832E-05  7.0538E+03  7.4643E-05  2.2822E-04  7.1845E-06
 3.6056E+25  2.0076E-05  7.0536E+03  7.4643E-05  2.2577E-04  7.1845E-06
 3.6149E+25  2.0320E-05  7.0533E+03  7.4643E-05  2.2339E-04  7.1845E-06
 3.6241E+25  2.0152E-05  7.0531E+03  7.4643E-05  2.2105E-04  7.1845E-06
 3.6334E+25  2.0345E-05  7.0529E+03  7.4643E-05  2.1877E-04  7.1845E-06
 3.6426E+25  2.0594E-05  7.0526E+03  7.4643E-05  2.1651E-04  7.1845E-06
 3.6519E+25  2.0636E-05  7.0524E+03  7.4643E-05  2.1425E-04  7.1845E-06
 3.6612E+25  2.0614E-05  7.0521E+03  7.4643E-05  2.1201E-04  7.1845E-06
 3.6704E+25  2.0863E-05  7.0519E+03  7.4643E-05  2.0978E-04  7.1845E-06
 3.6797E+25  2.1110E-05  7.0517E+03  7.4643E-05  2.0760E-04  7.1845E-06
 3.6889E+25  2.0913E-05  7.0515E+03  7.4643E-05  2.0546E-04  7.1845E-06
 3.6982E+25  2.1130E-05  7.0512E+03  7.4643E-05  2.0338E-04  7.1845E-06
 3.7074E+25  2.1384E-05  7.0510E+03  7.4643E-05  2.0133E-04  7.1845E-06
 3.7167E+25  2.1429E-05  7.0508E+03  7.4643E-05  1.9929E-04  7.1845E-06
 3.7260E+25  2.1398E-05  7.0506E+03  7.4643E-05  1.9725E-04  7.1845E-06
 3.7352E+25  2.1651E-05  7.0504E+03  7.4643E-05  1.9523E-04  7.1845E-06
 3.7445E+25  2.1905E-05  7.0502E+03  7.4643E-05  1.9323E-04  7.1845E-06
 3.7537E+25  2.1731E-05  7.0500E+03  7.4643E-05  1.9127E-04  7.1845E-06
 3.7630E+25  2.1917E-05  7.0498E+03  7.4643E-05  1.8934E-04  7.1845E-06
 3.7722E+25  2.2175E-05  7.0496E+03  7.4643E-05  1.8748E-04  7.1845E-06
 3.7815E+25  2.2287E-05  7.0494E+03  7.4643E-05  1.8563E-04  7.1845E-06
 3.7908E+25  2.2184E-05  7.0492E+03  7.4643E-05  1.8379E-04  7.1845E-06
 3.8000E+25  2.2439E-05  7.0490E+03  7.4643E-05  1.8195E-04  7.1845E-06
 3.8093E+25  2.2700E-05  7.0488E+03  7.4643E-05  1.8012E-04  7.1845E-06
 3.8185E+25  2.2617E-05  7.0486E+03  7.4643E-05  1.7832E-04  7.1845E-06
 3.8278E+25  2.2705E-05  7.0484E+03  7.4643E-05  1.7655E-04  7.1845E-06
 3.8370E+25  2.2966E-05  7.0482E+03  7.4643E-05  1.7482E-04  7.1845E-06
 3.8463E+25  2.3213E-05  7.0480E+03  7.4643E-05  1.7314E-04  7.1845E-06
 3.8556E+25  2.2974E-05  7.0479E+03  7.4643E-05  1.7147E-04  7.1845E-06
 3.8648E+25  2.3229E-05  7.0477E+03  7.4643E-05  1.6980E-04  7.1845E-06
 3.8741E+25  2.3495E-05  7.0475E+03  7.4643E-05  1.6814E-04  7.1845E-06
 3.8833E+25  2.3577E-05  7.0473E+03  7.4643E-05  1.6649E-04  7.1845E-06
 3.8926E+25  2.3495E-05  7.0471E+03  7.4643E-05  1.6486E-04  7.1845E-06
 3.9018E+25  2.3757E-05  7.0470E+03  7.4643E-05  1.6326E-04  7.1845E-06
 3.9111E+25  2.4026E-05  7.0468E+03  7.4643E-05  1.6169E-04  7.1845E-06
 3.9204E+25  2.3953E-05  7.0466E+03  7.4643E-05  1.6017E-04  7.1845E-06
 3.9296E+25  2.4022E-05  7.0465E+03  7.4643E-05  1.5866E-04  7.1845E-06
 3.9389E+25  2.4288E-05  7.0463E+03  7.4643E-05  1.5716E-04  7.1845E-06
 3.9481E+25  2.4558E-05  7.0461E+03  7.4643E-05  1.5566E-04  7.1845E-06
 3.9574E+25  2.4345E-05  7.0460E+03  7.4643E-05  1.5417E-04  7.1845E-06
 3.9666E+25  2.4550E-05  7.0458E+03  7.4643E-05  1.5268E-04  7.1845E-06
 3.9759E+25  2.4822E-05  7.0456E+03  7.4643E-05  1.5123E-04  7.1845E-06
 3.9852E+25  2.5029E-05  7.0455E+03  7.4643E-05  1.4981E-04  7.1845E-06
 3.9944E+25  2.4815E-05  7.0453E+03  7.4643E-05  1.4841E-04  7.1845E-06
 4.0037E+25  2.5082E-05  7.0452E+03  7.4643E-05  1.4705E-04  7.1845E-06
 4.0129E+25  2.5358E-05  7.0450E+03  7.4643E-05  1.4569E-04  7.1845E-06
 4.0222E+25  2.5459E-05  7.0449E+03  7.4643E-05  1.4434E-04  7.1845E-06
 4.0314E+25  2.5346E-05  7.0447E+03  7.4643E-05  1.4299E-04  7.1845E-06
 4.0407E+25  2.5617E-05  7.0446E+03  7.4643E-05  1.4165E-04  7.1845E-06
 4.0500E+25  2.5896E-05  7.0444E+03  7.4643E-05  1.4032E-04  7.1845E-06
 4.0592E+25  2.5905E-05  7.0443E+03  7.4643E-05  1.3902E-04  7.1845E-06
 4.0685E+25  2.5880E-05  7.0442E+03  7.4643E-05  1.3774E-04  7.1845E-06
 4.0777E+25  2.6154E-05  7.0440E+03  7.4643E-05  1.3650E-04  7.1845E-06
 4.0870E+25  2.6436E-05  7.0439E+03  7.4643E-05  1.3528E-04  7.1845E-06
 4.0962E+25  2.6370E-05  7.0437E+03  7.4643E-05  1.3405E-04  7.1845E-06
 4.1055E+25  2.6417E-05  7.0436E+03  7.4643E-05  1.3283E-04  7.1845E-06
 4.1148E+25  2.6693E-05  7.0435E+03  7.4643E-05  1.3162E-04  7.1845E-06
 4.1240E+25  2.6979E-05  7.0433E+03  7.4643E-05  1.3041E-04  7.1845E-06
 4.1333E+25  2.6854E-05  7.0432E+03  7.4643E-05  1.2922E-04  7.1845E-06
 4.1425E+25  2.6956E-05  7.0431E+03  7.4643E-05  1.2805E-04  7.1845E-06
 4.1518E+25  2.7235E-05  7.0429E+03  7.4643E-05  1.2690E-04  7.1845E-06
 4.1610E+25  2.7524E-05  7.0428E+03  7.4643E-05  1.2579E-04  7.1845E-06
 4.1703E+25  2.7358E-05  7.0427E+03  7.4643E-05  1.2468E-04  7.1845E-06
 4.1796E+25  2.7497E-05  7.0426E+03  7.4643E-05  1.2358E-04  7.1845E-06
 4.1888E+25  2.7780E-05  7.0424E+03  7.4643E-05  1.2248E-04  7.1845E-06
 4.1981E+25  2.8071E-05  7.0423E+03  7.4643E-05  1.2139E-04  7.1845E-06
 4.2073E+25  2.7883E-05  7.0422E+03  7.4643E-05  1.2030E-04  7.1845E-06
 4.2166E+25  2.8041E-05  7.0421E+03  7.4643E-05  1.1922E-04  7.1845E-06
 4.2258E+25  2.8326E-05  7.0419E+03  7.4643E-05  1.1817E-04  7.1845E-06
 4.2351E+25  2.8620E-05  7.0418E+03  7.4643E-05  1.1713E-04  7.1845E-06
 4.2443E+25  2.8431E-05  7.0417E+03  7.4643E-05  1.1612E-04  7.1845E-06
 4.2536E+25  2.8588E-05  7.0416E+03  7.4643E-05  1.1513E-04  7.1845E-06
 4.2629E+25  2.8875E-05  7.0415E+03  7.4643E-05  1.1414E-04  7.1845E-06
 4.2721E+25  2.9171E-05  7.0413E+03  7.4643E-05  1.1314E-04  7.1845E-06
 4.2814E+25  2.9001E-05  7.0412E+03  7.4643E-05  1.1216E-04  7.1845E-06
 4.2906E+25  2.9137E-05  7.0411E+03  7.4643E-05  1.1118E-04  7.1845E-06
 4.2999E+25  2.9427E-05  7.0410E+03  7.4643E-05  1.1020E-04  7.1845E-06
 4.3091E+25  2.9724E-05  7.0409E+03  7.4643E-05  1.0925E-04  7.1845E-06
 4.3184E+25  2.9595E-05  7.0408E+03  7.4643E-05  1.0830E-04  7.1845E-06
 4.3277E+25  2.9687E-05  7.0407E+03  7.4643E-05  1.0738E-04  7.1845E-06
 4.3369E+25  2.9982E-05  7.0406E+03  7.4643E-05  1.0649E-04  7.1845E-06
 4.3462E+25  3.0279E-05  7.0405E+03  7.4643E-05  1.0559E-04  7.1845E-06
 4.3554E+25  3.0214E-05  7.0404E+03  7.4643E-05  1.0470E-04  7.1845E-06
 4.3647E+25  3.0240E-05  7.0403E+03  7.4643E-05  1.0381E-04  7.1845E-06
 4.3739E+25  3.0538E-05  7.0402E+03  7.4643E-05  1.0293E-04  7.1845E-06
 4.3832E+25  3.0837E-05  7.0401E+03  7.4643E-05  1.0204E-04  7.1845E-06
 4.3925E+25  3.0858E-05  7.0399E+03  7.4643E-05  1.0117E-04  7.1845E-06
 4.4017E+25  3.0797E-05  7.0399E+03  7.4643E-05  1.0032E-04  7.1845E-06
 4.4110E+25  3.1097E-05  7.0398E+03  7.4643E-05  9.9470E-05  7.1845E-06
 4.4202E+25  3.1397E-05  7.0397E+03  7.4643E-05  9.8655E-05  7.1845E-06
 4.4295E+25  3.1526E-05  7.0395E+03  7.4643E-05  9.7852E-05  7.1845E-06
 4.4387E+25  3.1357E-05  7.0395E+03  7.4643E-05  9.7048E-05  7.1845E-06
 4.4480E+25  3.1659E-05  7.0394E+03  7.4643E-05  9.6245E-05  7.1845E-06
 4.4573E+25  3.1961E-05  7.0393E+03  7.4643E-05  9.5443E-05  7.1845E-06
 4.4665E+25  3.2221E-05  7.0392E+03  7.4643E-05  9.4648E-05  7.1845E-06
 4.4758E+25  3.1921E-05  7.0391E+03  7.4643E-05  9.3855E-05  7.1845E-06
 4.4850E+25  3.2221E-05  7.0390E+03  7.4643E-05  9.3074E-05  7.1845E-06
 4.4943E+25  3.2529E-05  7.0389E+03  7.4643E-05  9.2306E-05  7.1845E-06
 4.5035E+25  3.2837E-05  7.0388E+03  7.4643E-05  9.1545E-05  7.1845E-06
 4.5128E+25  3.2592E-05  7.0387E+03  7.4643E-05  9.0814E-05  7.1845E-06
 4.5221E+25  3.2788E-05  7.0386E+03  7.4643E-05  9.0091E-05  7.1845E-06
 4.5313E+25  3.3098E-05  7.0385E+03  7.4643E-05  8.9368E-05  7.1845E-06
 4.5406E+25  3.3408E-05  7.0384E+03  7.4643E-05  8.8643E-05  7.1845E-06
 4.5498E+25  3.3339E-05  7.0384E+03  7.4643E-05  8.7924E-05  7.1845E-06
 4.5591E+25  3.3359E-05  7.0383E+03  7.4643E-05  8.7208E-05  7.1845E-06
 4.5683E+25  3.3670E-05  7.0382E+03  7.4643E-05  8.6495E-05  7.1845E-06
 4.5776E+25  3.3983E-05  7.0381E+03  7.4643E-05  8.5790E-05  7.1845E-06
 4.5869E+25  3.4115E-05  7.0380E+03  7.4643E-05  8.5098E-05  7.1845E-06
 4.5961E+25  3.3934E-05  7.0379E+03  7.4643E-05  8.4410E-05  7.1845E-06
 4.6054E+25  3.4242E-05  7.0379E+03  7.4643E-05  8.3749E-05  7.1845E-06
 4.6146E+25  3.4561E-05  7.0378E+03  7.4643E-05  8.3099E-05  7.1845E-06
 4.6239E+25  3.4873E-05  7.0377E+03  7.4643E-05  8.2449E-05  7.1845E-06
 4.6331E+25  3.4557E-05  7.0376E+03  7.4643E-05  8.1798E-05  7.1845E-06
 4.6424E+25  3.4822E-05  7.0375E+03  7.4643E-05  8.1151E-05  7.1845E-06
 4.6517E+25  3.5141E-05  7.0375E+03  7.4643E-05  8.0505E-05  7.1845E-06
 4.6609E+25  3.5461E-05  7.0374E+03  7.4643E-05  7.9862E-05  7.1845E-06
 4.6702E+25  3.5387E-05  7.0373E+03  7.4643E-05  7.9224E-05  7.1845E-06
 4.6794E+25  3.5406E-05  7.0372E+03  7.4643E-05  7.8599E-05  7.1845E-06
 4.6887E+25  3.5721E-05  7.0372E+03  7.4643E-05  7.7977E-05  7.1845E-06
 4.6979E+25  3.6047E-05  7.0371E+03  7.4643E-05  7.7369E-05  7.1845E-06
 4.7072E+25  3.6255E-05  7.0370E+03  7.4643E-05  7.6783E-05  7.1845E-06
 4.7165E+25  3.5987E-05  7.0369E+03  7.4643E-05  7.6200E-05  7.1845E-06
 4.7257E+25  3.6310E-05  7.0369E+03  7.4643E-05  7.5615E-05  7.1845E-06
 4.7350E+25  3.6634E-05  7.0368E+03  7.4643E-05  7.5031E-05  7.1845E-06
 4.7442E+25  3.6962E-05  7.0367E+03  7.4643E-05  7.4450E-05  7.1845E-06
 4.7535E+25  3.6768E-05  7.0366E+03  7.4643E-05  7.3871E-05  7.1845E-06
 4.7627E+25  3.6901E-05  7.0366E+03  7.4643E-05  7.3295E-05  7.1845E-06
 4.7720E+25  3.7224E-05  7.0365E+03  7.4643E-05  7.2724E-05  7.1845E-06
 4.7813E+25  3.7558E-05  7.0364E+03  7.4643E-05  7.2163E-05  7.1845E-06
 4.7905E+25  3.7701E-05  7.0363E+03  7.4643E-05  7.1603E-05  7.1845E-06
 4.7998E+25  3.7491E-05  7.0363E+03  7.4643E-05  7.1064E-05  7.1845E-06
 4.8090E+25  3.7823E-05  7.0362E+03  7.4643E-05  7.0539E-05  7.1845E-06
 4.8183E+25  3.8151E-05  7.0361E+03  7.4643E-05  7.0016E-05  7.1845E-06
 4.8275E+25  3.8489E-05  7.0361E+03  7.4643E-05  6.9490E-05  7.1845E-06
 4.8368E+25  3.8267E-05  7.0360E+03  7.4643E-05  6.8966E-05  7.1845E-06
 4.8461E+25  3.8421E-05  7.0359E+03  7.4643E-05  6.8444E-05  7.1845E-06
 4.8553E+25  3.8754E-05  7.0359E+03  7.4643E-05  6.7924E-05  7.1845E-06
 4.8646E+25  3.9091E-05  7.0358E+03  7.4643E-05  6.7406E-05  7.1845E-06
 4.8738E+25  3.9272E-05  7.0357E+03  7.4643E-05  6.6894E-05  7.1845E-06
 4.8831E+25  3.9017E-05  7.0357E+03  7.4643E-05  6.6389E-05  7.1845E-06
 4.8923E+25  3.9361E-05  7.0356E+03  7.4643E-05  6.5887E-05  7.1845E-06
 4.9016E+25  3.9696E-05  7.0355E+03  7.4643E-05  6.5401E-05  7.1845E-06
 4.9109E+25  4.0041E-05  7.0355E+03  7.4643E-05  6.4928E-05  7.1845E-06
 4.9201E+25  3.9895E-05  7.0354E+03  7.4643E-05  6.4457E-05  7.1845E-06
 4.9294E+25  3.9965E-05  7.0354E+03  7.4643E-05  6.3986E-05  7.1845E-06
 4.9386E+25  4.0311E-05  7.0353E+03  7.4643E-05  6.3515E-05  7.1845E-06
 4.9479E+25  4.0649E-05  7.0352E+03  7.4643E-05  6.3047E-05  7.1845E-06
 4.9571E+25  4.0970E-05  7.0352E+03  7.4643E-05  6.2579E-05  7.1845E-06
 4.9664E+25  4.0577E-05  7.0351E+03  7.4643E-05  6.2114E-05  7.1845E-06
 4.9757E+25  4.0922E-05  7.0351E+03  7.4643E-05  6.1651E-05  7.1845E-06
 4.9849E+25  4.1271E-05  7.0350E+03  7.4643E-05  6.1196E-05  7.1845E-06
 4.9942E+25  4.1615E-05  7.0349E+03  7.4643E-05  6.0744E-05  7.1845E-06
 5.0034E+25  4.1662E-05  7.0349E+03  7.4643E-05  6.0299E-05  7.1845E-06
 5.0127E+25  4.1534E-05  7.0348E+03  7.4643E-05  5.9874E-05  7.1845E-06
 5.0219E+25  4.1890E-05  7.0348E+03  7.4643E-05  5.9451E-05  7.1845E-06
 5.0312E+25  4.2241E-05  7.0347E+03  7.4643E-05  5.9029E-05  7.1845E-06
 5.0405E+25  4.2592E-05  7.0346E+03  7.4643E-05  5.8606E-05  7.1845E-06
 5.0497E+25  4.2380E-05  7.0346E+03  7.4643E-05  5.8183E-05  7.1845E-06
 5.0590E+25  4.2508E-05  7.0345E+03  7.4643E-05  5.7763E-05  7.1845E-06
 5.0682E+25  4.2869E-05  7.0345E+03  7.4643E-05  5.7345E-05  7.1845E-06
 5.0775E+25  4.3223E-05  7.0344E+03  7.4643E-05  5.6927E-05  7.1845E-06
 5.0867E+25  4.3556E-05  7.0344E+03  7.4643E-05  5.6515E-05  7.1845E-06
 5.0960E+25  4.3154E-05  7.0343E+03  7.4643E-05  5.6107E-05  7.1845E-06
 5.1053E+25  4.3493E-05  7.0343E+03  7.4643E-05  5.5701E-05  7.1845E-06
 5.1145E+25  4.3859E-05  7.0342E+03  7.4643E-05  5.5309E-05  7.1845E-06
 5.1238E+25  4.4216E-05  7.0341E+03  7.4643E-05  5.4927E-05  7.1845E-06
 5.1330E+25  4.4356E-05  7.0341E+03  7.4643E-05  5.4549E-05  7.1845E-06
 5.1423E+25  4.4134E-05  7.0340E+03  7.4643E-05  5.4170E-05  7.1845E-06
 5.1515E+25  4.4490E-05  7.0340E+03  7.4643E-05  5.3791E-05  7.1845E-06
 5.1608E+25  4.4860E-05  7.0339E+03  7.4643E-05  5.3412E-05  7.1845E-06
 5.1701E+25  4.5221E-05  7.0339E+03  7.4643E-05  5.3036E-05  7.1845E-06
 5.1793E+25  4.5179E-05  7.0338E+03  7.4643E-05  5.2660E-05  7.1845E-06
 5.1886E+25  4.5138E-05  7.0338E+03  7.4643E-05  5.2285E-05  7.1845E-06
 5.1978E+25  4.5498E-05  7.0337E+03  7.4643E-05  5.1916E-05  7.1845E-06
 5.2071E+25  4.5873E-05  7.0337E+03  7.4643E-05  5.1549E-05  7.1845E-06
 5.2163E+25  4.6239E-05  7.0336E+03  7.4643E-05  5.1184E-05  7.1845E-06
 5.2256E+25  4.6037E-05  7.0336E+03  7.4643E-05  5.0832E-05  7.1845E-06
 5.2349E+25  4.6155E-05  7.0335E+03  7.4643E-05  5.0490E-05  7.1845E-06
 5.2441E+25  4.6518E-05  7.0335E+03  7.4643E-05  5.0151E-05  7.1845E-06
 5.2534E+25  4.6898E-05  7.0334E+03  7.4643E-05  4.9812E-05  7.1845E-06
 5.2626E+25  4.7267E-05  7.0334E+03  7.4643E-05  4.9471E-05  7.1845E-06
 5.2719E+25  4.6933E-05  7.0333E+03  7.4643E-05  4.9132E-05  7.1845E-06
 5.2811E+25  4.7184E-05  7.0333E+03  7.4643E-05  4.8794E-05  7.1845E-06
 5.2904E+25  4.7550E-05  7.0333E+03  7.4643E-05  4.8457E-05  7.1845E-06
 5.2997E+25  4.7934E-05  7.0332E+03  7.4643E-05  4.8121E-05  7.1845E-06
 5.3089E+25  4.8295E-05  7.0331E+03  7.4643E-05  4.7788E-05  7.1845E-06
 5.3182E+25  4.7878E-05  7.0331E+03  7.4643E-05  4.7458E-05  7.1845E-06
 5.3274E+25  4.8226E-05  7.0331E+03  7.4643E-05  4.7129E-05  7.1845E-06
 5.3367E+25  4.8595E-05  7.0330E+03  7.4643E-05  4.6807E-05  7.1845E-06
 5.3459E+25  4.8984E-05  7.0330E+03  7.4643E-05  4.6500E-05  7.1845E-06
 5.3552E+25  4.9301E-05  7.0329E+03  7.4643E-05  4.6195E-05  7.1845E-06
 5.3645E+25  4.8898E-05  7.0329E+03  7.4643E-05  4.5891E-05  7.1845E-06
 5.3737E+25  4.9281E-05  7.0328E+03  7.4643E-05  4.5585E-05  7.1845E-06
 5.3830E+25  4.9655E-05  7.0328E+03  7.4643E-05  4.5281E-05  7.1845E-06
 5.3922E+25  5.0045E-05  7.0327E+03  7.4643E-05  4.4978E-05  7.1845E-06
 5.4015E+25  5.0316E-05  7.0327E+03  7.4643E-05  4.4675E-05  7.1845E-06
 5.4107E+25  4.9959E-05  7.0327E+03  7.4643E-05  4.4373E-05  7.1845E-06
 5.4200E+25  5.0349E-05  7.0326E+03  7.4643E-05  4.4072E-05  7.1845E-06
 5.4292E+25  5.0730E-05  7.0326E+03  7.4643E-05  4.3775E-05  7.1845E-06
 5.4385E+25  5.1119E-05  7.0325E+03  7.4643E-05  4.3480E-05  7.1845E-06
 5.4478E+25  5.1371E-05  7.0325E+03  7.4643E-05  4.3185E-05  7.1845E-06
 5.4570E+25  5.1037E-05  7.0324E+03  7.4643E-05  4.2902E-05  7.1845E-06
 5.4663E+25  5.1430E-05  7.0324E+03  7.4643E-05  4.2627E-05  7.1845E-06
 5.4755E+25  5.1818E-05  7.0324E+03  7.4643E-05  4.2354E-05  7.1845E-06
 5.4848E+25  5.2206E-05  7.0323E+03  7.4643E-05  4.2081E-05  7.1845E-06
 5.4940E+25  5.2467E-05  7.0323E+03  7.4643E-05  4.1808E-05  7.1845E-06
 5.5033E+25  5.2132E-05  7.0322E+03  7.4643E-05  4.1535E-05  7.1845E-06
 5.5126E+25  5.2525E-05  7.0322E+03  7.4643E-05  4.1264E-05  7.1845E-06
 5.5218E+25  5.2920E-05  7.0322E+03  7.4643E-05  4.0992E-05  7.1845E-06
 5.5311E+25  5.3309E-05  7.0321E+03  7.4643E-05  4.0722E-05  7.1845E-06
 5.5403E+25  5.3604E-05  7.0321E+03  7.4643E-05  4.0453E-05  7.1845E-06
 5.5496E+25  5.3242E-05  7.0320E+03  7.4643E-05  4.0186E-05  7.1845E-06
 5.5588E+25  5.3631E-05  7.0320E+03  7.4643E-05  3.9921E-05  7.1845E-06
 5.5681E+25  5.4036E-05  7.0320E+03  7.4643E-05  3.9657E-05  7.1845E-06
 5.5774E+25  5.4431E-05  7.0319E+03  7.4643E-05  3.9402E-05  7.1845E-06
 5.5866E+25  5.4782E-05  7.0319E+03  7.4643E-05  3.9156E-05  7.1845E-06
 5.5959E+25  5.4366E-05  7.0318E+03  7.4643E-05  3.8911E-05  7.1845E-06
 5.6051E+25  5.4756E-05  7.0318E+03  7.4643E-05  3.8667E-05  7.1845E-06
 5.6144E+25  5.5166E-05  7.0318E+03  7.4643E-05  3.8422E-05  7.1845E-06
 5.6236E+25  5.5570E-05  7.0317E+03  7.4643E-05  3.8178E-05  7.1845E-06
 5.6329E+25  5.5957E-05  7.0317E+03  7.4643E-05  3.7934E-05  7.1845E-06
 5.6422E+25  5.5549E-05  7.0316E+03  7.4643E-05  3.7691E-05  7.1845E-06
 5.6514E+25  5.5903E-05  7.0316E+03  7.4643E-05  3.7448E-05  7.1845E-06
 5.6607E+25  5.6309E-05  7.0316E+03  7.4643E-05  3.7207E-05  7.1845E-06
 5.6699E+25  5.6722E-05  7.0315E+03  7.4643E-05  3.6967E-05  7.1845E-06
 5.6792E+25  5.7124E-05  7.0315E+03  7.4643E-05  3.6729E-05  7.1845E-06
 5.6884E+25  5.6805E-05  7.0315E+03  7.4643E-05  3.6491E-05  7.1845E-06
 5.6977E+25  5.7066E-05  7.0314E+03  7.4643E-05  3.6258E-05  7.1845E-06
 5.7070E+25  5.7465E-05  7.0314E+03  7.4643E-05  3.6036E-05  7.1845E-06
 5.7162E+25  5.7888E-05  7.0314E+03  7.4643E-05  3.5816E-05  7.1845E-06
 5.7255E+25  5.8303E-05  7.0313E+03  7.4643E-05  3.5597E-05  7.1845E-06
 5.7347E+25  5.8115E-05  7.0313E+03  7.4643E-05  3.5379E-05  7.1845E-06
 5.7440E+25  5.8238E-05  7.0312E+03  7.4643E-05  3.5160E-05  7.1845E-06
 5.7532E+25  5.8650E-05  7.0312E+03  7.4643E-05  3.4941E-05  7.1845E-06
 5.7625E+25  5.9069E-05  7.0312E+03  7.4643E-05  3.4723E-05  7.1845E-06
 5.7718E+25  5.9492E-05  7.0311E+03  7.4643E-05  3.4506E-05  7.1845E-06
 5.7810E+25  5.9481E-05  7.0311E+03  7.4643E-05  3.4289E-05  7.1845E-06
 5.7903E+25  5.9425E-05  7.0311E+03  7.4643E-05  3.4072E-05  7.1845E-06
 5.7995E+25  5.9853E-05  7.0310E+03  7.4643E-05  3.3858E-05  7.1845E-06
 5.8088E+25  6.0263E-05  7.0310E+03  7.4643E-05  3.3645E-05  7.1845E-06
 5.8180E+25  6.0697E-05  7.0310E+03  7.4643E-05  3.3432E-05  7.1845E-06
 5.8273E+25  6.0901E-05  7.0309E+03  7.4643E-05  3.3225E-05  7.1845E-06
 5.8366E+25  6.0629E-05  7.0309E+03  7.4643E-05  3.3027E-05  7.1845E-06
 5.8458E+25  6.1063E-05  7.0309E+03  7.4643E-05  3.2830E-05  7.1845E-06
 5.8551E+25  6.1488E-05  7.0308E+03  7.4643E-05  3.2635E-05  7.1845E-06
 5.8643E+25  6.1915E-05  7.0308E+03  7.4643E-05  3.2439E-05  7.1845E-06
 5.8736E+25  6.2330E-05  7.0308E+03  7.4643E-05  3.2243E-05  7.1845E-06
 5.8828E+25  6.1896E-05  7.0307E+03  7.4643E-05  3.2048E-05  7.1845E-06
 5.8921E+25  6.2290E-05  7.0307E+03  7.4643E-05  3.1853E-05  7.1845E-06
 5.9014E+25  6.2730E-05  7.0307E+03  7.4643E-05  3.1658E-05  7.1845E-06
 5.9106E+25  6.3153E-05  7.0306E+03  7.4643E-05  3.1464E-05  7.1845E-06
 5.9199E+25  6.3596E-05  7.0306E+03  7.4643E-05  3.1270E-05  7.1845E-06
 5.9291E+25  6.3391E-05  7.0306E+03  7.4643E-05  3.1078E-05  7.1845E-06
 5.9384E+25  6.3540E-05  7.0305E+03  7.4643E-05  3.0887E-05  7.1845E-06
 5.9476E+25  6.3981E-05  7.0305E+03  7.4643E-05  3.0696E-05  7.1845E-06
 5.9569E+25  6.4424E-05  7.0305E+03  7.4643E-05  3.0509E-05  7.1845E-06
 5.9662E+25  6.4854E-05  7.0304E+03  7.4643E-05  3.0331E-05  7.1845E-06
 5.9754E+25  6.4954E-05  7.0304E+03  7.4643E-05  3.0154E-05  7.1845E-06
 5.9847E+25  6.4819E-05  7.0304E+03  7.4643E-05  2.9980E-05  7.1845E-06
 5.9939E+25  6.5251E-05  7.0303E+03  7.4643E-05  2.9805E-05  7.1845E-06
 6.0032E+25  6.5702E-05  7.0303E+03  7.4643E-05  2.9629E-05  7.1845E-06
 6.0124E+25  6.6145E-05  7.0303E+03  7.4643E-05  2.9454E-05  7.1845E-06
 6.0217E+25  6.6549E-05  7.0302E+03  7.4643E-05  2.9279E-05  7.1845E-06
 6.0310E+25  6.6126E-05  7.0302E+03  7.4643E-05  2.9105E-05  7.1845E-06
 6.0402E+25  6.6554E-05  7.0302E+03  7.4643E-05  2.8931E-05  7.1845E-06
 6.0495E+25  6.6997E-05  7.0301E+03  7.4643E-05  2.8758E-05  7.1845E-06
 6.0587E+25  6.7455E-05  7.0301E+03  7.4643E-05  2.8585E-05  7.1845E-06
 6.0680E+25  6.7897E-05  7.0301E+03  7.4643E-05  2.8413E-05  7.1845E-06
 6.0772E+25  6.7749E-05  7.0301E+03  7.4643E-05  2.8242E-05  7.1845E-06
 6.0865E+25  6.7876E-05  7.0300E+03  7.4643E-05  2.8072E-05  7.1845E-06
 6.0958E+25  6.8322E-05  7.0300E+03  7.4643E-05  2.7909E-05  7.1845E-06
 6.1050E+25  6.8776E-05  7.0300E+03  7.4643E-05  2.7750E-05  7.1845E-06
 6.1143E+25  6.9241E-05  7.0299E+03  7.4643E-05  2.7592E-05  7.1845E-06
 6.1235E+25  6.9456E-05  7.0299E+03  7.4643E-05  2.7437E-05  7.1845E-06
 6.1328E+25  6.9218E-05  7.0299E+03  7.4643E-05  2.7280E-05  7.1845E-06
 6.1420E+25  6.9673E-05  7.0298E+03  7.4643E-05  2.7123E-05  7.1845E-06
 6.1513E+25  7.0125E-05  7.0298E+03  7.4643E-05  2.6966E-05  7.1845E-06
 6.1606E+25  7.0587E-05  7.0298E+03  7.4643E-05  2.6811E-05  7.1845E-06
 6.1698E+25  7.1054E-05  7.0297E+03  7.4643E-05  2.6655E-05  7.1845E-06
 6.1791E+25  7.0755E-05  7.0297E+03  7.4643E-05  2.6499E-05  7.1845E-06
 6.1883E+25  7.1043E-05  7.0297E+03  7.4643E-05  2.6344E-05  7.1845E-06
 6.1976E+25  7.1505E-05  7.0297E+03  7.4643E-05  2.6189E-05  7.1845E-06
 6.2068E+25  7.1962E-05  7.0296E+03  7.4643E-05  2.6036E-05  7.1845E-06
 6.2161E+25  7.2433E-05  7.0296E+03  7.4643E-05  2.5882E-05  7.1845E-06
 6.2254E+25  7.2586E-05  7.0296E+03  7.4643E-05  2.5730E-05  7.1845E-06
 6.2346E+25  7.2428E-05  7.0295E+03  7.4643E-05  2.5584E-05  7.1845E-06
 6.2439E+25  7.2903E-05  7.0295E+03  7.4643E-05  2.5442E-05  7.1845E-06
 6.2531E+25  7.3372E-05  7.0295E+03  7.4643E-05  2.5301E-05  7.1845E-06
 6.2624E+25  7.3835E-05  7.0295E+03  7.4643E-05  2.5162E-05  7.1845E-06
 6.2716E+25  7.4308E-05  7.0294E+03  7.4643E-05  2.5022E-05  7.1845E-06
 6.2809E+25  7.4002E-05  7.0294E+03  7.4643E-05  2.4882E-05  7.1845E-06
 6.2902E+25  7.4319E-05  7.0294E+03  7.4643E-05  2.4742E-05  7.1845E-06
 6.2994E+25  7.4800E-05  7.0293E+03  7.4643E-05  2.4602E-05  7.1845E-06
 6.3087E+25  7.5275E-05  7.0293E+03  7.4643E-05  2.4463E-05  7.1845E-06
 6.3179E+25  7.5745E-05  7.0293E+03  7.4643E-05  2.4324E-05  7.1845E-06
 6.3272E+25  7.5925E-05  7.0293E+03  7.4643E-05  2.4185E-05  7.1845E-06
 6.3364E+25  7.5774E-05  7.0292E+03  7.4643E-05  2.4046E-05  7.1845E-06
 6.3457E+25  7.6246E-05  7.0292E+03  7.4643E-05  2.3908E-05  7.1845E-06
 6.3550E+25  7.6733E-05  7.0292E+03  7.4643E-05  2.3771E-05  7.1845E-06
 6.3642E+25  7.7216E-05  7.0291E+03  7.4643E-05  2.3634E-05  7.1845E-06
 6.3735E+25  7.7690E-05  7.0291E+03  7.4643E-05  2.3500E-05  7.1845E-06
 6.3827E+25  7.7461E-05  7.0291E+03  7.4643E-05  2.3373E-05  7.1845E-06
 6.3920E+25  7.7733E-05  7.0291E+03  7.4643E-05  2.3246E-05  7.1845E-06
 6.4012E+25  7.8212E-05  7.0290E+03  7.4643E-05  2.3122E-05  7.1845E-06
 6.4105E+25  7.8706E-05  7.0290E+03  7.4643E-05  2.2997E-05  7.1845E-06
 6.4198E+25  7.9194E-05  7.0290E+03  7.4643E-05  2.2872E-05  7.1845E-06
 6.4290E+25  7.9495E-05  7.0290E+03  7.4643E-05  2.2746E-05  7.1845E-06
 6.4383E+25  7.9240E-05  7.0289E+03  7.4643E-05  2.2622E-05  7.1845E-06
 6.4475E+25  7.9731E-05  7.0289E+03  7.4643E-05  2.2497E-05  7.1845E-06
 6.4568E+25  8.0215E-05  7.0289E+03  7.4643E-05  2.2372E-05  7.1845E-06
 6.4660E+25  8.0718E-05  7.0288E+03  7.4643E-05  2.2248E-05  7.1845E-06
 6.4753E+25  8.1212E-05  7.0288E+03  7.4643E-05  2.2124E-05  7.1845E-06
 6.4846E+25  8.1156E-05  7.0288E+03  7.4643E-05  2.2000E-05  7.1845E-06
 6.4938E+25  8.1272E-05  7.0288E+03  7.4643E-05  2.1877E-05  7.1845E-06
 6.5031E+25  8.1771E-05  7.0287E+03  7.4643E-05  2.1754E-05  7.1845E-06
 6.5123E+25  8.2260E-05  7.0287E+03  7.4643E-05  2.1632E-05  7.1845E-06
 6.5216E+25  8.2771E-05  7.0287E+03  7.4643E-05  2.1513E-05  7.1845E-06
 6.5308E+25  8.3248E-05  7.0286E+03  7.4643E-05  2.1400E-05  7.1845E-06
 6.5401E+25  8.2907E-05  7.0286E+03  7.4643E-05  2.1286E-05  7.1845E-06
 6.5494E+25  8.3345E-05  7.0286E+03  7.4643E-05  2.1175E-05  7.1845E-06
 6.5586E+25  8.3852E-05  7.0286E+03  7.4643E-05  2.1064E-05  7.1845E-06
 6.5679E+25  8.4346E-05  7.0285E+03  7.4643E-05  2.0952E-05  7.1845E-06
 6.5771E+25  8.4864E-05  7.0285E+03  7.4643E-05  2.0840E-05  7.1845E-06
 6.5864E+25  8.5092E-05  7.0285E+03  7.4643E-05  2.0728E-05  7.1845E-06
 6.5956E+25  8.4963E-05  7.0285E+03  7.4643E-05  2.0617E-05  7.1845E-06
 6.6049E+25  8.5461E-05  7.0284E+03  7.4643E-05  2.0506E-05  7.1845E-06
 6.6142E+25  8.5976E-05  7.0284E+03  7.4643E-05  2.0395E-05  7.1845E-06
 6.6234E+25  8.6476E-05  7.0284E+03  7.4643E-05  2.0283E-05  7.1845E-06
 6.6327E+25  8.6999E-05  7.0283E+03  7.4643E-05  2.0173E-05  7.1845E-06
 6.6419E+25  8.6950E-05  7.0283E+03  7.4643E-05  2.0063E-05  7.1845E-06
 6.6512E+25  8.7119E-05  7.0283E+03  7.4643E-05  1.9953E-05  7.1845E-06
 6.6604E+25  8.7624E-05  7.0283E+03  7.4643E-05  1.9843E-05  7.1845E-06
 6.6697E+25  8.8142E-05  7.0282E+03  7.4643E-05  1.9735E-05  7.1845E-06
 6.6789E+25  8.8652E-05  7.0282E+03  7.4643E-05  1.9633E-05  7.1845E-06
 6.6882E+25  8.9165E-05  7.0282E+03  7.4643E-05  1.9532E-05  7.1845E-06
 6.6975E+25  8.8893E-05  7.0282E+03  7.4643E-05  1.9432E-05  7.1845E-06
 6.7067E+25  8.9321E-05  7.0281E+03  7.4643E-05  1.9333E-05  7.1845E-06
 6.7160E+25  8.9832E-05  7.0281E+03  7.4643E-05  1.9233E-05  7.1845E-06
 6.7252E+25  9.0354E-05  7.0281E+03  7.4643E-05  1.9133E-05  7.1845E-06
 6.7345E+25  9.0875E-05  7.0280E+03  7.4643E-05  1.9033E-05  7.1845E-06
 6.7437E+25  9.1247E-05  7.0280E+03  7.4643E-05  1.8934E-05  7.1845E-06
 6.7530E+25  9.1040E-05  7.0280E+03  7.4643E-05  1.8834E-05  7.1845E-06
 6.7623E+25  9.1564E-05  7.0280E+03  7.4643E-05  1.8735E-05  7.1845E-06
 6.7715E+25  9.2091E-05  7.0280E+03  7.4643E-05  1.8636E-05  7.1845E-06
 6.7808E+25  9.2613E-05  7.0279E+03  7.4643E-05  1.8537E-05  7.1845E-06
 6.7900E+25  9.3145E-05  7.0279E+03  7.4643E-05  1.8438E-05  7.1845E-06
 6.7993E+25  9.3306E-05  7.0279E+03  7.4643E-05  1.8339E-05  7.1845E-06
 6.8085E+25  9.3330E-05  7.0278E+03  7.4643E-05  1.8241E-05  7.1845E-06
 6.8178E+25  9.3857E-05  7.0278E+03  7.4643E-05  1.8143E-05  7.1845E-06
 6.8271E+25  9.4397E-05  7.0278E+03  7.4643E-05  1.8049E-05  7.1845E-06
 6.8363E+25  9.4924E-05  7.0278E+03  7.4643E-05  1.7958E-05  7.1845E-06
 6.8456E+25  9.5461E-05  7.0277E+03  7.4643E-05  1.7867E-05  7.1845E-06
 6.8548E+25  9.5444E-05  7.0277E+03  7.4643E-05  1.7778E-05  7.1845E-06
 6.8641E+25  9.5665E-05  7.0277E+03  7.4643E-05  1.7690E-05  7.1845E-06
 6.8733E+25  9.6204E-05  7.0277E+03  7.4643E-05  1.7600E-05  7.1845E-06
 6.8826E+25  9.6750E-05  7.0276E+03  7.4643E-05  1.7511E-05  7.1845E-06
 6.8919E+25  9.7286E-05  7.0276E+03  7.4643E-05  1.7422E-05  7.1845E-06
 6.9011E+25  9.7819E-05  7.0276E+03  7.4643E-05  1.7333E-05  7.1845E-06
 6.9104E+25  9.7666E-05  7.0276E+03  7.4643E-05  1.7244E-05  7.1845E-06
 6.9196E+25  9.8050E-05  7.0275E+03  7.4643E-05  1.7156E-05  7.1845E-06
 6.9289E+25  9.8602E-05  7.0275E+03  7.4643E-05  1.7067E-05  7.1845E-06
 6.9381E+25  9.9149E-05  7.0275E+03  7.4643E-05  1.6979E-05  7.1845E-06
 6.9474E+25  9.9701E-05  7.0274E+03  7.4643E-05  1.6890E-05  7.1845E-06
 6.9567E+25  1.0021E-04  7.0274E+03  7.4643E-05  1.6802E-05  7.1845E-06
 6.9659E+25  9.9986E-05  7.0274E+03  7.4643E-05  1.6714E-05  7.1845E-06
 6.9752E+25  1.0049E-04  7.0274E+03  7.4643E-05  1.6627E-05  7.1845E-06
 6.9844E+25  1.0105E-04  7.0273E+03  7.4643E-05  1.6541E-05  7.1845E-06
 6.9937E+25  1.0160E-04  7.0273E+03  7.4643E-05  1.6460E-05  7.1845E-06
 7.0029E+25  1.0217E-04  7.0273E+03  7.4643E-05  1.6378E-05  7.1845E-06
 7.0122E+25  1.0260E-04  7.0273E+03  7.4643E-05  1.6299E-05  7.1845E-06
 7.0215E+25  1.0244E-04  7.0272E+03  7.4643E-05  1.6220E-05  7.1845E-06
 7.0307E+25  1.0299E-04  7.0272E+03  7.4643E-05  1.6140E-05  7.1845E-06
 7.0400E+25  1.0355E-04  7.0272E+03  7.4643E-05  1.6061E-05  7.1845E-06
 7.0492E+25  1.0411E-04  7.0271E+03  7.4643E-05  1.5981E-05  7.1845E-06
 7.0585E+25  1.0468E-04  7.0271E+03  7.4643E-05  1.5902E-05  7.1845E-06
 7.0677E+25  1.0503E-04  7.0271E+03  7.4643E-05  1.5822E-05  7.1845E-06
 7.0770E+25  1.0498E-04  7.0271E+03  7.4643E-05  1.5744E-05  7.1845E-06
 7.0863E+25  1.0554E-04  7.0270E+03  7.4643E-05  1.5664E-05  7.1845E-06
 7.0955E+25  1.0610E-04  7.0270E+03  7.4643E-05  1.5585E-05  7.1845E-06
 7.1048E+25  1.0668E-04  7.0270E+03  7.4643E-05  1.5506E-05  7.1845E-06
 7.1140E+25  1.0725E-04  7.0269E+03  7.4643E-05  1.5427E-05  7.1845E-06
 7.1233E+25  1.0754E-04  7.0269E+03  7.4643E-05  1.5349E-05  7.1845E-06
 7.1325E+25  1.0759E-04  7.0269E+03  7.4643E-05  1.5270E-05  7.1845E-06
 7.1418E+25  1.0815E-04  7.0269E+03  7.4643E-05  1.5192E-05  7.1845E-06
 7.1511E+25  1.0872E-04  7.0268E+03  7.4643E-05  1.5117E-05  7.1845E-06
 7.1603E+25  1.0929E-04  7.0268E+03  7.4643E-05  1.5045E-05  7.1845E-06
 7.1696E+25  1.0987E-04  7.0268E+03  7.4643E-05  1.4972E-05  7.1845E-06
 7.1788E+25  1.1012E-04  7.0268E+03  7.4643E-05  1.4901E-05  7.1845E-06
 7.1881E+25  1.1026E-04  7.0267E+03  7.4643E-05  1.4831E-05  7.1845E-06
 7.1973E+25  1.1083E-04  7.0267E+03  7.4643E-05  1.4760E-05  7.1845E-06
 7.2066E+25  1.1140E-04  7.0267E+03  7.4643E-05  1.4689E-05  7.1845E-06
 7.2159E+25  1.1197E-04  7.0266E+03  7.4643E-05  1.4618E-05  7.1845E-06
 7.2251E+25  1.1256E-04  7.0266E+03  7.4643E-05  1.4547E-05  7.1845E-06
 7.2344E+25  1.1278E-04  7.0266E+03  7.4643E-05  1.4477E-05  7.1845E-06
 7.2436E+25  1.1298E-04  7.0266E+03  7.4643E-05  1.4406E-05  7.1845E-06
 7.2529E+25  1.1356E-04  7.0265E+03  7.4643E-05  1.4335E-05  7.1845E-06
 7.2621E+25  1.1414E-04  7.0265E+03  7.4643E-05  1.4264E-05  7.1845E-06
 7.2714E+25  1.1472E-04  7.0265E+03  7.4643E-05  1.4194E-05  7.1845E-06
 7.2807E+25  1.1530E-04  7.0264E+03  7.4643E-05  1.4124E-05  7.1845E-06
 7.2899E+25  1.1551E-04  7.0264E+03  7.4643E-05  1.4053E-05  7.1845E-06
 7.2992E+25  1.1577E-04  7.0264E+03  7.4643E-05  1.3983E-05  7.1845E-06
 7.3084E+25  1.1636E-04  7.0264E+03  7.4643E-05  1.3913E-05  7.1845E-06
 7.3177E+25  1.1694E-04  7.0263E+03  7.4643E-05  1.3846E-05  7.1845E-06
 7.3269E+25  1.1752E-04  7.0263E+03  7.4643E-05  1.3781E-05  7.1845E-06
 7.3362E+25  1.1811E-04  7.0263E+03  7.4643E-05  1.3716E-05  7.1845E-06
 7.3455E+25  1.1833E-04  7.0263E+03  7.4643E-05  1.3652E-05  7.1845E-06
 7.3547E+25  1.1861E-04  7.0262E+03  7.4643E-05  1.3590E-05  7.1845E-06
 7.3640E+25  1.1921E-04  7.0262E+03  7.4643E-05  1.3527E-05  7.1845E-06
 7.3732E+25  1.1981E-04  7.0262E+03  7.4643E-05  1.3463E-05  7.1845E-06
 7.3825E+25  1.2039E-04  7.0261E+03  7.4643E-05  1.3400E-05  7.1845E-06
 7.3917E+25  1.2098E-04  7.0261E+03  7.4643E-05  1.3337E-05  7.1845E-06
 7.4010E+25  1.2122E-04  7.0261E+03  7.4643E-05  1.3274E-05  7.1845E-06
 7.4103E+25  1.2151E-04  7.0261E+03  7.4643E-05  1.3211E-05  7.1845E-06
 7.4195E+25  1.2212E-04  7.0260E+03  7.4643E-05  1.3148E-05  7.1845E-06
 7.4288E+25  1.2273E-04  7.0260E+03  7.4643E-05  1.3085E-05  7.1845E-06
 7.4380E+25  1.2333E-04  7.0260E+03  7.4643E-05  1.3022E-05  7.1845E-06
 7.4473E+25  1.2393E-04  7.0259E+03  7.4643E-05  1.2959E-05  7.1845E-06
 7.4565E+25  1.2420E-04  7.0259E+03  7.4643E-05  1.2896E-05  7.1845E-06
 7.4658E+25  1.2449E-04  7.0259E+03  7.4643E-05  1.2833E-05  7.1845E-06
 7.4751E+25  1.2510E-04  7.0259E+03  7.4643E-05  1.2771E-05  7.1845E-06
 7.4843E+25  1.2572E-04  7.0258E+03  7.4643E-05  1.2708E-05  7.1845E-06
 7.4936E+25  1.2634E-04  7.0258E+03  7.4643E-05  1.2649E-05  7.1845E-06
 7.5028E+25  1.2694E-04  7.0258E+03  7.4643E-05  1.2591E-05  7.1845E-06
 7.5121E+25  1.2726E-04  7.0257E+03  7.4643E-05  1.2533E-05  7.1845E-06
 7.5213E+25  1.2754E-04  7.0257E+03  7.4643E-05  1.2477E-05  7.1845E-06
 7.5306E+25  1.2815E-04  7.0257E+03  7.4643E-05  1.2421E-05  7.1845E-06
 7.5399E+25  1.2877E-04  7.0256E+03  7.4643E-05  1.2365E-05  7.1845E-06
 7.5491E+25  1.2940E-04  7.0256E+03  7.4643E-05  1.2308E-05  7.1845E-06
 7.5584E+25  1.3002E-04  7.0256E+03  7.4643E-05  1.2252E-05  7.1845E-06
 7.5676E+25  1.3040E-04  7.0256E+03  7.4643E-05  1.2196E-05  7.1845E-06
 7.5769E+25  1.3066E-04  7.0255E+03  7.4643E-05  1.2140E-05  7.1845E-06
 7.5861E+25  1.3127E-04  7.0255E+03  7.4643E-05  1.2083E-05  7.1845E-06
 7.5954E+25  1.3189E-04  7.0255E+03  7.4643E-05  1.2027E-05  7.1845E-06
 7.6047E+25  1.3252E-04  7.0254E+03  7.4643E-05  1.1971E-05  7.1845E-06
 7.6139E+25  1.3316E-04  7.0254E+03  7.4643E-05  1.1915E-05  7.1845E-06
 7.6232E+25  1.3362E-04  7.0254E+03  7.4643E-05  1.1858E-05  7.1845E-06
 7.6324E+25  1.3385E-04  7.0254E+03  7.4643E-05  1.1802E-05  7.1845E-06
 7.6417E+25  1.3447E-04  7.0253E+03  7.4643E-05  1.1746E-05  7.1845E-06
 7.6509E+25  1.3509E-04  7.0253E+03  7.4643E-05  1.1691E-05  7.1845E-06
 7.6602E+25  1.3572E-04  7.0252E+03  7.4643E-05  1.1635E-05  7.1845E-06
 7.6695E+25  1.3636E-04  7.0252E+03  7.4643E-05  1.1581E-05  7.1845E-06
 7.6787E+25  1.3690E-04  7.0252E+03  7.4643E-05  1.1529E-05  7.1845E-06
 7.6880E+25  1.3712E-04  7.0252E+03  7.4643E-05  1.1477E-05  7.1845E-06
 7.6972E+25  1.3774E-04  7.0251E+03  7.4643E-05  1.1427E-05  7.1845E-06
 7.7065E+25  1.3836E-04  7.0251E+03  7.4643E-05  1.1377E-05  7.1845E-06
 7.7157E+25  1.3900E-04  7.0250E+03  7.4643E-05  1.1327E-05  7.1845E-06
 7.7250E+25  1.3963E-04  7.0250E+03  7.4643E-05  1.1277E-05  7.1845E-06
 7.7343E+25  1.4024E-04  7.0250E+03  7.4643E-05  1.1227E-05  7.1845E-06
 7.7435E+25  1.4047E-04  7.0250E+03  7.4643E-05  1.1176E-05  7.1845E-06
 7.7528E+25  1.4109E-04  7.0249E+03  7.4643E-05  1.1126E-05  7.1845E-06
 7.7620E+25  1.4172E-04  7.0249E+03  7.4643E-05  1.1076E-05  7.1845E-06
 7.7713E+25  1.4234E-04  7.0249E+03  7.4643E-05  1.1026E-05  7.1845E-06
 7.7805E+25  1.4299E-04  7.0248E+03  7.4643E-05  1.0976E-05  7.1845E-06
 7.7898E+25  1.4361E-04  7.0248E+03  7.4643E-05  1.0926E-05  7.1845E-06
 7.7991E+25  1.4391E-04  7.0248E+03  7.4643E-05  1.0876E-05  7.1845E-06
 7.8083E+25  1.4451E-04  7.0247E+03  7.4643E-05  1.0826E-05  7.1845E-06
 7.8176E+25  1.4515E-04  7.0247E+03  7.4643E-05  1.0776E-05  7.1845E-06
 7.8268E+25  1.4578E-04  7.0247E+03  7.4643E-05  1.0726E-05  7.1845E-06
 7.8361E+25  1.4641E-04  7.0246E+03  7.4643E-05  1.0676E-05  7.1845E-06
 7.8453E+25  1.4705E-04  7.0246E+03  7.4643E-05  1.0626E-05  7.1845E-06
 7.8546E+25  1.4742E-04  7.0246E+03  7.4643E-05  1.0579E-05  7.1845E-06
 7.8638E+25  1.4799E-04  7.0245E+03  7.4643E-05  1.0533E-05  7.1845E-06
 7.8731E+25  1.4865E-04  7.0245E+03  7.4643E-05  1.0486E-05  7.1845E-06
 7.8824E+25  1.4929E-04  7.0245E+03  7.4643E-05  1.0442E-05  7.1845E-06
 7.8916E+25  1.4993E-04  7.0244E+03  7.4643E-05  1.0398E-05  7.1845E-06
 7.9009E+25  1.5056E-04  7.0244E+03  7.4643E-05  1.0353E-05  7.1845E-06
 7.9101E+25  1.5103E-04  7.0244E+03  7.4643E-05  1.0308E-05  7.1845E-06
 7.9194E+25  1.5154E-04  7.0243E+03  7.4643E-05  1.0263E-05  7.1845E-06
 7.9286E+25  1.5221E-04  7.0243E+03  7.4643E-05  1.0219E-05  7.1845E-06
 7.9379E+25  1.5287E-04  7.0242E+03  7.4643E-05  1.0174E-05  7.1845E-06
 7.9472E+25  1.5352E-04  7.0242E+03  7.4643E-05  1.0129E-05  7.1845E-06
 7.9564E+25  1.5416E-04  7.0242E+03  7.4643E-05  1.0085E-05  7.1845E-06
 7.9657E+25  1.5470E-04  7.0242E+03  7.4643E-05  1.0040E-05  7.1845E-06
 7.9749E+25  1.5519E-04  7.0241E+03  7.4643E-05  9.9953E-06  7.1845E-06
 7.9842E+25  1.5584E-04  7.0241E+03  7.4643E-05  9.9506E-06  7.1845E-06
 7.9934E+25  1.5652E-04  7.0240E+03  7.4643E-05  9.9059E-06  7.1845E-06
 8.0027E+25  1.5719E-04  7.0240E+03  7.4643E-05  9.8613E-06  7.1845E-06
 8.0120E+25  1.5784E-04  7.0240E+03  7.4643E-05  9.8166E-06  7.1845E-06
 8.0212E+25  1.5845E-04  7.0239E+03  7.4643E-05  9.7721E-06  7.1845E-06
 8.0305E+25  1.5891E-04  7.0239E+03  7.4643E-05  9.7277E-06  7.1845E-06
 8.0397E+25  1.5957E-04  7.0239E+03  7.4643E-05  9.6853E-06  7.1845E-06
 8.0490E+25  1.6023E-04  7.0238E+03  7.4643E-05  9.6436E-06  7.1845E-06
 8.0582E+25  1.6091E-04  7.0238E+03  7.4643E-05  9.6020E-06  7.1845E-06
 8.0675E+25  1.6159E-04  7.0237E+03  7.4643E-05  9.5616E-06  7.1845E-06
 8.0768E+25  1.6224E-04  7.0237E+03  7.4643E-05  9.5225E-06  7.1845E-06
 8.0860E+25  1.6274E-04  7.0237E+03  7.4643E-05  9.4828E-06  7.1845E-06
 8.0953E+25  1.6338E-04  7.0237E+03  7.4643E-05  9.4428E-06  7.1845E-06
 8.1045E+25  1.6404E-04  7.0236E+03  7.4643E-05  9.4029E-06  7.1845E-06
 8.1138E+25  1.6470E-04  7.0236E+03  7.4643E-05  9.3631E-06  7.1845E-06
 8.1230E+25  1.6539E-04  7.0235E+03  7.4643E-05  9.3232E-06  7.1845E-06
 8.1323E+25  1.6607E-04  7.0235E+03  7.4643E-05  9.2835E-06  7.1845E-06
 8.1416E+25  1.6666E-04  7.0235E+03  7.4643E-05  9.2437E-06  7.1845E-06
 8.1508E+25  1.6728E-04  7.0234E+03  7.4643E-05  9.2041E-06  7.1845E-06
 8.1601E+25  1.6794E-04  7.0234E+03  7.4643E-05  9.1642E-06  7.1845E-06
 8.1693E+25  1.6860E-04  7.0233E+03  7.4643E-05  9.1243E-06  7.1845E-06
 8.1786E+25  1.6927E-04  7.0233E+03  7.4643E-05  9.0844E-06  7.1845E-06
 8.1878E+25  1.6996E-04  7.0233E+03  7.4643E-05  9.0446E-06  7.1845E-06
 8.1971E+25  1.7062E-04  7.0232E+03  7.4643E-05  9.0048E-06  7.1845E-06
 8.2064E+25  1.7125E-04  7.0232E+03  7.4643E-05  8.9650E-06  7.1845E-06
 8.2156E+25  1.7192E-04  7.0232E+03  7.4643E-05  8.9253E-06  7.1845E-06
 8.2249E+25  1.7258E-04  7.0231E+03  7.4643E-05  8.8858E-06  7.1845E-06
 8.2341E+25  1.7325E-04  7.0231E+03  7.4643E-05  8.8481E-06  7.1845E-06
 8.2434E+25  1.7392E-04  7.0230E+03  7.4643E-05  8.8110E-06  7.1845E-06
 8.2526E+25  1.7461E-04  7.0230E+03  7.4643E-05  8.7739E-06  7.1845E-06
 8.2619E+25  1.7530E-04  7.0230E+03  7.4643E-05  8.7380E-06  7.1845E-06
 8.2712E+25  1.7597E-04  7.0229E+03  7.4643E-05  8.7030E-06  7.1845E-06
 8.2804E+25  1.7664E-04  7.0229E+03  7.4643E-05  8.6677E-06  7.1845E-06
 8.2897E+25  1.7732E-04  7.0228E+03  7.4643E-05  8.6322E-06  7.1845E-06
 8.2989E+25  1.7798E-04  7.0228E+03  7.4643E-05  8.5968E-06  7.1845E-06
 8.3082E+25  1.7865E-04  7.0227E+03  7.4643E-05  8.5612E-06  7.1845E-06
 8.3174E+25  1.7939E-04  7.0227E+03  7.4643E-05  8.5257E-06  7.1845E-06
 8.3267E+25  1.8010E-04  7.0227E+03  7.4643E-05  8.4903E-06  7.1845E-06
 8.3360E+25  1.8078E-04  7.0226E+03  7.4643E-05  8.4550E-06  7.1845E-06
 8.3452E+25  1.8145E-04  7.0226E+03  7.4643E-05  8.4196E-06  7.1845E-06
 8.3545E+25  1.8213E-04  7.0225E+03  7.4643E-05  8.3842E-06  7.1845E-06
 8.3637E+25  1.8280E-04  7.0225E+03  7.4643E-05  8.3485E-06  7.1845E-06
 8.3730E+25  1.8352E-04  7.0225E+03  7.4643E-05  8.3130E-06  7.1845E-06
 8.3822E+25  1.8429E-04  7.0224E+03  7.4643E-05  8.2775E-06  7.1845E-06
 8.3915E+25  1.8499E-04  7.0224E+03  7.4643E-05  8.2420E-06  7.1845E-06
 8.4008E+25  1.8568E-04  7.0223E+03  7.4643E-05  8.2065E-06  7.1845E-06
 8.4100E+25  1.8635E-04  7.0223E+03  7.4643E-05  8.1710E-06  7.1845E-06
 8.4193E+25  1.8703E-04  7.0222E+03  7.4643E-05  8.1356E-06  7.1845E-06
 8.4285E+25  1.8773E-04  7.0222E+03  7.4643E-05  8.1013E-06  7.1845E-06
 8.4378E+25  1.8855E-04  7.0222E+03  7.4643E-05  8.0681E-06  7.1845E-06
 8.4470E+25  1.8925E-04  7.0221E+03  7.4643E-05  8.0349E-06  7.1845E-06
 8.4563E+25  1.8995E-04  7.0221E+03  7.4643E-05  8.0021E-06  7.1845E-06
 8.4656E+25  1.9065E-04  7.0220E+03  7.4643E-05  7.9707E-06  7.1845E-06
 8.4748E+25  1.9133E-04  7.0220E+03  7.4643E-05  7.9397E-06  7.1845E-06
 8.4841E+25  1.9202E-04  7.0220E+03  7.4643E-05  7.9081E-06  7.1845E-06
 8.4933E+25  1.9286E-04  7.0219E+03  7.4643E-05  7.8765E-06  7.1845E-06
 8.5026E+25  1.9361E-04  7.0219E+03  7.4643E-05  7.8448E-06  7.1845E-06
 8.5118E+25  1.9429E-04  7.0218E+03  7.4643E-05  7.8132E-06  7.1845E-06
 8.5211E+25  1.9500E-04  7.0218E+03  7.4643E-05  7.7818E-06  7.1845E-06
 8.5304E+25  1.9570E-04  7.0217E+03  7.4643E-05  7.7503E-06  7.1845E-06
 8.5396E+25  1.9639E-04  7.0217E+03  7.4643E-05  7.7187E-06  7.1845E-06
 8.5489E+25  1.9716E-04  7.0217E+03  7.4643E-05  7.6872E-06  7.1845E-06
 8.5581E+25  1.9807E-04  7.0216E+03  7.4643E-05  7.6556E-06  7.1845E-06
 8.5674E+25  1.9874E-04  7.0216E+03  7.4643E-05  7.6239E-06  7.1845E-06
 8.5766E+25  1.9941E-04  7.0215E+03  7.4643E-05  7.5922E-06  7.1845E-06
 8.5859E+25  2.0012E-04  7.0215E+03  7.4643E-05  7.5606E-06  7.1845E-06
 8.5952E+25  2.0083E-04  7.0214E+03  7.4643E-05  7.5289E-06  7.1845E-06
 8.6044E+25  2.0155E-04  7.0214E+03  7.4643E-05  7.4973E-06  7.1845E-06
 8.6137E+25  2.0250E-04  7.0213E+03  7.4643E-05  7.4657E-06  7.1845E-06
 8.6229E+25  2.0327E-04  7.0213E+03  7.4643E-05  7.4341E-06  7.1845E-06
 8.6322E+25  2.0395E-04  7.0212E+03  7.4643E-05  7.4035E-06  7.1845E-06
 8.6414E+25  2.0461E-04  7.0212E+03  7.4643E-05  7.3737E-06  7.1845E-06
 8.6507E+25  2.0531E-04  7.0211E+03  7.4643E-05  7.3441E-06  7.1845E-06
 8.6600E+25  2.0604E-04  7.0211E+03  7.4643E-05  7.3147E-06  7.1845E-06
 8.6692E+25  2.0691E-04  7.0211E+03  7.4643E-05  7.2867E-06  7.1845E-06
 8.6785E+25  2.0784E-04  7.0210E+03  7.4643E-05  7.2591E-06  7.1845E-06
 8.6877E+25  2.0853E-04  7.0210E+03  7.4643E-05  7.2311E-06  7.1845E-06
 8.6970E+25  2.0922E-04  7.0209E+03  7.4643E-05  7.2029E-06  7.1845E-06
 8.7062E+25  2.0990E-04  7.0209E+03  7.4643E-05  7.1748E-06  7.1845E-06
 8.7155E+25  2.1058E-04  7.0208E+03  7.4643E-05  7.1467E-06  7.1845E-06
 8.7248E+25  2.1134E-04  7.0208E+03  7.4643E-05  7.1187E-06  7.1845E-06
 8.7340E+25  2.1243E-04  7.0207E+03  7.4643E-05  7.0906E-06  7.1845E-06
 8.7433E+25  2.1319E-04  7.0207E+03  7.4643E-05  7.0625E-06  7.1845E-06
 8.7525E+25  2.1386E-04  7.0206E+03  7.4643E-05  7.0345E-06  7.1845E-06
 8.7618E+25  2.1456E-04  7.0206E+03  7.4643E-05  7.0065E-06  7.1845E-06
 8.7710E+25  2.1524E-04  7.0205E+03  7.4643E-05  6.9782E-06  7.1845E-06
 8.7803E+25  2.1594E-04  7.0205E+03  7.4643E-05  6.9499E-06  7.1845E-06
 8.7896E+25  2.1686E-04  7.0205E+03  7.4643E-05  6.9217E-06  7.1845E-06
 8.7988E+25  2.1789E-04  7.0204E+03  7.4643E-05  6.8936E-06  7.1845E-06
 8.8081E+25  2.1859E-04  7.0203E+03  7.4643E-05  6.8653E-06  7.1845E-06
 8.8173E+25  2.1926E-04  7.0203E+03  7.4643E-05  6.8372E-06  7.1845E-06
 8.8266E+25  2.1996E-04  7.0202E+03  7.4643E-05  6.8090E-06  7.1845E-06
 8.8358E+25  2.2066E-04  7.0202E+03  7.4643E-05  6.7809E-06  7.1845E-06
 8.8451E+25  2.2140E-04  7.0202E+03  7.4643E-05  6.7541E-06  7.1845E-06
 8.8544E+25  2.2253E-04  7.0201E+03  7.4643E-05  6.7276E-06  7.1845E-06
 8.8636E+25  2.2334E-04  7.0201E+03  7.4643E-05  6.7011E-06  7.1845E-06
 8.8729E+25  2.2405E-04  7.0200E+03  7.4643E-05  6.6751E-06  7.1845E-06
 8.8821E+25  2.2473E-04  7.0200E+03  7.4643E-05  6.6504E-06  7.1845E-06
 8.8914E+25  2.2541E-04  7.0199E+03  7.4643E-05  6.6259E-06  7.1845E-06
 8.9006E+25  2.2613E-04  7.0199E+03  7.4643E-05  6.6009E-06  7.1845E-06
 8.9099E+25  2.2704E-04  7.0198E+03  7.4643E-05  6.5759E-06  7.1845E-06
 8.9192E+25  2.2816E-04  7.0198E+03  7.4643E-05  6.5509E-06  7.1845E-06
 8.9284E+25  2.2883E-04  7.0197E+03  7.4643E-05  6.5259E-06  7.1845E-06
 8.9377E+25  2.2954E-04  7.0197E+03  7.4643E-05  6.5009E-06  7.1845E-06
 8.9469E+25  2.3024E-04  7.0196E+03  7.4643E-05  6.4760E-06  7.1845E-06
 8.9562E+25  2.3092E-04  7.0195E+03  7.4643E-05  6.4510E-06  7.1845E-06
 8.9654E+25  2.3168E-04  7.0195E+03  7.4643E-05  6.4261E-06  7.1845E-06
 8.9747E+25  2.3284E-04  7.0195E+03  7.4643E-05  6.4011E-06  7.1845E-06
 8.9840E+25  2.3372E-04  7.0194E+03  7.4643E-05  6.3759E-06  7.1845E-06
 8.9932E+25  2.3439E-04  7.0194E+03  7.4643E-05  6.3508E-06  7.1845E-06
 9.0025E+25  2.3508E-04  7.0193E+03  7.4643E-05  6.3257E-06  7.1845E-06
 9.0117E+25  2.3579E-04  7.0192E+03  7.4643E-05  6.3006E-06  7.1845E-06
 9.0210E+25  2.3650E-04  7.0192E+03  7.4643E-05  6.2754E-06  7.1845E-06
 9.0302E+25  2.3733E-04  7.0191E+03  7.4643E-05  6.2503E-06  7.1845E-06
 9.0395E+25  2.3862E-04  7.0191E+03  7.4643E-05  6.2253E-06  7.1845E-06
 9.0487E+25  2.3932E-04  7.0190E+03  7.4643E-05  6.2000E-06  7.1845E-06
 9.0580E+25  2.4000E-04  7.0190E+03  7.4643E-05  6.1759E-06  7.1845E-06
 9.0673E+25  2.4066E-04  7.0189E+03  7.4643E-05  6.1521E-06  7.1845E-06
 9.0765E+25  2.4137E-04  7.0189E+03  7.4643E-05  6.1285E-06  7.1845E-06
 9.0858E+25  2.4212E-04  7.0188E+03  7.4643E-05  6.1049E-06  7.1845E-06
 9.0950E+25  2.4316E-04  7.0188E+03  7.4643E-05  6.0827E-06  7.1845E-06
 9.1043E+25  2.4428E-04  7.0187E+03  7.4643E-05  6.0609E-06  7.1845E-06
 9.1135E+25  2.4495E-04  7.0187E+03  7.4643E-05  6.0388E-06  7.1845E-06
 9.1228E+25  2.4562E-04  7.0186E+03  7.4643E-05  6.0166E-06  7.1845E-06
 9.1321E+25  2.4630E-04  7.0186E+03  7.4643E-05  5.9943E-06  7.1845E-06
 9.1413E+25  2.4699E-04  7.0185E+03  7.4643E-05  5.9721E-06  7.1845E-06
 9.1506E+25  2.4778E-04  7.0185E+03  7.4643E-05  5.9499E-06  7.1845E-06
 9.1598E+25  2.4904E-04  7.0184E+03  7.4643E-05  5.9277E-06  7.1845E-06
 9.1691E+25  2.4993E-04  7.0184E+03  7.4643E-05  5.9056E-06  7.1845E-06
 9.1783E+25  2.5061E-04  7.0183E+03  7.4643E-05  5.8834E-06  7.1845E-06
 9.1876E+25  2.5127E-04  7.0182E+03  7.4643E-05  5.8612E-06  7.1845E-06
 9.1969E+25  2.5195E-04  7.0182E+03  7.4643E-05  5.8389E-06  7.1845E-06
 9.2061E+25  2.5265E-04  7.0181E+03  7.4643E-05  5.8165E-06  7.1845E-06
 9.2154E+25  2.5349E-04  7.0181E+03  7.4643E-05  5.7942E-06  7.1845E-06
 9.2246E+25  2.5486E-04  7.0180E+03  7.4643E-05  5.7717E-06  7.1845E-06
 9.2339E+25  2.5561E-04  7.0180E+03  7.4643E-05  5.7493E-06  7.1845E-06
 9.2431E+25  2.5626E-04  7.0179E+03  7.4643E-05  5.7270E-06  7.1845E-06
 9.2524E+25  2.5694E-04  7.0179E+03  7.4643E-05  5.7047E-06  7.1845E-06
