 4.6285E+22  3.2751E-11  1.1653E+04  7.4643E-05  1.0000E+00  7.1845E-06
 1.3886E+23  2.2921E-10  1.1657E+04  7.4643E-05  1.0000E+00  7.1845E-06
 2.3143E+23  6.2165E-10  1.1670E+04  7.4643E-05  1.0000E+00  7.1845E-06
 3.2400E+23  1.2086E-09  1.1697E+04  7.4643E-05  1.0000E+00  7.1845E-06
 4.1657E+23  1.9865E-09  1.1745E+04  7.4643E-05  1.0000E+00  7.1845E-06
 5.0914E+23  2.9494E-09  1.1824E+04  7.4643E-05  1.0000E+00  7.1845E-06
 6.0171E+23  4.0848E-09  1.1946E+04  7.4643E-05  1.0000E+00  7.1845E-06
 6.9428E+23  5.3801E-09  1.2122E+04  7.4643E-05  1.0000E+00  7.1845E-06
 7.8685E+23  6.8014E-09  1.2380E+04  7.4643E-05  1.0000E+00  7.1845E-06
 8.7942E+23  8.3211E-09  1.2738E+04  7.4643E-05  1.0000E+00  7.1845E-06
 9.7199E+23  9.9190E-09  1.3173E+04  7.4643E-05  1.0000E+00  7.1845E-06
 1.0646E+24  1.1617E-08  1.3610E+04  7.4643E-05  1.0000E+00  7.1845E-06
 1.1571E+24  1.3493E-08  1.3927E+04  7.4643E-05  1.0000E+00  7.1845E-06
 1.2497E+24  1.5604E-08  1.4098E+04  7.4643E-05  1.0000E+00  7.1845E-06
 1.3423E+24  1.7904E-08  1.4193E+04  7.4643E-05  1.0000E+00  7.1845E-06
 1.4348E+24  2.0360E-08  1.4293E+04  7.4643E-05  9.9999E-01  7.1845E-06
 1.5274E+24  2.2944E-08  1.4394E+04  7.4643E-05  9.9999E-01  7.1845E-06
 1.6200E+24  2.5692E-08  1.4487E+04  7.4643E-05  9.9999E-01  7.1845E-06
 1.7126E+24  2.8579E-08  1.4578E+04  7.4643E-05  9.9999E-01  7.1845E-06
 1.8051E+24  3.1618E-08  1.4660E+04  7.4643E-05  9.9999E-01  7.1845E-06
 1.8977E+24  3.4802E-08  1.4739E+04  7.4643E-05  9.9999E-01  7.1845E-06
 1.9903E+24  3.8145E-08  1.4816E+04  7.4643E-05  9.9999E-01  7.1845E-06
 2.0828E+24  4.1620E-08  1.4890E+04  7.4643E-05  9.9999E-01  7.1845E-06
 2.1754E+24  4.5219E-08  1.4963E+04  7.4643E-05  9.9999E-01  7.1845E-06
 2.2680E+24  4.8993E-08  1.5033E+04  7.4643E-05  9.9999E-01  7.1845E-06
 2.3605E+24  5.2906E-08  1.5101E+04  7.4643E-05  9.9999E-01  7.1845E-06
 2.4531E+24  5.6949E-08  1.5165E+04  7.4643E-05  9.9999E-01  7.1845E-06
 2.5457E+24  6.1126E-08  1.5230E+04  7.4643E-05  9.9998E-01  7.1845E-06
 2.6383E+24  6.5477E-08  1.5293E+04  7.4643E-05  9.9998E-01  7.1845E-06
 2.7308E+24  6.9948E-08  1.5352E+04  7.4643E-05  9.9998E-01  7.1845E-06
 2.8234E+24  7.4528E-08  1.5412E+04  7.4643E-05  9.9998E-01  7.1845E-06
 2.9160E+24  7.9282E-08  1.5469E+04  7.4643E-05  9.9998E-01  7.1845E-06
 3.0085E+24  8.4227E-08  1.5524E+04  7.4643E-05  9.9998E-01  7.1845E-06
 3.1011E+24  8.9253E-08  1.5580E+04  7.4643E-05  9.9998E-01  7.1845E-06
 3.1937E+24  9.4360E-08  1.5633E+04  7.4643E-05  9.9998E-01  7.1845E-06
 3.2862E+24  9.9697E-08  1.5685E+04  7.4643E-05  9.9997E-01  7.1845E-06
 3.3788E+24  1.0510E-07  1.5736E+04  7.4643E-05  9.9997E-01  7.1845E-06
 3.4714E+24  1.1064E-07  1.5786E+04  7.4643E-05  9.9997E-01  7.1845E-06
 3.5640E+24  1.1639E-07  1.5834E+04  7.4643E-05  9.9997E-01  7.1845E-06
 3.6565E+24  1.2236E-07  1.5881E+04  7.4643E-05  9.9997E-01  7.1845E-06
 3.7491E+24  1.2821E-07  1.5927E+04  7.4643E-05  9.9997E-01  7.1845E-06
 3.8417E+24  1.3438E-07  1.5973E+04  7.4643E-05  9.9997E-01  7.1845E-06
 3.9342E+24  1.4066E-07  1.6017E+04  7.4643E-05  9.9996E-01  7.1845E-06
 4.0268E+24  1.4708E-07  1.6062E+04  7.4643E-05  9.9996E-01  7.1845E-06
 4.1194E+24  1.5349E-07  1.6104E+04  7.4643E-05  9.9996E-01  7.1845E-06
 4.2120E+24  1.6037E-07  1.6146E+04  7.4643E-05  9.9996E-01  7.1845E-06
 4.3045E+24  1.6707E-07  1.6186E+04  7.4643E-05  9.9996E-01  7.1845E-06
 4.3971E+24  1.7388E-07  1.6227E+04  7.4643E-05  9.9996E-01  7.1845E-06
 4.4897E+24  1.8104E-07  1.6266E+04  7.4643E-05  9.9995E-01  7.1845E-06
 4.5822E+24  1.8830E-07  1.6305E+04  7.4643E-05  9.9995E-01  7.1845E-06
 4.6748E+24  1.9565E-07  1.6344E+04  7.4643E-05  9.9995E-01  7.1845E-06
 4.7674E+24  2.0313E-07  1.6380E+04  7.4643E-05  9.9995E-01  7.1845E-06
 4.8599E+24  2.1071E-07  1.6417E+04  7.4643E-05  9.9995E-01  7.1845E-06
 4.9525E+24  2.1842E-07  1.6453E+04  7.4643E-05  9.9994E-01  7.1845E-06
 5.0451E+24  2.2628E-07  1.6488E+04  7.4643E-05  9.9994E-01  7.1845E-06
 5.1377E+24  2.3428E-07  1.6523E+04  7.4643E-05  9.9994E-01  7.1845E-06
 5.2302E+24  2.4246E-07  1.6557E+04  7.4643E-05  9.9994E-01  7.1845E-06
 5.3228E+24  2.5082E-07  1.6591E+04  7.4643E-05  9.9994E-01  7.1845E-06
 5.4154E+24  2.5939E-07  1.6624E+04  7.4643E-05  9.9993E-01  7.1845E-06
 5.5079E+24  2.6765E-07  1.6657E+04  7.4643E-05  9.9993E-01  7.1845E-06
 5.6005E+24  2.7611E-07  1.6689E+04  7.4643E-05  9.9993E-01  7.1845E-06
 5.6931E+24  2.8521E-07  1.6721E+04  7.4643E-05  9.9993E-01  7.1845E-06
 5.7856E+24  2.9459E-07  1.6752E+04  7.4643E-05  9.9992E-01  7.1845E-06
 5.8782E+24  3.0268E-07  1.6783E+04  7.4643E-05  9.9992E-01  7.1845E-06
 5.9708E+24  3.1239E-07  1.6813E+04  7.4643E-05  9.9992E-01  7.1845E-06
 6.0634E+24  3.2208E-07  1.6842E+04  7.4643E-05  9.9992E-01  7.1845E-06
 6.1559E+24  3.3070E-07  1.6871E+04  7.4643E-05  9.9991E-01  7.1845E-06
 6.2485E+24  3.4133E-07  1.6900E+04  7.4643E-05  9.9991E-01  7.1845E-06
 6.3411E+24  3.4996E-07  1.6928E+04  7.4643E-05  9.9991E-01  7.1845E-06
 6.4336E+24  3.6079E-07  1.6956E+04  7.4643E-05  9.9991E-01  7.1845E-06
 6.5262E+24  3.6990E-07  1.6984E+04  7.4643E-05  9.9990E-01  7.1845E-06
 6.6188E+24  3.8100E-07  1.7011E+04  7.4643E-05  9.9990E-01  7.1845E-06
 6.7113E+24  3.9011E-07  1.7037E+04  7.4643E-05  9.9990E-01  7.1845E-06
 6.8039E+24  4.0193E-07  1.7064E+04  7.4643E-05  9.9990E-01  7.1845E-06
 6.8965E+24  4.1077E-07  1.7090E+04  7.4643E-05  9.9989E-01  7.1845E-06
 6.9891E+24  4.2251E-07  1.7116E+04  7.4643E-05  9.9989E-01  7.1845E-06
 7.0816E+24  4.3313E-07  1.7141E+04  7.4643E-05  9.9989E-01  7.1845E-06
 7.1742E+24  4.4341E-07  1.7167E+04  7.4643E-05  9.9988E-01  7.1845E-06
 7.2668E+24  4.5553E-07  1.7191E+04  7.4643E-05  9.9988E-01  7.1845E-06
 7.3593E+24  4.6588E-07  1.7216E+04  7.4643E-05  9.9988E-01  7.1845E-06
 7.4519E+24  4.7690E-07  1.7240E+04  7.4643E-05  9.9987E-01  7.1845E-06
 7.5445E+24  4.8921E-07  1.7264E+04  7.4643E-05  9.9986E-01  7.1845E-06
 7.6371E+24  5.0078E-07  1.7288E+04  7.4643E-05  9.9985E-01  7.1845E-06
 7.7296E+24  5.1117E-07  1.7311E+04  7.4643E-05  9.9983E-01  7.1845E-06
 7.8222E+24  5.2367E-07  1.7334E+04  7.4643E-05  9.9978E-01  7.1845E-06
 7.9148E+24  5.3626E-07  1.7357E+04  7.4643E-05  9.9970E-01  7.1845E-06
 8.0073E+24  5.4843E-07  1.7379E+04  7.4643E-05  9.9953E-01  7.1845E-06
 8.0999E+24  5.5911E-07  1.7400E+04  7.4643E-05  9.9922E-01  7.1845E-06
 8.1925E+24  5.7193E-07  1.7419E+04  7.4643E-05  9.9864E-01  7.1845E-06
 8.2850E+24  5.8488E-07  1.7437E+04  7.4643E-05  9.9759E-01  7.1845E-06
 8.3776E+24  5.9798E-07  1.7450E+04  7.4643E-05  9.9568E-01  7.1845E-06
 8.4702E+24  6.1126E-07  1.7457E+04  7.4643E-05  9.9230E-01  7.1845E-06
 8.5628E+24  6.2362E-07  1.7454E+04  7.4643E-05  9.8643E-01  7.1845E-06
 8.6553E+24  6.3659E-07  1.7432E+04  7.4643E-05  9.7643E-01  7.1845E-06
 8.7479E+24  6.5109E-07  1.7382E+04  7.4643E-05  9.5985E-01  7.1845E-06
 8.8405E+24  6.6649E-07  1.7288E+04  7.4643E-05  9.3331E-01  7.1845E-06
 8.9330E+24  6.8332E-07  1.7127E+04  7.4643E-05  8.9279E-01  7.1845E-06
 9.0256E+24  7.0215E-07  1.6878E+04  7.4643E-05  8.3473E-01  7.1845E-06
 9.1182E+24  7.2392E-07  1.6521E+04  7.4643E-05  7.5811E-01  7.1845E-06
 9.2107E+24  7.4950E-07  1.6051E+04  7.4643E-05  6.6662E-01  7.1845E-06
 9.3033E+24  7.7930E-07  1.5487E+04  7.4643E-05  5.6870E-01  7.1845E-06
 9.3959E+24  8.1160E-07  1.4865E+04  7.4643E-05  4.7441E-01  7.1845E-06
 9.4885E+24  8.4841E-07  1.4231E+04  7.4643E-05  3.9135E-01  7.1845E-06
 9.5810E+24  8.8854E-07  1.3619E+04  7.4643E-05  3.2270E-01  7.1845E-06
 9.6736E+24  9.3048E-07  1.3052E+04  7.4643E-05  2.6805E-01  7.1845E-06
 9.7662E+24  9.7348E-07  1.2540E+04  7.4643E-05  2.2521E-01  7.1845E-06
 9.8587E+24  1.0170E-06  1.2082E+04  7.4643E-05  1.9161E-01  7.1845E-06
 9.9513E+24  1.0567E-06  1.1676E+04  7.4643E-05  1.6504E-01  7.1845E-06
 1.0044E+25  1.0990E-06  1.1317E+04  7.4643E-05  1.4374E-01  7.1845E-06
 1.0136E+25  1.1419E-06  1.0997E+04  7.4643E-05  1.2643E-01  7.1845E-06
 1.0229E+25  1.1846E-06  1.0712E+04  7.4643E-05  1.1215E-01  7.1845E-06
 1.0322E+25  1.2256E-06  1.0457E+04  7.4643E-05  1.0023E-01  7.1845E-06
 1.0414E+25  1.2633E-06  1.0229E+04  7.4643E-05  9.0161E-02  7.1845E-06
 1.0507E+25  1.3049E-06  1.0023E+04  7.4643E-05  8.1565E-02  7.1845E-06
 1.0599E+25  1.3463E-06  9.8362E+03  7.4643E-05  7.4160E-02  7.1845E-06
 1.0692E+25  1.3874E-06  9.6669E+03  7.4643E-05  6.7730E-02  7.1845E-06
 1.0784E+25  1.4243E-06  9.5126E+03  7.4643E-05  6.2105E-02  7.1845E-06
 1.0877E+25  1.4625E-06  9.3716E+03  7.4643E-05  5.7152E-02  7.1845E-06
 1.0970E+25  1.5029E-06  9.2422E+03  7.4643E-05  5.2767E-02  7.1845E-06
 1.1062E+25  1.5430E-06  9.1233E+03  7.4643E-05  4.8862E-02  7.1845E-06
 1.1155E+25  1.5829E-06  9.0137E+03  7.4643E-05  4.5369E-02  7.1845E-06
 1.1247E+25  1.6217E-06  8.9123E+03  7.4643E-05  4.2230E-02  7.1845E-06
 1.1340E+25  1.6565E-06  8.8185E+03  7.4643E-05  3.9400E-02  7.1845E-06
 1.1432E+25  1.6959E-06  8.7313E+03  7.4643E-05  3.6836E-02  7.1845E-06
 1.1525E+25  1.7353E-06  8.6502E+03  7.4643E-05  3.4507E-02  7.1845E-06
 1.1618E+25  1.7744E-06  8.5746E+03  7.4643E-05  3.2385E-02  7.1845E-06
 1.1710E+25  1.8136E-06  8.5041E+03  7.4643E-05  3.0444E-02  7.1845E-06
 1.1803E+25  1.8525E-06  8.4381E+03  7.4643E-05  2.8667E-02  7.1845E-06
 1.1895E+25  1.8915E-06  8.3762E+03  7.4643E-05  2.7033E-02  7.1845E-06
 1.1988E+25  1.9303E-06  8.3182E+03  7.4643E-05  2.5529E-02  7.1845E-06
 1.2080E+25  1.9682E-06  8.2638E+03  7.4643E-05  2.4141E-02  7.1845E-06
 1.2173E+25  2.0051E-06  8.2125E+03  7.4643E-05  2.2856E-02  7.1845E-06
 1.2266E+25  2.0442E-06  8.1642E+03  7.4643E-05  2.1665E-02  7.1845E-06
 1.2358E+25  2.0834E-06  8.1186E+03  7.4643E-05  2.0561E-02  7.1845E-06
 1.2451E+25  2.1226E-06  8.0756E+03  7.4643E-05  1.9533E-02  7.1845E-06
 1.2543E+25  2.1619E-06  8.0350E+03  7.4643E-05  1.8575E-02  7.1845E-06
 1.2636E+25  2.2012E-06  7.9965E+03  7.4643E-05  1.7682E-02  7.1845E-06
 1.2728E+25  2.2408E-06  7.9601E+03  7.4643E-05  1.6847E-02  7.1845E-06
 1.2821E+25  2.2804E-06  7.9255E+03  7.4643E-05  1.6066E-02  7.1845E-06
 1.2914E+25  2.3202E-06  7.8927E+03  7.4643E-05  1.5334E-02  7.1845E-06
 1.3006E+25  2.3601E-06  7.8616E+03  7.4643E-05  1.4647E-02  7.1845E-06
 1.3099E+25  2.4003E-06  7.8320E+03  7.4643E-05  1.4002E-02  7.1845E-06
 1.3191E+25  2.4409E-06  7.8038E+03  7.4643E-05  1.3395E-02  7.1845E-06
 1.3284E+25  2.4807E-06  7.7770E+03  7.4643E-05  1.2824E-02  7.1845E-06
 1.3376E+25  2.5182E-06  7.7514E+03  7.4643E-05  1.2285E-02  7.1845E-06
 1.3469E+25  2.5583E-06  7.7270E+03  7.4643E-05  1.1777E-02  7.1845E-06
 1.3562E+25  2.5991E-06  7.7037E+03  7.4643E-05  1.1298E-02  7.1845E-06
 1.3654E+25  2.6403E-06  7.6815E+03  7.4643E-05  1.0844E-02  7.1845E-06
 1.3747E+25  2.6819E-06  7.6603E+03  7.4643E-05  1.0415E-02  7.1845E-06
 1.3839E+25  2.7239E-06  7.6400E+03  7.4643E-05  1.0009E-02  7.1845E-06
 1.3932E+25  2.7664E-06  7.6206E+03  7.4643E-05  9.6234E-03  7.1845E-06
 1.4024E+25  2.8095E-06  7.6020E+03  7.4643E-05  9.2580E-03  7.1845E-06
 1.4117E+25  2.8530E-06  7.5842E+03  7.4643E-05  8.9109E-03  7.1845E-06
 1.4210E+25  2.8895E-06  7.5671E+03  7.4643E-05  8.5814E-03  7.1845E-06
 1.4302E+25  2.9282E-06  7.5508E+03  7.4643E-05  8.2683E-03  7.1845E-06
 1.4395E+25  2.9724E-06  7.5350E+03  7.4643E-05  7.9700E-03  7.1845E-06
 1.4487E+25  3.0172E-06  7.5200E+03  7.4643E-05  7.6863E-03  7.1845E-06
 1.4580E+25  3.0628E-06  7.5055E+03  7.4643E-05  7.4159E-03  7.1845E-06
 1.4672E+25  3.1091E-06  7.4916E+03  7.4643E-05  7.1580E-03  7.1845E-06
 1.4765E+25  3.1447E-06  7.4782E+03  7.4643E-05  6.9123E-03  7.1845E-06
 1.4858E+25  3.1839E-06  7.4653E+03  7.4643E-05  6.6776E-03  7.1845E-06
 1.4950E+25  3.2312E-06  7.4530E+03  7.4643E-05  6.4530E-03  7.1845E-06
 1.5043E+25  3.2795E-06  7.4411E+03  7.4643E-05  6.2392E-03  7.1845E-06
 1.5135E+25  3.3287E-06  7.4296E+03  7.4643E-05  6.0342E-03  7.1845E-06
 1.5228E+25  3.3605E-06  7.4185E+03  7.4643E-05  5.8383E-03  7.1845E-06
 1.5320E+25  3.4037E-06  7.4079E+03  7.4643E-05  5.6508E-03  7.1845E-06
 1.5413E+25  3.4543E-06  7.3976E+03  7.4643E-05  5.4710E-03  7.1845E-06
 1.5506E+25  3.5060E-06  7.3877E+03  7.4643E-05  5.2993E-03  7.1845E-06
 1.5598E+25  3.5444E-06  7.3782E+03  7.4643E-05  5.1340E-03  7.1845E-06
 1.5691E+25  3.5813E-06  7.3689E+03  7.4643E-05  4.9760E-03  7.1845E-06
 1.5783E+25  3.6347E-06  7.3600E+03  7.4643E-05  4.8240E-03  7.1845E-06
 1.5876E+25  3.6895E-06  7.3514E+03  7.4643E-05  4.6785E-03  7.1845E-06
 1.5968E+25  3.7231E-06  7.3431E+03  7.4643E-05  4.5385E-03  7.1845E-06
 1.6061E+25  3.7655E-06  7.3351E+03  7.4643E-05  4.4041E-03  7.1845E-06
 1.6154E+25  3.8223E-06  7.3273E+03  7.4643E-05  4.2748E-03  7.1845E-06
 1.6246E+25  3.8776E-06  7.3198E+03  7.4643E-05  4.1507E-03  7.1845E-06
 1.6339E+25  3.8992E-06  7.3125E+03  7.4643E-05  4.0311E-03  7.1845E-06
 1.6431E+25  3.9577E-06  7.3055E+03  7.4643E-05  3.9162E-03  7.1845E-06
 1.6524E+25  4.0187E-06  7.2987E+03  7.4643E-05  3.8053E-03  7.1845E-06
 1.6616E+25  4.0475E-06  7.2921E+03  7.4643E-05  3.6989E-03  7.1845E-06
 1.6709E+25  4.0966E-06  7.2857E+03  7.4643E-05  3.5960E-03  7.1845E-06
 1.6802E+25  4.1599E-06  7.2795E+03  7.4643E-05  3.4973E-03  7.1845E-06
 1.6894E+25  4.1970E-06  7.2735E+03  7.4643E-05  3.4015E-03  7.1845E-06
 1.6987E+25  4.2388E-06  7.2677E+03  7.4643E-05  3.3098E-03  7.1845E-06
 1.7079E+25  4.3054E-06  7.2621E+03  7.4643E-05  3.2208E-03  7.1845E-06
 1.7172E+25  4.3439E-06  7.2566E+03  7.4643E-05  3.1354E-03  7.1845E-06
 1.7264E+25  4.3854E-06  7.2513E+03  7.4643E-05  3.0526E-03  7.1845E-06
 1.7357E+25  4.4554E-06  7.2462E+03  7.4643E-05  2.9728E-03  7.1845E-06
 1.7450E+25  4.4882E-06  7.2412E+03  7.4643E-05  2.8957E-03  7.1845E-06
 1.7542E+25  4.5369E-06  7.2363E+03  7.4643E-05  2.8210E-03  7.1845E-06
 1.7635E+25  4.6104E-06  7.2316E+03  7.4643E-05  2.7493E-03  7.1845E-06
 1.7727E+25  4.6299E-06  7.2271E+03  7.4643E-05  2.6794E-03  7.1845E-06
 1.7820E+25  4.6937E-06  7.2226E+03  7.4643E-05  2.6122E-03  7.1845E-06
 1.7912E+25  4.7629E-06  7.2183E+03  7.4643E-05  2.5471E-03  7.1845E-06
 1.8005E+25  4.7770E-06  7.2141E+03  7.4643E-05  2.4839E-03  7.1845E-06
 1.8097E+25  4.8567E-06  7.2100E+03  7.4643E-05  2.4233E-03  7.1845E-06
 1.8190E+25  4.9009E-06  7.2061E+03  7.4643E-05  2.3639E-03  7.1845E-06
 1.8283E+25  4.9420E-06  7.2022E+03  7.4643E-05  2.3069E-03  7.1845E-06
 1.8375E+25  5.0264E-06  7.1985E+03  7.4643E-05  2.2515E-03  7.1845E-06
 1.8468E+25  5.0354E-06  7.1948E+03  7.4643E-05  2.1977E-03  7.1845E-06
 1.8560E+25  5.1146E-06  7.1913E+03  7.4643E-05  2.1460E-03  7.1845E-06
 1.8653E+25  5.1666E-06  7.1878E+03  7.4643E-05  2.0955E-03  7.1845E-06
 1.8745E+25  5.2036E-06  7.1844E+03  7.4643E-05  2.0466E-03  7.1845E-06
 1.8838E+25  5.2949E-06  7.1812E+03  7.4643E-05  1.9994E-03  7.1845E-06
 1.8931E+25  5.2966E-06  7.1780E+03  7.4643E-05  1.9532E-03  7.1845E-06
 1.9023E+25  5.3870E-06  7.1749E+03  7.4643E-05  1.9088E-03  7.1845E-06
 1.9116E+25  5.4264E-06  7.1718E+03  7.4643E-05  1.8656E-03  7.1845E-06
 1.9208E+25  5.4803E-06  7.1689E+03  7.4643E-05  1.8233E-03  7.1845E-06
 1.9301E+25  5.5562E-06  7.1660E+03  7.4643E-05  1.7828E-03  7.1845E-06
 1.9393E+25  5.5746E-06  7.1632E+03  7.4643E-05  1.7432E-03  7.1845E-06
 1.9486E+25  5.6767E-06  7.1604E+03  7.4643E-05  1.7046E-03  7.1845E-06
 1.9579E+25  5.6792E-06  7.1578E+03  7.4643E-05  1.6674E-03  7.1845E-06
 1.9671E+25  5.7752E-06  7.1552E+03  7.4643E-05  1.6312E-03  7.1845E-06
 1.9764E+25  5.8073E-06  7.1526E+03  7.4643E-05  1.5957E-03  7.1845E-06
 1.9856E+25  5.8749E-06  7.1502E+03  7.4643E-05  1.5616E-03  7.1845E-06
 1.9949E+25  5.9351E-06  7.1478E+03  7.4643E-05  1.5283E-03  7.1845E-06
 2.0041E+25  5.9761E-06  7.1454E+03  7.4643E-05  1.4957E-03  7.1845E-06
 2.0134E+25  6.0627E-06  7.1431E+03  7.4643E-05  1.4643E-03  7.1845E-06
 2.0227E+25  6.0789E-06  7.1409E+03  7.4643E-05  1.4337E-03  7.1845E-06
 2.0319E+25  6.1899E-06  7.1387E+03  7.4643E-05  1.4037E-03  7.1845E-06
 2.0412E+25  6.1838E-06  7.1365E+03  7.4643E-05  1.3747E-03  7.1845E-06
 2.0504E+25  6.3055E-06  7.1345E+03  7.4643E-05  1.3466E-03  7.1845E-06
 2.0597E+25  6.3014E-06  7.1324E+03  7.4643E-05  1.3190E-03  7.1845E-06
 2.0689E+25  6.4158E-06  7.1304E+03  7.4643E-05  1.2922E-03  7.1845E-06
 2.0782E+25  6.4262E-06  7.1285E+03  7.4643E-05  1.2663E-03  7.1845E-06
 2.0875E+25  6.5280E-06  7.1266E+03  7.4643E-05  1.2408E-03  7.1845E-06
 2.0967E+25  6.5506E-06  7.1247E+03  7.4643E-05  1.2159E-03  7.1845E-06
 2.1060E+25  6.6424E-06  7.1229E+03  7.4643E-05  1.1920E-03  7.1845E-06
 2.1152E+25  6.6746E-06  7.1211E+03  7.4643E-05  1.1686E-03  7.1845E-06
 2.1245E+25  6.7592E-06  7.1194E+03  7.4643E-05  1.1455E-03  7.1845E-06
 2.1337E+25  6.7980E-06  7.1177E+03  7.4643E-05  1.1232E-03  7.1845E-06
 2.1430E+25  6.8786E-06  7.1160E+03  7.4643E-05  1.1017E-03  7.1845E-06
 2.1523E+25  6.9208E-06  7.1144E+03  7.4643E-05  1.0803E-03  7.1845E-06
 2.1615E+25  7.0006E-06  7.1128E+03  7.4643E-05  1.0596E-03  7.1845E-06
 2.1708E+25  7.0429E-06  7.1113E+03  7.4643E-05  1.0396E-03  7.1845E-06
 2.1800E+25  7.1255E-06  7.1097E+03  7.4643E-05  1.0199E-03  7.1845E-06
 2.1893E+25  7.1644E-06  7.1082E+03  7.4643E-05  1.0006E-03  7.1845E-06
 2.1985E+25  7.2534E-06  7.1068E+03  7.4643E-05  9.8185E-04  7.1845E-06
 2.2078E+25  7.2850E-06  7.1054E+03  7.4643E-05  9.6372E-04  7.1845E-06
 2.2171E+25  7.3845E-06  7.1040E+03  7.4643E-05  9.4589E-04  7.1845E-06
 2.2263E+25  7.4048E-06  7.1026E+03  7.4643E-05  9.2834E-04  7.1845E-06
 2.2356E+25  7.5191E-06  7.1013E+03  7.4643E-05  9.1138E-04  7.1845E-06
 2.2448E+25  7.5238E-06  7.1000E+03  7.4643E-05  8.9492E-04  7.1845E-06
 2.2541E+25  7.6571E-06  7.0987E+03  7.4643E-05  8.7866E-04  7.1845E-06
 2.2633E+25  7.6418E-06  7.0974E+03  7.4643E-05  8.6268E-04  7.1845E-06
 2.2726E+25  7.7956E-06  7.0962E+03  7.4643E-05  8.4732E-04  7.1845E-06
 2.2819E+25  7.7623E-06  7.0950E+03  7.4643E-05  8.3233E-04  7.1845E-06
 2.2911E+25  7.9160E-06  7.0938E+03  7.4643E-05  8.1750E-04  7.1845E-06
 2.3004E+25  7.9038E-06  7.0926E+03  7.4643E-05  8.0297E-04  7.1845E-06
 2.3096E+25  8.0331E-06  7.0915E+03  7.4643E-05  7.8896E-04  7.1845E-06
 2.3189E+25  8.0518E-06  7.0904E+03  7.4643E-05  7.7528E-04  7.1845E-06
 2.3281E+25  8.1490E-06  7.0893E+03  7.4643E-05  7.6176E-04  7.1845E-06
 2.3374E+25  8.2041E-06  7.0882E+03  7.4643E-05  7.4848E-04  7.1845E-06
 2.3467E+25  8.2637E-06  7.0872E+03  7.4643E-05  7.3568E-04  7.1845E-06
 2.3559E+25  8.3609E-06  7.0862E+03  7.4643E-05  7.2321E-04  7.1845E-06
 2.3652E+25  8.3774E-06  7.0852E+03  7.4643E-05  7.1085E-04  7.1845E-06
 2.3744E+25  8.5226E-06  7.0842E+03  7.4643E-05  6.9870E-04  7.1845E-06
 2.3837E+25  8.4899E-06  7.0832E+03  7.4643E-05  6.8695E-04  7.1845E-06
 2.3929E+25  8.6530E-06  7.0823E+03  7.4643E-05  6.7555E-04  7.1845E-06
 2.4022E+25  8.6375E-06  7.0813E+03  7.4643E-05  6.6427E-04  7.1845E-06
 2.4115E+25  8.7654E-06  7.0804E+03  7.4643E-05  6.5314E-04  7.1845E-06
 2.4207E+25  8.8072E-06  7.0795E+03  7.4643E-05  6.4231E-04  7.1845E-06
 2.4300E+25  8.8763E-06  7.0786E+03  7.4643E-05  6.3187E-04  7.1845E-06
 2.4392E+25  8.9823E-06  7.0778E+03  7.4643E-05  6.2155E-04  7.1845E-06
 2.4485E+25  8.9858E-06  7.0769E+03  7.4643E-05  6.1135E-04  7.1845E-06
 2.4577E+25  9.1516E-06  7.0761E+03  7.4643E-05  6.0136E-04  7.1845E-06
 2.4670E+25  9.1055E-06  7.0753E+03  7.4643E-05  5.9172E-04  7.1845E-06
 2.4763E+25  9.2619E-06  7.0745E+03  7.4643E-05  5.8232E-04  7.1845E-06
 2.4855E+25  9.2891E-06  7.0737E+03  7.4643E-05  5.7298E-04  7.1845E-06
 2.4948E+25  9.3699E-06  7.0729E+03  7.4643E-05  5.6376E-04  7.1845E-06
 2.5040E+25  9.4799E-06  7.0722E+03  7.4643E-05  5.5482E-04  7.1845E-06
 2.5133E+25  9.4759E-06  7.0714E+03  7.4643E-05  5.4618E-04  7.1845E-06
 2.5225E+25  9.6464E-06  7.0707E+03  7.4643E-05  5.3764E-04  7.1845E-06
 2.5318E+25  9.6113E-06  7.0700E+03  7.4643E-05  5.2918E-04  7.1845E-06
 2.5411E+25  9.7524E-06  7.0693E+03  7.4643E-05  5.2088E-04  7.1845E-06
 2.5503E+25  9.8129E-06  7.0686E+03  7.4643E-05  5.1284E-04  7.1845E-06
 2.5596E+25  9.8566E-06  7.0679E+03  7.4643E-05  5.0504E-04  7.1845E-06
 2.5688E+25  1.0021E-05  7.0672E+03  7.4643E-05  4.9729E-04  7.1845E-06
 2.5781E+25  9.9589E-06  7.0666E+03  7.4643E-05  4.8962E-04  7.1845E-06
 2.5873E+25  1.0133E-05  7.0659E+03  7.4643E-05  4.8212E-04  7.1845E-06
 2.5966E+25  1.0164E-05  7.0653E+03  7.4643E-05  4.7486E-04  7.1845E-06
 2.6059E+25  1.0235E-05  7.0647E+03  7.4643E-05  4.6780E-04  7.1845E-06
 2.6151E+25  1.0385E-05  7.0640E+03  7.4643E-05  4.6076E-04  7.1845E-06
 2.6244E+25  1.0335E-05  7.0634E+03  7.4643E-05  4.5382E-04  7.1845E-06
 2.6336E+25  1.0512E-05  7.0628E+03  7.4643E-05  4.4701E-04  7.1845E-06
 2.6429E+25  1.0535E-05  7.0623E+03  7.4643E-05  4.4044E-04  7.1845E-06
 2.6521E+25  1.0612E-05  7.0617E+03  7.4643E-05  4.3401E-04  7.1845E-06
 2.6614E+25  1.0771E-05  7.0611E+03  7.4643E-05  4.2763E-04  7.1845E-06
 2.6707E+25  1.0708E-05  7.0606E+03  7.4643E-05  4.2132E-04  7.1845E-06
 2.6799E+25  1.0888E-05  7.0600E+03  7.4643E-05  4.1513E-04  7.1845E-06
 2.6892E+25  1.0930E-05  7.0595E+03  7.4643E-05  4.0915E-04  7.1845E-06
 2.6984E+25  1.0985E-05  7.0590E+03  7.4643E-05  4.0332E-04  7.1845E-06
 2.7077E+25  1.1165E-05  7.0585E+03  7.4643E-05  3.9751E-04  7.1845E-06
 2.7169E+25  1.1093E-05  7.0579E+03  7.4643E-05  3.9177E-04  7.1845E-06
 2.7262E+25  1.1262E-05  7.0574E+03  7.4643E-05  3.8612E-04  7.1845E-06
 2.7355E+25  1.1349E-05  7.0570E+03  7.4643E-05  3.8066E-04  7.1845E-06
 2.7447E+25  1.1355E-05  7.0565E+03  7.4643E-05  3.7535E-04  7.1845E-06
 2.7540E+25  1.1539E-05  7.0560E+03  7.4643E-05  3.7008E-04  7.1845E-06
 2.7632E+25  1.1521E-05  7.0555E+03  7.4643E-05  3.6485E-04  7.1845E-06
 2.7725E+25  1.1632E-05  7.0551E+03  7.4643E-05  3.5969E-04  7.1845E-06
 2.7817E+25  1.1796E-05  7.0546E+03  7.4643E-05  3.5467E-04  7.1845E-06
 2.7910E+25  1.1721E-05  7.0542E+03  7.4643E-05  3.4982E-04  7.1845E-06
 2.8003E+25  1.1909E-05  7.0537E+03  7.4643E-05  3.4502E-04  7.1845E-06
 2.8095E+25  1.1980E-05  7.0533E+03  7.4643E-05  3.4027E-04  7.1845E-06
 2.8188E+25  1.1998E-05  7.0529E+03  7.4643E-05  3.3556E-04  7.1845E-06
 2.8280E+25  1.2186E-05  7.0524E+03  7.4643E-05  3.3094E-04  7.1845E-06
 2.8373E+25  1.2169E-05  7.0520E+03  7.4643E-05  3.2646E-04  7.1845E-06
 2.8465E+25  1.2274E-05  7.0516E+03  7.4643E-05  3.2211E-04  7.1845E-06
 2.8558E+25  1.2462E-05  7.0512E+03  7.4643E-05  3.1778E-04  7.1845E-06
 2.8651E+25  1.2366E-05  7.0508E+03  7.4643E-05  3.1349E-04  7.1845E-06
 2.8743E+25  1.2550E-05  7.0504E+03  7.4643E-05  3.0922E-04  7.1845E-06
 2.8836E+25  1.2673E-05  7.0501E+03  7.4643E-05  3.0510E-04  7.1845E-06
 2.8928E+25  1.2634E-05  7.0497E+03  7.4643E-05  3.0108E-04  7.1845E-06
 2.9021E+25  1.2828E-05  7.0493E+03  7.4643E-05  2.9716E-04  7.1845E-06
 2.9113E+25  1.2882E-05  7.0490E+03  7.4643E-05  2.9324E-04  7.1845E-06
 2.9206E+25  1.2910E-05  7.0486E+03  7.4643E-05  2.8936E-04  7.1845E-06
 2.9299E+25  1.3105E-05  7.0482E+03  7.4643E-05  2.8551E-04  7.1845E-06
 2.9391E+25  1.3097E-05  7.0479E+03  7.4643E-05  2.8180E-04  7.1845E-06
 2.9484E+25  1.3186E-05  7.0475E+03  7.4643E-05  2.7817E-04  7.1845E-06
 2.9576E+25  1.3383E-05  7.0472E+03  7.4643E-05  2.7462E-04  7.1845E-06
 2.9669E+25  1.3318E-05  7.0469E+03  7.4643E-05  2.7108E-04  7.1845E-06
 2.9761E+25  1.3462E-05  7.0465E+03  7.4643E-05  2.6757E-04  7.1845E-06
 2.9854E+25  1.3659E-05  7.0462E+03  7.4643E-05  2.6410E-04  7.1845E-06
 2.9947E+25  1.3549E-05  7.0459E+03  7.4643E-05  2.6073E-04  7.1845E-06
 3.0039E+25  1.3737E-05  7.0456E+03  7.4643E-05  2.5745E-04  7.1845E-06
 3.0132E+25  1.3910E-05  7.0453E+03  7.4643E-05  2.5425E-04  7.1845E-06
 3.0224E+25  1.3811E-05  7.0450E+03  7.4643E-05  2.5104E-04  7.1845E-06
 3.0317E+25  1.4013E-05  7.0447E+03  7.4643E-05  2.4785E-04  7.1845E-06
 3.0409E+25  1.4156E-05  7.0444E+03  7.4643E-05  2.4471E-04  7.1845E-06
 3.0502E+25  1.4086E-05  7.0441E+03  7.4643E-05  2.4165E-04  7.1845E-06
 3.0594E+25  1.4289E-05  7.0438E+03  7.4643E-05  2.3867E-04  7.1845E-06
 3.0687E+25  1.4411E-05  7.0435E+03  7.4643E-05  2.3577E-04  7.1845E-06
 3.0780E+25  1.4360E-05  7.0432E+03  7.4643E-05  2.3286E-04  7.1845E-06
 3.0872E+25  1.4565E-05  7.0429E+03  7.4643E-05  2.2998E-04  7.1845E-06
 3.0965E+25  1.4674E-05  7.0427E+03  7.4643E-05  2.2713E-04  7.1845E-06
 3.1057E+25  1.4634E-05  7.0424E+03  7.4643E-05  2.2433E-04  7.1845E-06
 3.1150E+25  1.4841E-05  7.0421E+03  7.4643E-05  2.2161E-04  7.1845E-06
 3.1242E+25  1.4946E-05  7.0419E+03  7.4643E-05  2.1897E-04  7.1845E-06
 3.1335E+25  1.4908E-05  7.0416E+03  7.4643E-05  2.1635E-04  7.1845E-06
 3.1428E+25  1.5116E-05  7.0414E+03  7.4643E-05  2.1373E-04  7.1845E-06
 3.1520E+25  1.5228E-05  7.0411E+03  7.4643E-05  2.1114E-04  7.1845E-06
 3.1613E+25  1.5181E-05  7.0409E+03  7.4643E-05  2.0857E-04  7.1845E-06
 3.1705E+25  1.5392E-05  7.0406E+03  7.4643E-05  2.0609E-04  7.1845E-06
 3.1798E+25  1.5519E-05  7.0404E+03  7.4643E-05  2.0367E-04  7.1845E-06
 3.1890E+25  1.5453E-05  7.0401E+03  7.4643E-05  2.0129E-04  7.1845E-06
 3.1983E+25  1.5666E-05  7.0399E+03  7.4643E-05  1.9893E-04  7.1845E-06
 3.2076E+25  1.5821E-05  7.0397E+03  7.4643E-05  1.9657E-04  7.1845E-06
 3.2168E+25  1.5725E-05  7.0395E+03  7.4643E-05  1.9424E-04  7.1845E-06
 3.2261E+25  1.5940E-05  7.0392E+03  7.4643E-05  1.9194E-04  7.1845E-06
 3.2353E+25  1.6134E-05  7.0390E+03  7.4643E-05  1.8972E-04  7.1845E-06
 3.2446E+25  1.5997E-05  7.0388E+03  7.4643E-05  1.8754E-04  7.1845E-06
 3.2538E+25  1.6214E-05  7.0386E+03  7.4643E-05  1.8541E-04  7.1845E-06
 3.2631E+25  1.6431E-05  7.0384E+03  7.4643E-05  1.8327E-04  7.1845E-06
 3.2724E+25  1.6295E-05  7.0381E+03  7.4643E-05  1.8115E-04  7.1845E-06
 3.2816E+25  1.6488E-05  7.0379E+03  7.4643E-05  1.7904E-04  7.1845E-06
 3.2909E+25  1.6707E-05  7.0377E+03  7.4643E-05  1.7698E-04  7.1845E-06
 3.3001E+25  1.6625E-05  7.0375E+03  7.4643E-05  1.7497E-04  7.1845E-06
 3.3094E+25  1.6760E-05  7.0373E+03  7.4643E-05  1.7302E-04  7.1845E-06
 3.3186E+25  1.6981E-05  7.0371E+03  7.4643E-05  1.7110E-04  7.1845E-06
 3.3279E+25  1.6970E-05  7.0369E+03  7.4643E-05  1.6916E-04  7.1845E-06
 3.3372E+25  1.7032E-05  7.0367E+03  7.4643E-05  1.6725E-04  7.1845E-06
 3.3464E+25  1.7254E-05  7.0366E+03  7.4643E-05  1.6535E-04  7.1845E-06
 3.3557E+25  1.7328E-05  7.0364E+03  7.4643E-05  1.6348E-04  7.1845E-06
 3.3649E+25  1.7302E-05  7.0362E+03  7.4643E-05  1.6167E-04  7.1845E-06
 3.3742E+25  1.7526E-05  7.0360E+03  7.4643E-05  1.5990E-04  7.1845E-06
 3.3834E+25  1.7699E-05  7.0358E+03  7.4643E-05  1.5816E-04  7.1845E-06
 3.3927E+25  1.7570E-05  7.0356E+03  7.4643E-05  1.5642E-04  7.1845E-06
 3.4020E+25  1.7798E-05  7.0355E+03  7.4643E-05  1.5470E-04  7.1845E-06
 3.4112E+25  1.8026E-05  7.0353E+03  7.4643E-05  1.5298E-04  7.1845E-06
 3.4205E+25  1.7897E-05  7.0351E+03  7.4643E-05  1.5128E-04  7.1845E-06
 3.4297E+25  1.8069E-05  7.0350E+03  7.4643E-05  1.4964E-04  7.1845E-06
 3.4390E+25  1.8298E-05  7.0348E+03  7.4643E-05  1.4803E-04  7.1845E-06
 3.4482E+25  1.8293E-05  7.0346E+03  7.4643E-05  1.4646E-04  7.1845E-06
 3.4575E+25  1.8338E-05  7.0345E+03  7.4643E-05  1.4489E-04  7.1845E-06
 3.4668E+25  1.8569E-05  7.0343E+03  7.4643E-05  1.4333E-04  7.1845E-06
 3.4760E+25  1.8705E-05  7.0341E+03  7.4643E-05  1.4178E-04  7.1845E-06
 3.4853E+25  1.8605E-05  7.0340E+03  7.4643E-05  1.4023E-04  7.1845E-06
 3.4945E+25  1.8840E-05  7.0338E+03  7.4643E-05  1.3874E-04  7.1845E-06
 3.5038E+25  1.9073E-05  7.0337E+03  7.4643E-05  1.3726E-04  7.1845E-06
 3.5130E+25  1.8931E-05  7.0335E+03  7.4643E-05  1.3584E-04  7.1845E-06
 3.5223E+25  1.9109E-05  7.0334E+03  7.4643E-05  1.3443E-04  7.1845E-06
 3.5316E+25  1.9344E-05  7.0332E+03  7.4643E-05  1.3301E-04  7.1845E-06
 3.5408E+25  1.9372E-05  7.0331E+03  7.4643E-05  1.3161E-04  7.1845E-06
 3.5501E+25  1.9375E-05  7.0329E+03  7.4643E-05  1.3021E-04  7.1845E-06
 3.5593E+25  1.9614E-05  7.0328E+03  7.4643E-05  1.2883E-04  7.1845E-06
 3.5686E+25  1.9829E-05  7.0326E+03  7.4643E-05  1.2749E-04  7.1845E-06
 3.5778E+25  1.9641E-05  7.0325E+03  7.4643E-05  1.2617E-04  7.1845E-06
 3.5871E+25  1.9883E-05  7.0324E+03  7.4643E-05  1.2490E-04  7.1845E-06
 3.5964E+25  2.0122E-05  7.0322E+03  7.4643E-05  1.2363E-04  7.1845E-06
 3.6056E+25  2.0088E-05  7.0321E+03  7.4643E-05  1.2235E-04  7.1845E-06
 3.6149E+25  2.0148E-05  7.0320E+03  7.4643E-05  1.2109E-04  7.1845E-06
 3.6241E+25  2.0391E-05  7.0318E+03  7.4643E-05  1.1984E-04  7.1845E-06
 3.6334E+25  2.0578E-05  7.0317E+03  7.4643E-05  1.1860E-04  7.1845E-06
 3.6426E+25  2.0412E-05  7.0316E+03  7.4643E-05  1.1739E-04  7.1845E-06
 3.6519E+25  2.0659E-05  7.0314E+03  7.4643E-05  1.1620E-04  7.1845E-06
 3.6612E+25  2.0903E-05  7.0313E+03  7.4643E-05  1.1506E-04  7.1845E-06
 3.6704E+25  2.0861E-05  7.0312E+03  7.4643E-05  1.1391E-04  7.1845E-06
 3.6797E+25  2.0922E-05  7.0311E+03  7.4643E-05  1.1277E-04  7.1845E-06
 3.6889E+25  2.1171E-05  7.0309E+03  7.4643E-05  1.1163E-04  7.1845E-06
 3.6982E+25  2.1386E-05  7.0308E+03  7.4643E-05  1.1050E-04  7.1845E-06
 3.7074E+25  2.1186E-05  7.0307E+03  7.4643E-05  1.0938E-04  7.1845E-06
 3.7167E+25  2.1437E-05  7.0306E+03  7.4643E-05  1.0830E-04  7.1845E-06
 3.7260E+25  2.1686E-05  7.0305E+03  7.4643E-05  1.0722E-04  7.1845E-06
 3.7352E+25  2.1696E-05  7.0303E+03  7.4643E-05  1.0619E-04  7.1845E-06
 3.7445E+25  2.1698E-05  7.0302E+03  7.4643E-05  1.0516E-04  7.1845E-06
 3.7537E+25  2.1953E-05  7.0301E+03  7.4643E-05  1.0413E-04  7.1845E-06
 3.7630E+25  2.2203E-05  7.0300E+03  7.4643E-05  1.0310E-04  7.1845E-06
 3.7722E+25  2.2017E-05  7.0299E+03  7.4643E-05  1.0208E-04  7.1845E-06
 3.7815E+25  2.2215E-05  7.0298E+03  7.4643E-05  1.0107E-04  7.1845E-06
 3.7908E+25  2.2471E-05  7.0297E+03  7.4643E-05  1.0009E-04  7.1845E-06
 3.8000E+25  2.2597E-05  7.0296E+03  7.4643E-05  9.9111E-05  7.1845E-06
 3.8093E+25  2.2476E-05  7.0295E+03  7.4643E-05  9.8170E-05  7.1845E-06
 3.8185E+25  2.2735E-05  7.0294E+03  7.4643E-05  9.7248E-05  7.1845E-06
 3.8278E+25  2.2992E-05  7.0293E+03  7.4643E-05  9.6319E-05  7.1845E-06
 3.8370E+25  2.2948E-05  7.0292E+03  7.4643E-05  9.5395E-05  7.1845E-06
 3.8463E+25  2.2994E-05  7.0291E+03  7.4643E-05  9.4476E-05  7.1845E-06
 3.8556E+25  2.3257E-05  7.0290E+03  7.4643E-05  9.3560E-05  7.1845E-06
 3.8648E+25  2.3514E-05  7.0289E+03  7.4643E-05  9.2657E-05  7.1845E-06
 3.8741E+25  2.3314E-05  7.0288E+03  7.4643E-05  9.1777E-05  7.1845E-06
 3.8833E+25  2.3516E-05  7.0287E+03  7.4643E-05  9.0909E-05  7.1845E-06
 3.8926E+25  2.3781E-05  7.0286E+03  7.4643E-05  9.0075E-05  7.1845E-06
 3.9018E+25  2.3957E-05  7.0285E+03  7.4643E-05  8.9241E-05  7.1845E-06
 3.9111E+25  2.3777E-05  7.0284E+03  7.4643E-05  8.8409E-05  7.1845E-06
 3.9204E+25  2.4040E-05  7.0283E+03  7.4643E-05  8.7580E-05  7.1845E-06
 3.9296E+25  2.4307E-05  7.0282E+03  7.4643E-05  8.6753E-05  7.1845E-06
 3.9389E+25  2.4357E-05  7.0281E+03  7.4643E-05  8.5932E-05  7.1845E-06
 3.9481E+25  2.4299E-05  7.0280E+03  7.4643E-05  8.5126E-05  7.1845E-06
 3.9574E+25  2.4568E-05  7.0279E+03  7.4643E-05  8.4334E-05  7.1845E-06
 3.9666E+25  2.4836E-05  7.0278E+03  7.4643E-05  8.3556E-05  7.1845E-06
 3.9759E+25  2.4773E-05  7.0278E+03  7.4643E-05  8.2808E-05  7.1845E-06
 3.9852E+25  2.4825E-05  7.0277E+03  7.4643E-05  8.2060E-05  7.1845E-06
 3.9944E+25  2.5097E-05  7.0276E+03  7.4643E-05  8.1313E-05  7.1845E-06
 4.0037E+25  2.5368E-05  7.0275E+03  7.4643E-05  8.0567E-05  7.1845E-06
 4.0129E+25  2.5205E-05  7.0274E+03  7.4643E-05  7.9824E-05  7.1845E-06
 4.0222E+25  2.5354E-05  7.0273E+03  7.4643E-05  7.9088E-05  7.1845E-06
 4.0314E+25  2.5629E-05  7.0273E+03  7.4643E-05  7.8361E-05  7.1845E-06
 4.0407E+25  2.5900E-05  7.0272E+03  7.4643E-05  7.7649E-05  7.1845E-06
 4.0500E+25  2.5657E-05  7.0271E+03  7.4643E-05  7.6948E-05  7.1845E-06
 4.0592E+25  2.5885E-05  7.0270E+03  7.4643E-05  7.6274E-05  7.1845E-06
 4.0685E+25  2.6164E-05  7.0269E+03  7.4643E-05  7.5603E-05  7.1845E-06
 4.0777E+25  2.6416E-05  7.0269E+03  7.4643E-05  7.4930E-05  7.1845E-06
 4.0870E+25  2.6146E-05  7.0268E+03  7.4643E-05  7.4259E-05  7.1845E-06
 4.0962E+25  2.6418E-05  7.0267E+03  7.4643E-05  7.3594E-05  7.1845E-06
 4.1055E+25  2.6700E-05  7.0266E+03  7.4643E-05  7.2930E-05  7.1845E-06
 4.1148E+25  2.6911E-05  7.0265E+03  7.4643E-05  7.2271E-05  7.1845E-06
 4.1240E+25  2.6678E-05  7.0265E+03  7.4643E-05  7.1630E-05  7.1845E-06
 4.1333E+25  2.6954E-05  7.0264E+03  7.4643E-05  7.0994E-05  7.1845E-06
 4.1425E+25  2.7239E-05  7.0263E+03  7.4643E-05  7.0381E-05  7.1845E-06
 4.1518E+25  2.7424E-05  7.0262E+03  7.4643E-05  6.9780E-05  7.1845E-06
 4.1610E+25  2.7214E-05  7.0262E+03  7.4643E-05  6.9177E-05  7.1845E-06
 4.1703E+25  2.7493E-05  7.0261E+03  7.4643E-05  6.8574E-05  7.1845E-06
 4.1796E+25  2.7780E-05  7.0260E+03  7.4643E-05  6.7973E-05  7.1845E-06
 4.1888E+25  2.7959E-05  7.0260E+03  7.4643E-05  6.7376E-05  7.1845E-06
 4.1981E+25  2.7752E-05  7.0259E+03  7.4643E-05  6.6780E-05  7.1845E-06
 4.2073E+25  2.8034E-05  7.0258E+03  7.4643E-05  6.6197E-05  7.1845E-06
 4.2166E+25  2.8323E-05  7.0258E+03  7.4643E-05  6.5624E-05  7.1845E-06
 4.2258E+25  2.8516E-05  7.0257E+03  7.4643E-05  6.5054E-05  7.1845E-06
 4.2351E+25  2.8293E-05  7.0256E+03  7.4643E-05  6.4513E-05  7.1845E-06
 4.2443E+25  2.8577E-05  7.0256E+03  7.4643E-05  6.3974E-05  7.1845E-06
 4.2536E+25  2.8869E-05  7.0255E+03  7.4643E-05  6.3432E-05  7.1845E-06
 4.2629E+25  2.9096E-05  7.0254E+03  7.4643E-05  6.2892E-05  7.1845E-06
 4.2721E+25  2.8836E-05  7.0254E+03  7.4643E-05  6.2354E-05  7.1845E-06
 4.2814E+25  2.9124E-05  7.0253E+03  7.4643E-05  6.1819E-05  7.1845E-06
 4.2906E+25  2.9416E-05  7.0253E+03  7.4643E-05  6.1285E-05  7.1845E-06
 4.2999E+25  2.9695E-05  7.0252E+03  7.4643E-05  6.0762E-05  7.1845E-06
 4.3091E+25  2.9386E-05  7.0251E+03  7.4643E-05  6.0245E-05  7.1845E-06
 4.3184E+25  2.9673E-05  7.0251E+03  7.4643E-05  5.9740E-05  7.1845E-06
 4.3277E+25  2.9966E-05  7.0250E+03  7.4643E-05  5.9255E-05  7.1845E-06
 4.3369E+25  3.0266E-05  7.0249E+03  7.4643E-05  5.8770E-05  7.1845E-06
 4.3462E+25  2.9992E-05  7.0249E+03  7.4643E-05  5.8284E-05  7.1845E-06
 4.3554E+25  3.0224E-05  7.0248E+03  7.4643E-05  5.7800E-05  7.1845E-06
 4.3647E+25  3.0519E-05  7.0248E+03  7.4643E-05  5.7318E-05  7.1845E-06
 4.3739E+25  3.0823E-05  7.0247E+03  7.4643E-05  5.6837E-05  7.1845E-06
 4.3832E+25  3.0638E-05  7.0246E+03  7.4643E-05  5.6358E-05  7.1845E-06
 4.3925E+25  3.0778E-05  7.0246E+03  7.4643E-05  5.5888E-05  7.1845E-06
 4.4017E+25  3.1074E-05  7.0245E+03  7.4643E-05  5.5425E-05  7.1845E-06
 4.4110E+25  3.1380E-05  7.0245E+03  7.4643E-05  5.4965E-05  7.1845E-06
 4.4202E+25  3.1313E-05  7.0244E+03  7.4643E-05  5.4529E-05  7.1845E-06
 4.4295E+25  3.1333E-05  7.0244E+03  7.4643E-05  5.4095E-05  7.1845E-06
 4.4387E+25  3.1634E-05  7.0243E+03  7.4643E-05  5.3660E-05  7.1845E-06
 4.4480E+25  3.1938E-05  7.0243E+03  7.4643E-05  5.3226E-05  7.1845E-06
 4.4573E+25  3.2016E-05  7.0242E+03  7.4643E-05  5.2791E-05  7.1845E-06
 4.4665E+25  3.1891E-05  7.0242E+03  7.4643E-05  5.2361E-05  7.1845E-06
 4.4758E+25  3.2196E-05  7.0241E+03  7.4643E-05  5.1931E-05  7.1845E-06
 4.4850E+25  3.2501E-05  7.0241E+03  7.4643E-05  5.1505E-05  7.1845E-06
 4.4943E+25  3.2744E-05  7.0240E+03  7.4643E-05  5.1088E-05  7.1845E-06
 4.5035E+25  3.2455E-05  7.0239E+03  7.4643E-05  5.0672E-05  7.1845E-06
 4.5128E+25  3.2760E-05  7.0239E+03  7.4643E-05  5.0273E-05  7.1845E-06
 4.5221E+25  3.3067E-05  7.0239E+03  7.4643E-05  4.9884E-05  7.1845E-06
 4.5313E+25  3.3380E-05  7.0238E+03  7.4643E-05  4.9494E-05  7.1845E-06
 4.5406E+25  3.3141E-05  7.0237E+03  7.4643E-05  4.9103E-05  7.1845E-06
 4.5498E+25  3.3325E-05  7.0237E+03  7.4643E-05  4.8715E-05  7.1845E-06
 4.5591E+25  3.3637E-05  7.0237E+03  7.4643E-05  4.8327E-05  7.1845E-06
 4.5683E+25  3.3949E-05  7.0236E+03  7.4643E-05  4.7941E-05  7.1845E-06
 4.5776E+25  3.3924E-05  7.0235E+03  7.4643E-05  4.7555E-05  7.1845E-06
 4.5869E+25  3.3896E-05  7.0235E+03  7.4643E-05  4.7177E-05  7.1845E-06
 4.5961E+25  3.4210E-05  7.0235E+03  7.4643E-05  4.6803E-05  7.1845E-06
 4.6054E+25  3.4523E-05  7.0234E+03  7.4643E-05  4.6432E-05  7.1845E-06
 4.6146E+25  3.4736E-05  7.0234E+03  7.4643E-05  4.6079E-05  7.1845E-06
 4.6239E+25  3.4472E-05  7.0233E+03  7.4643E-05  4.5730E-05  7.1845E-06
 4.6331E+25  3.4782E-05  7.0233E+03  7.4643E-05  4.5382E-05  7.1845E-06
 4.6424E+25  3.5102E-05  7.0232E+03  7.4643E-05  4.5032E-05  7.1845E-06
 4.6517E+25  3.5421E-05  7.0232E+03  7.4643E-05  4.4683E-05  7.1845E-06
 4.6609E+25  3.5204E-05  7.0231E+03  7.4643E-05  4.4335E-05  7.1845E-06
 4.6702E+25  3.5362E-05  7.0231E+03  7.4643E-05  4.3989E-05  7.1845E-06
 4.6794E+25  3.5683E-05  7.0231E+03  7.4643E-05  4.3645E-05  7.1845E-06
 4.6887E+25  3.6003E-05  7.0230E+03  7.4643E-05  4.3306E-05  7.1845E-06
 4.6979E+25  3.6076E-05  7.0230E+03  7.4643E-05  4.2969E-05  7.1845E-06
 4.7072E+25  3.5946E-05  7.0229E+03  7.4643E-05  4.2636E-05  7.1845E-06
 4.7165E+25  3.6263E-05  7.0229E+03  7.4643E-05  4.2319E-05  7.1845E-06
 4.7257E+25  3.6591E-05  7.0228E+03  7.4643E-05  4.2007E-05  7.1845E-06
 4.7350E+25  3.6912E-05  7.0228E+03  7.4643E-05  4.1695E-05  7.1845E-06
 4.7442E+25  3.6598E-05  7.0227E+03  7.4643E-05  4.1383E-05  7.1845E-06
 4.7535E+25  3.6853E-05  7.0227E+03  7.4643E-05  4.1069E-05  7.1845E-06
 4.7627E+25  3.7179E-05  7.0227E+03  7.4643E-05  4.0759E-05  7.1845E-06
 4.7720E+25  3.7509E-05  7.0226E+03  7.4643E-05  4.0449E-05  7.1845E-06
 4.7813E+25  3.7529E-05  7.0226E+03  7.4643E-05  4.0139E-05  7.1845E-06
 4.7905E+25  3.7445E-05  7.0225E+03  7.4643E-05  3.9832E-05  7.1845E-06
 4.7998E+25  3.7770E-05  7.0225E+03  7.4643E-05  3.9531E-05  7.1845E-06
 4.8090E+25  3.8104E-05  7.0225E+03  7.4643E-05  3.9230E-05  7.1845E-06
 4.8183E+25  3.8432E-05  7.0224E+03  7.4643E-05  3.8941E-05  7.1845E-06
 4.8275E+25  3.8106E-05  7.0224E+03  7.4643E-05  3.8660E-05  7.1845E-06
 4.8368E+25  3.8371E-05  7.0223E+03  7.4643E-05  3.8382E-05  7.1845E-06
 4.8461E+25  3.8699E-05  7.0223E+03  7.4643E-05  3.8102E-05  7.1845E-06
 4.8553E+25  3.9039E-05  7.0223E+03  7.4643E-05  3.7822E-05  7.1845E-06
 4.8646E+25  3.9106E-05  7.0222E+03  7.4643E-05  3.7543E-05  7.1845E-06
 4.8738E+25  3.8968E-05  7.0222E+03  7.4643E-05  3.7265E-05  7.1845E-06
 4.8831E+25  3.9306E-05  7.0222E+03  7.4643E-05  3.6987E-05  7.1845E-06
 4.8923E+25  3.9641E-05  7.0221E+03  7.4643E-05  3.6712E-05  7.1845E-06
 4.9016E+25  3.9983E-05  7.0221E+03  7.4643E-05  3.6439E-05  7.1845E-06
 4.9109E+25  3.9736E-05  7.0220E+03  7.4643E-05  3.6169E-05  7.1845E-06
 4.9201E+25  3.9911E-05  7.0220E+03  7.4643E-05  3.5900E-05  7.1845E-06
 4.9294E+25  4.0250E-05  7.0220E+03  7.4643E-05  3.5645E-05  7.1845E-06
 4.9386E+25  4.0593E-05  7.0219E+03  7.4643E-05  3.5395E-05  7.1845E-06
 4.9479E+25  4.0817E-05  7.0219E+03  7.4643E-05  3.5146E-05  7.1845E-06
 4.9571E+25  4.0515E-05  7.0219E+03  7.4643E-05  3.4895E-05  7.1845E-06
 4.9664E+25  4.0865E-05  7.0218E+03  7.4643E-05  3.4645E-05  7.1845E-06
 4.9757E+25  4.1206E-05  7.0218E+03  7.4643E-05  3.4396E-05  7.1845E-06
 4.9849E+25  4.1556E-05  7.0218E+03  7.4643E-05  3.4146E-05  7.1845E-06
 4.9942E+25  4.1510E-05  7.0217E+03  7.4643E-05  3.3898E-05  7.1845E-06
 5.0034E+25  4.1475E-05  7.0217E+03  7.4643E-05  3.3651E-05  7.1845E-06
 5.0127E+25  4.1829E-05  7.0217E+03  7.4643E-05  3.3408E-05  7.1845E-06
 5.0219E+25  4.2173E-05  7.0216E+03  7.4643E-05  3.3166E-05  7.1845E-06
 5.0312E+25  4.2528E-05  7.0216E+03  7.4643E-05  3.2925E-05  7.1845E-06
 5.0405E+25  4.2234E-05  7.0216E+03  7.4643E-05  3.2697E-05  7.1845E-06
 5.0497E+25  4.2447E-05  7.0215E+03  7.4643E-05  3.2473E-05  7.1845E-06
 5.0590E+25  4.2805E-05  7.0215E+03  7.4643E-05  3.2249E-05  7.1845E-06
 5.0682E+25  4.3153E-05  7.0215E+03  7.4643E-05  3.2026E-05  7.1845E-06
 5.0775E+25  4.3429E-05  7.0214E+03  7.4643E-05  3.1802E-05  7.1845E-06
 5.0867E+25  4.3072E-05  7.0214E+03  7.4643E-05  3.1579E-05  7.1845E-06
 5.0960E+25  4.3429E-05  7.0214E+03  7.4643E-05  3.1355E-05  7.1845E-06
 5.1053E+25  4.3791E-05  7.0213E+03  7.4643E-05  3.1134E-05  7.1845E-06
 5.1145E+25  4.4143E-05  7.0213E+03  7.4643E-05  3.0912E-05  7.1845E-06
 5.1238E+25  4.4223E-05  7.0213E+03  7.4643E-05  3.0693E-05  7.1845E-06
 5.1330E+25  4.4061E-05  7.0212E+03  7.4643E-05  3.0476E-05  7.1845E-06
 5.1423E+25  4.4423E-05  7.0212E+03  7.4643E-05  3.0259E-05  7.1845E-06
 5.1515E+25  4.4789E-05  7.0212E+03  7.4643E-05  3.0051E-05  7.1845E-06
 5.1608E+25  4.5146E-05  7.0212E+03  7.4643E-05  2.9850E-05  7.1845E-06
 5.1701E+25  4.5051E-05  7.0211E+03  7.4643E-05  2.9651E-05  7.1845E-06
 5.1793E+25  4.5062E-05  7.0211E+03  7.4643E-05  2.9452E-05  7.1845E-06
 5.1886E+25  4.5428E-05  7.0211E+03  7.4643E-05  2.9250E-05  7.1845E-06
 5.1978E+25  4.5800E-05  7.0210E+03  7.4643E-05  2.9050E-05  7.1845E-06
 5.2071E+25  4.6160E-05  7.0210E+03  7.4643E-05  2.8851E-05  7.1845E-06
 5.2163E+25  4.5914E-05  7.0210E+03  7.4643E-05  2.8652E-05  7.1845E-06
 5.2256E+25  4.6076E-05  7.0209E+03  7.4643E-05  2.8454E-05  7.1845E-06
 5.2349E+25  4.6445E-05  7.0209E+03  7.4643E-05  2.8256E-05  7.1845E-06
 5.2441E+25  4.6822E-05  7.0209E+03  7.4643E-05  2.8061E-05  7.1845E-06
 5.2534E+25  4.7181E-05  7.0209E+03  7.4643E-05  2.7867E-05  7.1845E-06
 5.2626E+25  4.6818E-05  7.0208E+03  7.4643E-05  2.7673E-05  7.1845E-06
 5.2719E+25  4.7102E-05  7.0208E+03  7.4643E-05  2.7491E-05  7.1845E-06
 5.2811E+25  4.7473E-05  7.0208E+03  7.4643E-05  2.7311E-05  7.1845E-06
 5.2904E+25  4.7856E-05  7.0207E+03  7.4643E-05  2.7134E-05  7.1845E-06
 5.2997E+25  4.8196E-05  7.0207E+03  7.4643E-05  2.6955E-05  7.1845E-06
 5.3089E+25  4.7780E-05  7.0207E+03  7.4643E-05  2.6776E-05  7.1845E-06
 5.3182E+25  4.8142E-05  7.0207E+03  7.4643E-05  2.6597E-05  7.1845E-06
 5.3274E+25  4.8515E-05  7.0206E+03  7.4643E-05  2.6419E-05  7.1845E-06
 5.3367E+25  4.8902E-05  7.0206E+03  7.4643E-05  2.6241E-05  7.1845E-06
 5.3459E+25  4.9188E-05  7.0206E+03  7.4643E-05  2.6063E-05  7.1845E-06
 5.3552E+25  4.8817E-05  7.0205E+03  7.4643E-05  2.5886E-05  7.1845E-06
 5.3645E+25  4.9195E-05  7.0205E+03  7.4643E-05  2.5712E-05  7.1845E-06
 5.3737E+25  4.9569E-05  7.0205E+03  7.4643E-05  2.5538E-05  7.1845E-06
 5.3830E+25  4.9962E-05  7.0205E+03  7.4643E-05  2.5365E-05  7.1845E-06
 5.3922E+25  5.0209E-05  7.0204E+03  7.4643E-05  2.5202E-05  7.1845E-06
 5.4015E+25  4.9876E-05  7.0204E+03  7.4643E-05  2.5041E-05  7.1845E-06
 5.4107E+25  5.0261E-05  7.0204E+03  7.4643E-05  2.4882E-05  7.1845E-06
 5.4200E+25  5.0638E-05  7.0204E+03  7.4643E-05  2.4723E-05  7.1845E-06
 5.4292E+25  5.1034E-05  7.0203E+03  7.4643E-05  2.4562E-05  7.1845E-06
 5.4385E+25  5.1272E-05  7.0203E+03  7.4643E-05  2.4403E-05  7.1845E-06
 5.4478E+25  5.0947E-05  7.0203E+03  7.4643E-05  2.4243E-05  7.1845E-06
 5.4570E+25  5.1340E-05  7.0203E+03  7.4643E-05  2.4085E-05  7.1845E-06
 5.4663E+25  5.1724E-05  7.0202E+03  7.4643E-05  2.3926E-05  7.1845E-06
 5.4755E+25  5.2118E-05  7.0202E+03  7.4643E-05  2.3767E-05  7.1845E-06
 5.4848E+25  5.2374E-05  7.0202E+03  7.4643E-05  2.3610E-05  7.1845E-06
 5.4940E+25  5.2037E-05  7.0202E+03  7.4643E-05  2.3454E-05  7.1845E-06
 5.5033E+25  5.2433E-05  7.0201E+03  7.4643E-05  2.3299E-05  7.1845E-06
 5.5126E+25  5.2825E-05  7.0201E+03  7.4643E-05  2.3149E-05  7.1845E-06
 5.5218E+25  5.3216E-05  7.0201E+03  7.4643E-05  2.3005E-05  7.1845E-06
 5.5311E+25  5.3516E-05  7.0201E+03  7.4643E-05  2.2862E-05  7.1845E-06
 5.5403E+25  5.3144E-05  7.0200E+03  7.4643E-05  2.2721E-05  7.1845E-06
 5.5496E+25  5.3540E-05  7.0200E+03  7.4643E-05  2.2577E-05  7.1845E-06
 5.5588E+25  5.3939E-05  7.0200E+03  7.4643E-05  2.2435E-05  7.1845E-06
 5.5681E+25  5.4331E-05  7.0200E+03  7.4643E-05  2.2292E-05  7.1845E-06
 5.5774E+25  5.4698E-05  7.0199E+03  7.4643E-05  2.2150E-05  7.1845E-06
 5.5866E+25  5.4272E-05  7.0199E+03  7.4643E-05  2.2008E-05  7.1845E-06
 5.5959E+25  5.4658E-05  7.0199E+03  7.4643E-05  2.1866E-05  7.1845E-06
 5.6051E+25  5.5067E-05  7.0199E+03  7.4643E-05  2.1725E-05  7.1845E-06
 5.6144E+25  5.5468E-05  7.0198E+03  7.4643E-05  2.1585E-05  7.1845E-06
 5.6236E+25  5.5863E-05  7.0198E+03  7.4643E-05  2.1446E-05  7.1845E-06
 5.6329E+25  5.5468E-05  7.0198E+03  7.4643E-05  2.1306E-05  7.1845E-06
 5.6422E+25  5.5799E-05  7.0198E+03  7.4643E-05  2.1174E-05  7.1845E-06
 5.6514E+25  5.6210E-05  7.0198E+03  7.4643E-05  2.1046E-05  7.1845E-06
 5.6607E+25  5.6619E-05  7.0197E+03  7.4643E-05  2.0919E-05  7.1845E-06
 5.6699E+25  5.7020E-05  7.0197E+03  7.4643E-05  2.0792E-05  7.1845E-06
 5.6792E+25  5.6732E-05  7.0197E+03  7.4643E-05  2.0664E-05  7.1845E-06
 5.6884E+25  5.6960E-05  7.0197E+03  7.4643E-05  2.0537E-05  7.1845E-06
 5.6977E+25  5.7364E-05  7.0196E+03  7.4643E-05  2.0410E-05  7.1845E-06
 5.7070E+25  5.7784E-05  7.0196E+03  7.4643E-05  2.0283E-05  7.1845E-06
 5.7162E+25  5.8194E-05  7.0196E+03  7.4643E-05  2.0156E-05  7.1845E-06
 5.7255E+25  5.8048E-05  7.0196E+03  7.4643E-05  2.0029E-05  7.1845E-06
 5.7347E+25  5.8134E-05  7.0195E+03  7.4643E-05  1.9903E-05  7.1845E-06
 5.7440E+25  5.8540E-05  7.0195E+03  7.4643E-05  1.9778E-05  7.1845E-06
 5.7532E+25  5.8963E-05  7.0195E+03  7.4643E-05  1.9653E-05  7.1845E-06
 5.7625E+25  5.9383E-05  7.0195E+03  7.4643E-05  1.9529E-05  7.1845E-06
 5.7718E+25  5.9414E-05  7.0195E+03  7.4643E-05  1.9409E-05  7.1845E-06
 5.7810E+25  5.9320E-05  7.0194E+03  7.4643E-05  1.9294E-05  7.1845E-06
 5.7903E+25  5.9741E-05  7.0194E+03  7.4643E-05  1.9180E-05  7.1845E-06
 5.7995E+25  6.0155E-05  7.0194E+03  7.4643E-05  1.9068E-05  7.1845E-06
 5.8088E+25  6.0587E-05  7.0194E+03  7.4643E-05  1.8954E-05  7.1845E-06
 5.8180E+25  6.0838E-05  7.0194E+03  7.4643E-05  1.8840E-05  7.1845E-06
 5.8273E+25  6.0520E-05  7.0193E+03  7.4643E-05  1.8726E-05  7.1845E-06
 5.8366E+25  6.0954E-05  7.0193E+03  7.4643E-05  1.8613E-05  7.1845E-06
 5.8458E+25  6.1373E-05  7.0193E+03  7.4643E-05  1.8500E-05  7.1845E-06
 5.8551E+25  6.1805E-05  7.0193E+03  7.4643E-05  1.8386E-05  7.1845E-06
 5.8643E+25  6.2227E-05  7.0192E+03  7.4643E-05  1.8273E-05  7.1845E-06
 5.8736E+25  6.1826E-05  7.0192E+03  7.4643E-05  1.8161E-05  7.1845E-06
 5.8828E+25  6.2179E-05  7.0192E+03  7.4643E-05  1.8050E-05  7.1845E-06
 5.8921E+25  6.2617E-05  7.0192E+03  7.4643E-05  1.7938E-05  7.1845E-06
 5.9014E+25  6.3036E-05  7.0192E+03  7.4643E-05  1.7828E-05  7.1845E-06
 5.9106E+25  6.3481E-05  7.0191E+03  7.4643E-05  1.7724E-05  7.1845E-06
 5.9199E+25  6.3339E-05  7.0191E+03  7.4643E-05  1.7621E-05  7.1845E-06
 5.9291E+25  6.3423E-05  7.0191E+03  7.4643E-05  1.7520E-05  7.1845E-06
 5.9384E+25  6.3866E-05  7.0191E+03  7.4643E-05  1.7419E-05  7.1845E-06
 5.9476E+25  6.4304E-05  7.0191E+03  7.4643E-05  1.7318E-05  7.1845E-06
 5.9569E+25  6.4738E-05  7.0190E+03  7.4643E-05  1.7216E-05  7.1845E-06
 5.9662E+25  6.4906E-05  7.0190E+03  7.4643E-05  1.7115E-05  7.1845E-06
 5.9754E+25  6.4699E-05  7.0190E+03  7.4643E-05  1.7014E-05  7.1845E-06
 5.9847E+25  6.5133E-05  7.0190E+03  7.4643E-05  1.6913E-05  7.1845E-06
 5.9939E+25  6.5584E-05  7.0190E+03  7.4643E-05  1.6812E-05  7.1845E-06
 6.0032E+25  6.6021E-05  7.0189E+03  7.4643E-05  1.6711E-05  7.1845E-06
 6.0124E+25  6.6455E-05  7.0189E+03  7.4643E-05  1.6610E-05  7.1845E-06
 6.0217E+25  6.6056E-05  7.0189E+03  7.4643E-05  1.6511E-05  7.1845E-06
 6.0310E+25  6.6431E-05  7.0189E+03  7.4643E-05  1.6411E-05  7.1845E-06
 6.0402E+25  6.6877E-05  7.0189E+03  7.4643E-05  1.6313E-05  7.1845E-06
 6.0495E+25  6.7334E-05  7.0188E+03  7.4643E-05  1.6220E-05  7.1845E-06
 6.0587E+25  6.7772E-05  7.0188E+03  7.4643E-05  1.6128E-05  7.1845E-06
 6.0680E+25  6.7709E-05  7.0188E+03  7.4643E-05  1.6038E-05  7.1845E-06
 6.0772E+25  6.7753E-05  7.0188E+03  7.4643E-05  1.5949E-05  7.1845E-06
 6.0865E+25  6.8196E-05  7.0188E+03  7.4643E-05  1.5858E-05  7.1845E-06
 6.0958E+25  6.8652E-05  7.0187E+03  7.4643E-05  1.5767E-05  7.1845E-06
 6.1050E+25  6.9115E-05  7.0187E+03  7.4643E-05  1.5677E-05  7.1845E-06
 6.1143E+25  6.9419E-05  7.0187E+03  7.4643E-05  1.5587E-05  7.1845E-06
 6.1235E+25  6.9093E-05  7.0187E+03  7.4643E-05  1.5496E-05  7.1845E-06
 6.1328E+25  6.9547E-05  7.0187E+03  7.4643E-05  1.5406E-05  7.1845E-06
 6.1420E+25  6.9996E-05  7.0186E+03  7.4643E-05  1.5316E-05  7.1845E-06
 6.1513E+25  7.0461E-05  7.0186E+03  7.4643E-05  1.5226E-05  7.1845E-06
 6.1606E+25  7.0925E-05  7.0186E+03  7.4643E-05  1.5137E-05  7.1845E-06
 6.1698E+25  7.0722E-05  7.0186E+03  7.4643E-05  1.5048E-05  7.1845E-06
 6.1791E+25  7.0915E-05  7.0186E+03  7.4643E-05  1.4959E-05  7.1845E-06
 6.1883E+25  7.1376E-05  7.0185E+03  7.4643E-05  1.4875E-05  7.1845E-06
 6.1976E+25  7.1831E-05  7.0185E+03  7.4643E-05  1.4793E-05  7.1845E-06
 6.2068E+25  7.2304E-05  7.0185E+03  7.4643E-05  1.4711E-05  7.1845E-06
 6.2161E+25  7.2553E-05  7.0185E+03  7.4643E-05  1.4632E-05  7.1845E-06
 6.2254E+25  7.2301E-05  7.0185E+03  7.4643E-05  1.4551E-05  7.1845E-06
 6.2346E+25  7.2773E-05  7.0184E+03  7.4643E-05  1.4470E-05  7.1845E-06
 6.2439E+25  7.3240E-05  7.0184E+03  7.4643E-05  1.4390E-05  7.1845E-06
 6.2531E+25  7.3702E-05  7.0184E+03  7.4643E-05  1.4309E-05  7.1845E-06
 6.2624E+25  7.4179E-05  7.0184E+03  7.4643E-05  1.4229E-05  7.1845E-06
 6.2716E+25  7.3970E-05  7.0184E+03  7.4643E-05  1.4148E-05  7.1845E-06
 6.2809E+25  7.4189E-05  7.0184E+03  7.4643E-05  1.4068E-05  7.1845E-06
 6.2902E+25  7.4667E-05  7.0183E+03  7.4643E-05  1.3987E-05  7.1845E-06
 6.2994E+25  7.5141E-05  7.0183E+03  7.4643E-05  1.3907E-05  7.1845E-06
 6.3087E+25  7.5610E-05  7.0183E+03  7.4643E-05  1.3828E-05  7.1845E-06
 6.3179E+25  7.5902E-05  7.0183E+03  7.4643E-05  1.3748E-05  7.1845E-06
 6.3272E+25  7.5639E-05  7.0183E+03  7.4643E-05  1.3669E-05  7.1845E-06
 6.3364E+25  7.6114E-05  7.0182E+03  7.4643E-05  1.3595E-05  7.1845E-06
 6.3457E+25  7.6598E-05  7.0182E+03  7.4643E-05  1.3521E-05  7.1845E-06
 6.3550E+25  7.7080E-05  7.0182E+03  7.4643E-05  1.3449E-05  7.1845E-06
 6.3642E+25  7.7553E-05  7.0182E+03  7.4643E-05  1.3378E-05  7.1845E-06
 6.3735E+25  7.7440E-05  7.0182E+03  7.4643E-05  1.3306E-05  7.1845E-06
 6.3827E+25  7.7595E-05  7.0181E+03  7.4643E-05  1.3234E-05  7.1845E-06
 6.3920E+25  7.8078E-05  7.0181E+03  7.4643E-05  1.3162E-05  7.1845E-06
 6.4012E+25  7.8569E-05  7.0181E+03  7.4643E-05  1.3090E-05  7.1845E-06
 6.4105E+25  7.9057E-05  7.0181E+03  7.4643E-05  1.3019E-05  7.1845E-06
 6.4198E+25  7.9471E-05  7.0181E+03  7.4643E-05  1.2947E-05  7.1845E-06
 6.4290E+25  7.9109E-05  7.0181E+03  7.4643E-05  1.2876E-05  7.1845E-06
 6.4383E+25  7.9593E-05  7.0180E+03  7.4643E-05  1.2804E-05  7.1845E-06
 6.4475E+25  8.0080E-05  7.0180E+03  7.4643E-05  1.2732E-05  7.1845E-06
 6.4568E+25  8.0579E-05  7.0180E+03  7.4643E-05  1.2661E-05  7.1845E-06
 6.4660E+25  8.1073E-05  7.0180E+03  7.4643E-05  1.2590E-05  7.1845E-06
 6.4753E+25  8.1138E-05  7.0180E+03  7.4643E-05  1.2519E-05  7.1845E-06
 6.4846E+25  8.1135E-05  7.0179E+03  7.4643E-05  1.2451E-05  7.1845E-06
 6.4938E+25  8.1632E-05  7.0179E+03  7.4643E-05  1.2386E-05  7.1845E-06
 6.5031E+25  8.2123E-05  7.0179E+03  7.4643E-05  1.2321E-05  7.1845E-06
 6.5123E+25  8.2631E-05  7.0179E+03  7.4643E-05  1.2257E-05  7.1845E-06
 6.5216E+25  8.3121E-05  7.0179E+03  7.4643E-05  1.2194E-05  7.1845E-06
 6.5308E+25  8.2879E-05  7.0179E+03  7.4643E-05  1.2130E-05  7.1845E-06
 6.5401E+25  8.3208E-05  7.0178E+03  7.4643E-05  1.2065E-05  7.1845E-06
 6.5494E+25  8.3713E-05  7.0178E+03  7.4643E-05  1.2001E-05  7.1845E-06
 6.5586E+25  8.4208E-05  7.0178E+03  7.4643E-05  1.1937E-05  7.1845E-06
 6.5679E+25  8.4724E-05  7.0178E+03  7.4643E-05  1.1874E-05  7.1845E-06
 6.5771E+25  8.5078E-05  7.0178E+03  7.4643E-05  1.1810E-05  7.1845E-06
 6.5864E+25  8.4824E-05  7.0177E+03  7.4643E-05  1.1746E-05  7.1845E-06
 6.5956E+25  8.5324E-05  7.0177E+03  7.4643E-05  1.1682E-05  7.1845E-06
 6.6049E+25  8.5838E-05  7.0177E+03  7.4643E-05  1.1618E-05  7.1845E-06
 6.6142E+25  8.6338E-05  7.0177E+03  7.4643E-05  1.1555E-05  7.1845E-06
 6.6234E+25  8.6858E-05  7.0177E+03  7.4643E-05  1.1491E-05  7.1845E-06
 6.6327E+25  8.6940E-05  7.0176E+03  7.4643E-05  1.1428E-05  7.1845E-06
 6.6419E+25  8.6982E-05  7.0176E+03  7.4643E-05  1.1369E-05  7.1845E-06
 6.6512E+25  8.7487E-05  7.0176E+03  7.4643E-05  1.1311E-05  7.1845E-06
 6.6604E+25  8.8006E-05  7.0176E+03  7.4643E-05  1.1253E-05  7.1845E-06
 6.6697E+25  8.8514E-05  7.0176E+03  7.4643E-05  1.1196E-05  7.1845E-06
 6.6789E+25  8.9031E-05  7.0175E+03  7.4643E-05  1.1140E-05  7.1845E-06
 6.6882E+25  8.8880E-05  7.0175E+03  7.4643E-05  1.1083E-05  7.1845E-06
 6.6975E+25  8.9186E-05  7.0175E+03  7.4643E-05  1.1025E-05  7.1845E-06
 6.7067E+25  8.9698E-05  7.0175E+03  7.4643E-05  1.0968E-05  7.1845E-06
 6.7160E+25  9.0220E-05  7.0175E+03  7.4643E-05  1.0911E-05  7.1845E-06
 6.7252E+25  9.0737E-05  7.0175E+03  7.4643E-05  1.0854E-05  7.1845E-06
 6.7345E+25  9.1212E-05  7.0174E+03  7.4643E-05  1.0798E-05  7.1845E-06
 6.7437E+25  9.0933E-05  7.0174E+03  7.4643E-05  1.0741E-05  7.1845E-06
 6.7530E+25  9.1435E-05  7.0174E+03  7.4643E-05  1.0683E-05  7.1845E-06
 6.7623E+25  9.1959E-05  7.0174E+03  7.4643E-05  1.0627E-05  7.1845E-06
 6.7715E+25  9.2482E-05  7.0174E+03  7.4643E-05  1.0570E-05  7.1845E-06
 6.7808E+25  9.3010E-05  7.0173E+03  7.4643E-05  1.0514E-05  7.1845E-06
 6.7900E+25  9.3300E-05  7.0173E+03  7.4643E-05  1.0457E-05  7.1845E-06
 6.7993E+25  9.3204E-05  7.0173E+03  7.4643E-05  1.0404E-05  7.1845E-06
 6.8085E+25  9.3732E-05  7.0173E+03  7.4643E-05  1.0351E-05  7.1845E-06
 6.8178E+25  9.4270E-05  7.0173E+03  7.4643E-05  1.0299E-05  7.1845E-06
 6.8271E+25  9.4796E-05  7.0173E+03  7.4643E-05  1.0249E-05  7.1845E-06
 6.8363E+25  9.5328E-05  7.0172E+03  7.4643E-05  1.0199E-05  7.1845E-06
 6.8456E+25  9.5443E-05  7.0172E+03  7.4643E-05  1.0148E-05  7.1845E-06
 6.8548E+25  9.5546E-05  7.0172E+03  7.4643E-05  1.0097E-05  7.1845E-06
 6.8641E+25  9.6084E-05  7.0172E+03  7.4643E-05  1.0046E-05  7.1845E-06
 6.8733E+25  9.6631E-05  7.0172E+03  7.4643E-05  9.9955E-06  7.1845E-06
 6.8826E+25  9.7163E-05  7.0171E+03  7.4643E-05  9.9447E-06  7.1845E-06
 6.8919E+25  9.7692E-05  7.0171E+03  7.4643E-05  9.8942E-06  7.1845E-06
 6.9011E+25  9.7671E-05  7.0171E+03  7.4643E-05  9.8433E-06  7.1845E-06
 6.9104E+25  9.7940E-05  7.0171E+03  7.4643E-05  9.7924E-06  7.1845E-06
 6.9196E+25  9.8492E-05  7.0171E+03  7.4643E-05  9.7418E-06  7.1845E-06
 6.9289E+25  9.9039E-05  7.0170E+03  7.4643E-05  9.6912E-06  7.1845E-06
 6.9381E+25  9.9587E-05  7.0170E+03  7.4643E-05  9.6407E-06  7.1845E-06
 6.9474E+25  1.0010E-04  7.0170E+03  7.4643E-05  9.5901E-06  7.1845E-06
 6.9567E+25  9.9987E-05  7.0170E+03  7.4643E-05  9.5403E-06  7.1845E-06
 6.9659E+25  1.0039E-04  7.0170E+03  7.4643E-05  9.4934E-06  7.1845E-06
 6.9752E+25  1.0095E-04  7.0169E+03  7.4643E-05  9.4469E-06  7.1845E-06
 6.9844E+25  1.0150E-04  7.0169E+03  7.4643E-05  9.4010E-06  7.1845E-06
 6.9937E+25  1.0206E-04  7.0169E+03  7.4643E-05  9.3562E-06  7.1845E-06
 7.0029E+25  1.0256E-04  7.0169E+03  7.4643E-05  9.3114E-06  7.1845E-06
 7.0122E+25  1.0240E-04  7.0169E+03  7.4643E-05  9.2661E-06  7.1845E-06
 7.0215E+25  1.0290E-04  7.0169E+03  7.4643E-05  9.2207E-06  7.1845E-06
 7.0307E+25  1.0346E-04  7.0168E+03  7.4643E-05  9.1755E-06  7.1845E-06
 7.0400E+25  1.0403E-04  7.0168E+03  7.4643E-05  9.1303E-06  7.1845E-06
 7.0492E+25  1.0459E-04  7.0168E+03  7.4643E-05  9.0852E-06  7.1845E-06
 7.0585E+25  1.0504E-04  7.0168E+03  7.4643E-05  9.0402E-06  7.1845E-06
 7.0677E+25  1.0492E-04  7.0168E+03  7.4643E-05  8.9947E-06  7.1845E-06
 7.0770E+25  1.0547E-04  7.0167E+03  7.4643E-05  8.9495E-06  7.1845E-06
 7.0863E+25  1.0604E-04  7.0167E+03  7.4643E-05  8.9043E-06  7.1845E-06
 7.0955E+25  1.0661E-04  7.0167E+03  7.4643E-05  8.8592E-06  7.1845E-06
 7.1048E+25  1.0717E-04  7.0167E+03  7.4643E-05  8.8140E-06  7.1845E-06
 7.1140E+25  1.0756E-04  7.0167E+03  7.4643E-05  8.7691E-06  7.1845E-06
 7.1233E+25  1.0754E-04  7.0166E+03  7.4643E-05  8.7243E-06  7.1845E-06
 7.1325E+25  1.0811E-04  7.0166E+03  7.4643E-05  8.6821E-06  7.1845E-06
 7.1418E+25  1.0868E-04  7.0166E+03  7.4643E-05  8.6406E-06  7.1845E-06
 7.1511E+25  1.0925E-04  7.0166E+03  7.4643E-05  8.5994E-06  7.1845E-06
 7.1603E+25  1.0982E-04  7.0166E+03  7.4643E-05  8.5596E-06  7.1845E-06
 7.1696E+25  1.1016E-04  7.0165E+03  7.4643E-05  8.5199E-06  7.1845E-06
 7.1788E+25  1.1024E-04  7.0165E+03  7.4643E-05  8.4795E-06  7.1845E-06
 7.1881E+25  1.1081E-04  7.0165E+03  7.4643E-05  8.4391E-06  7.1845E-06
 7.1973E+25  1.1138E-04  7.0165E+03  7.4643E-05  8.3989E-06  7.1845E-06
 7.2066E+25  1.1196E-04  7.0165E+03  7.4643E-05  8.3588E-06  7.1845E-06
 7.2159E+25  1.1253E-04  7.0164E+03  7.4643E-05  8.3184E-06  7.1845E-06
 7.2251E+25  1.1284E-04  7.0164E+03  7.4643E-05  8.2782E-06  7.1845E-06
 7.2344E+25  1.1299E-04  7.0164E+03  7.4643E-05  8.2380E-06  7.1845E-06
 7.2436E+25  1.1358E-04  7.0164E+03  7.4643E-05  8.1978E-06  7.1845E-06
 7.2529E+25  1.1415E-04  7.0164E+03  7.4643E-05  8.1574E-06  7.1845E-06
 7.2621E+25  1.1473E-04  7.0163E+03  7.4643E-05  8.1170E-06  7.1845E-06
 7.2714E+25  1.1531E-04  7.0163E+03  7.4643E-05  8.0770E-06  7.1845E-06
 7.2807E+25  1.1560E-04  7.0163E+03  7.4643E-05  8.0367E-06  7.1845E-06
 7.2899E+25  1.1582E-04  7.0163E+03  7.4643E-05  7.9965E-06  7.1845E-06
 7.2992E+25  1.1641E-04  7.0163E+03  7.4643E-05  7.9572E-06  7.1845E-06
 7.3084E+25  1.1700E-04  7.0162E+03  7.4643E-05  7.9201E-06  7.1845E-06
 7.3177E+25  1.1758E-04  7.0162E+03  7.4643E-05  7.8830E-06  7.1845E-06
 7.3269E+25  1.1815E-04  7.0162E+03  7.4643E-05  7.8465E-06  7.1845E-06
 7.3362E+25  1.1845E-04  7.0162E+03  7.4643E-05  7.8113E-06  7.1845E-06
 7.3455E+25  1.1870E-04  7.0162E+03  7.4643E-05  7.7758E-06  7.1845E-06
 7.3547E+25  1.1931E-04  7.0161E+03  7.4643E-05  7.7400E-06  7.1845E-06
 7.3640E+25  1.1991E-04  7.0161E+03  7.4643E-05  7.7042E-06  7.1845E-06
 7.3732E+25  1.2050E-04  7.0161E+03  7.4643E-05  7.6684E-06  7.1845E-06
 7.3825E+25  1.2107E-04  7.0161E+03  7.4643E-05  7.6325E-06  7.1845E-06
 7.3917E+25  1.2138E-04  7.0161E+03  7.4643E-05  7.5967E-06  7.1845E-06
 7.4010E+25  1.2167E-04  7.0160E+03  7.4643E-05  7.5610E-06  7.1845E-06
 7.4103E+25  1.2228E-04  7.0160E+03  7.4643E-05  7.5252E-06  7.1845E-06
 7.4195E+25  1.2290E-04  7.0160E+03  7.4643E-05  7.4892E-06  7.1845E-06
 7.4288E+25  1.2349E-04  7.0160E+03  7.4643E-05  7.4532E-06  7.1845E-06
 7.4380E+25  1.2407E-04  7.0159E+03  7.4643E-05  7.4174E-06  7.1845E-06
 7.4473E+25  1.2440E-04  7.0159E+03  7.4643E-05  7.3817E-06  7.1845E-06
 7.4565E+25  1.2471E-04  7.0159E+03  7.4643E-05  7.3457E-06  7.1845E-06
 7.4658E+25  1.2533E-04  7.0159E+03  7.4643E-05  7.3099E-06  7.1845E-06
 7.4751E+25  1.2595E-04  7.0159E+03  7.4643E-05  7.2745E-06  7.1845E-06
 7.4843E+25  1.2656E-04  7.0158E+03  7.4643E-05  7.2412E-06  7.1845E-06
 7.4936E+25  1.2715E-04  7.0158E+03  7.4643E-05  7.2081E-06  7.1845E-06
 7.5028E+25  1.2751E-04  7.0158E+03  7.4643E-05  7.1753E-06  7.1845E-06
 7.5121E+25  1.2783E-04  7.0158E+03  7.4643E-05  7.1437E-06  7.1845E-06
 7.5213E+25  1.2845E-04  7.0157E+03  7.4643E-05  7.1124E-06  7.1845E-06
 7.5306E+25  1.2908E-04  7.0157E+03  7.4643E-05  7.0806E-06  7.1845E-06
 7.5399E+25  1.2971E-04  7.0157E+03  7.4643E-05  7.0487E-06  7.1845E-06
 7.5491E+25  1.3031E-04  7.0157E+03  7.4643E-05  7.0169E-06  7.1845E-06
 7.5584E+25  1.3071E-04  7.0157E+03  7.4643E-05  6.9850E-06  7.1845E-06
 7.5676E+25  1.3103E-04  7.0156E+03  7.4643E-05  6.9532E-06  7.1845E-06
 7.5769E+25  1.3166E-04  7.0156E+03  7.4643E-05  6.9215E-06  7.1845E-06
 7.5861E+25  1.3229E-04  7.0156E+03  7.4643E-05  6.8896E-06  7.1845E-06
 7.5954E+25  1.3293E-04  7.0156E+03  7.4643E-05  6.8576E-06  7.1845E-06
 7.6047E+25  1.3355E-04  7.0155E+03  7.4643E-05  6.8256E-06  7.1845E-06
 7.6139E+25  1.3400E-04  7.0155E+03  7.4643E-05  6.7936E-06  7.1845E-06
 7.6232E+25  1.3433E-04  7.0155E+03  7.4643E-05  6.7617E-06  7.1845E-06
 7.6324E+25  1.3496E-04  7.0155E+03  7.4643E-05  6.7296E-06  7.1845E-06
 7.6417E+25  1.3560E-04  7.0155E+03  7.4643E-05  6.6978E-06  7.1845E-06
 7.6509E+25  1.3623E-04  7.0154E+03  7.4643E-05  6.6660E-06  7.1845E-06
 7.6602E+25  1.3686E-04  7.0154E+03  7.4643E-05  6.6348E-06  7.1845E-06
 7.6695E+25  1.3737E-04  7.0154E+03  7.4643E-05  6.6052E-06  7.1845E-06
 7.6787E+25  1.3771E-04  7.0154E+03  7.4643E-05  6.5757E-06  7.1845E-06
 7.6880E+25  1.3835E-04  7.0153E+03  7.4643E-05  6.5467E-06  7.1845E-06
 7.6972E+25  1.3899E-04  7.0153E+03  7.4643E-05  6.5187E-06  7.1845E-06
 7.7065E+25  1.3963E-04  7.0153E+03  7.4643E-05  6.4909E-06  7.1845E-06
 7.7157E+25  1.4026E-04  7.0153E+03  7.4643E-05  6.4624E-06  7.1845E-06
 7.7250E+25  1.4082E-04  7.0152E+03  7.4643E-05  6.4342E-06  7.1845E-06
 7.7343E+25  1.4119E-04  7.0152E+03  7.4643E-05  6.4058E-06  7.1845E-06
 7.7435E+25  1.4182E-04  7.0152E+03  7.4643E-05  6.3775E-06  7.1845E-06
 7.7528E+25  1.4247E-04  7.0152E+03  7.4643E-05  6.3492E-06  7.1845E-06
 7.7620E+25  1.4311E-04  7.0151E+03  7.4643E-05  6.3210E-06  7.1845E-06
 7.7713E+25  1.4375E-04  7.0151E+03  7.4643E-05  6.2927E-06  7.1845E-06
 7.7805E+25  1.4434E-04  7.0151E+03  7.4643E-05  6.2643E-06  7.1845E-06
 7.7898E+25  1.4475E-04  7.0151E+03  7.4643E-05  6.2358E-06  7.1845E-06
 7.7991E+25  1.4539E-04  7.0151E+03  7.4643E-05  6.2072E-06  7.1845E-06
 7.8083E+25  1.4605E-04  7.0150E+03  7.4643E-05  6.1789E-06  7.1845E-06
 7.8176E+25  1.4669E-04  7.0150E+03  7.4643E-05  6.1505E-06  7.1845E-06
 7.8268E+25  1.4734E-04  7.0150E+03  7.4643E-05  6.1220E-06  7.1845E-06
 7.8361E+25  1.4795E-04  7.0150E+03  7.4643E-05  6.0934E-06  7.1845E-06
 7.8453E+25  1.4840E-04  7.0149E+03  7.4643E-05  6.0653E-06  7.1845E-06
 7.8546E+25  1.4905E-04  7.0149E+03  7.4643E-05  6.0389E-06  7.1845E-06
 7.8638E+25  1.4972E-04  7.0149E+03  7.4643E-05  6.0126E-06  7.1845E-06
 7.8731E+25  1.5037E-04  7.0149E+03  7.4643E-05  5.9862E-06  7.1845E-06
 7.8824E+25  1.5102E-04  7.0148E+03  7.4643E-05  5.9612E-06  7.1845E-06
 7.8916E+25  1.5165E-04  7.0148E+03  7.4643E-05  5.9365E-06  7.1845E-06
 7.9009E+25  1.5215E-04  7.0148E+03  7.4643E-05  5.9115E-06  7.1845E-06
 7.9101E+25  1.5278E-04  7.0148E+03  7.4643E-05  5.8862E-06  7.1845E-06
 7.9194E+25  1.5347E-04  7.0147E+03  7.4643E-05  5.8611E-06  7.1845E-06
 7.9286E+25  1.5415E-04  7.0147E+03  7.4643E-05  5.8359E-06  7.1845E-06
 7.9379E+25  1.5481E-04  7.0147E+03  7.4643E-05  5.8107E-06  7.1845E-06
 7.9472E+25  1.5545E-04  7.0147E+03  7.4643E-05  5.7856E-06  7.1845E-06
 7.9564E+25  1.5600E-04  7.0146E+03  7.4643E-05  5.7604E-06  7.1845E-06
 7.9657E+25  1.5662E-04  7.0146E+03  7.4643E-05  5.7353E-06  7.1845E-06
 7.9749E+25  1.5731E-04  7.0146E+03  7.4643E-05  5.7099E-06  7.1845E-06
 7.9842E+25  1.5801E-04  7.0145E+03  7.4643E-05  5.6846E-06  7.1845E-06
 7.9934E+25  1.5869E-04  7.0145E+03  7.4643E-05  5.6593E-06  7.1845E-06
 8.0027E+25  1.5935E-04  7.0145E+03  7.4643E-05  5.6340E-06  7.1845E-06
 8.0120E+25  1.5994E-04  7.0145E+03  7.4643E-05  5.6086E-06  7.1845E-06
 8.0212E+25  1.6056E-04  7.0144E+03  7.4643E-05  5.5833E-06  7.1845E-06
 8.0305E+25  1.6126E-04  7.0144E+03  7.4643E-05  5.5580E-06  7.1845E-06
 8.0397E+25  1.6196E-04  7.0144E+03  7.4643E-05  5.5332E-06  7.1845E-06
 8.0490E+25  1.6266E-04  7.0144E+03  7.4643E-05  5.5095E-06  7.1845E-06
 8.0582E+25  1.6334E-04  7.0143E+03  7.4643E-05  5.4859E-06  7.1845E-06
 8.0675E+25  1.6398E-04  7.0143E+03  7.4643E-05  5.4626E-06  7.1845E-06
 8.0768E+25  1.6460E-04  7.0143E+03  7.4643E-05  5.4405E-06  7.1845E-06
 8.0860E+25  1.6530E-04  7.0143E+03  7.4643E-05  5.4185E-06  7.1845E-06
 8.0953E+25  1.6600E-04  7.0142E+03  7.4643E-05  5.3961E-06  7.1845E-06
 8.1045E+25  1.6672E-04  7.0142E+03  7.4643E-05  5.3738E-06  7.1845E-06
 8.1138E+25  1.6742E-04  7.0142E+03  7.4643E-05  5.3515E-06  7.1845E-06
 8.1230E+25  1.6810E-04  7.0141E+03  7.4643E-05  5.3290E-06  7.1845E-06
 8.1323E+25  1.6875E-04  7.0141E+03  7.4643E-05  5.3067E-06  7.1845E-06
 8.1416E+25  1.6945E-04  7.0141E+03  7.4643E-05  5.2843E-06  7.1845E-06
 8.1508E+25  1.7016E-04  7.0141E+03  7.4643E-05  5.2620E-06  7.1845E-06
 8.1601E+25  1.7087E-04  7.0140E+03  7.4643E-05  5.2396E-06  7.1845E-06
 8.1693E+25  1.7159E-04  7.0140E+03  7.4643E-05  5.2171E-06  7.1845E-06
 8.1786E+25  1.7230E-04  7.0140E+03  7.4643E-05  5.1946E-06  7.1845E-06
 8.1878E+25  1.7299E-04  7.0140E+03  7.4643E-05  5.1720E-06  7.1845E-06
 8.1971E+25  1.7370E-04  7.0139E+03  7.4643E-05  5.1495E-06  7.1845E-06
 8.2064E+25  1.7441E-04  7.0139E+03  7.4643E-05  5.1270E-06  7.1845E-06
 8.2156E+25  1.7513E-04  7.0139E+03  7.4643E-05  5.1044E-06  7.1845E-06
 8.2249E+25  1.7585E-04  7.0138E+03  7.4643E-05  5.0819E-06  7.1845E-06
 8.2341E+25  1.7658E-04  7.0138E+03  7.4643E-05  5.0593E-06  7.1845E-06
 8.2434E+25  1.7732E-04  7.0138E+03  7.4643E-05  5.0380E-06  7.1845E-06
 8.2526E+25  1.7804E-04  7.0137E+03  7.4643E-05  5.0171E-06  7.1845E-06
 8.2619E+25  1.7876E-04  7.0137E+03  7.4643E-05  4.9961E-06  7.1845E-06
 8.2712E+25  1.7949E-04  7.0137E+03  7.4643E-05  4.9756E-06  7.1845E-06
 8.2804E+25  1.8021E-04  7.0137E+03  7.4643E-05  4.9561E-06  7.1845E-06
 8.2897E+25  1.8095E-04  7.0136E+03  7.4643E-05  4.9366E-06  7.1845E-06
 8.2989E+25  1.8171E-04  7.0136E+03  7.4643E-05  4.9168E-06  7.1845E-06
 8.3082E+25  1.8247E-04  7.0136E+03  7.4643E-05  4.8969E-06  7.1845E-06
 8.3174E+25  1.8321E-04  7.0135E+03  7.4643E-05  4.8769E-06  7.1845E-06
 8.3267E+25  1.8394E-04  7.0135E+03  7.4643E-05  4.8571E-06  7.1845E-06
 8.3360E+25  1.8468E-04  7.0135E+03  7.4643E-05  4.8373E-06  7.1845E-06
 8.3452E+25  1.8542E-04  7.0135E+03  7.4643E-05  4.8173E-06  7.1845E-06
 8.3545E+25  1.8619E-04  7.0134E+03  7.4643E-05  4.7975E-06  7.1845E-06
 8.3637E+25  1.8698E-04  7.0134E+03  7.4643E-05  4.7776E-06  7.1845E-06
 8.3730E+25  1.8773E-04  7.0134E+03  7.4643E-05  4.7576E-06  7.1845E-06
 8.3822E+25  1.8848E-04  7.0133E+03  7.4643E-05  4.7375E-06  7.1845E-06
 8.3915E+25  1.8923E-04  7.0133E+03  7.4643E-05  4.7175E-06  7.1845E-06
 8.4008E+25  1.8998E-04  7.0133E+03  7.4643E-05  4.6974E-06  7.1845E-06
 8.4100E+25  1.9076E-04  7.0132E+03  7.4643E-05  4.6773E-06  7.1845E-06
 8.4193E+25  1.9157E-04  7.0132E+03  7.4643E-05  4.6573E-06  7.1845E-06
 8.4285E+25  1.9233E-04  7.0132E+03  7.4643E-05  4.6372E-06  7.1845E-06
 8.4378E+25  1.9310E-04  7.0132E+03  7.4643E-05  4.6172E-06  7.1845E-06
 8.4470E+25  1.9386E-04  7.0131E+03  7.4643E-05  4.5982E-06  7.1845E-06
 8.4563E+25  1.9462E-04  7.0131E+03  7.4643E-05  4.5794E-06  7.1845E-06
 8.4656E+25  1.9541E-04  7.0131E+03  7.4643E-05  4.5607E-06  7.1845E-06
 8.4748E+25  1.9625E-04  7.0130E+03  7.4643E-05  4.5424E-06  7.1845E-06
 8.4841E+25  1.9703E-04  7.0130E+03  7.4643E-05  4.5251E-06  7.1845E-06
 8.4933E+25  1.9779E-04  7.0130E+03  7.4643E-05  4.5078E-06  7.1845E-06
 8.5026E+25  1.9857E-04  7.0129E+03  7.4643E-05  4.4901E-06  7.1845E-06
 8.5118E+25  1.9935E-04  7.0129E+03  7.4643E-05  4.4724E-06  7.1845E-06
 8.5211E+25  2.0014E-04  7.0129E+03  7.4643E-05  4.4548E-06  7.1845E-06
 8.5304E+25  2.0098E-04  7.0128E+03  7.4643E-05  4.4372E-06  7.1845E-06
 8.5396E+25  2.0181E-04  7.0128E+03  7.4643E-05  4.4195E-06  7.1845E-06
 8.5489E+25  2.0257E-04  7.0128E+03  7.4643E-05  4.4019E-06  7.1845E-06
 8.5581E+25  2.0334E-04  7.0127E+03  7.4643E-05  4.3842E-06  7.1845E-06
 8.5674E+25  2.0413E-04  7.0127E+03  7.4643E-05  4.3666E-06  7.1845E-06
 8.5766E+25  2.0494E-04  7.0127E+03  7.4643E-05  4.3488E-06  7.1845E-06
 8.5859E+25  2.0578E-04  7.0126E+03  7.4643E-05  4.3310E-06  7.1845E-06
 8.5952E+25  2.0666E-04  7.0126E+03  7.4643E-05  4.3131E-06  7.1845E-06
 8.6044E+25  2.0743E-04  7.0126E+03  7.4643E-05  4.2953E-06  7.1845E-06
 8.6137E+25  2.0820E-04  7.0126E+03  7.4643E-05  4.2774E-06  7.1845E-06
 8.6229E+25  2.0898E-04  7.0125E+03  7.4643E-05  4.2596E-06  7.1845E-06
 8.6322E+25  2.0980E-04  7.0125E+03  7.4643E-05  4.2417E-06  7.1845E-06
 8.6414E+25  2.1065E-04  7.0125E+03  7.4643E-05  4.2238E-06  7.1845E-06
 8.6507E+25  2.1155E-04  7.0124E+03  7.4643E-05  4.2062E-06  7.1845E-06
 8.6600E+25  2.1236E-04  7.0124E+03  7.4643E-05  4.1895E-06  7.1845E-06
 8.6692E+25  2.1313E-04  7.0124E+03  7.4643E-05  4.1728E-06  7.1845E-06
 8.6785E+25  2.1392E-04  7.0123E+03  7.4643E-05  4.1561E-06  7.1845E-06
 8.6877E+25  2.1472E-04  7.0123E+03  7.4643E-05  4.1401E-06  7.1845E-06
 8.6970E+25  2.1556E-04  7.0123E+03  7.4643E-05  4.1248E-06  7.1845E-06
 8.7062E+25  2.1647E-04  7.0122E+03  7.4643E-05  4.1093E-06  7.1845E-06
 8.7155E+25  2.1735E-04  7.0122E+03  7.4643E-05  4.0937E-06  7.1845E-06
 8.7248E+25  2.1812E-04  7.0122E+03  7.4643E-05  4.0781E-06  7.1845E-06
 8.7340E+25  2.1891E-04  7.0121E+03  7.4643E-05  4.0623E-06  7.1845E-06
 8.7433E+25  2.1971E-04  7.0121E+03  7.4643E-05  4.0466E-06  7.1845E-06
 8.7525E+25  2.2054E-04  7.0121E+03  7.4643E-05  4.0310E-06  7.1845E-06
 8.7618E+25  2.2142E-04  7.0120E+03  7.4643E-05  4.0154E-06  7.1845E-06
 8.7710E+25  2.2236E-04  7.0120E+03  7.4643E-05  3.9997E-06  7.1845E-06
 8.7803E+25  2.2316E-04  7.0120E+03  7.4643E-05  3.9839E-06  7.1845E-06
 8.7896E+25  2.2394E-04  7.0119E+03  7.4643E-05  3.9682E-06  7.1845E-06
 8.7988E+25  2.2474E-04  7.0119E+03  7.4643E-05  3.9524E-06  7.1845E-06
 8.8081E+25  2.2557E-04  7.0119E+03  7.4643E-05  3.9364E-06  7.1845E-06
 8.8173E+25  2.2644E-04  7.0118E+03  7.4643E-05  3.9206E-06  7.1845E-06
 8.8266E+25  2.2738E-04  7.0118E+03  7.4643E-05  3.9047E-06  7.1845E-06
 8.8358E+25  2.2823E-04  7.0118E+03  7.4643E-05  3.8888E-06  7.1845E-06
 8.8451E+25  2.2902E-04  7.0117E+03  7.4643E-05  3.8729E-06  7.1845E-06
 8.8544E+25  2.2982E-04  7.0117E+03  7.4643E-05  3.8571E-06  7.1845E-06
 8.8636E+25  2.3064E-04  7.0116E+03  7.4643E-05  3.8412E-06  7.1845E-06
 8.8729E+25  2.3150E-04  7.0116E+03  7.4643E-05  3.8261E-06  7.1845E-06
 8.8821E+25  2.3241E-04  7.0116E+03  7.4643E-05  3.8112E-06  7.1845E-06
 8.8914E+25  2.3334E-04  7.0115E+03  7.4643E-05  3.7963E-06  7.1845E-06
 8.9006E+25  2.3412E-04  7.0115E+03  7.4643E-05  3.7817E-06  7.1845E-06
 8.9099E+25  2.3492E-04  7.0115E+03  7.4643E-05  3.7681E-06  7.1845E-06
 8.9192E+25  2.3574E-04  7.0114E+03  7.4643E-05  3.7545E-06  7.1845E-06
 8.9284E+25  2.3658E-04  7.0114E+03  7.4643E-05  3.7406E-06  7.1845E-06
 8.9377E+25  2.3748E-04  7.0114E+03  7.4643E-05  3.7267E-06  7.1845E-06
 8.9469E+25  2.3844E-04  7.0113E+03  7.4643E-05  3.7128E-06  7.1845E-06
 8.9562E+25  2.3926E-04  7.0113E+03  7.4643E-05  3.6989E-06  7.1845E-06
 8.9654E+25  2.4005E-04  7.0113E+03  7.4643E-05  3.6850E-06  7.1845E-06
 8.9747E+25  2.4085E-04  7.0112E+03  7.4643E-05  3.6710E-06  7.1845E-06
 8.9840E+25  2.4169E-04  7.0112E+03  7.4643E-05  3.6571E-06  7.1845E-06
 8.9932E+25  2.4256E-04  7.0112E+03  7.4643E-05  3.6432E-06  7.1845E-06
 9.0025E+25  2.4350E-04  7.0111E+03  7.4643E-05  3.6293E-06  7.1845E-06
 9.0117E+25  2.4442E-04  7.0111E+03  7.4643E-05  3.6153E-06  7.1845E-06
 9.0210E+25  2.4520E-04  7.0111E+03  7.4643E-05  3.6011E-06  7.1845E-06
 9.0302E+25  2.4599E-04  7.0110E+03  7.4643E-05  3.5870E-06  7.1845E-06
 9.0395E+25  2.4681E-04  7.0110E+03  7.4643E-05  3.5730E-06  7.1845E-06
 9.0487E+25  2.4766E-04  7.0110E+03  7.4643E-05  3.5588E-06  7.1845E-06
 9.0580E+25  2.4857E-04  7.0109E+03  7.4643E-05  3.5447E-06  7.1845E-06
 9.0673E+25  2.4954E-04  7.0109E+03  7.4643E-05  3.5305E-06  7.1845E-06
 9.0765E+25  2.5035E-04  7.0108E+03  7.4643E-05  3.5164E-06  7.1845E-06
 9.0858E+25  2.5114E-04  7.0108E+03  7.4643E-05  3.5023E-06  7.1845E-06
 9.0950E+25  2.5194E-04  7.0108E+03  7.4643E-05  3.4889E-06  7.1845E-06
 9.1043E+25  2.5277E-04  7.0107E+03  7.4643E-05  3.4756E-06  7.1845E-06
 9.1135E+25  2.5364E-04  7.0107E+03  7.4643E-05  3.4623E-06  7.1845E-06
 9.1228E+25  2.5459E-04  7.0107E+03  7.4643E-05  3.4493E-06  7.1845E-06
 9.1321E+25  2.5551E-04  7.0106E+03  7.4643E-05  3.4371E-06  7.1845E-06
 9.1413E+25  2.5628E-04  7.0106E+03  7.4643E-05  3.4251E-06  7.1845E-06
 9.1506E+25  2.5707E-04  7.0106E+03  7.4643E-05  3.4128E-06  7.1845E-06
 9.1598E+25  2.5787E-04  7.0105E+03  7.4643E-05  3.4005E-06  7.1845E-06
 9.1691E+25  2.5872E-04  7.0105E+03  7.4643E-05  3.3882E-06  7.1845E-06
 9.1783E+25  2.5961E-04  7.0105E+03  7.4643E-05  3.3758E-06  7.1845E-06
 9.1876E+25  2.6058E-04  7.0104E+03  7.4643E-05  3.3635E-06  7.1845E-06
 9.1969E+25  2.6141E-04  7.0104E+03  7.4643E-05  3.3511E-06  7.1845E-06
 9.2061E+25  2.6218E-04  7.0103E+03  7.4643E-05  3.3388E-06  7.1845E-06
 9.2154E+25  2.6297E-04  7.0103E+03  7.4643E-05  3.3265E-06  7.1845E-06
 9.2246E+25  2.6379E-04  7.0103E+03  7.4643E-05  3.3140E-06  7.1845E-06
 9.2339E+25  2.6464E-04  7.0102E+03  7.4643E-05  3.3016E-06  7.1845E-06
 9.2431E+25  2.6556E-04  7.0102E+03  7.4643E-05  3.2891E-06  7.1845E-06
 9.2524E+25  2.6650E-04  7.0102E+03  7.4643E-05  3.2766E-06  7.1845E-06
