 4.6285E+22  3.2677E-11  1.1690E+04  7.4643E-05  1.0000E+00  7.1845E-06
 1.3886E+23  2.2869E-10  1.1694E+04  7.4643E-05  1.0000E+00  7.1845E-06
 2.3143E+23  6.2025E-10  1.1706E+04  7.4643E-05  1.0000E+00  7.1845E-06
 3.2400E+23  1.2058E-09  1.1733E+04  7.4643E-05  1.0000E+00  7.1845E-06
 4.1657E+23  1.9821E-09  1.1782E+04  7.4643E-05  1.0000E+00  7.1845E-06
 5.0914E+23  2.9430E-09  1.1861E+04  7.4643E-05  1.0000E+00  7.1845E-06
 6.0171E+23  4.0758E-09  1.1982E+04  7.4643E-05  1.0000E+00  7.1845E-06
 6.9428E+23  5.3684E-09  1.2158E+04  7.4643E-05  1.0000E+00  7.1845E-06
 7.8685E+23  6.7880E-09  1.2415E+04  7.4643E-05  1.0000E+00  7.1845E-06
 8.7942E+23  8.3049E-09  1.2772E+04  7.4643E-05  1.0000E+00  7.1845E-06
 9.7199E+23  9.9011E-09  1.3206E+04  7.4643E-05  1.0000E+00  7.1845E-06
 1.0646E+24  1.1597E-08  1.3642E+04  7.4643E-05  1.0000E+00  7.1845E-06
 1.1571E+24  1.3471E-08  1.3959E+04  7.4643E-05  1.0000E+00  7.1845E-06
 1.2497E+24  1.5580E-08  1.4130E+04  7.4643E-05  1.0000E+00  7.1845E-06
 1.3423E+24  1.7875E-08  1.4224E+04  7.4643E-05  1.0000E+00  7.1845E-06
 1.4348E+24  2.0324E-08  1.4325E+04  7.4643E-05  9.9999E-01  7.1845E-06
 1.5274E+24  2.2912E-08  1.4424E+04  7.4643E-05  9.9999E-01  7.1845E-06
 1.6200E+24  2.5653E-08  1.4518E+04  7.4643E-05  9.9999E-01  7.1845E-06
 1.7126E+24  2.8530E-08  1.4608E+04  7.4643E-05  9.9999E-01  7.1845E-06
 1.8051E+24  3.1576E-08  1.4691E+04  7.4643E-05  9.9999E-01  7.1845E-06
 1.8977E+24  3.4748E-08  1.4770E+04  7.4643E-05  9.9999E-01  7.1845E-06
 1.9903E+24  3.8090E-08  1.4846E+04  7.4643E-05  9.9999E-01  7.1845E-06
 2.0828E+24  4.1549E-08  1.4920E+04  7.4643E-05  9.9999E-01  7.1845E-06
 2.1754E+24  4.5161E-08  1.4993E+04  7.4643E-05  9.9999E-01  7.1845E-06
 2.2680E+24  4.8916E-08  1.5063E+04  7.4643E-05  9.9999E-01  7.1845E-06
 2.3605E+24  5.2827E-08  1.5131E+04  7.4643E-05  9.9999E-01  7.1845E-06
 2.4531E+24  5.6867E-08  1.5194E+04  7.4643E-05  9.9999E-01  7.1845E-06
 2.5457E+24  6.1043E-08  1.5259E+04  7.4643E-05  9.9998E-01  7.1845E-06
 2.6383E+24  6.5392E-08  1.5322E+04  7.4643E-05  9.9998E-01  7.1845E-06
 2.7308E+24  6.9834E-08  1.5381E+04  7.4643E-05  9.9998E-01  7.1845E-06
 2.8234E+24  7.4442E-08  1.5442E+04  7.4643E-05  9.9998E-01  7.1845E-06
 2.9160E+24  7.9161E-08  1.5498E+04  7.4643E-05  9.9998E-01  7.1845E-06
 3.0085E+24  8.4101E-08  1.5553E+04  7.4643E-05  9.9998E-01  7.1845E-06
 3.1011E+24  8.9129E-08  1.5609E+04  7.4643E-05  9.9998E-01  7.1845E-06
 3.1937E+24  9.4267E-08  1.5662E+04  7.4643E-05  9.9998E-01  7.1845E-06
 3.2862E+24  9.9545E-08  1.5714E+04  7.4643E-05  9.9997E-01  7.1845E-06
 3.3788E+24  1.0494E-07  1.5764E+04  7.4643E-05  9.9997E-01  7.1845E-06
 3.4714E+24  1.1050E-07  1.5814E+04  7.4643E-05  9.9997E-01  7.1845E-06
 3.5640E+24  1.1625E-07  1.5863E+04  7.4643E-05  9.9997E-01  7.1845E-06
 3.6565E+24  1.2222E-07  1.5909E+04  7.4643E-05  9.9997E-01  7.1845E-06
 3.7491E+24  1.2800E-07  1.5956E+04  7.4643E-05  9.9997E-01  7.1845E-06
 3.8417E+24  1.3424E-07  1.6002E+04  7.4643E-05  9.9997E-01  7.1845E-06
 3.9342E+24  1.4044E-07  1.6046E+04  7.4643E-05  9.9996E-01  7.1845E-06
 4.0268E+24  1.4694E-07  1.6090E+04  7.4643E-05  9.9996E-01  7.1845E-06
 4.1194E+24  1.5326E-07  1.6132E+04  7.4643E-05  9.9996E-01  7.1845E-06
 4.2120E+24  1.6013E-07  1.6174E+04  7.4643E-05  9.9996E-01  7.1845E-06
 4.3045E+24  1.6693E-07  1.6214E+04  7.4643E-05  9.9996E-01  7.1845E-06
 4.3971E+24  1.7363E-07  1.6255E+04  7.4643E-05  9.9996E-01  7.1845E-06
 4.4897E+24  1.8079E-07  1.6294E+04  7.4643E-05  9.9995E-01  7.1845E-06
 4.5822E+24  1.8804E-07  1.6333E+04  7.4643E-05  9.9995E-01  7.1845E-06
 4.6748E+24  1.9540E-07  1.6371E+04  7.4643E-05  9.9995E-01  7.1845E-06
 4.7674E+24  2.0286E-07  1.6408E+04  7.4643E-05  9.9995E-01  7.1845E-06
 4.8599E+24  2.1044E-07  1.6445E+04  7.4643E-05  9.9995E-01  7.1845E-06
 4.9525E+24  2.1815E-07  1.6481E+04  7.4643E-05  9.9994E-01  7.1845E-06
 5.0451E+24  2.2600E-07  1.6516E+04  7.4643E-05  9.9994E-01  7.1845E-06
 5.1377E+24  2.3401E-07  1.6551E+04  7.4643E-05  9.9994E-01  7.1845E-06
 5.2302E+24  2.4218E-07  1.6585E+04  7.4643E-05  9.9994E-01  7.1845E-06
 5.3228E+24  2.5054E-07  1.6619E+04  7.4643E-05  9.9994E-01  7.1845E-06
 5.4154E+24  2.5911E-07  1.6652E+04  7.4643E-05  9.9993E-01  7.1845E-06
 5.5079E+24  2.6718E-07  1.6685E+04  7.4643E-05  9.9993E-01  7.1845E-06
 5.6005E+24  2.7583E-07  1.6716E+04  7.4643E-05  9.9993E-01  7.1845E-06
 5.6931E+24  2.8492E-07  1.6748E+04  7.4643E-05  9.9993E-01  7.1845E-06
 5.7856E+24  2.9415E-07  1.6779E+04  7.4643E-05  9.9992E-01  7.1845E-06
 5.8782E+24  3.0233E-07  1.6810E+04  7.4643E-05  9.9992E-01  7.1845E-06
 5.9708E+24  3.1211E-07  1.6840E+04  7.4643E-05  9.9992E-01  7.1845E-06
 6.0634E+24  3.2154E-07  1.6869E+04  7.4643E-05  9.9992E-01  7.1845E-06
 6.1559E+24  3.3041E-07  1.6898E+04  7.4643E-05  9.9991E-01  7.1845E-06
 6.2485E+24  3.4103E-07  1.6927E+04  7.4643E-05  9.9991E-01  7.1845E-06
 6.3411E+24  3.4940E-07  1.6955E+04  7.4643E-05  9.9991E-01  7.1845E-06
 6.4336E+24  3.6050E-07  1.6983E+04  7.4643E-05  9.9991E-01  7.1845E-06
 6.5262E+24  3.6932E-07  1.7011E+04  7.4643E-05  9.9990E-01  7.1845E-06
 6.6188E+24  3.8071E-07  1.7038E+04  7.4643E-05  9.9990E-01  7.1845E-06
 6.7113E+24  3.8952E-07  1.7064E+04  7.4643E-05  9.9990E-01  7.1845E-06
 6.8039E+24  4.0131E-07  1.7091E+04  7.4643E-05  9.9990E-01  7.1845E-06
 6.8965E+24  4.1050E-07  1.7117E+04  7.4643E-05  9.9989E-01  7.1845E-06
 6.9891E+24  4.2187E-07  1.7143E+04  7.4643E-05  9.9989E-01  7.1845E-06
 7.0816E+24  4.3286E-07  1.7168E+04  7.4643E-05  9.9989E-01  7.1845E-06
 7.1742E+24  4.4276E-07  1.7193E+04  7.4643E-05  9.9989E-01  7.1845E-06
 7.2668E+24  4.5486E-07  1.7218E+04  7.4643E-05  9.9988E-01  7.1845E-06
 7.3593E+24  4.6563E-07  1.7243E+04  7.4643E-05  9.9988E-01  7.1845E-06
 7.4519E+24  4.7622E-07  1.7267E+04  7.4643E-05  9.9988E-01  7.1845E-06
 7.5445E+24  4.8852E-07  1.7291E+04  7.4643E-05  9.9987E-01  7.1845E-06
 7.6371E+24  5.0054E-07  1.7315E+04  7.4643E-05  9.9987E-01  7.1845E-06
 7.7296E+24  5.1048E-07  1.7338E+04  7.4643E-05  9.9987E-01  7.1845E-06
 7.8222E+24  5.2295E-07  1.7361E+04  7.4643E-05  9.9986E-01  7.1845E-06
 7.9148E+24  5.3552E-07  1.7384E+04  7.4643E-05  9.9986E-01  7.1845E-06
 8.0073E+24  5.4817E-07  1.7407E+04  7.4643E-05  9.9986E-01  7.1845E-06
 8.0999E+24  5.5837E-07  1.7429E+04  7.4643E-05  9.9986E-01  7.1845E-06
 8.1925E+24  5.7110E-07  1.7451E+04  7.4643E-05  9.9985E-01  7.1845E-06
 8.2850E+24  5.8398E-07  1.7473E+04  7.4643E-05  9.9985E-01  7.1845E-06
 8.3776E+24  5.9692E-07  1.7495E+04  7.4643E-05  9.9985E-01  7.1845E-06
 8.4702E+24  6.0995E-07  1.7516E+04  7.4643E-05  9.9984E-01  7.1845E-06
 8.5628E+24  6.2260E-07  1.7537E+04  7.4643E-05  9.9984E-01  7.1845E-06
 8.6553E+24  6.3429E-07  1.7558E+04  7.4643E-05  9.9984E-01  7.1845E-06
 8.7479E+24  6.4756E-07  1.7579E+04  7.4643E-05  9.9983E-01  7.1845E-06
 8.8405E+24  6.6096E-07  1.7600E+04  7.4643E-05  9.9983E-01  7.1845E-06
 8.9330E+24  6.7445E-07  1.7620E+04  7.4643E-05  9.9982E-01  7.1845E-06
 9.0256E+24  6.8801E-07  1.7640E+04  7.4643E-05  9.9982E-01  7.1845E-06
 9.1182E+24  7.0168E-07  1.7660E+04  7.4643E-05  9.9982E-01  7.1845E-06
 9.2107E+24  7.1543E-07  1.7680E+04  7.4643E-05  9.9981E-01  7.1845E-06
 9.3033E+24  7.2929E-07  1.7699E+04  7.4643E-05  9.9981E-01  7.1845E-06
 9.3959E+24  7.4324E-07  1.7719E+04  7.4643E-05  9.9981E-01  7.1845E-06
 9.4885E+24  7.5729E-07  1.7738E+04  7.4643E-05  9.9980E-01  7.1845E-06
 9.5810E+24  7.7146E-07  1.7757E+04  7.4643E-05  9.9980E-01  7.1845E-06
 9.6736E+24  7.8573E-07  1.7776E+04  7.4643E-05  9.9980E-01  7.1845E-06
 9.7662E+24  8.0012E-07  1.7795E+04  7.4643E-05  9.9979E-01  7.1845E-06
 9.8587E+24  8.1463E-07  1.7813E+04  7.4643E-05  9.9979E-01  7.1845E-06
 9.9513E+24  8.2927E-07  1.7831E+04  7.4643E-05  9.9978E-01  7.1845E-06
 1.0044E+25  8.4404E-07  1.7850E+04  7.4643E-05  9.9978E-01  7.1845E-06
 1.0136E+25  8.5895E-07  1.7868E+04  7.4643E-05  9.9978E-01  7.1845E-06
 1.0229E+25  8.7401E-07  1.7885E+04  7.4643E-05  9.9977E-01  7.1845E-06
 1.0322E+25  8.8923E-07  1.7903E+04  7.4643E-05  9.9977E-01  7.1845E-06
 1.0414E+25  9.0461E-07  1.7921E+04  7.4643E-05  9.9976E-01  7.1845E-06
 1.0507E+25  9.2016E-07  1.7938E+04  7.4643E-05  9.9975E-01  7.1845E-06
 1.0599E+25  9.3588E-07  1.7955E+04  7.4643E-05  9.9974E-01  7.1845E-06
 1.0692E+25  9.5181E-07  1.7972E+04  7.4643E-05  9.9972E-01  7.1845E-06
 1.0784E+25  9.6793E-07  1.7989E+04  7.4643E-05  9.9969E-01  7.1845E-06
 1.0877E+25  9.8426E-07  1.8006E+04  7.4643E-05  9.9963E-01  7.1845E-06
 1.0970E+25  1.0008E-06  1.8022E+04  7.4643E-05  9.9952E-01  7.1845E-06
 1.1062E+25  1.0148E-06  1.8038E+04  7.4643E-05  9.9933E-01  7.1845E-06
 1.1155E+25  1.0306E-06  1.8053E+04  7.4643E-05  9.9900E-01  7.1845E-06
 1.1247E+25  1.0476E-06  1.8067E+04  7.4643E-05  9.9841E-01  7.1845E-06
 1.1340E+25  1.0648E-06  1.8079E+04  7.4643E-05  9.9737E-01  7.1845E-06
 1.1432E+25  1.0823E-06  1.8087E+04  7.4643E-05  9.9558E-01  7.1845E-06
 1.1525E+25  1.1003E-06  1.8090E+04  7.4643E-05  9.9252E-01  7.1845E-06
 1.1618E+25  1.1188E-06  1.8085E+04  7.4643E-05  9.8735E-01  7.1845E-06
 1.1710E+25  1.1340E-06  1.8064E+04  7.4643E-05  9.7875E-01  7.1845E-06
 1.1803E+25  1.1517E-06  1.8020E+04  7.4643E-05  9.6477E-01  7.1845E-06
 1.1895E+25  1.1727E-06  1.7940E+04  7.4643E-05  9.4264E-01  7.1845E-06
 1.1988E+25  1.1956E-06  1.7807E+04  7.4643E-05  9.0893E-01  7.1845E-06
 1.2080E+25  1.2214E-06  1.7600E+04  7.4643E-05  8.6018E-01  7.1845E-06
 1.2173E+25  1.2510E-06  1.7299E+04  7.4643E-05  7.9439E-01  7.1845E-06
 1.2266E+25  1.2789E-06  1.6893E+04  7.4643E-05  7.1295E-01  7.1845E-06
 1.2358E+25  1.3191E-06  1.6390E+04  7.4643E-05  6.2167E-01  7.1845E-06
 1.2451E+25  1.3658E-06  1.5814E+04  7.4643E-05  5.2926E-01  7.1845E-06
 1.2543E+25  1.4181E-06  1.5203E+04  7.4643E-05  4.4395E-01  7.1845E-06
 1.2636E+25  1.4749E-06  1.4594E+04  7.4643E-05  3.7066E-01  7.1845E-06
 1.2728E+25  1.5344E-06  1.4015E+04  7.4643E-05  3.1066E-01  7.1845E-06
 1.2821E+25  1.5946E-06  1.3480E+04  7.4643E-05  2.6274E-01  7.1845E-06
 1.2914E+25  1.6524E-06  1.2996E+04  7.4643E-05  2.2477E-01  7.1845E-06
 1.3006E+25  1.7143E-06  1.2560E+04  7.4643E-05  1.9455E-01  7.1845E-06
 1.3099E+25  1.7755E-06  1.2171E+04  7.4643E-05  1.7025E-01  7.1845E-06
 1.3191E+25  1.8360E-06  1.1822E+04  7.4643E-05  1.5046E-01  7.1845E-06
 1.3284E+25  1.8957E-06  1.1509E+04  7.4643E-05  1.3413E-01  7.1845E-06
 1.3376E+25  1.9546E-06  1.1227E+04  7.4643E-05  1.2047E-01  7.1845E-06
 1.3469E+25  2.0126E-06  1.0973E+04  7.4643E-05  1.0891E-01  7.1845E-06
 1.3562E+25  2.0700E-06  1.0743E+04  7.4643E-05  9.9026E-02  7.1845E-06
 1.3654E+25  2.1266E-06  1.0534E+04  7.4643E-05  9.0495E-02  7.1845E-06
 1.3747E+25  2.1827E-06  1.0343E+04  7.4643E-05  8.3070E-02  7.1845E-06
 1.3839E+25  2.2381E-06  1.0168E+04  7.4643E-05  7.6558E-02  7.1845E-06
 1.3932E+25  2.2931E-06  1.0007E+04  7.4643E-05  7.0808E-02  7.1845E-06
 1.4024E+25  2.3477E-06  9.8591E+03  7.4643E-05  6.5702E-02  7.1845E-06
 1.4117E+25  2.4019E-06  9.7224E+03  7.4643E-05  6.1142E-02  7.1845E-06
 1.4210E+25  2.4528E-06  9.5957E+03  7.4643E-05  5.7050E-02  7.1845E-06
 1.4302E+25  2.5044E-06  9.4781E+03  7.4643E-05  5.3361E-02  7.1845E-06
 1.4395E+25  2.5573E-06  9.3687E+03  7.4643E-05  5.0023E-02  7.1845E-06
 1.4487E+25  2.6100E-06  9.2667E+03  7.4643E-05  4.6989E-02  7.1845E-06
 1.4580E+25  2.6626E-06  9.1714E+03  7.4643E-05  4.4224E-02  7.1845E-06
 1.4672E+25  2.7152E-06  9.0822E+03  7.4643E-05  4.1695E-02  7.1845E-06
 1.4765E+25  2.7677E-06  8.9985E+03  7.4643E-05  3.9376E-02  7.1845E-06
 1.4858E+25  2.8202E-06  8.9199E+03  7.4643E-05  3.7242E-02  7.1845E-06
 1.4950E+25  2.8728E-06  8.8459E+03  7.4643E-05  3.5275E-02  7.1845E-06
 1.5043E+25  2.9257E-06  8.7762E+03  7.4643E-05  3.3457E-02  7.1845E-06
 1.5135E+25  2.9775E-06  8.7105E+03  7.4643E-05  3.1773E-02  7.1845E-06
 1.5228E+25  3.0206E-06  8.6484E+03  7.4643E-05  3.0209E-02  7.1845E-06
 1.5320E+25  3.0725E-06  8.5897E+03  7.4643E-05  2.8755E-02  7.1845E-06
 1.5413E+25  3.1253E-06  8.5341E+03  7.4643E-05  2.7401E-02  7.1845E-06
 1.5506E+25  3.1783E-06  8.4814E+03  7.4643E-05  2.6136E-02  7.1845E-06
 1.5598E+25  3.2317E-06  8.4313E+03  7.4643E-05  2.4954E-02  7.1845E-06
 1.5691E+25  3.2855E-06  8.3838E+03  7.4643E-05  2.3847E-02  7.1845E-06
 1.5783E+25  3.3358E-06  8.3386E+03  7.4643E-05  2.2809E-02  7.1845E-06
 1.5876E+25  3.3766E-06  8.2956E+03  7.4643E-05  2.1834E-02  7.1845E-06
 1.5968E+25  3.4306E-06  8.2546E+03  7.4643E-05  2.0918E-02  7.1845E-06
 1.6061E+25  3.4853E-06  8.2155E+03  7.4643E-05  2.0055E-02  7.1845E-06
 1.6154E+25  3.5407E-06  8.1782E+03  7.4643E-05  1.9242E-02  7.1845E-06
 1.6246E+25  3.5968E-06  8.1426E+03  7.4643E-05  1.8474E-02  7.1845E-06
 1.6339E+25  3.6337E-06  8.1086E+03  7.4643E-05  1.7749E-02  7.1845E-06
 1.6431E+25  3.6858E-06  8.0761E+03  7.4643E-05  1.7063E-02  7.1845E-06
 1.6524E+25  3.7428E-06  8.0449E+03  7.4643E-05  1.6414E-02  7.1845E-06
 1.6616E+25  3.8007E-06  8.0151E+03  7.4643E-05  1.5799E-02  7.1845E-06
 1.6709E+25  3.8531E-06  7.9865E+03  7.4643E-05  1.5216E-02  7.1845E-06
 1.6802E+25  3.8886E-06  7.9591E+03  7.4643E-05  1.4662E-02  7.1845E-06
 1.6894E+25  3.9476E-06  7.9328E+03  7.4643E-05  1.4136E-02  7.1845E-06
 1.6987E+25  4.0079E-06  7.9076E+03  7.4643E-05  1.3636E-02  7.1845E-06
 1.7079E+25  4.0656E-06  7.8833E+03  7.4643E-05  1.3160E-02  7.1845E-06
 1.7172E+25  4.0954E-06  7.8600E+03  7.4643E-05  1.2707E-02  7.1845E-06
 1.7264E+25  4.1570E-06  7.8376E+03  7.4643E-05  1.2275E-02  7.1845E-06
 1.7357E+25  4.2202E-06  7.8160E+03  7.4643E-05  1.1863E-02  7.1845E-06
 1.7450E+25  4.2711E-06  7.7953E+03  7.4643E-05  1.1470E-02  7.1845E-06
 1.7542E+25  4.3077E-06  7.7753E+03  7.4643E-05  1.1094E-02  7.1845E-06
 1.7635E+25  4.3729E-06  7.7561E+03  7.4643E-05  1.0735E-02  7.1845E-06
 1.7727E+25  4.4398E-06  7.7375E+03  7.4643E-05  1.0392E-02  7.1845E-06
 1.7820E+25  4.4681E-06  7.7196E+03  7.4643E-05  1.0064E-02  7.1845E-06
 1.7912E+25  4.5275E-06  7.7024E+03  7.4643E-05  9.7497E-03  7.1845E-06
 1.8005E+25  4.5970E-06  7.6857E+03  7.4643E-05  9.4489E-03  7.1845E-06
 1.8097E+25  4.6396E-06  7.6696E+03  7.4643E-05  9.1602E-03  7.1845E-06
 1.8190E+25  4.6854E-06  7.6541E+03  7.4643E-05  8.8839E-03  7.1845E-06
 1.8283E+25  4.7577E-06  7.6391E+03  7.4643E-05  8.6184E-03  7.1845E-06
 1.8375E+25  4.8074E-06  7.6246E+03  7.4643E-05  8.3637E-03  7.1845E-06
 1.8468E+25  4.8464E-06  7.6106E+03  7.4643E-05  8.1194E-03  7.1845E-06
 1.8560E+25  4.9222E-06  7.5970E+03  7.4643E-05  7.8841E-03  7.1845E-06
 1.8653E+25  4.9724E-06  7.5839E+03  7.4643E-05  7.6587E-03  7.1845E-06
 1.8745E+25  5.0117E-06  7.5712E+03  7.4643E-05  7.4411E-03  7.1845E-06
 1.8838E+25  5.0910E-06  7.5589E+03  7.4643E-05  7.2325E-03  7.1845E-06
 1.8931E+25  5.1334E-06  7.5470E+03  7.4643E-05  7.0312E-03  7.1845E-06
 1.9023E+25  5.1822E-06  7.5354E+03  7.4643E-05  6.8378E-03  7.1845E-06
 1.9116E+25  5.2654E-06  7.5243E+03  7.4643E-05  6.6512E-03  7.1845E-06
 1.9208E+25  5.2902E-06  7.5134E+03  7.4643E-05  6.4716E-03  7.1845E-06
 1.9301E+25  5.3584E-06  7.5029E+03  7.4643E-05  6.2983E-03  7.1845E-06
 1.9393E+25  5.4380E-06  7.4927E+03  7.4643E-05  6.1313E-03  7.1845E-06
 1.9486E+25  5.4510E-06  7.4828E+03  7.4643E-05  5.9701E-03  7.1845E-06
 1.9579E+25  5.5410E-06  7.4732E+03  7.4643E-05  5.8147E-03  7.1845E-06
 1.9671E+25  5.5895E-06  7.4639E+03  7.4643E-05  5.6644E-03  7.1845E-06
 1.9764E+25  5.6358E-06  7.4549E+03  7.4643E-05  5.5197E-03  7.1845E-06
 1.9856E+25  5.7311E-06  7.4461E+03  7.4643E-05  5.3793E-03  7.1845E-06
 1.9949E+25  5.7363E-06  7.4375E+03  7.4643E-05  5.2444E-03  7.1845E-06
 2.0041E+25  5.8288E-06  7.4292E+03  7.4643E-05  5.1132E-03  7.1845E-06
 2.0134E+25  5.8806E-06  7.4212E+03  7.4643E-05  4.9871E-03  7.1845E-06
 2.0227E+25  5.9275E-06  7.4133E+03  7.4643E-05  4.8644E-03  7.1845E-06
 2.0319E+25  6.0244E-06  7.4057E+03  7.4643E-05  4.7463E-03  7.1845E-06
 2.0412E+25  6.0270E-06  7.3983E+03  7.4643E-05  4.6316E-03  7.1845E-06
 2.0504E+25  6.1329E-06  7.3911E+03  7.4643E-05  4.5207E-03  7.1845E-06
 2.0597E+25  6.1629E-06  7.3841E+03  7.4643E-05  4.4135E-03  7.1845E-06
 2.0689E+25  6.2360E-06  7.3772E+03  7.4643E-05  4.3092E-03  7.1845E-06
 2.0782E+25  6.3048E-06  7.3706E+03  7.4643E-05  4.2087E-03  7.1845E-06
 2.0875E+25  6.3398E-06  7.3641E+03  7.4643E-05  4.1107E-03  7.1845E-06
 2.0967E+25  6.4461E-06  7.3578E+03  7.4643E-05  4.0163E-03  7.1845E-06
 2.1060E+25  6.4454E-06  7.3517E+03  7.4643E-05  3.9244E-03  7.1845E-06
 2.1152E+25  6.5648E-06  7.3457E+03  7.4643E-05  3.8352E-03  7.1845E-06
 2.1245E+25  6.5743E-06  7.3399E+03  7.4643E-05  3.7492E-03  7.1845E-06
 2.1337E+25  6.6747E-06  7.3342E+03  7.4643E-05  3.6650E-03  7.1845E-06
 2.1430E+25  6.7128E-06  7.3286E+03  7.4643E-05  3.5838E-03  7.1845E-06
 2.1523E+25  6.7868E-06  7.3232E+03  7.4643E-05  3.5049E-03  7.1845E-06
 2.1615E+25  6.8507E-06  7.3180E+03  7.4643E-05  3.4279E-03  7.1845E-06
 2.1708E+25  6.9003E-06  7.3128E+03  7.4643E-05  3.3538E-03  7.1845E-06
 2.1800E+25  6.9877E-06  7.3078E+03  7.4643E-05  3.2813E-03  7.1845E-06
 2.1893E+25  7.0158E-06  7.3029E+03  7.4643E-05  3.2109E-03  7.1845E-06
 2.1985E+25  7.1242E-06  7.2982E+03  7.4643E-05  3.1428E-03  7.1845E-06
 2.2078E+25  7.1336E-06  7.2935E+03  7.4643E-05  3.0761E-03  7.1845E-06
 2.2171E+25  7.2599E-06  7.2890E+03  7.4643E-05  3.0116E-03  7.1845E-06
 2.2263E+25  7.2537E-06  7.2845E+03  7.4643E-05  2.9490E-03  7.1845E-06
 2.2356E+25  7.3941E-06  7.2802E+03  7.4643E-05  2.8876E-03  7.1845E-06
 2.2448E+25  7.3768E-06  7.2760E+03  7.4643E-05  2.8284E-03  7.1845E-06
 2.2541E+25  7.5263E-06  7.2718E+03  7.4643E-05  2.7706E-03  7.1845E-06
 2.2633E+25  7.5033E-06  7.2678E+03  7.4643E-05  2.7140E-03  7.1845E-06
 2.2726E+25  7.6580E-06  7.2639E+03  7.4643E-05  2.6595E-03  7.1845E-06
 2.2819E+25  7.6327E-06  7.2600E+03  7.4643E-05  2.6062E-03  7.1845E-06
 2.2911E+25  7.7904E-06  7.2562E+03  7.4643E-05  2.5540E-03  7.1845E-06
 2.3004E+25  7.7632E-06  7.2526E+03  7.4643E-05  2.5037E-03  7.1845E-06
 2.3096E+25  7.9229E-06  7.2490E+03  7.4643E-05  2.4544E-03  7.1845E-06
 2.3189E+25  7.8957E-06  7.2454E+03  7.4643E-05  2.4062E-03  7.1845E-06
 2.3281E+25  8.0538E-06  7.2420E+03  7.4643E-05  2.3595E-03  7.1845E-06
 2.3374E+25  8.0321E-06  7.2386E+03  7.4643E-05  2.3141E-03  7.1845E-06
 2.3467E+25  8.1829E-06  7.2353E+03  7.4643E-05  2.2694E-03  7.1845E-06
 2.3559E+25  8.1728E-06  7.2321E+03  7.4643E-05  2.2261E-03  7.1845E-06
 2.3652E+25  8.3104E-06  7.2290E+03  7.4643E-05  2.1841E-03  7.1845E-06
 2.3744E+25  8.3176E-06  7.2259E+03  7.4643E-05  2.1427E-03  7.1845E-06
 2.3837E+25  8.4368E-06  7.2229E+03  7.4643E-05  2.1024E-03  7.1845E-06
 2.3929E+25  8.4665E-06  7.2199E+03  7.4643E-05  2.0635E-03  7.1845E-06
 2.4022E+25  8.5619E-06  7.2170E+03  7.4643E-05  2.0251E-03  7.1845E-06
 2.4115E+25  8.6195E-06  7.2142E+03  7.4643E-05  1.9876E-03  7.1845E-06
 2.4207E+25  8.6857E-06  7.2114E+03  7.4643E-05  1.9514E-03  7.1845E-06
 2.4300E+25  8.7769E-06  7.2087E+03  7.4643E-05  1.9159E-03  7.1845E-06
 2.4392E+25  8.8082E-06  7.2060E+03  7.4643E-05  1.8810E-03  7.1845E-06
 2.4485E+25  8.9390E-06  7.2034E+03  7.4643E-05  1.8471E-03  7.1845E-06
 2.4577E+25  8.9294E-06  7.2009E+03  7.4643E-05  1.8142E-03  7.1845E-06
 2.4670E+25  9.1005E-06  7.1984E+03  7.4643E-05  1.7818E-03  7.1845E-06
 2.4763E+25  9.0548E-06  7.1959E+03  7.4643E-05  1.7500E-03  7.1845E-06
 2.4855E+25  9.2227E-06  7.1936E+03  7.4643E-05  1.7194E-03  7.1845E-06
 2.4948E+25  9.2231E-06  7.1912E+03  7.4643E-05  1.6893E-03  7.1845E-06
 2.5040E+25  9.3418E-06  7.1889E+03  7.4643E-05  1.6596E-03  7.1845E-06
 2.5133E+25  9.3985E-06  7.1866E+03  7.4643E-05  1.6308E-03  7.1845E-06
 2.5225E+25  9.4593E-06  7.1844E+03  7.4643E-05  1.6029E-03  7.1845E-06
 2.5318E+25  9.5795E-06  7.1822E+03  7.4643E-05  1.5754E-03  7.1845E-06
 2.5411E+25  9.5751E-06  7.1801E+03  7.4643E-05  1.5483E-03  7.1845E-06
 2.5503E+25  9.7519E-06  7.1780E+03  7.4643E-05  1.5220E-03  7.1845E-06
 2.5596E+25  9.7042E-06  7.1760E+03  7.4643E-05  1.4965E-03  7.1845E-06
 2.5688E+25  9.8677E-06  7.1740E+03  7.4643E-05  1.4713E-03  7.1845E-06
 2.5781E+25  9.8944E-06  7.1720E+03  7.4643E-05  1.4465E-03  7.1845E-06
 2.5873E+25  9.9814E-06  7.1701E+03  7.4643E-05  1.4225E-03  7.1845E-06
 2.5966E+25  1.0092E-05  7.1682E+03  7.4643E-05  1.3991E-03  7.1845E-06
 2.6059E+25  1.0094E-05  7.1663E+03  7.4643E-05  1.3760E-03  7.1845E-06
 2.6151E+25  1.0274E-05  7.1645E+03  7.4643E-05  1.3533E-03  7.1845E-06
 2.6244E+25  1.0226E-05  7.1627E+03  7.4643E-05  1.3313E-03  7.1845E-06
 2.6336E+25  1.0385E-05  7.1609E+03  7.4643E-05  1.3098E-03  7.1845E-06
 2.6429E+25  1.0434E-05  7.1592E+03  7.4643E-05  1.2886E-03  7.1845E-06
 2.6521E+25  1.0494E-05  7.1575E+03  7.4643E-05  1.2677E-03  7.1845E-06
 2.6614E+25  1.0650E-05  7.1559E+03  7.4643E-05  1.2475E-03  7.1845E-06
 2.6707E+25  1.0602E-05  7.1542E+03  7.4643E-05  1.2278E-03  7.1845E-06
 2.6799E+25  1.0786E-05  7.1526E+03  7.4643E-05  1.2083E-03  7.1845E-06
 2.6892E+25  1.0795E-05  7.1510E+03  7.4643E-05  1.1891E-03  7.1845E-06
 2.6984E+25  1.0892E-05  7.1495E+03  7.4643E-05  1.1705E-03  7.1845E-06
 2.7077E+25  1.1024E-05  7.1480E+03  7.4643E-05  1.1524E-03  7.1845E-06
 2.7169E+25  1.0997E-05  7.1465E+03  7.4643E-05  1.1345E-03  7.1845E-06
 2.7262E+25  1.1184E-05  7.1450E+03  7.4643E-05  1.1168E-03  7.1845E-06
 2.7355E+25  1.1178E-05  7.1436E+03  7.4643E-05  1.0995E-03  7.1845E-06
 2.7447E+25  1.1287E-05  7.1422E+03  7.4643E-05  1.0828E-03  7.1845E-06
 2.7540E+25  1.1421E-05  7.1408E+03  7.4643E-05  1.0664E-03  7.1845E-06
 2.7632E+25  1.1389E-05  7.1394E+03  7.4643E-05  1.0501E-03  7.1845E-06
 2.7725E+25  1.1578E-05  7.1381E+03  7.4643E-05  1.0341E-03  7.1845E-06
 2.7817E+25  1.1584E-05  7.1367E+03  7.4643E-05  1.0186E-03  7.1845E-06
 2.7910E+25  1.1677E-05  7.1355E+03  7.4643E-05  1.0035E-03  7.1845E-06
 2.8003E+25  1.1842E-05  7.1342E+03  7.4643E-05  9.8846E-04  7.1845E-06
 2.8095E+25  1.1776E-05  7.1329E+03  7.4643E-05  9.7365E-04  7.1845E-06
 2.8188E+25  1.1968E-05  7.1317E+03  7.4643E-05  9.5923E-04  7.1845E-06
 2.8280E+25  1.2016E-05  7.1305E+03  7.4643E-05  9.4525E-04  7.1845E-06
 2.8373E+25  1.2064E-05  7.1293E+03  7.4643E-05  9.3145E-04  7.1845E-06
 2.8465E+25  1.2259E-05  7.1281E+03  7.4643E-05  9.1780E-04  7.1845E-06
 2.8558E+25  1.2192E-05  7.1270E+03  7.4643E-05  9.0434E-04  7.1845E-06
 2.8651E+25  1.2353E-05  7.1258E+03  7.4643E-05  8.9129E-04  7.1845E-06
 2.8743E+25  1.2477E-05  7.1247E+03  7.4643E-05  8.7858E-04  7.1845E-06
 2.8836E+25  1.2446E-05  7.1236E+03  7.4643E-05  8.6601E-04  7.1845E-06
 2.8928E+25  1.2643E-05  7.1225E+03  7.4643E-05  8.5355E-04  7.1845E-06
 2.9021E+25  1.2667E-05  7.1215E+03  7.4643E-05  8.4132E-04  7.1845E-06
 2.9113E+25  1.2734E-05  7.1204E+03  7.4643E-05  8.2946E-04  7.1845E-06
 2.9206E+25  1.2934E-05  7.1194E+03  7.4643E-05  8.1789E-04  7.1845E-06
 2.9299E+25  1.2859E-05  7.1184E+03  7.4643E-05  8.0640E-04  7.1845E-06
 2.9391E+25  1.3022E-05  7.1174E+03  7.4643E-05  7.9504E-04  7.1845E-06
 2.9484E+25  1.3174E-05  7.1164E+03  7.4643E-05  7.8388E-04  7.1845E-06
 2.9576E+25  1.3109E-05  7.1155E+03  7.4643E-05  7.7307E-04  7.1845E-06
 2.9669E+25  1.3310E-05  7.1145E+03  7.4643E-05  7.6251E-04  7.1845E-06
 2.9761E+25  1.3383E-05  7.1136E+03  7.4643E-05  7.5202E-04  7.1845E-06
 2.9854E+25  1.3395E-05  7.1127E+03  7.4643E-05  7.4164E-04  7.1845E-06
 2.9947E+25  1.3599E-05  7.1117E+03  7.4643E-05  7.3144E-04  7.1845E-06
 3.0039E+25  1.3597E-05  7.1109E+03  7.4643E-05  7.2154E-04  7.1845E-06
 3.0132E+25  1.3682E-05  7.1100E+03  7.4643E-05  7.1189E-04  7.1845E-06
 3.0224E+25  1.3889E-05  7.1091E+03  7.4643E-05  7.0230E-04  7.1845E-06
 3.0317E+25  1.3817E-05  7.1083E+03  7.4643E-05  6.9280E-04  7.1845E-06
 3.0409E+25  1.3968E-05  7.1074E+03  7.4643E-05  6.8345E-04  7.1845E-06
 3.0502E+25  1.4172E-05  7.1066E+03  7.4643E-05  6.7436E-04  7.1845E-06
 3.0594E+25  1.4050E-05  7.1058E+03  7.4643E-05  6.6552E-04  7.1845E-06
 3.0687E+25  1.4254E-05  7.1050E+03  7.4643E-05  6.5677E-04  7.1845E-06
 3.0780E+25  1.4415E-05  7.1042E+03  7.4643E-05  6.4807E-04  7.1845E-06
 3.0872E+25  1.4332E-05  7.1034E+03  7.4643E-05  6.3948E-04  7.1845E-06
 3.0965E+25  1.4541E-05  7.1027E+03  7.4643E-05  6.3111E-04  7.1845E-06
 3.1057E+25  1.4661E-05  7.1019E+03  7.4643E-05  6.2297E-04  7.1845E-06
 3.1150E+25  1.4616E-05  7.1012E+03  7.4643E-05  6.1497E-04  7.1845E-06
 3.1242E+25  1.4827E-05  7.1005E+03  7.4643E-05  6.0701E-04  7.1845E-06
 3.1335E+25  1.4916E-05  7.0997E+03  7.4643E-05  5.9913E-04  7.1845E-06
 3.1428E+25  1.4899E-05  7.0990E+03  7.4643E-05  5.9139E-04  7.1845E-06
 3.1520E+25  1.5113E-05  7.0983E+03  7.4643E-05  5.8386E-04  7.1845E-06
 3.1613E+25  1.5180E-05  7.0976E+03  7.4643E-05  5.7652E-04  7.1845E-06
 3.1705E+25  1.5183E-05  7.0970E+03  7.4643E-05  5.6925E-04  7.1845E-06
 3.1798E+25  1.5399E-05  7.0963E+03  7.4643E-05  5.6203E-04  7.1845E-06
 3.1890E+25  1.5452E-05  7.0956E+03  7.4643E-05  5.5487E-04  7.1845E-06
 3.1983E+25  1.5466E-05  7.0950E+03  7.4643E-05  5.4789E-04  7.1845E-06
 3.2076E+25  1.5683E-05  7.0943E+03  7.4643E-05  5.4109E-04  7.1845E-06
 3.2168E+25  1.5735E-05  7.0937E+03  7.4643E-05  5.3445E-04  7.1845E-06
 3.2261E+25  1.5748E-05  7.0931E+03  7.4643E-05  5.2783E-04  7.1845E-06
 3.2353E+25  1.5968E-05  7.0925E+03  7.4643E-05  5.2126E-04  7.1845E-06
 3.2446E+25  1.6027E-05  7.0919E+03  7.4643E-05  5.1477E-04  7.1845E-06
 3.2538E+25  1.6030E-05  7.0913E+03  7.4643E-05  5.0845E-04  7.1845E-06
 3.2631E+25  1.6251E-05  7.0907E+03  7.4643E-05  5.0229E-04  7.1845E-06
 3.2724E+25  1.6331E-05  7.0901E+03  7.4643E-05  4.9624E-04  7.1845E-06
 3.2816E+25  1.6311E-05  7.0895E+03  7.4643E-05  4.9022E-04  7.1845E-06
 3.2909E+25  1.6534E-05  7.0890E+03  7.4643E-05  4.8425E-04  7.1845E-06
 3.3001E+25  1.6645E-05  7.0884E+03  7.4643E-05  4.7834E-04  7.1845E-06
 3.3094E+25  1.6591E-05  7.0878E+03  7.4643E-05  4.7260E-04  7.1845E-06
 3.3186E+25  1.6815E-05  7.0873E+03  7.4643E-05  4.6699E-04  7.1845E-06
 3.3279E+25  1.6972E-05  7.0868E+03  7.4643E-05  4.6149E-04  7.1845E-06
 3.3372E+25  1.6871E-05  7.0863E+03  7.4643E-05  4.5601E-04  7.1845E-06
 3.3464E+25  1.7096E-05  7.0857E+03  7.4643E-05  4.5058E-04  7.1845E-06
 3.3557E+25  1.7311E-05  7.0852E+03  7.4643E-05  4.4519E-04  7.1845E-06
 3.3649E+25  1.7150E-05  7.0847E+03  7.4643E-05  4.3994E-04  7.1845E-06
 3.3742E+25  1.7376E-05  7.0842E+03  7.4643E-05  4.3481E-04  7.1845E-06
 3.3834E+25  1.7609E-05  7.0837E+03  7.4643E-05  4.2981E-04  7.1845E-06
 3.3927E+25  1.7480E-05  7.0832E+03  7.4643E-05  4.2482E-04  7.1845E-06
 3.4020E+25  1.7655E-05  7.0828E+03  7.4643E-05  4.1987E-04  7.1845E-06
 3.4112E+25  1.7890E-05  7.0823E+03  7.4643E-05  4.1496E-04  7.1845E-06
 3.4205E+25  1.7841E-05  7.0818E+03  7.4643E-05  4.1014E-04  7.1845E-06
 3.4297E+25  1.7934E-05  7.0814E+03  7.4643E-05  4.0545E-04  7.1845E-06
 3.4390E+25  1.8169E-05  7.0809E+03  7.4643E-05  4.0087E-04  7.1845E-06
 3.4482E+25  1.8216E-05  7.0804E+03  7.4643E-05  3.9633E-04  7.1845E-06
 3.4575E+25  1.8212E-05  7.0800E+03  7.4643E-05  3.9182E-04  7.1845E-06
 3.4668E+25  1.8446E-05  7.0796E+03  7.4643E-05  3.8734E-04  7.1845E-06
 3.4760E+25  1.8606E-05  7.0791E+03  7.4643E-05  3.8291E-04  7.1845E-06
 3.4853E+25  1.8489E-05  7.0787E+03  7.4643E-05  3.7859E-04  7.1845E-06
 3.4945E+25  1.8723E-05  7.0783E+03  7.4643E-05  3.7438E-04  7.1845E-06
 3.5038E+25  1.8964E-05  7.0779E+03  7.4643E-05  3.7025E-04  7.1845E-06
 3.5130E+25  1.8810E-05  7.0775E+03  7.4643E-05  3.6613E-04  7.1845E-06
 3.5223E+25  1.9000E-05  7.0771E+03  7.4643E-05  3.6205E-04  7.1845E-06
 3.5316E+25  1.9242E-05  7.0766E+03  7.4643E-05  3.5799E-04  7.1845E-06
 3.5408E+25  1.9226E-05  7.0762E+03  7.4643E-05  3.5400E-04  7.1845E-06
 3.5501E+25  1.9276E-05  7.0759E+03  7.4643E-05  3.5011E-04  7.1845E-06
 3.5593E+25  1.9517E-05  7.0755E+03  7.4643E-05  3.4630E-04  7.1845E-06
 3.5686E+25  1.9660E-05  7.0751E+03  7.4643E-05  3.4257E-04  7.1845E-06
 3.5778E+25  1.9550E-05  7.0747E+03  7.4643E-05  3.3884E-04  7.1845E-06
 3.5871E+25  1.9791E-05  7.0744E+03  7.4643E-05  3.3514E-04  7.1845E-06
 3.5964E+25  2.0039E-05  7.0740E+03  7.4643E-05  3.3146E-04  7.1845E-06
 3.6056E+25  1.9895E-05  7.0736E+03  7.4643E-05  3.2785E-04  7.1845E-06
 3.6149E+25  2.0066E-05  7.0733E+03  7.4643E-05  3.2432E-04  7.1845E-06
 3.6241E+25  2.0313E-05  7.0729E+03  7.4643E-05  3.2089E-04  7.1845E-06
 3.6334E+25  2.0359E-05  7.0726E+03  7.4643E-05  3.1750E-04  7.1845E-06
 3.6426E+25  2.0339E-05  7.0722E+03  7.4643E-05  3.1411E-04  7.1845E-06
 3.6519E+25  2.0585E-05  7.0719E+03  7.4643E-05  3.1075E-04  7.1845E-06
 3.6612E+25  2.0831E-05  7.0715E+03  7.4643E-05  3.0742E-04  7.1845E-06
 3.6704E+25  2.0622E-05  7.0712E+03  7.4643E-05  3.0414E-04  7.1845E-06
 3.6797E+25  2.0858E-05  7.0709E+03  7.4643E-05  3.0094E-04  7.1845E-06
 3.6889E+25  2.1111E-05  7.0706E+03  7.4643E-05  2.9781E-04  7.1845E-06
 3.6982E+25  2.1113E-05  7.0702E+03  7.4643E-05  2.9474E-04  7.1845E-06
 3.7074E+25  2.1131E-05  7.0699E+03  7.4643E-05  2.9167E-04  7.1845E-06
 3.7167E+25  2.1381E-05  7.0696E+03  7.4643E-05  2.8862E-04  7.1845E-06
 3.7260E+25  2.1627E-05  7.0693E+03  7.4643E-05  2.8559E-04  7.1845E-06
 3.7352E+25  2.1406E-05  7.0690E+03  7.4643E-05  2.8259E-04  7.1845E-06
 3.7445E+25  2.1652E-05  7.0687E+03  7.4643E-05  2.7968E-04  7.1845E-06
 3.7537E+25  2.1909E-05  7.0684E+03  7.4643E-05  2.7681E-04  7.1845E-06
 3.7630E+25  2.1928E-05  7.0681E+03  7.4643E-05  2.7403E-04  7.1845E-06
 3.7722E+25  2.1923E-05  7.0678E+03  7.4643E-05  2.7124E-04  7.1845E-06
 3.7815E+25  2.2178E-05  7.0675E+03  7.4643E-05  2.6847E-04  7.1845E-06
 3.7908E+25  2.2438E-05  7.0672E+03  7.4643E-05  2.6572E-04  7.1845E-06
 3.8000E+25  2.2238E-05  7.0669E+03  7.4643E-05  2.6299E-04  7.1845E-06
 3.8093E+25  2.2448E-05  7.0667E+03  7.4643E-05  2.6032E-04  7.1845E-06
 3.8185E+25  2.2707E-05  7.0664E+03  7.4643E-05  2.5769E-04  7.1845E-06
 3.8278E+25  2.2811E-05  7.0661E+03  7.4643E-05  2.5514E-04  7.1845E-06
 3.8370E+25  2.2717E-05  7.0659E+03  7.4643E-05  2.5262E-04  7.1845E-06
 3.8463E+25  2.2975E-05  7.0656E+03  7.4643E-05  2.5010E-04  7.1845E-06
 3.8556E+25  2.3241E-05  7.0653E+03  7.4643E-05  2.4760E-04  7.1845E-06
 3.8648E+25  2.3149E-05  7.0651E+03  7.4643E-05  2.4511E-04  7.1845E-06
 3.8741E+25  2.3245E-05  7.0648E+03  7.4643E-05  2.4265E-04  7.1845E-06
 3.8833E+25  2.3506E-05  7.0645E+03  7.4643E-05  2.4025E-04  7.1845E-06
 3.8926E+25  2.3762E-05  7.0643E+03  7.4643E-05  2.3789E-04  7.1845E-06
 3.9018E+25  2.3515E-05  7.0640E+03  7.4643E-05  2.3559E-04  7.1845E-06
 3.9111E+25  2.3775E-05  7.0638E+03  7.4643E-05  2.3331E-04  7.1845E-06
 3.9204E+25  2.4041E-05  7.0636E+03  7.4643E-05  2.3104E-04  7.1845E-06
 3.9296E+25  2.4138E-05  7.0633E+03  7.4643E-05  2.2877E-04  7.1845E-06
 3.9389E+25  2.4042E-05  7.0631E+03  7.4643E-05  2.2652E-04  7.1845E-06
 3.9481E+25  2.4307E-05  7.0628E+03  7.4643E-05  2.2430E-04  7.1845E-06
 3.9574E+25  2.4579E-05  7.0626E+03  7.4643E-05  2.2213E-04  7.1845E-06
 3.9666E+25  2.4525E-05  7.0624E+03  7.4643E-05  2.2000E-04  7.1845E-06
 3.9759E+25  2.4574E-05  7.0622E+03  7.4643E-05  2.1792E-04  7.1845E-06
 3.9852E+25  2.4842E-05  7.0619E+03  7.4643E-05  2.1586E-04  7.1845E-06
 3.9944E+25  2.5118E-05  7.0617E+03  7.4643E-05  2.1380E-04  7.1845E-06
 4.0037E+25  2.4929E-05  7.0615E+03  7.4643E-05  2.1175E-04  7.1845E-06
 4.0129E+25  2.5109E-05  7.0613E+03  7.4643E-05  2.0972E-04  7.1845E-06
 4.0222E+25  2.5381E-05  7.0610E+03  7.4643E-05  2.0770E-04  7.1845E-06
 4.0314E+25  2.5634E-05  7.0608E+03  7.4643E-05  2.0574E-04  7.1845E-06
 4.0407E+25  2.5374E-05  7.0606E+03  7.4643E-05  2.0380E-04  7.1845E-06
 4.0500E+25  2.5647E-05  7.0604E+03  7.4643E-05  2.0192E-04  7.1845E-06
 4.0592E+25  2.5921E-05  7.0602E+03  7.4643E-05  2.0005E-04  7.1845E-06
 4.0685E+25  2.6078E-05  7.0600E+03  7.4643E-05  1.9819E-04  7.1845E-06
 4.0777E+25  2.5911E-05  7.0598E+03  7.4643E-05  1.9633E-04  7.1845E-06
 4.0870E+25  2.6187E-05  7.0596E+03  7.4643E-05  1.9449E-04  7.1845E-06
 4.0962E+25  2.6465E-05  7.0594E+03  7.4643E-05  1.9266E-04  7.1845E-06
 4.1055E+25  2.6540E-05  7.0592E+03  7.4643E-05  1.9087E-04  7.1845E-06
 4.1148E+25  2.6450E-05  7.0590E+03  7.4643E-05  1.8910E-04  7.1845E-06
 4.1240E+25  2.6729E-05  7.0588E+03  7.4643E-05  1.8738E-04  7.1845E-06
 4.1333E+25  2.7010E-05  7.0586E+03  7.4643E-05  1.8570E-04  7.1845E-06
 4.1425E+25  2.7021E-05  7.0584E+03  7.4643E-05  1.8401E-04  7.1845E-06
 4.1518E+25  2.6992E-05  7.0582E+03  7.4643E-05  1.8233E-04  7.1845E-06
 4.1610E+25  2.7274E-05  7.0581E+03  7.4643E-05  1.8066E-04  7.1845E-06
 4.1703E+25  2.7558E-05  7.0579E+03  7.4643E-05  1.7900E-04  7.1845E-06
 4.1796E+25  2.7521E-05  7.0577E+03  7.4643E-05  1.7735E-04  7.1845E-06
 4.1888E+25  2.7536E-05  7.0575E+03  7.4643E-05  1.7575E-04  7.1845E-06
 4.1981E+25  2.7821E-05  7.0573E+03  7.4643E-05  1.7416E-04  7.1845E-06
 4.2073E+25  2.8108E-05  7.0572E+03  7.4643E-05  1.7263E-04  7.1845E-06
 4.2166E+25  2.8043E-05  7.0570E+03  7.4643E-05  1.7110E-04  7.1845E-06
 4.2258E+25  2.8083E-05  7.0568E+03  7.4643E-05  1.6958E-04  7.1845E-06
 4.2351E+25  2.8371E-05  7.0567E+03  7.4643E-05  1.6806E-04  7.1845E-06
 4.2443E+25  2.8660E-05  7.0565E+03  7.4643E-05  1.6656E-04  7.1845E-06
 4.2536E+25  2.8586E-05  7.0563E+03  7.4643E-05  1.6506E-04  7.1845E-06
 4.2629E+25  2.8632E-05  7.0561E+03  7.4643E-05  1.6358E-04  7.1845E-06
 4.2721E+25  2.8923E-05  7.0560E+03  7.4643E-05  1.6213E-04  7.1845E-06
 4.2814E+25  2.9214E-05  7.0558E+03  7.4643E-05  1.6071E-04  7.1845E-06
 4.2906E+25  2.9152E-05  7.0557E+03  7.4643E-05  1.5932E-04  7.1845E-06
 4.2999E+25  2.9184E-05  7.0555E+03  7.4643E-05  1.5795E-04  7.1845E-06
 4.3091E+25  2.9477E-05  7.0554E+03  7.4643E-05  1.5657E-04  7.1845E-06
 4.3184E+25  2.9771E-05  7.0552E+03  7.4643E-05  1.5521E-04  7.1845E-06
 4.3277E+25  2.9741E-05  7.0550E+03  7.4643E-05  1.5385E-04  7.1845E-06
 4.3369E+25  2.9739E-05  7.0549E+03  7.4643E-05  1.5249E-04  7.1845E-06
 4.3462E+25  3.0034E-05  7.0547E+03  7.4643E-05  1.5116E-04  7.1845E-06
 4.3554E+25  3.0330E-05  7.0546E+03  7.4643E-05  1.4985E-04  7.1845E-06
 4.3647E+25  3.0354E-05  7.0544E+03  7.4643E-05  1.4855E-04  7.1845E-06
 4.3739E+25  3.0296E-05  7.0543E+03  7.4643E-05  1.4730E-04  7.1845E-06
 4.3832E+25  3.0593E-05  7.0541E+03  7.4643E-05  1.4606E-04  7.1845E-06
 4.3925E+25  3.0892E-05  7.0540E+03  7.4643E-05  1.4482E-04  7.1845E-06
 4.4017E+25  3.0992E-05  7.0538E+03  7.4643E-05  1.4359E-04  7.1845E-06
 4.4110E+25  3.0856E-05  7.0537E+03  7.4643E-05  1.4236E-04  7.1845E-06
 4.4202E+25  3.1154E-05  7.0536E+03  7.4643E-05  1.4113E-04  7.1845E-06
 4.4295E+25  3.1457E-05  7.0534E+03  7.4643E-05  1.3992E-04  7.1845E-06
 4.4387E+25  3.1655E-05  7.0533E+03  7.4643E-05  1.3873E-04  7.1845E-06
 4.4480E+25  3.1419E-05  7.0532E+03  7.4643E-05  1.3756E-04  7.1845E-06
 4.4573E+25  3.1717E-05  7.0530E+03  7.4643E-05  1.3642E-04  7.1845E-06
 4.4665E+25  3.2024E-05  7.0529E+03  7.4643E-05  1.3530E-04  7.1845E-06
 4.4758E+25  3.2322E-05  7.0528E+03  7.4643E-05  1.3418E-04  7.1845E-06
 4.4850E+25  3.2007E-05  7.0526E+03  7.4643E-05  1.3306E-04  7.1845E-06
 4.4943E+25  3.2284E-05  7.0525E+03  7.4643E-05  1.3195E-04  7.1845E-06
 4.5035E+25  3.2593E-05  7.0524E+03  7.4643E-05  1.3084E-04  7.1845E-06
 4.5128E+25  3.2901E-05  7.0522E+03  7.4643E-05  1.2974E-04  7.1845E-06
 4.5221E+25  3.2713E-05  7.0521E+03  7.4643E-05  1.2866E-04  7.1845E-06
 4.5313E+25  3.2856E-05  7.0520E+03  7.4643E-05  1.2759E-04  7.1845E-06
 4.5406E+25  3.3164E-05  7.0519E+03  7.4643E-05  1.2654E-04  7.1845E-06
 4.5498E+25  3.3476E-05  7.0517E+03  7.4643E-05  1.2552E-04  7.1845E-06
 4.5591E+25  3.3455E-05  7.0516E+03  7.4643E-05  1.2452E-04  7.1845E-06
 4.5683E+25  3.3429E-05  7.0515E+03  7.4643E-05  1.2351E-04  7.1845E-06
 4.5776E+25  3.3737E-05  7.0514E+03  7.4643E-05  1.2250E-04  7.1845E-06
 4.5869E+25  3.4054E-05  7.0513E+03  7.4643E-05  1.2150E-04  7.1845E-06
 4.5961E+25  3.4229E-05  7.0511E+03  7.4643E-05  1.2050E-04  7.1845E-06
 4.6054E+25  3.4003E-05  7.0510E+03  7.4643E-05  1.1951E-04  7.1845E-06
 4.6146E+25  3.4316E-05  7.0509E+03  7.4643E-05  1.1854E-04  7.1845E-06
 4.6239E+25  3.4634E-05  7.0508E+03  7.4643E-05  1.1758E-04  7.1845E-06
 4.6331E+25  3.4950E-05  7.0507E+03  7.4643E-05  1.1663E-04  7.1845E-06
 4.6424E+25  3.4663E-05  7.0506E+03  7.4643E-05  1.1572E-04  7.1845E-06
 4.6517E+25  3.4898E-05  7.0505E+03  7.4643E-05  1.1481E-04  7.1845E-06
 4.6609E+25  3.5213E-05  7.0503E+03  7.4643E-05  1.1390E-04  7.1845E-06
 4.6702E+25  3.5538E-05  7.0502E+03  7.4643E-05  1.1299E-04  7.1845E-06
 4.6794E+25  3.5491E-05  7.0501E+03  7.4643E-05  1.1209E-04  7.1845E-06
 4.6887E+25  3.5480E-05  7.0500E+03  7.4643E-05  1.1119E-04  7.1845E-06
 4.6979E+25  3.5800E-05  7.0499E+03  7.4643E-05  1.1030E-04  7.1845E-06
 4.7072E+25  3.6126E-05  7.0498E+03  7.4643E-05  1.0942E-04  7.1845E-06
 4.7165E+25  3.6358E-05  7.0497E+03  7.4643E-05  1.0855E-04  7.1845E-06
 4.7257E+25  3.6063E-05  7.0496E+03  7.4643E-05  1.0769E-04  7.1845E-06
 4.7350E+25  3.6392E-05  7.0495E+03  7.4643E-05  1.0686E-04  7.1845E-06
 4.7442E+25  3.6713E-05  7.0494E+03  7.4643E-05  1.0605E-04  7.1845E-06
 4.7535E+25  3.7045E-05  7.0493E+03  7.4643E-05  1.0523E-04  7.1845E-06
 4.7627E+25  3.6863E-05  7.0492E+03  7.4643E-05  1.0441E-04  7.1845E-06
 4.7720E+25  3.6981E-05  7.0491E+03  7.4643E-05  1.0360E-04  7.1845E-06
 4.7813E+25  3.7309E-05  7.0490E+03  7.4643E-05  1.0279E-04  7.1845E-06
 4.7905E+25  3.7641E-05  7.0489E+03  7.4643E-05  1.0198E-04  7.1845E-06
 4.7998E+25  3.7796E-05  7.0488E+03  7.4643E-05  1.0118E-04  7.1845E-06
 4.8090E+25  3.7572E-05  7.0487E+03  7.4643E-05  1.0040E-04  7.1845E-06
 4.8183E+25  3.7909E-05  7.0486E+03  7.4643E-05  9.9617E-05  7.1845E-06
 4.8275E+25  3.8238E-05  7.0485E+03  7.4643E-05  9.8859E-05  7.1845E-06
 4.8368E+25  3.8577E-05  7.0484E+03  7.4643E-05  9.8121E-05  7.1845E-06
 4.8461E+25  3.8354E-05  7.0483E+03  7.4643E-05  9.7386E-05  7.1845E-06
 4.8553E+25  3.8506E-05  7.0482E+03  7.4643E-05  9.6649E-05  7.1845E-06
 4.8646E+25  3.8845E-05  7.0481E+03  7.4643E-05  9.5915E-05  7.1845E-06
 4.8738E+25  3.9179E-05  7.0480E+03  7.4643E-05  9.5184E-05  7.1845E-06
 4.8831E+25  3.9357E-05  7.0479E+03  7.4643E-05  9.4456E-05  7.1845E-06
 4.8923E+25  3.9105E-05  7.0478E+03  7.4643E-05  9.3731E-05  7.1845E-06
 4.9016E+25  3.9450E-05  7.0478E+03  7.4643E-05  9.3016E-05  7.1845E-06
 4.9109E+25  3.9790E-05  7.0477E+03  7.4643E-05  9.2310E-05  7.1845E-06
 4.9201E+25  4.0133E-05  7.0476E+03  7.4643E-05  9.1608E-05  7.1845E-06
 4.9294E+25  3.9975E-05  7.0475E+03  7.4643E-05  9.0934E-05  7.1845E-06
 4.9386E+25  4.0055E-05  7.0474E+03  7.4643E-05  9.0270E-05  7.1845E-06
 4.9479E+25  4.0405E-05  7.0473E+03  7.4643E-05  8.9609E-05  7.1845E-06
 4.9571E+25  4.0745E-05  7.0472E+03  7.4643E-05  8.8946E-05  7.1845E-06
 4.9664E+25  4.1047E-05  7.0471E+03  7.4643E-05  8.8285E-05  7.1845E-06
 4.9757E+25  4.0670E-05  7.0471E+03  7.4643E-05  8.7628E-05  7.1845E-06
 4.9849E+25  4.1016E-05  7.0470E+03  7.4643E-05  8.6973E-05  7.1845E-06
 4.9942E+25  4.1369E-05  7.0469E+03  7.4643E-05  8.6321E-05  7.1845E-06
 5.0034E+25  4.1713E-05  7.0468E+03  7.4643E-05  8.5678E-05  7.1845E-06
 5.0127E+25  4.1731E-05  7.0467E+03  7.4643E-05  8.5041E-05  7.1845E-06
 5.0219E+25  4.1634E-05  7.0467E+03  7.4643E-05  8.4409E-05  7.1845E-06
 5.0312E+25  4.1988E-05  7.0466E+03  7.4643E-05  8.3801E-05  7.1845E-06
 5.0405E+25  4.2344E-05  7.0465E+03  7.4643E-05  8.3205E-05  7.1845E-06
 5.0497E+25  4.2691E-05  7.0464E+03  7.4643E-05  8.2609E-05  7.1845E-06
 5.0590E+25  4.2445E-05  7.0463E+03  7.4643E-05  8.2013E-05  7.1845E-06
 5.0682E+25  4.2609E-05  7.0463E+03  7.4643E-05  8.1418E-05  7.1845E-06
 5.0775E+25  4.2970E-05  7.0462E+03  7.4643E-05  8.0827E-05  7.1845E-06
 5.0867E+25  4.3329E-05  7.0461E+03  7.4643E-05  8.0238E-05  7.1845E-06
 5.0960E+25  4.3624E-05  7.0460E+03  7.4643E-05  7.9649E-05  7.1845E-06
 5.1053E+25  4.3248E-05  7.0459E+03  7.4643E-05  7.9068E-05  7.1845E-06
 5.1145E+25  4.3597E-05  7.0459E+03  7.4643E-05  7.8494E-05  7.1845E-06
 5.1238E+25  4.3963E-05  7.0458E+03  7.4643E-05  7.7922E-05  7.1845E-06
 5.1330E+25  4.4325E-05  7.0457E+03  7.4643E-05  7.7366E-05  7.1845E-06
 5.1423E+25  4.4409E-05  7.0456E+03  7.4643E-05  7.6828E-05  7.1845E-06
 5.1515E+25  4.4243E-05  7.0456E+03  7.4643E-05  7.6293E-05  7.1845E-06
 5.1608E+25  4.4596E-05  7.0455E+03  7.4643E-05  7.5758E-05  7.1845E-06
 5.1701E+25  4.4968E-05  7.0454E+03  7.4643E-05  7.5223E-05  7.1845E-06
 5.1793E+25  4.5334E-05  7.0454E+03  7.4643E-05  7.4689E-05  7.1845E-06
 5.1886E+25  4.5227E-05  7.0453E+03  7.4643E-05  7.4157E-05  7.1845E-06
 5.1978E+25  4.5250E-05  7.0452E+03  7.4643E-05  7.3628E-05  7.1845E-06
 5.2071E+25  4.5608E-05  7.0452E+03  7.4643E-05  7.3101E-05  7.1845E-06
 5.2163E+25  4.5984E-05  7.0451E+03  7.4643E-05  7.2581E-05  7.1845E-06
 5.2256E+25  4.6354E-05  7.0450E+03  7.4643E-05  7.2066E-05  7.1845E-06
 5.2349E+25  4.6080E-05  7.0449E+03  7.4643E-05  7.1553E-05  7.1845E-06
 5.2441E+25  4.6269E-05  7.0449E+03  7.4643E-05  7.1061E-05  7.1845E-06
 5.2534E+25  4.6631E-05  7.0448E+03  7.4643E-05  7.0578E-05  7.1845E-06
 5.2626E+25  4.7011E-05  7.0447E+03  7.4643E-05  7.0097E-05  7.1845E-06
 5.2719E+25  4.7378E-05  7.0447E+03  7.4643E-05  6.9617E-05  7.1845E-06
 5.2811E+25  4.6977E-05  7.0446E+03  7.4643E-05  6.9135E-05  7.1845E-06
 5.2904E+25  4.7301E-05  7.0446E+03  7.4643E-05  6.8657E-05  7.1845E-06
 5.2997E+25  4.7667E-05  7.0445E+03  7.4643E-05  6.8180E-05  7.1845E-06
 5.3089E+25  4.8051E-05  7.0444E+03  7.4643E-05  6.7705E-05  7.1845E-06
 5.3182E+25  4.8361E-05  7.0443E+03  7.4643E-05  6.7231E-05  7.1845E-06
 5.3274E+25  4.7965E-05  7.0443E+03  7.4643E-05  6.6764E-05  7.1845E-06
 5.3367E+25  4.8346E-05  7.0442E+03  7.4643E-05  6.6299E-05  7.1845E-06
 5.3459E+25  4.8717E-05  7.0442E+03  7.4643E-05  6.5838E-05  7.1845E-06
 5.3552E+25  4.9103E-05  7.0441E+03  7.4643E-05  6.5396E-05  7.1845E-06
 5.3645E+25  4.9332E-05  7.0440E+03  7.4643E-05  6.4962E-05  7.1845E-06
 5.3737E+25  4.9017E-05  7.0440E+03  7.4643E-05  6.4530E-05  7.1845E-06
 5.3830E+25  4.9403E-05  7.0439E+03  7.4643E-05  6.4098E-05  7.1845E-06
 5.3922E+25  4.9780E-05  7.0439E+03  7.4643E-05  6.3667E-05  7.1845E-06
 5.4015E+25  5.0167E-05  7.0438E+03  7.4643E-05  6.3236E-05  7.1845E-06
 5.4107E+25  5.0342E-05  7.0437E+03  7.4643E-05  6.2807E-05  7.1845E-06
 5.4200E+25  5.0083E-05  7.0437E+03  7.4643E-05  6.2380E-05  7.1845E-06
 5.4292E+25  5.0473E-05  7.0436E+03  7.4643E-05  6.1954E-05  7.1845E-06
 5.4385E+25  5.0857E-05  7.0436E+03  7.4643E-05  6.1533E-05  7.1845E-06
 5.4478E+25  5.1244E-05  7.0435E+03  7.4643E-05  6.1115E-05  7.1845E-06
 5.4570E+25  5.1391E-05  7.0434E+03  7.4643E-05  6.0699E-05  7.1845E-06
 5.4663E+25  5.1166E-05  7.0434E+03  7.4643E-05  6.0294E-05  7.1845E-06
 5.4755E+25  5.1557E-05  7.0433E+03  7.4643E-05  5.9903E-05  7.1845E-06
 5.4848E+25  5.1948E-05  7.0433E+03  7.4643E-05  5.9515E-05  7.1845E-06
 5.4940E+25  5.2335E-05  7.0432E+03  7.4643E-05  5.9128E-05  7.1845E-06
 5.5033E+25  5.2482E-05  7.0431E+03  7.4643E-05  5.8740E-05  7.1845E-06
 5.5126E+25  5.2263E-05  7.0431E+03  7.4643E-05  5.8353E-05  7.1845E-06
 5.5218E+25  5.2654E-05  7.0430E+03  7.4643E-05  5.7967E-05  7.1845E-06
 5.5311E+25  5.3053E-05  7.0430E+03  7.4643E-05  5.7583E-05  7.1845E-06
 5.5403E+25  5.3442E-05  7.0429E+03  7.4643E-05  5.7199E-05  7.1845E-06
 5.5496E+25  5.3615E-05  7.0429E+03  7.4643E-05  5.6817E-05  7.1845E-06
 5.5588E+25  5.3376E-05  7.0428E+03  7.4643E-05  5.6441E-05  7.1845E-06
 5.5681E+25  5.3763E-05  7.0428E+03  7.4643E-05  5.6066E-05  7.1845E-06
 5.5774E+25  5.4171E-05  7.0427E+03  7.4643E-05  5.5693E-05  7.1845E-06
 5.5866E+25  5.4569E-05  7.0427E+03  7.4643E-05  5.5335E-05  7.1845E-06
 5.5959E+25  5.4789E-05  7.0426E+03  7.4643E-05  5.4985E-05  7.1845E-06
 5.6051E+25  5.4500E-05  7.0426E+03  7.4643E-05  5.4638E-05  7.1845E-06
 5.6144E+25  5.4894E-05  7.0425E+03  7.4643E-05  5.4290E-05  7.1845E-06
 5.6236E+25  5.5303E-05  7.0425E+03  7.4643E-05  5.3941E-05  7.1845E-06
 5.6329E+25  5.5709E-05  7.0424E+03  7.4643E-05  5.3594E-05  7.1845E-06
 5.6422E+25  5.6009E-05  7.0423E+03  7.4643E-05  5.3248E-05  7.1845E-06
 5.6514E+25  5.5638E-05  7.0423E+03  7.4643E-05  5.2903E-05  7.1845E-06
 5.6607E+25  5.6043E-05  7.0422E+03  7.4643E-05  5.2560E-05  7.1845E-06
 5.6699E+25  5.6448E-05  7.0422E+03  7.4643E-05  5.2217E-05  7.1845E-06
 5.6792E+25  5.6863E-05  7.0421E+03  7.4643E-05  5.1878E-05  7.1845E-06
 5.6884E+25  5.7249E-05  7.0421E+03  7.4643E-05  5.1542E-05  7.1845E-06
 5.6977E+25  5.6820E-05  7.0420E+03  7.4643E-05  5.1206E-05  7.1845E-06
 5.7070E+25  5.7208E-05  7.0420E+03  7.4643E-05  5.0884E-05  7.1845E-06
 5.7162E+25  5.7608E-05  7.0419E+03  7.4643E-05  5.0570E-05  7.1845E-06
 5.7255E+25  5.8032E-05  7.0419E+03  7.4643E-05  5.0258E-05  7.1845E-06
 5.7347E+25  5.8446E-05  7.0418E+03  7.4643E-05  4.9947E-05  7.1845E-06
 5.7440E+25  5.8111E-05  7.0418E+03  7.4643E-05  4.9634E-05  7.1845E-06
 5.7532E+25  5.8382E-05  7.0418E+03  7.4643E-05  4.9322E-05  7.1845E-06
 5.7625E+25  5.8796E-05  7.0417E+03  7.4643E-05  4.9012E-05  7.1845E-06
 5.7718E+25  5.9214E-05  7.0417E+03  7.4643E-05  4.8702E-05  7.1845E-06
 5.7810E+25  5.9640E-05  7.0416E+03  7.4643E-05  4.8393E-05  7.1845E-06
 5.7903E+25  5.9472E-05  7.0416E+03  7.4643E-05  4.8085E-05  7.1845E-06
 5.7995E+25  5.9572E-05  7.0415E+03  7.4643E-05  4.7780E-05  7.1845E-06
 5.8088E+25  6.0001E-05  7.0415E+03  7.4643E-05  4.7477E-05  7.1845E-06
 5.8180E+25  6.0412E-05  7.0414E+03  7.4643E-05  4.7175E-05  7.1845E-06
 5.8273E+25  6.0847E-05  7.0414E+03  7.4643E-05  4.6880E-05  7.1845E-06
 5.8366E+25  6.0888E-05  7.0413E+03  7.4643E-05  4.6597E-05  7.1845E-06
 5.8458E+25  6.0779E-05  7.0413E+03  7.4643E-05  4.6316E-05  7.1845E-06
 5.8551E+25  6.1213E-05  7.0412E+03  7.4643E-05  4.6037E-05  7.1845E-06
 5.8643E+25  6.1641E-05  7.0412E+03  7.4643E-05  4.5757E-05  7.1845E-06
 5.8736E+25  6.2067E-05  7.0411E+03  7.4643E-05  4.5477E-05  7.1845E-06
 5.8828E+25  6.2348E-05  7.0411E+03  7.4643E-05  4.5198E-05  7.1845E-06
 5.8921E+25  6.2015E-05  7.0411E+03  7.4643E-05  4.4920E-05  7.1845E-06
 5.9014E+25  6.2443E-05  7.0410E+03  7.4643E-05  4.4642E-05  7.1845E-06
 5.9106E+25  6.2884E-05  7.0410E+03  7.4643E-05  4.4366E-05  7.1845E-06
 5.9199E+25  6.3309E-05  7.0409E+03  7.4643E-05  4.4090E-05  7.1845E-06
 5.9291E+25  6.3746E-05  7.0409E+03  7.4643E-05  4.3817E-05  7.1845E-06
 5.9384E+25  6.3376E-05  7.0408E+03  7.4643E-05  4.3545E-05  7.1845E-06
 5.9476E+25  6.3696E-05  7.0408E+03  7.4643E-05  4.3273E-05  7.1845E-06
 5.9569E+25  6.4137E-05  7.0407E+03  7.4643E-05  4.3012E-05  7.1845E-06
 5.9662E+25  6.4583E-05  7.0407E+03  7.4643E-05  4.2759E-05  7.1845E-06
 5.9754E+25  6.5012E-05  7.0407E+03  7.4643E-05  4.2507E-05  7.1845E-06
 5.9847E+25  6.4930E-05  7.0406E+03  7.4643E-05  4.2257E-05  7.1845E-06
 5.9939E+25  6.4978E-05  7.0406E+03  7.4643E-05  4.2006E-05  7.1845E-06
 6.0032E+25  6.5411E-05  7.0405E+03  7.4643E-05  4.1755E-05  7.1845E-06
 6.0124E+25  6.5862E-05  7.0405E+03  7.4643E-05  4.1505E-05  7.1845E-06
 6.0217E+25  6.6306E-05  7.0404E+03  7.4643E-05  4.1256E-05  7.1845E-06
 6.0310E+25  6.6534E-05  7.0404E+03  7.4643E-05  4.1008E-05  7.1845E-06
 6.0402E+25  6.6275E-05  7.0404E+03  7.4643E-05  4.0759E-05  7.1845E-06
 6.0495E+25  6.6717E-05  7.0403E+03  7.4643E-05  4.0512E-05  7.1845E-06
 6.0587E+25  6.7159E-05  7.0403E+03  7.4643E-05  4.0267E-05  7.1845E-06
 6.0680E+25  6.7619E-05  7.0402E+03  7.4643E-05  4.0022E-05  7.1845E-06
 6.0772E+25  6.8058E-05  7.0402E+03  7.4643E-05  3.9779E-05  7.1845E-06
 6.0865E+25  6.7723E-05  7.0402E+03  7.4643E-05  3.9543E-05  7.1845E-06
 6.0958E+25  6.8040E-05  7.0401E+03  7.4643E-05  3.9315E-05  7.1845E-06
 6.1050E+25  6.8488E-05  7.0401E+03  7.4643E-05  3.9088E-05  7.1845E-06
 6.1143E+25  6.8942E-05  7.0400E+03  7.4643E-05  3.8865E-05  7.1845E-06
 6.1235E+25  6.9408E-05  7.0400E+03  7.4643E-05  3.8640E-05  7.1845E-06
 6.1328E+25  6.9424E-05  7.0400E+03  7.4643E-05  3.8415E-05  7.1845E-06
 6.1420E+25  6.9385E-05  7.0399E+03  7.4643E-05  3.8191E-05  7.1845E-06
 6.1513E+25  6.9841E-05  7.0399E+03  7.4643E-05  3.7967E-05  7.1845E-06
 6.1606E+25  7.0294E-05  7.0398E+03  7.4643E-05  3.7744E-05  7.1845E-06
 6.1698E+25  7.0757E-05  7.0398E+03  7.4643E-05  3.7522E-05  7.1845E-06
 6.1791E+25  7.1187E-05  7.0398E+03  7.4643E-05  3.7299E-05  7.1845E-06
 6.1883E+25  7.0757E-05  7.0397E+03  7.4643E-05  3.7079E-05  7.1845E-06
 6.1976E+25  7.1213E-05  7.0397E+03  7.4643E-05  3.6859E-05  7.1845E-06
 6.2068E+25  7.1676E-05  7.0396E+03  7.4643E-05  3.6640E-05  7.1845E-06
 6.2161E+25  7.2134E-05  7.0396E+03  7.4643E-05  3.6423E-05  7.1845E-06
 6.2254E+25  7.2605E-05  7.0396E+03  7.4643E-05  3.6216E-05  7.1845E-06
 6.2346E+25  7.2548E-05  7.0395E+03  7.4643E-05  3.6012E-05  7.1845E-06
 6.2439E+25  7.2601E-05  7.0395E+03  7.4643E-05  3.5810E-05  7.1845E-06
 6.2531E+25  7.3077E-05  7.0394E+03  7.4643E-05  3.5610E-05  7.1845E-06
 6.2624E+25  7.3546E-05  7.0394E+03  7.4643E-05  3.5409E-05  7.1845E-06
 6.2716E+25  7.4011E-05  7.0394E+03  7.4643E-05  3.5207E-05  7.1845E-06
 6.2809E+25  7.4416E-05  7.0393E+03  7.4643E-05  3.5007E-05  7.1845E-06
 6.2902E+25  7.4030E-05  7.0393E+03  7.4643E-05  3.4807E-05  7.1845E-06
 6.2994E+25  7.4495E-05  7.0393E+03  7.4643E-05  3.4607E-05  7.1845E-06
 6.3087E+25  7.4976E-05  7.0392E+03  7.4643E-05  3.4408E-05  7.1845E-06
 6.3179E+25  7.5453E-05  7.0392E+03  7.4643E-05  3.4208E-05  7.1845E-06
 6.3272E+25  7.5924E-05  7.0391E+03  7.4643E-05  3.4011E-05  7.1845E-06
 6.3364E+25  7.5885E-05  7.0391E+03  7.4643E-05  3.3814E-05  7.1845E-06
 6.3457E+25  7.5952E-05  7.0391E+03  7.4643E-05  3.3618E-05  7.1845E-06
 6.3550E+25  7.6426E-05  7.0390E+03  7.4643E-05  3.3423E-05  7.1845E-06
 6.3642E+25  7.6913E-05  7.0390E+03  7.4643E-05  3.3238E-05  7.1845E-06
 6.3735E+25  7.7396E-05  7.0390E+03  7.4643E-05  3.3055E-05  7.1845E-06
 6.3827E+25  7.7838E-05  7.0389E+03  7.4643E-05  3.2874E-05  7.1845E-06
 6.3920E+25  7.7453E-05  7.0389E+03  7.4643E-05  3.2695E-05  7.1845E-06
 6.4012E+25  7.7913E-05  7.0389E+03  7.4643E-05  3.2515E-05  7.1845E-06
 6.4105E+25  7.8394E-05  7.0388E+03  7.4643E-05  3.2335E-05  7.1845E-06
 6.4198E+25  7.8888E-05  7.0388E+03  7.4643E-05  3.2155E-05  7.1845E-06
 6.4290E+25  7.9379E-05  7.0387E+03  7.4643E-05  3.1976E-05  7.1845E-06
 6.4383E+25  7.9453E-05  7.0387E+03  7.4643E-05  3.1797E-05  7.1845E-06
 6.4475E+25  7.9424E-05  7.0387E+03  7.4643E-05  3.1618E-05  7.1845E-06
 6.4568E+25  7.9915E-05  7.0386E+03  7.4643E-05  3.1440E-05  7.1845E-06
 6.4660E+25  8.0402E-05  7.0386E+03  7.4643E-05  3.1262E-05  7.1845E-06
 6.4753E+25  8.0904E-05  7.0386E+03  7.4643E-05  3.1086E-05  7.1845E-06
 6.4846E+25  8.1394E-05  7.0385E+03  7.4643E-05  3.0910E-05  7.1845E-06
 6.4938E+25  8.1118E-05  7.0385E+03  7.4643E-05  3.0734E-05  7.1845E-06
 6.5031E+25  8.1459E-05  7.0385E+03  7.4643E-05  3.0565E-05  7.1845E-06
 6.5123E+25  8.1957E-05  7.0384E+03  7.4643E-05  3.0401E-05  7.1845E-06
 6.5216E+25  8.2449E-05  7.0384E+03  7.4643E-05  3.0237E-05  7.1845E-06
 6.5308E+25  8.2960E-05  7.0383E+03  7.4643E-05  3.0077E-05  7.1845E-06
 6.5401E+25  8.3264E-05  7.0383E+03  7.4643E-05  2.9916E-05  7.1845E-06
 6.5494E+25  8.3038E-05  7.0383E+03  7.4643E-05  2.9755E-05  7.1845E-06
 6.5586E+25  8.3535E-05  7.0383E+03  7.4643E-05  2.9594E-05  7.1845E-06
 6.5679E+25  8.4042E-05  7.0382E+03  7.4643E-05  2.9433E-05  7.1845E-06
 6.5771E+25  8.4538E-05  7.0382E+03  7.4643E-05  2.9273E-05  7.1845E-06
 6.5864E+25  8.5056E-05  7.0381E+03  7.4643E-05  2.9113E-05  7.1845E-06
 6.5956E+25  8.5050E-05  7.0381E+03  7.4643E-05  2.8953E-05  7.1845E-06
 6.6049E+25  8.5154E-05  7.0381E+03  7.4643E-05  2.8794E-05  7.1845E-06
 6.6142E+25  8.5654E-05  7.0380E+03  7.4643E-05  2.8635E-05  7.1845E-06
 6.6234E+25  8.6169E-05  7.0380E+03  7.4643E-05  2.8477E-05  7.1845E-06
 6.6327E+25  8.6670E-05  7.0380E+03  7.4643E-05  2.8319E-05  7.1845E-06
 6.6419E+25  8.7186E-05  7.0379E+03  7.4643E-05  2.8162E-05  7.1845E-06
 6.6512E+25  8.6916E-05  7.0379E+03  7.4643E-05  2.8012E-05  7.1845E-06
 6.6604E+25  8.7314E-05  7.0379E+03  7.4643E-05  2.7865E-05  7.1845E-06
 6.6697E+25  8.7820E-05  7.0378E+03  7.4643E-05  2.7719E-05  7.1845E-06
 6.6789E+25  8.8339E-05  7.0378E+03  7.4643E-05  2.7576E-05  7.1845E-06
 6.6882E+25  8.8848E-05  7.0378E+03  7.4643E-05  2.7432E-05  7.1845E-06
 6.6975E+25  8.9221E-05  7.0377E+03  7.4643E-05  2.7287E-05  7.1845E-06
 6.7067E+25  8.8994E-05  7.0377E+03  7.4643E-05  2.7143E-05  7.1845E-06
 6.7160E+25  8.9519E-05  7.0377E+03  7.4643E-05  2.7000E-05  7.1845E-06
 6.7252E+25  9.0031E-05  7.0376E+03  7.4643E-05  2.6856E-05  7.1845E-06
 6.7345E+25  9.0554E-05  7.0376E+03  7.4643E-05  2.6713E-05  7.1845E-06
 6.7437E+25  9.1073E-05  7.0375E+03  7.4643E-05  2.6570E-05  7.1845E-06
 6.7530E+25  9.1209E-05  7.0375E+03  7.4643E-05  2.6427E-05  7.1845E-06
 6.7623E+25  9.1239E-05  7.0375E+03  7.4643E-05  2.6285E-05  7.1845E-06
 6.7715E+25  9.1766E-05  7.0375E+03  7.4643E-05  2.6143E-05  7.1845E-06
 6.7808E+25  9.2291E-05  7.0374E+03  7.4643E-05  2.6002E-05  7.1845E-06
 6.7900E+25  9.2816E-05  7.0374E+03  7.4643E-05  2.5861E-05  7.1845E-06
 6.7993E+25  9.3345E-05  7.0373E+03  7.4643E-05  2.5724E-05  7.1845E-06
 6.8085E+25  9.3270E-05  7.0373E+03  7.4643E-05  2.5593E-05  7.1845E-06
 6.8178E+25  9.3532E-05  7.0373E+03  7.4643E-05  2.5462E-05  7.1845E-06
 6.8271E+25  9.4061E-05  7.0372E+03  7.4643E-05  2.5333E-05  7.1845E-06
 6.8363E+25  9.4600E-05  7.0372E+03  7.4643E-05  2.5205E-05  7.1845E-06
 6.8456E+25  9.5128E-05  7.0372E+03  7.4643E-05  2.5075E-05  7.1845E-06
 6.8548E+25  9.5653E-05  7.0371E+03  7.4643E-05  2.4947E-05  7.1845E-06
 6.8641E+25  9.5420E-05  7.0371E+03  7.4643E-05  2.4818E-05  7.1845E-06
 6.8733E+25  9.5871E-05  7.0371E+03  7.4643E-05  2.4690E-05  7.1845E-06
 6.8826E+25  9.6409E-05  7.0370E+03  7.4643E-05  2.4561E-05  7.1845E-06
 6.8919E+25  9.6957E-05  7.0370E+03  7.4643E-05  2.4434E-05  7.1845E-06
 6.9011E+25  9.7492E-05  7.0370E+03  7.4643E-05  2.4305E-05  7.1845E-06
 6.9104E+25  9.7947E-05  7.0369E+03  7.4643E-05  2.4178E-05  7.1845E-06
 6.9196E+25  9.7712E-05  7.0369E+03  7.4643E-05  2.4051E-05  7.1845E-06
 6.9289E+25  9.8259E-05  7.0369E+03  7.4643E-05  2.3924E-05  7.1845E-06
 6.9381E+25  9.8810E-05  7.0368E+03  7.4643E-05  2.3798E-05  7.1845E-06
 6.9474E+25  9.9359E-05  7.0368E+03  7.4643E-05  2.3672E-05  7.1845E-06
 6.9567E+25  9.9910E-05  7.0368E+03  7.4643E-05  2.3551E-05  7.1845E-06
 6.9659E+25  1.0022E-04  7.0368E+03  7.4643E-05  2.3434E-05  7.1845E-06
 6.9752E+25  1.0015E-04  7.0367E+03  7.4643E-05  2.3316E-05  7.1845E-06
 6.9844E+25  1.0070E-04  7.0367E+03  7.4643E-05  2.3202E-05  7.1845E-06
 6.9937E+25  1.0126E-04  7.0366E+03  7.4643E-05  2.3087E-05  7.1845E-06
 7.0029E+25  1.0181E-04  7.0366E+03  7.4643E-05  2.2972E-05  7.1845E-06
 7.0122E+25  1.0238E-04  7.0366E+03  7.4643E-05  2.2856E-05  7.1845E-06
 7.0215E+25  1.0258E-04  7.0366E+03  7.4643E-05  2.2741E-05  7.1845E-06
 7.0307E+25  1.0265E-04  7.0365E+03  7.4643E-05  2.2627E-05  7.1845E-06
 7.0400E+25  1.0320E-04  7.0365E+03  7.4643E-05  2.2512E-05  7.1845E-06
 7.0492E+25  1.0376E-04  7.0364E+03  7.4643E-05  2.2398E-05  7.1845E-06
 7.0585E+25  1.0433E-04  7.0364E+03  7.4643E-05  2.2283E-05  7.1845E-06
 7.0677E+25  1.0489E-04  7.0364E+03  7.4643E-05  2.2169E-05  7.1845E-06
 7.0770E+25  1.0501E-04  7.0363E+03  7.4643E-05  2.2055E-05  7.1845E-06
 7.0863E+25  1.0520E-04  7.0363E+03  7.4643E-05  2.1942E-05  7.1845E-06
 7.0955E+25  1.0576E-04  7.0363E+03  7.4643E-05  2.1828E-05  7.1845E-06
 7.1048E+25  1.0632E-04  7.0362E+03  7.4643E-05  2.1715E-05  7.1845E-06
 7.1140E+25  1.0689E-04  7.0362E+03  7.4643E-05  2.1607E-05  7.1845E-06
 7.1233E+25  1.0746E-04  7.0361E+03  7.4643E-05  2.1501E-05  7.1845E-06
 7.1325E+25  1.0753E-04  7.0361E+03  7.4643E-05  2.1396E-05  7.1845E-06
 7.1418E+25  1.0781E-04  7.0361E+03  7.4643E-05  2.1293E-05  7.1845E-06
 7.1511E+25  1.0837E-04  7.0361E+03  7.4643E-05  2.1191E-05  7.1845E-06
 7.1603E+25  1.0894E-04  7.0360E+03  7.4643E-05  2.1088E-05  7.1845E-06
 7.1696E+25  1.0951E-04  7.0360E+03  7.4643E-05  2.0985E-05  7.1845E-06
 7.1788E+25  1.1009E-04  7.0359E+03  7.4643E-05  2.0882E-05  7.1845E-06
 7.1881E+25  1.1011E-04  7.0359E+03  7.4643E-05  2.0779E-05  7.1845E-06
 7.1973E+25  1.1048E-04  7.0359E+03  7.4643E-05  2.0677E-05  7.1845E-06
 7.2066E+25  1.1104E-04  7.0358E+03  7.4643E-05  2.0575E-05  7.1845E-06
 7.2159E+25  1.1162E-04  7.0358E+03  7.4643E-05  2.0472E-05  7.1845E-06
 7.2251E+25  1.1219E-04  7.0358E+03  7.4643E-05  2.0370E-05  7.1845E-06
 7.2344E+25  1.1277E-04  7.0357E+03  7.4643E-05  2.0268E-05  7.1845E-06
 7.2436E+25  1.1278E-04  7.0357E+03  7.4643E-05  2.0166E-05  7.1845E-06
 7.2529E+25  1.1320E-04  7.0357E+03  7.4643E-05  2.0065E-05  7.1845E-06
 7.2621E+25  1.1378E-04  7.0356E+03  7.4643E-05  1.9964E-05  7.1845E-06
 7.2714E+25  1.1436E-04  7.0356E+03  7.4643E-05  1.9863E-05  7.1845E-06
 7.2807E+25  1.1494E-04  7.0356E+03  7.4643E-05  1.9768E-05  7.1845E-06
 7.2899E+25  1.1552E-04  7.0355E+03  7.4643E-05  1.9673E-05  7.1845E-06
 7.2992E+25  1.1553E-04  7.0355E+03  7.4643E-05  1.9579E-05  7.1845E-06
 7.3084E+25  1.1599E-04  7.0355E+03  7.4643E-05  1.9488E-05  7.1845E-06
 7.3177E+25  1.1658E-04  7.0354E+03  7.4643E-05  1.9397E-05  7.1845E-06
 7.3269E+25  1.1716E-04  7.0354E+03  7.4643E-05  1.9304E-05  7.1845E-06
 7.3362E+25  1.1774E-04  7.0353E+03  7.4643E-05  1.9212E-05  7.1845E-06
 7.3455E+25  1.1832E-04  7.0353E+03  7.4643E-05  1.9121E-05  7.1845E-06
 7.3547E+25  1.1835E-04  7.0353E+03  7.4643E-05  1.9029E-05  7.1845E-06
 7.3640E+25  1.1883E-04  7.0352E+03  7.4643E-05  1.8937E-05  7.1845E-06
 7.3732E+25  1.1944E-04  7.0352E+03  7.4643E-05  1.8846E-05  7.1845E-06
 7.3825E+25  1.2003E-04  7.0352E+03  7.4643E-05  1.8755E-05  7.1845E-06
 7.3917E+25  1.2062E-04  7.0351E+03  7.4643E-05  1.8663E-05  7.1845E-06
 7.4010E+25  1.2120E-04  7.0351E+03  7.4643E-05  1.8572E-05  7.1845E-06
 7.4103E+25  1.2126E-04  7.0351E+03  7.4643E-05  1.8481E-05  7.1845E-06
 7.4195E+25  1.2174E-04  7.0350E+03  7.4643E-05  1.8390E-05  7.1845E-06
 7.4288E+25  1.2235E-04  7.0350E+03  7.4643E-05  1.8299E-05  7.1845E-06
 7.4380E+25  1.2296E-04  7.0349E+03  7.4643E-05  1.8209E-05  7.1845E-06
 7.4473E+25  1.2356E-04  7.0349E+03  7.4643E-05  1.8123E-05  7.1845E-06
 7.4565E+25  1.2415E-04  7.0349E+03  7.4643E-05  1.8039E-05  7.1845E-06
 7.4658E+25  1.2424E-04  7.0349E+03  7.4643E-05  1.7954E-05  7.1845E-06
 7.4751E+25  1.2472E-04  7.0348E+03  7.4643E-05  1.7872E-05  7.1845E-06
 7.4843E+25  1.2533E-04  7.0348E+03  7.4643E-05  1.7791E-05  7.1845E-06
 7.4936E+25  1.2595E-04  7.0347E+03  7.4643E-05  1.7709E-05  7.1845E-06
 7.5028E+25  1.2656E-04  7.0347E+03  7.4643E-05  1.7627E-05  7.1845E-06
 7.5121E+25  1.2716E-04  7.0347E+03  7.4643E-05  1.7545E-05  7.1845E-06
 7.5213E+25  1.2730E-04  7.0347E+03  7.4643E-05  1.7463E-05  7.1845E-06
 7.5306E+25  1.2776E-04  7.0346E+03  7.4643E-05  1.7381E-05  7.1845E-06
 7.5399E+25  1.2838E-04  7.0345E+03  7.4643E-05  1.7299E-05  7.1845E-06
 7.5491E+25  1.2900E-04  7.0345E+03  7.4643E-05  1.7218E-05  7.1845E-06
 7.5584E+25  1.2963E-04  7.0344E+03  7.4643E-05  1.7136E-05  7.1845E-06
 7.5676E+25  1.3024E-04  7.0344E+03  7.4643E-05  1.7054E-05  7.1845E-06
 7.5769E+25  1.3045E-04  7.0344E+03  7.4643E-05  1.6973E-05  7.1845E-06
 7.5861E+25  1.3088E-04  7.0344E+03  7.4643E-05  1.6892E-05  7.1845E-06
 7.5954E+25  1.3150E-04  7.0343E+03  7.4643E-05  1.6811E-05  7.1845E-06
 7.6047E+25  1.3212E-04  7.0343E+03  7.4643E-05  1.6730E-05  7.1845E-06
 7.6139E+25  1.3275E-04  7.0342E+03  7.4643E-05  1.6650E-05  7.1845E-06
 7.6232E+25  1.3339E-04  7.0342E+03  7.4643E-05  1.6574E-05  7.1845E-06
 7.6324E+25  1.3368E-04  7.0342E+03  7.4643E-05  1.6498E-05  7.1845E-06
 7.6417E+25  1.3408E-04  7.0341E+03  7.4643E-05  1.6423E-05  7.1845E-06
 7.6509E+25  1.3469E-04  7.0341E+03  7.4643E-05  1.6350E-05  7.1845E-06
 7.6602E+25  1.3532E-04  7.0340E+03  7.4643E-05  1.6277E-05  7.1845E-06
 7.6695E+25  1.3595E-04  7.0340E+03  7.4643E-05  1.6204E-05  7.1845E-06
 7.6787E+25  1.3659E-04  7.0340E+03  7.4643E-05  1.6131E-05  7.1845E-06
 7.6880E+25  1.3698E-04  7.0339E+03  7.4643E-05  1.6058E-05  7.1845E-06
 7.6972E+25  1.3735E-04  7.0339E+03  7.4643E-05  1.5984E-05  7.1845E-06
 7.7065E+25  1.3797E-04  7.0339E+03  7.4643E-05  1.5911E-05  7.1845E-06
 7.7157E+25  1.3859E-04  7.0338E+03  7.4643E-05  1.5838E-05  7.1845E-06
 7.7250E+25  1.3922E-04  7.0338E+03  7.4643E-05  1.5766E-05  7.1845E-06
 7.7343E+25  1.3986E-04  7.0337E+03  7.4643E-05  1.5693E-05  7.1845E-06
 7.7435E+25  1.4033E-04  7.0337E+03  7.4643E-05  1.5620E-05  7.1845E-06
 7.7528E+25  1.4069E-04  7.0337E+03  7.4643E-05  1.5547E-05  7.1845E-06
 7.7620E+25  1.4132E-04  7.0336E+03  7.4643E-05  1.5474E-05  7.1845E-06
 7.7713E+25  1.4194E-04  7.0336E+03  7.4643E-05  1.5402E-05  7.1845E-06
 7.7805E+25  1.4257E-04  7.0335E+03  7.4643E-05  1.5329E-05  7.1845E-06
 7.7898E+25  1.4321E-04  7.0335E+03  7.4643E-05  1.5258E-05  7.1845E-06
 7.7991E+25  1.4375E-04  7.0335E+03  7.4643E-05  1.5189E-05  7.1845E-06
 7.8083E+25  1.4409E-04  7.0334E+03  7.4643E-05  1.5121E-05  7.1845E-06
 7.8176E+25  1.4474E-04  7.0334E+03  7.4643E-05  1.5054E-05  7.1845E-06
 7.8268E+25  1.4537E-04  7.0333E+03  7.4643E-05  1.4989E-05  7.1845E-06
 7.8361E+25  1.4600E-04  7.0333E+03  7.4643E-05  1.4924E-05  7.1845E-06
 7.8453E+25  1.4664E-04  7.0332E+03  7.4643E-05  1.4858E-05  7.1845E-06
 7.8546E+25  1.4725E-04  7.0332E+03  7.4643E-05  1.4793E-05  7.1845E-06
 7.8638E+25  1.4756E-04  7.0332E+03  7.4643E-05  1.4728E-05  7.1845E-06
 7.8731E+25  1.4822E-04  7.0331E+03  7.4643E-05  1.4662E-05  7.1845E-06
 7.8824E+25  1.4887E-04  7.0331E+03  7.4643E-05  1.4597E-05  7.1845E-06
 7.8916E+25  1.4951E-04  7.0330E+03  7.4643E-05  1.4532E-05  7.1845E-06
 7.9009E+25  1.5015E-04  7.0330E+03  7.4643E-05  1.4467E-05  7.1845E-06
 7.9101E+25  1.5078E-04  7.0330E+03  7.4643E-05  1.4402E-05  7.1845E-06
 7.9194E+25  1.5115E-04  7.0329E+03  7.4643E-05  1.4337E-05  7.1845E-06
 7.9286E+25  1.5176E-04  7.0329E+03  7.4643E-05  1.4272E-05  7.1845E-06
 7.9379E+25  1.5244E-04  7.0328E+03  7.4643E-05  1.4207E-05  7.1845E-06
 7.9472E+25  1.5309E-04  7.0328E+03  7.4643E-05  1.4142E-05  7.1845E-06
 7.9564E+25  1.5374E-04  7.0327E+03  7.4643E-05  1.4077E-05  7.1845E-06
 7.9657E+25  1.5438E-04  7.0327E+03  7.4643E-05  1.4013E-05  7.1845E-06
 7.9749E+25  1.5483E-04  7.0327E+03  7.4643E-05  1.3949E-05  7.1845E-06
 7.9842E+25  1.5540E-04  7.0326E+03  7.4643E-05  1.3888E-05  7.1845E-06
 7.9934E+25  1.5606E-04  7.0326E+03  7.4643E-05  1.3828E-05  7.1845E-06
 8.0027E+25  1.5674E-04  7.0325E+03  7.4643E-05  1.3768E-05  7.1845E-06
 8.0120E+25  1.5740E-04  7.0324E+03  7.4643E-05  1.3710E-05  7.1845E-06
 8.0212E+25  1.5805E-04  7.0324E+03  7.4643E-05  1.3652E-05  7.1845E-06
 8.0305E+25  1.5859E-04  7.0324E+03  7.4643E-05  1.3593E-05  7.1845E-06
 8.0397E+25  1.5912E-04  7.0324E+03  7.4643E-05  1.3535E-05  7.1845E-06
 8.0490E+25  1.5978E-04  7.0323E+03  7.4643E-05  1.3477E-05  7.1845E-06
 8.0582E+25  1.6044E-04  7.0322E+03  7.4643E-05  1.3418E-05  7.1845E-06
 8.0675E+25  1.6113E-04  7.0322E+03  7.4643E-05  1.3360E-05  7.1845E-06
 8.0768E+25  1.6179E-04  7.0321E+03  7.4643E-05  1.3302E-05  7.1845E-06
 8.0860E+25  1.6241E-04  7.0321E+03  7.4643E-05  1.3244E-05  7.1845E-06
 8.0953E+25  1.6293E-04  7.0321E+03  7.4643E-05  1.3186E-05  7.1845E-06
 8.1045E+25  1.6358E-04  7.0320E+03  7.4643E-05  1.3128E-05  7.1845E-06
 8.1138E+25  1.6424E-04  7.0320E+03  7.4643E-05  1.3070E-05  7.1845E-06
 8.1230E+25  1.6491E-04  7.0319E+03  7.4643E-05  1.3012E-05  7.1845E-06
 8.1323E+25  1.6560E-04  7.0319E+03  7.4643E-05  1.2954E-05  7.1845E-06
 8.1416E+25  1.6627E-04  7.0318E+03  7.4643E-05  1.2896E-05  7.1845E-06
 8.1508E+25  1.6682E-04  7.0318E+03  7.4643E-05  1.2838E-05  7.1845E-06
 8.1601E+25  1.6747E-04  7.0318E+03  7.4643E-05  1.2781E-05  7.1845E-06
 8.1693E+25  1.6812E-04  7.0317E+03  7.4643E-05  1.2726E-05  7.1845E-06
 8.1786E+25  1.6879E-04  7.0316E+03  7.4643E-05  1.2672E-05  7.1845E-06
 8.1878E+25  1.6946E-04  7.0316E+03  7.4643E-05  1.2618E-05  7.1845E-06
 8.1971E+25  1.7015E-04  7.0315E+03  7.4643E-05  1.2566E-05  7.1845E-06
 8.2064E+25  1.7079E-04  7.0315E+03  7.4643E-05  1.2514E-05  7.1845E-06
 8.2156E+25  1.7143E-04  7.0315E+03  7.4643E-05  1.2462E-05  7.1845E-06
 8.2249E+25  1.7210E-04  7.0314E+03  7.4643E-05  1.2410E-05  7.1845E-06
 8.2341E+25  1.7276E-04  7.0313E+03  7.4643E-05  1.2358E-05  7.1845E-06
 8.2434E+25  1.7342E-04  7.0313E+03  7.4643E-05  1.2306E-05  7.1845E-06
 8.2526E+25  1.7409E-04  7.0312E+03  7.4643E-05  1.2254E-05  7.1845E-06
 8.2619E+25  1.7479E-04  7.0312E+03  7.4643E-05  1.2203E-05  7.1845E-06
 8.2712E+25  1.7548E-04  7.0312E+03  7.4643E-05  1.2151E-05  7.1845E-06
 8.2804E+25  1.7614E-04  7.0311E+03  7.4643E-05  1.2099E-05  7.1845E-06
 8.2897E+25  1.7681E-04  7.0310E+03  7.4643E-05  1.2047E-05  7.1845E-06
 8.2989E+25  1.7748E-04  7.0310E+03  7.4643E-05  1.1995E-05  7.1845E-06
 8.3082E+25  1.7814E-04  7.0309E+03  7.4643E-05  1.1943E-05  7.1845E-06
 8.3174E+25  1.7882E-04  7.0309E+03  7.4643E-05  1.1892E-05  7.1845E-06
 8.3267E+25  1.7956E-04  7.0309E+03  7.4643E-05  1.1840E-05  7.1845E-06
 8.3360E+25  1.8026E-04  7.0308E+03  7.4643E-05  1.1788E-05  7.1845E-06
 8.3452E+25  1.8093E-04  7.0307E+03  7.4643E-05  1.1737E-05  7.1845E-06
 8.3545E+25  1.8160E-04  7.0307E+03  7.4643E-05  1.1686E-05  7.1845E-06
 8.3637E+25  1.8228E-04  7.0306E+03  7.4643E-05  1.1637E-05  7.1845E-06
 8.3730E+25  1.8294E-04  7.0306E+03  7.4643E-05  1.1588E-05  7.1845E-06
 8.3822E+25  1.8369E-04  7.0306E+03  7.4643E-05  1.1540E-05  7.1845E-06
 8.3915E+25  1.8443E-04  7.0305E+03  7.4643E-05  1.1494E-05  7.1845E-06
 8.4008E+25  1.8513E-04  7.0304E+03  7.4643E-05  1.1448E-05  7.1845E-06
 8.4100E+25  1.8581E-04  7.0304E+03  7.4643E-05  1.1402E-05  7.1845E-06
 8.4193E+25  1.8647E-04  7.0303E+03  7.4643E-05  1.1355E-05  7.1845E-06
 8.4285E+25  1.8715E-04  7.0303E+03  7.4643E-05  1.1309E-05  7.1845E-06
 8.4378E+25  1.8788E-04  7.0302E+03  7.4643E-05  1.1263E-05  7.1845E-06
 8.4470E+25  1.8867E-04  7.0302E+03  7.4643E-05  1.1216E-05  7.1845E-06
 8.4563E+25  1.8936E-04  7.0301E+03  7.4643E-05  1.1170E-05  7.1845E-06
 8.4656E+25  1.9007E-04  7.0301E+03  7.4643E-05  1.1124E-05  7.1845E-06
 8.4748E+25  1.9076E-04  7.0300E+03  7.4643E-05  1.1078E-05  7.1845E-06
 8.4841E+25  1.9142E-04  7.0299E+03  7.4643E-05  1.1032E-05  7.1845E-06
 8.4933E+25  1.9212E-04  7.0299E+03  7.4643E-05  1.0985E-05  7.1845E-06
 8.5026E+25  1.9301E-04  7.0299E+03  7.4643E-05  1.0939E-05  7.1845E-06
 8.5118E+25  1.9369E-04  7.0298E+03  7.4643E-05  1.0893E-05  7.1845E-06
 8.5211E+25  1.9438E-04  7.0297E+03  7.4643E-05  1.0847E-05  7.1845E-06
 8.5304E+25  1.9508E-04  7.0297E+03  7.4643E-05  1.0800E-05  7.1845E-06
 8.5396E+25  1.9578E-04  7.0296E+03  7.4643E-05  1.0754E-05  7.1845E-06
 8.5489E+25  1.9645E-04  7.0296E+03  7.4643E-05  1.0708E-05  7.1845E-06
 8.5581E+25  1.9730E-04  7.0295E+03  7.4643E-05  1.0664E-05  7.1845E-06
 8.5674E+25  1.9813E-04  7.0295E+03  7.4643E-05  1.0621E-05  7.1845E-06
 8.5766E+25  1.9879E-04  7.0294E+03  7.4643E-05  1.0577E-05  7.1845E-06
 8.5859E+25  1.9946E-04  7.0293E+03  7.4643E-05  1.0535E-05  7.1845E-06
 8.5952E+25  2.0017E-04  7.0293E+03  7.4643E-05  1.0494E-05  7.1845E-06
 8.6044E+25  2.0087E-04  7.0292E+03  7.4643E-05  1.0453E-05  7.1845E-06
 8.6137E+25  2.0160E-04  7.0292E+03  7.4643E-05  1.0412E-05  7.1845E-06
 8.6229E+25  2.0260E-04  7.0291E+03  7.4643E-05  1.0370E-05  7.1845E-06
 8.6322E+25  2.0330E-04  7.0291E+03  7.4643E-05  1.0329E-05  7.1845E-06
 8.6414E+25  2.0397E-04  7.0290E+03  7.4643E-05  1.0288E-05  7.1845E-06
 8.6507E+25  2.0462E-04  7.0289E+03  7.4643E-05  1.0247E-05  7.1845E-06
 8.6600E+25  2.0532E-04  7.0289E+03  7.4643E-05  1.0206E-05  7.1845E-06
 8.6692E+25  2.0603E-04  7.0288E+03  7.4643E-05  1.0164E-05  7.1845E-06
 8.6785E+25  2.0701E-04  7.0288E+03  7.4643E-05  1.0123E-05  7.1845E-06
 8.6877E+25  2.0784E-04  7.0287E+03  7.4643E-05  1.0082E-05  7.1845E-06
 8.6970E+25  2.0853E-04  7.0286E+03  7.4643E-05  1.0041E-05  7.1845E-06
 8.7062E+25  2.0920E-04  7.0286E+03  7.4643E-05  9.9994E-06  7.1845E-06
 8.7155E+25  2.0986E-04  7.0285E+03  7.4643E-05  9.9582E-06  7.1845E-06
 8.7248E+25  2.1053E-04  7.0285E+03  7.4643E-05  9.9170E-06  7.1845E-06
 8.7340E+25  2.1133E-04  7.0284E+03  7.4643E-05  9.8757E-06  7.1845E-06
 8.7433E+25  2.1247E-04  7.0284E+03  7.4643E-05  9.8345E-06  7.1845E-06
 8.7525E+25  2.1314E-04  7.0283E+03  7.4643E-05  9.7936E-06  7.1845E-06
 8.7618E+25  2.1381E-04  7.0282E+03  7.4643E-05  9.7541E-06  7.1845E-06
 8.7710E+25  2.1450E-04  7.0282E+03  7.4643E-05  9.7153E-06  7.1845E-06
 8.7803E+25  2.1517E-04  7.0281E+03  7.4643E-05  9.6765E-06  7.1845E-06
 8.7896E+25  2.1583E-04  7.0280E+03  7.4643E-05  9.6383E-06  7.1845E-06
 8.7988E+25  2.1689E-04  7.0280E+03  7.4643E-05  9.6019E-06  7.1845E-06
 8.8081E+25  2.1781E-04  7.0279E+03  7.4643E-05  9.5655E-06  7.1845E-06
 8.8173E+25  2.1850E-04  7.0279E+03  7.4643E-05  9.5288E-06  7.1845E-06
 8.8266E+25  2.1915E-04  7.0278E+03  7.4643E-05  9.4919E-06  7.1845E-06
 8.8358E+25  2.1984E-04  7.0277E+03  7.4643E-05  9.4551E-06  7.1845E-06
 8.8451E+25  2.2052E-04  7.0277E+03  7.4643E-05  9.4183E-06  7.1845E-06
 8.8544E+25  2.2127E-04  7.0276E+03  7.4643E-05  9.3817E-06  7.1845E-06
 8.8636E+25  2.2249E-04  7.0276E+03  7.4643E-05  9.3449E-06  7.1845E-06
 8.8729E+25  2.2320E-04  7.0275E+03  7.4643E-05  9.3083E-06  7.1845E-06
 8.8821E+25  2.2390E-04  7.0274E+03  7.4643E-05  9.2717E-06  7.1845E-06
 8.8914E+25  2.2456E-04  7.0273E+03  7.4643E-05  9.2349E-06  7.1845E-06
 8.9006E+25  2.2524E-04  7.0273E+03  7.4643E-05  9.1981E-06  7.1845E-06
 8.9099E+25  2.2593E-04  7.0272E+03  7.4643E-05  9.1612E-06  7.1845E-06
 8.9192E+25  2.2697E-04  7.0272E+03  7.4643E-05  9.1245E-06  7.1845E-06
 8.9284E+25  2.2797E-04  7.0271E+03  7.4643E-05  9.0877E-06  7.1845E-06
 8.9377E+25  2.2864E-04  7.0270E+03  7.4643E-05  9.0509E-06  7.1845E-06
 8.9469E+25  2.2934E-04  7.0270E+03  7.4643E-05  9.0142E-06  7.1845E-06
 8.9562E+25  2.3002E-04  7.0269E+03  7.4643E-05  8.9775E-06  7.1845E-06
 8.9654E+25  2.3067E-04  7.0268E+03  7.4643E-05  8.9412E-06  7.1845E-06
 8.9747E+25  2.3141E-04  7.0268E+03  7.4643E-05  8.9063E-06  7.1845E-06
 8.9840E+25  2.3272E-04  7.0267E+03  7.4643E-05  8.8716E-06  7.1845E-06
 8.9932E+25  2.3349E-04  7.0267E+03  7.4643E-05  8.8370E-06  7.1845E-06
 9.0025E+25  2.3414E-04  7.0266E+03  7.4643E-05  8.8034E-06  7.1845E-06
 9.0117E+25  2.3481E-04  7.0265E+03  7.4643E-05  8.7711E-06  7.1845E-06
 9.0210E+25  2.3550E-04  7.0264E+03  7.4643E-05  8.7386E-06  7.1845E-06
 9.0302E+25  2.3617E-04  7.0264E+03  7.4643E-05  8.7058E-06  7.1845E-06
 9.0395E+25  2.3708E-04  7.0263E+03  7.4643E-05  8.6731E-06  7.1845E-06
 9.0487E+25  2.3837E-04  7.0263E+03  7.4643E-05  8.6402E-06  7.1845E-06
 9.0580E+25  2.3903E-04  7.0262E+03  7.4643E-05  8.6076E-06  7.1845E-06
 9.0673E+25  2.3968E-04  7.0261E+03  7.4643E-05  8.5748E-06  7.1845E-06
 9.0765E+25  2.4033E-04  7.0260E+03  7.4643E-05  8.5422E-06  7.1845E-06
 9.0858E+25  2.4101E-04  7.0260E+03  7.4643E-05  8.5095E-06  7.1845E-06
 9.0950E+25  2.4171E-04  7.0259E+03  7.4643E-05  8.4769E-06  7.1845E-06
 9.1043E+25  2.4290E-04  7.0258E+03  7.4643E-05  8.4441E-06  7.1845E-06
 9.1135E+25  2.4394E-04  7.0258E+03  7.4643E-05  8.4113E-06  7.1845E-06
 9.1228E+25  2.4460E-04  7.0257E+03  7.4643E-05  8.3785E-06  7.1845E-06
 9.1321E+25  2.4525E-04  7.0256E+03  7.4643E-05  8.3457E-06  7.1845E-06
 9.1413E+25  2.4590E-04  7.0256E+03  7.4643E-05  8.3129E-06  7.1845E-06
 9.1506E+25  2.4655E-04  7.0255E+03  7.4643E-05  8.2801E-06  7.1845E-06
 9.1598E+25  2.4729E-04  7.0254E+03  7.4643E-05  8.2474E-06  7.1845E-06
 9.1691E+25  2.4873E-04  7.0254E+03  7.4643E-05  8.2147E-06  7.1845E-06
 9.1783E+25  2.4952E-04  7.0253E+03  7.4643E-05  8.1820E-06  7.1845E-06
 9.1876E+25  2.5019E-04  7.0252E+03  7.4643E-05  8.1506E-06  7.1845E-06
 9.1969E+25  2.5083E-04  7.0251E+03  7.4643E-05  8.1196E-06  7.1845E-06
 9.2061E+25  2.5148E-04  7.0251E+03  7.4643E-05  8.0887E-06  7.1845E-06
 9.2154E+25  2.5213E-04  7.0250E+03  7.4643E-05  8.0581E-06  7.1845E-06
 9.2246E+25  2.5296E-04  7.0249E+03  7.4643E-05  8.0290E-06  7.1845E-06
 9.2339E+25  2.5447E-04  7.0249E+03  7.4643E-05  8.0002E-06  7.1845E-06
 9.2431E+25  2.5514E-04  7.0248E+03  7.4643E-05  7.9712E-06  7.1845E-06
 9.2524E+25  2.5578E-04  7.0247E+03  7.4643E-05  7.9420E-06  7.1845E-06
