 4.6285E+22  3.2673E-11  1.1693E+04  7.4643E-05  1.0000E+00  7.1845E-06
 1.3886E+23  2.2865E-10  1.1696E+04  7.4643E-05  1.0000E+00  7.1845E-06
 2.3143E+23  6.2016E-10  1.1709E+04  7.4643E-05  1.0000E+00  7.1845E-06
 3.2400E+23  1.2057E-09  1.1736E+04  7.4643E-05  1.0000E+00  7.1845E-06
 4.1657E+23  1.9818E-09  1.1784E+04  7.4643E-05  1.0000E+00  7.1845E-06
 5.0914E+23  2.9425E-09  1.1863E+04  7.4643E-05  1.0000E+00  7.1845E-06
 6.0171E+23  4.0752E-09  1.1984E+04  7.4643E-05  1.0000E+00  7.1845E-06
 6.9428E+23  5.3677E-09  1.2160E+04  7.4643E-05  1.0000E+00  7.1845E-06
 7.8685E+23  6.7872E-09  1.2417E+04  7.4643E-05  1.0000E+00  7.1845E-06
 8.7942E+23  8.3039E-09  1.2775E+04  7.4643E-05  1.0000E+00  7.1845E-06
 9.7199E+23  9.9000E-09  1.3208E+04  7.4643E-05  1.0000E+00  7.1845E-06
 1.0646E+24  1.1596E-08  1.3644E+04  7.4643E-05  1.0000E+00  7.1845E-06
 1.1571E+24  1.3469E-08  1.3961E+04  7.4643E-05  1.0000E+00  7.1845E-06
 1.2497E+24  1.5578E-08  1.4132E+04  7.4643E-05  1.0000E+00  7.1845E-06
 1.3423E+24  1.7873E-08  1.4226E+04  7.4643E-05  1.0000E+00  7.1845E-06
 1.4348E+24  2.0321E-08  1.4327E+04  7.4643E-05  9.9999E-01  7.1845E-06
 1.5274E+24  2.2910E-08  1.4426E+04  7.4643E-05  9.9999E-01  7.1845E-06
 1.6200E+24  2.5650E-08  1.4520E+04  7.4643E-05  9.9999E-01  7.1845E-06
 1.7126E+24  2.8527E-08  1.4610E+04  7.4643E-05  9.9999E-01  7.1845E-06
 1.8051E+24  3.1573E-08  1.4692E+04  7.4643E-05  9.9999E-01  7.1845E-06
 1.8977E+24  3.4745E-08  1.4771E+04  7.4643E-05  9.9999E-01  7.1845E-06
 1.9903E+24  3.8086E-08  1.4848E+04  7.4643E-05  9.9999E-01  7.1845E-06
 2.0828E+24  4.1545E-08  1.4922E+04  7.4643E-05  9.9999E-01  7.1845E-06
 2.1754E+24  4.5157E-08  1.4995E+04  7.4643E-05  9.9999E-01  7.1845E-06
 2.2680E+24  4.8911E-08  1.5065E+04  7.4643E-05  9.9999E-01  7.1845E-06
 2.3605E+24  5.2822E-08  1.5133E+04  7.4643E-05  9.9999E-01  7.1845E-06
 2.4531E+24  5.6862E-08  1.5196E+04  7.4643E-05  9.9999E-01  7.1845E-06
 2.5457E+24  6.1038E-08  1.5261E+04  7.4643E-05  9.9998E-01  7.1845E-06
 2.6383E+24  6.5387E-08  1.5324E+04  7.4643E-05  9.9998E-01  7.1845E-06
 2.7308E+24  6.9826E-08  1.5383E+04  7.4643E-05  9.9998E-01  7.1845E-06
 2.8234E+24  7.4436E-08  1.5443E+04  7.4643E-05  9.9998E-01  7.1845E-06
 2.9160E+24  7.9153E-08  1.5500E+04  7.4643E-05  9.9998E-01  7.1845E-06
 3.0085E+24  8.4093E-08  1.5555E+04  7.4643E-05  9.9998E-01  7.1845E-06
 3.1011E+24  8.9121E-08  1.5611E+04  7.4643E-05  9.9998E-01  7.1845E-06
 3.1937E+24  9.4261E-08  1.5664E+04  7.4643E-05  9.9998E-01  7.1845E-06
 3.2862E+24  9.9533E-08  1.5716E+04  7.4643E-05  9.9997E-01  7.1845E-06
 3.3788E+24  1.0493E-07  1.5766E+04  7.4643E-05  9.9997E-01  7.1845E-06
 3.4714E+24  1.1049E-07  1.5816E+04  7.4643E-05  9.9997E-01  7.1845E-06
 3.5640E+24  1.1624E-07  1.5865E+04  7.4643E-05  9.9997E-01  7.1845E-06
 3.6565E+24  1.2221E-07  1.5911E+04  7.4643E-05  9.9997E-01  7.1845E-06
 3.7491E+24  1.2799E-07  1.5958E+04  7.4643E-05  9.9997E-01  7.1845E-06
 3.8417E+24  1.3423E-07  1.6004E+04  7.4643E-05  9.9997E-01  7.1845E-06
 3.9342E+24  1.4043E-07  1.6047E+04  7.4643E-05  9.9996E-01  7.1845E-06
 4.0268E+24  1.4693E-07  1.6092E+04  7.4643E-05  9.9996E-01  7.1845E-06
 4.1194E+24  1.5325E-07  1.6134E+04  7.4643E-05  9.9996E-01  7.1845E-06
 4.2120E+24  1.6012E-07  1.6176E+04  7.4643E-05  9.9996E-01  7.1845E-06
 4.3045E+24  1.6692E-07  1.6216E+04  7.4643E-05  9.9996E-01  7.1845E-06
 4.3971E+24  1.7362E-07  1.6257E+04  7.4643E-05  9.9996E-01  7.1845E-06
 4.4897E+24  1.8077E-07  1.6296E+04  7.4643E-05  9.9995E-01  7.1845E-06
 4.5822E+24  1.8803E-07  1.6335E+04  7.4643E-05  9.9995E-01  7.1845E-06
 4.6748E+24  1.9538E-07  1.6373E+04  7.4643E-05  9.9995E-01  7.1845E-06
 4.7674E+24  2.0285E-07  1.6410E+04  7.4643E-05  9.9995E-01  7.1845E-06
 4.8599E+24  2.1042E-07  1.6447E+04  7.4643E-05  9.9995E-01  7.1845E-06
 4.9525E+24  2.1814E-07  1.6483E+04  7.4643E-05  9.9994E-01  7.1845E-06
 5.0451E+24  2.2599E-07  1.6518E+04  7.4643E-05  9.9994E-01  7.1845E-06
 5.1377E+24  2.3399E-07  1.6552E+04  7.4643E-05  9.9994E-01  7.1845E-06
 5.2302E+24  2.4217E-07  1.6587E+04  7.4643E-05  9.9994E-01  7.1845E-06
 5.3228E+24  2.5053E-07  1.6620E+04  7.4643E-05  9.9994E-01  7.1845E-06
 5.4154E+24  2.5909E-07  1.6654E+04  7.4643E-05  9.9993E-01  7.1845E-06
 5.5079E+24  2.6715E-07  1.6686E+04  7.4643E-05  9.9993E-01  7.1845E-06
 5.6005E+24  2.7581E-07  1.6718E+04  7.4643E-05  9.9993E-01  7.1845E-06
 5.6931E+24  2.8491E-07  1.6750E+04  7.4643E-05  9.9993E-01  7.1845E-06
 5.7856E+24  2.9411E-07  1.6781E+04  7.4643E-05  9.9992E-01  7.1845E-06
 5.8782E+24  3.0231E-07  1.6811E+04  7.4643E-05  9.9992E-01  7.1845E-06
 5.9708E+24  3.1209E-07  1.6842E+04  7.4643E-05  9.9992E-01  7.1845E-06
 6.0634E+24  3.2151E-07  1.6871E+04  7.4643E-05  9.9992E-01  7.1845E-06
 6.1559E+24  3.3040E-07  1.6900E+04  7.4643E-05  9.9991E-01  7.1845E-06
 6.2485E+24  3.4102E-07  1.6928E+04  7.4643E-05  9.9991E-01  7.1845E-06
 6.3411E+24  3.4937E-07  1.6957E+04  7.4643E-05  9.9991E-01  7.1845E-06
 6.4336E+24  3.6048E-07  1.6985E+04  7.4643E-05  9.9991E-01  7.1845E-06
 6.5262E+24  3.6929E-07  1.7012E+04  7.4643E-05  9.9990E-01  7.1845E-06
 6.6188E+24  3.8069E-07  1.7039E+04  7.4643E-05  9.9990E-01  7.1845E-06
 6.7113E+24  3.8948E-07  1.7066E+04  7.4643E-05  9.9990E-01  7.1845E-06
 6.8039E+24  4.0127E-07  1.7092E+04  7.4643E-05  9.9990E-01  7.1845E-06
 6.8965E+24  4.1048E-07  1.7119E+04  7.4643E-05  9.9989E-01  7.1845E-06
 6.9891E+24  4.2183E-07  1.7144E+04  7.4643E-05  9.9989E-01  7.1845E-06
 7.0816E+24  4.3284E-07  1.7170E+04  7.4643E-05  9.9989E-01  7.1845E-06
 7.1742E+24  4.4272E-07  1.7195E+04  7.4643E-05  9.9989E-01  7.1845E-06
 7.2668E+24  4.5482E-07  1.7220E+04  7.4643E-05  9.9988E-01  7.1845E-06
 7.3593E+24  4.6561E-07  1.7244E+04  7.4643E-05  9.9988E-01  7.1845E-06
 7.4519E+24  4.7618E-07  1.7269E+04  7.4643E-05  9.9988E-01  7.1845E-06
 7.5445E+24  4.8847E-07  1.7292E+04  7.4643E-05  9.9987E-01  7.1845E-06
 7.6371E+24  5.0052E-07  1.7316E+04  7.4643E-05  9.9987E-01  7.1845E-06
 7.7296E+24  5.1043E-07  1.7340E+04  7.4643E-05  9.9987E-01  7.1845E-06
 7.8222E+24  5.2290E-07  1.7363E+04  7.4643E-05  9.9986E-01  7.1845E-06
 7.9148E+24  5.3547E-07  1.7386E+04  7.4643E-05  9.9986E-01  7.1845E-06
 8.0073E+24  5.4812E-07  1.7408E+04  7.4643E-05  9.9986E-01  7.1845E-06
 8.0999E+24  5.5836E-07  1.7431E+04  7.4643E-05  9.9986E-01  7.1845E-06
 8.1925E+24  5.7106E-07  1.7453E+04  7.4643E-05  9.9985E-01  7.1845E-06
 8.2850E+24  5.8393E-07  1.7475E+04  7.4643E-05  9.9985E-01  7.1845E-06
 8.3776E+24  5.9687E-07  1.7496E+04  7.4643E-05  9.9985E-01  7.1845E-06
 8.4702E+24  6.0990E-07  1.7518E+04  7.4643E-05  9.9984E-01  7.1845E-06
 8.5628E+24  6.2259E-07  1.7539E+04  7.4643E-05  9.9984E-01  7.1845E-06
 8.6553E+24  6.3424E-07  1.7560E+04  7.4643E-05  9.9984E-01  7.1845E-06
 8.7479E+24  6.4751E-07  1.7581E+04  7.4643E-05  9.9983E-01  7.1845E-06
 8.8405E+24  6.6091E-07  1.7601E+04  7.4643E-05  9.9983E-01  7.1845E-06
 8.9330E+24  6.7440E-07  1.7622E+04  7.4643E-05  9.9982E-01  7.1845E-06
 9.0256E+24  6.8796E-07  1.7642E+04  7.4643E-05  9.9982E-01  7.1845E-06
 9.1182E+24  7.0162E-07  1.7662E+04  7.4643E-05  9.9982E-01  7.1845E-06
 9.2107E+24  7.1538E-07  1.7682E+04  7.4643E-05  9.9981E-01  7.1845E-06
 9.3033E+24  7.2923E-07  1.7701E+04  7.4643E-05  9.9981E-01  7.1845E-06
 9.3959E+24  7.4318E-07  1.7720E+04  7.4643E-05  9.9981E-01  7.1845E-06
 9.4885E+24  7.5724E-07  1.7740E+04  7.4643E-05  9.9980E-01  7.1845E-06
 9.5810E+24  7.7140E-07  1.7759E+04  7.4643E-05  9.9980E-01  7.1845E-06
 9.6736E+24  7.8567E-07  1.7778E+04  7.4643E-05  9.9980E-01  7.1845E-06
 9.7662E+24  8.0006E-07  1.7796E+04  7.4643E-05  9.9979E-01  7.1845E-06
 9.8587E+24  8.1457E-07  1.7815E+04  7.4643E-05  9.9979E-01  7.1845E-06
 9.9513E+24  8.2921E-07  1.7833E+04  7.4643E-05  9.9978E-01  7.1845E-06
 1.0044E+25  8.4398E-07  1.7851E+04  7.4643E-05  9.9978E-01  7.1845E-06
 1.0136E+25  8.5889E-07  1.7869E+04  7.4643E-05  9.9978E-01  7.1845E-06
 1.0229E+25  8.7395E-07  1.7887E+04  7.4643E-05  9.9977E-01  7.1845E-06
 1.0322E+25  8.8917E-07  1.7905E+04  7.4643E-05  9.9977E-01  7.1845E-06
 1.0414E+25  9.0455E-07  1.7922E+04  7.4643E-05  9.9976E-01  7.1845E-06
 1.0507E+25  9.2010E-07  1.7940E+04  7.4643E-05  9.9976E-01  7.1845E-06
 1.0599E+25  9.3582E-07  1.7957E+04  7.4643E-05  9.9975E-01  7.1845E-06
 1.0692E+25  9.5175E-07  1.7974E+04  7.4643E-05  9.9974E-01  7.1845E-06
 1.0784E+25  9.6787E-07  1.7991E+04  7.4643E-05  9.9973E-01  7.1845E-06
 1.0877E+25  9.8420E-07  1.8008E+04  7.4643E-05  9.9970E-01  7.1845E-06
 1.0970E+25  1.0007E-06  1.8024E+04  7.4643E-05  9.9966E-01  7.1845E-06
 1.1062E+25  1.0146E-06  1.8041E+04  7.4643E-05  9.9959E-01  7.1845E-06
 1.1155E+25  1.0305E-06  1.8057E+04  7.4643E-05  9.9945E-01  7.1845E-06
 1.1247E+25  1.0474E-06  1.8072E+04  7.4643E-05  9.9922E-01  7.1845E-06
 1.1340E+25  1.0646E-06  1.8086E+04  7.4643E-05  9.9880E-01  7.1845E-06
 1.1432E+25  1.0820E-06  1.8099E+04  7.4643E-05  9.9807E-01  7.1845E-06
 1.1525E+25  1.0998E-06  1.8110E+04  7.4643E-05  9.9680E-01  7.1845E-06
 1.1618E+25  1.1179E-06  1.8117E+04  7.4643E-05  9.9461E-01  7.1845E-06
 1.1710E+25  1.1324E-06  1.8117E+04  7.4643E-05  9.9089E-01  7.1845E-06
 1.1803E+25  1.1493E-06  1.8106E+04  7.4643E-05  9.8464E-01  7.1845E-06
 1.1895E+25  1.1689E-06  1.8078E+04  7.4643E-05  9.7435E-01  7.1845E-06
 1.1988E+25  1.1895E-06  1.8023E+04  7.4643E-05  9.5778E-01  7.1845E-06
 1.2080E+25  1.2117E-06  1.7926E+04  7.4643E-05  9.3189E-01  7.1845E-06
 1.2173E+25  1.2353E-06  1.7768E+04  7.4643E-05  8.9316E-01  7.1845E-06
 1.2266E+25  1.2562E-06  1.7529E+04  7.4643E-05  8.3844E-01  7.1845E-06
 1.2358E+25  1.2879E-06  1.7192E+04  7.4643E-05  7.6676E-01  7.1845E-06
 1.2451E+25  1.3253E-06  1.6750E+04  7.4643E-05  6.8109E-01  7.1845E-06
 1.2543E+25  1.3689E-06  1.6217E+04  7.4643E-05  5.8854E-01  7.1845E-06
 1.2636E+25  1.4187E-06  1.5625E+04  7.4643E-05  4.9804E-01  7.1845E-06
 1.2728E+25  1.4698E-06  1.5012E+04  7.4643E-05  4.1680E-01  7.1845E-06
 1.2821E+25  1.5259E-06  1.4412E+04  7.4643E-05  3.4837E-01  7.1845E-06
 1.2914E+25  1.5875E-06  1.3848E+04  7.4643E-05  2.9294E-01  7.1845E-06
 1.3006E+25  1.6501E-06  1.3331E+04  7.4643E-05  2.4886E-01  7.1845E-06
 1.3099E+25  1.7131E-06  1.2864E+04  7.4643E-05  2.1388E-01  7.1845E-06
 1.3191E+25  1.7757E-06  1.2446E+04  7.4643E-05  1.8596E-01  7.1845E-06
 1.3284E+25  1.8377E-06  1.2071E+04  7.4643E-05  1.6339E-01  7.1845E-06
 1.3376E+25  1.8989E-06  1.1735E+04  7.4643E-05  1.4492E-01  7.1845E-06
 1.3469E+25  1.9593E-06  1.1433E+04  7.4643E-05  1.2959E-01  7.1845E-06
 1.3562E+25  2.0186E-06  1.1162E+04  7.4643E-05  1.1672E-01  7.1845E-06
 1.3654E+25  2.0739E-06  1.0916E+04  7.4643E-05  1.0578E-01  7.1845E-06
 1.3747E+25  2.1315E-06  1.0693E+04  7.4643E-05  9.6387E-02  7.1845E-06
 1.3839E+25  2.1888E-06  1.0490E+04  7.4643E-05  8.8255E-02  7.1845E-06
 1.3932E+25  2.2454E-06  1.0304E+04  7.4643E-05  8.1155E-02  7.1845E-06
 1.4024E+25  2.3015E-06  1.0134E+04  7.4643E-05  7.4912E-02  7.1845E-06
 1.4117E+25  2.3570E-06  9.9779E+03  7.4643E-05  6.9387E-02  7.1845E-06
 1.4210E+25  2.4122E-06  9.8335E+03  7.4643E-05  6.4469E-02  7.1845E-06
 1.4302E+25  2.4669E-06  9.7001E+03  7.4643E-05  6.0068E-02  7.1845E-06
 1.4395E+25  2.5214E-06  9.5763E+03  7.4643E-05  5.6111E-02  7.1845E-06
 1.4487E+25  2.5757E-06  9.4612E+03  7.4643E-05  5.2538E-02  7.1845E-06
 1.4580E+25  2.6297E-06  9.3541E+03  7.4643E-05  4.9299E-02  7.1845E-06
 1.4672E+25  2.6836E-06  9.2541E+03  7.4643E-05  4.6353E-02  7.1845E-06
 1.4765E+25  2.7366E-06  9.1606E+03  7.4643E-05  4.3663E-02  7.1845E-06
 1.4858E+25  2.7833E-06  9.0729E+03  7.4643E-05  4.1200E-02  7.1845E-06
 1.4950E+25  2.8360E-06  8.9907E+03  7.4643E-05  3.8938E-02  7.1845E-06
 1.5043E+25  2.8891E-06  8.9134E+03  7.4643E-05  3.6855E-02  7.1845E-06
 1.5135E+25  2.9423E-06  8.8406E+03  7.4643E-05  3.4932E-02  7.1845E-06
 1.5228E+25  2.9957E-06  8.7720E+03  7.4643E-05  3.3154E-02  7.1845E-06
 1.5320E+25  3.0491E-06  8.7072E+03  7.4643E-05  3.1504E-02  7.1845E-06
 1.5413E+25  3.1028E-06  8.6460E+03  7.4643E-05  2.9972E-02  7.1845E-06
 1.5506E+25  3.1567E-06  8.5880E+03  7.4643E-05  2.8547E-02  7.1845E-06
 1.5598E+25  3.1978E-06  8.5331E+03  7.4643E-05  2.7217E-02  7.1845E-06
 1.5691E+25  3.2505E-06  8.4810E+03  7.4643E-05  2.5974E-02  7.1845E-06
 1.5783E+25  3.3045E-06  8.4316E+03  7.4643E-05  2.4812E-02  7.1845E-06
 1.5876E+25  3.3590E-06  8.3846E+03  7.4643E-05  2.3723E-02  7.1845E-06
 1.5968E+25  3.4141E-06  8.3398E+03  7.4643E-05  2.2701E-02  7.1845E-06
 1.6061E+25  3.4696E-06  8.2972E+03  7.4643E-05  2.1741E-02  7.1845E-06
 1.6154E+25  3.5063E-06  8.2567E+03  7.4643E-05  2.0837E-02  7.1845E-06
 1.6246E+25  3.5606E-06  8.2179E+03  7.4643E-05  1.9986E-02  7.1845E-06
 1.6339E+25  3.6168E-06  8.1810E+03  7.4643E-05  1.9184E-02  7.1845E-06
 1.6431E+25  3.6738E-06  8.1457E+03  7.4643E-05  1.8426E-02  7.1845E-06
 1.6524E+25  3.7313E-06  8.1119E+03  7.4643E-05  1.7710E-02  7.1845E-06
 1.6616E+25  3.7644E-06  8.0796E+03  7.4643E-05  1.7032E-02  7.1845E-06
 1.6709E+25  3.8210E-06  8.0487E+03  7.4643E-05  1.6390E-02  7.1845E-06
 1.6802E+25  3.8798E-06  8.0191E+03  7.4643E-05  1.5781E-02  7.1845E-06
 1.6894E+25  3.9397E-06  7.9907E+03  7.4643E-05  1.5204E-02  7.1845E-06
 1.6987E+25  3.9809E-06  7.9634E+03  7.4643E-05  1.4656E-02  7.1845E-06
 1.7079E+25  4.0282E-06  7.9373E+03  7.4643E-05  1.4135E-02  7.1845E-06
 1.7172E+25  4.0895E-06  7.9121E+03  7.4643E-05  1.3639E-02  7.1845E-06
 1.7264E+25  4.1521E-06  7.8880E+03  7.4643E-05  1.3167E-02  7.1845E-06
 1.7357E+25  4.1905E-06  7.8648E+03  7.4643E-05  1.2717E-02  7.1845E-06
 1.7450E+25  4.2403E-06  7.8425E+03  7.4643E-05  1.2288E-02  7.1845E-06
 1.7542E+25  4.3047E-06  7.8210E+03  7.4643E-05  1.1879E-02  7.1845E-06
 1.7635E+25  4.3692E-06  7.8004E+03  7.4643E-05  1.1489E-02  7.1845E-06
 1.7727E+25  4.3936E-06  7.7805E+03  7.4643E-05  1.1116E-02  7.1845E-06
 1.7820E+25  4.4594E-06  7.7613E+03  7.4643E-05  1.0759E-02  7.1845E-06
 1.7912E+25  4.5276E-06  7.7428E+03  7.4643E-05  1.0418E-02  7.1845E-06
 1.8005E+25  4.5665E-06  7.7249E+03  7.4643E-05  1.0092E-02  7.1845E-06
 1.8097E+25  4.6160E-06  7.7077E+03  7.4643E-05  9.7790E-03  7.1845E-06
 1.8190E+25  4.6871E-06  7.6911E+03  7.4643E-05  9.4798E-03  7.1845E-06
 1.8283E+25  4.7380E-06  7.6750E+03  7.4643E-05  9.1925E-03  7.1845E-06
 1.8375E+25  4.7762E-06  7.6595E+03  7.4643E-05  8.9170E-03  7.1845E-06
 1.8468E+25  4.8502E-06  7.6445E+03  7.4643E-05  8.6530E-03  7.1845E-06
 1.8560E+25  4.9056E-06  7.6300E+03  7.4643E-05  8.3989E-03  7.1845E-06
 1.8653E+25  4.9398E-06  7.6160E+03  7.4643E-05  8.1556E-03  7.1845E-06
 1.8745E+25  5.0175E-06  7.6025E+03  7.4643E-05  7.9210E-03  7.1845E-06
 1.8838E+25  5.0702E-06  7.5893E+03  7.4643E-05  7.6960E-03  7.1845E-06
 1.8931E+25  5.1078E-06  7.5766E+03  7.4643E-05  7.4793E-03  7.1845E-06
 1.9023E+25  5.1893E-06  7.5643E+03  7.4643E-05  7.2708E-03  7.1845E-06
 1.9116E+25  5.2306E-06  7.5524E+03  7.4643E-05  7.0703E-03  7.1845E-06
 1.9208E+25  5.2816E-06  7.5409E+03  7.4643E-05  6.8768E-03  7.1845E-06
 1.9301E+25  5.3669E-06  7.5297E+03  7.4643E-05  6.6908E-03  7.1845E-06
 1.9393E+25  5.3868E-06  7.5188E+03  7.4643E-05  6.5111E-03  7.1845E-06
 1.9486E+25  5.4612E-06  7.5083E+03  7.4643E-05  6.3384E-03  7.1845E-06
 1.9579E+25  5.5350E-06  7.4981E+03  7.4643E-05  6.1712E-03  7.1845E-06
 1.9671E+25  5.5550E-06  7.4882E+03  7.4643E-05  6.0104E-03  7.1845E-06
 1.9764E+25  5.6477E-06  7.4785E+03  7.4643E-05  5.8546E-03  7.1845E-06
 1.9856E+25  5.6855E-06  7.4692E+03  7.4643E-05  5.7047E-03  7.1845E-06
 1.9949E+25  5.7441E-06  7.4601E+03  7.4643E-05  5.5596E-03  7.1845E-06
 2.0041E+25  5.8320E-06  7.4513E+03  7.4643E-05  5.4196E-03  7.1845E-06
 2.0134E+25  5.8414E-06  7.4428E+03  7.4643E-05  5.2842E-03  7.1845E-06
 2.0227E+25  5.9415E-06  7.4344E+03  7.4643E-05  5.1531E-03  7.1845E-06
 2.0319E+25  5.9758E-06  7.4264E+03  7.4643E-05  5.0267E-03  7.1845E-06
 2.0412E+25  6.0418E-06  7.4185E+03  7.4643E-05  4.9039E-03  7.1845E-06
 2.0504E+25  6.1198E-06  7.4109E+03  7.4643E-05  4.7857E-03  7.1845E-06
 2.0597E+25  6.1429E-06  7.4034E+03  7.4643E-05  4.6706E-03  7.1845E-06
 2.0689E+25  6.2521E-06  7.3962E+03  7.4643E-05  4.5599E-03  7.1845E-06
 2.0782E+25  6.2564E-06  7.3891E+03  7.4643E-05  4.4520E-03  7.1845E-06
 2.0875E+25  6.3573E-06  7.3823E+03  7.4643E-05  4.3478E-03  7.1845E-06
 2.0967E+25  6.3981E-06  7.3756E+03  7.4643E-05  4.2469E-03  7.1845E-06
 2.1060E+25  6.4636E-06  7.3691E+03  7.4643E-05  4.1486E-03  7.1845E-06
 2.1152E+25  6.5393E-06  7.3627E+03  7.4643E-05  4.0541E-03  7.1845E-06
 2.1245E+25  6.5709E-06  7.3566E+03  7.4643E-05  3.9617E-03  7.1845E-06
 2.1337E+25  6.6799E-06  7.3506E+03  7.4643E-05  3.8725E-03  7.1845E-06
 2.1430E+25  6.6802E-06  7.3447E+03  7.4643E-05  3.7859E-03  7.1845E-06
 2.1523E+25  6.8070E-06  7.3390E+03  7.4643E-05  3.7015E-03  7.1845E-06
 2.1615E+25  6.8039E-06  7.3334E+03  7.4643E-05  3.6202E-03  7.1845E-06
 2.1708E+25  6.9212E-06  7.3280E+03  7.4643E-05  3.5407E-03  7.1845E-06
 2.1800E+25  6.9414E-06  7.3227E+03  7.4643E-05  3.4637E-03  7.1845E-06
 2.1893E+25  7.0379E-06  7.3175E+03  7.4643E-05  3.3891E-03  7.1845E-06
 2.1985E+25  7.0780E-06  7.3125E+03  7.4643E-05  3.3161E-03  7.1845E-06
 2.2078E+25  7.1564E-06  7.3076E+03  7.4643E-05  3.2457E-03  7.1845E-06
 2.2171E+25  7.2139E-06  7.3028E+03  7.4643E-05  3.1771E-03  7.1845E-06
 2.2263E+25  7.2771E-06  7.2981E+03  7.4643E-05  3.1100E-03  7.1845E-06
 2.2356E+25  7.3489E-06  7.2935E+03  7.4643E-05  3.0455E-03  7.1845E-06
 2.2448E+25  7.4004E-06  7.2890E+03  7.4643E-05  2.9823E-03  7.1845E-06
 2.2541E+25  7.4833E-06  7.2847E+03  7.4643E-05  2.9206E-03  7.1845E-06
 2.2633E+25  7.5262E-06  7.2804E+03  7.4643E-05  2.8612E-03  7.1845E-06
 2.2726E+25  7.6166E-06  7.2762E+03  7.4643E-05  2.8029E-03  7.1845E-06
 2.2819E+25  7.6549E-06  7.2722E+03  7.4643E-05  2.7461E-03  7.1845E-06
 2.2911E+25  7.7488E-06  7.2682E+03  7.4643E-05  2.6913E-03  7.1845E-06
 2.3004E+25  7.7866E-06  7.2643E+03  7.4643E-05  2.6375E-03  7.1845E-06
 2.3096E+25  7.8800E-06  7.2605E+03  7.4643E-05  2.5851E-03  7.1845E-06
 2.3189E+25  7.9214E-06  7.2568E+03  7.4643E-05  2.5345E-03  7.1845E-06
 2.3281E+25  8.0100E-06  7.2532E+03  7.4643E-05  2.4848E-03  7.1845E-06
 2.3374E+25  8.0596E-06  7.2496E+03  7.4643E-05  2.4362E-03  7.1845E-06
 2.3467E+25  8.1390E-06  7.2462E+03  7.4643E-05  2.3894E-03  7.1845E-06
 2.3559E+25  8.2012E-06  7.2428E+03  7.4643E-05  2.3435E-03  7.1845E-06
 2.3652E+25  8.2669E-06  7.2394E+03  7.4643E-05  2.2985E-03  7.1845E-06
 2.3744E+25  8.3467E-06  7.2362E+03  7.4643E-05  2.2551E-03  7.1845E-06
 2.3837E+25  8.3936E-06  7.2330E+03  7.4643E-05  2.2126E-03  7.1845E-06
 2.3929E+25  8.4961E-06  7.2299E+03  7.4643E-05  2.1708E-03  7.1845E-06
 2.4022E+25  8.5190E-06  7.2269E+03  7.4643E-05  2.1304E-03  7.1845E-06
 2.4115E+25  8.6497E-06  7.2239E+03  7.4643E-05  2.0911E-03  7.1845E-06
 2.4207E+25  8.6433E-06  7.2210E+03  7.4643E-05  2.0523E-03  7.1845E-06
 2.4300E+25  8.8076E-06  7.2181E+03  7.4643E-05  2.0146E-03  7.1845E-06
 2.4392E+25  8.7662E-06  7.2153E+03  7.4643E-05  1.9782E-03  7.1845E-06
 2.4485E+25  8.9375E-06  7.2126E+03  7.4643E-05  1.9423E-03  7.1845E-06
 2.4577E+25  8.9204E-06  7.2099E+03  7.4643E-05  1.9070E-03  7.1845E-06
 2.4670E+25  9.0596E-06  7.2073E+03  7.4643E-05  1.8730E-03  7.1845E-06
 2.4763E+25  9.0859E-06  7.2047E+03  7.4643E-05  1.8398E-03  7.1845E-06
 2.4855E+25  9.1802E-06  7.2021E+03  7.4643E-05  1.8069E-03  7.1845E-06
 2.4948E+25  9.2565E-06  7.1997E+03  7.4643E-05  1.7750E-03  7.1845E-06
 2.5040E+25  9.2996E-06  7.1973E+03  7.4643E-05  1.7441E-03  7.1845E-06
 2.5133E+25  9.4324E-06  7.1949E+03  7.4643E-05  1.7137E-03  7.1845E-06
 2.5225E+25  9.4175E-06  7.1925E+03  7.4643E-05  1.6837E-03  7.1845E-06
 2.5318E+25  9.5941E-06  7.1903E+03  7.4643E-05  1.6548E-03  7.1845E-06
 2.5411E+25  9.5537E-06  7.1880E+03  7.4643E-05  1.6265E-03  7.1845E-06
 2.5503E+25  9.7114E-06  7.1858E+03  7.4643E-05  1.5987E-03  7.1845E-06
 2.5596E+25  9.7389E-06  7.1837E+03  7.4643E-05  1.5713E-03  7.1845E-06
 2.5688E+25  9.8270E-06  7.1816E+03  7.4643E-05  1.5449E-03  7.1845E-06
 2.5781E+25  9.9302E-06  7.1795E+03  7.4643E-05  1.5191E-03  7.1845E-06
 2.5873E+25  9.9405E-06  7.1775E+03  7.4643E-05  1.4935E-03  7.1845E-06
 2.5966E+25  1.0119E-05  7.1755E+03  7.4643E-05  1.4685E-03  7.1845E-06
 2.6059E+25  1.0061E-05  7.1735E+03  7.4643E-05  1.4444E-03  7.1845E-06
 2.6151E+25  1.0234E-05  7.1716E+03  7.4643E-05  1.4207E-03  7.1845E-06
 2.6244E+25  1.0262E-05  7.1697E+03  7.4643E-05  1.3973E-03  7.1845E-06
 2.6336E+25  1.0345E-05  7.1679E+03  7.4643E-05  1.3744E-03  7.1845E-06
 2.6429E+25  1.0471E-05  7.1661E+03  7.4643E-05  1.3523E-03  7.1845E-06
 2.6521E+25  1.0455E-05  7.1643E+03  7.4643E-05  1.3305E-03  7.1845E-06
 2.6614E+25  1.0638E-05  7.1625E+03  7.4643E-05  1.3090E-03  7.1845E-06
 2.6707E+25  1.0612E-05  7.1608E+03  7.4643E-05  1.2879E-03  7.1845E-06
 2.6799E+25  1.0746E-05  7.1591E+03  7.4643E-05  1.2676E-03  7.1845E-06
 2.6892E+25  1.0833E-05  7.1575E+03  7.4643E-05  1.2476E-03  7.1845E-06
 2.6984E+25  1.0853E-05  7.1559E+03  7.4643E-05  1.2278E-03  7.1845E-06
 2.7077E+25  1.1039E-05  7.1543E+03  7.4643E-05  1.2084E-03  7.1845E-06
 2.7169E+25  1.0982E-05  7.1527E+03  7.4643E-05  1.1897E-03  7.1845E-06
 2.7262E+25  1.1144E-05  7.1512E+03  7.4643E-05  1.1713E-03  7.1845E-06
 2.7355E+25  1.1217E-05  7.1496E+03  7.4643E-05  1.1531E-03  7.1845E-06
 2.7447E+25  1.1248E-05  7.1482E+03  7.4643E-05  1.1352E-03  7.1845E-06
 2.7540E+25  1.1437E-05  7.1467E+03  7.4643E-05  1.1179E-03  7.1845E-06
 2.7632E+25  1.1374E-05  7.1453E+03  7.4643E-05  1.1010E-03  7.1845E-06
 2.7725E+25  1.1539E-05  7.1439E+03  7.4643E-05  1.0842E-03  7.1845E-06
 2.7817E+25  1.1624E-05  7.1425E+03  7.4643E-05  1.0677E-03  7.1845E-06
 2.7910E+25  1.1639E-05  7.1411E+03  7.4643E-05  1.0516E-03  7.1845E-06
 2.8003E+25  1.1831E-05  7.1398E+03  7.4643E-05  1.0360E-03  7.1845E-06
 2.8095E+25  1.1791E-05  7.1385E+03  7.4643E-05  1.0206E-03  7.1845E-06
 2.8188E+25  1.1929E-05  7.1372E+03  7.4643E-05  1.0054E-03  7.1845E-06
 2.8280E+25  1.2057E-05  7.1359E+03  7.4643E-05  9.9039E-04  7.1845E-06
 2.8373E+25  1.2027E-05  7.1346E+03  7.4643E-05  9.7584E-04  7.1845E-06
 2.8465E+25  1.2221E-05  7.1334E+03  7.4643E-05  9.6170E-04  7.1845E-06
 2.8558E+25  1.2235E-05  7.1322E+03  7.4643E-05  9.4767E-04  7.1845E-06
 2.8651E+25  1.2315E-05  7.1310E+03  7.4643E-05  9.3381E-04  7.1845E-06
 2.8743E+25  1.2510E-05  7.1298E+03  7.4643E-05  9.2021E-04  7.1845E-06
 2.8836E+25  1.2418E-05  7.1287E+03  7.4643E-05  9.0705E-04  7.1845E-06
 2.8928E+25  1.2605E-05  7.1276E+03  7.4643E-05  8.9415E-04  7.1845E-06
 2.9021E+25  1.2709E-05  7.1265E+03  7.4643E-05  8.8137E-04  7.1845E-06
 2.9113E+25  1.2697E-05  7.1254E+03  7.4643E-05  8.6872E-04  7.1845E-06
 2.9206E+25  1.2895E-05  7.1243E+03  7.4643E-05  8.5638E-04  7.1845E-06
 2.9299E+25  1.2904E-05  7.1232E+03  7.4643E-05  8.4440E-04  7.1845E-06
 2.9391E+25  1.2985E-05  7.1222E+03  7.4643E-05  8.3264E-04  7.1845E-06
 2.9484E+25  1.3186E-05  7.1212E+03  7.4643E-05  8.2096E-04  7.1845E-06
 2.9576E+25  1.3103E-05  7.1202E+03  7.4643E-05  8.0942E-04  7.1845E-06
 2.9669E+25  1.3273E-05  7.1192E+03  7.4643E-05  7.9817E-04  7.1845E-06
 2.9761E+25  1.3427E-05  7.1182E+03  7.4643E-05  7.8725E-04  7.1845E-06
 2.9854E+25  1.3359E-05  7.1172E+03  7.4643E-05  7.7650E-04  7.1845E-06
 2.9947E+25  1.3562E-05  7.1163E+03  7.4643E-05  7.6583E-04  7.1845E-06
 3.0039E+25  1.3643E-05  7.1153E+03  7.4643E-05  7.5528E-04  7.1845E-06
 3.0132E+25  1.3645E-05  7.1144E+03  7.4643E-05  7.4499E-04  7.1845E-06
 3.0224E+25  1.3851E-05  7.1135E+03  7.4643E-05  7.3499E-04  7.1845E-06
 3.0317E+25  1.3864E-05  7.1126E+03  7.4643E-05  7.2517E-04  7.1845E-06
 3.0409E+25  1.3932E-05  7.1118E+03  7.4643E-05  7.1542E-04  7.1845E-06
 3.0502E+25  1.4140E-05  7.1109E+03  7.4643E-05  7.0576E-04  7.1845E-06
 3.0594E+25  1.4092E-05  7.1100E+03  7.4643E-05  6.9631E-04  7.1845E-06
 3.0687E+25  1.4219E-05  7.1092E+03  7.4643E-05  6.8713E-04  7.1845E-06
 3.0780E+25  1.4429E-05  7.1084E+03  7.4643E-05  6.7815E-04  7.1845E-06
 3.0872E+25  1.4328E-05  7.1076E+03  7.4643E-05  6.6923E-04  7.1845E-06
 3.0965E+25  1.4505E-05  7.1068E+03  7.4643E-05  6.6039E-04  7.1845E-06
 3.1057E+25  1.4708E-05  7.1060E+03  7.4643E-05  6.5167E-04  7.1845E-06
 3.1150E+25  1.4581E-05  7.1052E+03  7.4643E-05  6.4321E-04  7.1845E-06
 3.1242E+25  1.4791E-05  7.1045E+03  7.4643E-05  6.3498E-04  7.1845E-06
 3.1335E+25  1.4965E-05  7.1037E+03  7.4643E-05  6.2682E-04  7.1845E-06
 3.1428E+25  1.4864E-05  7.1030E+03  7.4643E-05  6.1873E-04  7.1845E-06
 3.1520E+25  1.5076E-05  7.1022E+03  7.4643E-05  6.1071E-04  7.1845E-06
 3.1613E+25  1.5229E-05  7.1015E+03  7.4643E-05  6.0288E-04  7.1845E-06
 3.1705E+25  1.5147E-05  7.1008E+03  7.4643E-05  5.9527E-04  7.1845E-06
 3.1798E+25  1.5362E-05  7.1001E+03  7.4643E-05  5.8782E-04  7.1845E-06
 3.1890E+25  1.5503E-05  7.0994E+03  7.4643E-05  5.8039E-04  7.1845E-06
 3.1983E+25  1.5430E-05  7.0987E+03  7.4643E-05  5.7304E-04  7.1845E-06
 3.2076E+25  1.5647E-05  7.0980E+03  7.4643E-05  5.6578E-04  7.1845E-06
 3.2168E+25  1.5785E-05  7.0974E+03  7.4643E-05  5.5872E-04  7.1845E-06
 3.2261E+25  1.5713E-05  7.0967E+03  7.4643E-05  5.5184E-04  7.1845E-06
 3.2353E+25  1.5931E-05  7.0961E+03  7.4643E-05  5.4507E-04  7.1845E-06
 3.2446E+25  1.6079E-05  7.0955E+03  7.4643E-05  5.3832E-04  7.1845E-06
 3.2538E+25  1.5995E-05  7.0948E+03  7.4643E-05  5.3164E-04  7.1845E-06
 3.2631E+25  1.6215E-05  7.0942E+03  7.4643E-05  5.2506E-04  7.1845E-06
 3.2724E+25  1.6382E-05  7.0936E+03  7.4643E-05  5.1865E-04  7.1845E-06
 3.2816E+25  1.6276E-05  7.0930E+03  7.4643E-05  5.1242E-04  7.1845E-06
 3.2909E+25  1.6497E-05  7.0924E+03  7.4643E-05  5.0625E-04  7.1845E-06
 3.3001E+25  1.6697E-05  7.0918E+03  7.4643E-05  5.0012E-04  7.1845E-06
 3.3094E+25  1.6557E-05  7.0913E+03  7.4643E-05  4.9404E-04  7.1845E-06
 3.3186E+25  1.6780E-05  7.0907E+03  7.4643E-05  4.8805E-04  7.1845E-06
 3.3279E+25  1.7007E-05  7.0901E+03  7.4643E-05  4.8222E-04  7.1845E-06
 3.3372E+25  1.6853E-05  7.0896E+03  7.4643E-05  4.7654E-04  7.1845E-06
 3.3464E+25  1.7061E-05  7.0891E+03  7.4643E-05  4.7094E-04  7.1845E-06
 3.3557E+25  1.7292E-05  7.0885E+03  7.4643E-05  4.6535E-04  7.1845E-06
 3.3649E+25  1.7186E-05  7.0880E+03  7.4643E-05  4.5981E-04  7.1845E-06
 3.3742E+25  1.7342E-05  7.0875E+03  7.4643E-05  4.5434E-04  7.1845E-06
 3.3834E+25  1.7573E-05  7.0869E+03  7.4643E-05  4.4903E-04  7.1845E-06
 3.3927E+25  1.7534E-05  7.0864E+03  7.4643E-05  4.4383E-04  7.1845E-06
 3.4020E+25  1.7622E-05  7.0859E+03  7.4643E-05  4.3873E-04  7.1845E-06
 3.4112E+25  1.7853E-05  7.0854E+03  7.4643E-05  4.3365E-04  7.1845E-06
 3.4205E+25  1.7895E-05  7.0849E+03  7.4643E-05  4.2860E-04  7.1845E-06
 3.4297E+25  1.7900E-05  7.0845E+03  7.4643E-05  4.2360E-04  7.1845E-06
 3.4390E+25  1.8133E-05  7.0840E+03  7.4643E-05  4.1873E-04  7.1845E-06
 3.4482E+25  1.8270E-05  7.0835E+03  7.4643E-05  4.1396E-04  7.1845E-06
 3.4575E+25  1.8178E-05  7.0831E+03  7.4643E-05  4.0931E-04  7.1845E-06
 3.4668E+25  1.8411E-05  7.0826E+03  7.4643E-05  4.0467E-04  7.1845E-06
 3.4760E+25  1.8647E-05  7.0821E+03  7.4643E-05  4.0007E-04  7.1845E-06
 3.4853E+25  1.8468E-05  7.0817E+03  7.4643E-05  3.9551E-04  7.1845E-06
 3.4945E+25  1.8689E-05  7.0813E+03  7.4643E-05  3.9101E-04  7.1845E-06
 3.5038E+25  1.8930E-05  7.0808E+03  7.4643E-05  3.8663E-04  7.1845E-06
 3.5130E+25  1.8865E-05  7.0804E+03  7.4643E-05  3.8236E-04  7.1845E-06
 3.5223E+25  1.8966E-05  7.0800E+03  7.4643E-05  3.7815E-04  7.1845E-06
 3.5316E+25  1.9206E-05  7.0796E+03  7.4643E-05  3.7395E-04  7.1845E-06
 3.5408E+25  1.9282E-05  7.0791E+03  7.4643E-05  3.6978E-04  7.1845E-06
 3.5501E+25  1.9242E-05  7.0787E+03  7.4643E-05  3.6565E-04  7.1845E-06
 3.5593E+25  1.9482E-05  7.0783E+03  7.4643E-05  3.6160E-04  7.1845E-06
 3.5686E+25  1.9714E-05  7.0779E+03  7.4643E-05  3.5765E-04  7.1845E-06
 3.5778E+25  1.9518E-05  7.0775E+03  7.4643E-05  3.5379E-04  7.1845E-06
 3.5871E+25  1.9757E-05  7.0772E+03  7.4643E-05  3.4997E-04  7.1845E-06
 3.5964E+25  2.0004E-05  7.0768E+03  7.4643E-05  3.4617E-04  7.1845E-06
 3.6056E+25  1.9951E-05  7.0764E+03  7.4643E-05  3.4239E-04  7.1845E-06
 3.6149E+25  2.0033E-05  7.0760E+03  7.4643E-05  3.3864E-04  7.1845E-06
 3.6241E+25  2.0278E-05  7.0757E+03  7.4643E-05  3.3499E-04  7.1845E-06
 3.6334E+25  2.0415E-05  7.0753E+03  7.4643E-05  3.3140E-04  7.1845E-06
 3.6426E+25  2.0306E-05  7.0749E+03  7.4643E-05  3.2791E-04  7.1845E-06
 3.6519E+25  2.0551E-05  7.0746E+03  7.4643E-05  3.2445E-04  7.1845E-06
 3.6612E+25  2.0803E-05  7.0742E+03  7.4643E-05  3.2099E-04  7.1845E-06
 3.6704E+25  2.0673E-05  7.0739E+03  7.4643E-05  3.1756E-04  7.1845E-06
 3.6797E+25  2.0825E-05  7.0735E+03  7.4643E-05  3.1416E-04  7.1845E-06
 3.6889E+25  2.1075E-05  7.0732E+03  7.4643E-05  3.1084E-04  7.1845E-06
 3.6982E+25  2.1171E-05  7.0728E+03  7.4643E-05  3.0758E-04  7.1845E-06
 3.7074E+25  2.1097E-05  7.0725E+03  7.4643E-05  3.0441E-04  7.1845E-06
 3.7167E+25  2.1347E-05  7.0722E+03  7.4643E-05  3.0127E-04  7.1845E-06
 3.7260E+25  2.1604E-05  7.0719E+03  7.4643E-05  2.9813E-04  7.1845E-06
 3.7352E+25  2.1452E-05  7.0716E+03  7.4643E-05  2.9502E-04  7.1845E-06
 3.7445E+25  2.1619E-05  7.0712E+03  7.4643E-05  2.9193E-04  7.1845E-06
 3.7537E+25  2.1874E-05  7.0709E+03  7.4643E-05  2.8889E-04  7.1845E-06
 3.7630E+25  2.1987E-05  7.0706E+03  7.4643E-05  2.8592E-04  7.1845E-06
 3.7722E+25  2.1890E-05  7.0703E+03  7.4643E-05  2.8302E-04  7.1845E-06
 3.7815E+25  2.2144E-05  7.0700E+03  7.4643E-05  2.8018E-04  7.1845E-06
 3.7908E+25  2.2405E-05  7.0697E+03  7.4643E-05  2.7733E-04  7.1845E-06
 3.8000E+25  2.2296E-05  7.0694E+03  7.4643E-05  2.7450E-04  7.1845E-06
 3.8093E+25  2.2415E-05  7.0691E+03  7.4643E-05  2.7169E-04  7.1845E-06
 3.8185E+25  2.2673E-05  7.0688E+03  7.4643E-05  2.6891E-04  7.1845E-06
 3.8278E+25  2.2870E-05  7.0686E+03  7.4643E-05  2.6620E-04  7.1845E-06
 3.8370E+25  2.2684E-05  7.0683E+03  7.4643E-05  2.6353E-04  7.1845E-06
 3.8463E+25  2.2942E-05  7.0680E+03  7.4643E-05  2.6094E-04  7.1845E-06
 3.8556E+25  2.3206E-05  7.0677E+03  7.4643E-05  2.5836E-04  7.1845E-06
 3.8648E+25  2.3209E-05  7.0675E+03  7.4643E-05  2.5578E-04  7.1845E-06
 3.8741E+25  2.3212E-05  7.0672E+03  7.4643E-05  2.5323E-04  7.1845E-06
 3.8833E+25  2.3473E-05  7.0669E+03  7.4643E-05  2.5069E-04  7.1845E-06
 3.8926E+25  2.3741E-05  7.0667E+03  7.4643E-05  2.4819E-04  7.1845E-06
 3.9018E+25  2.3562E-05  7.0664E+03  7.4643E-05  2.4574E-04  7.1845E-06
 3.9111E+25  2.3742E-05  7.0661E+03  7.4643E-05  2.4335E-04  7.1845E-06
 3.9204E+25  2.4007E-05  7.0659E+03  7.4643E-05  2.4101E-04  7.1845E-06
 3.9296E+25  2.4199E-05  7.0656E+03  7.4643E-05  2.3867E-04  7.1845E-06
 3.9389E+25  2.4009E-05  7.0654E+03  7.4643E-05  2.3635E-04  7.1845E-06
 3.9481E+25  2.4275E-05  7.0651E+03  7.4643E-05  2.3403E-04  7.1845E-06
 3.9574E+25  2.4544E-05  7.0649E+03  7.4643E-05  2.3174E-04  7.1845E-06
 3.9666E+25  2.4587E-05  7.0646E+03  7.4643E-05  2.2948E-04  7.1845E-06
 3.9759E+25  2.4541E-05  7.0644E+03  7.4643E-05  2.2727E-04  7.1845E-06
 3.9852E+25  2.4809E-05  7.0642E+03  7.4643E-05  2.2510E-04  7.1845E-06
 3.9944E+25  2.5084E-05  7.0640E+03  7.4643E-05  2.2299E-04  7.1845E-06
 4.0037E+25  2.4990E-05  7.0637E+03  7.4643E-05  2.2088E-04  7.1845E-06
 4.0129E+25  2.5077E-05  7.0635E+03  7.4643E-05  2.1877E-04  7.1845E-06
 4.0222E+25  2.5347E-05  7.0633E+03  7.4643E-05  2.1668E-04  7.1845E-06
 4.0314E+25  2.5625E-05  7.0630E+03  7.4643E-05  2.1460E-04  7.1845E-06
 4.0407E+25  2.5410E-05  7.0628E+03  7.4643E-05  2.1255E-04  7.1845E-06
 4.0500E+25  2.5614E-05  7.0626E+03  7.4643E-05  2.1055E-04  7.1845E-06
 4.0592E+25  2.5888E-05  7.0624E+03  7.4643E-05  2.0858E-04  7.1845E-06
 4.0685E+25  2.6138E-05  7.0622E+03  7.4643E-05  2.0666E-04  7.1845E-06
 4.0777E+25  2.5879E-05  7.0620E+03  7.4643E-05  2.0475E-04  7.1845E-06
 4.0870E+25  2.6154E-05  7.0618E+03  7.4643E-05  2.0284E-04  7.1845E-06
 4.0962E+25  2.6431E-05  7.0615E+03  7.4643E-05  2.0095E-04  7.1845E-06
 4.1055E+25  2.6601E-05  7.0613E+03  7.4643E-05  1.9907E-04  7.1845E-06
 4.1148E+25  2.6418E-05  7.0611E+03  7.4643E-05  1.9720E-04  7.1845E-06
 4.1240E+25  2.6696E-05  7.0609E+03  7.4643E-05  1.9538E-04  7.1845E-06
 4.1333E+25  2.6977E-05  7.0607E+03  7.4643E-05  1.9358E-04  7.1845E-06
 4.1425E+25  2.7082E-05  7.0605E+03  7.4643E-05  1.9183E-04  7.1845E-06
 4.1518E+25  2.6960E-05  7.0604E+03  7.4643E-05  1.9011E-04  7.1845E-06
 4.1610E+25  2.7241E-05  7.0602E+03  7.4643E-05  1.8838E-04  7.1845E-06
 4.1703E+25  2.7524E-05  7.0600E+03  7.4643E-05  1.8666E-04  7.1845E-06
 4.1796E+25  2.7583E-05  7.0598E+03  7.4643E-05  1.8495E-04  7.1845E-06
 4.1888E+25  2.7504E-05  7.0596E+03  7.4643E-05  1.8325E-04  7.1845E-06
 4.1981E+25  2.7789E-05  7.0594E+03  7.4643E-05  1.8158E-04  7.1845E-06
 4.2073E+25  2.8074E-05  7.0592E+03  7.4643E-05  1.7994E-04  7.1845E-06
 4.2166E+25  2.8105E-05  7.0590E+03  7.4643E-05  1.7834E-04  7.1845E-06
 4.2258E+25  2.8051E-05  7.0589E+03  7.4643E-05  1.7677E-04  7.1845E-06
 4.2351E+25  2.8338E-05  7.0587E+03  7.4643E-05  1.7521E-04  7.1845E-06
 4.2443E+25  2.8627E-05  7.0585E+03  7.4643E-05  1.7365E-04  7.1845E-06
 4.2536E+25  2.8648E-05  7.0583E+03  7.4643E-05  1.7210E-04  7.1845E-06
 4.2629E+25  2.8600E-05  7.0582E+03  7.4643E-05  1.7056E-04  7.1845E-06
 4.2721E+25  2.8890E-05  7.0580E+03  7.4643E-05  1.6903E-04  7.1845E-06
 4.2814E+25  2.9181E-05  7.0578E+03  7.4643E-05  1.6753E-04  7.1845E-06
 4.2906E+25  2.9214E-05  7.0576E+03  7.4643E-05  1.6605E-04  7.1845E-06
 4.2999E+25  2.9152E-05  7.0575E+03  7.4643E-05  1.6460E-04  7.1845E-06
 4.3091E+25  2.9445E-05  7.0573E+03  7.4643E-05  1.6319E-04  7.1845E-06
 4.3184E+25  2.9738E-05  7.0572E+03  7.4643E-05  1.6178E-04  7.1845E-06
 4.3277E+25  2.9803E-05  7.0570E+03  7.4643E-05  1.6037E-04  7.1845E-06
 4.3369E+25  2.9707E-05  7.0568E+03  7.4643E-05  1.5897E-04  7.1845E-06
 4.3462E+25  3.0002E-05  7.0567E+03  7.4643E-05  1.5758E-04  7.1845E-06
 4.3554E+25  3.0297E-05  7.0565E+03  7.4643E-05  1.5620E-04  7.1845E-06
 4.3647E+25  3.0416E-05  7.0564E+03  7.4643E-05  1.5484E-04  7.1845E-06
 4.3739E+25  3.0265E-05  7.0562E+03  7.4643E-05  1.5350E-04  7.1845E-06
 4.3832E+25  3.0560E-05  7.0561E+03  7.4643E-05  1.5219E-04  7.1845E-06
 4.3925E+25  3.0860E-05  7.0559E+03  7.4643E-05  1.5091E-04  7.1845E-06
 4.4017E+25  3.1054E-05  7.0558E+03  7.4643E-05  1.4964E-04  7.1845E-06
 4.4110E+25  3.0825E-05  7.0556E+03  7.4643E-05  1.4837E-04  7.1845E-06
 4.4202E+25  3.1120E-05  7.0555E+03  7.4643E-05  1.4710E-04  7.1845E-06
 4.4295E+25  3.1424E-05  7.0553E+03  7.4643E-05  1.4585E-04  7.1845E-06
 4.4387E+25  3.1711E-05  7.0552E+03  7.4643E-05  1.4460E-04  7.1845E-06
 4.4480E+25  3.1393E-05  7.0550E+03  7.4643E-05  1.4336E-04  7.1845E-06
 4.4573E+25  3.1685E-05  7.0549E+03  7.4643E-05  1.4215E-04  7.1845E-06
 4.4665E+25  3.1991E-05  7.0548E+03  7.4643E-05  1.4095E-04  7.1845E-06
 4.4758E+25  3.2296E-05  7.0546E+03  7.4643E-05  1.3979E-04  7.1845E-06
 4.4850E+25  3.2063E-05  7.0545E+03  7.4643E-05  1.3865E-04  7.1845E-06
 4.4943E+25  3.2253E-05  7.0544E+03  7.4643E-05  1.3750E-04  7.1845E-06
 4.5035E+25  3.2560E-05  7.0542E+03  7.4643E-05  1.3635E-04  7.1845E-06
 4.5128E+25  3.2868E-05  7.0541E+03  7.4643E-05  1.3522E-04  7.1845E-06
 4.5221E+25  3.2777E-05  7.0539E+03  7.4643E-05  1.3409E-04  7.1845E-06
 4.5313E+25  3.2824E-05  7.0538E+03  7.4643E-05  1.3296E-04  7.1845E-06
 4.5406E+25  3.3130E-05  7.0537E+03  7.4643E-05  1.3186E-04  7.1845E-06
 4.5498E+25  3.3444E-05  7.0536E+03  7.4643E-05  1.3076E-04  7.1845E-06
 4.5591E+25  3.3519E-05  7.0534E+03  7.4643E-05  1.2970E-04  7.1845E-06
 4.5683E+25  3.3397E-05  7.0533E+03  7.4643E-05  1.2866E-04  7.1845E-06
 4.5776E+25  3.3704E-05  7.0532E+03  7.4643E-05  1.2762E-04  7.1845E-06
 4.5869E+25  3.4021E-05  7.0531E+03  7.4643E-05  1.2659E-04  7.1845E-06
 4.5961E+25  3.4293E-05  7.0529E+03  7.4643E-05  1.2556E-04  7.1845E-06
 4.6054E+25  3.3969E-05  7.0528E+03  7.4643E-05  1.2454E-04  7.1845E-06
 4.6146E+25  3.4284E-05  7.0527E+03  7.4643E-05  1.2352E-04  7.1845E-06
 4.6239E+25  3.4600E-05  7.0526E+03  7.4643E-05  1.2250E-04  7.1845E-06
 4.6331E+25  3.4919E-05  7.0524E+03  7.4643E-05  1.2151E-04  7.1845E-06
 4.6424E+25  3.4725E-05  7.0523E+03  7.4643E-05  1.2053E-04  7.1845E-06
 4.6517E+25  3.4866E-05  7.0522E+03  7.4643E-05  1.1957E-04  7.1845E-06
 4.6609E+25  3.5180E-05  7.0521E+03  7.4643E-05  1.1863E-04  7.1845E-06
 4.6702E+25  3.5505E-05  7.0520E+03  7.4643E-05  1.1770E-04  7.1845E-06
 4.6794E+25  3.5556E-05  7.0519E+03  7.4643E-05  1.1677E-04  7.1845E-06
 4.6887E+25  3.5447E-05  7.0518E+03  7.4643E-05  1.1584E-04  7.1845E-06
 4.6979E+25  3.5768E-05  7.0517E+03  7.4643E-05  1.1492E-04  7.1845E-06
 4.7072E+25  3.6092E-05  7.0515E+03  7.4643E-05  1.1400E-04  7.1845E-06
 4.7165E+25  3.6405E-05  7.0514E+03  7.4643E-05  1.1308E-04  7.1845E-06
 4.7257E+25  3.6047E-05  7.0513E+03  7.4643E-05  1.1219E-04  7.1845E-06
 4.7350E+25  3.6359E-05  7.0512E+03  7.4643E-05  1.1130E-04  7.1845E-06
 4.7442E+25  3.6680E-05  7.0511E+03  7.4643E-05  1.1043E-04  7.1845E-06
 4.7535E+25  3.7013E-05  7.0510E+03  7.4643E-05  1.0958E-04  7.1845E-06
 4.7627E+25  3.6929E-05  7.0509E+03  7.4643E-05  1.0875E-04  7.1845E-06
 4.7720E+25  3.6948E-05  7.0508E+03  7.4643E-05  1.0791E-04  7.1845E-06
 4.7813E+25  3.7278E-05  7.0507E+03  7.4643E-05  1.0707E-04  7.1845E-06
 4.7905E+25  3.7606E-05  7.0506E+03  7.4643E-05  1.0623E-04  7.1845E-06
 4.7998E+25  3.7862E-05  7.0505E+03  7.4643E-05  1.0541E-04  7.1845E-06
 4.8090E+25  3.7537E-05  7.0504E+03  7.4643E-05  1.0458E-04  7.1845E-06
 4.8183E+25  3.7875E-05  7.0503E+03  7.4643E-05  1.0377E-04  7.1845E-06
 4.8275E+25  3.8205E-05  7.0502E+03  7.4643E-05  1.0296E-04  7.1845E-06
 4.8368E+25  3.8544E-05  7.0501E+03  7.4643E-05  1.0216E-04  7.1845E-06
 4.8461E+25  3.8421E-05  7.0500E+03  7.4643E-05  1.0140E-04  7.1845E-06
 4.8553E+25  3.8472E-05  7.0499E+03  7.4643E-05  1.0064E-04  7.1845E-06
 4.8646E+25  3.8813E-05  7.0498E+03  7.4643E-05  9.9886E-05  7.1845E-06
 4.8738E+25  3.9145E-05  7.0497E+03  7.4643E-05  9.9130E-05  7.1845E-06
 4.8831E+25  3.9423E-05  7.0496E+03  7.4643E-05  9.8377E-05  7.1845E-06
 4.8923E+25  3.9072E-05  7.0495E+03  7.4643E-05  9.7629E-05  7.1845E-06
 4.9016E+25  3.9416E-05  7.0494E+03  7.4643E-05  9.6883E-05  7.1845E-06
 4.9109E+25  3.9758E-05  7.0493E+03  7.4643E-05  9.6141E-05  7.1845E-06
 4.9201E+25  4.0098E-05  7.0492E+03  7.4643E-05  9.5411E-05  7.1845E-06
 4.9294E+25  4.0043E-05  7.0491E+03  7.4643E-05  9.4687E-05  7.1845E-06
 4.9386E+25  4.0020E-05  7.0491E+03  7.4643E-05  9.3974E-05  7.1845E-06
 4.9479E+25  4.0370E-05  7.0490E+03  7.4643E-05  9.3289E-05  7.1845E-06
 4.9571E+25  4.0713E-05  7.0489E+03  7.4643E-05  9.2609E-05  7.1845E-06
 4.9664E+25  4.1056E-05  7.0488E+03  7.4643E-05  9.1929E-05  7.1845E-06
 4.9757E+25  4.0694E-05  7.0487E+03  7.4643E-05  9.1250E-05  7.1845E-06
 4.9849E+25  4.0981E-05  7.0486E+03  7.4643E-05  9.0572E-05  7.1845E-06
 4.9942E+25  4.1335E-05  7.0485E+03  7.4643E-05  8.9899E-05  7.1845E-06
 5.0034E+25  4.1680E-05  7.0484E+03  7.4643E-05  8.9228E-05  7.1845E-06
 5.0127E+25  4.1797E-05  7.0483E+03  7.4643E-05  8.8560E-05  7.1845E-06
 5.0219E+25  4.1602E-05  7.0483E+03  7.4643E-05  8.7903E-05  7.1845E-06
 5.0312E+25  4.1952E-05  7.0482E+03  7.4643E-05  8.7251E-05  7.1845E-06
 5.0405E+25  4.2310E-05  7.0481E+03  7.4643E-05  8.6608E-05  7.1845E-06
 5.0497E+25  4.2658E-05  7.0480E+03  7.4643E-05  8.5990E-05  7.1845E-06
 5.0590E+25  4.2511E-05  7.0479E+03  7.4643E-05  8.5377E-05  7.1845E-06
 5.0682E+25  4.2577E-05  7.0479E+03  7.4643E-05  8.4767E-05  7.1845E-06
 5.0775E+25  4.2935E-05  7.0478E+03  7.4643E-05  8.4155E-05  7.1845E-06
 5.0867E+25  4.3296E-05  7.0477E+03  7.4643E-05  8.3546E-05  7.1845E-06
 5.0960E+25  4.3640E-05  7.0476E+03  7.4643E-05  8.2938E-05  7.1845E-06
 5.1053E+25  4.3264E-05  7.0475E+03  7.4643E-05  8.2334E-05  7.1845E-06
 5.1145E+25  4.3564E-05  7.0475E+03  7.4643E-05  8.1732E-05  7.1845E-06
 5.1238E+25  4.3928E-05  7.0474E+03  7.4643E-05  8.1138E-05  7.1845E-06
 5.1330E+25  4.4293E-05  7.0473E+03  7.4643E-05  8.0550E-05  7.1845E-06
 5.1423E+25  4.4473E-05  7.0472E+03  7.4643E-05  7.9965E-05  7.1845E-06
 5.1515E+25  4.4210E-05  7.0472E+03  7.4643E-05  7.9403E-05  7.1845E-06
 5.1608E+25  4.4563E-05  7.0471E+03  7.4643E-05  7.8852E-05  7.1845E-06
 5.1701E+25  4.4932E-05  7.0470E+03  7.4643E-05  7.8303E-05  7.1845E-06
 5.1793E+25  4.5301E-05  7.0469E+03  7.4643E-05  7.7753E-05  7.1845E-06
 5.1886E+25  4.5291E-05  7.0469E+03  7.4643E-05  7.7203E-05  7.1845E-06
 5.1978E+25  4.5216E-05  7.0468E+03  7.4643E-05  7.6656E-05  7.1845E-06
 5.2071E+25  4.5574E-05  7.0467E+03  7.4643E-05  7.6111E-05  7.1845E-06
 5.2163E+25  4.5948E-05  7.0466E+03  7.4643E-05  7.5569E-05  7.1845E-06
 5.2256E+25  4.6321E-05  7.0466E+03  7.4643E-05  7.5030E-05  7.1845E-06
 5.2349E+25  4.6144E-05  7.0465E+03  7.4643E-05  7.4497E-05  7.1845E-06
 5.2441E+25  4.6235E-05  7.0464E+03  7.4643E-05  7.3969E-05  7.1845E-06
 5.2534E+25  4.6598E-05  7.0464E+03  7.4643E-05  7.3447E-05  7.1845E-06
 5.2626E+25  4.6976E-05  7.0463E+03  7.4643E-05  7.2947E-05  7.1845E-06
 5.2719E+25  4.7353E-05  7.0462E+03  7.4643E-05  7.2452E-05  7.1845E-06
 5.2811E+25  4.7034E-05  7.0462E+03  7.4643E-05  7.1959E-05  7.1845E-06
 5.2904E+25  4.7267E-05  7.0461E+03  7.4643E-05  7.1464E-05  7.1845E-06
 5.2997E+25  4.7634E-05  7.0460E+03  7.4643E-05  7.0971E-05  7.1845E-06
 5.3089E+25  4.8015E-05  7.0459E+03  7.4643E-05  7.0480E-05  7.1845E-06
 5.3182E+25  4.8387E-05  7.0459E+03  7.4643E-05  6.9991E-05  7.1845E-06
 5.3274E+25  4.7970E-05  7.0458E+03  7.4643E-05  6.9503E-05  7.1845E-06
 5.3367E+25  4.8311E-05  7.0458E+03  7.4643E-05  6.9018E-05  7.1845E-06
 5.3459E+25  4.8684E-05  7.0457E+03  7.4643E-05  6.8540E-05  7.1845E-06
 5.3552E+25  4.9067E-05  7.0456E+03  7.4643E-05  6.8064E-05  7.1845E-06
 5.3645E+25  4.9398E-05  7.0455E+03  7.4643E-05  6.7595E-05  7.1845E-06
 5.3737E+25  4.8982E-05  7.0455E+03  7.4643E-05  6.7146E-05  7.1845E-06
 5.3830E+25  4.9368E-05  7.0454E+03  7.4643E-05  6.6701E-05  7.1845E-06
 5.3922E+25  4.9747E-05  7.0454E+03  7.4643E-05  6.6258E-05  7.1845E-06
 5.4015E+25  5.0130E-05  7.0453E+03  7.4643E-05  6.5813E-05  7.1845E-06
 5.4107E+25  5.0407E-05  7.0452E+03  7.4643E-05  6.5370E-05  7.1845E-06
 5.4200E+25  5.0050E-05  7.0452E+03  7.4643E-05  6.4929E-05  7.1845E-06
 5.4292E+25  5.0438E-05  7.0451E+03  7.4643E-05  6.4489E-05  7.1845E-06
 5.4385E+25  5.0823E-05  7.0451E+03  7.4643E-05  6.4051E-05  7.1845E-06
 5.4478E+25  5.1207E-05  7.0450E+03  7.4643E-05  6.3614E-05  7.1845E-06
 5.4570E+25  5.1456E-05  7.0449E+03  7.4643E-05  6.3183E-05  7.1845E-06
 5.4663E+25  5.1133E-05  7.0449E+03  7.4643E-05  6.2755E-05  7.1845E-06
 5.4755E+25  5.1521E-05  7.0448E+03  7.4643E-05  6.2328E-05  7.1845E-06
 5.4848E+25  5.1913E-05  7.0448E+03  7.4643E-05  6.1919E-05  7.1845E-06
 5.4940E+25  5.2299E-05  7.0447E+03  7.4643E-05  6.1519E-05  7.1845E-06
 5.5033E+25  5.2546E-05  7.0446E+03  7.4643E-05  6.1121E-05  7.1845E-06
 5.5126E+25  5.2230E-05  7.0446E+03  7.4643E-05  6.0722E-05  7.1845E-06
 5.5218E+25  5.2617E-05  7.0445E+03  7.4643E-05  6.0323E-05  7.1845E-06
 5.5311E+25  5.3017E-05  7.0445E+03  7.4643E-05  5.9926E-05  7.1845E-06
 5.5403E+25  5.3408E-05  7.0444E+03  7.4643E-05  5.9531E-05  7.1845E-06
 5.5496E+25  5.3678E-05  7.0443E+03  7.4643E-05  5.9136E-05  7.1845E-06
 5.5588E+25  5.3342E-05  7.0443E+03  7.4643E-05  5.8743E-05  7.1845E-06
 5.5681E+25  5.3728E-05  7.0442E+03  7.4643E-05  5.8352E-05  7.1845E-06
 5.5774E+25  5.4134E-05  7.0442E+03  7.4643E-05  5.7966E-05  7.1845E-06
 5.5866E+25  5.4534E-05  7.0441E+03  7.4643E-05  5.7581E-05  7.1845E-06
 5.5959E+25  5.4852E-05  7.0441E+03  7.4643E-05  5.7201E-05  7.1845E-06
 5.6051E+25  5.4464E-05  7.0440E+03  7.4643E-05  5.6839E-05  7.1845E-06
 5.6144E+25  5.4860E-05  7.0440E+03  7.4643E-05  5.6480E-05  7.1845E-06
 5.6236E+25  5.5266E-05  7.0439E+03  7.4643E-05  5.6123E-05  7.1845E-06
 5.6329E+25  5.5673E-05  7.0439E+03  7.4643E-05  5.5764E-05  7.1845E-06
 5.6422E+25  5.6050E-05  7.0438E+03  7.4643E-05  5.5407E-05  7.1845E-06
 5.6514E+25  5.5624E-05  7.0437E+03  7.4643E-05  5.5050E-05  7.1845E-06
 5.6607E+25  5.6009E-05  7.0437E+03  7.4643E-05  5.4696E-05  7.1845E-06
 5.6699E+25  5.6409E-05  7.0436E+03  7.4643E-05  5.4342E-05  7.1845E-06
 5.6792E+25  5.6827E-05  7.0436E+03  7.4643E-05  5.3988E-05  7.1845E-06
 5.6884E+25  5.7231E-05  7.0435E+03  7.4643E-05  5.3638E-05  7.1845E-06
 5.6977E+25  5.6867E-05  7.0435E+03  7.4643E-05  5.3291E-05  7.1845E-06
 5.7070E+25  5.7171E-05  7.0434E+03  7.4643E-05  5.2945E-05  7.1845E-06
 5.7162E+25  5.7574E-05  7.0434E+03  7.4643E-05  5.2603E-05  7.1845E-06
 5.7255E+25  5.7995E-05  7.0433E+03  7.4643E-05  5.2277E-05  7.1845E-06
 5.7347E+25  5.8412E-05  7.0433E+03  7.4643E-05  5.1954E-05  7.1845E-06
 5.7440E+25  5.8173E-05  7.0432E+03  7.4643E-05  5.1634E-05  7.1845E-06
 5.7532E+25  5.8344E-05  7.0432E+03  7.4643E-05  5.1313E-05  7.1845E-06
 5.7625E+25  5.8761E-05  7.0431E+03  7.4643E-05  5.0993E-05  7.1845E-06
 5.7718E+25  5.9175E-05  7.0431E+03  7.4643E-05  5.0673E-05  7.1845E-06
 5.7810E+25  5.9603E-05  7.0430E+03  7.4643E-05  5.0353E-05  7.1845E-06
 5.7903E+25  5.9538E-05  7.0430E+03  7.4643E-05  5.0036E-05  7.1845E-06
 5.7995E+25  5.9533E-05  7.0429E+03  7.4643E-05  4.9718E-05  7.1845E-06
 5.8088E+25  5.9963E-05  7.0429E+03  7.4643E-05  4.9403E-05  7.1845E-06
 5.8180E+25  6.0377E-05  7.0428E+03  7.4643E-05  4.9090E-05  7.1845E-06
 5.8273E+25  6.0809E-05  7.0428E+03  7.4643E-05  4.8779E-05  7.1845E-06
 5.8366E+25  6.0951E-05  7.0427E+03  7.4643E-05  4.8469E-05  7.1845E-06
 5.8458E+25  6.0743E-05  7.0427E+03  7.4643E-05  4.8172E-05  7.1845E-06
 5.8551E+25  6.1175E-05  7.0426E+03  7.4643E-05  4.7881E-05  7.1845E-06
 5.8643E+25  6.1606E-05  7.0426E+03  7.4643E-05  4.7593E-05  7.1845E-06
 5.8736E+25  6.2028E-05  7.0426E+03  7.4643E-05  4.7306E-05  7.1845E-06
 5.8828E+25  6.2409E-05  7.0425E+03  7.4643E-05  4.7018E-05  7.1845E-06
 5.8921E+25  6.1981E-05  7.0425E+03  7.4643E-05  4.6731E-05  7.1845E-06
 5.9014E+25  6.2403E-05  7.0424E+03  7.4643E-05  4.6444E-05  7.1845E-06
 5.9106E+25  6.2845E-05  7.0424E+03  7.4643E-05  4.6158E-05  7.1845E-06
 5.9199E+25  6.3273E-05  7.0423E+03  7.4643E-05  4.5874E-05  7.1845E-06
 5.9291E+25  6.3712E-05  7.0423E+03  7.4643E-05  4.5589E-05  7.1845E-06
 5.9384E+25  6.3434E-05  7.0422E+03  7.4643E-05  4.5307E-05  7.1845E-06
 5.9476E+25  6.3660E-05  7.0422E+03  7.4643E-05  4.5026E-05  7.1845E-06
 5.9569E+25  6.4098E-05  7.0421E+03  7.4643E-05  4.4747E-05  7.1845E-06
 5.9662E+25  6.4546E-05  7.0421E+03  7.4643E-05  4.4470E-05  7.1845E-06
 5.9754E+25  6.4973E-05  7.0420E+03  7.4643E-05  4.4206E-05  7.1845E-06
 5.9847E+25  6.4991E-05  7.0420E+03  7.4643E-05  4.3945E-05  7.1845E-06
 5.9939E+25  6.4940E-05  7.0420E+03  7.4643E-05  4.3688E-05  7.1845E-06
 6.0032E+25  6.5373E-05  7.0419E+03  7.4643E-05  4.3431E-05  7.1845E-06
 6.0124E+25  6.5823E-05  7.0419E+03  7.4643E-05  4.3172E-05  7.1845E-06
 6.0217E+25  6.6270E-05  7.0418E+03  7.4643E-05  4.2914E-05  7.1845E-06
 6.0310E+25  6.6593E-05  7.0418E+03  7.4643E-05  4.2658E-05  7.1845E-06
 6.0402E+25  6.6237E-05  7.0418E+03  7.4643E-05  4.2402E-05  7.1845E-06
 6.0495E+25  6.6680E-05  7.0417E+03  7.4643E-05  4.2146E-05  7.1845E-06
 6.0587E+25  6.7120E-05  7.0417E+03  7.4643E-05  4.1891E-05  7.1845E-06
 6.0680E+25  6.7579E-05  7.0416E+03  7.4643E-05  4.1638E-05  7.1845E-06
 6.0772E+25  6.8025E-05  7.0416E+03  7.4643E-05  4.1386E-05  7.1845E-06
 6.0865E+25  6.7778E-05  7.0415E+03  7.4643E-05  4.1136E-05  7.1845E-06
 6.0958E+25  6.8002E-05  7.0415E+03  7.4643E-05  4.0886E-05  7.1845E-06
 6.1050E+25  6.8451E-05  7.0415E+03  7.4643E-05  4.0647E-05  7.1845E-06
 6.1143E+25  6.8902E-05  7.0414E+03  7.4643E-05  4.0413E-05  7.1845E-06
 6.1235E+25  6.9367E-05  7.0414E+03  7.4643E-05  4.0181E-05  7.1845E-06
 6.1328E+25  6.9484E-05  7.0413E+03  7.4643E-05  3.9951E-05  7.1845E-06
 6.1420E+25  6.9346E-05  7.0413E+03  7.4643E-05  3.9720E-05  7.1845E-06
 6.1513E+25  6.9802E-05  7.0413E+03  7.4643E-05  3.9489E-05  7.1845E-06
 6.1606E+25  7.0256E-05  7.0412E+03  7.4643E-05  3.9258E-05  7.1845E-06
 6.1698E+25  7.0716E-05  7.0412E+03  7.4643E-05  3.9029E-05  7.1845E-06
 6.1791E+25  7.1177E-05  7.0411E+03  7.4643E-05  3.8799E-05  7.1845E-06
 6.1883E+25  7.0786E-05  7.0411E+03  7.4643E-05  3.8571E-05  7.1845E-06
 6.1976E+25  7.1174E-05  7.0410E+03  7.4643E-05  3.8342E-05  7.1845E-06
 6.2068E+25  7.1636E-05  7.0410E+03  7.4643E-05  3.8116E-05  7.1845E-06
 6.2161E+25  7.2096E-05  7.0410E+03  7.4643E-05  3.7891E-05  7.1845E-06
 6.2254E+25  7.2565E-05  7.0409E+03  7.4643E-05  3.7666E-05  7.1845E-06
 6.2346E+25  7.2608E-05  7.0409E+03  7.4643E-05  3.7445E-05  7.1845E-06
 6.2439E+25  7.2560E-05  7.0408E+03  7.4643E-05  3.7235E-05  7.1845E-06
 6.2531E+25  7.3037E-05  7.0408E+03  7.4643E-05  3.7025E-05  7.1845E-06
 6.2624E+25  7.3506E-05  7.0408E+03  7.4643E-05  3.6819E-05  7.1845E-06
 6.2716E+25  7.3972E-05  7.0407E+03  7.4643E-05  3.6612E-05  7.1845E-06
 6.2809E+25  7.4426E-05  7.0407E+03  7.4643E-05  3.6405E-05  7.1845E-06
 6.2902E+25  7.4038E-05  7.0407E+03  7.4643E-05  3.6198E-05  7.1845E-06
 6.2994E+25  7.4453E-05  7.0406E+03  7.4643E-05  3.5992E-05  7.1845E-06
 6.3087E+25  7.4936E-05  7.0406E+03  7.4643E-05  3.5786E-05  7.1845E-06
 6.3179E+25  7.5412E-05  7.0405E+03  7.4643E-05  3.5581E-05  7.1845E-06
 6.3272E+25  7.5884E-05  7.0405E+03  7.4643E-05  3.5376E-05  7.1845E-06
 6.3364E+25  7.5939E-05  7.0405E+03  7.4643E-05  3.5172E-05  7.1845E-06
 6.3457E+25  7.5914E-05  7.0404E+03  7.4643E-05  3.4969E-05  7.1845E-06
 6.3550E+25  7.6383E-05  7.0404E+03  7.4643E-05  3.4767E-05  7.1845E-06
 6.3642E+25  7.6873E-05  7.0403E+03  7.4643E-05  3.4565E-05  7.1845E-06
 6.3735E+25  7.7355E-05  7.0403E+03  7.4643E-05  3.4367E-05  7.1845E-06
 6.3827E+25  7.7823E-05  7.0403E+03  7.4643E-05  3.4179E-05  7.1845E-06
 6.3920E+25  7.7481E-05  7.0402E+03  7.4643E-05  3.3991E-05  7.1845E-06
 6.4012E+25  7.7875E-05  7.0402E+03  7.4643E-05  3.3806E-05  7.1845E-06
 6.4105E+25  7.8351E-05  7.0401E+03  7.4643E-05  3.3622E-05  7.1845E-06
 6.4198E+25  7.8848E-05  7.0401E+03  7.4643E-05  3.3436E-05  7.1845E-06
 6.4290E+25  7.9337E-05  7.0401E+03  7.4643E-05  3.3251E-05  7.1845E-06
 6.4383E+25  7.9507E-05  7.0400E+03  7.4643E-05  3.3066E-05  7.1845E-06
 6.4475E+25  7.9382E-05  7.0400E+03  7.4643E-05  3.2881E-05  7.1845E-06
 6.4568E+25  7.9876E-05  7.0400E+03  7.4643E-05  3.2698E-05  7.1845E-06
 6.4660E+25  8.0358E-05  7.0399E+03  7.4643E-05  3.2514E-05  7.1845E-06
 6.4753E+25  8.0863E-05  7.0399E+03  7.4643E-05  3.2331E-05  7.1845E-06
 6.4846E+25  8.1355E-05  7.0399E+03  7.4643E-05  3.2149E-05  7.1845E-06
 6.4938E+25  8.1168E-05  7.0398E+03  7.4643E-05  3.1967E-05  7.1845E-06
 6.5031E+25  8.1416E-05  7.0398E+03  7.4643E-05  3.1786E-05  7.1845E-06
 6.5123E+25  8.1917E-05  7.0397E+03  7.4643E-05  3.1607E-05  7.1845E-06
 6.5216E+25  8.2406E-05  7.0397E+03  7.4643E-05  3.1435E-05  7.1845E-06
 6.5308E+25  8.2918E-05  7.0397E+03  7.4643E-05  3.1267E-05  7.1845E-06
 6.5401E+25  8.3313E-05  7.0396E+03  7.4643E-05  3.1100E-05  7.1845E-06
 6.5494E+25  8.2998E-05  7.0396E+03  7.4643E-05  3.0935E-05  7.1845E-06
 6.5586E+25  8.3492E-05  7.0396E+03  7.4643E-05  3.0769E-05  7.1845E-06
 6.5679E+25  8.4001E-05  7.0395E+03  7.4643E-05  3.0603E-05  7.1845E-06
 6.5771E+25  8.4495E-05  7.0395E+03  7.4643E-05  3.0437E-05  7.1845E-06
 6.5864E+25  8.5013E-05  7.0394E+03  7.4643E-05  3.0272E-05  7.1845E-06
 6.5956E+25  8.5098E-05  7.0394E+03  7.4643E-05  3.0108E-05  7.1845E-06
 6.6049E+25  8.5113E-05  7.0394E+03  7.4643E-05  2.9943E-05  7.1845E-06
 6.6142E+25  8.5612E-05  7.0393E+03  7.4643E-05  2.9779E-05  7.1845E-06
 6.6234E+25  8.6126E-05  7.0393E+03  7.4643E-05  2.9614E-05  7.1845E-06
 6.6327E+25  8.6628E-05  7.0393E+03  7.4643E-05  2.9452E-05  7.1845E-06
 6.6419E+25  8.7148E-05  7.0392E+03  7.4643E-05  2.9289E-05  7.1845E-06
 6.6512E+25  8.6958E-05  7.0392E+03  7.4643E-05  2.9127E-05  7.1845E-06
 6.6604E+25  8.7272E-05  7.0392E+03  7.4643E-05  2.8967E-05  7.1845E-06
 6.6697E+25  8.7777E-05  7.0391E+03  7.4643E-05  2.8814E-05  7.1845E-06
 6.6789E+25  8.8295E-05  7.0391E+03  7.4643E-05  2.8664E-05  7.1845E-06
 6.6882E+25  8.8806E-05  7.0390E+03  7.4643E-05  2.8515E-05  7.1845E-06
 6.6975E+25  8.9263E-05  7.0390E+03  7.4643E-05  2.8367E-05  7.1845E-06
 6.7067E+25  8.8954E-05  7.0390E+03  7.4643E-05  2.8219E-05  7.1845E-06
 6.7160E+25  8.9475E-05  7.0390E+03  7.4643E-05  2.8070E-05  7.1845E-06
 6.7252E+25  8.9988E-05  7.0389E+03  7.4643E-05  2.7922E-05  7.1845E-06
 6.7345E+25  9.0509E-05  7.0389E+03  7.4643E-05  2.7774E-05  7.1845E-06
 6.7437E+25  9.1031E-05  7.0388E+03  7.4643E-05  2.7627E-05  7.1845E-06
 6.7530E+25  9.1250E-05  7.0388E+03  7.4643E-05  2.7479E-05  7.1845E-06
 6.7623E+25  9.1196E-05  7.0388E+03  7.4643E-05  2.7332E-05  7.1845E-06
 6.7715E+25  9.1720E-05  7.0387E+03  7.4643E-05  2.7185E-05  7.1845E-06
 6.7808E+25  9.2249E-05  7.0387E+03  7.4643E-05  2.7039E-05  7.1845E-06
 6.7900E+25  9.2771E-05  7.0387E+03  7.4643E-05  2.6894E-05  7.1845E-06
 6.7993E+25  9.3303E-05  7.0386E+03  7.4643E-05  2.6749E-05  7.1845E-06
 6.8085E+25  9.3310E-05  7.0386E+03  7.4643E-05  2.6604E-05  7.1845E-06
 6.8178E+25  9.3488E-05  7.0386E+03  7.4643E-05  2.6466E-05  7.1845E-06
 6.8271E+25  9.4016E-05  7.0385E+03  7.4643E-05  2.6331E-05  7.1845E-06
 6.8363E+25  9.4557E-05  7.0385E+03  7.4643E-05  2.6196E-05  7.1845E-06
 6.8456E+25  9.5084E-05  7.0385E+03  7.4643E-05  2.6064E-05  7.1845E-06
 6.8548E+25  9.5617E-05  7.0384E+03  7.4643E-05  2.5932E-05  7.1845E-06
 6.8641E+25  9.5453E-05  7.0384E+03  7.4643E-05  2.5799E-05  7.1845E-06
 6.8733E+25  9.5825E-05  7.0384E+03  7.4643E-05  2.5666E-05  7.1845E-06
 6.8826E+25  9.6365E-05  7.0383E+03  7.4643E-05  2.5534E-05  7.1845E-06
 6.8919E+25  9.6911E-05  7.0383E+03  7.4643E-05  2.5402E-05  7.1845E-06
 6.9011E+25  9.7448E-05  7.0382E+03  7.4643E-05  2.5270E-05  7.1845E-06
 6.9104E+25  9.7953E-05  7.0382E+03  7.4643E-05  2.5139E-05  7.1845E-06
 6.9196E+25  9.7700E-05  7.0382E+03  7.4643E-05  2.5007E-05  7.1845E-06
 6.9289E+25  9.8212E-05  7.0381E+03  7.4643E-05  2.4876E-05  7.1845E-06
 6.9381E+25  9.8765E-05  7.0381E+03  7.4643E-05  2.4745E-05  7.1845E-06
 6.9474E+25  9.9312E-05  7.0381E+03  7.4643E-05  2.4615E-05  7.1845E-06
 6.9567E+25  9.9865E-05  7.0380E+03  7.4643E-05  2.4485E-05  7.1845E-06
 6.9659E+25  1.0026E-04  7.0380E+03  7.4643E-05  2.4356E-05  7.1845E-06
 6.9752E+25  1.0011E-04  7.0380E+03  7.4643E-05  2.4234E-05  7.1845E-06
 6.9844E+25  1.0065E-04  7.0379E+03  7.4643E-05  2.4113E-05  7.1845E-06
 6.9937E+25  1.0121E-04  7.0379E+03  7.4643E-05  2.3993E-05  7.1845E-06
 7.0029E+25  1.0177E-04  7.0378E+03  7.4643E-05  2.3876E-05  7.1845E-06
 7.0122E+25  1.0233E-04  7.0378E+03  7.4643E-05  2.3757E-05  7.1845E-06
 7.0215E+25  1.0261E-04  7.0378E+03  7.4643E-05  2.3638E-05  7.1845E-06
 7.0307E+25  1.0260E-04  7.0378E+03  7.4643E-05  2.3520E-05  7.1845E-06
 7.0400E+25  1.0315E-04  7.0377E+03  7.4643E-05  2.3401E-05  7.1845E-06
 7.0492E+25  1.0371E-04  7.0377E+03  7.4643E-05  2.3283E-05  7.1845E-06
 7.0585E+25  1.0428E-04  7.0376E+03  7.4643E-05  2.3166E-05  7.1845E-06
 7.0677E+25  1.0485E-04  7.0376E+03  7.4643E-05  2.3048E-05  7.1845E-06
 7.0770E+25  1.0505E-04  7.0376E+03  7.4643E-05  2.2930E-05  7.1845E-06
 7.0863E+25  1.0515E-04  7.0376E+03  7.4643E-05  2.2813E-05  7.1845E-06
 7.0955E+25  1.0571E-04  7.0375E+03  7.4643E-05  2.2696E-05  7.1845E-06
 7.1048E+25  1.0627E-04  7.0375E+03  7.4643E-05  2.2579E-05  7.1845E-06
 7.1140E+25  1.0685E-04  7.0374E+03  7.4643E-05  2.2463E-05  7.1845E-06
 7.1233E+25  1.0742E-04  7.0374E+03  7.4643E-05  2.2347E-05  7.1845E-06
 7.1325E+25  1.0755E-04  7.0374E+03  7.4643E-05  2.2237E-05  7.1845E-06
 7.1418E+25  1.0776E-04  7.0374E+03  7.4643E-05  2.2128E-05  7.1845E-06
 7.1511E+25  1.0832E-04  7.0373E+03  7.4643E-05  2.2020E-05  7.1845E-06
 7.1603E+25  1.0889E-04  7.0373E+03  7.4643E-05  2.1915E-05  7.1845E-06
 7.1696E+25  1.0947E-04  7.0372E+03  7.4643E-05  2.1810E-05  7.1845E-06
 7.1788E+25  1.1004E-04  7.0372E+03  7.4643E-05  2.1703E-05  7.1845E-06
 7.1881E+25  1.1014E-04  7.0372E+03  7.4643E-05  2.1597E-05  7.1845E-06
 7.1973E+25  1.1043E-04  7.0371E+03  7.4643E-05  2.1492E-05  7.1845E-06
 7.2066E+25  1.1100E-04  7.0371E+03  7.4643E-05  2.1386E-05  7.1845E-06
 7.2159E+25  1.1157E-04  7.0370E+03  7.4643E-05  2.1281E-05  7.1845E-06
 7.2251E+25  1.1214E-04  7.0370E+03  7.4643E-05  2.1175E-05  7.1845E-06
 7.2344E+25  1.1273E-04  7.0370E+03  7.4643E-05  2.1070E-05  7.1845E-06
 7.2436E+25  1.1280E-04  7.0370E+03  7.4643E-05  2.0965E-05  7.1845E-06
 7.2529E+25  1.1316E-04  7.0369E+03  7.4643E-05  2.0860E-05  7.1845E-06
 7.2621E+25  1.1373E-04  7.0369E+03  7.4643E-05  2.0755E-05  7.1845E-06
 7.2714E+25  1.1431E-04  7.0368E+03  7.4643E-05  2.0651E-05  7.1845E-06
 7.2807E+25  1.1489E-04  7.0368E+03  7.4643E-05  2.0547E-05  7.1845E-06
 7.2899E+25  1.1547E-04  7.0368E+03  7.4643E-05  2.0445E-05  7.1845E-06
 7.2992E+25  1.1554E-04  7.0367E+03  7.4643E-05  2.0347E-05  7.1845E-06
 7.3084E+25  1.1594E-04  7.0367E+03  7.4643E-05  2.0250E-05  7.1845E-06
 7.3177E+25  1.1653E-04  7.0367E+03  7.4643E-05  2.0154E-05  7.1845E-06
 7.3269E+25  1.1711E-04  7.0366E+03  7.4643E-05  2.0060E-05  7.1845E-06
 7.3362E+25  1.1770E-04  7.0366E+03  7.4643E-05  1.9966E-05  7.1845E-06
 7.3455E+25  1.1828E-04  7.0365E+03  7.4643E-05  1.9871E-05  7.1845E-06
 7.3547E+25  1.1836E-04  7.0365E+03  7.4643E-05  1.9776E-05  7.1845E-06
 7.3640E+25  1.1878E-04  7.0365E+03  7.4643E-05  1.9682E-05  7.1845E-06
 7.3732E+25  1.1939E-04  7.0364E+03  7.4643E-05  1.9588E-05  7.1845E-06
 7.3825E+25  1.1998E-04  7.0364E+03  7.4643E-05  1.9493E-05  7.1845E-06
 7.3917E+25  1.2057E-04  7.0363E+03  7.4643E-05  1.9399E-05  7.1845E-06
 7.4010E+25  1.2116E-04  7.0363E+03  7.4643E-05  1.9305E-05  7.1845E-06
 7.4103E+25  1.2126E-04  7.0363E+03  7.4643E-05  1.9211E-05  7.1845E-06
 7.4195E+25  1.2169E-04  7.0363E+03  7.4643E-05  1.9117E-05  7.1845E-06
 7.4288E+25  1.2230E-04  7.0362E+03  7.4643E-05  1.9024E-05  7.1845E-06
 7.4380E+25  1.2291E-04  7.0362E+03  7.4643E-05  1.8930E-05  7.1845E-06
 7.4473E+25  1.2351E-04  7.0361E+03  7.4643E-05  1.8837E-05  7.1845E-06
 7.4565E+25  1.2410E-04  7.0361E+03  7.4643E-05  1.8745E-05  7.1845E-06
 7.4658E+25  1.2425E-04  7.0361E+03  7.4643E-05  1.8657E-05  7.1845E-06
 7.4751E+25  1.2467E-04  7.0360E+03  7.4643E-05  1.8570E-05  7.1845E-06
 7.4843E+25  1.2528E-04  7.0360E+03  7.4643E-05  1.8484E-05  7.1845E-06
 7.4936E+25  1.2590E-04  7.0359E+03  7.4643E-05  1.8400E-05  7.1845E-06
 7.5028E+25  1.2651E-04  7.0359E+03  7.4643E-05  1.8316E-05  7.1845E-06
 7.5121E+25  1.2711E-04  7.0359E+03  7.4643E-05  1.8231E-05  7.1845E-06
 7.5213E+25  1.2731E-04  7.0359E+03  7.4643E-05  1.8147E-05  7.1845E-06
 7.5306E+25  1.2771E-04  7.0358E+03  7.4643E-05  1.8062E-05  7.1845E-06
 7.5399E+25  1.2833E-04  7.0358E+03  7.4643E-05  1.7978E-05  7.1845E-06
 7.5491E+25  1.2895E-04  7.0357E+03  7.4643E-05  1.7894E-05  7.1845E-06
 7.5584E+25  1.2958E-04  7.0357E+03  7.4643E-05  1.7810E-05  7.1845E-06
 7.5676E+25  1.3019E-04  7.0356E+03  7.4643E-05  1.7726E-05  7.1845E-06
 7.5769E+25  1.3045E-04  7.0356E+03  7.4643E-05  1.7642E-05  7.1845E-06
 7.5861E+25  1.3083E-04  7.0356E+03  7.4643E-05  1.7558E-05  7.1845E-06
 7.5954E+25  1.3145E-04  7.0355E+03  7.4643E-05  1.7474E-05  7.1845E-06
 7.6047E+25  1.3207E-04  7.0355E+03  7.4643E-05  1.7390E-05  7.1845E-06
 7.6139E+25  1.3270E-04  7.0354E+03  7.4643E-05  1.7307E-05  7.1845E-06
 7.6232E+25  1.3333E-04  7.0354E+03  7.4643E-05  1.7224E-05  7.1845E-06
 7.6324E+25  1.3368E-04  7.0354E+03  7.4643E-05  1.7143E-05  7.1845E-06
 7.6417E+25  1.3403E-04  7.0353E+03  7.4643E-05  1.7065E-05  7.1845E-06
 7.6509E+25  1.3464E-04  7.0353E+03  7.4643E-05  1.6987E-05  7.1845E-06
 7.6602E+25  1.3527E-04  7.0352E+03  7.4643E-05  1.6910E-05  7.1845E-06
 7.6695E+25  1.3589E-04  7.0352E+03  7.4643E-05  1.6836E-05  7.1845E-06
 7.6787E+25  1.3653E-04  7.0351E+03  7.4643E-05  1.6760E-05  7.1845E-06
 7.6880E+25  1.3697E-04  7.0351E+03  7.4643E-05  1.6685E-05  7.1845E-06
 7.6972E+25  1.3730E-04  7.0351E+03  7.4643E-05  1.6609E-05  7.1845E-06
 7.7065E+25  1.3792E-04  7.0351E+03  7.4643E-05  1.6534E-05  7.1845E-06
 7.7157E+25  1.3854E-04  7.0350E+03  7.4643E-05  1.6459E-05  7.1845E-06
 7.7250E+25  1.3917E-04  7.0349E+03  7.4643E-05  1.6384E-05  7.1845E-06
 7.7343E+25  1.3980E-04  7.0349E+03  7.4643E-05  1.6309E-05  7.1845E-06
 7.7435E+25  1.4032E-04  7.0349E+03  7.4643E-05  1.6233E-05  7.1845E-06
 7.7528E+25  1.4063E-04  7.0349E+03  7.4643E-05  1.6158E-05  7.1845E-06
 7.7620E+25  1.4126E-04  7.0348E+03  7.4643E-05  1.6083E-05  7.1845E-06
 7.7713E+25  1.4189E-04  7.0348E+03  7.4643E-05  1.6008E-05  7.1845E-06
 7.7805E+25  1.4252E-04  7.0347E+03  7.4643E-05  1.5934E-05  7.1845E-06
 7.7898E+25  1.4316E-04  7.0347E+03  7.4643E-05  1.5859E-05  7.1845E-06
 7.7991E+25  1.4373E-04  7.0346E+03  7.4643E-05  1.5784E-05  7.1845E-06
 7.8083E+25  1.4403E-04  7.0346E+03  7.4643E-05  1.5711E-05  7.1845E-06
 7.8176E+25  1.4468E-04  7.0346E+03  7.4643E-05  1.5642E-05  7.1845E-06
 7.8268E+25  1.4532E-04  7.0345E+03  7.4643E-05  1.5572E-05  7.1845E-06
 7.8361E+25  1.4595E-04  7.0344E+03  7.4643E-05  1.5503E-05  7.1845E-06
 7.8453E+25  1.4658E-04  7.0344E+03  7.4643E-05  1.5436E-05  7.1845E-06
 7.8546E+25  1.4721E-04  7.0344E+03  7.4643E-05  1.5369E-05  7.1845E-06
 7.8638E+25  1.4752E-04  7.0344E+03  7.4643E-05  1.5302E-05  7.1845E-06
 7.8731E+25  1.4816E-04  7.0343E+03  7.4643E-05  1.5234E-05  7.1845E-06
 7.8824E+25  1.4882E-04  7.0342E+03  7.4643E-05  1.5167E-05  7.1845E-06
 7.8916E+25  1.4946E-04  7.0342E+03  7.4643E-05  1.5100E-05  7.1845E-06
 7.9009E+25  1.5009E-04  7.0341E+03  7.4643E-05  1.5033E-05  7.1845E-06
 7.9101E+25  1.5073E-04  7.0341E+03  7.4643E-05  1.4966E-05  7.1845E-06
 7.9194E+25  1.5113E-04  7.0341E+03  7.4643E-05  1.4899E-05  7.1845E-06
 7.9286E+25  1.5171E-04  7.0340E+03  7.4643E-05  1.4831E-05  7.1845E-06
 7.9379E+25  1.5238E-04  7.0340E+03  7.4643E-05  1.4764E-05  7.1845E-06
 7.9472E+25  1.5304E-04  7.0339E+03  7.4643E-05  1.4697E-05  7.1845E-06
 7.9564E+25  1.5369E-04  7.0339E+03  7.4643E-05  1.4631E-05  7.1845E-06
 7.9657E+25  1.5432E-04  7.0338E+03  7.4643E-05  1.4564E-05  7.1845E-06
 7.9749E+25  1.5480E-04  7.0338E+03  7.4643E-05  1.4497E-05  7.1845E-06
 7.9842E+25  1.5535E-04  7.0338E+03  7.4643E-05  1.4431E-05  7.1845E-06
 7.9934E+25  1.5600E-04  7.0337E+03  7.4643E-05  1.4366E-05  7.1845E-06
 8.0027E+25  1.5668E-04  7.0337E+03  7.4643E-05  1.4304E-05  7.1845E-06
 8.0120E+25  1.5734E-04  7.0336E+03  7.4643E-05  1.4241E-05  7.1845E-06
 8.0212E+25  1.5800E-04  7.0336E+03  7.4643E-05  1.4180E-05  7.1845E-06
 8.0305E+25  1.5856E-04  7.0336E+03  7.4643E-05  1.4121E-05  7.1845E-06
 8.0397E+25  1.5906E-04  7.0335E+03  7.4643E-05  1.4061E-05  7.1845E-06
 8.0490E+25  1.5972E-04  7.0334E+03  7.4643E-05  1.4001E-05  7.1845E-06
 8.0582E+25  1.6038E-04  7.0334E+03  7.4643E-05  1.3941E-05  7.1845E-06
 8.0675E+25  1.6107E-04  7.0333E+03  7.4643E-05  1.3881E-05  7.1845E-06
 8.0768E+25  1.6174E-04  7.0333E+03  7.4643E-05  1.3821E-05  7.1845E-06
 8.0860E+25  1.6237E-04  7.0333E+03  7.4643E-05  1.3761E-05  7.1845E-06
 8.0953E+25  1.6287E-04  7.0332E+03  7.4643E-05  1.3701E-05  7.1845E-06
 8.1045E+25  1.6352E-04  7.0332E+03  7.4643E-05  1.3641E-05  7.1845E-06
 8.1138E+25  1.6418E-04  7.0331E+03  7.4643E-05  1.3581E-05  7.1845E-06
 8.1230E+25  1.6485E-04  7.0330E+03  7.4643E-05  1.3521E-05  7.1845E-06
 8.1323E+25  1.6554E-04  7.0330E+03  7.4643E-05  1.3462E-05  7.1845E-06
 8.1416E+25  1.6621E-04  7.0330E+03  7.4643E-05  1.3402E-05  7.1845E-06
 8.1508E+25  1.6677E-04  7.0329E+03  7.4643E-05  1.3342E-05  7.1845E-06
 8.1601E+25  1.6741E-04  7.0329E+03  7.4643E-05  1.3283E-05  7.1845E-06
 8.1693E+25  1.6807E-04  7.0328E+03  7.4643E-05  1.3223E-05  7.1845E-06
 8.1786E+25  1.6873E-04  7.0328E+03  7.4643E-05  1.3165E-05  7.1845E-06
 8.1878E+25  1.6940E-04  7.0327E+03  7.4643E-05  1.3109E-05  7.1845E-06
 8.1971E+25  1.7009E-04  7.0327E+03  7.4643E-05  1.3053E-05  7.1845E-06
 8.2064E+25  1.7074E-04  7.0326E+03  7.4643E-05  1.2998E-05  7.1845E-06
 8.2156E+25  1.7137E-04  7.0326E+03  7.4643E-05  1.2944E-05  7.1845E-06
 8.2249E+25  1.7204E-04  7.0325E+03  7.4643E-05  1.2892E-05  7.1845E-06
 8.2341E+25  1.7270E-04  7.0325E+03  7.4643E-05  1.2838E-05  7.1845E-06
 8.2434E+25  1.7336E-04  7.0324E+03  7.4643E-05  1.2784E-05  7.1845E-06
 8.2526E+25  1.7403E-04  7.0324E+03  7.4643E-05  1.2731E-05  7.1845E-06
 8.2619E+25  1.7472E-04  7.0323E+03  7.4643E-05  1.2677E-05  7.1845E-06
 8.2712E+25  1.7542E-04  7.0323E+03  7.4643E-05  1.2624E-05  7.1845E-06
 8.2804E+25  1.7608E-04  7.0322E+03  7.4643E-05  1.2570E-05  7.1845E-06
 8.2897E+25  1.7675E-04  7.0322E+03  7.4643E-05  1.2517E-05  7.1845E-06
 8.2989E+25  1.7742E-04  7.0321E+03  7.4643E-05  1.2464E-05  7.1845E-06
 8.3082E+25  1.7808E-04  7.0321E+03  7.4643E-05  1.2410E-05  7.1845E-06
 8.3174E+25  1.7875E-04  7.0320E+03  7.4643E-05  1.2357E-05  7.1845E-06
 8.3267E+25  1.7950E-04  7.0320E+03  7.4643E-05  1.2303E-05  7.1845E-06
 8.3360E+25  1.8020E-04  7.0319E+03  7.4643E-05  1.2250E-05  7.1845E-06
 8.3452E+25  1.8087E-04  7.0318E+03  7.4643E-05  1.2197E-05  7.1845E-06
 8.3545E+25  1.8154E-04  7.0318E+03  7.4643E-05  1.2143E-05  7.1845E-06
 8.3637E+25  1.8222E-04  7.0317E+03  7.4643E-05  1.2090E-05  7.1845E-06
 8.3730E+25  1.8288E-04  7.0317E+03  7.4643E-05  1.2039E-05  7.1845E-06
 8.3822E+25  1.8362E-04  7.0317E+03  7.4643E-05  1.1989E-05  7.1845E-06
 8.3915E+25  1.8436E-04  7.0316E+03  7.4643E-05  1.1939E-05  7.1845E-06
 8.4008E+25  1.8506E-04  7.0315E+03  7.4643E-05  1.1889E-05  7.1845E-06
 8.4100E+25  1.8575E-04  7.0315E+03  7.4643E-05  1.1842E-05  7.1845E-06
 8.4193E+25  1.8641E-04  7.0314E+03  7.4643E-05  1.1795E-05  7.1845E-06
 8.4285E+25  1.8709E-04  7.0314E+03  7.4643E-05  1.1747E-05  7.1845E-06
 8.4378E+25  1.8781E-04  7.0313E+03  7.4643E-05  1.1699E-05  7.1845E-06
 8.4470E+25  1.8861E-04  7.0313E+03  7.4643E-05  1.1651E-05  7.1845E-06
 8.4563E+25  1.8930E-04  7.0312E+03  7.4643E-05  1.1604E-05  7.1845E-06
 8.4656E+25  1.9000E-04  7.0311E+03  7.4643E-05  1.1556E-05  7.1845E-06
 8.4748E+25  1.9070E-04  7.0311E+03  7.4643E-05  1.1508E-05  7.1845E-06
 8.4841E+25  1.9136E-04  7.0310E+03  7.4643E-05  1.1461E-05  7.1845E-06
 8.4933E+25  1.9205E-04  7.0310E+03  7.4643E-05  1.1413E-05  7.1845E-06
 8.5026E+25  1.9293E-04  7.0310E+03  7.4643E-05  1.1365E-05  7.1845E-06
 8.5118E+25  1.9363E-04  7.0309E+03  7.4643E-05  1.1318E-05  7.1845E-06
 8.5211E+25  1.9431E-04  7.0308E+03  7.4643E-05  1.1270E-05  7.1845E-06
 8.5304E+25  1.9502E-04  7.0307E+03  7.4643E-05  1.1223E-05  7.1845E-06
 8.5396E+25  1.9572E-04  7.0307E+03  7.4643E-05  1.1175E-05  7.1845E-06
 8.5489E+25  1.9639E-04  7.0306E+03  7.4643E-05  1.1127E-05  7.1845E-06
 8.5581E+25  1.9721E-04  7.0306E+03  7.4643E-05  1.1080E-05  7.1845E-06
 8.5674E+25  1.9807E-04  7.0305E+03  7.4643E-05  1.1033E-05  7.1845E-06
 8.5766E+25  1.9873E-04  7.0305E+03  7.4643E-05  1.0988E-05  7.1845E-06
 8.5859E+25  1.9940E-04  7.0304E+03  7.4643E-05  1.0943E-05  7.1845E-06
 8.5952E+25  2.0010E-04  7.0303E+03  7.4643E-05  1.0899E-05  7.1845E-06
 8.6044E+25  2.0080E-04  7.0303E+03  7.4643E-05  1.0855E-05  7.1845E-06
 8.6137E+25  2.0152E-04  7.0302E+03  7.4643E-05  1.0813E-05  7.1845E-06
 8.6229E+25  2.0252E-04  7.0302E+03  7.4643E-05  1.0771E-05  7.1845E-06
 8.6322E+25  2.0323E-04  7.0301E+03  7.4643E-05  1.0729E-05  7.1845E-06
 8.6414E+25  2.0390E-04  7.0301E+03  7.4643E-05  1.0686E-05  7.1845E-06
 8.6507E+25  2.0456E-04  7.0300E+03  7.4643E-05  1.0643E-05  7.1845E-06
 8.6600E+25  2.0525E-04  7.0299E+03  7.4643E-05  1.0601E-05  7.1845E-06
 8.6692E+25  2.0596E-04  7.0299E+03  7.4643E-05  1.0558E-05  7.1845E-06
 8.6785E+25  2.0691E-04  7.0298E+03  7.4643E-05  1.0516E-05  7.1845E-06
 8.6877E+25  2.0777E-04  7.0298E+03  7.4643E-05  1.0474E-05  7.1845E-06
 8.6970E+25  2.0846E-04  7.0297E+03  7.4643E-05  1.0431E-05  7.1845E-06
 8.7062E+25  2.0913E-04  7.0296E+03  7.4643E-05  1.0389E-05  7.1845E-06
 8.7155E+25  2.0980E-04  7.0296E+03  7.4643E-05  1.0346E-05  7.1845E-06
 8.7248E+25  2.1047E-04  7.0295E+03  7.4643E-05  1.0304E-05  7.1845E-06
 8.7340E+25  2.1123E-04  7.0294E+03  7.4643E-05  1.0261E-05  7.1845E-06
 8.7433E+25  2.1238E-04  7.0294E+03  7.4643E-05  1.0218E-05  7.1845E-06
 8.7525E+25  2.1307E-04  7.0293E+03  7.4643E-05  1.0176E-05  7.1845E-06
 8.7618E+25  2.1374E-04  7.0293E+03  7.4643E-05  1.0134E-05  7.1845E-06
 8.7710E+25  2.1443E-04  7.0292E+03  7.4643E-05  1.0092E-05  7.1845E-06
 8.7803E+25  2.1510E-04  7.0291E+03  7.4643E-05  1.0051E-05  7.1845E-06
 8.7896E+25  2.1576E-04  7.0291E+03  7.4643E-05  1.0012E-05  7.1845E-06
 8.7988E+25  2.1677E-04  7.0290E+03  7.4643E-05  9.9717E-06  7.1845E-06
 8.8081E+25  2.1774E-04  7.0290E+03  7.4643E-05  9.9328E-06  7.1845E-06
 8.8173E+25  2.1843E-04  7.0289E+03  7.4643E-05  9.8955E-06  7.1845E-06
 8.8266E+25  2.1909E-04  7.0288E+03  7.4643E-05  9.8579E-06  7.1845E-06
 8.8358E+25  2.1977E-04  7.0287E+03  7.4643E-05  9.8199E-06  7.1845E-06
 8.8451E+25  2.2045E-04  7.0287E+03  7.4643E-05  9.7819E-06  7.1845E-06
 8.8544E+25  2.2117E-04  7.0286E+03  7.4643E-05  9.7440E-06  7.1845E-06
 8.8636E+25  2.2239E-04  7.0286E+03  7.4643E-05  9.7061E-06  7.1845E-06
 8.8729E+25  2.2313E-04  7.0285E+03  7.4643E-05  9.6683E-06  7.1845E-06
 8.8821E+25  2.2383E-04  7.0284E+03  7.4643E-05  9.6305E-06  7.1845E-06
 8.8914E+25  2.2450E-04  7.0284E+03  7.4643E-05  9.5927E-06  7.1845E-06
 8.9006E+25  2.2516E-04  7.0283E+03  7.4643E-05  9.5550E-06  7.1845E-06
 8.9099E+25  2.2585E-04  7.0282E+03  7.4643E-05  9.5170E-06  7.1845E-06
 8.9192E+25  2.2683E-04  7.0282E+03  7.4643E-05  9.4791E-06  7.1845E-06
 8.9284E+25  2.2791E-04  7.0281E+03  7.4643E-05  9.4411E-06  7.1845E-06
 8.9377E+25  2.2857E-04  7.0280E+03  7.4643E-05  9.4032E-06  7.1845E-06
 8.9469E+25  2.2926E-04  7.0280E+03  7.4643E-05  9.3653E-06  7.1845E-06
 8.9562E+25  2.2995E-04  7.0279E+03  7.4643E-05  9.3275E-06  7.1845E-06
 8.9654E+25  2.3060E-04  7.0278E+03  7.4643E-05  9.2897E-06  7.1845E-06
 8.9747E+25  2.3132E-04  7.0278E+03  7.4643E-05  9.2518E-06  7.1845E-06
 8.9840E+25  2.3259E-04  7.0277E+03  7.4643E-05  9.2148E-06  7.1845E-06
 8.9932E+25  2.3342E-04  7.0276E+03  7.4643E-05  9.1791E-06  7.1845E-06
 9.0025E+25  2.3406E-04  7.0276E+03  7.4643E-05  9.1434E-06  7.1845E-06
 9.0117E+25  2.3474E-04  7.0275E+03  7.4643E-05  9.1078E-06  7.1845E-06
 9.0210E+25  2.3543E-04  7.0274E+03  7.4643E-05  9.0737E-06  7.1845E-06
 9.0302E+25  2.3610E-04  7.0273E+03  7.4643E-05  9.0405E-06  7.1845E-06
 9.0395E+25  2.3692E-04  7.0273E+03  7.4643E-05  9.0069E-06  7.1845E-06
 9.0487E+25  2.3829E-04  7.0272E+03  7.4643E-05  8.9730E-06  7.1845E-06
 9.0580E+25  2.3895E-04  7.0272E+03  7.4643E-05  8.9393E-06  7.1845E-06
 9.0673E+25  2.3961E-04  7.0271E+03  7.4643E-05  8.9055E-06  7.1845E-06
 9.0765E+25  2.4025E-04  7.0270E+03  7.4643E-05  8.8717E-06  7.1845E-06
 9.0858E+25  2.4093E-04  7.0269E+03  7.4643E-05  8.8380E-06  7.1845E-06
 9.0950E+25  2.4163E-04  7.0269E+03  7.4643E-05  8.8044E-06  7.1845E-06
 9.1043E+25  2.4274E-04  7.0268E+03  7.4643E-05  8.7707E-06  7.1845E-06
 9.1135E+25  2.4386E-04  7.0267E+03  7.4643E-05  8.7371E-06  7.1845E-06
 9.1228E+25  2.4452E-04  7.0267E+03  7.4643E-05  8.7033E-06  7.1845E-06
 9.1321E+25  2.4517E-04  7.0266E+03  7.4643E-05  8.6694E-06  7.1845E-06
 9.1413E+25  2.4582E-04  7.0265E+03  7.4643E-05  8.6356E-06  7.1845E-06
 9.1506E+25  2.4646E-04  7.0264E+03  7.4643E-05  8.6018E-06  7.1845E-06
 9.1598E+25  2.4718E-04  7.0264E+03  7.4643E-05  8.5680E-06  7.1845E-06
 9.1691E+25  2.4857E-04  7.0263E+03  7.4643E-05  8.5343E-06  7.1845E-06
 9.1783E+25  2.4944E-04  7.0262E+03  7.4643E-05  8.5005E-06  7.1845E-06
 9.1876E+25  2.5011E-04  7.0262E+03  7.4643E-05  8.4668E-06  7.1845E-06
 9.1969E+25  2.5075E-04  7.0261E+03  7.4643E-05  8.4334E-06  7.1845E-06
 9.2061E+25  2.5140E-04  7.0260E+03  7.4643E-05  8.4013E-06  7.1845E-06
 9.2154E+25  2.5204E-04  7.0259E+03  7.4643E-05  8.3695E-06  7.1845E-06
 9.2246E+25  2.5281E-04  7.0259E+03  7.4643E-05  8.3374E-06  7.1845E-06
 9.2339E+25  2.5435E-04  7.0258E+03  7.4643E-05  8.3064E-06  7.1845E-06
 9.2431E+25  2.5506E-04  7.0257E+03  7.4643E-05  8.2768E-06  7.1845E-06
 9.2524E+25  2.5569E-04  7.0257E+03  7.4643E-05  8.2471E-06  7.1845E-06
