 4.6285E+22  3.2663E-11  1.1697E+04  7.4643E-05  1.0000E+00  7.1845E-06
 1.3886E+23  2.2859E-10  1.1701E+04  7.4643E-05  1.0000E+00  7.1845E-06
 2.3143E+23  6.1998E-10  1.1714E+04  7.4643E-05  1.0000E+00  7.1845E-06
 3.2400E+23  1.2053E-09  1.1741E+04  7.4643E-05  1.0000E+00  7.1845E-06
 4.1657E+23  1.9812E-09  1.1789E+04  7.4643E-05  1.0000E+00  7.1845E-06
 5.0914E+23  2.9417E-09  1.1868E+04  7.4643E-05  1.0000E+00  7.1845E-06
 6.0171E+23  4.0741E-09  1.1989E+04  7.4643E-05  1.0000E+00  7.1845E-06
 6.9428E+23  5.3662E-09  1.2164E+04  7.4643E-05  1.0000E+00  7.1845E-06
 7.8685E+23  6.7854E-09  1.2421E+04  7.4643E-05  1.0000E+00  7.1845E-06
 8.7942E+23  8.3017E-09  1.2779E+04  7.4643E-05  1.0000E+00  7.1845E-06
 9.7199E+23  9.8976E-09  1.3212E+04  7.4643E-05  1.0000E+00  7.1845E-06
 1.0646E+24  1.1594E-08  1.3649E+04  7.4643E-05  1.0000E+00  7.1845E-06
 1.1571E+24  1.3466E-08  1.3966E+04  7.4643E-05  1.0000E+00  7.1845E-06
 1.2497E+24  1.5575E-08  1.4136E+04  7.4643E-05  1.0000E+00  7.1845E-06
 1.3423E+24  1.7869E-08  1.4231E+04  7.4643E-05  1.0000E+00  7.1845E-06
 1.4348E+24  2.0316E-08  1.4331E+04  7.4643E-05  9.9999E-01  7.1845E-06
 1.5274E+24  2.2906E-08  1.4431E+04  7.4643E-05  9.9999E-01  7.1845E-06
 1.6200E+24  2.5645E-08  1.4524E+04  7.4643E-05  9.9999E-01  7.1845E-06
 1.7126E+24  2.8520E-08  1.4614E+04  7.4643E-05  9.9999E-01  7.1845E-06
 1.8051E+24  3.1568E-08  1.4697E+04  7.4643E-05  9.9999E-01  7.1845E-06
 1.8977E+24  3.4738E-08  1.4775E+04  7.4643E-05  9.9999E-01  7.1845E-06
 1.9903E+24  3.8079E-08  1.4852E+04  7.4643E-05  9.9999E-01  7.1845E-06
 2.0828E+24  4.1536E-08  1.4926E+04  7.4643E-05  9.9999E-01  7.1845E-06
 2.1754E+24  4.5150E-08  1.4998E+04  7.4643E-05  9.9999E-01  7.1845E-06
 2.2680E+24  4.8901E-08  1.5069E+04  7.4643E-05  9.9999E-01  7.1845E-06
 2.3605E+24  5.2811E-08  1.5137E+04  7.4643E-05  9.9999E-01  7.1845E-06
 2.4531E+24  5.6851E-08  1.5200E+04  7.4643E-05  9.9999E-01  7.1845E-06
 2.5457E+24  6.1027E-08  1.5265E+04  7.4643E-05  9.9998E-01  7.1845E-06
 2.6383E+24  6.5376E-08  1.5328E+04  7.4643E-05  9.9998E-01  7.1845E-06
 2.7308E+24  6.9811E-08  1.5387E+04  7.4643E-05  9.9998E-01  7.1845E-06
 2.8234E+24  7.4425E-08  1.5447E+04  7.4643E-05  9.9998E-01  7.1845E-06
 2.9160E+24  7.9137E-08  1.5503E+04  7.4643E-05  9.9998E-01  7.1845E-06
 3.0085E+24  8.4076E-08  1.5559E+04  7.4643E-05  9.9998E-01  7.1845E-06
 3.1011E+24  8.9104E-08  1.5615E+04  7.4643E-05  9.9998E-01  7.1845E-06
 3.1937E+24  9.4248E-08  1.5668E+04  7.4643E-05  9.9998E-01  7.1845E-06
 3.2862E+24  9.9511E-08  1.5719E+04  7.4643E-05  9.9997E-01  7.1845E-06
 3.3788E+24  1.0491E-07  1.5770E+04  7.4643E-05  9.9997E-01  7.1845E-06
 3.4714E+24  1.1047E-07  1.5820E+04  7.4643E-05  9.9997E-01  7.1845E-06
 3.5640E+24  1.1622E-07  1.5868E+04  7.4643E-05  9.9997E-01  7.1845E-06
 3.6565E+24  1.2219E-07  1.5915E+04  7.4643E-05  9.9997E-01  7.1845E-06
 3.7491E+24  1.2796E-07  1.5962E+04  7.4643E-05  9.9997E-01  7.1845E-06
 3.8417E+24  1.3421E-07  1.6007E+04  7.4643E-05  9.9997E-01  7.1845E-06
 3.9342E+24  1.4040E-07  1.6051E+04  7.4643E-05  9.9996E-01  7.1845E-06
 4.0268E+24  1.4691E-07  1.6096E+04  7.4643E-05  9.9996E-01  7.1845E-06
 4.1194E+24  1.5322E-07  1.6138E+04  7.4643E-05  9.9996E-01  7.1845E-06
 4.2120E+24  1.6009E-07  1.6179E+04  7.4643E-05  9.9996E-01  7.1845E-06
 4.3045E+24  1.6690E-07  1.6220E+04  7.4643E-05  9.9996E-01  7.1845E-06
 4.3971E+24  1.7359E-07  1.6260E+04  7.4643E-05  9.9996E-01  7.1845E-06
 4.4897E+24  1.8074E-07  1.6300E+04  7.4643E-05  9.9995E-01  7.1845E-06
 4.5822E+24  1.8799E-07  1.6338E+04  7.4643E-05  9.9995E-01  7.1845E-06
 4.6748E+24  1.9534E-07  1.6377E+04  7.4643E-05  9.9995E-01  7.1845E-06
 4.7674E+24  2.0281E-07  1.6414E+04  7.4643E-05  9.9995E-01  7.1845E-06
 4.8599E+24  2.1039E-07  1.6451E+04  7.4643E-05  9.9995E-01  7.1845E-06
 4.9525E+24  2.1810E-07  1.6486E+04  7.4643E-05  9.9994E-01  7.1845E-06
 5.0451E+24  2.2595E-07  1.6521E+04  7.4643E-05  9.9994E-01  7.1845E-06
 5.1377E+24  2.3396E-07  1.6556E+04  7.4643E-05  9.9994E-01  7.1845E-06
 5.2302E+24  2.4213E-07  1.6590E+04  7.4643E-05  9.9994E-01  7.1845E-06
 5.3228E+24  2.5049E-07  1.6624E+04  7.4643E-05  9.9994E-01  7.1845E-06
 5.4154E+24  2.5905E-07  1.6657E+04  7.4643E-05  9.9993E-01  7.1845E-06
 5.5079E+24  2.6709E-07  1.6690E+04  7.4643E-05  9.9993E-01  7.1845E-06
 5.6005E+24  2.7577E-07  1.6722E+04  7.4643E-05  9.9993E-01  7.1845E-06
 5.6931E+24  2.8487E-07  1.6754E+04  7.4643E-05  9.9993E-01  7.1845E-06
 5.7856E+24  2.9405E-07  1.6784E+04  7.4643E-05  9.9992E-01  7.1845E-06
 5.8782E+24  3.0227E-07  1.6815E+04  7.4643E-05  9.9992E-01  7.1845E-06
 5.9708E+24  3.1205E-07  1.6845E+04  7.4643E-05  9.9992E-01  7.1845E-06
 6.0634E+24  3.2143E-07  1.6874E+04  7.4643E-05  9.9992E-01  7.1845E-06
 6.1559E+24  3.3036E-07  1.6903E+04  7.4643E-05  9.9991E-01  7.1845E-06
 6.2485E+24  3.4098E-07  1.6932E+04  7.4643E-05  9.9991E-01  7.1845E-06
 6.3411E+24  3.4930E-07  1.6960E+04  7.4643E-05  9.9991E-01  7.1845E-06
 6.4336E+24  3.6044E-07  1.6988E+04  7.4643E-05  9.9991E-01  7.1845E-06
 6.5262E+24  3.6921E-07  1.7016E+04  7.4643E-05  9.9990E-01  7.1845E-06
 6.6188E+24  3.8066E-07  1.7043E+04  7.4643E-05  9.9990E-01  7.1845E-06
 6.7113E+24  3.8941E-07  1.7070E+04  7.4643E-05  9.9990E-01  7.1845E-06
 6.8039E+24  4.0119E-07  1.7096E+04  7.4643E-05  9.9990E-01  7.1845E-06
 6.8965E+24  4.1044E-07  1.7122E+04  7.4643E-05  9.9989E-01  7.1845E-06
 6.9891E+24  4.2175E-07  1.7148E+04  7.4643E-05  9.9989E-01  7.1845E-06
 7.0816E+24  4.3281E-07  1.7173E+04  7.4643E-05  9.9989E-01  7.1845E-06
 7.1742E+24  4.4263E-07  1.7199E+04  7.4643E-05  9.9989E-01  7.1845E-06
 7.2668E+24  4.5473E-07  1.7223E+04  7.4643E-05  9.9988E-01  7.1845E-06
 7.3593E+24  4.6558E-07  1.7248E+04  7.4643E-05  9.9988E-01  7.1845E-06
 7.4519E+24  4.7609E-07  1.7272E+04  7.4643E-05  9.9988E-01  7.1845E-06
 7.5445E+24  4.8838E-07  1.7296E+04  7.4643E-05  9.9987E-01  7.1845E-06
 7.6371E+24  5.0049E-07  1.7320E+04  7.4643E-05  9.9987E-01  7.1845E-06
 7.7296E+24  5.1034E-07  1.7343E+04  7.4643E-05  9.9987E-01  7.1845E-06
 7.8222E+24  5.2281E-07  1.7366E+04  7.4643E-05  9.9986E-01  7.1845E-06
 7.9148E+24  5.3538E-07  1.7389E+04  7.4643E-05  9.9986E-01  7.1845E-06
 8.0073E+24  5.4802E-07  1.7412E+04  7.4643E-05  9.9986E-01  7.1845E-06
 8.0999E+24  5.5834E-07  1.7434E+04  7.4643E-05  9.9986E-01  7.1845E-06
 8.1925E+24  5.7096E-07  1.7456E+04  7.4643E-05  9.9985E-01  7.1845E-06
 8.2850E+24  5.8383E-07  1.7478E+04  7.4643E-05  9.9985E-01  7.1845E-06
 8.3776E+24  5.9677E-07  1.7500E+04  7.4643E-05  9.9985E-01  7.1845E-06
 8.4702E+24  6.0980E-07  1.7521E+04  7.4643E-05  9.9984E-01  7.1845E-06
 8.5628E+24  6.2256E-07  1.7542E+04  7.4643E-05  9.9984E-01  7.1845E-06
 8.6553E+24  6.3414E-07  1.7563E+04  7.4643E-05  9.9984E-01  7.1845E-06
 8.7479E+24  6.4741E-07  1.7584E+04  7.4643E-05  9.9983E-01  7.1845E-06
 8.8405E+24  6.6080E-07  1.7605E+04  7.4643E-05  9.9983E-01  7.1845E-06
 8.9330E+24  6.7429E-07  1.7625E+04  7.4643E-05  9.9982E-01  7.1845E-06
 9.0256E+24  6.8785E-07  1.7645E+04  7.4643E-05  9.9982E-01  7.1845E-06
 9.1182E+24  7.0151E-07  1.7665E+04  7.4643E-05  9.9982E-01  7.1845E-06
 9.2107E+24  7.1527E-07  1.7685E+04  7.4643E-05  9.9981E-01  7.1845E-06
 9.3033E+24  7.2912E-07  1.7704E+04  7.4643E-05  9.9981E-01  7.1845E-06
 9.3959E+24  7.4307E-07  1.7724E+04  7.4643E-05  9.9981E-01  7.1845E-06
 9.4885E+24  7.5713E-07  1.7743E+04  7.4643E-05  9.9980E-01  7.1845E-06
 9.5810E+24  7.7129E-07  1.7762E+04  7.4643E-05  9.9980E-01  7.1845E-06
 9.6736E+24  7.8556E-07  1.7781E+04  7.4643E-05  9.9980E-01  7.1845E-06
 9.7662E+24  7.9994E-07  1.7800E+04  7.4643E-05  9.9979E-01  7.1845E-06
 9.8587E+24  8.1445E-07  1.7818E+04  7.4643E-05  9.9979E-01  7.1845E-06
 9.9513E+24  8.2909E-07  1.7836E+04  7.4643E-05  9.9978E-01  7.1845E-06
 1.0044E+25  8.4386E-07  1.7855E+04  7.4643E-05  9.9978E-01  7.1845E-06
 1.0136E+25  8.5878E-07  1.7873E+04  7.4643E-05  9.9978E-01  7.1845E-06
 1.0229E+25  8.7384E-07  1.7891E+04  7.4643E-05  9.9977E-01  7.1845E-06
 1.0322E+25  8.8905E-07  1.7908E+04  7.4643E-05  9.9977E-01  7.1845E-06
 1.0414E+25  9.0443E-07  1.7926E+04  7.4643E-05  9.9976E-01  7.1845E-06
 1.0507E+25  9.1998E-07  1.7943E+04  7.4643E-05  9.9976E-01  7.1845E-06
 1.0599E+25  9.3570E-07  1.7961E+04  7.4643E-05  9.9976E-01  7.1845E-06
 1.0692E+25  9.5163E-07  1.7978E+04  7.4643E-05  9.9975E-01  7.1845E-06
 1.0784E+25  9.6775E-07  1.7995E+04  7.4643E-05  9.9975E-01  7.1845E-06
 1.0877E+25  9.8407E-07  1.8011E+04  7.4643E-05  9.9974E-01  7.1845E-06
 1.0970E+25  1.0005E-06  1.8028E+04  7.4643E-05  9.9973E-01  7.1845E-06
 1.1062E+25  1.0143E-06  1.8045E+04  7.4643E-05  9.9972E-01  7.1845E-06
 1.1155E+25  1.0304E-06  1.8061E+04  7.4643E-05  9.9969E-01  7.1845E-06
 1.1247E+25  1.0473E-06  1.8077E+04  7.4643E-05  9.9966E-01  7.1845E-06
 1.1340E+25  1.0644E-06  1.8093E+04  7.4643E-05  9.9959E-01  7.1845E-06
 1.1432E+25  1.0817E-06  1.8109E+04  7.4643E-05  9.9947E-01  7.1845E-06
 1.1525E+25  1.0994E-06  1.8124E+04  7.4643E-05  9.9927E-01  7.1845E-06
 1.1618E+25  1.1173E-06  1.8138E+04  7.4643E-05  9.9890E-01  7.1845E-06
 1.1710E+25  1.1313E-06  1.8151E+04  7.4643E-05  9.9827E-01  7.1845E-06
 1.1803E+25  1.1478E-06  1.8162E+04  7.4643E-05  9.9716E-01  7.1845E-06
 1.1895E+25  1.1664E-06  1.8170E+04  7.4643E-05  9.9524E-01  7.1845E-06
 1.1988E+25  1.1855E-06  1.8171E+04  7.4643E-05  9.9199E-01  7.1845E-06
 1.2080E+25  1.2051E-06  1.8164E+04  7.4643E-05  9.8652E-01  7.1845E-06
 1.2173E+25  1.2237E-06  1.8141E+04  7.4643E-05  9.7748E-01  7.1845E-06
 1.2266E+25  1.2387E-06  1.8094E+04  7.4643E-05  9.6286E-01  7.1845E-06
 1.2358E+25  1.2612E-06  1.8009E+04  7.4643E-05  9.3986E-01  7.1845E-06
 1.2451E+25  1.2859E-06  1.7870E+04  7.4643E-05  9.0504E-01  7.1845E-06
 1.2543E+25  1.3136E-06  1.7656E+04  7.4643E-05  8.5506E-01  7.1845E-06
 1.2636E+25  1.3420E-06  1.7347E+04  7.4643E-05  7.8817E-01  7.1845E-06
 1.2728E+25  1.3736E-06  1.6935E+04  7.4643E-05  7.0612E-01  7.1845E-06
 1.2821E+25  1.4171E-06  1.6427E+04  7.4643E-05  6.1497E-01  7.1845E-06
 1.2914E+25  1.4671E-06  1.5849E+04  7.4643E-05  5.2341E-01  7.1845E-06
 1.3006E+25  1.5229E-06  1.5240E+04  7.4643E-05  4.3935E-01  7.1845E-06
 1.3099E+25  1.5820E-06  1.4635E+04  7.4643E-05  3.6740E-01  7.1845E-06
 1.3191E+25  1.6385E-06  1.4060E+04  7.4643E-05  3.0856E-01  7.1845E-06
 1.3284E+25  1.7032E-06  1.3530E+04  7.4643E-05  2.6156E-01  7.1845E-06
 1.3376E+25  1.7686E-06  1.3049E+04  7.4643E-05  2.2426E-01  7.1845E-06
 1.3469E+25  1.8335E-06  1.2617E+04  7.4643E-05  1.9452E-01  7.1845E-06
 1.3562E+25  1.8979E-06  1.2230E+04  7.4643E-05  1.7056E-01  7.1845E-06
 1.3654E+25  1.9615E-06  1.1883E+04  7.4643E-05  1.5101E-01  7.1845E-06
 1.3747E+25  2.0242E-06  1.1571E+04  7.4643E-05  1.3483E-01  7.1845E-06
 1.3839E+25  2.0860E-06  1.1291E+04  7.4643E-05  1.2128E-01  7.1845E-06
 1.3932E+25  2.1430E-06  1.1037E+04  7.4643E-05  1.0980E-01  7.1845E-06
 1.4024E+25  2.2015E-06  1.0807E+04  7.4643E-05  9.9966E-02  7.1845E-06
 1.4117E+25  2.2610E-06  1.0598E+04  7.4643E-05  9.1466E-02  7.1845E-06
 1.4210E+25  2.3195E-06  1.0406E+04  7.4643E-05  8.4057E-02  7.1845E-06
 1.4302E+25  2.3777E-06  1.0231E+04  7.4643E-05  7.7552E-02  7.1845E-06
 1.4395E+25  2.4352E-06  1.0070E+04  7.4643E-05  7.1802E-02  7.1845E-06
 1.4487E+25  2.4923E-06  9.9215E+03  7.4643E-05  6.6690E-02  7.1845E-06
 1.4580E+25  2.5490E-06  9.7842E+03  7.4643E-05  6.2120E-02  7.1845E-06
 1.4672E+25  2.6053E-06  9.6568E+03  7.4643E-05  5.8015E-02  7.1845E-06
 1.4765E+25  2.6616E-06  9.5385E+03  7.4643E-05  5.4312E-02  7.1845E-06
 1.4858E+25  2.7170E-06  9.4283E+03  7.4643E-05  5.0957E-02  7.1845E-06
 1.4950E+25  2.7650E-06  9.3255E+03  7.4643E-05  4.7906E-02  7.1845E-06
 1.5043E+25  2.8196E-06  9.2293E+03  7.4643E-05  4.5122E-02  7.1845E-06
 1.5135E+25  2.8745E-06  9.1393E+03  7.4643E-05  4.2575E-02  7.1845E-06
 1.5228E+25  2.9295E-06  9.0547E+03  7.4643E-05  4.0236E-02  7.1845E-06
 1.5320E+25  2.9846E-06  8.9753E+03  7.4643E-05  3.8084E-02  7.1845E-06
 1.5413E+25  3.0397E-06  8.9005E+03  7.4643E-05  3.6097E-02  7.1845E-06
 1.5506E+25  3.0950E-06  8.8300E+03  7.4643E-05  3.4260E-02  7.1845E-06
 1.5598E+25  3.1491E-06  8.7634E+03  7.4643E-05  3.2558E-02  7.1845E-06
 1.5691E+25  3.1921E-06  8.7004E+03  7.4643E-05  3.0975E-02  7.1845E-06
 1.5783E+25  3.2469E-06  8.6409E+03  7.4643E-05  2.9503E-02  7.1845E-06
 1.5876E+25  3.3022E-06  8.5845E+03  7.4643E-05  2.8131E-02  7.1845E-06
 1.5968E+25  3.3580E-06  8.5309E+03  7.4643E-05  2.6849E-02  7.1845E-06
 1.6061E+25  3.4143E-06  8.4801E+03  7.4643E-05  2.5650E-02  7.1845E-06
 1.6154E+25  3.4696E-06  8.4318E+03  7.4643E-05  2.4527E-02  7.1845E-06
 1.6246E+25  3.5082E-06  8.3858E+03  7.4643E-05  2.3472E-02  7.1845E-06
 1.6339E+25  3.5644E-06  8.3420E+03  7.4643E-05  2.2482E-02  7.1845E-06
 1.6431E+25  3.6216E-06  8.3003E+03  7.4643E-05  2.1550E-02  7.1845E-06
 1.6524E+25  3.6796E-06  8.2604E+03  7.4643E-05  2.0672E-02  7.1845E-06
 1.6616E+25  3.7370E-06  8.2224E+03  7.4643E-05  1.9845E-02  7.1845E-06
 1.6709E+25  3.7715E-06  8.1861E+03  7.4643E-05  1.9063E-02  7.1845E-06
 1.6802E+25  3.8297E-06  8.1514E+03  7.4643E-05  1.8324E-02  7.1845E-06
 1.6894E+25  3.8894E-06  8.1182E+03  7.4643E-05  1.7625E-02  7.1845E-06
 1.6987E+25  3.9500E-06  8.0863E+03  7.4643E-05  1.6963E-02  7.1845E-06
 1.7079E+25  3.9916E-06  8.0559E+03  7.4643E-05  1.6335E-02  7.1845E-06
 1.7172E+25  4.0404E-06  8.0266E+03  7.4643E-05  1.5740E-02  7.1845E-06
 1.7264E+25  4.1024E-06  7.9986E+03  7.4643E-05  1.5174E-02  7.1845E-06
 1.7357E+25  4.1656E-06  7.9717E+03  7.4643E-05  1.4636E-02  7.1845E-06
 1.7450E+25  4.2056E-06  7.9458E+03  7.4643E-05  1.4125E-02  7.1845E-06
 1.7542E+25  4.2555E-06  7.9210E+03  7.4643E-05  1.3638E-02  7.1845E-06
 1.7635E+25  4.3204E-06  7.8971E+03  7.4643E-05  1.3174E-02  7.1845E-06
 1.7727E+25  4.3866E-06  7.8741E+03  7.4643E-05  1.2732E-02  7.1845E-06
 1.7820E+25  4.4115E-06  7.8520E+03  7.4643E-05  1.2310E-02  7.1845E-06
 1.7912E+25  4.4767E-06  7.8307E+03  7.4643E-05  1.1907E-02  7.1845E-06
 1.8005E+25  4.5454E-06  7.8102E+03  7.4643E-05  1.1522E-02  7.1845E-06
 1.8097E+25  4.5890E-06  7.7904E+03  7.4643E-05  1.1154E-02  7.1845E-06
 1.8190E+25  4.6355E-06  7.7714E+03  7.4643E-05  1.0802E-02  7.1845E-06
 1.8283E+25  4.7068E-06  7.7530E+03  7.4643E-05  1.0464E-02  7.1845E-06
 1.8375E+25  4.7634E-06  7.7352E+03  7.4643E-05  1.0142E-02  7.1845E-06
 1.8468E+25  4.7966E-06  7.7181E+03  7.4643E-05  9.8328E-03  7.1845E-06
 1.8560E+25  4.8710E-06  7.7015E+03  7.4643E-05  9.5360E-03  7.1845E-06
 1.8653E+25  4.9345E-06  7.6855E+03  7.4643E-05  9.2519E-03  7.1845E-06
 1.8745E+25  4.9618E-06  7.6701E+03  7.4643E-05  8.9788E-03  7.1845E-06
 1.8838E+25  5.0394E-06  7.6551E+03  7.4643E-05  8.7166E-03  7.1845E-06
 1.8931E+25  5.1014E-06  7.6407E+03  7.4643E-05  8.4651E-03  7.1845E-06
 1.9023E+25  5.1310E-06  7.6267E+03  7.4643E-05  8.2227E-03  7.1845E-06
 1.9116E+25  5.2127E-06  7.6132E+03  7.4643E-05  7.9905E-03  7.1845E-06
 1.9208E+25  5.2652E-06  7.6000E+03  7.4643E-05  7.7662E-03  7.1845E-06
 1.9301E+25  5.3052E-06  7.5873E+03  7.4643E-05  7.5511E-03  7.1845E-06
 1.9393E+25  5.3912E-06  7.5750E+03  7.4643E-05  7.3434E-03  7.1845E-06
 1.9486E+25  5.4244E-06  7.5631E+03  7.4643E-05  7.1439E-03  7.1845E-06
 1.9579E+25  5.4855E-06  7.5515E+03  7.4643E-05  6.9512E-03  7.1845E-06
 1.9671E+25  5.5735E-06  7.5403E+03  7.4643E-05  6.7657E-03  7.1845E-06
 1.9764E+25  5.5814E-06  7.5295E+03  7.4643E-05  6.5867E-03  7.1845E-06
 1.9856E+25  5.6726E-06  7.5189E+03  7.4643E-05  6.4142E-03  7.1845E-06
 1.9949E+25  5.7274E-06  7.5087E+03  7.4643E-05  6.2475E-03  7.1845E-06
 2.0041E+25  5.7696E-06  7.4987E+03  7.4643E-05  6.0868E-03  7.1845E-06
 2.0134E+25  5.8673E-06  7.4891E+03  7.4643E-05  5.9314E-03  7.1845E-06
 2.0227E+25  5.8756E-06  7.4797E+03  7.4643E-05  5.7816E-03  7.1845E-06
 2.0319E+25  5.9670E-06  7.4706E+03  7.4643E-05  5.6363E-03  7.1845E-06
 2.0412E+25  6.0224E-06  7.4617E+03  7.4643E-05  5.4965E-03  7.1845E-06
 2.0504E+25  6.0672E-06  7.4531E+03  7.4643E-05  5.3606E-03  7.1845E-06
 2.0597E+25  6.1681E-06  7.4448E+03  7.4643E-05  5.2300E-03  7.1845E-06
 2.0689E+25  6.1692E-06  7.4366E+03  7.4643E-05  5.1027E-03  7.1845E-06
 2.0782E+25  6.2776E-06  7.4287E+03  7.4643E-05  4.9804E-03  7.1845E-06
 2.0875E+25  6.3076E-06  7.4210E+03  7.4643E-05  4.8613E-03  7.1845E-06
 2.0967E+25  6.3827E-06  7.4135E+03  7.4643E-05  4.7463E-03  7.1845E-06
 2.1060E+25  6.4509E-06  7.4062E+03  7.4643E-05  4.6350E-03  7.1845E-06
 2.1152E+25  6.4891E-06  7.3991E+03  7.4643E-05  4.5267E-03  7.1845E-06
 2.1245E+25  6.5941E-06  7.3922E+03  7.4643E-05  4.4224E-03  7.1845E-06
 2.1337E+25  6.5965E-06  7.3855E+03  7.4643E-05  4.3206E-03  7.1845E-06
 2.1430E+25  6.7193E-06  7.3789E+03  7.4643E-05  4.2225E-03  7.1845E-06
 2.1523E+25  6.7229E-06  7.3725E+03  7.4643E-05  4.1270E-03  7.1845E-06
 2.1615E+25  6.8319E-06  7.3663E+03  7.4643E-05  4.0342E-03  7.1845E-06
 2.1708E+25  6.8628E-06  7.3602E+03  7.4643E-05  3.9447E-03  7.1845E-06
 2.1800E+25  6.9461E-06  7.3543E+03  7.4643E-05  3.8572E-03  7.1845E-06
 2.1893E+25  7.0020E-06  7.3486E+03  7.4643E-05  3.7727E-03  7.1845E-06
 2.1985E+25  7.0622E-06  7.3429E+03  7.4643E-05  3.6905E-03  7.1845E-06
 2.2078E+25  7.1406E-06  7.3374E+03  7.4643E-05  3.6104E-03  7.1845E-06
 2.2171E+25  7.1805E-06  7.3321E+03  7.4643E-05  3.5332E-03  7.1845E-06
 2.2263E+25  7.2783E-06  7.3268E+03  7.4643E-05  3.4576E-03  7.1845E-06
 2.2356E+25  7.3008E-06  7.3217E+03  7.4643E-05  3.3843E-03  7.1845E-06
 2.2448E+25  7.4150E-06  7.3168E+03  7.4643E-05  3.3133E-03  7.1845E-06
 2.2541E+25  7.4235E-06  7.3119E+03  7.4643E-05  3.2438E-03  7.1845E-06
 2.2633E+25  7.5509E-06  7.3072E+03  7.4643E-05  3.1765E-03  7.1845E-06
 2.2726E+25  7.5489E-06  7.3025E+03  7.4643E-05  3.1112E-03  7.1845E-06
 2.2819E+25  7.6860E-06  7.2980E+03  7.4643E-05  3.0471E-03  7.1845E-06
 2.2911E+25  7.6770E-06  7.2936E+03  7.4643E-05  2.9853E-03  7.1845E-06
 2.3004E+25  7.8199E-06  7.2893E+03  7.4643E-05  2.9250E-03  7.1845E-06
 2.3096E+25  7.8080E-06  7.2850E+03  7.4643E-05  2.8659E-03  7.1845E-06
 2.3189E+25  7.9528E-06  7.2809E+03  7.4643E-05  2.8090E-03  7.1845E-06
 2.3281E+25  7.9421E-06  7.2769E+03  7.4643E-05  2.7533E-03  7.1845E-06
 2.3374E+25  8.0846E-06  7.2729E+03  7.4643E-05  2.6987E-03  7.1845E-06
 2.3467E+25  8.0796E-06  7.2691E+03  7.4643E-05  2.6461E-03  7.1845E-06
 2.3559E+25  8.2151E-06  7.2653E+03  7.4643E-05  2.5946E-03  7.1845E-06
 2.3652E+25  8.2205E-06  7.2616E+03  7.4643E-05  2.5441E-03  7.1845E-06
 2.3744E+25  8.3445E-06  7.2580E+03  7.4643E-05  2.4954E-03  7.1845E-06
 2.3837E+25  8.3651E-06  7.2545E+03  7.4643E-05  2.4478E-03  7.1845E-06
 2.3929E+25  8.4727E-06  7.2510E+03  7.4643E-05  2.4010E-03  7.1845E-06
 2.4022E+25  8.5137E-06  7.2477E+03  7.4643E-05  2.3557E-03  7.1845E-06
 2.4115E+25  8.5996E-06  7.2444E+03  7.4643E-05  2.3117E-03  7.1845E-06
 2.4207E+25  8.6664E-06  7.2411E+03  7.4643E-05  2.2684E-03  7.1845E-06
 2.4300E+25  8.7253E-06  7.2380E+03  7.4643E-05  2.2262E-03  7.1845E-06
 2.4392E+25  8.8235E-06  7.2349E+03  7.4643E-05  2.1854E-03  7.1845E-06
 2.4485E+25  8.8496E-06  7.2318E+03  7.4643E-05  2.1452E-03  7.1845E-06
 2.4577E+25  8.9851E-06  7.2289E+03  7.4643E-05  2.1058E-03  7.1845E-06
 2.4670E+25  8.9726E-06  7.2260E+03  7.4643E-05  2.0679E-03  7.1845E-06
 2.4763E+25  9.1449E-06  7.2231E+03  7.4643E-05  2.0307E-03  7.1845E-06
 2.4855E+25  9.1008E-06  7.2203E+03  7.4643E-05  1.9940E-03  7.1845E-06
 2.4948E+25  9.2683E-06  7.2176E+03  7.4643E-05  1.9585E-03  7.1845E-06
 2.5040E+25  9.2689E-06  7.2149E+03  7.4643E-05  1.9240E-03  7.1845E-06
 2.5133E+25  9.3890E-06  7.2123E+03  7.4643E-05  1.8899E-03  7.1845E-06
 2.5225E+25  9.4438E-06  7.2097E+03  7.4643E-05  1.8566E-03  7.1845E-06
 2.5318E+25  9.5081E-06  7.2072E+03  7.4643E-05  1.8244E-03  7.1845E-06
 2.5411E+25  9.6240E-06  7.2047E+03  7.4643E-05  1.7928E-03  7.1845E-06
 2.5503E+25  9.6259E-06  7.2023E+03  7.4643E-05  1.7617E-03  7.1845E-06
 2.5596E+25  9.8035E-06  7.1999E+03  7.4643E-05  1.7314E-03  7.1845E-06
 2.5688E+25  9.7489E-06  7.1976E+03  7.4643E-05  1.7020E-03  7.1845E-06
 2.5781E+25  9.9220E-06  7.1953E+03  7.4643E-05  1.6731E-03  7.1845E-06
 2.5873E+25  9.9375E-06  7.1930E+03  7.4643E-05  1.6446E-03  7.1845E-06
 2.5966E+25  1.0037E-05  7.1909E+03  7.4643E-05  1.6170E-03  7.1845E-06
 2.6059E+25  1.0134E-05  7.1887E+03  7.4643E-05  1.5901E-03  7.1845E-06
 2.6151E+25  1.0150E-05  7.1866E+03  7.4643E-05  1.5636E-03  7.1845E-06
 2.6244E+25  1.0331E-05  7.1845E+03  7.4643E-05  1.5375E-03  7.1845E-06
 2.6336E+25  1.0268E-05  7.1825E+03  7.4643E-05  1.5123E-03  7.1845E-06
 2.6429E+25  1.0445E-05  7.1805E+03  7.4643E-05  1.4877E-03  7.1845E-06
 2.6521E+25  1.0474E-05  7.1785E+03  7.4643E-05  1.4633E-03  7.1845E-06
 2.6614E+25  1.0556E-05  7.1766E+03  7.4643E-05  1.4394E-03  7.1845E-06
 2.6707E+25  1.0689E-05  7.1747E+03  7.4643E-05  1.4162E-03  7.1845E-06
 2.6799E+25  1.0664E-05  7.1729E+03  7.4643E-05  1.3936E-03  7.1845E-06
 2.6892E+25  1.0851E-05  7.1710E+03  7.4643E-05  1.3713E-03  7.1845E-06
 2.6984E+25  1.0833E-05  7.1692E+03  7.4643E-05  1.3493E-03  7.1845E-06
 2.7077E+25  1.0958E-05  7.1675E+03  7.4643E-05  1.3280E-03  7.1845E-06
 2.7169E+25  1.1061E-05  7.1658E+03  7.4643E-05  1.3072E-03  7.1845E-06
 2.7262E+25  1.1065E-05  7.1641E+03  7.4643E-05  1.2867E-03  7.1845E-06
 2.7355E+25  1.1252E-05  7.1624E+03  7.4643E-05  1.2664E-03  7.1845E-06
 2.7447E+25  1.1213E-05  7.1608E+03  7.4643E-05  1.2467E-03  7.1845E-06
 2.7540E+25  1.1357E-05  7.1592E+03  7.4643E-05  1.2276E-03  7.1845E-06
 2.7632E+25  1.1455E-05  7.1576E+03  7.4643E-05  1.2087E-03  7.1845E-06
 2.7725E+25  1.1460E-05  7.1560E+03  7.4643E-05  1.1901E-03  7.1845E-06
 2.7817E+25  1.1651E-05  7.1545E+03  7.4643E-05  1.1719E-03  7.1845E-06
 2.7910E+25  1.1616E-05  7.1530E+03  7.4643E-05  1.1542E-03  7.1845E-06
 2.8003E+25  1.1752E-05  7.1516E+03  7.4643E-05  1.1368E-03  7.1845E-06
 2.8095E+25  1.1874E-05  7.1501E+03  7.4643E-05  1.1196E-03  7.1845E-06
 2.8188E+25  1.1852E-05  7.1487E+03  7.4643E-05  1.1028E-03  7.1845E-06
 2.8280E+25  1.2045E-05  7.1473E+03  7.4643E-05  1.0864E-03  7.1845E-06
 2.8373E+25  1.2045E-05  7.1459E+03  7.4643E-05  1.0704E-03  7.1845E-06
 2.8465E+25  1.2142E-05  7.1446E+03  7.4643E-05  1.0546E-03  7.1845E-06
 2.8558E+25  1.2320E-05  7.1432E+03  7.4643E-05  1.0389E-03  7.1845E-06
 2.8651E+25  1.2239E-05  7.1419E+03  7.4643E-05  1.0237E-03  7.1845E-06
 2.8743E+25  1.2434E-05  7.1407E+03  7.4643E-05  1.0089E-03  7.1845E-06
 2.8836E+25  1.2503E-05  7.1394E+03  7.4643E-05  9.9429E-04  7.1845E-06
 2.8928E+25  1.2528E-05  7.1381E+03  7.4643E-05  9.7984E-04  7.1845E-06
 2.9021E+25  1.2726E-05  7.1369E+03  7.4643E-05  9.6561E-04  7.1845E-06
 2.9113E+25  1.2691E-05  7.1357E+03  7.4643E-05  9.5180E-04  7.1845E-06
 2.9206E+25  1.2818E-05  7.1346E+03  7.4643E-05  9.3836E-04  7.1845E-06
 2.9299E+25  1.2993E-05  7.1334E+03  7.4643E-05  9.2504E-04  7.1845E-06
 2.9391E+25  1.2909E-05  7.1322E+03  7.4643E-05  9.1186E-04  7.1845E-06
 2.9484E+25  1.3109E-05  7.1311E+03  7.4643E-05  8.9891E-04  7.1845E-06
 2.9576E+25  1.3194E-05  7.1300E+03  7.4643E-05  8.8636E-04  7.1845E-06
 2.9669E+25  1.3197E-05  7.1289E+03  7.4643E-05  8.7410E-04  7.1845E-06
 2.9761E+25  1.3400E-05  7.1279E+03  7.4643E-05  8.6194E-04  7.1845E-06
 2.9854E+25  1.3402E-05  7.1268E+03  7.4643E-05  8.4990E-04  7.1845E-06
 2.9947E+25  1.3486E-05  7.1258E+03  7.4643E-05  8.3809E-04  7.1845E-06
 3.0039E+25  1.3691E-05  7.1247E+03  7.4643E-05  8.2663E-04  7.1845E-06
 3.0132E+25  1.3614E-05  7.1237E+03  7.4643E-05  8.1544E-04  7.1845E-06
 3.0224E+25  1.3775E-05  7.1227E+03  7.4643E-05  8.0431E-04  7.1845E-06
 3.0317E+25  1.3958E-05  7.1218E+03  7.4643E-05  7.9330E-04  7.1845E-06
 3.0409E+25  1.3858E-05  7.1208E+03  7.4643E-05  7.8249E-04  7.1845E-06
 3.0502E+25  1.4064E-05  7.1199E+03  7.4643E-05  7.7200E-04  7.1845E-06
 3.0594E+25  1.4188E-05  7.1189E+03  7.4643E-05  7.6177E-04  7.1845E-06
 3.0687E+25  1.4144E-05  7.1180E+03  7.4643E-05  7.5160E-04  7.1845E-06
 3.0780E+25  1.4353E-05  7.1171E+03  7.4643E-05  7.4152E-04  7.1845E-06
 3.0872E+25  1.4426E-05  7.1162E+03  7.4643E-05  7.3160E-04  7.1845E-06
 3.0965E+25  1.4430E-05  7.1153E+03  7.4643E-05  7.2196E-04  7.1845E-06
 3.1057E+25  1.4641E-05  7.1145E+03  7.4643E-05  7.1257E-04  7.1845E-06
 3.1150E+25  1.4670E-05  7.1136E+03  7.4643E-05  7.0327E-04  7.1845E-06
 3.1242E+25  1.4717E-05  7.1128E+03  7.4643E-05  6.9405E-04  7.1845E-06
 3.1335E+25  1.4930E-05  7.1120E+03  7.4643E-05  6.8493E-04  7.1845E-06
 3.1428E+25  1.4922E-05  7.1112E+03  7.4643E-05  6.7604E-04  7.1845E-06
 3.1520E+25  1.5003E-05  7.1104E+03  7.4643E-05  6.6740E-04  7.1845E-06
 3.1613E+25  1.5218E-05  7.1096E+03  7.4643E-05  6.5889E-04  7.1845E-06
 3.1705E+25  1.5183E-05  7.1088E+03  7.4643E-05  6.5044E-04  7.1845E-06
 3.1798E+25  1.5289E-05  7.1080E+03  7.4643E-05  6.4208E-04  7.1845E-06
 3.1890E+25  1.5506E-05  7.1073E+03  7.4643E-05  6.3384E-04  7.1845E-06
 3.1983E+25  1.5453E-05  7.1065E+03  7.4643E-05  6.2584E-04  7.1845E-06
 3.2076E+25  1.5574E-05  7.1058E+03  7.4643E-05  6.1805E-04  7.1845E-06
 3.2168E+25  1.5793E-05  7.1051E+03  7.4643E-05  6.1031E-04  7.1845E-06
 3.2261E+25  1.5733E-05  7.1044E+03  7.4643E-05  6.0263E-04  7.1845E-06
 3.2353E+25  1.5859E-05  7.1037E+03  7.4643E-05  5.9503E-04  7.1845E-06
 3.2446E+25  1.6080E-05  7.1030E+03  7.4643E-05  5.8761E-04  7.1845E-06
 3.2538E+25  1.6023E-05  7.1023E+03  7.4643E-05  5.8038E-04  7.1845E-06
 3.2631E+25  1.6142E-05  7.1016E+03  7.4643E-05  5.7331E-04  7.1845E-06
 3.2724E+25  1.6365E-05  7.1010E+03  7.4643E-05  5.6626E-04  7.1845E-06
 3.2816E+25  1.6323E-05  7.1003E+03  7.4643E-05  5.5928E-04  7.1845E-06
 3.2909E+25  1.6426E-05  7.0996E+03  7.4643E-05  5.5237E-04  7.1845E-06
 3.3001E+25  1.6650E-05  7.0990E+03  7.4643E-05  5.4565E-04  7.1845E-06
 3.3094E+25  1.6635E-05  7.0984E+03  7.4643E-05  5.3908E-04  7.1845E-06
 3.3186E+25  1.6708E-05  7.0978E+03  7.4643E-05  5.3265E-04  7.1845E-06
 3.3279E+25  1.6934E-05  7.0972E+03  7.4643E-05  5.2624E-04  7.1845E-06
 3.3372E+25  1.6959E-05  7.0966E+03  7.4643E-05  5.1989E-04  7.1845E-06
 3.3464E+25  1.6990E-05  7.0960E+03  7.4643E-05  5.1360E-04  7.1845E-06
 3.3557E+25  1.7217E-05  7.0954E+03  7.4643E-05  5.0748E-04  7.1845E-06
 3.3649E+25  1.7295E-05  7.0948E+03  7.4643E-05  5.0150E-04  7.1845E-06
 3.3742E+25  1.7271E-05  7.0942E+03  7.4643E-05  4.9564E-04  7.1845E-06
 3.3834E+25  1.7499E-05  7.0937E+03  7.4643E-05  4.8981E-04  7.1845E-06
 3.3927E+25  1.7643E-05  7.0931E+03  7.4643E-05  4.8402E-04  7.1845E-06
 3.4020E+25  1.7551E-05  7.0926E+03  7.4643E-05  4.7828E-04  7.1845E-06
 3.4112E+25  1.7780E-05  7.0920E+03  7.4643E-05  4.7269E-04  7.1845E-06
 3.4205E+25  1.8004E-05  7.0915E+03  7.4643E-05  4.6722E-04  7.1845E-06
 3.4297E+25  1.7831E-05  7.0910E+03  7.4643E-05  4.6189E-04  7.1845E-06
 3.4390E+25  1.8061E-05  7.0905E+03  7.4643E-05  4.5657E-04  7.1845E-06
 3.4482E+25  1.8298E-05  7.0899E+03  7.4643E-05  4.5129E-04  7.1845E-06
 3.4575E+25  1.8190E-05  7.0894E+03  7.4643E-05  4.4606E-04  7.1845E-06
 3.4668E+25  1.8341E-05  7.0889E+03  7.4643E-05  4.4092E-04  7.1845E-06
 3.4760E+25  1.8577E-05  7.0884E+03  7.4643E-05  4.3591E-04  7.1845E-06
 3.4853E+25  1.8576E-05  7.0880E+03  7.4643E-05  4.3103E-04  7.1845E-06
 3.4945E+25  1.8619E-05  7.0875E+03  7.4643E-05  4.2619E-04  7.1845E-06
 3.5038E+25  1.8856E-05  7.0870E+03  7.4643E-05  4.2137E-04  7.1845E-06
 3.5130E+25  1.8978E-05  7.0865E+03  7.4643E-05  4.1659E-04  7.1845E-06
 3.5223E+25  1.8896E-05  7.0861E+03  7.4643E-05  4.1187E-04  7.1845E-06
 3.5316E+25  1.9134E-05  7.0856E+03  7.4643E-05  4.0726E-04  7.1845E-06
 3.5408E+25  1.9375E-05  7.0852E+03  7.4643E-05  4.0276E-04  7.1845E-06
 3.5501E+25  1.9192E-05  7.0847E+03  7.4643E-05  3.9835E-04  7.1845E-06
 3.5593E+25  1.9412E-05  7.0843E+03  7.4643E-05  3.9396E-04  7.1845E-06
 3.5686E+25  1.9655E-05  7.0838E+03  7.4643E-05  3.8960E-04  7.1845E-06
 3.5778E+25  1.9620E-05  7.0834E+03  7.4643E-05  3.8527E-04  7.1845E-06
 3.5871E+25  1.9688E-05  7.0830E+03  7.4643E-05  3.8100E-04  7.1845E-06
 3.5964E+25  1.9931E-05  7.0826E+03  7.4643E-05  3.7685E-04  7.1845E-06
 3.6056E+25  2.0067E-05  7.0822E+03  7.4643E-05  3.7279E-04  7.1845E-06
 3.6149E+25  1.9963E-05  7.0818E+03  7.4643E-05  3.6879E-04  7.1845E-06
 3.6241E+25  2.0206E-05  7.0814E+03  7.4643E-05  3.6481E-04  7.1845E-06
 3.6334E+25  2.0457E-05  7.0810E+03  7.4643E-05  3.6085E-04  7.1845E-06
 3.6426E+25  2.0311E-05  7.0806E+03  7.4643E-05  3.5693E-04  7.1845E-06
 3.6519E+25  2.0482E-05  7.0802E+03  7.4643E-05  3.5307E-04  7.1845E-06
 3.6612E+25  2.0731E-05  7.0798E+03  7.4643E-05  3.4930E-04  7.1845E-06
 3.6704E+25  2.0790E-05  7.0794E+03  7.4643E-05  3.4562E-04  7.1845E-06
 3.6797E+25  2.0756E-05  7.0791E+03  7.4643E-05  3.4200E-04  7.1845E-06
 3.6889E+25  2.1004E-05  7.0787E+03  7.4643E-05  3.3838E-04  7.1845E-06
 3.6982E+25  2.1258E-05  7.0783E+03  7.4643E-05  3.3479E-04  7.1845E-06
 3.7074E+25  2.1059E-05  7.0779E+03  7.4643E-05  3.3123E-04  7.1845E-06
 3.7167E+25  2.1279E-05  7.0776E+03  7.4643E-05  3.2772E-04  7.1845E-06
 3.7260E+25  2.1532E-05  7.0772E+03  7.4643E-05  3.2429E-04  7.1845E-06
 3.7352E+25  2.1572E-05  7.0769E+03  7.4643E-05  3.2095E-04  7.1845E-06
 3.7445E+25  2.1551E-05  7.0766E+03  7.4643E-05  3.1766E-04  7.1845E-06
 3.7537E+25  2.1803E-05  7.0762E+03  7.4643E-05  3.1437E-04  7.1845E-06
 3.7630E+25  2.2062E-05  7.0759E+03  7.4643E-05  3.1111E-04  7.1845E-06
 3.7722E+25  2.1866E-05  7.0755E+03  7.4643E-05  3.0787E-04  7.1845E-06
 3.7815E+25  2.2076E-05  7.0752E+03  7.4643E-05  3.0467E-04  7.1845E-06
 3.7908E+25  2.2333E-05  7.0749E+03  7.4643E-05  3.0155E-04  7.1845E-06
 3.8000E+25  2.2417E-05  7.0746E+03  7.4643E-05  2.9849E-04  7.1845E-06
 3.8093E+25  2.2347E-05  7.0743E+03  7.4643E-05  2.9550E-04  7.1845E-06
 3.8185E+25  2.2603E-05  7.0740E+03  7.4643E-05  2.9252E-04  7.1845E-06
 3.8278E+25  2.2867E-05  7.0736E+03  7.4643E-05  2.8955E-04  7.1845E-06
 3.8370E+25  2.2738E-05  7.0733E+03  7.4643E-05  2.8661E-04  7.1845E-06
 3.8463E+25  2.2875E-05  7.0730E+03  7.4643E-05  2.8368E-04  7.1845E-06
 3.8556E+25  2.3135E-05  7.0727E+03  7.4643E-05  2.8082E-04  7.1845E-06
 3.8648E+25  2.3331E-05  7.0724E+03  7.4643E-05  2.7801E-04  7.1845E-06
 3.8741E+25  2.3144E-05  7.0721E+03  7.4643E-05  2.7528E-04  7.1845E-06
 3.8833E+25  2.3405E-05  7.0719E+03  7.4643E-05  2.7258E-04  7.1845E-06
 3.8926E+25  2.3670E-05  7.0716E+03  7.4643E-05  2.6988E-04  7.1845E-06
 3.9018E+25  2.3685E-05  7.0713E+03  7.4643E-05  2.6720E-04  7.1845E-06
 3.9111E+25  2.3674E-05  7.0710E+03  7.4643E-05  2.6453E-04  7.1845E-06
 3.9204E+25  2.3938E-05  7.0707E+03  7.4643E-05  2.6190E-04  7.1845E-06
 3.9296E+25  2.4208E-05  7.0704E+03  7.4643E-05  2.5933E-04  7.1845E-06
 3.9389E+25  2.4053E-05  7.0702E+03  7.4643E-05  2.5679E-04  7.1845E-06
 3.9481E+25  2.4207E-05  7.0699E+03  7.4643E-05  2.5433E-04  7.1845E-06
 3.9574E+25  2.4474E-05  7.0697E+03  7.4643E-05  2.5189E-04  7.1845E-06
 3.9666E+25  2.4710E-05  7.0694E+03  7.4643E-05  2.4945E-04  7.1845E-06
 3.9759E+25  2.4474E-05  7.0691E+03  7.4643E-05  2.4702E-04  7.1845E-06
 3.9852E+25  2.4742E-05  7.0689E+03  7.4643E-05  2.4461E-04  7.1845E-06
 3.9944E+25  2.5013E-05  7.0686E+03  7.4643E-05  2.4223E-04  7.1845E-06
 4.0037E+25  2.5115E-05  7.0684E+03  7.4643E-05  2.3990E-04  7.1845E-06
 4.0129E+25  2.5009E-05  7.0681E+03  7.4643E-05  2.3761E-04  7.1845E-06
 4.0222E+25  2.5280E-05  7.0679E+03  7.4643E-05  2.3539E-04  7.1845E-06
 4.0314E+25  2.5555E-05  7.0676E+03  7.4643E-05  2.3318E-04  7.1845E-06
 4.0407E+25  2.5537E-05  7.0674E+03  7.4643E-05  2.3097E-04  7.1845E-06
 4.0500E+25  2.5546E-05  7.0672E+03  7.4643E-05  2.2877E-04  7.1845E-06
 4.0592E+25  2.5821E-05  7.0669E+03  7.4643E-05  2.2659E-04  7.1845E-06
 4.0685E+25  2.6099E-05  7.0667E+03  7.4643E-05  2.2442E-04  7.1845E-06
 4.0777E+25  2.5975E-05  7.0665E+03  7.4643E-05  2.2231E-04  7.1845E-06
 4.0870E+25  2.6086E-05  7.0662E+03  7.4643E-05  2.2023E-04  7.1845E-06
 4.0962E+25  2.6363E-05  7.0660E+03  7.4643E-05  2.1821E-04  7.1845E-06
 4.1055E+25  2.6645E-05  7.0658E+03  7.4643E-05  2.1621E-04  7.1845E-06
 4.1148E+25  2.6431E-05  7.0656E+03  7.4643E-05  2.1421E-04  7.1845E-06
 4.1240E+25  2.6629E-05  7.0654E+03  7.4643E-05  2.1222E-04  7.1845E-06
 4.1333E+25  2.6908E-05  7.0651E+03  7.4643E-05  2.1024E-04  7.1845E-06
 4.1425E+25  2.7188E-05  7.0649E+03  7.4643E-05  2.0828E-04  7.1845E-06
 4.1518E+25  2.6913E-05  7.0647E+03  7.4643E-05  2.0635E-04  7.1845E-06
 4.1610E+25  2.7174E-05  7.0645E+03  7.4643E-05  2.0446E-04  7.1845E-06
 4.1703E+25  2.7456E-05  7.0643E+03  7.4643E-05  2.0261E-04  7.1845E-06
 4.1796E+25  2.7708E-05  7.0641E+03  7.4643E-05  2.0080E-04  7.1845E-06
 4.1888E+25  2.7439E-05  7.0639E+03  7.4643E-05  1.9899E-04  7.1845E-06
 4.1981E+25  2.7721E-05  7.0637E+03  7.4643E-05  1.9718E-04  7.1845E-06
 4.2073E+25  2.8006E-05  7.0635E+03  7.4643E-05  1.9539E-04  7.1845E-06
 4.2166E+25  2.8230E-05  7.0633E+03  7.4643E-05  1.9360E-04  7.1845E-06
 4.2258E+25  2.7986E-05  7.0631E+03  7.4643E-05  1.9184E-04  7.1845E-06
 4.2351E+25  2.8271E-05  7.0629E+03  7.4643E-05  1.9011E-04  7.1845E-06
 4.2443E+25  2.8558E-05  7.0627E+03  7.4643E-05  1.8841E-04  7.1845E-06
 4.2536E+25  2.8774E-05  7.0625E+03  7.4643E-05  1.8676E-04  7.1845E-06
 4.2629E+25  2.8536E-05  7.0623E+03  7.4643E-05  1.8512E-04  7.1845E-06
 4.2721E+25  2.8823E-05  7.0622E+03  7.4643E-05  1.8348E-04  7.1845E-06
 4.2814E+25  2.9113E-05  7.0620E+03  7.4643E-05  1.8186E-04  7.1845E-06
 4.2906E+25  2.9340E-05  7.0618E+03  7.4643E-05  1.8024E-04  7.1845E-06
 4.2999E+25  2.9088E-05  7.0616E+03  7.4643E-05  1.7862E-04  7.1845E-06
 4.3091E+25  2.9376E-05  7.0614E+03  7.4643E-05  1.7704E-04  7.1845E-06
 4.3184E+25  2.9671E-05  7.0613E+03  7.4643E-05  1.7548E-04  7.1845E-06
 4.3277E+25  2.9929E-05  7.0611E+03  7.4643E-05  1.7394E-04  7.1845E-06
 4.3369E+25  2.9643E-05  7.0609E+03  7.4643E-05  1.7246E-04  7.1845E-06
 4.3462E+25  2.9933E-05  7.0607E+03  7.4643E-05  1.7098E-04  7.1845E-06
 4.3554E+25  3.0231E-05  7.0606E+03  7.4643E-05  1.6950E-04  7.1845E-06
 4.3647E+25  3.0521E-05  7.0604E+03  7.4643E-05  1.6803E-04  7.1845E-06
 4.3739E+25  3.0221E-05  7.0602E+03  7.4643E-05  1.6657E-04  7.1845E-06
 4.3832E+25  3.0492E-05  7.0601E+03  7.4643E-05  1.6511E-04  7.1845E-06
 4.3925E+25  3.0793E-05  7.0599E+03  7.4643E-05  1.6367E-04  7.1845E-06
 4.4017E+25  3.1092E-05  7.0597E+03  7.4643E-05  1.6227E-04  7.1845E-06
 4.4110E+25  3.0847E-05  7.0596E+03  7.4643E-05  1.6087E-04  7.1845E-06
 4.4202E+25  3.1054E-05  7.0594E+03  7.4643E-05  1.5953E-04  7.1845E-06
 4.4295E+25  3.1357E-05  7.0593E+03  7.4643E-05  1.5819E-04  7.1845E-06
 4.4387E+25  3.1659E-05  7.0591E+03  7.4643E-05  1.5686E-04  7.1845E-06
 4.4480E+25  3.1506E-05  7.0590E+03  7.4643E-05  1.5553E-04  7.1845E-06
 4.4573E+25  3.1620E-05  7.0588E+03  7.4643E-05  1.5420E-04  7.1845E-06
 4.4665E+25  3.1923E-05  7.0587E+03  7.4643E-05  1.5289E-04  7.1845E-06
 4.4758E+25  3.2229E-05  7.0585E+03  7.4643E-05  1.5158E-04  7.1845E-06
 4.4850E+25  3.2192E-05  7.0583E+03  7.4643E-05  1.5031E-04  7.1845E-06
 4.4943E+25  3.2188E-05  7.0582E+03  7.4643E-05  1.4904E-04  7.1845E-06
 4.5035E+25  3.2491E-05  7.0581E+03  7.4643E-05  1.4781E-04  7.1845E-06
 4.5128E+25  3.2802E-05  7.0579E+03  7.4643E-05  1.4661E-04  7.1845E-06
 4.5221E+25  3.2906E-05  7.0578E+03  7.4643E-05  1.4540E-04  7.1845E-06
 4.5313E+25  3.2757E-05  7.0576E+03  7.4643E-05  1.4420E-04  7.1845E-06
 4.5406E+25  3.3063E-05  7.0575E+03  7.4643E-05  1.4300E-04  7.1845E-06
 4.5498E+25  3.3377E-05  7.0574E+03  7.4643E-05  1.4181E-04  7.1845E-06
 4.5591E+25  3.3650E-05  7.0572E+03  7.4643E-05  1.4062E-04  7.1845E-06
 4.5683E+25  3.3328E-05  7.0571E+03  7.4643E-05  1.3946E-04  7.1845E-06
 4.5776E+25  3.3639E-05  7.0569E+03  7.4643E-05  1.3831E-04  7.1845E-06
 4.5869E+25  3.3953E-05  7.0568E+03  7.4643E-05  1.3717E-04  7.1845E-06
 4.5961E+25  3.4269E-05  7.0567E+03  7.4643E-05  1.3608E-04  7.1845E-06
 4.6054E+25  3.4057E-05  7.0565E+03  7.4643E-05  1.3499E-04  7.1845E-06
 4.6146E+25  3.4219E-05  7.0564E+03  7.4643E-05  1.3391E-04  7.1845E-06
 4.6239E+25  3.4530E-05  7.0563E+03  7.4643E-05  1.3282E-04  7.1845E-06
 4.6331E+25  3.4852E-05  7.0562E+03  7.4643E-05  1.3174E-04  7.1845E-06
 4.6424E+25  3.4857E-05  7.0560E+03  7.4643E-05  1.3067E-04  7.1845E-06
 4.6517E+25  3.4797E-05  7.0559E+03  7.4643E-05  1.2960E-04  7.1845E-06
 4.6609E+25  3.5114E-05  7.0558E+03  7.4643E-05  1.2855E-04  7.1845E-06
 4.6702E+25  3.5436E-05  7.0556E+03  7.4643E-05  1.2752E-04  7.1845E-06
 4.6794E+25  3.5691E-05  7.0555E+03  7.4643E-05  1.2649E-04  7.1845E-06
 4.6887E+25  3.5377E-05  7.0554E+03  7.4643E-05  1.2551E-04  7.1845E-06
 4.6979E+25  3.5703E-05  7.0553E+03  7.4643E-05  1.2453E-04  7.1845E-06
 4.7072E+25  3.6021E-05  7.0552E+03  7.4643E-05  1.2355E-04  7.1845E-06
 4.7165E+25  3.6351E-05  7.0550E+03  7.4643E-05  1.2257E-04  7.1845E-06
 4.7257E+25  3.6168E-05  7.0549E+03  7.4643E-05  1.2160E-04  7.1845E-06
 4.7350E+25  3.6289E-05  7.0548E+03  7.4643E-05  1.2063E-04  7.1845E-06
 4.7442E+25  3.6614E-05  7.0547E+03  7.4643E-05  1.1967E-04  7.1845E-06
 4.7535E+25  3.6943E-05  7.0546E+03  7.4643E-05  1.1872E-04  7.1845E-06
 4.7627E+25  3.7066E-05  7.0545E+03  7.4643E-05  1.1778E-04  7.1845E-06
 4.7720E+25  3.6877E-05  7.0544E+03  7.4643E-05  1.1686E-04  7.1845E-06
 4.7813E+25  3.7211E-05  7.0542E+03  7.4643E-05  1.1597E-04  7.1845E-06
 4.7905E+25  3.7536E-05  7.0541E+03  7.4643E-05  1.1508E-04  7.1845E-06
 4.7998E+25  3.7873E-05  7.0540E+03  7.4643E-05  1.1420E-04  7.1845E-06
 4.8090E+25  3.7594E-05  7.0539E+03  7.4643E-05  1.1332E-04  7.1845E-06
 4.8183E+25  3.7805E-05  7.0538E+03  7.4643E-05  1.1244E-04  7.1845E-06
 4.8275E+25  3.8140E-05  7.0537E+03  7.4643E-05  1.1157E-04  7.1845E-06
 4.8368E+25  3.8472E-05  7.0536E+03  7.4643E-05  1.1070E-04  7.1845E-06
 4.8461E+25  3.8559E-05  7.0535E+03  7.4643E-05  1.0984E-04  7.1845E-06
 4.8553E+25  3.8400E-05  7.0534E+03  7.4643E-05  1.0899E-04  7.1845E-06
 4.8646E+25  3.8743E-05  7.0533E+03  7.4643E-05  1.0815E-04  7.1845E-06
 4.8738E+25  3.9078E-05  7.0532E+03  7.4643E-05  1.0733E-04  7.1845E-06
 4.8831E+25  3.9419E-05  7.0531E+03  7.4643E-05  1.0653E-04  7.1845E-06
 4.8923E+25  3.9145E-05  7.0530E+03  7.4643E-05  1.0574E-04  7.1845E-06
 4.9016E+25  3.9344E-05  7.0529E+03  7.4643E-05  1.0494E-04  7.1845E-06
 4.9109E+25  3.9690E-05  7.0528E+03  7.4643E-05  1.0415E-04  7.1845E-06
 4.9201E+25  4.0027E-05  7.0527E+03  7.4643E-05  1.0336E-04  7.1845E-06
 4.9294E+25  4.0179E-05  7.0526E+03  7.4643E-05  1.0257E-04  7.1845E-06
 4.9386E+25  3.9952E-05  7.0525E+03  7.4643E-05  1.0179E-04  7.1845E-06
 4.9479E+25  4.0299E-05  7.0524E+03  7.4643E-05  1.0102E-04  7.1845E-06
 4.9571E+25  4.0647E-05  7.0523E+03  7.4643E-05  1.0026E-04  7.1845E-06
 4.9664E+25  4.0989E-05  7.0522E+03  7.4643E-05  9.9500E-05  7.1845E-06
 4.9757E+25  4.0827E-05  7.0521E+03  7.4643E-05  9.8772E-05  7.1845E-06
 4.9849E+25  4.0910E-05  7.0520E+03  7.4643E-05  9.8055E-05  7.1845E-06
 4.9942E+25  4.1264E-05  7.0519E+03  7.4643E-05  9.7340E-05  7.1845E-06
 5.0034E+25  4.1613E-05  7.0518E+03  7.4643E-05  9.6624E-05  7.1845E-06
 5.0127E+25  4.1929E-05  7.0517E+03  7.4643E-05  9.5911E-05  7.1845E-06
 5.0219E+25  4.1538E-05  7.0516E+03  7.4643E-05  9.5201E-05  7.1845E-06
 5.0312E+25  4.1880E-05  7.0515E+03  7.4643E-05  9.4494E-05  7.1845E-06
 5.0405E+25  4.2239E-05  7.0515E+03  7.4643E-05  9.3789E-05  7.1845E-06
 5.0497E+25  4.2590E-05  7.0514E+03  7.4643E-05  9.3094E-05  7.1845E-06
 5.0590E+25  4.2646E-05  7.0513E+03  7.4643E-05  9.2406E-05  7.1845E-06
 5.0682E+25  4.2510E-05  7.0512E+03  7.4643E-05  9.1724E-05  7.1845E-06
 5.0775E+25  4.2861E-05  7.0511E+03  7.4643E-05  9.1066E-05  7.1845E-06
 5.0867E+25  4.3225E-05  7.0510E+03  7.4643E-05  9.0421E-05  7.1845E-06
 5.0960E+25  4.3578E-05  7.0509E+03  7.4643E-05  8.9778E-05  7.1845E-06
 5.1053E+25  4.3392E-05  7.0508E+03  7.4643E-05  8.9134E-05  7.1845E-06
 5.1145E+25  4.3497E-05  7.0508E+03  7.4643E-05  8.8491E-05  7.1845E-06
 5.1238E+25  4.3854E-05  7.0507E+03  7.4643E-05  8.7851E-05  7.1845E-06
 5.1330E+25  4.4222E-05  7.0506E+03  7.4643E-05  8.7215E-05  7.1845E-06
 5.1423E+25  4.4569E-05  7.0505E+03  7.4643E-05  8.6580E-05  7.1845E-06
 5.1515E+25  4.4181E-05  7.0504E+03  7.4643E-05  8.5951E-05  7.1845E-06
 5.1608E+25  4.4496E-05  7.0504E+03  7.4643E-05  8.5331E-05  7.1845E-06
 5.1701E+25  4.4858E-05  7.0503E+03  7.4643E-05  8.4714E-05  7.1845E-06
 5.1793E+25  4.5231E-05  7.0502E+03  7.4643E-05  8.4112E-05  7.1845E-06
 5.1886E+25  4.5427E-05  7.0501E+03  7.4643E-05  8.3529E-05  7.1845E-06
 5.1978E+25  4.5146E-05  7.0500E+03  7.4643E-05  8.2950E-05  7.1845E-06
 5.2071E+25  4.5507E-05  7.0500E+03  7.4643E-05  8.2371E-05  7.1845E-06
 5.2163E+25  4.5874E-05  7.0499E+03  7.4643E-05  8.1792E-05  7.1845E-06
 5.2256E+25  4.6251E-05  7.0498E+03  7.4643E-05  8.1216E-05  7.1845E-06
 5.2349E+25  4.6280E-05  7.0497E+03  7.4643E-05  8.0641E-05  7.1845E-06
 5.2441E+25  4.6165E-05  7.0496E+03  7.4643E-05  8.0070E-05  7.1845E-06
 5.2534E+25  4.6530E-05  7.0496E+03  7.4643E-05  7.9500E-05  7.1845E-06
 5.2626E+25  4.6901E-05  7.0495E+03  7.4643E-05  7.8937E-05  7.1845E-06
 5.2719E+25  4.7282E-05  7.0494E+03  7.4643E-05  7.8380E-05  7.1845E-06
 5.2811E+25  4.7170E-05  7.0493E+03  7.4643E-05  7.7825E-05  7.1845E-06
 5.2904E+25  4.7196E-05  7.0493E+03  7.4643E-05  7.7293E-05  7.1845E-06
 5.2997E+25  4.7566E-05  7.0492E+03  7.4643E-05  7.6770E-05  7.1845E-06
 5.3089E+25  4.7939E-05  7.0491E+03  7.4643E-05  7.6251E-05  7.1845E-06
 5.3182E+25  4.8326E-05  7.0491E+03  7.4643E-05  7.5730E-05  7.1845E-06
 5.3274E+25  4.8097E-05  7.0490E+03  7.4643E-05  7.5209E-05  7.1845E-06
 5.3367E+25  4.8239E-05  7.0489E+03  7.4643E-05  7.4691E-05  7.1845E-06
 5.3459E+25  4.8615E-05  7.0489E+03  7.4643E-05  7.4175E-05  7.1845E-06
 5.3552E+25  4.8991E-05  7.0488E+03  7.4643E-05  7.3661E-05  7.1845E-06
 5.3645E+25  4.9381E-05  7.0487E+03  7.4643E-05  7.3149E-05  7.1845E-06
 5.3737E+25  4.9065E-05  7.0486E+03  7.4643E-05  7.2643E-05  7.1845E-06
 5.3830E+25  4.9295E-05  7.0486E+03  7.4643E-05  7.2141E-05  7.1845E-06
 5.3922E+25  4.9677E-05  7.0485E+03  7.4643E-05  7.1643E-05  7.1845E-06
 5.4015E+25  5.0055E-05  7.0484E+03  7.4643E-05  7.1163E-05  7.1845E-06
 5.4107E+25  5.0447E-05  7.0484E+03  7.4643E-05  7.0693E-05  7.1845E-06
 5.4200E+25  5.0075E-05  7.0483E+03  7.4643E-05  7.0226E-05  7.1845E-06
 5.4292E+25  5.0364E-05  7.0482E+03  7.4643E-05  6.9758E-05  7.1845E-06
 5.4385E+25  5.0753E-05  7.0482E+03  7.4643E-05  6.9291E-05  7.1845E-06
 5.4478E+25  5.1133E-05  7.0481E+03  7.4643E-05  6.8825E-05  7.1845E-06
 5.4570E+25  5.1525E-05  7.0480E+03  7.4643E-05  6.8361E-05  7.1845E-06
 5.4663E+25  5.1128E-05  7.0480E+03  7.4643E-05  6.7899E-05  7.1845E-06
 5.4755E+25  5.1445E-05  7.0479E+03  7.4643E-05  6.7437E-05  7.1845E-06
 5.4848E+25  5.1841E-05  7.0478E+03  7.4643E-05  6.6980E-05  7.1845E-06
 5.4940E+25  5.2228E-05  7.0478E+03  7.4643E-05  6.6528E-05  7.1845E-06
 5.5033E+25  5.2618E-05  7.0477E+03  7.4643E-05  6.6078E-05  7.1845E-06
 5.5126E+25  5.2219E-05  7.0477E+03  7.4643E-05  6.5640E-05  7.1845E-06
 5.5218E+25  5.2542E-05  7.0476E+03  7.4643E-05  6.5216E-05  7.1845E-06
 5.5311E+25  5.2944E-05  7.0475E+03  7.4643E-05  6.4796E-05  7.1845E-06
 5.5403E+25  5.3338E-05  7.0475E+03  7.4643E-05  6.4377E-05  7.1845E-06
 5.5496E+25  5.3728E-05  7.0474E+03  7.4643E-05  6.3955E-05  7.1845E-06
 5.5588E+25  5.3347E-05  7.0473E+03  7.4643E-05  6.3537E-05  7.1845E-06
 5.5681E+25  5.3658E-05  7.0473E+03  7.4643E-05  6.3119E-05  7.1845E-06
 5.5774E+25  5.4060E-05  7.0472E+03  7.4643E-05  6.2702E-05  7.1845E-06
 5.5866E+25  5.4462E-05  7.0472E+03  7.4643E-05  6.2287E-05  7.1845E-06
 5.5959E+25  5.4855E-05  7.0471E+03  7.4643E-05  6.1874E-05  7.1845E-06
 5.6051E+25  5.4516E-05  7.0470E+03  7.4643E-05  6.1466E-05  7.1845E-06
 5.6144E+25  5.4790E-05  7.0470E+03  7.4643E-05  6.1060E-05  7.1845E-06
 5.6236E+25  5.5188E-05  7.0469E+03  7.4643E-05  6.0656E-05  7.1845E-06
 5.6329E+25  5.5600E-05  7.0469E+03  7.4643E-05  6.0268E-05  7.1845E-06
 5.6422E+25  5.6001E-05  7.0468E+03  7.4643E-05  5.9889E-05  7.1845E-06
 5.6514E+25  5.5731E-05  7.0468E+03  7.4643E-05  5.9511E-05  7.1845E-06
 5.6607E+25  5.5937E-05  7.0467E+03  7.4643E-05  5.9135E-05  7.1845E-06
 5.6699E+25  5.6333E-05  7.0467E+03  7.4643E-05  5.8757E-05  7.1845E-06
 5.6792E+25  5.6751E-05  7.0466E+03  7.4643E-05  5.8381E-05  7.1845E-06
 5.6884E+25  5.7163E-05  7.0465E+03  7.4643E-05  5.8006E-05  7.1845E-06
 5.6977E+25  5.6992E-05  7.0465E+03  7.4643E-05  5.7632E-05  7.1845E-06
 5.7070E+25  5.7094E-05  7.0464E+03  7.4643E-05  5.7260E-05  7.1845E-06
 5.7162E+25  5.7503E-05  7.0464E+03  7.4643E-05  5.6889E-05  7.1845E-06
 5.7255E+25  5.7917E-05  7.0463E+03  7.4643E-05  5.6522E-05  7.1845E-06
 5.7347E+25  5.8337E-05  7.0463E+03  7.4643E-05  5.6157E-05  7.1845E-06
 5.7440E+25  5.8306E-05  7.0462E+03  7.4643E-05  5.5793E-05  7.1845E-06
 5.7532E+25  5.8267E-05  7.0462E+03  7.4643E-05  5.5445E-05  7.1845E-06
 5.7625E+25  5.8690E-05  7.0461E+03  7.4643E-05  5.5104E-05  7.1845E-06
 5.7718E+25  5.9096E-05  7.0460E+03  7.4643E-05  5.4765E-05  7.1845E-06
 5.7810E+25  5.9526E-05  7.0460E+03  7.4643E-05  5.4427E-05  7.1845E-06
 5.7903E+25  5.9672E-05  7.0459E+03  7.4643E-05  5.4088E-05  7.1845E-06
 5.7995E+25  5.9455E-05  7.0459E+03  7.4643E-05  5.3750E-05  7.1845E-06
 5.8088E+25  5.9885E-05  7.0458E+03  7.4643E-05  5.3413E-05  7.1845E-06
 5.8180E+25  6.0304E-05  7.0458E+03  7.4643E-05  5.3078E-05  7.1845E-06
 5.8273E+25  6.0730E-05  7.0457E+03  7.4643E-05  5.2743E-05  7.1845E-06
 5.8366E+25  6.1082E-05  7.0457E+03  7.4643E-05  5.2409E-05  7.1845E-06
 5.8458E+25  6.0669E-05  7.0456E+03  7.4643E-05  5.2078E-05  7.1845E-06
 5.8551E+25  6.1096E-05  7.0456E+03  7.4643E-05  5.1750E-05  7.1845E-06
 5.8643E+25  6.1532E-05  7.0455E+03  7.4643E-05  5.1422E-05  7.1845E-06
 5.8736E+25  6.1949E-05  7.0455E+03  7.4643E-05  5.1102E-05  7.1845E-06
 5.8828E+25  6.2387E-05  7.0454E+03  7.4643E-05  5.0795E-05  7.1845E-06
 5.8921E+25  6.2056E-05  7.0454E+03  7.4643E-05  5.0490E-05  7.1845E-06
 5.9014E+25  6.2326E-05  7.0453E+03  7.4643E-05  5.0187E-05  7.1845E-06
 5.9106E+25  6.2766E-05  7.0453E+03  7.4643E-05  4.9883E-05  7.1845E-06
 5.9199E+25  6.3200E-05  7.0452E+03  7.4643E-05  4.9580E-05  7.1845E-06
 5.9291E+25  6.3632E-05  7.0452E+03  7.4643E-05  4.9277E-05  7.1845E-06
 5.9384E+25  6.3561E-05  7.0451E+03  7.4643E-05  4.8975E-05  7.1845E-06
 5.9476E+25  6.3586E-05  7.0451E+03  7.4643E-05  4.8674E-05  7.1845E-06
 5.9569E+25  6.4017E-05  7.0450E+03  7.4643E-05  4.8374E-05  7.1845E-06
 5.9662E+25  6.4465E-05  7.0450E+03  7.4643E-05  4.8075E-05  7.1845E-06
 5.9754E+25  6.4898E-05  7.0449E+03  7.4643E-05  4.7779E-05  7.1845E-06
 5.9847E+25  6.5116E-05  7.0449E+03  7.4643E-05  4.7484E-05  7.1845E-06
 5.9939E+25  6.4863E-05  7.0449E+03  7.4643E-05  4.7190E-05  7.1845E-06
 6.0032E+25  6.5297E-05  7.0448E+03  7.4643E-05  4.6906E-05  7.1845E-06
 6.0124E+25  6.5742E-05  7.0448E+03  7.4643E-05  4.6631E-05  7.1845E-06
 6.0217E+25  6.6195E-05  7.0447E+03  7.4643E-05  4.6357E-05  7.1845E-06
 6.0310E+25  6.6620E-05  7.0447E+03  7.4643E-05  4.6086E-05  7.1845E-06
 6.0402E+25  6.6251E-05  7.0446E+03  7.4643E-05  4.5813E-05  7.1845E-06
 6.0495E+25  6.6602E-05  7.0446E+03  7.4643E-05  4.5541E-05  7.1845E-06
 6.0587E+25  6.7041E-05  7.0445E+03  7.4643E-05  4.5270E-05  7.1845E-06
 6.0680E+25  6.7497E-05  7.0445E+03  7.4643E-05  4.4999E-05  7.1845E-06
 6.0772E+25  6.7951E-05  7.0444E+03  7.4643E-05  4.4730E-05  7.1845E-06
 6.0865E+25  6.7896E-05  7.0444E+03  7.4643E-05  4.4460E-05  7.1845E-06
 6.0958E+25  6.7924E-05  7.0443E+03  7.4643E-05  4.4192E-05  7.1845E-06
 6.1050E+25  6.8374E-05  7.0443E+03  7.4643E-05  4.3925E-05  7.1845E-06
 6.1143E+25  6.8820E-05  7.0443E+03  7.4643E-05  4.3661E-05  7.1845E-06
 6.1235E+25  6.9284E-05  7.0442E+03  7.4643E-05  4.3396E-05  7.1845E-06
 6.1328E+25  6.9610E-05  7.0442E+03  7.4643E-05  4.3139E-05  7.1845E-06
 6.1420E+25  6.9263E-05  7.0441E+03  7.4643E-05  4.2892E-05  7.1845E-06
 6.1513E+25  6.9722E-05  7.0441E+03  7.4643E-05  4.2646E-05  7.1845E-06
 6.1606E+25  7.0179E-05  7.0440E+03  7.4643E-05  4.2403E-05  7.1845E-06
 6.1698E+25  7.0633E-05  7.0440E+03  7.4643E-05  4.2159E-05  7.1845E-06
 6.1791E+25  7.1104E-05  7.0439E+03  7.4643E-05  4.1914E-05  7.1845E-06
 6.1883E+25  7.0899E-05  7.0439E+03  7.4643E-05  4.1671E-05  7.1845E-06
 6.1976E+25  7.1092E-05  7.0439E+03  7.4643E-05  4.1428E-05  7.1845E-06
 6.2068E+25  7.1554E-05  7.0438E+03  7.4643E-05  4.1186E-05  7.1845E-06
 6.2161E+25  7.2018E-05  7.0438E+03  7.4643E-05  4.0945E-05  7.1845E-06
 6.2254E+25  7.2481E-05  7.0437E+03  7.4643E-05  4.0703E-05  7.1845E-06
 6.2346E+25  7.2725E-05  7.0437E+03  7.4643E-05  4.0464E-05  7.1845E-06
 6.2439E+25  7.2479E-05  7.0436E+03  7.4643E-05  4.0225E-05  7.1845E-06
 6.2531E+25  7.2955E-05  7.0436E+03  7.4643E-05  3.9988E-05  7.1845E-06
 6.2624E+25  7.3423E-05  7.0436E+03  7.4643E-05  3.9752E-05  7.1845E-06
 6.2716E+25  7.3893E-05  7.0435E+03  7.4643E-05  3.9527E-05  7.1845E-06
 6.2809E+25  7.4361E-05  7.0435E+03  7.4643E-05  3.9305E-05  7.1845E-06
 6.2902E+25  7.4135E-05  7.0434E+03  7.4643E-05  3.9086E-05  7.1845E-06
 6.2994E+25  7.4370E-05  7.0434E+03  7.4643E-05  3.8868E-05  7.1845E-06
 6.3087E+25  7.4853E-05  7.0434E+03  7.4643E-05  3.8649E-05  7.1845E-06
 6.3179E+25  7.5328E-05  7.0433E+03  7.4643E-05  3.8430E-05  7.1845E-06
 6.3272E+25  7.5804E-05  7.0433E+03  7.4643E-05  3.8212E-05  7.1845E-06
 6.3364E+25  7.6051E-05  7.0432E+03  7.4643E-05  3.7995E-05  7.1845E-06
 6.3457E+25  7.5833E-05  7.0432E+03  7.4643E-05  3.7778E-05  7.1845E-06
 6.3550E+25  7.6298E-05  7.0431E+03  7.4643E-05  3.7562E-05  7.1845E-06
 6.3642E+25  7.6789E-05  7.0431E+03  7.4643E-05  3.7345E-05  7.1845E-06
 6.3735E+25  7.7270E-05  7.0431E+03  7.4643E-05  3.7131E-05  7.1845E-06
 6.3827E+25  7.7753E-05  7.0430E+03  7.4643E-05  3.6917E-05  7.1845E-06
 6.3920E+25  7.7581E-05  7.0430E+03  7.4643E-05  3.6704E-05  7.1845E-06
 6.4012E+25  7.7793E-05  7.0429E+03  7.4643E-05  3.6492E-05  7.1845E-06
 6.4105E+25  7.8265E-05  7.0429E+03  7.4643E-05  3.6291E-05  7.1845E-06
 6.4198E+25  7.8763E-05  7.0429E+03  7.4643E-05  3.6092E-05  7.1845E-06
 6.4290E+25  7.9250E-05  7.0428E+03  7.4643E-05  3.5896E-05  7.1845E-06
 6.4383E+25  7.9620E-05  7.0428E+03  7.4643E-05  3.5701E-05  7.1845E-06
 6.4475E+25  7.9296E-05  7.0428E+03  7.4643E-05  3.5505E-05  7.1845E-06
 6.4568E+25  7.9792E-05  7.0427E+03  7.4643E-05  3.5309E-05  7.1845E-06
 6.4660E+25  8.0272E-05  7.0427E+03  7.4643E-05  3.5113E-05  7.1845E-06
 6.4753E+25  8.0776E-05  7.0426E+03  7.4643E-05  3.4918E-05  7.1845E-06
 6.4846E+25  8.1269E-05  7.0426E+03  7.4643E-05  3.4724E-05  7.1845E-06
 6.4938E+25  8.1276E-05  7.0426E+03  7.4643E-05  3.4530E-05  7.1845E-06
 6.5031E+25  8.1330E-05  7.0425E+03  7.4643E-05  3.4336E-05  7.1845E-06
 6.5123E+25  8.1832E-05  7.0425E+03  7.4643E-05  3.4143E-05  7.1845E-06
 6.5216E+25  8.2319E-05  7.0424E+03  7.4643E-05  3.3951E-05  7.1845E-06
 6.5308E+25  8.2829E-05  7.0424E+03  7.4643E-05  3.3760E-05  7.1845E-06
 6.5401E+25  8.3318E-05  7.0424E+03  7.4643E-05  3.3569E-05  7.1845E-06
 6.5494E+25  8.3012E-05  7.0423E+03  7.4643E-05  3.3385E-05  7.1845E-06
 6.5586E+25  8.3406E-05  7.0423E+03  7.4643E-05  3.3207E-05  7.1845E-06
 6.5679E+25  8.3913E-05  7.0422E+03  7.4643E-05  3.3029E-05  7.1845E-06
 6.5771E+25  8.4408E-05  7.0422E+03  7.4643E-05  3.2855E-05  7.1845E-06
 6.5864E+25  8.4924E-05  7.0422E+03  7.4643E-05  3.2680E-05  7.1845E-06
 6.5956E+25  8.5199E-05  7.0421E+03  7.4643E-05  3.2504E-05  7.1845E-06
 6.6049E+25  8.5027E-05  7.0421E+03  7.4643E-05  3.2329E-05  7.1845E-06
 6.6142E+25  8.5526E-05  7.0421E+03  7.4643E-05  3.2154E-05  7.1845E-06
 6.6234E+25  8.6037E-05  7.0420E+03  7.4643E-05  3.1979E-05  7.1845E-06
 6.6327E+25  8.6541E-05  7.0420E+03  7.4643E-05  3.1806E-05  7.1845E-06
 6.6419E+25  8.7060E-05  7.0419E+03  7.4643E-05  3.1632E-05  7.1845E-06
 6.6512E+25  8.7053E-05  7.0419E+03  7.4643E-05  3.1458E-05  7.1845E-06
 6.6604E+25  8.7183E-05  7.0419E+03  7.4643E-05  3.1286E-05  7.1845E-06
 6.6697E+25  8.7690E-05  7.0418E+03  7.4643E-05  3.1114E-05  7.1845E-06
 6.6789E+25  8.8204E-05  7.0418E+03  7.4643E-05  3.0943E-05  7.1845E-06
 6.6882E+25  8.8720E-05  7.0417E+03  7.4643E-05  3.0772E-05  7.1845E-06
 6.6975E+25  8.9230E-05  7.0417E+03  7.4643E-05  3.0608E-05  7.1845E-06
 6.7067E+25  8.8989E-05  7.0417E+03  7.4643E-05  3.0449E-05  7.1845E-06
 6.7160E+25  8.9381E-05  7.0416E+03  7.4643E-05  3.0290E-05  7.1845E-06
 6.7252E+25  8.9902E-05  7.0416E+03  7.4643E-05  3.0134E-05  7.1845E-06
 6.7345E+25  9.0418E-05  7.0416E+03  7.4643E-05  2.9977E-05  7.1845E-06
 6.7437E+25  9.0944E-05  7.0415E+03  7.4643E-05  2.9820E-05  7.1845E-06
 6.7530E+25  9.1337E-05  7.0415E+03  7.4643E-05  2.9663E-05  7.1845E-06
 6.7623E+25  9.1107E-05  7.0415E+03  7.4643E-05  2.9507E-05  7.1845E-06
 6.7715E+25  9.1628E-05  7.0414E+03  7.4643E-05  2.9351E-05  7.1845E-06
 6.7808E+25  9.2160E-05  7.0414E+03  7.4643E-05  2.9195E-05  7.1845E-06
 6.7900E+25  9.2681E-05  7.0413E+03  7.4643E-05  2.9039E-05  7.1845E-06
 6.7993E+25  9.3214E-05  7.0413E+03  7.4643E-05  2.8884E-05  7.1845E-06
 6.8085E+25  9.3395E-05  7.0413E+03  7.4643E-05  2.8729E-05  7.1845E-06
 6.8178E+25  9.3394E-05  7.0412E+03  7.4643E-05  2.8575E-05  7.1845E-06
 6.8271E+25  9.3925E-05  7.0412E+03  7.4643E-05  2.8421E-05  7.1845E-06
 6.8363E+25  9.4466E-05  7.0411E+03  7.4643E-05  2.8268E-05  7.1845E-06
 6.8456E+25  9.4993E-05  7.0411E+03  7.4643E-05  2.8119E-05  7.1845E-06
 6.8548E+25  9.5528E-05  7.0411E+03  7.4643E-05  2.7976E-05  7.1845E-06
 6.8641E+25  9.5532E-05  7.0410E+03  7.4643E-05  2.7833E-05  7.1845E-06
 6.8733E+25  9.5730E-05  7.0410E+03  7.4643E-05  2.7693E-05  7.1845E-06
 6.8826E+25  9.6274E-05  7.0410E+03  7.4643E-05  2.7553E-05  7.1845E-06
 6.8919E+25  9.6815E-05  7.0409E+03  7.4643E-05  2.7413E-05  7.1845E-06
 6.9011E+25  9.7358E-05  7.0409E+03  7.4643E-05  2.7272E-05  7.1845E-06
 6.9104E+25  9.7889E-05  7.0409E+03  7.4643E-05  2.7132E-05  7.1845E-06
 6.9196E+25  9.7751E-05  7.0408E+03  7.4643E-05  2.6992E-05  7.1845E-06
 6.9289E+25  9.8116E-05  7.0408E+03  7.4643E-05  2.6853E-05  7.1845E-06
 6.9381E+25  9.8671E-05  7.0407E+03  7.4643E-05  2.6714E-05  7.1845E-06
 6.9474E+25  9.9216E-05  7.0407E+03  7.4643E-05  2.6574E-05  7.1845E-06
 6.9567E+25  9.9772E-05  7.0407E+03  7.4643E-05  2.6435E-05  7.1845E-06
 6.9659E+25  1.0029E-04  7.0406E+03  7.4643E-05  2.6297E-05  7.1845E-06
 6.9752E+25  1.0006E-04  7.0406E+03  7.4643E-05  2.6159E-05  7.1845E-06
 6.9844E+25  1.0056E-04  7.0406E+03  7.4643E-05  2.6022E-05  7.1845E-06
 6.9937E+25  1.0112E-04  7.0405E+03  7.4643E-05  2.5885E-05  7.1845E-06
 7.0029E+25  1.0167E-04  7.0405E+03  7.4643E-05  2.5754E-05  7.1845E-06
 7.0122E+25  1.0223E-04  7.0404E+03  7.4643E-05  2.5625E-05  7.1845E-06
 7.0215E+25  1.0268E-04  7.0404E+03  7.4643E-05  2.5498E-05  7.1845E-06
 7.0307E+25  1.0251E-04  7.0404E+03  7.4643E-05  2.5373E-05  7.1845E-06
 7.0400E+25  1.0306E-04  7.0403E+03  7.4643E-05  2.5248E-05  7.1845E-06
 7.0492E+25  1.0362E-04  7.0403E+03  7.4643E-05  2.5122E-05  7.1845E-06
 7.0585E+25  1.0418E-04  7.0402E+03  7.4643E-05  2.4996E-05  7.1845E-06
 7.0677E+25  1.0475E-04  7.0402E+03  7.4643E-05  2.4871E-05  7.1845E-06
 7.0770E+25  1.0511E-04  7.0402E+03  7.4643E-05  2.4746E-05  7.1845E-06
 7.0863E+25  1.0506E-04  7.0402E+03  7.4643E-05  2.4621E-05  7.1845E-06
 7.0955E+25  1.0562E-04  7.0401E+03  7.4643E-05  2.4497E-05  7.1845E-06
 7.1048E+25  1.0617E-04  7.0401E+03  7.4643E-05  2.4372E-05  7.1845E-06
 7.1140E+25  1.0675E-04  7.0400E+03  7.4643E-05  2.4248E-05  7.1845E-06
 7.1233E+25  1.0732E-04  7.0400E+03  7.4643E-05  2.4124E-05  7.1845E-06
 7.1325E+25  1.0761E-04  7.0400E+03  7.4643E-05  2.4000E-05  7.1845E-06
 7.1418E+25  1.0767E-04  7.0399E+03  7.4643E-05  2.3877E-05  7.1845E-06
 7.1511E+25  1.0823E-04  7.0399E+03  7.4643E-05  2.3754E-05  7.1845E-06
 7.1603E+25  1.0879E-04  7.0398E+03  7.4643E-05  2.3636E-05  7.1845E-06
 7.1696E+25  1.0936E-04  7.0398E+03  7.4643E-05  2.3521E-05  7.1845E-06
 7.1788E+25  1.0994E-04  7.0398E+03  7.4643E-05  2.3406E-05  7.1845E-06
 7.1881E+25  1.1019E-04  7.0397E+03  7.4643E-05  2.3294E-05  7.1845E-06
 7.1973E+25  1.1033E-04  7.0397E+03  7.4643E-05  2.3182E-05  7.1845E-06
 7.2066E+25  1.1090E-04  7.0397E+03  7.4643E-05  2.3070E-05  7.1845E-06
 7.2159E+25  1.1147E-04  7.0396E+03  7.4643E-05  2.2958E-05  7.1845E-06
 7.2251E+25  1.1204E-04  7.0396E+03  7.4643E-05  2.2846E-05  7.1845E-06
 7.2344E+25  1.1263E-04  7.0395E+03  7.4643E-05  2.2734E-05  7.1845E-06
 7.2436E+25  1.1284E-04  7.0395E+03  7.4643E-05  2.2622E-05  7.1845E-06
 7.2529E+25  1.1305E-04  7.0395E+03  7.4643E-05  2.2511E-05  7.1845E-06
 7.2621E+25  1.1364E-04  7.0394E+03  7.4643E-05  2.2399E-05  7.1845E-06
 7.2714E+25  1.1421E-04  7.0394E+03  7.4643E-05  2.2288E-05  7.1845E-06
 7.2807E+25  1.1479E-04  7.0393E+03  7.4643E-05  2.2177E-05  7.1845E-06
 7.2899E+25  1.1537E-04  7.0393E+03  7.4643E-05  2.2066E-05  7.1845E-06
 7.2992E+25  1.1558E-04  7.0393E+03  7.4643E-05  2.1956E-05  7.1845E-06
 7.3084E+25  1.1584E-04  7.0392E+03  7.4643E-05  2.1845E-05  7.1845E-06
 7.3177E+25  1.1643E-04  7.0392E+03  7.4643E-05  2.1736E-05  7.1845E-06
 7.3269E+25  1.1701E-04  7.0392E+03  7.4643E-05  2.1632E-05  7.1845E-06
 7.3362E+25  1.1759E-04  7.0391E+03  7.4643E-05  2.1529E-05  7.1845E-06
 7.3455E+25  1.1818E-04  7.0391E+03  7.4643E-05  2.1426E-05  7.1845E-06
 7.3547E+25  1.1839E-04  7.0391E+03  7.4643E-05  2.1327E-05  7.1845E-06
 7.3640E+25  1.1867E-04  7.0390E+03  7.4643E-05  2.1227E-05  7.1845E-06
 7.3732E+25  1.1928E-04  7.0390E+03  7.4643E-05  2.1127E-05  7.1845E-06
 7.3825E+25  1.1988E-04  7.0389E+03  7.4643E-05  2.1026E-05  7.1845E-06
 7.3917E+25  1.2047E-04  7.0389E+03  7.4643E-05  2.0926E-05  7.1845E-06
 7.4010E+25  1.2106E-04  7.0389E+03  7.4643E-05  2.0826E-05  7.1845E-06
 7.4103E+25  1.2128E-04  7.0388E+03  7.4643E-05  2.0726E-05  7.1845E-06
 7.4195E+25  1.2158E-04  7.0388E+03  7.4643E-05  2.0627E-05  7.1845E-06
 7.4288E+25  1.2219E-04  7.0387E+03  7.4643E-05  2.0527E-05  7.1845E-06
 7.4380E+25  1.2281E-04  7.0387E+03  7.4643E-05  2.0427E-05  7.1845E-06
 7.4473E+25  1.2341E-04  7.0386E+03  7.4643E-05  2.0328E-05  7.1845E-06
 7.4565E+25  1.2400E-04  7.0386E+03  7.4643E-05  2.0229E-05  7.1845E-06
 7.4658E+25  1.2426E-04  7.0386E+03  7.4643E-05  2.0130E-05  7.1845E-06
 7.4751E+25  1.2456E-04  7.0386E+03  7.4643E-05  2.0031E-05  7.1845E-06
 7.4843E+25  1.2517E-04  7.0385E+03  7.4643E-05  1.9933E-05  7.1845E-06
 7.4936E+25  1.2579E-04  7.0384E+03  7.4643E-05  1.9839E-05  7.1845E-06
 7.5028E+25  1.2641E-04  7.0384E+03  7.4643E-05  1.9747E-05  7.1845E-06
 7.5121E+25  1.2701E-04  7.0384E+03  7.4643E-05  1.9655E-05  7.1845E-06
 7.5213E+25  1.2732E-04  7.0384E+03  7.4643E-05  1.9566E-05  7.1845E-06
 7.5306E+25  1.2761E-04  7.0383E+03  7.4643E-05  1.9477E-05  7.1845E-06
 7.5399E+25  1.2822E-04  7.0383E+03  7.4643E-05  1.9387E-05  7.1845E-06
 7.5491E+25  1.2884E-04  7.0382E+03  7.4643E-05  1.9297E-05  7.1845E-06
 7.5584E+25  1.2947E-04  7.0381E+03  7.4643E-05  1.9208E-05  7.1845E-06
 7.5676E+25  1.3009E-04  7.0381E+03  7.4643E-05  1.9119E-05  7.1845E-06
 7.5769E+25  1.3046E-04  7.0381E+03  7.4643E-05  1.9029E-05  7.1845E-06
 7.5861E+25  1.3073E-04  7.0381E+03  7.4643E-05  1.8940E-05  7.1845E-06
 7.5954E+25  1.3134E-04  7.0380E+03  7.4643E-05  1.8851E-05  7.1845E-06
 7.6047E+25  1.3196E-04  7.0380E+03  7.4643E-05  1.8762E-05  7.1845E-06
 7.6139E+25  1.3259E-04  7.0379E+03  7.4643E-05  1.8673E-05  7.1845E-06
 7.6232E+25  1.3322E-04  7.0379E+03  7.4643E-05  1.8584E-05  7.1845E-06
 7.6324E+25  1.3367E-04  7.0379E+03  7.4643E-05  1.8496E-05  7.1845E-06
 7.6417E+25  1.3392E-04  7.0378E+03  7.4643E-05  1.8408E-05  7.1845E-06
 7.6509E+25  1.3453E-04  7.0378E+03  7.4643E-05  1.8319E-05  7.1845E-06
 7.6602E+25  1.3516E-04  7.0377E+03  7.4643E-05  1.8232E-05  7.1845E-06
 7.6695E+25  1.3578E-04  7.0377E+03  7.4643E-05  1.8149E-05  7.1845E-06
 7.6787E+25  1.3642E-04  7.0376E+03  7.4643E-05  1.8067E-05  7.1845E-06
 7.6880E+25  1.3695E-04  7.0376E+03  7.4643E-05  1.7985E-05  7.1845E-06
 7.6972E+25  1.3719E-04  7.0376E+03  7.4643E-05  1.7905E-05  7.1845E-06
 7.7065E+25  1.3781E-04  7.0375E+03  7.4643E-05  1.7826E-05  7.1845E-06
 7.7157E+25  1.3843E-04  7.0375E+03  7.4643E-05  1.7746E-05  7.1845E-06
 7.7250E+25  1.3906E-04  7.0374E+03  7.4643E-05  1.7666E-05  7.1845E-06
 7.7343E+25  1.3969E-04  7.0374E+03  7.4643E-05  1.7586E-05  7.1845E-06
 7.7435E+25  1.4029E-04  7.0373E+03  7.4643E-05  1.7506E-05  7.1845E-06
 7.7528E+25  1.4052E-04  7.0373E+03  7.4643E-05  1.7426E-05  7.1845E-06
 7.7620E+25  1.4116E-04  7.0373E+03  7.4643E-05  1.7347E-05  7.1845E-06
 7.7713E+25  1.4178E-04  7.0372E+03  7.4643E-05  1.7267E-05  7.1845E-06
 7.7805E+25  1.4241E-04  7.0371E+03  7.4643E-05  1.7188E-05  7.1845E-06
 7.7898E+25  1.4305E-04  7.0371E+03  7.4643E-05  1.7108E-05  7.1845E-06
 7.7991E+25  1.4366E-04  7.0371E+03  7.4643E-05  1.7029E-05  7.1845E-06
 7.8083E+25  1.4395E-04  7.0370E+03  7.4643E-05  1.6950E-05  7.1845E-06
 7.8176E+25  1.4457E-04  7.0370E+03  7.4643E-05  1.6871E-05  7.1845E-06
 7.8268E+25  1.4521E-04  7.0369E+03  7.4643E-05  1.6792E-05  7.1845E-06
 7.8361E+25  1.4584E-04  7.0369E+03  7.4643E-05  1.6713E-05  7.1845E-06
 7.8453E+25  1.4647E-04  7.0368E+03  7.4643E-05  1.6638E-05  7.1845E-06
 7.8546E+25  1.4711E-04  7.0368E+03  7.4643E-05  1.6565E-05  7.1845E-06
 7.8638E+25  1.4746E-04  7.0368E+03  7.4643E-05  1.6491E-05  7.1845E-06
 7.8731E+25  1.4805E-04  7.0367E+03  7.4643E-05  1.6420E-05  7.1845E-06
 7.8824E+25  1.4870E-04  7.0367E+03  7.4643E-05  1.6349E-05  7.1845E-06
 7.8916E+25  1.4935E-04  7.0366E+03  7.4643E-05  1.6277E-05  7.1845E-06
 7.9009E+25  1.4998E-04  7.0366E+03  7.4643E-05  1.6206E-05  7.1845E-06
 7.9101E+25  1.5062E-04  7.0365E+03  7.4643E-05  1.6135E-05  7.1845E-06
 7.9194E+25  1.5107E-04  7.0365E+03  7.4643E-05  1.6063E-05  7.1845E-06
 7.9286E+25  1.5159E-04  7.0364E+03  7.4643E-05  1.5992E-05  7.1845E-06
 7.9379E+25  1.5226E-04  7.0364E+03  7.4643E-05  1.5921E-05  7.1845E-06
 7.9472E+25  1.5292E-04  7.0363E+03  7.4643E-05  1.5850E-05  7.1845E-06
 7.9564E+25  1.5357E-04  7.0363E+03  7.4643E-05  1.5779E-05  7.1845E-06
 7.9657E+25  1.5421E-04  7.0362E+03  7.4643E-05  1.5708E-05  7.1845E-06
 7.9749E+25  1.5474E-04  7.0362E+03  7.4643E-05  1.5637E-05  7.1845E-06
 7.9842E+25  1.5523E-04  7.0362E+03  7.4643E-05  1.5566E-05  7.1845E-06
 7.9934E+25  1.5588E-04  7.0361E+03  7.4643E-05  1.5495E-05  7.1845E-06
 8.0027E+25  1.5656E-04  7.0360E+03  7.4643E-05  1.5425E-05  7.1845E-06
 8.0120E+25  1.5723E-04  7.0360E+03  7.4643E-05  1.5354E-05  7.1845E-06
 8.0212E+25  1.5788E-04  7.0359E+03  7.4643E-05  1.5285E-05  7.1845E-06
 8.0305E+25  1.5848E-04  7.0359E+03  7.4643E-05  1.5219E-05  7.1845E-06
 8.0397E+25  1.5895E-04  7.0359E+03  7.4643E-05  1.5152E-05  7.1845E-06
 8.0490E+25  1.5961E-04  7.0358E+03  7.4643E-05  1.5087E-05  7.1845E-06
 8.0582E+25  1.6026E-04  7.0358E+03  7.4643E-05  1.5023E-05  7.1845E-06
 8.0675E+25  1.6094E-04  7.0357E+03  7.4643E-05  1.4960E-05  7.1845E-06
 8.0768E+25  1.6162E-04  7.0356E+03  7.4643E-05  1.4897E-05  7.1845E-06
 8.0860E+25  1.6227E-04  7.0356E+03  7.4643E-05  1.4833E-05  7.1845E-06
 8.0953E+25  1.6277E-04  7.0356E+03  7.4643E-05  1.4769E-05  7.1845E-06
 8.1045E+25  1.6340E-04  7.0355E+03  7.4643E-05  1.4705E-05  7.1845E-06
 8.1138E+25  1.6407E-04  7.0355E+03  7.4643E-05  1.4642E-05  7.1845E-06
 8.1230E+25  1.6472E-04  7.0354E+03  7.4643E-05  1.4578E-05  7.1845E-06
 8.1323E+25  1.6541E-04  7.0353E+03  7.4643E-05  1.4515E-05  7.1845E-06
 8.1416E+25  1.6609E-04  7.0353E+03  7.4643E-05  1.4452E-05  7.1845E-06
 8.1508E+25  1.6667E-04  7.0353E+03  7.4643E-05  1.4388E-05  7.1845E-06
 8.1601E+25  1.6729E-04  7.0352E+03  7.4643E-05  1.4325E-05  7.1845E-06
 8.1693E+25  1.6795E-04  7.0352E+03  7.4643E-05  1.4261E-05  7.1845E-06
 8.1786E+25  1.6861E-04  7.0351E+03  7.4643E-05  1.4198E-05  7.1845E-06
 8.1878E+25  1.6927E-04  7.0350E+03  7.4643E-05  1.4135E-05  7.1845E-06
 8.1971E+25  1.6996E-04  7.0350E+03  7.4643E-05  1.4072E-05  7.1845E-06
 8.2064E+25  1.7063E-04  7.0350E+03  7.4643E-05  1.4009E-05  7.1845E-06
 8.2156E+25  1.7126E-04  7.0349E+03  7.4643E-05  1.3950E-05  7.1845E-06
 8.2249E+25  1.7192E-04  7.0349E+03  7.4643E-05  1.3891E-05  7.1845E-06
 8.2341E+25  1.7258E-04  7.0348E+03  7.4643E-05  1.3831E-05  7.1845E-06
 8.2434E+25  1.7324E-04  7.0347E+03  7.4643E-05  1.3774E-05  7.1845E-06
 8.2526E+25  1.7391E-04  7.0347E+03  7.4643E-05  1.3718E-05  7.1845E-06
 8.2619E+25  1.7460E-04  7.0346E+03  7.4643E-05  1.3661E-05  7.1845E-06
 8.2712E+25  1.7529E-04  7.0346E+03  7.4643E-05  1.3604E-05  7.1845E-06
 8.2804E+25  1.7596E-04  7.0345E+03  7.4643E-05  1.3547E-05  7.1845E-06
 8.2897E+25  1.7663E-04  7.0345E+03  7.4643E-05  1.3491E-05  7.1845E-06
 8.2989E+25  1.7730E-04  7.0344E+03  7.4643E-05  1.3434E-05  7.1845E-06
 8.3082E+25  1.7796E-04  7.0344E+03  7.4643E-05  1.3377E-05  7.1845E-06
 8.3174E+25  1.7863E-04  7.0343E+03  7.4643E-05  1.3321E-05  7.1845E-06
 8.3267E+25  1.7936E-04  7.0343E+03  7.4643E-05  1.3264E-05  7.1845E-06
 8.3360E+25  1.8007E-04  7.0342E+03  7.4643E-05  1.3208E-05  7.1845E-06
 8.3452E+25  1.8075E-04  7.0341E+03  7.4643E-05  1.3151E-05  7.1845E-06
 8.3545E+25  1.8142E-04  7.0341E+03  7.4643E-05  1.3094E-05  7.1845E-06
 8.3637E+25  1.8209E-04  7.0340E+03  7.4643E-05  1.3038E-05  7.1845E-06
 8.3730E+25  1.8276E-04  7.0340E+03  7.4643E-05  1.2981E-05  7.1845E-06
 8.3822E+25  1.8347E-04  7.0339E+03  7.4643E-05  1.2925E-05  7.1845E-06
 8.3915E+25  1.8423E-04  7.0339E+03  7.4643E-05  1.2869E-05  7.1845E-06
 8.4008E+25  1.8493E-04  7.0338E+03  7.4643E-05  1.2813E-05  7.1845E-06
 8.4100E+25  1.8562E-04  7.0337E+03  7.4643E-05  1.2760E-05  7.1845E-06
 8.4193E+25  1.8629E-04  7.0337E+03  7.4643E-05  1.2707E-05  7.1845E-06
 8.4285E+25  1.8697E-04  7.0336E+03  7.4643E-05  1.2654E-05  7.1845E-06
 8.4378E+25  1.8766E-04  7.0336E+03  7.4643E-05  1.2603E-05  7.1845E-06
 8.4470E+25  1.8848E-04  7.0335E+03  7.4643E-05  1.2553E-05  7.1845E-06
 8.4563E+25  1.8917E-04  7.0335E+03  7.4643E-05  1.2503E-05  7.1845E-06
 8.4656E+25  1.8987E-04  7.0334E+03  7.4643E-05  1.2452E-05  7.1845E-06
 8.4748E+25  1.9057E-04  7.0333E+03  7.4643E-05  1.2401E-05  7.1845E-06
 8.4841E+25  1.9124E-04  7.0333E+03  7.4643E-05  1.2351E-05  7.1845E-06
 8.4933E+25  1.9192E-04  7.0332E+03  7.4643E-05  1.2300E-05  7.1845E-06
 8.5026E+25  1.9276E-04  7.0332E+03  7.4643E-05  1.2249E-05  7.1845E-06
 8.5118E+25  1.9351E-04  7.0331E+03  7.4643E-05  1.2199E-05  7.1845E-06
 8.5211E+25  1.9418E-04  7.0330E+03  7.4643E-05  1.2149E-05  7.1845E-06
 8.5304E+25  1.9488E-04  7.0330E+03  7.4643E-05  1.2098E-05  7.1845E-06
 8.5396E+25  1.9558E-04  7.0329E+03  7.4643E-05  1.2047E-05  7.1845E-06
 8.5489E+25  1.9626E-04  7.0328E+03  7.4643E-05  1.1997E-05  7.1845E-06
 8.5581E+25  1.9702E-04  7.0328E+03  7.4643E-05  1.1946E-05  7.1845E-06
 8.5674E+25  1.9794E-04  7.0328E+03  7.4643E-05  1.1896E-05  7.1845E-06
 8.5766E+25  1.9861E-04  7.0327E+03  7.4643E-05  1.1846E-05  7.1845E-06
 8.5859E+25  1.9927E-04  7.0326E+03  7.4643E-05  1.1795E-05  7.1845E-06
 8.5952E+25  1.9996E-04  7.0325E+03  7.4643E-05  1.1745E-05  7.1845E-06
 8.6044E+25  2.0067E-04  7.0325E+03  7.4643E-05  1.1697E-05  7.1845E-06
 8.6137E+25  2.0137E-04  7.0324E+03  7.4643E-05  1.1649E-05  7.1845E-06
 8.6229E+25  2.0233E-04  7.0324E+03  7.4643E-05  1.1602E-05  7.1845E-06
 8.6322E+25  2.0310E-04  7.0323E+03  7.4643E-05  1.1555E-05  7.1845E-06
 8.6414E+25  2.0377E-04  7.0322E+03  7.4643E-05  1.1511E-05  7.1845E-06
 8.6507E+25  2.0443E-04  7.0322E+03  7.4643E-05  1.1466E-05  7.1845E-06
 8.6600E+25  2.0511E-04  7.0321E+03  7.4643E-05  1.1421E-05  7.1845E-06
 8.6692E+25  2.0582E-04  7.0320E+03  7.4643E-05  1.1376E-05  7.1845E-06
 8.6785E+25  2.0669E-04  7.0320E+03  7.4643E-05  1.1330E-05  7.1845E-06
 8.6877E+25  2.0764E-04  7.0319E+03  7.4643E-05  1.1285E-05  7.1845E-06
 8.6970E+25  2.0832E-04  7.0319E+03  7.4643E-05  1.1240E-05  7.1845E-06
 8.7062E+25  2.0900E-04  7.0318E+03  7.4643E-05  1.1195E-05  7.1845E-06
 8.7155E+25  2.0967E-04  7.0317E+03  7.4643E-05  1.1150E-05  7.1845E-06
 8.7248E+25  2.1033E-04  7.0317E+03  7.4643E-05  1.1105E-05  7.1845E-06
 8.7340E+25  2.1105E-04  7.0316E+03  7.4643E-05  1.1060E-05  7.1845E-06
 8.7433E+25  2.1218E-04  7.0316E+03  7.4643E-05  1.1015E-05  7.1845E-06
 8.7525E+25  2.1294E-04  7.0315E+03  7.4643E-05  1.0970E-05  7.1845E-06
 8.7618E+25  2.1360E-04  7.0314E+03  7.4643E-05  1.0925E-05  7.1845E-06
 8.7710E+25  2.1430E-04  7.0313E+03  7.4643E-05  1.0880E-05  7.1845E-06
 8.7803E+25  2.1496E-04  7.0313E+03  7.4643E-05  1.0835E-05  7.1845E-06
 8.7896E+25  2.1563E-04  7.0312E+03  7.4643E-05  1.0790E-05  7.1845E-06
 8.7988E+25  2.1651E-04  7.0312E+03  7.4643E-05  1.0745E-05  7.1845E-06
 8.8081E+25  2.1760E-04  7.0311E+03  7.4643E-05  1.0702E-05  7.1845E-06
 8.8173E+25  2.1830E-04  7.0310E+03  7.4643E-05  1.0659E-05  7.1845E-06
 8.8266E+25  2.1895E-04  7.0309E+03  7.4643E-05  1.0617E-05  7.1845E-06
 8.8358E+25  2.1963E-04  7.0308E+03  7.4643E-05  1.0575E-05  7.1845E-06
 8.8451E+25  2.2031E-04  7.0308E+03  7.4643E-05  1.0535E-05  7.1845E-06
 8.8544E+25  2.2100E-04  7.0307E+03  7.4643E-05  1.0496E-05  7.1845E-06
 8.8636E+25  2.2216E-04  7.0307E+03  7.4643E-05  1.0455E-05  7.1845E-06
 8.8729E+25  2.2299E-04  7.0306E+03  7.4643E-05  1.0415E-05  7.1845E-06
 8.8821E+25  2.2369E-04  7.0305E+03  7.4643E-05  1.0375E-05  7.1845E-06
 8.8914E+25  2.2436E-04  7.0304E+03  7.4643E-05  1.0334E-05  7.1845E-06
 8.9006E+25  2.2502E-04  7.0304E+03  7.4643E-05  1.0294E-05  7.1845E-06
 8.9099E+25  2.2571E-04  7.0303E+03  7.4643E-05  1.0254E-05  7.1845E-06
 8.9192E+25  2.2655E-04  7.0303E+03  7.4643E-05  1.0214E-05  7.1845E-06
 8.9284E+25  2.2777E-04  7.0302E+03  7.4643E-05  1.0174E-05  7.1845E-06
 8.9377E+25  2.2842E-04  7.0301E+03  7.4643E-05  1.0134E-05  7.1845E-06
 8.9469E+25  2.2912E-04  7.0300E+03  7.4643E-05  1.0094E-05  7.1845E-06
 8.9562E+25  2.2981E-04  7.0299E+03  7.4643E-05  1.0053E-05  7.1845E-06
 8.9654E+25  2.3046E-04  7.0299E+03  7.4643E-05  1.0013E-05  7.1845E-06
 8.9747E+25  2.3115E-04  7.0298E+03  7.4643E-05  9.9729E-06  7.1845E-06
 8.9840E+25  2.3231E-04  7.0298E+03  7.4643E-05  9.9327E-06  7.1845E-06
 8.9932E+25  2.3328E-04  7.0297E+03  7.4643E-05  9.8926E-06  7.1845E-06
 9.0025E+25  2.3393E-04  7.0296E+03  7.4643E-05  9.8525E-06  7.1845E-06
 9.0117E+25  2.3459E-04  7.0295E+03  7.4643E-05  9.8128E-06  7.1845E-06
 9.0210E+25  2.3528E-04  7.0294E+03  7.4643E-05  9.7746E-06  7.1845E-06
 9.0302E+25  2.3595E-04  7.0294E+03  7.4643E-05  9.7367E-06  7.1845E-06
 9.0395E+25  2.3668E-04  7.0293E+03  7.4643E-05  9.6989E-06  7.1845E-06
 9.0487E+25  2.3808E-04  7.0293E+03  7.4643E-05  9.6619E-06  7.1845E-06
 9.0580E+25  2.3881E-04  7.0292E+03  7.4643E-05  9.6266E-06  7.1845E-06
 9.0673E+25  2.3947E-04  7.0291E+03  7.4643E-05  9.5911E-06  7.1845E-06
 9.0765E+25  2.4011E-04  7.0290E+03  7.4643E-05  9.5552E-06  7.1845E-06
 9.0858E+25  2.4078E-04  7.0289E+03  7.4643E-05  9.5193E-06  7.1845E-06
 9.0950E+25  2.4146E-04  7.0289E+03  7.4643E-05  9.4835E-06  7.1845E-06
 9.1043E+25  2.4242E-04  7.0288E+03  7.4643E-05  9.4476E-06  7.1845E-06
 9.1135E+25  2.4371E-04  7.0287E+03  7.4643E-05  9.4118E-06  7.1845E-06
 9.1228E+25  2.4437E-04  7.0286E+03  7.4643E-05  9.3761E-06  7.1845E-06
 9.1321E+25  2.4502E-04  7.0286E+03  7.4643E-05  9.3403E-06  7.1845E-06
 9.1413E+25  2.4567E-04  7.0285E+03  7.4643E-05  9.3046E-06  7.1845E-06
 9.1506E+25  2.4631E-04  7.0284E+03  7.4643E-05  9.2688E-06  7.1845E-06
 9.1598E+25  2.4700E-04  7.0283E+03  7.4643E-05  9.2329E-06  7.1845E-06
 9.1691E+25  2.4825E-04  7.0283E+03  7.4643E-05  9.1970E-06  7.1845E-06
 9.1783E+25  2.4930E-04  7.0282E+03  7.4643E-05  9.1612E-06  7.1845E-06
 9.1876E+25  2.4995E-04  7.0281E+03  7.4643E-05  9.1253E-06  7.1845E-06
 9.1969E+25  2.5060E-04  7.0280E+03  7.4643E-05  9.0895E-06  7.1845E-06
 9.2061E+25  2.5124E-04  7.0280E+03  7.4643E-05  9.0537E-06  7.1845E-06
 9.2154E+25  2.5189E-04  7.0279E+03  7.4643E-05  9.0180E-06  7.1845E-06
 9.2246E+25  2.5258E-04  7.0278E+03  7.4643E-05  8.9821E-06  7.1845E-06
 9.2339E+25  2.5405E-04  7.0277E+03  7.4643E-05  8.9478E-06  7.1845E-06
 9.2431E+25  2.5491E-04  7.0277E+03  7.4643E-05  8.9139E-06  7.1845E-06
 9.2524E+25  2.5554E-04  7.0276E+03  7.4643E-05  8.8801E-06  7.1845E-06
