 4.6285E+22  3.2781E-11  1.1639E+04  7.4643E-05  1.0000E+00  7.1845E-06
 1.3886E+23  2.2941E-10  1.1643E+04  7.4643E-05  1.0000E+00  7.1845E-06
 2.3143E+23  6.2221E-10  1.1655E+04  7.4643E-05  1.0000E+00  7.1845E-06
 3.2400E+23  1.2096E-09  1.1682E+04  7.4643E-05  1.0000E+00  7.1845E-06
 4.1657E+23  1.9883E-09  1.1731E+04  7.4643E-05  1.0000E+00  7.1845E-06
 5.0914E+23  2.9520E-09  1.1810E+04  7.4643E-05  1.0000E+00  7.1845E-06
 6.0171E+23  4.0885E-09  1.1932E+04  7.4643E-05  1.0000E+00  7.1845E-06
 6.9428E+23  5.3848E-09  1.2108E+04  7.4643E-05  1.0000E+00  7.1845E-06
 7.8685E+23  6.8067E-09  1.2366E+04  7.4643E-05  1.0000E+00  7.1845E-06
 8.7942E+23  8.3276E-09  1.2725E+04  7.4643E-05  1.0000E+00  7.1845E-06
 9.7199E+23  9.9262E-09  1.3159E+04  7.4643E-05  1.0000E+00  7.1845E-06
 1.0646E+24  1.1625E-08  1.3597E+04  7.4643E-05  1.0000E+00  7.1845E-06
 1.1571E+24  1.3503E-08  1.3915E+04  7.4643E-05  1.0000E+00  7.1845E-06
 1.2497E+24  1.5613E-08  1.4086E+04  7.4643E-05  1.0000E+00  7.1845E-06
 1.3423E+24  1.7916E-08  1.4181E+04  7.4643E-05  1.0000E+00  7.1845E-06
 1.4348E+24  2.0374E-08  1.4281E+04  7.4643E-05  9.9999E-01  7.1845E-06
 1.5274E+24  2.2956E-08  1.4381E+04  7.4643E-05  9.9999E-01  7.1845E-06
 1.6200E+24  2.5708E-08  1.4475E+04  7.4643E-05  9.9999E-01  7.1845E-06
 1.7126E+24  2.8599E-08  1.4566E+04  7.4643E-05  9.9999E-01  7.1845E-06
 1.8051E+24  3.1635E-08  1.4648E+04  7.4643E-05  9.9999E-01  7.1845E-06
 1.8977E+24  3.4823E-08  1.4727E+04  7.4643E-05  9.9999E-01  7.1845E-06
 1.9903E+24  3.8167E-08  1.4804E+04  7.4643E-05  9.9999E-01  7.1845E-06
 2.0828E+24  4.1649E-08  1.4878E+04  7.4643E-05  9.9999E-01  7.1845E-06
 2.1754E+24  4.5242E-08  1.4951E+04  7.4643E-05  9.9999E-01  7.1845E-06
 2.2680E+24  4.9023E-08  1.5021E+04  7.4643E-05  9.9999E-01  7.1845E-06
 2.3605E+24  5.2938E-08  1.5090E+04  7.4643E-05  9.9999E-01  7.1845E-06
 2.4531E+24  5.6981E-08  1.5153E+04  7.4643E-05  9.9999E-01  7.1845E-06
 2.5457E+24  6.1160E-08  1.5218E+04  7.4643E-05  9.9998E-01  7.1845E-06
 2.6383E+24  6.5510E-08  1.5281E+04  7.4643E-05  9.9998E-01  7.1845E-06
 2.7308E+24  6.9994E-08  1.5340E+04  7.4643E-05  9.9998E-01  7.1845E-06
 2.8234E+24  7.4563E-08  1.5401E+04  7.4643E-05  9.9998E-01  7.1845E-06
 2.9160E+24  7.9331E-08  1.5457E+04  7.4643E-05  9.9998E-01  7.1845E-06
 3.0085E+24  8.4277E-08  1.5512E+04  7.4643E-05  9.9998E-01  7.1845E-06
 3.1011E+24  8.9288E-08  1.5569E+04  7.4643E-05  9.9998E-01  7.1845E-06
 3.1937E+24  9.4412E-08  1.5622E+04  7.4643E-05  9.9998E-01  7.1845E-06
 3.2862E+24  9.9750E-08  1.5673E+04  7.4643E-05  9.9997E-01  7.1845E-06
 3.3788E+24  1.0518E-07  1.5724E+04  7.4643E-05  9.9997E-01  7.1845E-06
 3.4714E+24  1.1069E-07  1.5774E+04  7.4643E-05  9.9997E-01  7.1845E-06
 3.5640E+24  1.1644E-07  1.5823E+04  7.4643E-05  9.9997E-01  7.1845E-06
 3.6565E+24  1.2241E-07  1.5869E+04  7.4643E-05  9.9997E-01  7.1845E-06
 3.7491E+24  1.2829E-07  1.5916E+04  7.4643E-05  9.9997E-01  7.1845E-06
 3.8417E+24  1.3444E-07  1.5962E+04  7.4643E-05  9.9997E-01  7.1845E-06
 3.9342E+24  1.4075E-07  1.6006E+04  7.4643E-05  9.9996E-01  7.1845E-06
 4.0268E+24  1.4714E-07  1.6050E+04  7.4643E-05  9.9996E-01  7.1845E-06
 4.1194E+24  1.5358E-07  1.6093E+04  7.4643E-05  9.9996E-01  7.1845E-06
 4.2120E+24  1.6046E-07  1.6134E+04  7.4643E-05  9.9996E-01  7.1845E-06
 4.3045E+24  1.6713E-07  1.6175E+04  7.4643E-05  9.9996E-01  7.1845E-06
 4.3971E+24  1.7397E-07  1.6216E+04  7.4643E-05  9.9996E-01  7.1845E-06
 4.4897E+24  1.8114E-07  1.6255E+04  7.4643E-05  9.9995E-01  7.1845E-06
 4.5822E+24  1.8840E-07  1.6294E+04  7.4643E-05  9.9995E-01  7.1845E-06
 4.6748E+24  1.9576E-07  1.6332E+04  7.4643E-05  9.9995E-01  7.1845E-06
 4.7674E+24  2.0323E-07  1.6369E+04  7.4643E-05  9.9995E-01  7.1845E-06
 4.8599E+24  2.1081E-07  1.6406E+04  7.4643E-05  9.9995E-01  7.1845E-06
 4.9525E+24  2.1853E-07  1.6442E+04  7.4643E-05  9.9994E-01  7.1845E-06
 5.0451E+24  2.2638E-07  1.6477E+04  7.4643E-05  9.9994E-01  7.1845E-06
 5.1377E+24  2.3439E-07  1.6512E+04  7.4643E-05  9.9994E-01  7.1845E-06
 5.2302E+24  2.4257E-07  1.6546E+04  7.4643E-05  9.9994E-01  7.1845E-06
 5.3228E+24  2.5093E-07  1.6580E+04  7.4643E-05  9.9993E-01  7.1845E-06
 5.4154E+24  2.5950E-07  1.6613E+04  7.4643E-05  9.9993E-01  7.1845E-06
 5.5079E+24  2.6784E-07  1.6646E+04  7.4643E-05  9.9993E-01  7.1845E-06
 5.6005E+24  2.7622E-07  1.6678E+04  7.4643E-05  9.9992E-01  7.1845E-06
 5.6931E+24  2.8532E-07  1.6710E+04  7.4643E-05  9.9990E-01  7.1845E-06
 5.7856E+24  2.9471E-07  1.6741E+04  7.4643E-05  9.9986E-01  7.1845E-06
 5.8782E+24  3.0289E-07  1.6771E+04  7.4643E-05  9.9978E-01  7.1845E-06
 5.9708E+24  3.1252E-07  1.6801E+04  7.4643E-05  9.9962E-01  7.1845E-06
 6.0634E+24  3.2232E-07  1.6828E+04  7.4643E-05  9.9930E-01  7.1845E-06
 6.1559E+24  3.3087E-07  1.6855E+04  7.4643E-05  9.9867E-01  7.1845E-06
 6.2485E+24  3.4155E-07  1.6878E+04  7.4643E-05  9.9745E-01  7.1845E-06
 6.3411E+24  3.5040E-07  1.6896E+04  7.4643E-05  9.9515E-01  7.1845E-06
 6.4336E+24  3.6131E-07  1.6905E+04  7.4643E-05  9.9094E-01  7.1845E-06
 6.5262E+24  3.7088E-07  1.6900E+04  7.4643E-05  9.8340E-01  7.1845E-06
 6.6188E+24  3.8237E-07  1.6871E+04  7.4643E-05  9.7031E-01  7.1845E-06
 6.7113E+24  3.9272E-07  1.6804E+04  7.4643E-05  9.4838E-01  7.1845E-06
 6.8039E+24  4.0611E-07  1.6676E+04  7.4643E-05  9.1331E-01  7.1845E-06
 6.8965E+24  4.1795E-07  1.6462E+04  7.4643E-05  8.6059E-01  7.1845E-06
 6.9891E+24  4.3466E-07  1.6138E+04  7.4643E-05  7.8751E-01  7.1845E-06
 7.0816E+24  4.5124E-07  1.5691E+04  7.4643E-05  6.9602E-01  7.1845E-06
 7.1742E+24  4.7262E-07  1.5134E+04  7.4643E-05  5.9394E-01  7.1845E-06
 7.2668E+24  4.9613E-07  1.4502E+04  7.4643E-05  4.9258E-01  7.1845E-06
 7.3593E+24  5.2239E-07  1.3845E+04  7.4643E-05  4.0173E-01  7.1845E-06
 7.4519E+24  5.5135E-07  1.3208E+04  7.4643E-05  3.2628E-01  7.1845E-06
 7.5445E+24  5.8070E-07  1.2617E+04  7.4643E-05  2.6652E-01  7.1845E-06
 7.6371E+24  6.1191E-07  1.2086E+04  7.4643E-05  2.2017E-01  7.1845E-06
 7.7296E+24  6.4268E-07  1.1616E+04  7.4643E-05  1.8435E-01  7.1845E-06
 7.8222E+24  6.7382E-07  1.1202E+04  7.4643E-05  1.5643E-01  7.1845E-06
 7.9148E+24  7.0546E-07  1.0839E+04  7.4643E-05  1.3438E-01  7.1845E-06
 8.0073E+24  7.3540E-07  1.0520E+04  7.4643E-05  1.1671E-01  7.1845E-06
 8.0999E+24  7.6786E-07  1.0239E+04  7.4643E-05  1.0232E-01  7.1845E-06
 8.1925E+24  7.9627E-07  9.9895E+03  7.4643E-05  9.0447E-02  7.1845E-06
 8.2850E+24  8.2950E-07  9.7679E+03  7.4643E-05  8.0527E-02  7.1845E-06
 8.3776E+24  8.5655E-07  9.5699E+03  7.4643E-05  7.2147E-02  7.1845E-06
 8.4702E+24  8.9019E-07  9.3923E+03  7.4643E-05  6.4999E-02  7.1845E-06
 8.5628E+24  9.1661E-07  9.2323E+03  7.4643E-05  5.8847E-02  7.1845E-06
 8.6553E+24  9.5042E-07  9.0877E+03  7.4643E-05  5.3513E-02  7.1845E-06
 8.7479E+24  9.7646E-07  8.9565E+03  7.4643E-05  4.8854E-02  7.1845E-06
 8.8405E+24  1.0099E-06  8.8371E+03  7.4643E-05  4.4761E-02  7.1845E-06
 8.9330E+24  1.0369E-06  8.7281E+03  7.4643E-05  4.1146E-02  7.1845E-06
 9.0256E+24  1.0686E-06  8.6283E+03  7.4643E-05  3.7935E-02  7.1845E-06
 9.1182E+24  1.0984E-06  8.5366E+03  7.4643E-05  3.5069E-02  7.1845E-06
 9.2107E+24  1.1270E-06  8.4523E+03  7.4643E-05  3.2503E-02  7.1845E-06
 9.3033E+24  1.1601E-06  8.3745E+03  7.4643E-05  3.0194E-02  7.1845E-06
 9.3959E+24  1.1865E-06  8.3026E+03  7.4643E-05  2.8111E-02  7.1845E-06
 9.4885E+24  1.2180E-06  8.2360E+03  7.4643E-05  2.6223E-02  7.1845E-06
 9.5810E+24  1.2508E-06  8.1742E+03  7.4643E-05  2.4508E-02  7.1845E-06
 9.6736E+24  1.2770E-06  8.1167E+03  7.4643E-05  2.2946E-02  7.1845E-06
 9.7662E+24  1.3086E-06  8.0631E+03  7.4643E-05  2.1518E-02  7.1845E-06
 9.8587E+24  1.3414E-06  8.0132E+03  7.4643E-05  2.0213E-02  7.1845E-06
 9.9513E+24  1.3714E-06  7.9665E+03  7.4643E-05  1.9012E-02  7.1845E-06
 1.0044E+25  1.3994E-06  7.9228E+03  7.4643E-05  1.7909E-02  7.1845E-06
 1.0136E+25  1.4321E-06  7.8818E+03  7.4643E-05  1.6891E-02  7.1845E-06
 1.0229E+25  1.4647E-06  7.8434E+03  7.4643E-05  1.5952E-02  7.1845E-06
 1.0322E+25  1.4971E-06  7.8073E+03  7.4643E-05  1.5083E-02  7.1845E-06
 1.0414E+25  1.5246E-06  7.7734E+03  7.4643E-05  1.4276E-02  7.1845E-06
 1.0507E+25  1.5563E-06  7.7414E+03  7.4643E-05  1.3528E-02  7.1845E-06
 1.0599E+25  1.5892E-06  7.7112E+03  7.4643E-05  1.2832E-02  7.1845E-06
 1.0692E+25  1.6218E-06  7.6828E+03  7.4643E-05  1.2183E-02  7.1845E-06
 1.0784E+25  1.6546E-06  7.6559E+03  7.4643E-05  1.1579E-02  7.1845E-06
 1.0877E+25  1.6875E-06  7.6305E+03  7.4643E-05  1.1014E-02  7.1845E-06
 1.0970E+25  1.7201E-06  7.6064E+03  7.4643E-05  1.0485E-02  7.1845E-06
 1.1062E+25  1.7504E-06  7.5837E+03  7.4643E-05  9.9911E-03  7.1845E-06
 1.1155E+25  1.7828E-06  7.5620E+03  7.4643E-05  9.5271E-03  7.1845E-06
 1.1247E+25  1.8162E-06  7.5415E+03  7.4643E-05  9.0920E-03  7.1845E-06
 1.1340E+25  1.8497E-06  7.5221E+03  7.4643E-05  8.6833E-03  7.1845E-06
 1.1432E+25  1.8834E-06  7.5035E+03  7.4643E-05  8.2983E-03  7.1845E-06
 1.1525E+25  1.9172E-06  7.4859E+03  7.4643E-05  7.9362E-03  7.1845E-06
 1.1618E+25  1.9512E-06  7.4692E+03  7.4643E-05  7.5948E-03  7.1845E-06
 1.1710E+25  1.9854E-06  7.4532E+03  7.4643E-05  7.2728E-03  7.1845E-06
 1.1803E+25  2.0198E-06  7.4380E+03  7.4643E-05  6.9689E-03  7.1845E-06
 1.1895E+25  2.0543E-06  7.4235E+03  7.4643E-05  6.6815E-03  7.1845E-06
 1.1988E+25  2.0892E-06  7.4096E+03  7.4643E-05  6.4094E-03  7.1845E-06
 1.2080E+25  2.1243E-06  7.3964E+03  7.4643E-05  6.1525E-03  7.1845E-06
 1.2173E+25  2.1596E-06  7.3838E+03  7.4643E-05  5.9089E-03  7.1845E-06
 1.2266E+25  2.1953E-06  7.3716E+03  7.4643E-05  5.6774E-03  7.1845E-06
 1.2358E+25  2.2313E-06  7.3601E+03  7.4643E-05  5.4584E-03  7.1845E-06
 1.2451E+25  2.2677E-06  7.3490E+03  7.4643E-05  5.2504E-03  7.1845E-06
 1.2543E+25  2.3044E-06  7.3384E+03  7.4643E-05  5.0522E-03  7.1845E-06
 1.2636E+25  2.3366E-06  7.3283E+03  7.4643E-05  4.8644E-03  7.1845E-06
 1.2728E+25  2.3725E-06  7.3185E+03  7.4643E-05  4.6856E-03  7.1845E-06
 1.2821E+25  2.4096E-06  7.3092E+03  7.4643E-05  4.5150E-03  7.1845E-06
 1.2914E+25  2.4472E-06  7.3003E+03  7.4643E-05  4.3529E-03  7.1845E-06
 1.3006E+25  2.4853E-06  7.2917E+03  7.4643E-05  4.1983E-03  7.1845E-06
 1.3099E+25  2.5239E-06  7.2834E+03  7.4643E-05  4.0508E-03  7.1845E-06
 1.3191E+25  2.5630E-06  7.2755E+03  7.4643E-05  3.9101E-03  7.1845E-06
 1.3284E+25  2.6028E-06  7.2678E+03  7.4643E-05  3.7756E-03  7.1845E-06
 1.3376E+25  2.6369E-06  7.2605E+03  7.4643E-05  3.6476E-03  7.1845E-06
 1.3469E+25  2.6709E-06  7.2534E+03  7.4643E-05  3.5246E-03  7.1845E-06
 1.3562E+25  2.7114E-06  7.2466E+03  7.4643E-05  3.4074E-03  7.1845E-06
 1.3654E+25  2.7526E-06  7.2401E+03  7.4643E-05  3.2951E-03  7.1845E-06
 1.3747E+25  2.7946E-06  7.2338E+03  7.4643E-05  3.1877E-03  7.1845E-06
 1.3839E+25  2.8373E-06  7.2277E+03  7.4643E-05  3.0848E-03  7.1845E-06
 1.3932E+25  2.8673E-06  7.2219E+03  7.4643E-05  2.9862E-03  7.1845E-06
 1.4024E+25  2.9058E-06  7.2162E+03  7.4643E-05  2.8918E-03  7.1845E-06
 1.4117E+25  2.9496E-06  7.2108E+03  7.4643E-05  2.8012E-03  7.1845E-06
 1.4210E+25  2.9945E-06  7.2055E+03  7.4643E-05  2.7141E-03  7.1845E-06
 1.4302E+25  3.0394E-06  7.2005E+03  7.4643E-05  2.6308E-03  7.1845E-06
 1.4395E+25  3.0644E-06  7.1956E+03  7.4643E-05  2.5507E-03  7.1845E-06
 1.4487E+25  3.1094E-06  7.1909E+03  7.4643E-05  2.4738E-03  7.1845E-06
 1.4580E+25  3.1564E-06  7.1863E+03  7.4643E-05  2.3996E-03  7.1845E-06
 1.4672E+25  3.2048E-06  7.1819E+03  7.4643E-05  2.3288E-03  7.1845E-06
 1.4765E+25  3.2322E-06  7.1776E+03  7.4643E-05  2.2603E-03  7.1845E-06
 1.4858E+25  3.2748E-06  7.1735E+03  7.4643E-05  2.1947E-03  7.1845E-06
 1.4950E+25  3.3247E-06  7.1695E+03  7.4643E-05  2.1311E-03  7.1845E-06
 1.5043E+25  3.3757E-06  7.1656E+03  7.4643E-05  2.0705E-03  7.1845E-06
 1.5135E+25  3.3970E-06  7.1619E+03  7.4643E-05  2.0116E-03  7.1845E-06
 1.5228E+25  3.4470E-06  7.1583E+03  7.4643E-05  1.9552E-03  7.1845E-06
 1.5320E+25  3.5002E-06  7.1548E+03  7.4643E-05  1.9006E-03  7.1845E-06
 1.5413E+25  3.5398E-06  7.1514E+03  7.4643E-05  1.8481E-03  7.1845E-06
 1.5506E+25  3.5720E-06  7.1481E+03  7.4643E-05  1.7977E-03  7.1845E-06
 1.5598E+25  3.6274E-06  7.1449E+03  7.4643E-05  1.7486E-03  7.1845E-06
 1.5691E+25  3.6813E-06  7.1418E+03  7.4643E-05  1.7016E-03  7.1845E-06
 1.5783E+25  3.7004E-06  7.1388E+03  7.4643E-05  1.6560E-03  7.1845E-06
 1.5876E+25  3.7578E-06  7.1359E+03  7.4643E-05  1.6121E-03  7.1845E-06
 1.5968E+25  3.8173E-06  7.1331E+03  7.4643E-05  1.5698E-03  7.1845E-06
 1.6061E+25  3.8365E-06  7.1303E+03  7.4643E-05  1.5286E-03  7.1845E-06
 1.6154E+25  3.8920E-06  7.1277E+03  7.4643E-05  1.4891E-03  7.1845E-06
 1.6246E+25  3.9543E-06  7.1251E+03  7.4643E-05  1.4508E-03  7.1845E-06
 1.6339E+25  3.9739E-06  7.1226E+03  7.4643E-05  1.4137E-03  7.1845E-06
 1.6431E+25  4.0302E-06  7.1202E+03  7.4643E-05  1.3781E-03  7.1845E-06
 1.6524E+25  4.0957E-06  7.1178E+03  7.4643E-05  1.3433E-03  7.1845E-06
 1.6616E+25  4.1096E-06  7.1155E+03  7.4643E-05  1.3098E-03  7.1845E-06
 1.6709E+25  4.1731E-06  7.1133E+03  7.4643E-05  1.2776E-03  7.1845E-06
 1.6802E+25  4.2346E-06  7.1111E+03  7.4643E-05  1.2460E-03  7.1845E-06
 1.6894E+25  4.2505E-06  7.1090E+03  7.4643E-05  1.2157E-03  7.1845E-06
 1.6987E+25  4.3212E-06  7.1070E+03  7.4643E-05  1.1862E-03  7.1845E-06
 1.7079E+25  4.3679E-06  7.1050E+03  7.4643E-05  1.1576E-03  7.1845E-06
 1.7172E+25  4.4003E-06  7.1031E+03  7.4643E-05  1.1301E-03  7.1845E-06
 1.7264E+25  4.4751E-06  7.1012E+03  7.4643E-05  1.1033E-03  7.1845E-06
 1.7357E+25  4.4985E-06  7.0993E+03  7.4643E-05  1.0771E-03  7.1845E-06
 1.7450E+25  4.5564E-06  7.0975E+03  7.4643E-05  1.0521E-03  7.1845E-06
 1.7542E+25  4.6231E-06  7.0958E+03  7.4643E-05  1.0277E-03  7.1845E-06
 1.7635E+25  4.6388E-06  7.0941E+03  7.4643E-05  1.0038E-03  7.1845E-06
 1.7727E+25  4.7194E-06  7.0925E+03  7.4643E-05  9.8099E-04  7.1845E-06
 1.7820E+25  4.7504E-06  7.0908E+03  7.4643E-05  9.5861E-04  7.1845E-06
 1.7912E+25  4.8040E-06  7.0893E+03  7.4643E-05  9.3678E-04  7.1845E-06
 1.8005E+25  4.8746E-06  7.0878E+03  7.4643E-05  9.1591E-04  7.1845E-06
 1.8097E+25  4.8898E-06  7.0863E+03  7.4643E-05  8.9553E-04  7.1845E-06
 1.8190E+25  4.9774E-06  7.0848E+03  7.4643E-05  8.7551E-04  7.1845E-06
 1.8283E+25  4.9979E-06  7.0834E+03  7.4643E-05  8.5629E-04  7.1845E-06
 1.8375E+25  5.0659E-06  7.0820E+03  7.4643E-05  8.3762E-04  7.1845E-06
 1.8468E+25  5.1213E-06  7.0807E+03  7.4643E-05  8.1932E-04  7.1845E-06
 1.8560E+25  5.1558E-06  7.0794E+03  7.4643E-05  8.0162E-04  7.1845E-06
 1.8653E+25  5.2443E-06  7.0781E+03  7.4643E-05  7.8456E-04  7.1845E-06
 1.8745E+25  5.2473E-06  7.0769E+03  7.4643E-05  7.6770E-04  7.1845E-06
 1.8838E+25  5.3448E-06  7.0756E+03  7.4643E-05  7.5131E-04  7.1845E-06
 1.8931E+25  5.3624E-06  7.0745E+03  7.4643E-05  7.3567E-04  7.1845E-06
 1.9023E+25  5.4395E-06  7.0733E+03  7.4643E-05  7.2026E-04  7.1845E-06
 1.9116E+25  5.4846E-06  7.0722E+03  7.4643E-05  7.0516E-04  7.1845E-06
 1.9208E+25  5.5358E-06  7.0711E+03  7.4643E-05  6.9059E-04  7.1845E-06
 1.9301E+25  5.6067E-06  7.0700E+03  7.4643E-05  6.7647E-04  7.1845E-06
 1.9393E+25  5.6335E-06  7.0689E+03  7.4643E-05  6.6256E-04  7.1845E-06
 1.9486E+25  5.7286E-06  7.0679E+03  7.4643E-05  6.4904E-04  7.1845E-06
 1.9579E+25  5.7329E-06  7.0669E+03  7.4643E-05  6.3608E-04  7.1845E-06
 1.9671E+25  5.8462E-06  7.0659E+03  7.4643E-05  6.2329E-04  7.1845E-06
 1.9764E+25  5.8382E-06  7.0649E+03  7.4643E-05  6.1072E-04  7.1845E-06
 1.9856E+25  5.9505E-06  7.0640E+03  7.4643E-05  5.9860E-04  7.1845E-06
 1.9949E+25  5.9584E-06  7.0631E+03  7.4643E-05  5.8691E-04  7.1845E-06
 2.0041E+25  6.0568E-06  7.0622E+03  7.4643E-05  5.7537E-04  7.1845E-06
 2.0134E+25  6.0783E-06  7.0613E+03  7.4643E-05  5.6403E-04  7.1845E-06
 2.0227E+25  6.1651E-06  7.0605E+03  7.4643E-05  5.5315E-04  7.1845E-06
 2.0319E+25  6.1979E-06  7.0596E+03  7.4643E-05  5.4254E-04  7.1845E-06
 2.0412E+25  6.2756E-06  7.0588E+03  7.4643E-05  5.3206E-04  7.1845E-06
 2.0504E+25  6.3171E-06  7.0580E+03  7.4643E-05  5.2183E-04  7.1845E-06
 2.0597E+25  6.3884E-06  7.0572E+03  7.4643E-05  5.1203E-04  7.1845E-06
 2.0689E+25  6.4359E-06  7.0565E+03  7.4643E-05  5.0242E-04  7.1845E-06
 2.0782E+25  6.5036E-06  7.0557E+03  7.4643E-05  4.9291E-04  7.1845E-06
 2.0875E+25  6.5543E-06  7.0550E+03  7.4643E-05  4.8362E-04  7.1845E-06
 2.0967E+25  6.6214E-06  7.0543E+03  7.4643E-05  4.7473E-04  7.1845E-06
 2.1060E+25  6.6722E-06  7.0536E+03  7.4643E-05  4.6603E-04  7.1845E-06
 2.1152E+25  6.7419E-06  7.0529E+03  7.4643E-05  4.5740E-04  7.1845E-06
 2.1245E+25  6.7895E-06  7.0522E+03  7.4643E-05  4.4898E-04  7.1845E-06
 2.1337E+25  6.8652E-06  7.0515E+03  7.4643E-05  4.4087E-04  7.1845E-06
 2.1430E+25  6.9063E-06  7.0509E+03  7.4643E-05  4.3296E-04  7.1845E-06
 2.1523E+25  6.9916E-06  7.0502E+03  7.4643E-05  4.2511E-04  7.1845E-06
 2.1615E+25  7.0225E-06  7.0496E+03  7.4643E-05  4.1744E-04  7.1845E-06
 2.1708E+25  7.1210E-06  7.0490E+03  7.4643E-05  4.1005E-04  7.1845E-06
 2.1800E+25  7.1380E-06  7.0484E+03  7.4643E-05  4.0286E-04  7.1845E-06
 2.1893E+25  7.2538E-06  7.0478E+03  7.4643E-05  3.9573E-04  7.1845E-06
 2.1985E+25  7.2528E-06  7.0473E+03  7.4643E-05  3.8871E-04  7.1845E-06
 2.2078E+25  7.3900E-06  7.0467E+03  7.4643E-05  3.8191E-04  7.1845E-06
 2.2171E+25  7.3668E-06  7.0462E+03  7.4643E-05  3.7539E-04  7.1845E-06
 2.2263E+25  7.5157E-06  7.0456E+03  7.4643E-05  3.6892E-04  7.1845E-06
 2.2356E+25  7.4944E-06  7.0451E+03  7.4643E-05  3.6251E-04  7.1845E-06
 2.2448E+25  7.6300E-06  7.0446E+03  7.4643E-05  3.5625E-04  7.1845E-06
 2.2541E+25  7.6363E-06  7.0441E+03  7.4643E-05  3.5026E-04  7.1845E-06
 2.2633E+25  7.7431E-06  7.0436E+03  7.4643E-05  3.4435E-04  7.1845E-06
 2.2726E+25  7.7825E-06  7.0431E+03  7.4643E-05  3.3854E-04  7.1845E-06
 2.2819E+25  7.8553E-06  7.0426E+03  7.4643E-05  3.3279E-04  7.1845E-06
 2.2911E+25  7.9328E-06  7.0421E+03  7.4643E-05  3.2724E-04  7.1845E-06
 2.3004E+25  7.9667E-06  7.0417E+03  7.4643E-05  3.2188E-04  7.1845E-06
 2.3096E+25  8.0875E-06  7.0412E+03  7.4643E-05  3.1656E-04  7.1845E-06
 2.3189E+25  8.0773E-06  7.0408E+03  7.4643E-05  3.1129E-04  7.1845E-06
 2.3281E+25  8.2329E-06  7.0403E+03  7.4643E-05  3.0615E-04  7.1845E-06
 2.3374E+25  8.2007E-06  7.0399E+03  7.4643E-05  3.0119E-04  7.1845E-06
 2.3467E+25  8.3432E-06  7.0395E+03  7.4643E-05  2.9637E-04  7.1845E-06
 2.3559E+25  8.3630E-06  7.0391E+03  7.4643E-05  2.9158E-04  7.1845E-06
 2.3652E+25  8.4521E-06  7.0387E+03  7.4643E-05  2.8683E-04  7.1845E-06
 2.3744E+25  8.5303E-06  7.0383E+03  7.4643E-05  2.8220E-04  7.1845E-06
 2.3837E+25  8.5601E-06  7.0379E+03  7.4643E-05  2.7775E-04  7.1845E-06
 2.3929E+25  8.7030E-06  7.0375E+03  7.4643E-05  2.7339E-04  7.1845E-06
 2.4022E+25  8.6672E-06  7.0372E+03  7.4643E-05  2.6907E-04  7.1845E-06
 2.4115E+25  8.8282E-06  7.0368E+03  7.4643E-05  2.6479E-04  7.1845E-06
 2.4207E+25  8.8259E-06  7.0364E+03  7.4643E-05  2.6062E-04  7.1845E-06
 2.4300E+25  8.9341E-06  7.0361E+03  7.4643E-05  2.5661E-04  7.1845E-06
 2.4392E+25  9.0080E-06  7.0357E+03  7.4643E-05  2.5266E-04  7.1845E-06
 2.4485E+25  9.0392E-06  7.0354E+03  7.4643E-05  2.4875E-04  7.1845E-06
 2.4577E+25  9.1958E-06  7.0350E+03  7.4643E-05  2.4487E-04  7.1845E-06
 2.4670E+25  9.1435E-06  7.0347E+03  7.4643E-05  2.4110E-04  7.1845E-06
 2.4763E+25  9.3083E-06  7.0344E+03  7.4643E-05  2.3747E-04  7.1845E-06
 2.4855E+25  9.3279E-06  7.0341E+03  7.4643E-05  2.3392E-04  7.1845E-06
 2.4948E+25  9.4110E-06  7.0338E+03  7.4643E-05  2.3037E-04  7.1845E-06
 2.5040E+25  9.5264E-06  7.0334E+03  7.4643E-05  2.2686E-04  7.1845E-06
 2.5133E+25  9.5132E-06  7.0331E+03  7.4643E-05  2.2343E-04  7.1845E-06
 2.5225E+25  9.6817E-06  7.0328E+03  7.4643E-05  2.2012E-04  7.1845E-06
 2.5318E+25  9.6640E-06  7.0326E+03  7.4643E-05  2.1690E-04  7.1845E-06
 2.5411E+25  9.7821E-06  7.0323E+03  7.4643E-05  2.1371E-04  7.1845E-06
 2.5503E+25  9.8747E-06  7.0320E+03  7.4643E-05  2.1053E-04  7.1845E-06
 2.5596E+25  9.8818E-06  7.0317E+03  7.4643E-05  2.0740E-04  7.1845E-06
 2.5688E+25  1.0054E-05  7.0314E+03  7.4643E-05  2.0436E-04  7.1845E-06
 2.5781E+25  1.0019E-05  7.0312E+03  7.4643E-05  2.0144E-04  7.1845E-06
 2.5873E+25  1.0152E-05  7.0309E+03  7.4643E-05  1.9854E-04  7.1845E-06
 2.5966E+25  1.0243E-05  7.0306E+03  7.4643E-05  1.9566E-04  7.1845E-06
 2.6059E+25  1.0249E-05  7.0304E+03  7.4643E-05  1.9283E-04  7.1845E-06
 2.6151E+25  1.0424E-05  7.0301E+03  7.4643E-05  1.9004E-04  7.1845E-06
 2.6244E+25  1.0395E-05  7.0299E+03  7.4643E-05  1.8736E-04  7.1845E-06
 2.6336E+25  1.0519E-05  7.0296E+03  7.4643E-05  1.8474E-04  7.1845E-06
 2.6429E+25  1.0633E-05  7.0294E+03  7.4643E-05  1.8213E-04  7.1845E-06
 2.6521E+25  1.0614E-05  7.0292E+03  7.4643E-05  1.7954E-04  7.1845E-06
 2.6614E+25  1.0791E-05  7.0289E+03  7.4643E-05  1.7698E-04  7.1845E-06
 2.6707E+25  1.0795E-05  7.0287E+03  7.4643E-05  1.7452E-04  7.1845E-06
 2.6799E+25  1.0883E-05  7.0285E+03  7.4643E-05  1.7211E-04  7.1845E-06
 2.6892E+25  1.1047E-05  7.0283E+03  7.4643E-05  1.6977E-04  7.1845E-06
 2.6984E+25  1.0976E-05  7.0280E+03  7.4643E-05  1.6742E-04  7.1845E-06
 2.7077E+25  1.1155E-05  7.0278E+03  7.4643E-05  1.6509E-04  7.1845E-06
 2.7169E+25  1.1219E-05  7.0276E+03  7.4643E-05  1.6280E-04  7.1845E-06
 2.7262E+25  1.1246E-05  7.0274E+03  7.4643E-05  1.6057E-04  7.1845E-06
 2.7355E+25  1.1428E-05  7.0272E+03  7.4643E-05  1.5843E-04  7.1845E-06
 2.7447E+25  1.1395E-05  7.0270E+03  7.4643E-05  1.5632E-04  7.1845E-06
 2.7540E+25  1.1516E-05  7.0268E+03  7.4643E-05  1.5420E-04  7.1845E-06
 2.7632E+25  1.1671E-05  7.0266E+03  7.4643E-05  1.5210E-04  7.1845E-06
 2.7725E+25  1.1604E-05  7.0264E+03  7.4643E-05  1.5004E-04  7.1845E-06
 2.7817E+25  1.1789E-05  7.0262E+03  7.4643E-05  1.4803E-04  7.1845E-06
 2.7910E+25  1.1859E-05  7.0260E+03  7.4643E-05  1.4611E-04  7.1845E-06
 2.8003E+25  1.1874E-05  7.0259E+03  7.4643E-05  1.4419E-04  7.1845E-06
 2.8095E+25  1.2062E-05  7.0257E+03  7.4643E-05  1.4229E-04  7.1845E-06
 2.8188E+25  1.2052E-05  7.0255E+03  7.4643E-05  1.4040E-04  7.1845E-06
 2.8280E+25  1.2145E-05  7.0253E+03  7.4643E-05  1.3854E-04  7.1845E-06
 2.8373E+25  1.2334E-05  7.0252E+03  7.4643E-05  1.3673E-04  7.1845E-06
 2.8465E+25  1.2250E-05  7.0250E+03  7.4643E-05  1.3498E-04  7.1845E-06
 2.8558E+25  1.2417E-05  7.0248E+03  7.4643E-05  1.3326E-04  7.1845E-06
 2.8651E+25  1.2563E-05  7.0247E+03  7.4643E-05  1.3154E-04  7.1845E-06
 2.8743E+25  1.2498E-05  7.0245E+03  7.4643E-05  1.2983E-04  7.1845E-06
 2.8836E+25  1.2689E-05  7.0243E+03  7.4643E-05  1.2814E-04  7.1845E-06
 2.8928E+25  1.2776E-05  7.0242E+03  7.4643E-05  1.2650E-04  7.1845E-06
 2.9021E+25  1.2769E-05  7.0240E+03  7.4643E-05  1.2491E-04  7.1845E-06
 2.9113E+25  1.2962E-05  7.0239E+03  7.4643E-05  1.2336E-04  7.1845E-06
 2.9206E+25  1.2995E-05  7.0237E+03  7.4643E-05  1.2181E-04  7.1845E-06
 2.9299E+25  1.3039E-05  7.0236E+03  7.4643E-05  1.2027E-04  7.1845E-06
 2.9391E+25  1.3235E-05  7.0234E+03  7.4643E-05  1.1875E-04  7.1845E-06
 2.9484E+25  1.3220E-05  7.0233E+03  7.4643E-05  1.1723E-04  7.1845E-06
 2.9576E+25  1.3310E-05  7.0231E+03  7.4643E-05  1.1578E-04  7.1845E-06
 2.9669E+25  1.3508E-05  7.0230E+03  7.4643E-05  1.1437E-04  7.1845E-06
 2.9761E+25  1.3453E-05  7.0229E+03  7.4643E-05  1.1298E-04  7.1845E-06
 2.9854E+25  1.3581E-05  7.0227E+03  7.4643E-05  1.1159E-04  7.1845E-06
 2.9947E+25  1.3781E-05  7.0226E+03  7.4643E-05  1.1021E-04  7.1845E-06
 3.0039E+25  1.3692E-05  7.0224E+03  7.4643E-05  1.0884E-04  7.1845E-06
 3.0132E+25  1.3852E-05  7.0223E+03  7.4643E-05  1.0750E-04  7.1845E-06
 3.0224E+25  1.4053E-05  7.0222E+03  7.4643E-05  1.0620E-04  7.1845E-06
 3.0317E+25  1.3941E-05  7.0221E+03  7.4643E-05  1.0494E-04  7.1845E-06
 3.0409E+25  1.4123E-05  7.0219E+03  7.4643E-05  1.0369E-04  7.1845E-06
 3.0502E+25  1.4323E-05  7.0218E+03  7.4643E-05  1.0245E-04  7.1845E-06
 3.0594E+25  1.4200E-05  7.0217E+03  7.4643E-05  1.0121E-04  7.1845E-06
 3.0687E+25  1.4394E-05  7.0216E+03  7.4643E-05  9.9979E-05  7.1845E-06
 3.0780E+25  1.4594E-05  7.0214E+03  7.4643E-05  9.8779E-05  7.1845E-06
 3.0872E+25  1.4466E-05  7.0213E+03  7.4643E-05  9.7613E-05  7.1845E-06
 3.0965E+25  1.4665E-05  7.0212E+03  7.4643E-05  9.6488E-05  7.1845E-06
 3.1057E+25  1.4868E-05  7.0211E+03  7.4643E-05  9.5362E-05  7.1845E-06
 3.1150E+25  1.4738E-05  7.0210E+03  7.4643E-05  9.4241E-05  7.1845E-06
 3.1242E+25  1.4936E-05  7.0209E+03  7.4643E-05  9.3127E-05  7.1845E-06
 3.1335E+25  1.5143E-05  7.0208E+03  7.4643E-05  9.2022E-05  7.1845E-06
 3.1428E+25  1.5018E-05  7.0207E+03  7.4643E-05  9.0946E-05  7.1845E-06
 3.1520E+25  1.5206E-05  7.0206E+03  7.4643E-05  8.9896E-05  7.1845E-06
 3.1613E+25  1.5417E-05  7.0204E+03  7.4643E-05  8.8876E-05  7.1845E-06
 3.1705E+25  1.5309E-05  7.0203E+03  7.4643E-05  8.7873E-05  7.1845E-06
 3.1798E+25  1.5476E-05  7.0202E+03  7.4643E-05  8.6868E-05  7.1845E-06
 3.1890E+25  1.5689E-05  7.0201E+03  7.4643E-05  8.5860E-05  7.1845E-06
 3.1983E+25  1.5612E-05  7.0200E+03  7.4643E-05  8.4864E-05  7.1845E-06
 3.2076E+25  1.5746E-05  7.0199E+03  7.4643E-05  8.3886E-05  7.1845E-06
 3.2168E+25  1.5960E-05  7.0198E+03  7.4643E-05  8.2940E-05  7.1845E-06
 3.2261E+25  1.5926E-05  7.0197E+03  7.4643E-05  8.2018E-05  7.1845E-06
 3.2353E+25  1.6015E-05  7.0197E+03  7.4643E-05  8.1118E-05  7.1845E-06
 3.2446E+25  1.6231E-05  7.0196E+03  7.4643E-05  8.0210E-05  7.1845E-06
 3.2538E+25  1.6251E-05  7.0195E+03  7.4643E-05  7.9309E-05  7.1845E-06
 3.2631E+25  1.6284E-05  7.0194E+03  7.4643E-05  7.8415E-05  7.1845E-06
 3.2724E+25  1.6501E-05  7.0193E+03  7.4643E-05  7.7522E-05  7.1845E-06
 3.2816E+25  1.6589E-05  7.0192E+03  7.4643E-05  7.6662E-05  7.1845E-06
 3.2909E+25  1.6553E-05  7.0191E+03  7.4643E-05  7.5816E-05  7.1845E-06
 3.3001E+25  1.6770E-05  7.0190E+03  7.4643E-05  7.5005E-05  7.1845E-06
 3.3094E+25  1.6939E-05  7.0189E+03  7.4643E-05  7.4195E-05  7.1845E-06
 3.3186E+25  1.6821E-05  7.0188E+03  7.4643E-05  7.3385E-05  7.1845E-06
 3.3279E+25  1.7039E-05  7.0188E+03  7.4643E-05  7.2575E-05  7.1845E-06
 3.3372E+25  1.7261E-05  7.0187E+03  7.4643E-05  7.1772E-05  7.1845E-06
 3.3464E+25  1.7127E-05  7.0186E+03  7.4643E-05  7.0985E-05  7.1845E-06
 3.3557E+25  1.7307E-05  7.0185E+03  7.4643E-05  7.0214E-05  7.1845E-06
 3.3649E+25  1.7532E-05  7.0184E+03  7.4643E-05  6.9465E-05  7.1845E-06
 3.3742E+25  1.7499E-05  7.0184E+03  7.4643E-05  6.8736E-05  7.1845E-06
 3.3834E+25  1.7576E-05  7.0183E+03  7.4643E-05  6.8010E-05  7.1845E-06
 3.3927E+25  1.7800E-05  7.0182E+03  7.4643E-05  6.7282E-05  7.1845E-06
 3.4020E+25  1.7886E-05  7.0181E+03  7.4643E-05  6.6561E-05  7.1845E-06
 3.4112E+25  1.7843E-05  7.0181E+03  7.4643E-05  6.5841E-05  7.1845E-06
 3.4205E+25  1.8068E-05  7.0180E+03  7.4643E-05  6.5132E-05  7.1845E-06
 3.4297E+25  1.8285E-05  7.0179E+03  7.4643E-05  6.4446E-05  7.1845E-06
 3.4390E+25  1.8110E-05  7.0178E+03  7.4643E-05  6.3776E-05  7.1845E-06
 3.4482E+25  1.8335E-05  7.0178E+03  7.4643E-05  6.3123E-05  7.1845E-06
 3.4575E+25  1.8566E-05  7.0177E+03  7.4643E-05  6.2473E-05  7.1845E-06
 3.4668E+25  1.8511E-05  7.0176E+03  7.4643E-05  6.1816E-05  7.1845E-06
 3.4760E+25  1.8602E-05  7.0176E+03  7.4643E-05  6.1170E-05  7.1845E-06
 3.4853E+25  1.8832E-05  7.0175E+03  7.4643E-05  6.0523E-05  7.1845E-06
 3.4945E+25  1.8941E-05  7.0174E+03  7.4643E-05  5.9890E-05  7.1845E-06
 3.5038E+25  1.8867E-05  7.0173E+03  7.4643E-05  5.9271E-05  7.1845E-06
 3.5130E+25  1.9099E-05  7.0173E+03  7.4643E-05  5.8663E-05  7.1845E-06
 3.5223E+25  1.9335E-05  7.0172E+03  7.4643E-05  5.8083E-05  7.1845E-06
 3.5316E+25  1.9183E-05  7.0171E+03  7.4643E-05  5.7499E-05  7.1845E-06
 3.5408E+25  1.9366E-05  7.0171E+03  7.4643E-05  5.6911E-05  7.1845E-06
 3.5501E+25  1.9601E-05  7.0170E+03  7.4643E-05  5.6332E-05  7.1845E-06
 3.5593E+25  1.9641E-05  7.0170E+03  7.4643E-05  5.5747E-05  7.1845E-06
 3.5686E+25  1.9630E-05  7.0169E+03  7.4643E-05  5.5175E-05  7.1845E-06
 3.5778E+25  1.9867E-05  7.0168E+03  7.4643E-05  5.4616E-05  7.1845E-06
 3.5871E+25  2.0103E-05  7.0168E+03  7.4643E-05  5.4068E-05  7.1845E-06
 3.5964E+25  1.9909E-05  7.0167E+03  7.4643E-05  5.3540E-05  7.1845E-06
 3.6056E+25  2.0133E-05  7.0167E+03  7.4643E-05  5.3016E-05  7.1845E-06
 3.6149E+25  2.0372E-05  7.0166E+03  7.4643E-05  5.2494E-05  7.1845E-06
 3.6241E+25  2.0396E-05  7.0165E+03  7.4643E-05  5.1972E-05  7.1845E-06
 3.6334E+25  2.0396E-05  7.0165E+03  7.4643E-05  5.1449E-05  7.1845E-06
 3.6426E+25  2.0637E-05  7.0164E+03  7.4643E-05  5.0932E-05  7.1845E-06
 3.6519E+25  2.0879E-05  7.0164E+03  7.4643E-05  5.0421E-05  7.1845E-06
 3.6612E+25  2.0685E-05  7.0163E+03  7.4643E-05  4.9924E-05  7.1845E-06
 3.6704E+25  2.0902E-05  7.0163E+03  7.4643E-05  4.9436E-05  7.1845E-06
 3.6797E+25  2.1146E-05  7.0162E+03  7.4643E-05  4.8971E-05  7.1845E-06
 3.6889E+25  2.1210E-05  7.0162E+03  7.4643E-05  4.8503E-05  7.1845E-06
 3.6982E+25  2.1163E-05  7.0161E+03  7.4643E-05  4.8033E-05  7.1845E-06
 3.7074E+25  2.1410E-05  7.0161E+03  7.4643E-05  4.7565E-05  7.1845E-06
 3.7167E+25  2.1658E-05  7.0160E+03  7.4643E-05  4.7101E-05  7.1845E-06
 3.7260E+25  2.1522E-05  7.0159E+03  7.4643E-05  4.6635E-05  7.1845E-06
 3.7352E+25  2.1673E-05  7.0159E+03  7.4643E-05  4.6183E-05  7.1845E-06
 3.7445E+25  2.1922E-05  7.0158E+03  7.4643E-05  4.5738E-05  7.1845E-06
 3.7537E+25  2.2089E-05  7.0158E+03  7.4643E-05  4.5303E-05  7.1845E-06
 3.7630E+25  2.1932E-05  7.0157E+03  7.4643E-05  4.4885E-05  7.1845E-06
 3.7722E+25  2.2186E-05  7.0157E+03  7.4643E-05  4.4466E-05  7.1845E-06
 3.7815E+25  2.2437E-05  7.0157E+03  7.4643E-05  4.4047E-05  7.1845E-06
 3.7908E+25  2.2430E-05  7.0156E+03  7.4643E-05  4.3630E-05  7.1845E-06
 3.8000E+25  2.2445E-05  7.0156E+03  7.4643E-05  4.3210E-05  7.1845E-06
 3.8093E+25  2.2700E-05  7.0155E+03  7.4643E-05  4.2795E-05  7.1845E-06
 3.8185E+25  2.2955E-05  7.0155E+03  7.4643E-05  4.2391E-05  7.1845E-06
 3.8278E+25  2.2784E-05  7.0154E+03  7.4643E-05  4.1990E-05  7.1845E-06
 3.8370E+25  2.2961E-05  7.0154E+03  7.4643E-05  4.1600E-05  7.1845E-06
 3.8463E+25  2.3218E-05  7.0153E+03  7.4643E-05  4.1226E-05  7.1845E-06
 3.8556E+25  2.3411E-05  7.0153E+03  7.4643E-05  4.0850E-05  7.1845E-06
 3.8648E+25  2.3217E-05  7.0152E+03  7.4643E-05  4.0474E-05  7.1845E-06
 3.8741E+25  2.3479E-05  7.0152E+03  7.4643E-05  4.0100E-05  7.1845E-06
 3.8833E+25  2.3738E-05  7.0152E+03  7.4643E-05  3.9727E-05  7.1845E-06
 3.8926E+25  2.3800E-05  7.0151E+03  7.4643E-05  3.9356E-05  7.1845E-06
 3.9018E+25  2.3735E-05  7.0151E+03  7.4643E-05  3.8987E-05  7.1845E-06
 3.9111E+25  2.4000E-05  7.0150E+03  7.4643E-05  3.8628E-05  7.1845E-06
 3.9204E+25  2.4261E-05  7.0150E+03  7.4643E-05  3.8275E-05  7.1845E-06
 3.9296E+25  2.4203E-05  7.0149E+03  7.4643E-05  3.7936E-05  7.1845E-06
 3.9389E+25  2.4255E-05  7.0149E+03  7.4643E-05  3.7602E-05  7.1845E-06
 3.9481E+25  2.4523E-05  7.0149E+03  7.4643E-05  3.7266E-05  7.1845E-06
 3.9574E+25  2.4787E-05  7.0148E+03  7.4643E-05  3.6930E-05  7.1845E-06
 3.9666E+25  2.4623E-05  7.0148E+03  7.4643E-05  3.6594E-05  7.1845E-06
 3.9759E+25  2.4778E-05  7.0147E+03  7.4643E-05  3.6261E-05  7.1845E-06
 3.9852E+25  2.5049E-05  7.0147E+03  7.4643E-05  3.5928E-05  7.1845E-06
 3.9944E+25  2.5311E-05  7.0147E+03  7.4643E-05  3.5606E-05  7.1845E-06
 4.0037E+25  2.5064E-05  7.0146E+03  7.4643E-05  3.5285E-05  7.1845E-06
 4.0129E+25  2.5304E-05  7.0146E+03  7.4643E-05  3.4971E-05  7.1845E-06
 4.0222E+25  2.5578E-05  7.0146E+03  7.4643E-05  3.4673E-05  7.1845E-06
 4.0314E+25  2.5799E-05  7.0145E+03  7.4643E-05  3.4374E-05  7.1845E-06
 4.0407E+25  2.5561E-05  7.0145E+03  7.4643E-05  3.4073E-05  7.1845E-06
 4.0500E+25  2.5832E-05  7.0144E+03  7.4643E-05  3.3774E-05  7.1845E-06
 4.0592E+25  2.6109E-05  7.0144E+03  7.4643E-05  3.3474E-05  7.1845E-06
 4.0685E+25  2.6278E-05  7.0144E+03  7.4643E-05  3.3175E-05  7.1845E-06
 4.0777E+25  2.6088E-05  7.0143E+03  7.4643E-05  3.2878E-05  7.1845E-06
 4.0870E+25  2.6363E-05  7.0143E+03  7.4643E-05  3.2589E-05  7.1845E-06
 4.0962E+25  2.6642E-05  7.0143E+03  7.4643E-05  3.2303E-05  7.1845E-06
 4.1055E+25  2.6775E-05  7.0142E+03  7.4643E-05  3.2026E-05  7.1845E-06
 4.1148E+25  2.6619E-05  7.0142E+03  7.4643E-05  3.1757E-05  7.1845E-06
 4.1240E+25  2.6896E-05  7.0142E+03  7.4643E-05  3.1491E-05  7.1845E-06
 4.1333E+25  2.7179E-05  7.0141E+03  7.4643E-05  3.1223E-05  7.1845E-06
 4.1425E+25  2.7293E-05  7.0141E+03  7.4643E-05  3.0954E-05  7.1845E-06
 4.1518E+25  2.7152E-05  7.0141E+03  7.4643E-05  3.0687E-05  7.1845E-06
 4.1610E+25  2.7431E-05  7.0140E+03  7.4643E-05  3.0420E-05  7.1845E-06
 4.1703E+25  2.7717E-05  7.0140E+03  7.4643E-05  3.0155E-05  7.1845E-06
 4.1796E+25  2.7831E-05  7.0140E+03  7.4643E-05  2.9894E-05  7.1845E-06
 4.1888E+25  2.7687E-05  7.0139E+03  7.4643E-05  2.9637E-05  7.1845E-06
 4.1981E+25  2.7969E-05  7.0139E+03  7.4643E-05  2.9385E-05  7.1845E-06
 4.2073E+25  2.8258E-05  7.0139E+03  7.4643E-05  2.9147E-05  7.1845E-06
 4.2166E+25  2.8392E-05  7.0138E+03  7.4643E-05  2.8910E-05  7.1845E-06
 4.2258E+25  2.8225E-05  7.0138E+03  7.4643E-05  2.8668E-05  7.1845E-06
 4.2351E+25  2.8509E-05  7.0138E+03  7.4643E-05  2.8429E-05  7.1845E-06
 4.2443E+25  2.8802E-05  7.0138E+03  7.4643E-05  2.8190E-05  7.1845E-06
 4.2536E+25  2.8976E-05  7.0137E+03  7.4643E-05  2.7952E-05  7.1845E-06
 4.2629E+25  2.8765E-05  7.0137E+03  7.4643E-05  2.7714E-05  7.1845E-06
 4.2721E+25  2.9052E-05  7.0137E+03  7.4643E-05  2.7479E-05  7.1845E-06
 4.2814E+25  2.9346E-05  7.0136E+03  7.4643E-05  2.7249E-05  7.1845E-06
 4.2906E+25  2.9584E-05  7.0136E+03  7.4643E-05  2.7020E-05  7.1845E-06
 4.2999E+25  2.9309E-05  7.0136E+03  7.4643E-05  2.6802E-05  7.1845E-06
 4.3091E+25  2.9597E-05  7.0136E+03  7.4643E-05  2.6589E-05  7.1845E-06
 4.3184E+25  2.9893E-05  7.0135E+03  7.4643E-05  2.6377E-05  7.1845E-06
 4.3277E+25  3.0184E-05  7.0135E+03  7.4643E-05  2.6163E-05  7.1845E-06
 4.3369E+25  2.9887E-05  7.0135E+03  7.4643E-05  2.5948E-05  7.1845E-06
 4.3462E+25  3.0146E-05  7.0134E+03  7.4643E-05  2.5734E-05  7.1845E-06
 4.3554E+25  3.0442E-05  7.0134E+03  7.4643E-05  2.5522E-05  7.1845E-06
 4.3647E+25  3.0744E-05  7.0134E+03  7.4643E-05  2.5310E-05  7.1845E-06
 4.3739E+25  3.0532E-05  7.0134E+03  7.4643E-05  2.5102E-05  7.1845E-06
 4.3832E+25  3.0697E-05  7.0133E+03  7.4643E-05  2.4896E-05  7.1845E-06
 4.3925E+25  3.0994E-05  7.0133E+03  7.4643E-05  2.4693E-05  7.1845E-06
 4.4017E+25  3.1300E-05  7.0133E+03  7.4643E-05  2.4502E-05  7.1845E-06
 4.4110E+25  3.1211E-05  7.0133E+03  7.4643E-05  2.4310E-05  7.1845E-06
 4.4202E+25  3.1251E-05  7.0132E+03  7.4643E-05  2.4120E-05  7.1845E-06
 4.4295E+25  3.1549E-05  7.0132E+03  7.4643E-05  2.3929E-05  7.1845E-06
 4.4387E+25  3.1856E-05  7.0132E+03  7.4643E-05  2.3738E-05  7.1845E-06
 4.4480E+25  3.1919E-05  7.0131E+03  7.4643E-05  2.3548E-05  7.1845E-06
 4.4573E+25  3.1806E-05  7.0131E+03  7.4643E-05  2.3357E-05  7.1845E-06
 4.4665E+25  3.2109E-05  7.0131E+03  7.4643E-05  2.3168E-05  7.1845E-06
 4.4758E+25  3.2414E-05  7.0131E+03  7.4643E-05  2.2983E-05  7.1845E-06
 4.4850E+25  3.2654E-05  7.0130E+03  7.4643E-05  2.2798E-05  7.1845E-06
 4.4943E+25  3.2365E-05  7.0130E+03  7.4643E-05  2.2616E-05  7.1845E-06
 4.5035E+25  3.2671E-05  7.0130E+03  7.4643E-05  2.2444E-05  7.1845E-06
 4.5128E+25  3.2977E-05  7.0130E+03  7.4643E-05  2.2275E-05  7.1845E-06
 4.5221E+25  3.3291E-05  7.0130E+03  7.4643E-05  2.2106E-05  7.1845E-06
 4.5313E+25  3.3053E-05  7.0129E+03  7.4643E-05  2.1934E-05  7.1845E-06
 4.5406E+25  3.3235E-05  7.0129E+03  7.4643E-05  2.1763E-05  7.1845E-06
 4.5498E+25  3.3544E-05  7.0129E+03  7.4643E-05  2.1593E-05  7.1845E-06
 4.5591E+25  3.3857E-05  7.0129E+03  7.4643E-05  2.1424E-05  7.1845E-06
 4.5683E+25  3.3843E-05  7.0128E+03  7.4643E-05  2.1254E-05  7.1845E-06
 4.5776E+25  3.3801E-05  7.0128E+03  7.4643E-05  2.1086E-05  7.1845E-06
 4.5869E+25  3.4114E-05  7.0128E+03  7.4643E-05  2.0922E-05  7.1845E-06
 4.5961E+25  3.4427E-05  7.0128E+03  7.4643E-05  2.0758E-05  7.1845E-06
 4.6054E+25  3.4661E-05  7.0127E+03  7.4643E-05  2.0602E-05  7.1845E-06
 4.6146E+25  3.4373E-05  7.0127E+03  7.4643E-05  2.0451E-05  7.1845E-06
 4.6239E+25  3.4687E-05  7.0127E+03  7.4643E-05  2.0299E-05  7.1845E-06
 4.6331E+25  3.5003E-05  7.0127E+03  7.4643E-05  2.0147E-05  7.1845E-06
 4.6424E+25  3.5322E-05  7.0127E+03  7.4643E-05  1.9995E-05  7.1845E-06
 4.6517E+25  3.5134E-05  7.0126E+03  7.4643E-05  1.9843E-05  7.1845E-06
 4.6609E+25  3.5261E-05  7.0126E+03  7.4643E-05  1.9690E-05  7.1845E-06
 4.6702E+25  3.5582E-05  7.0126E+03  7.4643E-05  1.9539E-05  7.1845E-06
 4.6794E+25  3.5901E-05  7.0126E+03  7.4643E-05  1.9388E-05  7.1845E-06
 4.6887E+25  3.6011E-05  7.0126E+03  7.4643E-05  1.9241E-05  7.1845E-06
 4.6979E+25  3.5844E-05  7.0125E+03  7.4643E-05  1.9092E-05  7.1845E-06
 4.7072E+25  3.6162E-05  7.0125E+03  7.4643E-05  1.8947E-05  7.1845E-06
 4.7165E+25  3.6487E-05  7.0125E+03  7.4643E-05  1.8811E-05  7.1845E-06
 4.7257E+25  3.6809E-05  7.0125E+03  7.4643E-05  1.8676E-05  7.1845E-06
 4.7350E+25  3.6537E-05  7.0125E+03  7.4643E-05  1.8541E-05  7.1845E-06
 4.7442E+25  3.6747E-05  7.0124E+03  7.4643E-05  1.8406E-05  7.1845E-06
 4.7535E+25  3.7075E-05  7.0124E+03  7.4643E-05  1.8269E-05  7.1845E-06
 4.7627E+25  3.7400E-05  7.0124E+03  7.4643E-05  1.8134E-05  7.1845E-06
 4.7720E+25  3.7474E-05  7.0124E+03  7.4643E-05  1.7999E-05  7.1845E-06
 4.7813E+25  3.7340E-05  7.0124E+03  7.4643E-05  1.7863E-05  7.1845E-06
 4.7905E+25  3.7663E-05  7.0123E+03  7.4643E-05  1.7728E-05  7.1845E-06
 4.7998E+25  3.7996E-05  7.0123E+03  7.4643E-05  1.7596E-05  7.1845E-06
 4.8090E+25  3.8322E-05  7.0123E+03  7.4643E-05  1.7464E-05  7.1845E-06
 4.8183E+25  3.8056E-05  7.0123E+03  7.4643E-05  1.7335E-05  7.1845E-06
 4.8275E+25  3.8261E-05  7.0123E+03  7.4643E-05  1.7212E-05  7.1845E-06
 4.8368E+25  3.8591E-05  7.0122E+03  7.4643E-05  1.7092E-05  7.1845E-06
 4.8461E+25  3.8927E-05  7.0122E+03  7.4643E-05  1.6972E-05  7.1845E-06
 4.8553E+25  3.9058E-05  7.0122E+03  7.4643E-05  1.6851E-05  7.1845E-06
 4.8646E+25  3.8860E-05  7.0122E+03  7.4643E-05  1.6730E-05  7.1845E-06
 4.8738E+25  3.9193E-05  7.0122E+03  7.4643E-05  1.6609E-05  7.1845E-06
 4.8831E+25  3.9531E-05  7.0122E+03  7.4643E-05  1.6488E-05  7.1845E-06
 4.8923E+25  3.9867E-05  7.0121E+03  7.4643E-05  1.6368E-05  7.1845E-06
 4.9016E+25  3.9697E-05  7.0121E+03  7.4643E-05  1.6247E-05  7.1845E-06
 4.9109E+25  3.9801E-05  7.0121E+03  7.4643E-05  1.6129E-05  7.1845E-06
 4.9201E+25  4.0136E-05  7.0121E+03  7.4643E-05  1.6010E-05  7.1845E-06
 4.9294E+25  4.0480E-05  7.0121E+03  7.4643E-05  1.5893E-05  7.1845E-06
 4.9386E+25  4.0774E-05  7.0120E+03  7.4643E-05  1.5782E-05  7.1845E-06
 4.9479E+25  4.0408E-05  7.0120E+03  7.4643E-05  1.5675E-05  7.1845E-06
 4.9571E+25  4.0753E-05  7.0120E+03  7.4643E-05  1.5568E-05  7.1845E-06
 4.9664E+25  4.1091E-05  7.0120E+03  7.4643E-05  1.5460E-05  7.1845E-06
 4.9757E+25  4.1440E-05  7.0120E+03  7.4643E-05  1.5353E-05  7.1845E-06
 4.9849E+25  4.1475E-05  7.0120E+03  7.4643E-05  1.5244E-05  7.1845E-06
 4.9942E+25  4.1366E-05  7.0119E+03  7.4643E-05  1.5137E-05  7.1845E-06
 5.0034E+25  4.1716E-05  7.0119E+03  7.4643E-05  1.5030E-05  7.1845E-06
 5.0127E+25  4.2059E-05  7.0119E+03  7.4643E-05  1.4922E-05  7.1845E-06
 5.0219E+25  4.2407E-05  7.0119E+03  7.4643E-05  1.4815E-05  7.1845E-06
 5.0312E+25  4.2208E-05  7.0119E+03  7.4643E-05  1.4710E-05  7.1845E-06
 5.0405E+25  4.2337E-05  7.0119E+03  7.4643E-05  1.4605E-05  7.1845E-06
 5.0497E+25  4.2691E-05  7.0118E+03  7.4643E-05  1.4500E-05  7.1845E-06
 5.0590E+25  4.3038E-05  7.0118E+03  7.4643E-05  1.4403E-05  7.1845E-06
 5.0682E+25  4.3367E-05  7.0118E+03  7.4643E-05  1.4307E-05  7.1845E-06
 5.0775E+25  4.2993E-05  7.0118E+03  7.4643E-05  1.4212E-05  7.1845E-06
 5.0867E+25  4.3320E-05  7.0118E+03  7.4643E-05  1.4117E-05  7.1845E-06
 5.0960E+25  4.3677E-05  7.0118E+03  7.4643E-05  1.4020E-05  7.1845E-06
 5.1053E+25  4.4028E-05  7.0117E+03  7.4643E-05  1.3924E-05  7.1845E-06
 5.1145E+25  4.4201E-05  7.0117E+03  7.4643E-05  1.3828E-05  7.1845E-06
 5.1238E+25  4.3952E-05  7.0117E+03  7.4643E-05  1.3732E-05  7.1845E-06
 5.1330E+25  4.4316E-05  7.0117E+03  7.4643E-05  1.3637E-05  7.1845E-06
 5.1423E+25  4.4677E-05  7.0117E+03  7.4643E-05  1.3541E-05  7.1845E-06
 5.1515E+25  4.5030E-05  7.0117E+03  7.4643E-05  1.3447E-05  7.1845E-06
 5.1608E+25  4.5037E-05  7.0116E+03  7.4643E-05  1.3353E-05  7.1845E-06
 5.1701E+25  4.4956E-05  7.0116E+03  7.4643E-05  1.3261E-05  7.1845E-06
 5.1793E+25  4.5325E-05  7.0116E+03  7.4643E-05  1.3174E-05  7.1845E-06
 5.1886E+25  4.5689E-05  7.0116E+03  7.4643E-05  1.3088E-05  7.1845E-06
 5.1978E+25  4.6041E-05  7.0116E+03  7.4643E-05  1.3003E-05  7.1845E-06
 5.2071E+25  4.5911E-05  7.0116E+03  7.4643E-05  1.2918E-05  7.1845E-06
 5.2163E+25  4.5973E-05  7.0116E+03  7.4643E-05  1.2832E-05  7.1845E-06
 5.2256E+25  4.6346E-05  7.0115E+03  7.4643E-05  1.2747E-05  7.1845E-06
 5.2349E+25  4.6715E-05  7.0115E+03  7.4643E-05  1.2661E-05  7.1845E-06
 5.2441E+25  4.7063E-05  7.0115E+03  7.4643E-05  1.2576E-05  7.1845E-06
 5.2534E+25  4.6826E-05  7.0115E+03  7.4643E-05  1.2490E-05  7.1845E-06
 5.2626E+25  4.7005E-05  7.0115E+03  7.4643E-05  1.2405E-05  7.1845E-06
 5.2719E+25  4.7382E-05  7.0115E+03  7.4643E-05  1.2321E-05  7.1845E-06
 5.2811E+25  4.7755E-05  7.0114E+03  7.4643E-05  1.2237E-05  7.1845E-06
 5.2904E+25  4.8093E-05  7.0114E+03  7.4643E-05  1.2153E-05  7.1845E-06
 5.2997E+25  4.7784E-05  7.0114E+03  7.4643E-05  1.2074E-05  7.1845E-06
 5.3089E+25  4.8053E-05  7.0114E+03  7.4643E-05  1.1998E-05  7.1845E-06
 5.3182E+25  4.8432E-05  7.0114E+03  7.4643E-05  1.1922E-05  7.1845E-06
 5.3274E+25  4.8809E-05  7.0114E+03  7.4643E-05  1.1846E-05  7.1845E-06
 5.3367E+25  4.9131E-05  7.0114E+03  7.4643E-05  1.1770E-05  7.1845E-06
 5.3459E+25  4.8789E-05  7.0113E+03  7.4643E-05  1.1693E-05  7.1845E-06
 5.3552E+25  4.9116E-05  7.0113E+03  7.4643E-05  1.1617E-05  7.1845E-06
 5.3645E+25  4.9496E-05  7.0113E+03  7.4643E-05  1.1541E-05  7.1845E-06
 5.3737E+25  4.9878E-05  7.0113E+03  7.4643E-05  1.1465E-05  7.1845E-06
 5.3830E+25  5.0183E-05  7.0113E+03  7.4643E-05  1.1389E-05  7.1845E-06
 5.3922E+25  4.9837E-05  7.0113E+03  7.4643E-05  1.1313E-05  7.1845E-06
 5.4015E+25  5.0196E-05  7.0113E+03  7.4643E-05  1.1238E-05  7.1845E-06
 5.4107E+25  5.0577E-05  7.0112E+03  7.4643E-05  1.1163E-05  7.1845E-06
 5.4200E+25  5.0963E-05  7.0112E+03  7.4643E-05  1.1089E-05  7.1845E-06
 5.4292E+25  5.1258E-05  7.0112E+03  7.4643E-05  1.1019E-05  7.1845E-06
 5.4385E+25  5.0919E-05  7.0112E+03  7.4643E-05  1.0951E-05  7.1845E-06
 5.4478E+25  5.1294E-05  7.0112E+03  7.4643E-05  1.0884E-05  7.1845E-06
 5.4570E+25  5.1676E-05  7.0112E+03  7.4643E-05  1.0817E-05  7.1845E-06
 5.4663E+25  5.2064E-05  7.0112E+03  7.4643E-05  1.0749E-05  7.1845E-06
 5.4755E+25  5.2363E-05  7.0111E+03  7.4643E-05  1.0681E-05  7.1845E-06
 5.4848E+25  5.2031E-05  7.0111E+03  7.4643E-05  1.0613E-05  7.1845E-06
 5.4940E+25  5.2408E-05  7.0111E+03  7.4643E-05  1.0545E-05  7.1845E-06
 5.5033E+25  5.2795E-05  7.0111E+03  7.4643E-05  1.0477E-05  7.1845E-06
 5.5126E+25  5.3184E-05  7.0111E+03  7.4643E-05  1.0410E-05  7.1845E-06
 5.5218E+25  5.3495E-05  7.0111E+03  7.4643E-05  1.0342E-05  7.1845E-06
 5.5311E+25  5.3177E-05  7.0111E+03  7.4643E-05  1.0275E-05  7.1845E-06
 5.5403E+25  5.3542E-05  7.0111E+03  7.4643E-05  1.0208E-05  7.1845E-06
 5.5496E+25  5.3935E-05  7.0110E+03  7.4643E-05  1.0141E-05  7.1845E-06
 5.5588E+25  5.4322E-05  7.0110E+03  7.4643E-05  1.0079E-05  7.1845E-06
 5.5681E+25  5.4651E-05  7.0110E+03  7.4643E-05  1.0018E-05  7.1845E-06
 5.5774E+25  5.4364E-05  7.0110E+03  7.4643E-05  9.9580E-06  7.1845E-06
 5.5866E+25  5.4695E-05  7.0110E+03  7.4643E-05  9.8986E-06  7.1845E-06
 5.5959E+25  5.5095E-05  7.0110E+03  7.4643E-05  9.8381E-06  7.1845E-06
 5.6051E+25  5.5482E-05  7.0110E+03  7.4643E-05  9.7777E-06  7.1845E-06
 5.6144E+25  5.5826E-05  7.0109E+03  7.4643E-05  9.7175E-06  7.1845E-06
 5.6236E+25  5.5595E-05  7.0109E+03  7.4643E-05  9.6569E-06  7.1845E-06
 5.6329E+25  5.5868E-05  7.0109E+03  7.4643E-05  9.5962E-06  7.1845E-06
 5.6422E+25  5.6277E-05  7.0109E+03  7.4643E-05  9.5361E-06  7.1845E-06
 5.6514E+25  5.6669E-05  7.0109E+03  7.4643E-05  9.4755E-06  7.1845E-06
 5.6607E+25  5.7023E-05  7.0109E+03  7.4643E-05  9.4160E-06  7.1845E-06
 5.6699E+25  5.6869E-05  7.0109E+03  7.4643E-05  9.3561E-06  7.1845E-06
 5.6792E+25  5.7067E-05  7.0109E+03  7.4643E-05  9.2964E-06  7.1845E-06
 5.6884E+25  5.7481E-05  7.0108E+03  7.4643E-05  9.2382E-06  7.1845E-06
 5.6977E+25  5.7881E-05  7.0108E+03  7.4643E-05  9.1834E-06  7.1845E-06
 5.7070E+25  5.8242E-05  7.0108E+03  7.4643E-05  9.1294E-06  7.1845E-06
 5.7162E+25  5.8187E-05  7.0108E+03  7.4643E-05  9.0766E-06  7.1845E-06
 5.7255E+25  5.8295E-05  7.0108E+03  7.4643E-05  9.0232E-06  7.1845E-06
 5.7347E+25  5.8707E-05  7.0108E+03  7.4643E-05  8.9695E-06  7.1845E-06
 5.7440E+25  5.9117E-05  7.0108E+03  7.4643E-05  8.9158E-06  7.1845E-06
 5.7532E+25  5.9490E-05  7.0108E+03  7.4643E-05  8.8620E-06  7.1845E-06
 5.7625E+25  5.9550E-05  7.0107E+03  7.4643E-05  8.8086E-06  7.1845E-06
 5.7718E+25  5.9547E-05  7.0107E+03  7.4643E-05  8.7549E-06  7.1845E-06
 5.7810E+25  5.9962E-05  7.0107E+03  7.4643E-05  8.7006E-06  7.1845E-06
 5.7903E+25  6.0379E-05  7.0107E+03  7.4643E-05  8.6469E-06  7.1845E-06
 5.7995E+25  6.0765E-05  7.0107E+03  7.4643E-05  8.5937E-06  7.1845E-06
 5.8088E+25  6.0960E-05  7.0107E+03  7.4643E-05  8.5404E-06  7.1845E-06
 5.8180E+25  6.0825E-05  7.0107E+03  7.4643E-05  8.4873E-06  7.1845E-06
 5.8273E+25  6.1250E-05  7.0107E+03  7.4643E-05  8.4350E-06  7.1845E-06
 5.8366E+25  6.1667E-05  7.0106E+03  7.4643E-05  8.3868E-06  7.1845E-06
 5.8458E+25  6.2068E-05  7.0106E+03  7.4643E-05  8.3387E-06  7.1845E-06
 5.8551E+25  6.2359E-05  7.0106E+03  7.4643E-05  8.2911E-06  7.1845E-06
 5.8643E+25  6.2192E-05  7.0106E+03  7.4643E-05  8.2442E-06  7.1845E-06
 5.8736E+25  6.2567E-05  7.0106E+03  7.4643E-05  8.1963E-06  7.1845E-06
 5.8828E+25  6.2988E-05  7.0106E+03  7.4643E-05  8.1485E-06  7.1845E-06
 5.8921E+25  6.3400E-05  7.0106E+03  7.4643E-05  8.1008E-06  7.1845E-06
 5.9014E+25  6.3740E-05  7.0106E+03  7.4643E-05  8.0531E-06  7.1845E-06
 5.9106E+25  6.3662E-05  7.0105E+03  7.4643E-05  8.0053E-06  7.1845E-06
 5.9199E+25  6.3913E-05  7.0105E+03  7.4643E-05  7.9576E-06  7.1845E-06
 5.9291E+25  6.4347E-05  7.0105E+03  7.4643E-05  7.9098E-06  7.1845E-06
 5.9384E+25  6.4760E-05  7.0105E+03  7.4643E-05  7.8618E-06  7.1845E-06
 5.9476E+25  6.5136E-05  7.0105E+03  7.4643E-05  7.8142E-06  7.1845E-06
 5.9569E+25  6.5204E-05  7.0105E+03  7.4643E-05  7.7669E-06  7.1845E-06
 5.9662E+25  6.5290E-05  7.0105E+03  7.4643E-05  7.7196E-06  7.1845E-06
 5.9754E+25  6.5736E-05  7.0105E+03  7.4643E-05  7.6757E-06  7.1845E-06
 5.9847E+25  6.6161E-05  7.0104E+03  7.4643E-05  7.6325E-06  7.1845E-06
 5.9939E+25  6.6556E-05  7.0104E+03  7.4643E-05  7.5902E-06  7.1845E-06
 6.0032E+25  6.6791E-05  7.0104E+03  7.4643E-05  7.5487E-06  7.1845E-06
 6.0124E+25  6.6722E-05  7.0104E+03  7.4643E-05  7.5058E-06  7.1845E-06
 6.0217E+25  6.7160E-05  7.0104E+03  7.4643E-05  7.4635E-06  7.1845E-06
 6.0310E+25  6.7601E-05  7.0104E+03  7.4643E-05  7.4212E-06  7.1845E-06
 6.0402E+25  6.8007E-05  7.0104E+03  7.4643E-05  7.3785E-06  7.1845E-06
 6.0495E+25  6.8333E-05  7.0104E+03  7.4643E-05  7.3363E-06  7.1845E-06
 6.0587E+25  6.8295E-05  7.0103E+03  7.4643E-05  7.2937E-06  7.1845E-06
 6.0680E+25  6.8624E-05  7.0103E+03  7.4643E-05  7.2511E-06  7.1845E-06
 6.0772E+25  6.9075E-05  7.0103E+03  7.4643E-05  7.2086E-06  7.1845E-06
 6.0865E+25  6.9502E-05  7.0103E+03  7.4643E-05  7.1664E-06  7.1845E-06
 6.0958E+25  6.9868E-05  7.0103E+03  7.4643E-05  7.1240E-06  7.1845E-06
 6.1050E+25  6.9967E-05  7.0103E+03  7.4643E-05  7.0813E-06  7.1845E-06
 6.1143E+25  7.0135E-05  7.0103E+03  7.4643E-05  7.0396E-06  7.1845E-06
 6.1235E+25  7.0590E-05  7.0103E+03  7.4643E-05  7.0009E-06  7.1845E-06
 6.1328E+25  7.1034E-05  7.0102E+03  7.4643E-05  6.9625E-06  7.1845E-06
 6.1420E+25  7.1432E-05  7.0102E+03  7.4643E-05  6.9249E-06  7.1845E-06
 6.1513E+25  7.1688E-05  7.0102E+03  7.4643E-05  6.8877E-06  7.1845E-06
 6.1606E+25  7.1710E-05  7.0102E+03  7.4643E-05  6.8503E-06  7.1845E-06
 6.1698E+25  7.2155E-05  7.0102E+03  7.4643E-05  6.8125E-06  7.1845E-06
 6.1791E+25  7.2607E-05  7.0102E+03  7.4643E-05  6.7743E-06  7.1845E-06
 6.1883E+25  7.3033E-05  7.0102E+03  7.4643E-05  6.7370E-06  7.1845E-06
 6.1976E+25  7.3371E-05  7.0102E+03  7.4643E-05  6.6990E-06  7.1845E-06
 6.2068E+25  7.3434E-05  7.0102E+03  7.4643E-05  6.6614E-06  7.1845E-06
 6.2161E+25  7.3767E-05  7.0101E+03  7.4643E-05  6.6234E-06  7.1845E-06
 6.2254E+25  7.4230E-05  7.0101E+03  7.4643E-05  6.5856E-06  7.1845E-06
 6.2346E+25  7.4673E-05  7.0101E+03  7.4643E-05  6.5478E-06  7.1845E-06
 6.2439E+25  7.5064E-05  7.0101E+03  7.4643E-05  6.5101E-06  7.1845E-06
 6.2531E+25  7.5262E-05  7.0101E+03  7.4643E-05  6.4726E-06  7.1845E-06
 6.2624E+25  7.5428E-05  7.0101E+03  7.4643E-05  6.4350E-06  7.1845E-06
 6.2716E+25  7.5906E-05  7.0101E+03  7.4643E-05  6.3995E-06  7.1845E-06
 6.2809E+25  7.6363E-05  7.0101E+03  7.4643E-05  6.3654E-06  7.1845E-06
 6.2902E+25  7.6786E-05  7.0100E+03  7.4643E-05  6.3317E-06  7.1845E-06
 6.2994E+25  7.7107E-05  7.0100E+03  7.4643E-05  6.2986E-06  7.1845E-06
 6.3087E+25  7.7207E-05  7.0100E+03  7.4643E-05  6.2655E-06  7.1845E-06
 6.3179E+25  7.7632E-05  7.0100E+03  7.4643E-05  6.2318E-06  7.1845E-06
 6.3272E+25  7.8108E-05  7.0100E+03  7.4643E-05  6.1983E-06  7.1845E-06
 6.3364E+25  7.8552E-05  7.0100E+03  7.4643E-05  6.1649E-06  7.1845E-06
 6.3457E+25  7.8938E-05  7.0100E+03  7.4643E-05  6.1310E-06  7.1845E-06
 6.3550E+25  7.9129E-05  7.0100E+03  7.4643E-05  6.0976E-06  7.1845E-06
 6.3642E+25  7.9414E-05  7.0099E+03  7.4643E-05  6.0641E-06  7.1845E-06
 6.3735E+25  7.9906E-05  7.0099E+03  7.4643E-05  6.0301E-06  7.1845E-06
 6.3827E+25  8.0374E-05  7.0099E+03  7.4643E-05  5.9966E-06  7.1845E-06
 6.3920E+25  8.0796E-05  7.0099E+03  7.4643E-05  5.9631E-06  7.1845E-06
 6.4012E+25  8.1115E-05  7.0099E+03  7.4643E-05  5.9293E-06  7.1845E-06
 6.4105E+25  8.1289E-05  7.0099E+03  7.4643E-05  5.8959E-06  7.1845E-06
 6.4198E+25  8.1762E-05  7.0099E+03  7.4643E-05  5.8629E-06  7.1845E-06
 6.4290E+25  8.2251E-05  7.0098E+03  7.4643E-05  5.8321E-06  7.1845E-06
 6.4383E+25  8.2705E-05  7.0098E+03  7.4643E-05  5.8016E-06  7.1845E-06
 6.4475E+25  8.3093E-05  7.0098E+03  7.4643E-05  5.7715E-06  7.1845E-06
 6.4568E+25  8.3314E-05  7.0098E+03  7.4643E-05  5.7424E-06  7.1845E-06
 6.4660E+25  8.3681E-05  7.0098E+03  7.4643E-05  5.7128E-06  7.1845E-06
 6.4753E+25  8.4186E-05  7.0098E+03  7.4643E-05  5.6829E-06  7.1845E-06
 6.4846E+25  8.4669E-05  7.0098E+03  7.4643E-05  5.6531E-06  7.1845E-06
 6.4938E+25  8.5102E-05  7.0098E+03  7.4643E-05  5.6233E-06  7.1845E-06
 6.5031E+25  8.5431E-05  7.0097E+03  7.4643E-05  5.5936E-06  7.1845E-06
 6.5123E+25  8.5683E-05  7.0097E+03  7.4643E-05  5.5638E-06  7.1845E-06
 6.5216E+25  8.6188E-05  7.0097E+03  7.4643E-05  5.5336E-06  7.1845E-06
 6.5308E+25  8.6691E-05  7.0097E+03  7.4643E-05  5.5038E-06  7.1845E-06
 6.5401E+25  8.7161E-05  7.0097E+03  7.4643E-05  5.4737E-06  7.1845E-06
 6.5494E+25  8.7566E-05  7.0097E+03  7.4643E-05  5.4439E-06  7.1845E-06
 6.5586E+25  8.7830E-05  7.0097E+03  7.4643E-05  5.4140E-06  7.1845E-06
 6.5679E+25  8.8259E-05  7.0097E+03  7.4643E-05  5.3841E-06  7.1845E-06
 6.5771E+25  8.8780E-05  7.0096E+03  7.4643E-05  5.3544E-06  7.1845E-06
 6.5864E+25  8.9279E-05  7.0096E+03  7.4643E-05  5.3267E-06  7.1845E-06
 6.5956E+25  8.9730E-05  7.0096E+03  7.4643E-05  5.2997E-06  7.1845E-06
 6.6049E+25  9.0091E-05  7.0096E+03  7.4643E-05  5.2729E-06  7.1845E-06
 6.6142E+25  9.0409E-05  7.0096E+03  7.4643E-05  5.2470E-06  7.1845E-06
 6.6234E+25  9.0942E-05  7.0096E+03  7.4643E-05  5.2205E-06  7.1845E-06
 6.6327E+25  9.1461E-05  7.0096E+03  7.4643E-05  5.1942E-06  7.1845E-06
 6.6419E+25  9.1952E-05  7.0095E+03  7.4643E-05  5.1678E-06  7.1845E-06
 6.6512E+25  9.2381E-05  7.0095E+03  7.4643E-05  5.1411E-06  7.1845E-06
 6.6604E+25  9.2703E-05  7.0095E+03  7.4643E-05  5.1146E-06  7.1845E-06
 6.6697E+25  9.3175E-05  7.0095E+03  7.4643E-05  5.0881E-06  7.1845E-06
 6.6789E+25  9.3720E-05  7.0095E+03  7.4643E-05  5.0618E-06  7.1845E-06
 6.6882E+25  9.4236E-05  7.0095E+03  7.4643E-05  5.0352E-06  7.1845E-06
 6.6975E+25  9.4713E-05  7.0095E+03  7.4643E-05  5.0081E-06  7.1845E-06
 6.7067E+25  9.5112E-05  7.0095E+03  7.4643E-05  4.9817E-06  7.1845E-06
 6.7160E+25  9.5495E-05  7.0094E+03  7.4643E-05  4.9551E-06  7.1845E-06
 6.7252E+25  9.6049E-05  7.0094E+03  7.4643E-05  4.9284E-06  7.1845E-06
 6.7345E+25  9.6595E-05  7.0094E+03  7.4643E-05  4.9018E-06  7.1845E-06
 6.7437E+25  9.7108E-05  7.0094E+03  7.4643E-05  4.8759E-06  7.1845E-06
 6.7530E+25  9.7568E-05  7.0094E+03  7.4643E-05  4.8516E-06  7.1845E-06
 6.7623E+25  9.7948E-05  7.0094E+03  7.4643E-05  4.8274E-06  7.1845E-06
 6.7715E+25  9.8462E-05  7.0094E+03  7.4643E-05  4.8039E-06  7.1845E-06
 6.7808E+25  9.9029E-05  7.0093E+03  7.4643E-05  4.7809E-06  7.1845E-06
 6.7900E+25  9.9570E-05  7.0093E+03  7.4643E-05  4.7576E-06  7.1845E-06
 6.7993E+25  1.0008E-04  7.0093E+03  7.4643E-05  4.7341E-06  7.1845E-06
 6.8085E+25  1.0052E-04  7.0093E+03  7.4643E-05  4.7104E-06  7.1845E-06
 6.8178E+25  1.0096E-04  7.0093E+03  7.4643E-05  4.6869E-06  7.1845E-06
 6.8271E+25  1.0154E-04  7.0093E+03  7.4643E-05  4.6635E-06  7.1845E-06
 6.8363E+25  1.0211E-04  7.0093E+03  7.4643E-05  4.6399E-06  7.1845E-06
 6.8456E+25  1.0265E-04  7.0092E+03  7.4643E-05  4.6162E-06  7.1845E-06
 6.8548E+25  1.0315E-04  7.0092E+03  7.4643E-05  4.5926E-06  7.1845E-06
 6.8641E+25  1.0359E-04  7.0092E+03  7.4643E-05  4.5690E-06  7.1845E-06
 6.8733E+25  1.0415E-04  7.0092E+03  7.4643E-05  4.5452E-06  7.1845E-06
 6.8826E+25  1.0474E-04  7.0092E+03  7.4643E-05  4.5214E-06  7.1845E-06
 6.8919E+25  1.0531E-04  7.0092E+03  7.4643E-05  4.4979E-06  7.1845E-06
 6.9011E+25  1.0584E-04  7.0092E+03  7.4643E-05  4.4741E-06  7.1845E-06
 6.9104E+25  1.0633E-04  7.0091E+03  7.4643E-05  4.4507E-06  7.1845E-06
 6.9196E+25  1.0683E-04  7.0091E+03  7.4643E-05  4.4290E-06  7.1845E-06
 6.9289E+25  1.0745E-04  7.0091E+03  7.4643E-05  4.4075E-06  7.1845E-06
 6.9381E+25  1.0804E-04  7.0091E+03  7.4643E-05  4.3863E-06  7.1845E-06
 6.9474E+25  1.0861E-04  7.0091E+03  7.4643E-05  4.3658E-06  7.1845E-06
 6.9567E+25  1.0915E-04  7.0091E+03  7.4643E-05  4.3454E-06  7.1845E-06
 6.9659E+25  1.0964E-04  7.0091E+03  7.4643E-05  4.3246E-06  7.1845E-06
 6.9752E+25  1.1024E-04  7.0090E+03  7.4643E-05  4.3037E-06  7.1845E-06
 6.9844E+25  1.1086E-04  7.0090E+03  7.4643E-05  4.2829E-06  7.1845E-06
 6.9937E+25  1.1147E-04  7.0090E+03  7.4643E-05  4.2618E-06  7.1845E-06
 7.0029E+25  1.1204E-04  7.0090E+03  7.4643E-05  4.2409E-06  7.1845E-06
 7.0122E+25  1.1257E-04  7.0090E+03  7.4643E-05  4.2201E-06  7.1845E-06
 7.0215E+25  1.1312E-04  7.0090E+03  7.4643E-05  4.1990E-06  7.1845E-06
 7.0307E+25  1.1376E-04  7.0089E+03  7.4643E-05  4.1779E-06  7.1845E-06
 7.0400E+25  1.1440E-04  7.0089E+03  7.4643E-05  4.1568E-06  7.1845E-06
 7.0492E+25  1.1500E-04  7.0089E+03  7.4643E-05  4.1358E-06  7.1845E-06
 7.0585E+25  1.1558E-04  7.0089E+03  7.4643E-05  4.1148E-06  7.1845E-06
 7.0677E+25  1.1613E-04  7.0089E+03  7.4643E-05  4.0935E-06  7.1845E-06
 7.0770E+25  1.1676E-04  7.0089E+03  7.4643E-05  4.0725E-06  7.1845E-06
 7.0863E+25  1.1742E-04  7.0089E+03  7.4643E-05  4.0522E-06  7.1845E-06
 7.0955E+25  1.1805E-04  7.0088E+03  7.4643E-05  4.0330E-06  7.1845E-06
 7.1048E+25  1.1866E-04  7.0088E+03  7.4643E-05  4.0138E-06  7.1845E-06
 7.1140E+25  1.1924E-04  7.0088E+03  7.4643E-05  3.9952E-06  7.1845E-06
 7.1233E+25  1.1985E-04  7.0088E+03  7.4643E-05  3.9771E-06  7.1845E-06
 7.1325E+25  1.2053E-04  7.0088E+03  7.4643E-05  3.9588E-06  7.1845E-06
 7.1418E+25  1.2119E-04  7.0088E+03  7.4643E-05  3.9403E-06  7.1845E-06
 7.1511E+25  1.2183E-04  7.0087E+03  7.4643E-05  3.9218E-06  7.1845E-06
 7.1603E+25  1.2245E-04  7.0087E+03  7.4643E-05  3.9034E-06  7.1845E-06
 7.1696E+25  1.2305E-04  7.0087E+03  7.4643E-05  3.8849E-06  7.1845E-06
 7.1788E+25  1.2372E-04  7.0087E+03  7.4643E-05  3.8663E-06  7.1845E-06
 7.1881E+25  1.2441E-04  7.0087E+03  7.4643E-05  3.8476E-06  7.1845E-06
 7.1973E+25  1.2508E-04  7.0087E+03  7.4643E-05  3.8291E-06  7.1845E-06
 7.2066E+25  1.2573E-04  7.0086E+03  7.4643E-05  3.8103E-06  7.1845E-06
 7.2159E+25  1.2636E-04  7.0086E+03  7.4643E-05  3.7915E-06  7.1845E-06
 7.2251E+25  1.2702E-04  7.0086E+03  7.4643E-05  3.7727E-06  7.1845E-06
 7.2344E+25  1.2772E-04  7.0086E+03  7.4643E-05  3.7540E-06  7.1845E-06
 7.2436E+25  1.2841E-04  7.0086E+03  7.4643E-05  3.7353E-06  7.1845E-06
 7.2529E+25  1.2909E-04  7.0086E+03  7.4643E-05  3.7166E-06  7.1845E-06
 7.2621E+25  1.2975E-04  7.0085E+03  7.4643E-05  3.6980E-06  7.1845E-06
 7.2714E+25  1.3040E-04  7.0085E+03  7.4643E-05  3.6810E-06  7.1845E-06
 7.2807E+25  1.3112E-04  7.0085E+03  7.4643E-05  3.6639E-06  7.1845E-06
 7.2899E+25  1.3184E-04  7.0085E+03  7.4643E-05  3.6470E-06  7.1845E-06
 7.2992E+25  1.3254E-04  7.0085E+03  7.4643E-05  3.6309E-06  7.1845E-06
 7.3084E+25  1.3323E-04  7.0085E+03  7.4643E-05  3.6149E-06  7.1845E-06
 7.3177E+25  1.3390E-04  7.0084E+03  7.4643E-05  3.5985E-06  7.1845E-06
 7.3269E+25  1.3461E-04  7.0084E+03  7.4643E-05  3.5821E-06  7.1845E-06
 7.3362E+25  1.3535E-04  7.0084E+03  7.4643E-05  3.5657E-06  7.1845E-06
 7.3455E+25  1.3607E-04  7.0084E+03  7.4643E-05  3.5492E-06  7.1845E-06
 7.3547E+25  1.3679E-04  7.0084E+03  7.4643E-05  3.5329E-06  7.1845E-06
 7.3640E+25  1.3749E-04  7.0084E+03  7.4643E-05  3.5164E-06  7.1845E-06
 7.3732E+25  1.3819E-04  7.0083E+03  7.4643E-05  3.4999E-06  7.1845E-06
 7.3825E+25  1.3894E-04  7.0083E+03  7.4643E-05  3.4832E-06  7.1845E-06
 7.3917E+25  1.3969E-04  7.0083E+03  7.4643E-05  3.4665E-06  7.1845E-06
 7.4010E+25  1.4043E-04  7.0083E+03  7.4643E-05  3.4499E-06  7.1845E-06
 7.4103E+25  1.4115E-04  7.0083E+03  7.4643E-05  3.4333E-06  7.1845E-06
 7.4195E+25  1.4186E-04  7.0082E+03  7.4643E-05  3.4166E-06  7.1845E-06
 7.4288E+25  1.4262E-04  7.0082E+03  7.4643E-05  3.3997E-06  7.1845E-06
 7.4380E+25  1.4338E-04  7.0082E+03  7.4643E-05  3.3831E-06  7.1845E-06
 7.4473E+25  1.4414E-04  7.0082E+03  7.4643E-05  3.3673E-06  7.1845E-06
 7.4565E+25  1.4490E-04  7.0082E+03  7.4643E-05  3.3519E-06  7.1845E-06
 7.4658E+25  1.4563E-04  7.0082E+03  7.4643E-05  3.3367E-06  7.1845E-06
 7.4751E+25  1.4638E-04  7.0081E+03  7.4643E-05  3.3219E-06  7.1845E-06
 7.4843E+25  1.4716E-04  7.0081E+03  7.4643E-05  3.3077E-06  7.1845E-06
 7.4936E+25  1.4794E-04  7.0081E+03  7.4643E-05  3.2933E-06  7.1845E-06
 7.5028E+25  1.4871E-04  7.0081E+03  7.4643E-05  3.2789E-06  7.1845E-06
 7.5121E+25  1.4947E-04  7.0081E+03  7.4643E-05  3.2642E-06  7.1845E-06
 7.5213E+25  1.5022E-04  7.0081E+03  7.4643E-05  3.2497E-06  7.1845E-06
 7.5306E+25  1.5101E-04  7.0080E+03  7.4643E-05  3.2351E-06  7.1845E-06
 7.5399E+25  1.5181E-04  7.0080E+03  7.4643E-05  3.2205E-06  7.1845E-06
 7.5491E+25  1.5260E-04  7.0080E+03  7.4643E-05  3.2060E-06  7.1845E-06
 7.5584E+25  1.5338E-04  7.0080E+03  7.4643E-05  3.1913E-06  7.1845E-06
 7.5676E+25  1.5416E-04  7.0080E+03  7.4643E-05  3.1767E-06  7.1845E-06
 7.5769E+25  1.5494E-04  7.0079E+03  7.4643E-05  3.1619E-06  7.1845E-06
 7.5861E+25  1.5576E-04  7.0079E+03  7.4643E-05  3.1470E-06  7.1845E-06
 7.5954E+25  1.5656E-04  7.0079E+03  7.4643E-05  3.1322E-06  7.1845E-06
 7.6047E+25  1.5736E-04  7.0079E+03  7.4643E-05  3.1174E-06  7.1845E-06
 7.6139E+25  1.5815E-04  7.0079E+03  7.4643E-05  3.1025E-06  7.1845E-06
 7.6232E+25  1.5894E-04  7.0078E+03  7.4643E-05  3.0876E-06  7.1845E-06
 7.6324E+25  1.5976E-04  7.0078E+03  7.4643E-05  3.0730E-06  7.1845E-06
 7.6417E+25  1.6058E-04  7.0078E+03  7.4643E-05  3.0595E-06  7.1845E-06
 7.6509E+25  1.6140E-04  7.0078E+03  7.4643E-05  3.0461E-06  7.1845E-06
 7.6602E+25  1.6221E-04  7.0078E+03  7.4643E-05  3.0324E-06  7.1845E-06
 7.6695E+25  1.6302E-04  7.0077E+03  7.4643E-05  3.0198E-06  7.1845E-06
 7.6787E+25  1.6385E-04  7.0077E+03  7.4643E-05  3.0072E-06  7.1845E-06
 7.6880E+25  1.6467E-04  7.0077E+03  7.4643E-05  2.9944E-06  7.1845E-06
 7.6972E+25  1.6551E-04  7.0077E+03  7.4643E-05  2.9814E-06  7.1845E-06
 7.7065E+25  1.6633E-04  7.0077E+03  7.4643E-05  2.9686E-06  7.1845E-06
 7.7157E+25  1.6715E-04  7.0077E+03  7.4643E-05  2.9556E-06  7.1845E-06
 7.7250E+25  1.6797E-04  7.0076E+03  7.4643E-05  2.9427E-06  7.1845E-06
 7.7343E+25  1.6882E-04  7.0076E+03  7.4643E-05  2.9297E-06  7.1845E-06
 7.7435E+25  1.6966E-04  7.0076E+03  7.4643E-05  2.9168E-06  7.1845E-06
 7.7528E+25  1.7050E-04  7.0076E+03  7.4643E-05  2.9038E-06  7.1845E-06
 7.7620E+25  1.7134E-04  7.0076E+03  7.4643E-05  2.8907E-06  7.1845E-06
 7.7713E+25  1.7217E-04  7.0075E+03  7.4643E-05  2.8776E-06  7.1845E-06
 7.7805E+25  1.7302E-04  7.0075E+03  7.4643E-05  2.8645E-06  7.1845E-06
 7.7898E+25  1.7388E-04  7.0075E+03  7.4643E-05  2.8513E-06  7.1845E-06
 7.7991E+25  1.7473E-04  7.0075E+03  7.4643E-05  2.8380E-06  7.1845E-06
 7.8083E+25  1.7557E-04  7.0075E+03  7.4643E-05  2.8249E-06  7.1845E-06
 7.8176E+25  1.7641E-04  7.0074E+03  7.4643E-05  2.8117E-06  7.1845E-06
 7.8268E+25  1.7727E-04  7.0074E+03  7.4643E-05  2.7989E-06  7.1845E-06
 7.8361E+25  1.7812E-04  7.0074E+03  7.4643E-05  2.7867E-06  7.1845E-06
 7.8453E+25  1.7898E-04  7.0074E+03  7.4643E-05  2.7746E-06  7.1845E-06
 7.8546E+25  1.7985E-04  7.0074E+03  7.4643E-05  2.7628E-06  7.1845E-06
 7.8638E+25  1.8070E-04  7.0073E+03  7.4643E-05  2.7516E-06  7.1845E-06
 7.8731E+25  1.8155E-04  7.0073E+03  7.4643E-05  2.7403E-06  7.1845E-06
 7.8824E+25  1.8242E-04  7.0073E+03  7.4643E-05  2.7290E-06  7.1845E-06
 7.8916E+25  1.8330E-04  7.0073E+03  7.4643E-05  2.7175E-06  7.1845E-06
 7.9009E+25  1.8416E-04  7.0073E+03  7.4643E-05  2.7061E-06  7.1845E-06
 7.9101E+25  1.8502E-04  7.0072E+03  7.4643E-05  2.6946E-06  7.1845E-06
 7.9194E+25  1.8589E-04  7.0072E+03  7.4643E-05  2.6832E-06  7.1845E-06
 7.9286E+25  1.8675E-04  7.0072E+03  7.4643E-05  2.6716E-06  7.1845E-06
 7.9379E+25  1.8762E-04  7.0072E+03  7.4643E-05  2.6602E-06  7.1845E-06
 7.9472E+25  1.8850E-04  7.0071E+03  7.4643E-05  2.6487E-06  7.1845E-06
 7.9564E+25  1.8937E-04  7.0071E+03  7.4643E-05  2.6370E-06  7.1845E-06
 7.9657E+25  1.9024E-04  7.0071E+03  7.4643E-05  2.6254E-06  7.1845E-06
 7.9749E+25  1.9111E-04  7.0071E+03  7.4643E-05  2.6137E-06  7.1845E-06
 7.9842E+25  1.9199E-04  7.0071E+03  7.4643E-05  2.6021E-06  7.1845E-06
 7.9934E+25  1.9287E-04  7.0070E+03  7.4643E-05  2.5904E-06  7.1845E-06
 8.0027E+25  1.9375E-04  7.0070E+03  7.4643E-05  2.5787E-06  7.1845E-06
 8.0120E+25  1.9462E-04  7.0070E+03  7.4643E-05  2.5668E-06  7.1845E-06
 8.0212E+25  1.9550E-04  7.0070E+03  7.4643E-05  2.5552E-06  7.1845E-06
 8.0305E+25  1.9638E-04  7.0070E+03  7.4643E-05  2.5444E-06  7.1845E-06
 8.0397E+25  1.9726E-04  7.0069E+03  7.4643E-05  2.5336E-06  7.1845E-06
 8.0490E+25  1.9813E-04  7.0069E+03  7.4643E-05  2.5227E-06  7.1845E-06
 8.0582E+25  1.9901E-04  7.0069E+03  7.4643E-05  2.5124E-06  7.1845E-06
 8.0675E+25  1.9989E-04  7.0069E+03  7.4643E-05  2.5026E-06  7.1845E-06
 8.0768E+25  2.0077E-04  7.0069E+03  7.4643E-05  2.4928E-06  7.1845E-06
 8.0860E+25  2.0165E-04  7.0068E+03  7.4643E-05  2.4825E-06  7.1845E-06
 8.0953E+25  2.0253E-04  7.0068E+03  7.4643E-05  2.4723E-06  7.1845E-06
 8.1045E+25  2.0342E-04  7.0068E+03  7.4643E-05  2.4622E-06  7.1845E-06
 8.1138E+25  2.0429E-04  7.0068E+03  7.4643E-05  2.4521E-06  7.1845E-06
 8.1230E+25  2.0518E-04  7.0068E+03  7.4643E-05  2.4419E-06  7.1845E-06
 8.1323E+25  2.0606E-04  7.0067E+03  7.4643E-05  2.4318E-06  7.1845E-06
 8.1416E+25  2.0695E-04  7.0067E+03  7.4643E-05  2.4215E-06  7.1845E-06
 8.1508E+25  2.0782E-04  7.0067E+03  7.4643E-05  2.4113E-06  7.1845E-06
 8.1601E+25  2.0870E-04  7.0067E+03  7.4643E-05  2.4010E-06  7.1845E-06
 8.1693E+25  2.0958E-04  7.0066E+03  7.4643E-05  2.3906E-06  7.1845E-06
 8.1786E+25  2.1047E-04  7.0066E+03  7.4643E-05  2.3803E-06  7.1845E-06
 8.1878E+25  2.1134E-04  7.0066E+03  7.4643E-05  2.3699E-06  7.1845E-06
 8.1971E+25  2.1222E-04  7.0066E+03  7.4643E-05  2.3595E-06  7.1845E-06
 8.2064E+25  2.1309E-04  7.0066E+03  7.4643E-05  2.3491E-06  7.1845E-06
 8.2156E+25  2.1398E-04  7.0065E+03  7.4643E-05  2.3387E-06  7.1845E-06
 8.2249E+25  2.1487E-04  7.0065E+03  7.4643E-05  2.3283E-06  7.1845E-06
 8.2341E+25  2.1574E-04  7.0065E+03  7.4643E-05  2.3185E-06  7.1845E-06
 8.2434E+25  2.1661E-04  7.0065E+03  7.4643E-05  2.3090E-06  7.1845E-06
 8.2526E+25  2.1749E-04  7.0065E+03  7.4643E-05  2.2994E-06  7.1845E-06
 8.2619E+25  2.1837E-04  7.0064E+03  7.4643E-05  2.2902E-06  7.1845E-06
 8.2712E+25  2.1924E-04  7.0064E+03  7.4643E-05  2.2814E-06  7.1845E-06
 8.2804E+25  2.2012E-04  7.0064E+03  7.4643E-05  2.2725E-06  7.1845E-06
 8.2897E+25  2.2099E-04  7.0064E+03  7.4643E-05  2.2637E-06  7.1845E-06
 8.2989E+25  2.2186E-04  7.0063E+03  7.4643E-05  2.2547E-06  7.1845E-06
 8.3082E+25  2.2273E-04  7.0063E+03  7.4643E-05  2.2457E-06  7.1845E-06
 8.3174E+25  2.2359E-04  7.0063E+03  7.4643E-05  2.2366E-06  7.1845E-06
 8.3267E+25  2.2447E-04  7.0063E+03  7.4643E-05  2.2277E-06  7.1845E-06
 8.3360E+25  2.2534E-04  7.0063E+03  7.4643E-05  2.2187E-06  7.1845E-06
 8.3452E+25  2.2621E-04  7.0062E+03  7.4643E-05  2.2096E-06  7.1845E-06
 8.3545E+25  2.2707E-04  7.0062E+03  7.4643E-05  2.2006E-06  7.1845E-06
 8.3637E+25  2.2793E-04  7.0062E+03  7.4643E-05  2.1914E-06  7.1845E-06
 8.3730E+25  2.2880E-04  7.0062E+03  7.4643E-05  2.1823E-06  7.1845E-06
 8.3822E+25  2.2967E-04  7.0062E+03  7.4643E-05  2.1730E-06  7.1845E-06
 8.3915E+25  2.3054E-04  7.0061E+03  7.4643E-05  2.1639E-06  7.1845E-06
 8.4008E+25  2.3138E-04  7.0061E+03  7.4643E-05  2.1546E-06  7.1845E-06
 8.4100E+25  2.3224E-04  7.0061E+03  7.4643E-05  2.1454E-06  7.1845E-06
 8.4193E+25  2.3310E-04  7.0061E+03  7.4643E-05  2.1361E-06  7.1845E-06
 8.4285E+25  2.3395E-04  7.0060E+03  7.4643E-05  2.1269E-06  7.1845E-06
 8.4378E+25  2.3482E-04  7.0060E+03  7.4643E-05  2.1178E-06  7.1845E-06
 8.4470E+25  2.3566E-04  7.0060E+03  7.4643E-05  2.1093E-06  7.1845E-06
 8.4563E+25  2.3650E-04  7.0060E+03  7.4643E-05  2.1007E-06  7.1845E-06
 8.4656E+25  2.3735E-04  7.0060E+03  7.4643E-05  2.0921E-06  7.1845E-06
 8.4748E+25  2.3820E-04  7.0059E+03  7.4643E-05  2.0842E-06  7.1845E-06
 8.4841E+25  2.3905E-04  7.0059E+03  7.4643E-05  2.0765E-06  7.1845E-06
 8.4933E+25  2.3990E-04  7.0059E+03  7.4643E-05  2.0687E-06  7.1845E-06
 8.5026E+25  2.4073E-04  7.0059E+03  7.4643E-05  2.0606E-06  7.1845E-06
 8.5118E+25  2.4158E-04  7.0059E+03  7.4643E-05  2.0527E-06  7.1845E-06
 8.5211E+25  2.4241E-04  7.0058E+03  7.4643E-05  2.0448E-06  7.1845E-06
 8.5304E+25  2.4325E-04  7.0058E+03  7.4643E-05  2.0368E-06  7.1845E-06
 8.5396E+25  2.4409E-04  7.0058E+03  7.4643E-05  2.0288E-06  7.1845E-06
 8.5489E+25  2.4492E-04  7.0058E+03  7.4643E-05  2.0208E-06  7.1845E-06
 8.5581E+25  2.4574E-04  7.0058E+03  7.4643E-05  2.0128E-06  7.1845E-06
 8.5674E+25  2.4656E-04  7.0057E+03  7.4643E-05  2.0048E-06  7.1845E-06
 8.5766E+25  2.4739E-04  7.0057E+03  7.4643E-05  1.9966E-06  7.1845E-06
 8.5859E+25  2.4822E-04  7.0057E+03  7.4643E-05  1.9885E-06  7.1845E-06
 8.5952E+25  2.4904E-04  7.0057E+03  7.4643E-05  1.9803E-06  7.1845E-06
 8.6044E+25  2.4986E-04  7.0056E+03  7.4643E-05  1.9722E-06  7.1845E-06
 8.6137E+25  2.5067E-04  7.0056E+03  7.4643E-05  1.9640E-06  7.1845E-06
 8.6229E+25  2.5148E-04  7.0056E+03  7.4643E-05  1.9558E-06  7.1845E-06
 8.6322E+25  2.5229E-04  7.0056E+03  7.4643E-05  1.9476E-06  7.1845E-06
 8.6414E+25  2.5311E-04  7.0056E+03  7.4643E-05  1.9393E-06  7.1845E-06
 8.6507E+25  2.5392E-04  7.0055E+03  7.4643E-05  1.9312E-06  7.1845E-06
 8.6600E+25  2.5473E-04  7.0055E+03  7.4643E-05  1.9235E-06  7.1845E-06
 8.6692E+25  2.5552E-04  7.0055E+03  7.4643E-05  1.9159E-06  7.1845E-06
 8.6785E+25  2.5632E-04  7.0055E+03  7.4643E-05  1.9083E-06  7.1845E-06
 8.6877E+25  2.5711E-04  7.0055E+03  7.4643E-05  1.9009E-06  7.1845E-06
 8.6970E+25  2.5791E-04  7.0054E+03  7.4643E-05  1.8940E-06  7.1845E-06
 8.7062E+25  2.5872E-04  7.0054E+03  7.4643E-05  1.8872E-06  7.1845E-06
 8.7155E+25  2.5950E-04  7.0054E+03  7.4643E-05  1.8802E-06  7.1845E-06
 8.7248E+25  2.6027E-04  7.0054E+03  7.4643E-05  1.8732E-06  7.1845E-06
 8.7340E+25  2.6105E-04  7.0054E+03  7.4643E-05  1.8661E-06  7.1845E-06
 8.7433E+25  2.6184E-04  7.0053E+03  7.4643E-05  1.8590E-06  7.1845E-06
 8.7525E+25  2.6261E-04  7.0053E+03  7.4643E-05  1.8520E-06  7.1845E-06
 8.7618E+25  2.6341E-04  7.0053E+03  7.4643E-05  1.8449E-06  7.1845E-06
 8.7710E+25  2.6418E-04  7.0053E+03  7.4643E-05  1.8378E-06  7.1845E-06
 8.7803E+25  2.6494E-04  7.0052E+03  7.4643E-05  1.8307E-06  7.1845E-06
 8.7896E+25  2.6570E-04  7.0052E+03  7.4643E-05  1.8236E-06  7.1845E-06
 8.7988E+25  2.6647E-04  7.0052E+03  7.4643E-05  1.8164E-06  7.1845E-06
 8.8081E+25  2.6723E-04  7.0052E+03  7.4643E-05  1.8091E-06  7.1845E-06
 8.8173E+25  2.6801E-04  7.0052E+03  7.4643E-05  1.8019E-06  7.1845E-06
 8.8266E+25  2.6876E-04  7.0051E+03  7.4643E-05  1.7946E-06  7.1845E-06
 8.8358E+25  2.6950E-04  7.0051E+03  7.4643E-05  1.7874E-06  7.1845E-06
 8.8451E+25  2.7024E-04  7.0051E+03  7.4643E-05  1.7801E-06  7.1845E-06
 8.8544E+25  2.7099E-04  7.0051E+03  7.4643E-05  1.7728E-06  7.1845E-06
 8.8636E+25  2.7173E-04  7.0051E+03  7.4643E-05  1.7654E-06  7.1845E-06
 8.8729E+25  2.7250E-04  7.0050E+03  7.4643E-05  1.7582E-06  7.1845E-06
 8.8821E+25  2.7323E-04  7.0050E+03  7.4643E-05  1.7514E-06  7.1845E-06
 8.8914E+25  2.7395E-04  7.0050E+03  7.4643E-05  1.7446E-06  7.1845E-06
 8.9006E+25  2.7468E-04  7.0050E+03  7.4643E-05  1.7378E-06  7.1845E-06
 8.9099E+25  2.7541E-04  7.0050E+03  7.4643E-05  1.7313E-06  7.1845E-06
 8.9192E+25  2.7613E-04  7.0049E+03  7.4643E-05  1.7252E-06  7.1845E-06
 8.9284E+25  2.7688E-04  7.0049E+03  7.4643E-05  1.7192E-06  7.1845E-06
 8.9377E+25  2.7760E-04  7.0049E+03  7.4643E-05  1.7130E-06  7.1845E-06
 8.9469E+25  2.7830E-04  7.0049E+03  7.4643E-05  1.7067E-06  7.1845E-06
 8.9562E+25  2.7901E-04  7.0049E+03  7.4643E-05  1.7005E-06  7.1845E-06
 8.9654E+25  2.7972E-04  7.0048E+03  7.4643E-05  1.6943E-06  7.1845E-06
 8.9747E+25  2.8042E-04  7.0048E+03  7.4643E-05  1.6880E-06  7.1845E-06
 8.9840E+25  2.8115E-04  7.0048E+03  7.4643E-05  1.6817E-06  7.1845E-06
 8.9932E+25  2.8186E-04  7.0048E+03  7.4643E-05  1.6755E-06  7.1845E-06
 9.0025E+25  2.8254E-04  7.0048E+03  7.4643E-05  1.6692E-06  7.1845E-06
 9.0117E+25  2.8322E-04  7.0047E+03  7.4643E-05  1.6629E-06  7.1845E-06
 9.0210E+25  2.8391E-04  7.0047E+03  7.4643E-05  1.6565E-06  7.1845E-06
 9.0302E+25  2.8460E-04  7.0047E+03  7.4643E-05  1.6501E-06  7.1845E-06
 9.0395E+25  2.8529E-04  7.0047E+03  7.4643E-05  1.6437E-06  7.1845E-06
 9.0487E+25  2.8599E-04  7.0047E+03  7.4643E-05  1.6372E-06  7.1845E-06
 9.0580E+25  2.8667E-04  7.0046E+03  7.4643E-05  1.6308E-06  7.1845E-06
 9.0673E+25  2.8732E-04  7.0046E+03  7.4643E-05  1.6243E-06  7.1845E-06
 9.0765E+25  2.8798E-04  7.0046E+03  7.4643E-05  1.6179E-06  7.1845E-06
 9.0858E+25  2.8867E-04  7.0046E+03  7.4643E-05  1.6113E-06  7.1845E-06
 9.0950E+25  2.8933E-04  7.0046E+03  7.4643E-05  1.6049E-06  7.1845E-06
 9.1043E+25  2.9001E-04  7.0045E+03  7.4643E-05  1.5986E-06  7.1845E-06
 9.1135E+25  2.9068E-04  7.0045E+03  7.4643E-05  1.5925E-06  7.1845E-06
 9.1228E+25  2.9132E-04  7.0045E+03  7.4643E-05  1.5865E-06  7.1845E-06
 9.1321E+25  2.9196E-04  7.0045E+03  7.4643E-05  1.5804E-06  7.1845E-06
 9.1413E+25  2.9261E-04  7.0045E+03  7.4643E-05  1.5748E-06  7.1845E-06
 9.1506E+25  2.9325E-04  7.0044E+03  7.4643E-05  1.5694E-06  7.1845E-06
 9.1598E+25  2.9391E-04  7.0044E+03  7.4643E-05  1.5641E-06  7.1845E-06
 9.1691E+25  2.9456E-04  7.0044E+03  7.4643E-05  1.5586E-06  7.1845E-06
 9.1783E+25  2.9518E-04  7.0044E+03  7.4643E-05  1.5531E-06  7.1845E-06
 9.1876E+25  2.9581E-04  7.0044E+03  7.4643E-05  1.5475E-06  7.1845E-06
 9.1969E+25  2.9642E-04  7.0044E+03  7.4643E-05  1.5420E-06  7.1845E-06
 9.2061E+25  2.9706E-04  7.0043E+03  7.4643E-05  1.5365E-06  7.1845E-06
 9.2154E+25  2.9769E-04  7.0043E+03  7.4643E-05  1.5310E-06  7.1845E-06
 9.2246E+25  2.9832E-04  7.0043E+03  7.4643E-05  1.5253E-06  7.1845E-06
 9.2339E+25  2.9894E-04  7.0043E+03  7.4643E-05  1.5198E-06  7.1845E-06
 9.2431E+25  2.9954E-04  7.0043E+03  7.4643E-05  1.5143E-06  7.1845E-06
 9.2524E+25  3.0015E-04  7.0042E+03  7.4643E-05  1.5086E-06  7.1845E-06
