 4.6285E+22  3.2784E-11  1.1638E+04  7.4643E-05  1.0000E+00  7.1845E-06
 1.3886E+23  2.2943E-10  1.1641E+04  7.4643E-05  1.0000E+00  7.1845E-06
 2.3143E+23  6.2226E-10  1.1654E+04  7.4643E-05  1.0000E+00  7.1845E-06
 3.2400E+23  1.2097E-09  1.1681E+04  7.4643E-05  1.0000E+00  7.1845E-06
 4.1657E+23  1.9885E-09  1.1730E+04  7.4643E-05  1.0000E+00  7.1845E-06
 5.0914E+23  2.9522E-09  1.1809E+04  7.4643E-05  1.0000E+00  7.1845E-06
 6.0171E+23  4.0888E-09  1.1931E+04  7.4643E-05  1.0000E+00  7.1845E-06
 6.9428E+23  5.3852E-09  1.2107E+04  7.4643E-05  1.0000E+00  7.1845E-06
 7.8685E+23  6.8072E-09  1.2364E+04  7.4643E-05  1.0000E+00  7.1845E-06
 8.7942E+23  8.3282E-09  1.2723E+04  7.4643E-05  1.0000E+00  7.1845E-06
 9.7199E+23  9.9268E-09  1.3158E+04  7.4643E-05  1.0000E+00  7.1845E-06
 1.0646E+24  1.1626E-08  1.3596E+04  7.4643E-05  1.0000E+00  7.1845E-06
 1.1571E+24  1.3503E-08  1.3914E+04  7.4643E-05  1.0000E+00  7.1845E-06
 1.2497E+24  1.5614E-08  1.4085E+04  7.4643E-05  1.0000E+00  7.1845E-06
 1.3423E+24  1.7917E-08  1.4180E+04  7.4643E-05  1.0000E+00  7.1845E-06
 1.4348E+24  2.0375E-08  1.4280E+04  7.4643E-05  9.9999E-01  7.1845E-06
 1.5274E+24  2.2958E-08  1.4380E+04  7.4643E-05  9.9999E-01  7.1845E-06
 1.6200E+24  2.5709E-08  1.4473E+04  7.4643E-05  9.9999E-01  7.1845E-06
 1.7126E+24  2.8601E-08  1.4565E+04  7.4643E-05  9.9999E-01  7.1845E-06
 1.8051E+24  3.1636E-08  1.4647E+04  7.4643E-05  9.9999E-01  7.1845E-06
 1.8977E+24  3.4825E-08  1.4726E+04  7.4643E-05  9.9999E-01  7.1845E-06
 1.9903E+24  3.8169E-08  1.4803E+04  7.4643E-05  9.9999E-01  7.1845E-06
 2.0828E+24  4.1651E-08  1.4877E+04  7.4643E-05  9.9999E-01  7.1845E-06
 2.1754E+24  4.5244E-08  1.4950E+04  7.4643E-05  9.9999E-01  7.1845E-06
 2.2680E+24  4.9026E-08  1.5020E+04  7.4643E-05  9.9999E-01  7.1845E-06
 2.3605E+24  5.2940E-08  1.5088E+04  7.4643E-05  9.9999E-01  7.1845E-06
 2.4531E+24  5.6984E-08  1.5152E+04  7.4643E-05  9.9999E-01  7.1845E-06
 2.5457E+24  6.1162E-08  1.5217E+04  7.4643E-05  9.9998E-01  7.1845E-06
 2.6383E+24  6.5513E-08  1.5280E+04  7.4643E-05  9.9998E-01  7.1845E-06
 2.7308E+24  6.9998E-08  1.5339E+04  7.4643E-05  9.9998E-01  7.1845E-06
 2.8234E+24  7.4566E-08  1.5400E+04  7.4643E-05  9.9998E-01  7.1845E-06
 2.9160E+24  7.9335E-08  1.5456E+04  7.4643E-05  9.9998E-01  7.1845E-06
 3.0085E+24  8.4282E-08  1.5511E+04  7.4643E-05  9.9998E-01  7.1845E-06
 3.1011E+24  8.9291E-08  1.5568E+04  7.4643E-05  9.9998E-01  7.1845E-06
 3.1937E+24  9.4416E-08  1.5621E+04  7.4643E-05  9.9998E-01  7.1845E-06
 3.2862E+24  9.9754E-08  1.5672E+04  7.4643E-05  9.9997E-01  7.1845E-06
 3.3788E+24  1.0518E-07  1.5723E+04  7.4643E-05  9.9997E-01  7.1845E-06
 3.4714E+24  1.1070E-07  1.5773E+04  7.4643E-05  9.9997E-01  7.1845E-06
 3.5640E+24  1.1645E-07  1.5822E+04  7.4643E-05  9.9997E-01  7.1845E-06
 3.6565E+24  1.2242E-07  1.5868E+04  7.4643E-05  9.9997E-01  7.1845E-06
 3.7491E+24  1.2830E-07  1.5915E+04  7.4643E-05  9.9997E-01  7.1845E-06
 3.8417E+24  1.3445E-07  1.5961E+04  7.4643E-05  9.9997E-01  7.1845E-06
 3.9342E+24  1.4076E-07  1.6005E+04  7.4643E-05  9.9996E-01  7.1845E-06
 4.0268E+24  1.4714E-07  1.6049E+04  7.4643E-05  9.9996E-01  7.1845E-06
 4.1194E+24  1.5359E-07  1.6092E+04  7.4643E-05  9.9996E-01  7.1845E-06
 4.2120E+24  1.6047E-07  1.6133E+04  7.4643E-05  9.9996E-01  7.1845E-06
 4.3045E+24  1.6713E-07  1.6174E+04  7.4643E-05  9.9996E-01  7.1845E-06
 4.3971E+24  1.7398E-07  1.6215E+04  7.4643E-05  9.9996E-01  7.1845E-06
 4.4897E+24  1.8115E-07  1.6254E+04  7.4643E-05  9.9995E-01  7.1845E-06
 4.5822E+24  1.8841E-07  1.6293E+04  7.4643E-05  9.9995E-01  7.1845E-06
 4.6748E+24  1.9577E-07  1.6331E+04  7.4643E-05  9.9995E-01  7.1845E-06
 4.7674E+24  2.0324E-07  1.6368E+04  7.4643E-05  9.9995E-01  7.1845E-06
 4.8599E+24  2.1082E-07  1.6405E+04  7.4643E-05  9.9995E-01  7.1845E-06
 4.9525E+24  2.1854E-07  1.6441E+04  7.4643E-05  9.9994E-01  7.1845E-06
 5.0451E+24  2.2639E-07  1.6476E+04  7.4643E-05  9.9994E-01  7.1845E-06
 5.1377E+24  2.3440E-07  1.6511E+04  7.4643E-05  9.9994E-01  7.1845E-06
 5.2302E+24  2.4258E-07  1.6545E+04  7.4643E-05  9.9993E-01  7.1845E-06
 5.3228E+24  2.5094E-07  1.6579E+04  7.4643E-05  9.9993E-01  7.1845E-06
 5.4154E+24  2.5951E-07  1.6612E+04  7.4643E-05  9.9991E-01  7.1845E-06
 5.5079E+24  2.6785E-07  1.6645E+04  7.4643E-05  9.9989E-01  7.1845E-06
 5.6005E+24  2.7624E-07  1.6677E+04  7.4643E-05  9.9983E-01  7.1845E-06
 5.6931E+24  2.8534E-07  1.6708E+04  7.4643E-05  9.9971E-01  7.1845E-06
 5.7856E+24  2.9473E-07  1.6738E+04  7.4643E-05  9.9946E-01  7.1845E-06
 5.8782E+24  3.0294E-07  1.6766E+04  7.4643E-05  9.9896E-01  7.1845E-06
 5.9708E+24  3.1260E-07  1.6792E+04  7.4643E-05  9.9798E-01  7.1845E-06
 6.0634E+24  3.2248E-07  1.6813E+04  7.4643E-05  9.9612E-01  7.1845E-06
 6.1559E+24  3.3115E-07  1.6826E+04  7.4643E-05  9.9264E-01  7.1845E-06
 6.2485E+24  3.4201E-07  1.6827E+04  7.4643E-05  9.8632E-01  7.1845E-06
 6.3411E+24  3.5125E-07  1.6808E+04  7.4643E-05  9.7520E-01  7.1845E-06
 6.4336E+24  3.6268E-07  1.6755E+04  7.4643E-05  9.5624E-01  7.1845E-06
 6.5262E+24  3.7350E-07  1.6647E+04  7.4643E-05  9.2536E-01  7.1845E-06
 6.6188E+24  3.8657E-07  1.6461E+04  7.4643E-05  8.7785E-01  7.1845E-06
 6.7113E+24  4.0009E-07  1.6169E+04  7.4643E-05  8.1015E-01  7.1845E-06
 6.8039E+24  4.1714E-07  1.5754E+04  7.4643E-05  7.2261E-01  7.1845E-06
 6.8965E+24  4.3529E-07  1.5222E+04  7.4643E-05  6.2161E-01  7.1845E-06
 6.9891E+24  4.5814E-07  1.4602E+04  7.4643E-05  5.1815E-01  7.1845E-06
 7.0816E+24  4.8185E-07  1.3944E+04  7.4643E-05  4.2311E-01  7.1845E-06
 7.1742E+24  5.0948E-07  1.3295E+04  7.4643E-05  3.4289E-01  7.1845E-06
 7.2668E+24  5.3734E-07  1.2688E+04  7.4643E-05  2.7884E-01  7.1845E-06
 7.3593E+24  5.6665E-07  1.2140E+04  7.4643E-05  2.2911E-01  7.1845E-06
 7.4519E+24  5.9708E-07  1.1654E+04  7.4643E-05  1.9075E-01  7.1845E-06
 7.5445E+24  6.2554E-07  1.1227E+04  7.4643E-05  1.6101E-01  7.1845E-06
 7.6371E+24  6.5713E-07  1.0853E+04  7.4643E-05  1.3765E-01  7.1845E-06
 7.7296E+24  6.8517E-07  1.0525E+04  7.4643E-05  1.1903E-01  7.1845E-06
 7.8222E+24  7.1568E-07  1.0236E+04  7.4643E-05  1.0395E-01  7.1845E-06
 7.9148E+24  7.4547E-07  9.9804E+03  7.4643E-05  9.1572E-02  7.1845E-06
 8.0073E+24  7.7354E-07  9.7539E+03  7.4643E-05  8.1274E-02  7.1845E-06
 8.0999E+24  8.0512E-07  9.5521E+03  7.4643E-05  7.2609E-02  7.1845E-06
 8.1925E+24  8.3092E-07  9.3714E+03  7.4643E-05  6.5244E-02  7.1845E-06
 8.2850E+24  8.6267E-07  9.2092E+03  7.4643E-05  5.8928E-02  7.1845E-06
 8.3776E+24  8.8942E-07  9.0627E+03  7.4643E-05  5.3466E-02  7.1845E-06
 8.4702E+24  9.2021E-07  8.9301E+03  7.4643E-05  4.8711E-02  7.1845E-06
 8.5628E+24  9.4733E-07  8.8096E+03  7.4643E-05  4.4544E-02  7.1845E-06
 8.6553E+24  9.7813E-07  8.6999E+03  7.4643E-05  4.0871E-02  7.1845E-06
 8.7479E+24  1.0047E-06  8.5996E+03  7.4643E-05  3.7616E-02  7.1845E-06
 8.8405E+24  1.0368E-06  8.5076E+03  7.4643E-05  3.4718E-02  7.1845E-06
 8.9330E+24  1.0617E-06  8.4231E+03  7.4643E-05  3.2127E-02  7.1845E-06
 9.0256E+24  1.0941E-06  8.3453E+03  7.4643E-05  2.9802E-02  7.1845E-06
 9.1182E+24  1.1211E-06  8.2735E+03  7.4643E-05  2.7705E-02  7.1845E-06
 9.2107E+24  1.1506E-06  8.2070E+03  7.4643E-05  2.5811E-02  7.1845E-06
 9.3033E+24  1.1827E-06  8.1454E+03  7.4643E-05  2.4091E-02  7.1845E-06
 9.3959E+24  1.2073E-06  8.0882E+03  7.4643E-05  2.2528E-02  7.1845E-06
 9.4885E+24  1.2391E-06  8.0349E+03  7.4643E-05  2.1102E-02  7.1845E-06
 9.5810E+24  1.2710E-06  7.9854E+03  7.4643E-05  1.9798E-02  7.1845E-06
 9.6736E+24  1.2965E-06  7.9391E+03  7.4643E-05  1.8602E-02  7.1845E-06
 9.7662E+24  1.3275E-06  7.8958E+03  7.4643E-05  1.7503E-02  7.1845E-06
 9.8587E+24  1.3595E-06  7.8553E+03  7.4643E-05  1.6493E-02  7.1845E-06
 9.9513E+24  1.3904E-06  7.8173E+03  7.4643E-05  1.5559E-02  7.1845E-06
 1.0044E+25  1.4165E-06  7.7817E+03  7.4643E-05  1.4697E-02  7.1845E-06
 1.0136E+25  1.4485E-06  7.7482E+03  7.4643E-05  1.3898E-02  7.1845E-06
 1.0229E+25  1.4805E-06  7.7167E+03  7.4643E-05  1.3158E-02  7.1845E-06
 1.0322E+25  1.5124E-06  7.6870E+03  7.4643E-05  1.2470E-02  7.1845E-06
 1.0414E+25  1.5437E-06  7.6590E+03  7.4643E-05  1.1829E-02  7.1845E-06
 1.0507E+25  1.5710E-06  7.6326E+03  7.4643E-05  1.1233E-02  7.1845E-06
 1.0599E+25  1.6032E-06  7.6077E+03  7.4643E-05  1.0676E-02  7.1845E-06
 1.0692E+25  1.6355E-06  7.5841E+03  7.4643E-05  1.0156E-02  7.1845E-06
 1.0784E+25  1.6678E-06  7.5617E+03  7.4643E-05  9.6698E-03  7.1845E-06
 1.0877E+25  1.7002E-06  7.5406E+03  7.4643E-05  9.2139E-03  7.1845E-06
 1.0970E+25  1.7327E-06  7.5205E+03  7.4643E-05  8.7866E-03  7.1845E-06
 1.1062E+25  1.7653E-06  7.5015E+03  7.4643E-05  8.3857E-03  7.1845E-06
 1.1155E+25  1.7980E-06  7.4834E+03  7.4643E-05  8.0082E-03  7.1845E-06
 1.1247E+25  1.8307E-06  7.4662E+03  7.4643E-05  7.6535E-03  7.1845E-06
 1.1340E+25  1.8634E-06  7.4498E+03  7.4643E-05  7.3196E-03  7.1845E-06
 1.1432E+25  1.8963E-06  7.4343E+03  7.4643E-05  7.0046E-03  7.1845E-06
 1.1525E+25  1.9290E-06  7.4195E+03  7.4643E-05  6.7076E-03  7.1845E-06
 1.1618E+25  1.9629E-06  7.4053E+03  7.4643E-05  6.4270E-03  7.1845E-06
 1.1710E+25  1.9970E-06  7.3918E+03  7.4643E-05  6.1616E-03  7.1845E-06
 1.1803E+25  2.0314E-06  7.3790E+03  7.4643E-05  5.9110E-03  7.1845E-06
 1.1895E+25  2.0655E-06  7.3667E+03  7.4643E-05  5.6734E-03  7.1845E-06
 1.1988E+25  2.0994E-06  7.3550E+03  7.4643E-05  5.4482E-03  7.1845E-06
 1.2080E+25  2.1336E-06  7.3438E+03  7.4643E-05  5.2352E-03  7.1845E-06
 1.2173E+25  2.1683E-06  7.3330E+03  7.4643E-05  5.0328E-03  7.1845E-06
 1.2266E+25  2.2034E-06  7.3227E+03  7.4643E-05  4.8402E-03  7.1845E-06
 1.2358E+25  2.2389E-06  7.3129E+03  7.4643E-05  4.6580E-03  7.1845E-06
 1.2451E+25  2.2747E-06  7.3035E+03  7.4643E-05  4.4843E-03  7.1845E-06
 1.2543E+25  2.3110E-06  7.2945E+03  7.4643E-05  4.3188E-03  7.1845E-06
 1.2636E+25  2.3476E-06  7.2858E+03  7.4643E-05  4.1619E-03  7.1845E-06
 1.2728E+25  2.3847E-06  7.2775E+03  7.4643E-05  4.0119E-03  7.1845E-06
 1.2821E+25  2.4222E-06  7.2695E+03  7.4643E-05  3.8692E-03  7.1845E-06
 1.2914E+25  2.4603E-06  7.2619E+03  7.4643E-05  3.7329E-03  7.1845E-06
 1.3006E+25  2.4980E-06  7.2545E+03  7.4643E-05  3.6030E-03  7.1845E-06
 1.3099E+25  2.5282E-06  7.2474E+03  7.4643E-05  3.4791E-03  7.1845E-06
 1.3191E+25  2.5662E-06  7.2406E+03  7.4643E-05  3.3602E-03  7.1845E-06
 1.3284E+25  2.6056E-06  7.2341E+03  7.4643E-05  3.2473E-03  7.1845E-06
 1.3376E+25  2.6455E-06  7.2278E+03  7.4643E-05  3.1388E-03  7.1845E-06
 1.3469E+25  2.6861E-06  7.2217E+03  7.4643E-05  3.0353E-03  7.1845E-06
 1.3562E+25  2.7274E-06  7.2159E+03  7.4643E-05  2.9358E-03  7.1845E-06
 1.3654E+25  2.7580E-06  7.2103E+03  7.4643E-05  2.8412E-03  7.1845E-06
 1.3747E+25  2.7951E-06  7.2048E+03  7.4643E-05  2.7499E-03  7.1845E-06
 1.3839E+25  2.8374E-06  7.1996E+03  7.4643E-05  2.6628E-03  7.1845E-06
 1.3932E+25  2.8806E-06  7.1946E+03  7.4643E-05  2.5789E-03  7.1845E-06
 1.4024E+25  2.9247E-06  7.1897E+03  7.4643E-05  2.4990E-03  7.1845E-06
 1.4117E+25  2.9552E-06  7.1850E+03  7.4643E-05  2.4218E-03  7.1845E-06
 1.4210E+25  2.9930E-06  7.1805E+03  7.4643E-05  2.3479E-03  7.1845E-06
 1.4302E+25  3.0383E-06  7.1761E+03  7.4643E-05  2.2768E-03  7.1845E-06
 1.4395E+25  3.0845E-06  7.1719E+03  7.4643E-05  2.2088E-03  7.1845E-06
 1.4487E+25  3.1242E-06  7.1678E+03  7.4643E-05  2.1429E-03  7.1845E-06
 1.4580E+25  3.1536E-06  7.1638E+03  7.4643E-05  2.0799E-03  7.1845E-06
 1.4672E+25  3.2014E-06  7.1600E+03  7.4643E-05  2.0192E-03  7.1845E-06
 1.4765E+25  3.2504E-06  7.1563E+03  7.4643E-05  1.9610E-03  7.1845E-06
 1.4858E+25  3.2898E-06  7.1527E+03  7.4643E-05  1.9046E-03  7.1845E-06
 1.4950E+25  3.3204E-06  7.1493E+03  7.4643E-05  1.8504E-03  7.1845E-06
 1.5043E+25  3.3712E-06  7.1459E+03  7.4643E-05  1.7984E-03  7.1845E-06
 1.5135E+25  3.4233E-06  7.1427E+03  7.4643E-05  1.7480E-03  7.1845E-06
 1.5228E+25  3.4515E-06  7.1396E+03  7.4643E-05  1.6998E-03  7.1845E-06
 1.5320E+25  3.4945E-06  7.1365E+03  7.4643E-05  1.6528E-03  7.1845E-06
 1.5413E+25  3.5488E-06  7.1336E+03  7.4643E-05  1.6079E-03  7.1845E-06
 1.5506E+25  3.5927E-06  7.1307E+03  7.4643E-05  1.5645E-03  7.1845E-06
 1.5598E+25  3.6205E-06  7.1279E+03  7.4643E-05  1.5224E-03  7.1845E-06
 1.5691E+25  3.6774E-06  7.1252E+03  7.4643E-05  1.4820E-03  7.1845E-06
 1.5783E+25  3.7324E-06  7.1226E+03  7.4643E-05  1.4427E-03  7.1845E-06
 1.5876E+25  3.7503E-06  7.1201E+03  7.4643E-05  1.4051E-03  7.1845E-06
 1.5968E+25  3.8095E-06  7.1177E+03  7.4643E-05  1.3686E-03  7.1845E-06
 1.6061E+25  3.8698E-06  7.1153E+03  7.4643E-05  1.3331E-03  7.1845E-06
 1.6154E+25  3.8848E-06  7.1130E+03  7.4643E-05  1.2992E-03  7.1845E-06
 1.6246E+25  3.9455E-06  7.1107E+03  7.4643E-05  1.2661E-03  7.1845E-06
 1.6339E+25  4.0076E-06  7.1085E+03  7.4643E-05  1.2341E-03  7.1845E-06
 1.6431E+25  4.0214E-06  7.1064E+03  7.4643E-05  1.2034E-03  7.1845E-06
 1.6524E+25  4.0860E-06  7.1043E+03  7.4643E-05  1.1733E-03  7.1845E-06
 1.6616E+25  4.1436E-06  7.1024E+03  7.4643E-05  1.1444E-03  7.1845E-06
 1.6709E+25  4.1626E-06  7.1004E+03  7.4643E-05  1.1166E-03  7.1845E-06
 1.6802E+25  4.2315E-06  7.0985E+03  7.4643E-05  1.0893E-03  7.1845E-06
 1.6894E+25  4.2767E-06  7.0967E+03  7.4643E-05  1.0631E-03  7.1845E-06
 1.6987E+25  4.3098E-06  7.0949E+03  7.4643E-05  1.0376E-03  7.1845E-06
 1.7079E+25  4.3826E-06  7.0931E+03  7.4643E-05  1.0128E-03  7.1845E-06
 1.7172E+25  4.4074E-06  7.0915E+03  7.4643E-05  9.8903E-04  7.1845E-06
 1.7264E+25  4.4629E-06  7.0898E+03  7.4643E-05  9.6588E-04  7.1845E-06
 1.7357E+25  4.5312E-06  7.0882E+03  7.4643E-05  9.4317E-04  7.1845E-06
 1.7450E+25  4.5443E-06  7.0866E+03  7.4643E-05  9.2143E-04  7.1845E-06
 1.7542E+25  4.6226E-06  7.0851E+03  7.4643E-05  9.0034E-04  7.1845E-06
 1.7635E+25  4.6589E-06  7.0836E+03  7.4643E-05  8.7966E-04  7.1845E-06
 1.7727E+25  4.7061E-06  7.0822E+03  7.4643E-05  8.5978E-04  7.1845E-06
 1.7820E+25  4.7821E-06  7.0808E+03  7.4643E-05  8.4045E-04  7.1845E-06
 1.7912E+25  4.7909E-06  7.0794E+03  7.4643E-05  8.2149E-04  7.1845E-06
 1.8005E+25  4.8756E-06  7.0781E+03  7.4643E-05  8.0327E-04  7.1845E-06
 1.8097E+25  4.9063E-06  7.0768E+03  7.4643E-05  7.8567E-04  7.1845E-06
 1.8190E+25  4.9630E-06  7.0755E+03  7.4643E-05  7.6830E-04  7.1845E-06
 1.8283E+25  5.0292E-06  7.0743E+03  7.4643E-05  7.5146E-04  7.1845E-06
 1.8375E+25  5.0514E-06  7.0731E+03  7.4643E-05  7.3531E-04  7.1845E-06
 1.8468E+25  5.1441E-06  7.0719E+03  7.4643E-05  7.1948E-04  7.1845E-06
 1.8560E+25  5.1488E-06  7.0707E+03  7.4643E-05  7.0395E-04  7.1845E-06
 1.8653E+25  5.2358E-06  7.0696E+03  7.4643E-05  6.8912E-04  7.1845E-06
 1.8745E+25  5.2708E-06  7.0685E+03  7.4643E-05  6.7455E-04  7.1845E-06
 1.8838E+25  5.3290E-06  7.0674E+03  7.4643E-05  6.6023E-04  7.1845E-06
 1.8931E+25  5.3927E-06  7.0664E+03  7.4643E-05  6.4649E-04  7.1845E-06
 1.9023E+25  5.4234E-06  7.0654E+03  7.4643E-05  6.3320E-04  7.1845E-06
 1.9116E+25  5.5145E-06  7.0644E+03  7.4643E-05  6.2009E-04  7.1845E-06
 1.9208E+25  5.5193E-06  7.0634E+03  7.4643E-05  6.0723E-04  7.1845E-06
 1.9301E+25  5.6261E-06  7.0625E+03  7.4643E-05  5.9495E-04  7.1845E-06
 1.9393E+25  5.6268E-06  7.0616E+03  7.4643E-05  5.8295E-04  7.1845E-06
 1.9486E+25  5.7266E-06  7.0606E+03  7.4643E-05  5.7112E-04  7.1845E-06
 1.9579E+25  5.7472E-06  7.0598E+03  7.4643E-05  5.5966E-04  7.1845E-06
 1.9671E+25  5.8287E-06  7.0589E+03  7.4643E-05  5.4862E-04  7.1845E-06
 1.9764E+25  5.8673E-06  7.0581E+03  7.4643E-05  5.3773E-04  7.1845E-06
 1.9856E+25  5.9327E-06  7.0572E+03  7.4643E-05  5.2703E-04  7.1845E-06
 1.9949E+25  5.9873E-06  7.0564E+03  7.4643E-05  5.1675E-04  7.1845E-06
 2.0041E+25  6.0386E-06  7.0556E+03  7.4643E-05  5.0680E-04  7.1845E-06
 2.0134E+25  6.1071E-06  7.0549E+03  7.4643E-05  4.9695E-04  7.1845E-06
 2.0227E+25  6.1464E-06  7.0541E+03  7.4643E-05  4.8729E-04  7.1845E-06
 2.0319E+25  6.2265E-06  7.0534E+03  7.4643E-05  4.7799E-04  7.1845E-06
 2.0412E+25  6.2565E-06  7.0527E+03  7.4643E-05  4.6897E-04  7.1845E-06
 2.0504E+25  6.3456E-06  7.0519E+03  7.4643E-05  4.6005E-04  7.1845E-06
 2.0597E+25  6.3689E-06  7.0512E+03  7.4643E-05  4.5132E-04  7.1845E-06
 2.0689E+25  6.4642E-06  7.0506E+03  7.4643E-05  4.4291E-04  7.1845E-06
 2.0782E+25  6.4837E-06  7.0499E+03  7.4643E-05  4.3472E-04  7.1845E-06
 2.0875E+25  6.5824E-06  7.0493E+03  7.4643E-05  4.2662E-04  7.1845E-06
 2.0967E+25  6.6011E-06  7.0486E+03  7.4643E-05  4.1868E-04  7.1845E-06
 2.1060E+25  6.7002E-06  7.0480E+03  7.4643E-05  4.1105E-04  7.1845E-06
 2.1152E+25  6.7213E-06  7.0474E+03  7.4643E-05  4.0364E-04  7.1845E-06
 2.1245E+25  6.8173E-06  7.0468E+03  7.4643E-05  3.9629E-04  7.1845E-06
 2.1337E+25  6.8443E-06  7.0462E+03  7.4643E-05  3.8905E-04  7.1845E-06
 2.1430E+25  6.9339E-06  7.0457E+03  7.4643E-05  3.8207E-04  7.1845E-06
 2.1523E+25  6.9703E-06  7.0451E+03  7.4643E-05  3.7532E-04  7.1845E-06
 2.1615E+25  7.0498E-06  7.0446E+03  7.4643E-05  3.6867E-04  7.1845E-06
 2.1708E+25  7.0995E-06  7.0440E+03  7.4643E-05  3.6207E-04  7.1845E-06
 2.1800E+25  7.1650E-06  7.0435E+03  7.4643E-05  3.5568E-04  7.1845E-06
 2.1893E+25  7.2320E-06  7.0430E+03  7.4643E-05  3.4952E-04  7.1845E-06
 2.1985E+25  7.2795E-06  7.0425E+03  7.4643E-05  3.4347E-04  7.1845E-06
 2.2078E+25  7.3681E-06  7.0420E+03  7.4643E-05  3.3744E-04  7.1845E-06
 2.2171E+25  7.3933E-06  7.0415E+03  7.4643E-05  3.3159E-04  7.1845E-06
 2.2263E+25  7.5078E-06  7.0410E+03  7.4643E-05  3.2594E-04  7.1845E-06
 2.2356E+25  7.5064E-06  7.0406E+03  7.4643E-05  3.2044E-04  7.1845E-06
 2.2448E+25  7.6512E-06  7.0401E+03  7.4643E-05  3.1497E-04  7.1845E-06
 2.2541E+25  7.6187E-06  7.0396E+03  7.4643E-05  3.0958E-04  7.1845E-06
 2.2633E+25  7.7701E-06  7.0392E+03  7.4643E-05  3.0434E-04  7.1845E-06
 2.2726E+25  7.7587E-06  7.0388E+03  7.4643E-05  2.9933E-04  7.1845E-06
 2.2819E+25  7.8820E-06  7.0384E+03  7.4643E-05  2.9437E-04  7.1845E-06
 2.2911E+25  7.9092E-06  7.0379E+03  7.4643E-05  2.8945E-04  7.1845E-06
 2.3004E+25  7.9929E-06  7.0375E+03  7.4643E-05  2.8461E-04  7.1845E-06
 2.3096E+25  8.0637E-06  7.0371E+03  7.4643E-05  2.7994E-04  7.1845E-06
 2.3189E+25  8.1030E-06  7.0367E+03  7.4643E-05  2.7543E-04  7.1845E-06
 2.3281E+25  8.2228E-06  7.0364E+03  7.4643E-05  2.7095E-04  7.1845E-06
 2.3374E+25  8.2124E-06  7.0360E+03  7.4643E-05  2.6652E-04  7.1845E-06
 2.3467E+25  8.3694E-06  7.0356E+03  7.4643E-05  2.6218E-04  7.1845E-06
 2.3559E+25  8.3379E-06  7.0352E+03  7.4643E-05  2.5800E-04  7.1845E-06
 2.3652E+25  8.4782E-06  7.0349E+03  7.4643E-05  2.5394E-04  7.1845E-06
 2.3744E+25  8.5055E-06  7.0345E+03  7.4643E-05  2.4989E-04  7.1845E-06
 2.3837E+25  8.5856E-06  7.0342E+03  7.4643E-05  2.4588E-04  7.1845E-06
 2.3929E+25  8.6779E-06  7.0339E+03  7.4643E-05  2.4196E-04  7.1845E-06
 2.4022E+25  8.6922E-06  7.0335E+03  7.4643E-05  2.3821E-04  7.1845E-06
 2.4115E+25  8.8516E-06  7.0332E+03  7.4643E-05  2.3455E-04  7.1845E-06
 2.4207E+25  8.8022E-06  7.0329E+03  7.4643E-05  2.3089E-04  7.1845E-06
 2.4300E+25  8.9598E-06  7.0326E+03  7.4643E-05  2.2727E-04  7.1845E-06
 2.4392E+25  8.9821E-06  7.0323E+03  7.4643E-05  2.2372E-04  7.1845E-06
 2.4485E+25  9.0643E-06  7.0320E+03  7.4643E-05  2.2031E-04  7.1845E-06
 2.4577E+25  9.1699E-06  7.0317E+03  7.4643E-05  2.1700E-04  7.1845E-06
 2.4670E+25  9.1680E-06  7.0314E+03  7.4643E-05  2.1370E-04  7.1845E-06
 2.4763E+25  9.3339E-06  7.0311E+03  7.4643E-05  2.1044E-04  7.1845E-06
 2.4855E+25  9.3006E-06  7.0308E+03  7.4643E-05  2.0721E-04  7.1845E-06
 2.4948E+25  9.4361E-06  7.0305E+03  7.4643E-05  2.0411E-04  7.1845E-06
 2.5040E+25  9.4999E-06  7.0302E+03  7.4643E-05  2.0110E-04  7.1845E-06
 2.5133E+25  9.5374E-06  7.0300E+03  7.4643E-05  1.9812E-04  7.1845E-06
 2.5225E+25  9.7026E-06  7.0297E+03  7.4643E-05  1.9516E-04  7.1845E-06
 2.5318E+25  9.6406E-06  7.0295E+03  7.4643E-05  1.9224E-04  7.1845E-06
 2.5411E+25  9.8069E-06  7.0292E+03  7.4643E-05  1.8941E-04  7.1845E-06
 2.5503E+25  9.8475E-06  7.0289E+03  7.4643E-05  1.8667E-04  7.1845E-06
 2.5596E+25  9.9058E-06  7.0287E+03  7.4643E-05  1.8398E-04  7.1845E-06
 2.5688E+25  1.0065E-05  7.0285E+03  7.4643E-05  1.8130E-04  7.1845E-06
 2.5781E+25  1.0004E-05  7.0282E+03  7.4643E-05  1.7864E-04  7.1845E-06
 2.5873E+25  1.0176E-05  7.0280E+03  7.4643E-05  1.7603E-04  7.1845E-06
 2.5966E+25  1.0215E-05  7.0278E+03  7.4643E-05  1.7352E-04  7.1845E-06
 2.6059E+25  1.0272E-05  7.0275E+03  7.4643E-05  1.7110E-04  7.1845E-06
 2.6151E+25  1.0443E-05  7.0273E+03  7.4643E-05  1.6867E-04  7.1845E-06
 2.6244E+25  1.0371E-05  7.0271E+03  7.4643E-05  1.6626E-04  7.1845E-06
 2.6336E+25  1.0543E-05  7.0269E+03  7.4643E-05  1.6387E-04  7.1845E-06
 2.6429E+25  1.0604E-05  7.0267E+03  7.4643E-05  1.6156E-04  7.1845E-06
 2.6521E+25  1.0637E-05  7.0265E+03  7.4643E-05  1.5932E-04  7.1845E-06
 2.6614E+25  1.0815E-05  7.0262E+03  7.4643E-05  1.5713E-04  7.1845E-06
 2.6707E+25  1.0765E-05  7.0260E+03  7.4643E-05  1.5496E-04  7.1845E-06
 2.6799E+25  1.0908E-05  7.0258E+03  7.4643E-05  1.5278E-04  7.1845E-06
 2.6892E+25  1.1018E-05  7.0256E+03  7.4643E-05  1.5065E-04  7.1845E-06
 2.6984E+25  1.0999E-05  7.0255E+03  7.4643E-05  1.4857E-04  7.1845E-06
 2.7077E+25  1.1179E-05  7.0253E+03  7.4643E-05  1.4656E-04  7.1845E-06
 2.7169E+25  1.1190E-05  7.0251E+03  7.4643E-05  1.4460E-04  7.1845E-06
 2.7262E+25  1.1269E-05  7.0249E+03  7.4643E-05  1.4263E-04  7.1845E-06
 2.7355E+25  1.1450E-05  7.0247E+03  7.4643E-05  1.4069E-04  7.1845E-06
 2.7447E+25  1.1367E-05  7.0245E+03  7.4643E-05  1.3876E-04  7.1845E-06
 2.7540E+25  1.1540E-05  7.0244E+03  7.4643E-05  1.3690E-04  7.1845E-06
 2.7632E+25  1.1642E-05  7.0242E+03  7.4643E-05  1.3509E-04  7.1845E-06
 2.7725E+25  1.1627E-05  7.0240E+03  7.4643E-05  1.3332E-04  7.1845E-06
 2.7817E+25  1.1812E-05  7.0239E+03  7.4643E-05  1.3155E-04  7.1845E-06
 2.7910E+25  1.1829E-05  7.0237E+03  7.4643E-05  1.2980E-04  7.1845E-06
 2.8003E+25  1.1897E-05  7.0235E+03  7.4643E-05  1.2805E-04  7.1845E-06
 2.8095E+25  1.2085E-05  7.0234E+03  7.4643E-05  1.2637E-04  7.1845E-06
 2.8188E+25  1.2021E-05  7.0232E+03  7.4643E-05  1.2473E-04  7.1845E-06
 2.8280E+25  1.2168E-05  7.0231E+03  7.4643E-05  1.2315E-04  7.1845E-06
 2.8373E+25  1.2325E-05  7.0229E+03  7.4643E-05  1.2155E-04  7.1845E-06
 2.8465E+25  1.2251E-05  7.0227E+03  7.4643E-05  1.1997E-04  7.1845E-06
 2.8558E+25  1.2440E-05  7.0226E+03  7.4643E-05  1.1839E-04  7.1845E-06
 2.8651E+25  1.2532E-05  7.0224E+03  7.4643E-05  1.1686E-04  7.1845E-06
 2.8743E+25  1.2521E-05  7.0223E+03  7.4643E-05  1.1537E-04  7.1845E-06
 2.8836E+25  1.2712E-05  7.0222E+03  7.4643E-05  1.1393E-04  7.1845E-06
 2.8928E+25  1.2745E-05  7.0220E+03  7.4643E-05  1.1250E-04  7.1845E-06
 2.9021E+25  1.2791E-05  7.0219E+03  7.4643E-05  1.1108E-04  7.1845E-06
 2.9113E+25  1.2985E-05  7.0217E+03  7.4643E-05  1.0966E-04  7.1845E-06
 2.9206E+25  1.2963E-05  7.0216E+03  7.4643E-05  1.0826E-04  7.1845E-06
 2.9299E+25  1.3061E-05  7.0215E+03  7.4643E-05  1.0690E-04  7.1845E-06
 2.9391E+25  1.3258E-05  7.0214E+03  7.4643E-05  1.0558E-04  7.1845E-06
 2.9484E+25  1.3188E-05  7.0212E+03  7.4643E-05  1.0429E-04  7.1845E-06
 2.9576E+25  1.3332E-05  7.0211E+03  7.4643E-05  1.0301E-04  7.1845E-06
 2.9669E+25  1.3529E-05  7.0210E+03  7.4643E-05  1.0173E-04  7.1845E-06
 2.9761E+25  1.3422E-05  7.0208E+03  7.4643E-05  1.0046E-04  7.1845E-06
 2.9854E+25  1.3603E-05  7.0207E+03  7.4643E-05  9.9210E-05  7.1845E-06
 2.9947E+25  1.3787E-05  7.0206E+03  7.4643E-05  9.8001E-05  7.1845E-06
 3.0039E+25  1.3676E-05  7.0205E+03  7.4643E-05  9.6826E-05  7.1845E-06
 3.0132E+25  1.3874E-05  7.0204E+03  7.4643E-05  9.5676E-05  7.1845E-06
 3.0224E+25  1.4038E-05  7.0203E+03  7.4643E-05  9.4519E-05  7.1845E-06
 3.0317E+25  1.3945E-05  7.0201E+03  7.4643E-05  9.3365E-05  7.1845E-06
 3.0409E+25  1.4145E-05  7.0200E+03  7.4643E-05  9.2228E-05  7.1845E-06
 3.0502E+25  1.4297E-05  7.0199E+03  7.4643E-05  9.1112E-05  7.1845E-06
 3.0594E+25  1.4214E-05  7.0198E+03  7.4643E-05  9.0029E-05  7.1845E-06
 3.0687E+25  1.4416E-05  7.0197E+03  7.4643E-05  8.8982E-05  7.1845E-06
 3.0780E+25  1.4565E-05  7.0196E+03  7.4643E-05  8.7943E-05  7.1845E-06
 3.0872E+25  1.4483E-05  7.0195E+03  7.4643E-05  8.6907E-05  7.1845E-06
 3.0965E+25  1.4687E-05  7.0194E+03  7.4643E-05  8.5877E-05  7.1845E-06
 3.1057E+25  1.4842E-05  7.0193E+03  7.4643E-05  8.4846E-05  7.1845E-06
 3.1150E+25  1.4752E-05  7.0192E+03  7.4643E-05  8.3842E-05  7.1845E-06
 3.1242E+25  1.4958E-05  7.0191E+03  7.4643E-05  8.2867E-05  7.1845E-06
 3.1335E+25  1.5128E-05  7.0190E+03  7.4643E-05  8.1924E-05  7.1845E-06
 3.1428E+25  1.5021E-05  7.0189E+03  7.4643E-05  8.0996E-05  7.1845E-06
 3.1520E+25  1.5228E-05  7.0188E+03  7.4643E-05  8.0066E-05  7.1845E-06
 3.1613E+25  1.5425E-05  7.0187E+03  7.4643E-05  7.9134E-05  7.1845E-06
 3.1705E+25  1.5290E-05  7.0186E+03  7.4643E-05  7.8214E-05  7.1845E-06
 3.1798E+25  1.5498E-05  7.0185E+03  7.4643E-05  7.7307E-05  7.1845E-06
 3.1890E+25  1.5709E-05  7.0184E+03  7.4643E-05  7.6422E-05  7.1845E-06
 3.1983E+25  1.5579E-05  7.0183E+03  7.4643E-05  7.5562E-05  7.1845E-06
 3.2076E+25  1.5767E-05  7.0183E+03  7.4643E-05  7.4729E-05  7.1845E-06
 3.2168E+25  1.5982E-05  7.0182E+03  7.4643E-05  7.3896E-05  7.1845E-06
 3.2261E+25  1.5892E-05  7.0181E+03  7.4643E-05  7.3062E-05  7.1845E-06
 3.2353E+25  1.6036E-05  7.0180E+03  7.4643E-05  7.2234E-05  7.1845E-06
 3.2446E+25  1.6253E-05  7.0179E+03  7.4643E-05  7.1407E-05  7.1845E-06
 3.2538E+25  1.6217E-05  7.0178E+03  7.4643E-05  7.0608E-05  7.1845E-06
 3.2631E+25  1.6305E-05  7.0177E+03  7.4643E-05  6.9826E-05  7.1845E-06
 3.2724E+25  1.6523E-05  7.0177E+03  7.4643E-05  6.9068E-05  7.1845E-06
 3.2816E+25  1.6554E-05  7.0176E+03  7.4643E-05  6.8321E-05  7.1845E-06
 3.2909E+25  1.6574E-05  7.0175E+03  7.4643E-05  6.7569E-05  7.1845E-06
 3.3001E+25  1.6791E-05  7.0174E+03  7.4643E-05  6.6826E-05  7.1845E-06
 3.3094E+25  1.6904E-05  7.0173E+03  7.4643E-05  6.6083E-05  7.1845E-06
 3.3186E+25  1.6842E-05  7.0173E+03  7.4643E-05  6.5351E-05  7.1845E-06
 3.3279E+25  1.7060E-05  7.0172E+03  7.4643E-05  6.4636E-05  7.1845E-06
 3.3372E+25  1.7267E-05  7.0171E+03  7.4643E-05  6.3939E-05  7.1845E-06
 3.3464E+25  1.7108E-05  7.0171E+03  7.4643E-05  6.3271E-05  7.1845E-06
 3.3557E+25  1.7328E-05  7.0170E+03  7.4643E-05  6.2597E-05  7.1845E-06
 3.3649E+25  1.7553E-05  7.0169E+03  7.4643E-05  6.1926E-05  7.1845E-06
 3.3742E+25  1.7464E-05  7.0168E+03  7.4643E-05  6.1255E-05  7.1845E-06
 3.3834E+25  1.7596E-05  7.0168E+03  7.4643E-05  6.0590E-05  7.1845E-06
 3.3927E+25  1.7821E-05  7.0167E+03  7.4643E-05  5.9934E-05  7.1845E-06
 3.4020E+25  1.7851E-05  7.0166E+03  7.4643E-05  5.9300E-05  7.1845E-06
 3.4112E+25  1.7863E-05  7.0166E+03  7.4643E-05  5.8676E-05  7.1845E-06
 3.4205E+25  1.8088E-05  7.0165E+03  7.4643E-05  5.8072E-05  7.1845E-06
 3.4297E+25  1.8252E-05  7.0164E+03  7.4643E-05  5.7474E-05  7.1845E-06
 3.4390E+25  1.8129E-05  7.0164E+03  7.4643E-05  5.6872E-05  7.1845E-06
 3.4482E+25  1.8356E-05  7.0163E+03  7.4643E-05  5.6271E-05  7.1845E-06
 3.4575E+25  1.8587E-05  7.0162E+03  7.4643E-05  5.5676E-05  7.1845E-06
 3.4668E+25  1.8475E-05  7.0162E+03  7.4643E-05  5.5082E-05  7.1845E-06
 3.4760E+25  1.8623E-05  7.0161E+03  7.4643E-05  5.4513E-05  7.1845E-06
 3.4853E+25  1.8853E-05  7.0161E+03  7.4643E-05  5.3948E-05  7.1845E-06
 3.4945E+25  1.8904E-05  7.0160E+03  7.4643E-05  5.3411E-05  7.1845E-06
 3.5038E+25  1.8888E-05  7.0159E+03  7.4643E-05  5.2873E-05  7.1845E-06
 3.5130E+25  1.9120E-05  7.0159E+03  7.4643E-05  5.2332E-05  7.1845E-06
 3.5223E+25  1.9345E-05  7.0158E+03  7.4643E-05  5.1797E-05  7.1845E-06
 3.5316E+25  1.9156E-05  7.0158E+03  7.4643E-05  5.1262E-05  7.1845E-06
 3.5408E+25  1.9386E-05  7.0157E+03  7.4643E-05  5.0727E-05  7.1845E-06
 3.5501E+25  1.9622E-05  7.0157E+03  7.4643E-05  5.0213E-05  7.1845E-06
 3.5593E+25  1.9605E-05  7.0156E+03  7.4643E-05  4.9699E-05  7.1845E-06
 3.5686E+25  1.9651E-05  7.0155E+03  7.4643E-05  4.9211E-05  7.1845E-06
 3.5778E+25  1.9887E-05  7.0155E+03  7.4643E-05  4.8730E-05  7.1845E-06
 3.5871E+25  2.0082E-05  7.0154E+03  7.4643E-05  4.8250E-05  7.1845E-06
 3.5964E+25  1.9913E-05  7.0154E+03  7.4643E-05  4.7767E-05  7.1845E-06
 3.6056E+25  2.0153E-05  7.0153E+03  7.4643E-05  4.7285E-05  7.1845E-06
 3.6149E+25  2.0393E-05  7.0153E+03  7.4643E-05  4.6808E-05  7.1845E-06
 3.6241E+25  2.0359E-05  7.0152E+03  7.4643E-05  4.6337E-05  7.1845E-06
 3.6334E+25  2.0417E-05  7.0152E+03  7.4643E-05  4.5876E-05  7.1845E-06
 3.6426E+25  2.0657E-05  7.0151E+03  7.4643E-05  4.5425E-05  7.1845E-06
 3.6519E+25  2.0871E-05  7.0151E+03  7.4643E-05  4.4991E-05  7.1845E-06
 3.6612E+25  2.0677E-05  7.0150E+03  7.4643E-05  4.4561E-05  7.1845E-06
 3.6704E+25  2.0922E-05  7.0150E+03  7.4643E-05  4.4128E-05  7.1845E-06
 3.6797E+25  2.1166E-05  7.0149E+03  7.4643E-05  4.3699E-05  7.1845E-06
 3.6889E+25  2.1172E-05  7.0149E+03  7.4643E-05  4.3269E-05  7.1845E-06
 3.6982E+25  2.1184E-05  7.0148E+03  7.4643E-05  4.2840E-05  7.1845E-06
 3.7074E+25  2.1430E-05  7.0148E+03  7.4643E-05  4.2421E-05  7.1845E-06
 3.7167E+25  2.1677E-05  7.0147E+03  7.4643E-05  4.2012E-05  7.1845E-06
 3.7260E+25  2.1486E-05  7.0147E+03  7.4643E-05  4.1607E-05  7.1845E-06
 3.7352E+25  2.1694E-05  7.0146E+03  7.4643E-05  4.1222E-05  7.1845E-06
 3.7445E+25  2.1942E-05  7.0146E+03  7.4643E-05  4.0838E-05  7.1845E-06
 3.7537E+25  2.2050E-05  7.0146E+03  7.4643E-05  4.0449E-05  7.1845E-06
 3.7630E+25  2.1952E-05  7.0145E+03  7.4643E-05  4.0063E-05  7.1845E-06
 3.7722E+25  2.2206E-05  7.0145E+03  7.4643E-05  3.9679E-05  7.1845E-06
 3.7815E+25  2.2457E-05  7.0144E+03  7.4643E-05  3.9297E-05  7.1845E-06
 3.7908E+25  2.2391E-05  7.0144E+03  7.4643E-05  3.8922E-05  7.1845E-06
 3.8000E+25  2.2466E-05  7.0143E+03  7.4643E-05  3.8551E-05  7.1845E-06
 3.8093E+25  2.2720E-05  7.0143E+03  7.4643E-05  3.8189E-05  7.1845E-06
 3.8185E+25  2.2971E-05  7.0143E+03  7.4643E-05  3.7846E-05  7.1845E-06
 3.8278E+25  2.2750E-05  7.0142E+03  7.4643E-05  3.7500E-05  7.1845E-06
 3.8370E+25  2.2981E-05  7.0142E+03  7.4643E-05  3.7155E-05  7.1845E-06
 3.8463E+25  2.3237E-05  7.0141E+03  7.4643E-05  3.6810E-05  7.1845E-06
 3.8556E+25  2.3372E-05  7.0141E+03  7.4643E-05  3.6464E-05  7.1845E-06
 3.8648E+25  2.3237E-05  7.0141E+03  7.4643E-05  3.6121E-05  7.1845E-06
 3.8741E+25  2.3500E-05  7.0140E+03  7.4643E-05  3.5782E-05  7.1845E-06
 3.8833E+25  2.3758E-05  7.0140E+03  7.4643E-05  3.5451E-05  7.1845E-06
 3.8926E+25  2.3761E-05  7.0139E+03  7.4643E-05  3.5125E-05  7.1845E-06
 3.9018E+25  2.3755E-05  7.0139E+03  7.4643E-05  3.4809E-05  7.1845E-06
 3.9111E+25  2.4020E-05  7.0139E+03  7.4643E-05  3.4503E-05  7.1845E-06
 3.9204E+25  2.4281E-05  7.0138E+03  7.4643E-05  3.4196E-05  7.1845E-06
 3.9296E+25  2.4164E-05  7.0138E+03  7.4643E-05  3.3885E-05  7.1845E-06
 3.9389E+25  2.4276E-05  7.0138E+03  7.4643E-05  3.3578E-05  7.1845E-06
 3.9481E+25  2.4543E-05  7.0137E+03  7.4643E-05  3.3270E-05  7.1845E-06
 3.9574E+25  2.4806E-05  7.0137E+03  7.4643E-05  3.2964E-05  7.1845E-06
 3.9666E+25  2.4585E-05  7.0136E+03  7.4643E-05  3.2663E-05  7.1845E-06
 3.9759E+25  2.4799E-05  7.0136E+03  7.4643E-05  3.2368E-05  7.1845E-06
 3.9852E+25  2.5069E-05  7.0136E+03  7.4643E-05  3.2077E-05  7.1845E-06
 3.9944E+25  2.5300E-05  7.0135E+03  7.4643E-05  3.1803E-05  7.1845E-06
 4.0037E+25  2.5055E-05  7.0135E+03  7.4643E-05  3.1528E-05  7.1845E-06
 4.0129E+25  2.5325E-05  7.0135E+03  7.4643E-05  3.1251E-05  7.1845E-06
 4.0222E+25  2.5597E-05  7.0134E+03  7.4643E-05  3.0977E-05  7.1845E-06
 4.0314E+25  2.5760E-05  7.0134E+03  7.4643E-05  3.0700E-05  7.1845E-06
 4.0407E+25  2.5580E-05  7.0134E+03  7.4643E-05  3.0426E-05  7.1845E-06
 4.0500E+25  2.5853E-05  7.0133E+03  7.4643E-05  3.0153E-05  7.1845E-06
 4.0592E+25  2.6128E-05  7.0133E+03  7.4643E-05  2.9886E-05  7.1845E-06
 4.0685E+25  2.6238E-05  7.0133E+03  7.4643E-05  2.9621E-05  7.1845E-06
 4.0777E+25  2.6108E-05  7.0132E+03  7.4643E-05  2.9362E-05  7.1845E-06
 4.0870E+25  2.6384E-05  7.0132E+03  7.4643E-05  2.9116E-05  7.1845E-06
 4.0962E+25  2.6662E-05  7.0132E+03  7.4643E-05  2.8872E-05  7.1845E-06
 4.1055E+25  2.6735E-05  7.0132E+03  7.4643E-05  2.8626E-05  7.1845E-06
 4.1148E+25  2.6638E-05  7.0131E+03  7.4643E-05  2.8377E-05  7.1845E-06
 4.1240E+25  2.6917E-05  7.0131E+03  7.4643E-05  2.8133E-05  7.1845E-06
 4.1333E+25  2.7198E-05  7.0131E+03  7.4643E-05  2.7888E-05  7.1845E-06
 4.1425E+25  2.7252E-05  7.0130E+03  7.4643E-05  2.7643E-05  7.1845E-06
 4.1518E+25  2.7171E-05  7.0130E+03  7.4643E-05  2.7404E-05  7.1845E-06
 4.1610E+25  2.7452E-05  7.0130E+03  7.4643E-05  2.7167E-05  7.1845E-06
 4.1703E+25  2.7737E-05  7.0129E+03  7.4643E-05  2.6934E-05  7.1845E-06
 4.1796E+25  2.7791E-05  7.0129E+03  7.4643E-05  2.6712E-05  7.1845E-06
 4.1888E+25  2.7707E-05  7.0129E+03  7.4643E-05  2.6494E-05  7.1845E-06
 4.1981E+25  2.7989E-05  7.0129E+03  7.4643E-05  2.6274E-05  7.1845E-06
 4.2073E+25  2.8279E-05  7.0128E+03  7.4643E-05  2.6054E-05  7.1845E-06
 4.2166E+25  2.8351E-05  7.0128E+03  7.4643E-05  2.5836E-05  7.1845E-06
 4.2258E+25  2.8245E-05  7.0128E+03  7.4643E-05  2.5614E-05  7.1845E-06
 4.2351E+25  2.8529E-05  7.0127E+03  7.4643E-05  2.5396E-05  7.1845E-06
 4.2443E+25  2.8822E-05  7.0127E+03  7.4643E-05  2.5180E-05  7.1845E-06
 4.2536E+25  2.8935E-05  7.0127E+03  7.4643E-05  2.4968E-05  7.1845E-06
 4.2629E+25  2.8785E-05  7.0127E+03  7.4643E-05  2.4757E-05  7.1845E-06
 4.2721E+25  2.9072E-05  7.0126E+03  7.4643E-05  2.4555E-05  7.1845E-06
 4.2814E+25  2.9367E-05  7.0126E+03  7.4643E-05  2.4360E-05  7.1845E-06
 4.2906E+25  2.9542E-05  7.0126E+03  7.4643E-05  2.4165E-05  7.1845E-06
 4.2999E+25  2.9329E-05  7.0126E+03  7.4643E-05  2.3967E-05  7.1845E-06
 4.3091E+25  2.9617E-05  7.0125E+03  7.4643E-05  2.3770E-05  7.1845E-06
 4.3184E+25  2.9914E-05  7.0125E+03  7.4643E-05  2.3575E-05  7.1845E-06
 4.3277E+25  3.0175E-05  7.0125E+03  7.4643E-05  2.3380E-05  7.1845E-06
 4.3369E+25  2.9874E-05  7.0125E+03  7.4643E-05  2.3184E-05  7.1845E-06
 4.3462E+25  3.0166E-05  7.0124E+03  7.4643E-05  2.2992E-05  7.1845E-06
 4.3554E+25  3.0463E-05  7.0124E+03  7.4643E-05  2.2803E-05  7.1845E-06
 4.3647E+25  3.0762E-05  7.0124E+03  7.4643E-05  2.2615E-05  7.1845E-06
 4.3739E+25  3.0493E-05  7.0124E+03  7.4643E-05  2.2438E-05  7.1845E-06
 4.3832E+25  3.0718E-05  7.0123E+03  7.4643E-05  2.2264E-05  7.1845E-06
 4.3925E+25  3.1015E-05  7.0123E+03  7.4643E-05  2.2089E-05  7.1845E-06
 4.4017E+25  3.1321E-05  7.0123E+03  7.4643E-05  2.1915E-05  7.1845E-06
 4.4110E+25  3.1170E-05  7.0123E+03  7.4643E-05  2.1737E-05  7.1845E-06
 4.4202E+25  3.1271E-05  7.0122E+03  7.4643E-05  2.1563E-05  7.1845E-06
 4.4295E+25  3.1570E-05  7.0122E+03  7.4643E-05  2.1388E-05  7.1845E-06
 4.4387E+25  3.1878E-05  7.0122E+03  7.4643E-05  2.1214E-05  7.1845E-06
 4.4480E+25  3.1876E-05  7.0122E+03  7.4643E-05  2.1044E-05  7.1845E-06
 4.4573E+25  3.1828E-05  7.0122E+03  7.4643E-05  2.0873E-05  7.1845E-06
 4.4665E+25  3.2130E-05  7.0121E+03  7.4643E-05  2.0705E-05  7.1845E-06
 4.4758E+25  3.2437E-05  7.0121E+03  7.4643E-05  2.0547E-05  7.1845E-06
 4.4850E+25  3.2612E-05  7.0121E+03  7.4643E-05  2.0391E-05  7.1845E-06
 4.4943E+25  3.2386E-05  7.0121E+03  7.4643E-05  2.0236E-05  7.1845E-06
 4.5035E+25  3.2692E-05  7.0120E+03  7.4643E-05  2.0079E-05  7.1845E-06
 4.5128E+25  3.2999E-05  7.0120E+03  7.4643E-05  1.9923E-05  7.1845E-06
 4.5221E+25  3.3309E-05  7.0120E+03  7.4643E-05  1.9767E-05  7.1845E-06
 4.5313E+25  3.3014E-05  7.0120E+03  7.4643E-05  1.9611E-05  7.1845E-06
 4.5406E+25  3.3257E-05  7.0120E+03  7.4643E-05  1.9454E-05  7.1845E-06
 4.5498E+25  3.3565E-05  7.0119E+03  7.4643E-05  1.9301E-05  7.1845E-06
 4.5591E+25  3.3881E-05  7.0119E+03  7.4643E-05  1.9150E-05  7.1845E-06
 4.5683E+25  3.3801E-05  7.0119E+03  7.4643E-05  1.8999E-05  7.1845E-06
 4.5776E+25  3.3823E-05  7.0119E+03  7.4643E-05  1.8852E-05  7.1845E-06
 4.5869E+25  3.4136E-05  7.0119E+03  7.4643E-05  1.8714E-05  7.1845E-06
 4.5961E+25  3.4450E-05  7.0118E+03  7.4643E-05  1.8576E-05  7.1845E-06
 4.6054E+25  3.4619E-05  7.0118E+03  7.4643E-05  1.8436E-05  7.1845E-06
 4.6146E+25  3.4395E-05  7.0118E+03  7.4643E-05  1.8297E-05  7.1845E-06
 4.6239E+25  3.4710E-05  7.0118E+03  7.4643E-05  1.8158E-05  7.1845E-06
 4.6331E+25  3.5025E-05  7.0118E+03  7.4643E-05  1.8019E-05  7.1845E-06
 4.6424E+25  3.5344E-05  7.0117E+03  7.4643E-05  1.7880E-05  7.1845E-06
 4.6517E+25  3.5094E-05  7.0117E+03  7.4643E-05  1.7741E-05  7.1845E-06
 4.6609E+25  3.5285E-05  7.0117E+03  7.4643E-05  1.7604E-05  7.1845E-06
 4.6702E+25  3.5606E-05  7.0117E+03  7.4643E-05  1.7468E-05  7.1845E-06
 4.6794E+25  3.5925E-05  7.0117E+03  7.4643E-05  1.7334E-05  7.1845E-06
 4.6887E+25  3.5969E-05  7.0116E+03  7.4643E-05  1.7208E-05  7.1845E-06
 4.6979E+25  3.5867E-05  7.0116E+03  7.4643E-05  1.7084E-05  7.1845E-06
 4.7072E+25  3.6188E-05  7.0116E+03  7.4643E-05  1.6961E-05  7.1845E-06
 4.7165E+25  3.6511E-05  7.0116E+03  7.4643E-05  1.6837E-05  7.1845E-06
 4.7257E+25  3.6825E-05  7.0116E+03  7.4643E-05  1.6712E-05  7.1845E-06
 4.7350E+25  3.6505E-05  7.0115E+03  7.4643E-05  1.6588E-05  7.1845E-06
 4.7442E+25  3.6773E-05  7.0115E+03  7.4643E-05  1.6464E-05  7.1845E-06
 4.7535E+25  3.7101E-05  7.0115E+03  7.4643E-05  1.6339E-05  7.1845E-06
 4.7627E+25  3.7425E-05  7.0115E+03  7.4643E-05  1.6217E-05  7.1845E-06
 4.7720E+25  3.7433E-05  7.0115E+03  7.4643E-05  1.6095E-05  7.1845E-06
 4.7813E+25  3.7367E-05  7.0115E+03  7.4643E-05  1.5973E-05  7.1845E-06
 4.7905E+25  3.7692E-05  7.0114E+03  7.4643E-05  1.5853E-05  7.1845E-06
 4.7998E+25  3.8023E-05  7.0114E+03  7.4643E-05  1.5740E-05  7.1845E-06
 4.8090E+25  3.8340E-05  7.0114E+03  7.4643E-05  1.5630E-05  7.1845E-06
 4.8183E+25  3.8025E-05  7.0114E+03  7.4643E-05  1.5521E-05  7.1845E-06
 4.8275E+25  3.8290E-05  7.0114E+03  7.4643E-05  1.5409E-05  7.1845E-06
 4.8368E+25  3.8623E-05  7.0114E+03  7.4643E-05  1.5298E-05  7.1845E-06
 4.8461E+25  3.8955E-05  7.0113E+03  7.4643E-05  1.5188E-05  7.1845E-06
 4.8553E+25  3.9016E-05  7.0113E+03  7.4643E-05  1.5077E-05  7.1845E-06
 4.8646E+25  3.8894E-05  7.0113E+03  7.4643E-05  1.4967E-05  7.1845E-06
 4.8738E+25  3.9225E-05  7.0113E+03  7.4643E-05  1.4856E-05  7.1845E-06
 4.8831E+25  3.9564E-05  7.0113E+03  7.4643E-05  1.4747E-05  7.1845E-06
 4.8923E+25  3.9891E-05  7.0113E+03  7.4643E-05  1.4640E-05  7.1845E-06
 4.9016E+25  3.9662E-05  7.0112E+03  7.4643E-05  1.4531E-05  7.1845E-06
 4.9109E+25  3.9837E-05  7.0112E+03  7.4643E-05  1.4428E-05  7.1845E-06
 4.9201E+25  4.0172E-05  7.0112E+03  7.4643E-05  1.4329E-05  7.1845E-06
 4.9294E+25  4.0515E-05  7.0112E+03  7.4643E-05  1.4231E-05  7.1845E-06
 4.9386E+25  4.0729E-05  7.0112E+03  7.4643E-05  1.4133E-05  7.1845E-06
 4.9479E+25  4.0448E-05  7.0112E+03  7.4643E-05  1.4035E-05  7.1845E-06
 4.9571E+25  4.0793E-05  7.0111E+03  7.4643E-05  1.3935E-05  7.1845E-06
 4.9664E+25  4.1132E-05  7.0111E+03  7.4643E-05  1.3837E-05  7.1845E-06
 4.9757E+25  4.1474E-05  7.0111E+03  7.4643E-05  1.3739E-05  7.1845E-06
 4.9849E+25  4.1434E-05  7.0111E+03  7.4643E-05  1.3640E-05  7.1845E-06
 4.9942E+25  4.1413E-05  7.0111E+03  7.4643E-05  1.3542E-05  7.1845E-06
 5.0034E+25  4.1759E-05  7.0111E+03  7.4643E-05  1.3445E-05  7.1845E-06
 5.0127E+25  4.2104E-05  7.0110E+03  7.4643E-05  1.3348E-05  7.1845E-06
 5.0219E+25  4.2437E-05  7.0110E+03  7.4643E-05  1.3253E-05  7.1845E-06
 5.0312E+25  4.2179E-05  7.0110E+03  7.4643E-05  1.3163E-05  7.1845E-06
 5.0405E+25  4.2389E-05  7.0110E+03  7.4643E-05  1.3075E-05  7.1845E-06
 5.0497E+25  4.2739E-05  7.0110E+03  7.4643E-05  1.2988E-05  7.1845E-06
 5.0590E+25  4.3087E-05  7.0110E+03  7.4643E-05  1.2900E-05  7.1845E-06
 5.0682E+25  4.3352E-05  7.0110E+03  7.4643E-05  1.2812E-05  7.1845E-06
 5.0775E+25  4.3019E-05  7.0109E+03  7.4643E-05  1.2724E-05  7.1845E-06
 5.0867E+25  4.3379E-05  7.0109E+03  7.4643E-05  1.2637E-05  7.1845E-06
 5.0960E+25  4.3732E-05  7.0109E+03  7.4643E-05  1.2548E-05  7.1845E-06
 5.1053E+25  4.4081E-05  7.0109E+03  7.4643E-05  1.2461E-05  7.1845E-06
 5.1145E+25  4.4158E-05  7.0109E+03  7.4643E-05  1.2373E-05  7.1845E-06
 5.1238E+25  4.4018E-05  7.0109E+03  7.4643E-05  1.2286E-05  7.1845E-06
 5.1330E+25  4.4383E-05  7.0108E+03  7.4643E-05  1.2201E-05  7.1845E-06
 5.1423E+25  4.4738E-05  7.0108E+03  7.4643E-05  1.2115E-05  7.1845E-06
 5.1515E+25  4.5084E-05  7.0108E+03  7.4643E-05  1.2035E-05  7.1845E-06
 5.1608E+25  4.5003E-05  7.0108E+03  7.4643E-05  1.1957E-05  7.1845E-06
 5.1701E+25  4.5032E-05  7.0108E+03  7.4643E-05  1.1879E-05  7.1845E-06
 5.1793E+25  4.5401E-05  7.0108E+03  7.4643E-05  1.1801E-05  7.1845E-06
 5.1886E+25  4.5759E-05  7.0108E+03  7.4643E-05  1.1722E-05  7.1845E-06
 5.1978E+25  4.6095E-05  7.0107E+03  7.4643E-05  1.1644E-05  7.1845E-06
 5.2071E+25  4.5891E-05  7.0107E+03  7.4643E-05  1.1566E-05  7.1845E-06
 5.2163E+25  4.6061E-05  7.0107E+03  7.4643E-05  1.1488E-05  7.1845E-06
 5.2256E+25  4.6433E-05  7.0107E+03  7.4643E-05  1.1410E-05  7.1845E-06
 5.2349E+25  4.6794E-05  7.0107E+03  7.4643E-05  1.1331E-05  7.1845E-06
 5.2441E+25  4.7111E-05  7.0107E+03  7.4643E-05  1.1254E-05  7.1845E-06
 5.2534E+25  4.6830E-05  7.0107E+03  7.4643E-05  1.1177E-05  7.1845E-06
 5.2626E+25  4.7106E-05  7.0107E+03  7.4643E-05  1.1100E-05  7.1845E-06
 5.2719E+25  4.7482E-05  7.0106E+03  7.4643E-05  1.1027E-05  7.1845E-06
 5.2811E+25  4.7844E-05  7.0106E+03  7.4643E-05  1.0957E-05  7.1845E-06
 5.2904E+25  4.8127E-05  7.0106E+03  7.4643E-05  1.0887E-05  7.1845E-06
 5.2997E+25  4.7823E-05  7.0106E+03  7.4643E-05  1.0819E-05  7.1845E-06
 5.3089E+25  4.8168E-05  7.0106E+03  7.4643E-05  1.0749E-05  7.1845E-06
 5.3182E+25  4.8547E-05  7.0106E+03  7.4643E-05  1.0679E-05  7.1845E-06
 5.3274E+25  4.8910E-05  7.0106E+03  7.4643E-05  1.0609E-05  7.1845E-06
 5.3367E+25  4.9145E-05  7.0105E+03  7.4643E-05  1.0539E-05  7.1845E-06
 5.3459E+25  4.8874E-05  7.0105E+03  7.4643E-05  1.0470E-05  7.1845E-06
 5.3552E+25  4.9248E-05  7.0105E+03  7.4643E-05  1.0400E-05  7.1845E-06
 5.3645E+25  4.9630E-05  7.0105E+03  7.4643E-05  1.0331E-05  7.1845E-06
 5.3737E+25  4.9994E-05  7.0105E+03  7.4643E-05  1.0262E-05  7.1845E-06
 5.3830E+25  5.0179E-05  7.0105E+03  7.4643E-05  1.0193E-05  7.1845E-06
 5.3922E+25  4.9969E-05  7.0105E+03  7.4643E-05  1.0125E-05  7.1845E-06
 5.4015E+25  5.0348E-05  7.0105E+03  7.4643E-05  1.0060E-05  7.1845E-06
 5.4107E+25  5.0731E-05  7.0104E+03  7.4643E-05  9.9979E-06  7.1845E-06
 5.4200E+25  5.1097E-05  7.0104E+03  7.4643E-05  9.9365E-06  7.1845E-06
 5.4292E+25  5.1255E-05  7.0104E+03  7.4643E-05  9.8751E-06  7.1845E-06
 5.4385E+25  5.1084E-05  7.0104E+03  7.4643E-05  9.8133E-06  7.1845E-06
 5.4478E+25  5.1469E-05  7.0104E+03  7.4643E-05  9.7510E-06  7.1845E-06
 5.4570E+25  5.1852E-05  7.0104E+03  7.4643E-05  9.6892E-06  7.1845E-06
 5.4663E+25  5.2220E-05  7.0104E+03  7.4643E-05  9.6275E-06  7.1845E-06
 5.4755E+25  5.2375E-05  7.0103E+03  7.4643E-05  9.5648E-06  7.1845E-06
 5.4848E+25  5.2221E-05  7.0103E+03  7.4643E-05  9.5026E-06  7.1845E-06
 5.4940E+25  5.2612E-05  7.0103E+03  7.4643E-05  9.4409E-06  7.1845E-06
 5.5033E+25  5.2996E-05  7.0103E+03  7.4643E-05  9.3795E-06  7.1845E-06
 5.5126E+25  5.3366E-05  7.0103E+03  7.4643E-05  9.3186E-06  7.1845E-06
 5.5218E+25  5.3537E-05  7.0103E+03  7.4643E-05  9.2569E-06  7.1845E-06
 5.5311E+25  5.3380E-05  7.0103E+03  7.4643E-05  9.1988E-06  7.1845E-06
 5.5403E+25  5.3779E-05  7.0103E+03  7.4643E-05  9.1436E-06  7.1845E-06
 5.5496E+25  5.4164E-05  7.0102E+03  7.4643E-05  9.0878E-06  7.1845E-06
 5.5588E+25  5.4536E-05  7.0102E+03  7.4643E-05  9.0341E-06  7.1845E-06
 5.5681E+25  5.4741E-05  7.0102E+03  7.4643E-05  8.9788E-06  7.1845E-06
 5.5774E+25  5.4566E-05  7.0102E+03  7.4643E-05  8.9236E-06  7.1845E-06
 5.5866E+25  5.4969E-05  7.0102E+03  7.4643E-05  8.8686E-06  7.1845E-06
 5.5959E+25  5.5361E-05  7.0102E+03  7.4643E-05  8.8134E-06  7.1845E-06
 5.6051E+25  5.5732E-05  7.0102E+03  7.4643E-05  8.7583E-06  7.1845E-06
 5.6144E+25  5.5972E-05  7.0102E+03  7.4643E-05  8.7033E-06  7.1845E-06
 5.6236E+25  5.5796E-05  7.0102E+03  7.4643E-05  8.6477E-06  7.1845E-06
 5.6329E+25  5.6186E-05  7.0101E+03  7.4643E-05  8.5924E-06  7.1845E-06
 5.6422E+25  5.6583E-05  7.0101E+03  7.4643E-05  8.5380E-06  7.1845E-06
 5.6514E+25  5.6957E-05  7.0101E+03  7.4643E-05  8.4833E-06  7.1845E-06
 5.6607E+25  5.7228E-05  7.0101E+03  7.4643E-05  8.4295E-06  7.1845E-06
 5.6699E+25  5.7074E-05  7.0101E+03  7.4643E-05  8.3791E-06  7.1845E-06
 5.6792E+25  5.7430E-05  7.0101E+03  7.4643E-05  8.3297E-06  7.1845E-06
 5.6884E+25  5.7836E-05  7.0101E+03  7.4643E-05  8.2813E-06  7.1845E-06
 5.6977E+25  5.8214E-05  7.0101E+03  7.4643E-05  8.2326E-06  7.1845E-06
 5.7070E+25  5.8510E-05  7.0100E+03  7.4643E-05  8.1835E-06  7.1845E-06
 5.7162E+25  5.8401E-05  7.0100E+03  7.4643E-05  8.1347E-06  7.1845E-06
 5.7255E+25  5.8708E-05  7.0100E+03  7.4643E-05  8.0854E-06  7.1845E-06
 5.7347E+25  5.9118E-05  7.0100E+03  7.4643E-05  8.0365E-06  7.1845E-06
 5.7440E+25  5.9505E-05  7.0100E+03  7.4643E-05  7.9875E-06  7.1845E-06
 5.7532E+25  5.9820E-05  7.0100E+03  7.4643E-05  7.9382E-06  7.1845E-06
 5.7625E+25  5.9775E-05  7.0100E+03  7.4643E-05  7.8893E-06  7.1845E-06
 5.7718E+25  6.0019E-05  7.0100E+03  7.4643E-05  7.8404E-06  7.1845E-06
 5.7810E+25  6.0434E-05  7.0099E+03  7.4643E-05  7.7913E-06  7.1845E-06
 5.7903E+25  6.0831E-05  7.0099E+03  7.4643E-05  7.7426E-06  7.1845E-06
 5.7995E+25  6.1163E-05  7.0099E+03  7.4643E-05  7.6946E-06  7.1845E-06
 5.8088E+25  6.1199E-05  7.0099E+03  7.4643E-05  7.6498E-06  7.1845E-06
 5.8180E+25  6.1367E-05  7.0099E+03  7.4643E-05  7.6060E-06  7.1845E-06
 5.8273E+25  6.1786E-05  7.0099E+03  7.4643E-05  7.5624E-06  7.1845E-06
 5.8366E+25  6.2192E-05  7.0099E+03  7.4643E-05  7.5197E-06  7.1845E-06
 5.8458E+25  6.2545E-05  7.0099E+03  7.4643E-05  7.4762E-06  7.1845E-06
 5.8551E+25  6.2673E-05  7.0098E+03  7.4643E-05  7.4321E-06  7.1845E-06
 5.8643E+25  6.2750E-05  7.0098E+03  7.4643E-05  7.3888E-06  7.1845E-06
 5.8736E+25  6.3178E-05  7.0098E+03  7.4643E-05  7.3451E-06  7.1845E-06
 5.8828E+25  6.3591E-05  7.0098E+03  7.4643E-05  7.3015E-06  7.1845E-06
 5.8921E+25  6.3964E-05  7.0098E+03  7.4643E-05  7.2579E-06  7.1845E-06
 5.9014E+25  6.4184E-05  7.0098E+03  7.4643E-05  7.2141E-06  7.1845E-06
 5.9106E+25  6.4188E-05  7.0098E+03  7.4643E-05  7.1705E-06  7.1845E-06
 5.9199E+25  6.4612E-05  7.0098E+03  7.4643E-05  7.1272E-06  7.1845E-06
 5.9291E+25  6.5030E-05  7.0098E+03  7.4643E-05  7.0839E-06  7.1845E-06
 5.9384E+25  6.5419E-05  7.0097E+03  7.4643E-05  7.0401E-06  7.1845E-06
 5.9476E+25  6.5704E-05  7.0097E+03  7.4643E-05  6.9991E-06  7.1845E-06
 5.9569E+25  6.5718E-05  7.0097E+03  7.4643E-05  6.9601E-06  7.1845E-06
 5.9662E+25  6.6086E-05  7.0097E+03  7.4643E-05  6.9211E-06  7.1845E-06
 5.9754E+25  6.6517E-05  7.0097E+03  7.4643E-05  6.8831E-06  7.1845E-06
 5.9847E+25  6.6917E-05  7.0097E+03  7.4643E-05  6.8443E-06  7.1845E-06
 5.9939E+25  6.7248E-05  7.0097E+03  7.4643E-05  6.8057E-06  7.1845E-06
 6.0032E+25  6.7323E-05  7.0097E+03  7.4643E-05  6.7671E-06  7.1845E-06
 6.0124E+25  6.7605E-05  7.0096E+03  7.4643E-05  6.7279E-06  7.1845E-06
 6.0217E+25  6.8050E-05  7.0096E+03  7.4643E-05  6.6893E-06  7.1845E-06
 6.0310E+25  6.8464E-05  7.0096E+03  7.4643E-05  6.6507E-06  7.1845E-06
 6.0402E+25  6.8824E-05  7.0096E+03  7.4643E-05  6.6115E-06  7.1845E-06
 6.0495E+25  6.8999E-05  7.0096E+03  7.4643E-05  6.5728E-06  7.1845E-06
 6.0587E+25  6.9175E-05  7.0096E+03  7.4643E-05  6.5340E-06  7.1845E-06
 6.0680E+25  6.9629E-05  7.0096E+03  7.4643E-05  6.4953E-06  7.1845E-06
 6.0772E+25  7.0061E-05  7.0096E+03  7.4643E-05  6.4567E-06  7.1845E-06
 6.0865E+25  7.0443E-05  7.0096E+03  7.4643E-05  6.4183E-06  7.1845E-06
 6.0958E+25  7.0713E-05  7.0095E+03  7.4643E-05  6.3824E-06  7.1845E-06
 6.1050E+25  7.0824E-05  7.0095E+03  7.4643E-05  6.3470E-06  7.1845E-06
 6.1143E+25  7.1261E-05  7.0095E+03  7.4643E-05  6.3126E-06  7.1845E-06
 6.1235E+25  7.1707E-05  7.0095E+03  7.4643E-05  6.2789E-06  7.1845E-06
 6.1328E+25  7.2115E-05  7.0095E+03  7.4643E-05  6.2445E-06  7.1845E-06
 6.1420E+25  7.2438E-05  7.0095E+03  7.4643E-05  6.2102E-06  7.1845E-06
 6.1513E+25  7.2576E-05  7.0095E+03  7.4643E-05  6.1755E-06  7.1845E-06
 6.1606E+25  7.2950E-05  7.0095E+03  7.4643E-05  6.1413E-06  7.1845E-06
 6.1698E+25  7.3408E-05  7.0094E+03  7.4643E-05  6.1069E-06  7.1845E-06
 6.1791E+25  7.3839E-05  7.0094E+03  7.4643E-05  6.0720E-06  7.1845E-06
 6.1883E+25  7.4202E-05  7.0094E+03  7.4643E-05  6.0378E-06  7.1845E-06
 6.1976E+25  7.4412E-05  7.0094E+03  7.4643E-05  6.0029E-06  7.1845E-06
 6.2068E+25  7.4698E-05  7.0094E+03  7.4643E-05  5.9685E-06  7.1845E-06
 6.2161E+25  7.5169E-05  7.0094E+03  7.4643E-05  5.9341E-06  7.1845E-06
 6.2254E+25  7.5615E-05  7.0094E+03  7.4643E-05  5.8997E-06  7.1845E-06
 6.2346E+25  7.6017E-05  7.0094E+03  7.4643E-05  5.8651E-06  7.1845E-06
 6.2439E+25  7.6307E-05  7.0093E+03  7.4643E-05  5.8325E-06  7.1845E-06
 6.2531E+25  7.6522E-05  7.0093E+03  7.4643E-05  5.8015E-06  7.1845E-06
 6.2624E+25  7.6992E-05  7.0093E+03  7.4643E-05  5.7706E-06  7.1845E-06
 6.2716E+25  7.7456E-05  7.0093E+03  7.4643E-05  5.7401E-06  7.1845E-06
 6.2809E+25  7.7882E-05  7.0093E+03  7.4643E-05  5.7100E-06  7.1845E-06
 6.2902E+25  7.8237E-05  7.0093E+03  7.4643E-05  5.6795E-06  7.1845E-06
 6.2994E+25  7.8452E-05  7.0093E+03  7.4643E-05  5.6487E-06  7.1845E-06
 6.3087E+25  7.8880E-05  7.0093E+03  7.4643E-05  5.6182E-06  7.1845E-06
 6.3179E+25  7.9358E-05  7.0093E+03  7.4643E-05  5.5874E-06  7.1845E-06
 6.3272E+25  7.9810E-05  7.0092E+03  7.4643E-05  5.5569E-06  7.1845E-06
 6.3364E+25  8.0205E-05  7.0092E+03  7.4643E-05  5.5264E-06  7.1845E-06
 6.3457E+25  8.0483E-05  7.0092E+03  7.4643E-05  5.4952E-06  7.1845E-06
 6.3550E+25  8.0833E-05  7.0092E+03  7.4643E-05  5.4646E-06  7.1845E-06
 6.3642E+25  8.1333E-05  7.0092E+03  7.4643E-05  5.4340E-06  7.1845E-06
 6.3735E+25  8.1803E-05  7.0092E+03  7.4643E-05  5.4031E-06  7.1845E-06
 6.3827E+25  8.2233E-05  7.0092E+03  7.4643E-05  5.3726E-06  7.1845E-06
 6.3920E+25  8.2579E-05  7.0092E+03  7.4643E-05  5.3421E-06  7.1845E-06
 6.4012E+25  8.2875E-05  7.0091E+03  7.4643E-05  5.3136E-06  7.1845E-06
 6.4105E+25  8.3373E-05  7.0091E+03  7.4643E-05  5.2860E-06  7.1845E-06
 6.4198E+25  8.3867E-05  7.0091E+03  7.4643E-05  5.2586E-06  7.1845E-06
 6.4290E+25  8.4323E-05  7.0091E+03  7.4643E-05  5.2320E-06  7.1845E-06
 6.4383E+25  8.4722E-05  7.0091E+03  7.4643E-05  5.2051E-06  7.1845E-06
 6.4475E+25  8.5029E-05  7.0091E+03  7.4643E-05  5.1777E-06  7.1845E-06
 6.4568E+25  8.5490E-05  7.0091E+03  7.4643E-05  5.1505E-06  7.1845E-06
 6.4660E+25  8.6000E-05  7.0091E+03  7.4643E-05  5.1234E-06  7.1845E-06
 6.4753E+25  8.6486E-05  7.0090E+03  7.4643E-05  5.0961E-06  7.1845E-06
 6.4846E+25  8.6924E-05  7.0090E+03  7.4643E-05  5.0689E-06  7.1845E-06
 6.4938E+25  8.7276E-05  7.0090E+03  7.4643E-05  5.0416E-06  7.1845E-06
 6.5031E+25  8.7680E-05  7.0090E+03  7.4643E-05  5.0143E-06  7.1845E-06
 6.5123E+25  8.8213E-05  7.0090E+03  7.4643E-05  4.9869E-06  7.1845E-06
 6.5216E+25  8.8719E-05  7.0090E+03  7.4643E-05  4.9594E-06  7.1845E-06
 6.5308E+25  8.9193E-05  7.0090E+03  7.4643E-05  4.9323E-06  7.1845E-06
 6.5401E+25  8.9602E-05  7.0089E+03  7.4643E-05  4.9049E-06  7.1845E-06
 6.5494E+25  8.9974E-05  7.0089E+03  7.4643E-05  4.8776E-06  7.1845E-06
 6.5586E+25  9.0502E-05  7.0089E+03  7.4643E-05  4.8520E-06  7.1845E-06
 6.5679E+25  9.1032E-05  7.0089E+03  7.4643E-05  4.8273E-06  7.1845E-06
 6.5771E+25  9.1534E-05  7.0089E+03  7.4643E-05  4.8027E-06  7.1845E-06
 6.5864E+25  9.1990E-05  7.0089E+03  7.4643E-05  4.7789E-06  7.1845E-06
 6.5956E+25  9.2371E-05  7.0089E+03  7.4643E-05  4.7554E-06  7.1845E-06
 6.6049E+25  9.2876E-05  7.0089E+03  7.4643E-05  4.7313E-06  7.1845E-06
 6.6142E+25  9.3426E-05  7.0088E+03  7.4643E-05  4.7072E-06  7.1845E-06
 6.6234E+25  9.3953E-05  7.0088E+03  7.4643E-05  4.6827E-06  7.1845E-06
 6.6327E+25  9.4442E-05  7.0088E+03  7.4643E-05  4.6587E-06  7.1845E-06
 6.6419E+25  9.4876E-05  7.0088E+03  7.4643E-05  4.6346E-06  7.1845E-06
 6.6512E+25  9.5334E-05  7.0088E+03  7.4643E-05  4.6103E-06  7.1845E-06
 6.6604E+25  9.5903E-05  7.0088E+03  7.4643E-05  4.5860E-06  7.1845E-06
 6.6697E+25  9.6452E-05  7.0088E+03  7.4643E-05  4.5616E-06  7.1845E-06
 6.6789E+25  9.6978E-05  7.0087E+03  7.4643E-05  4.5374E-06  7.1845E-06
 6.6882E+25  9.7454E-05  7.0087E+03  7.4643E-05  4.5132E-06  7.1845E-06
 6.6975E+25  9.7899E-05  7.0087E+03  7.4643E-05  4.4885E-06  7.1845E-06
 6.7067E+25  9.8468E-05  7.0087E+03  7.4643E-05  4.4644E-06  7.1845E-06
 6.7160E+25  9.9040E-05  7.0087E+03  7.4643E-05  4.4404E-06  7.1845E-06
 6.7252E+25  9.9586E-05  7.0087E+03  7.4643E-05  4.4180E-06  7.1845E-06
 6.7345E+25  1.0011E-04  7.0087E+03  7.4643E-05  4.3961E-06  7.1845E-06
 6.7437E+25  1.0057E-04  7.0087E+03  7.4643E-05  4.3744E-06  7.1845E-06
 6.7530E+25  1.0112E-04  7.0086E+03  7.4643E-05  4.3534E-06  7.1845E-06
 6.7623E+25  1.0172E-04  7.0086E+03  7.4643E-05  4.3323E-06  7.1845E-06
 6.7715E+25  1.0229E-04  7.0086E+03  7.4643E-05  4.3110E-06  7.1845E-06
 6.7808E+25  1.0284E-04  7.0086E+03  7.4643E-05  4.2895E-06  7.1845E-06
 6.7900E+25  1.0334E-04  7.0086E+03  7.4643E-05  4.2681E-06  7.1845E-06
 6.7993E+25  1.0387E-04  7.0086E+03  7.4643E-05  4.2467E-06  7.1845E-06
 6.8085E+25  1.0448E-04  7.0086E+03  7.4643E-05  4.2251E-06  7.1845E-06
 6.8178E+25  1.0508E-04  7.0085E+03  7.4643E-05  4.2036E-06  7.1845E-06
 6.8271E+25  1.0565E-04  7.0085E+03  7.4643E-05  4.1821E-06  7.1845E-06
 6.8363E+25  1.0620E-04  7.0085E+03  7.4643E-05  4.1604E-06  7.1845E-06
 6.8456E+25  1.0672E-04  7.0085E+03  7.4643E-05  4.1386E-06  7.1845E-06
 6.8548E+25  1.0734E-04  7.0085E+03  7.4643E-05  4.1171E-06  7.1845E-06
 6.8641E+25  1.0796E-04  7.0085E+03  7.4643E-05  4.0956E-06  7.1845E-06
 6.8733E+25  1.0856E-04  7.0085E+03  7.4643E-05  4.0738E-06  7.1845E-06
 6.8826E+25  1.0913E-04  7.0084E+03  7.4643E-05  4.0522E-06  7.1845E-06
 6.8919E+25  1.0967E-04  7.0084E+03  7.4643E-05  4.0323E-06  7.1845E-06
 6.9011E+25  1.1028E-04  7.0084E+03  7.4643E-05  4.0126E-06  7.1845E-06
 6.9104E+25  1.1093E-04  7.0084E+03  7.4643E-05  3.9931E-06  7.1845E-06
 6.9196E+25  1.1156E-04  7.0084E+03  7.4643E-05  3.9745E-06  7.1845E-06
 6.9289E+25  1.1216E-04  7.0084E+03  7.4643E-05  3.9559E-06  7.1845E-06
 6.9381E+25  1.1273E-04  7.0084E+03  7.4643E-05  3.9370E-06  7.1845E-06
 6.9474E+25  1.1333E-04  7.0083E+03  7.4643E-05  3.9179E-06  7.1845E-06
 6.9567E+25  1.1399E-04  7.0083E+03  7.4643E-05  3.8990E-06  7.1845E-06
 6.9659E+25  1.1464E-04  7.0083E+03  7.4643E-05  3.8800E-06  7.1845E-06
 6.9752E+25  1.1527E-04  7.0083E+03  7.4643E-05  3.8610E-06  7.1845E-06
 6.9844E+25  1.1588E-04  7.0083E+03  7.4643E-05  3.8420E-06  7.1845E-06
 6.9937E+25  1.1648E-04  7.0083E+03  7.4643E-05  3.8227E-06  7.1845E-06
 7.0029E+25  1.1715E-04  7.0082E+03  7.4643E-05  3.8034E-06  7.1845E-06
 7.0122E+25  1.1782E-04  7.0082E+03  7.4643E-05  3.7842E-06  7.1845E-06
 7.0215E+25  1.1847E-04  7.0082E+03  7.4643E-05  3.7650E-06  7.1845E-06
 7.0307E+25  1.1910E-04  7.0082E+03  7.4643E-05  3.7457E-06  7.1845E-06
 7.0400E+25  1.1972E-04  7.0082E+03  7.4643E-05  3.7264E-06  7.1845E-06
 7.0492E+25  1.2039E-04  7.0082E+03  7.4643E-05  3.7072E-06  7.1845E-06
 7.0585E+25  1.2109E-04  7.0082E+03  7.4643E-05  3.6885E-06  7.1845E-06
 7.0677E+25  1.2177E-04  7.0081E+03  7.4643E-05  3.6707E-06  7.1845E-06
 7.0770E+25  1.2243E-04  7.0081E+03  7.4643E-05  3.6534E-06  7.1845E-06
 7.0863E+25  1.2307E-04  7.0081E+03  7.4643E-05  3.6361E-06  7.1845E-06
 7.0955E+25  1.2373E-04  7.0081E+03  7.4643E-05  3.6197E-06  7.1845E-06
 7.1048E+25  1.2444E-04  7.0081E+03  7.4643E-05  3.6031E-06  7.1845E-06
 7.1140E+25  1.2514E-04  7.0081E+03  7.4643E-05  3.5864E-06  7.1845E-06
 7.1233E+25  1.2583E-04  7.0080E+03  7.4643E-05  3.5694E-06  7.1845E-06
 7.1325E+25  1.2650E-04  7.0080E+03  7.4643E-05  3.5526E-06  7.1845E-06
 7.1418E+25  1.2717E-04  7.0080E+03  7.4643E-05  3.5357E-06  7.1845E-06
 7.1511E+25  1.2790E-04  7.0080E+03  7.4643E-05  3.5189E-06  7.1845E-06
 7.1603E+25  1.2862E-04  7.0080E+03  7.4643E-05  3.5020E-06  7.1845E-06
 7.1696E+25  1.2932E-04  7.0080E+03  7.4643E-05  3.4851E-06  7.1845E-06
 7.1788E+25  1.3002E-04  7.0079E+03  7.4643E-05  3.4679E-06  7.1845E-06
 7.1881E+25  1.3070E-04  7.0079E+03  7.4643E-05  3.4507E-06  7.1845E-06
 7.1973E+25  1.3144E-04  7.0079E+03  7.4643E-05  3.4337E-06  7.1845E-06
 7.2066E+25  1.3218E-04  7.0079E+03  7.4643E-05  3.4167E-06  7.1845E-06
 7.2159E+25  1.3291E-04  7.0079E+03  7.4643E-05  3.3994E-06  7.1845E-06
 7.2251E+25  1.3362E-04  7.0079E+03  7.4643E-05  3.3822E-06  7.1845E-06
 7.2344E+25  1.3433E-04  7.0078E+03  7.4643E-05  3.3653E-06  7.1845E-06
 7.2436E+25  1.3506E-04  7.0078E+03  7.4643E-05  3.3497E-06  7.1845E-06
 7.2529E+25  1.3582E-04  7.0078E+03  7.4643E-05  3.3341E-06  7.1845E-06
 7.2621E+25  1.3657E-04  7.0078E+03  7.4643E-05  3.3184E-06  7.1845E-06
 7.2714E+25  1.3730E-04  7.0078E+03  7.4643E-05  3.3039E-06  7.1845E-06
 7.2807E+25  1.3803E-04  7.0078E+03  7.4643E-05  3.2893E-06  7.1845E-06
 7.2899E+25  1.3877E-04  7.0077E+03  7.4643E-05  3.2744E-06  7.1845E-06
 7.2992E+25  1.3955E-04  7.0077E+03  7.4643E-05  3.2594E-06  7.1845E-06
 7.3084E+25  1.4032E-04  7.0077E+03  7.4643E-05  3.2445E-06  7.1845E-06
 7.3177E+25  1.4108E-04  7.0077E+03  7.4643E-05  3.2296E-06  7.1845E-06
 7.3269E+25  1.4183E-04  7.0077E+03  7.4643E-05  3.2146E-06  7.1845E-06
 7.3362E+25  1.4257E-04  7.0077E+03  7.4643E-05  3.1996E-06  7.1845E-06
 7.3455E+25  1.4336E-04  7.0076E+03  7.4643E-05  3.1846E-06  7.1845E-06
 7.3547E+25  1.4414E-04  7.0076E+03  7.4643E-05  3.1695E-06  7.1845E-06
 7.3640E+25  1.4492E-04  7.0076E+03  7.4643E-05  3.1544E-06  7.1845E-06
 7.3732E+25  1.4569E-04  7.0076E+03  7.4643E-05  3.1392E-06  7.1845E-06
 7.3825E+25  1.4645E-04  7.0076E+03  7.4643E-05  3.1239E-06  7.1845E-06
 7.3917E+25  1.4724E-04  7.0076E+03  7.4643E-05  3.1087E-06  7.1845E-06
 7.4010E+25  1.4805E-04  7.0075E+03  7.4643E-05  3.0935E-06  7.1845E-06
 7.4103E+25  1.4884E-04  7.0075E+03  7.4643E-05  3.0782E-06  7.1845E-06
 7.4195E+25  1.4962E-04  7.0075E+03  7.4643E-05  3.0634E-06  7.1845E-06
 7.4288E+25  1.5040E-04  7.0075E+03  7.4643E-05  3.0494E-06  7.1845E-06
 7.4380E+25  1.5119E-04  7.0075E+03  7.4643E-05  3.0356E-06  7.1845E-06
 7.4473E+25  1.5201E-04  7.0074E+03  7.4643E-05  3.0221E-06  7.1845E-06
 7.4565E+25  1.5282E-04  7.0074E+03  7.4643E-05  3.0089E-06  7.1845E-06
 7.4658E+25  1.5363E-04  7.0074E+03  7.4643E-05  2.9960E-06  7.1845E-06
 7.4751E+25  1.5443E-04  7.0074E+03  7.4643E-05  2.9828E-06  7.1845E-06
 7.4843E+25  1.5523E-04  7.0074E+03  7.4643E-05  2.9696E-06  7.1845E-06
 7.4936E+25  1.5605E-04  7.0074E+03  7.4643E-05  2.9563E-06  7.1845E-06
 7.5028E+25  1.5688E-04  7.0073E+03  7.4643E-05  2.9431E-06  7.1845E-06
 7.5121E+25  1.5770E-04  7.0073E+03  7.4643E-05  2.9297E-06  7.1845E-06
 7.5213E+25  1.5851E-04  7.0073E+03  7.4643E-05  2.9165E-06  7.1845E-06
 7.5306E+25  1.5932E-04  7.0073E+03  7.4643E-05  2.9032E-06  7.1845E-06
 7.5399E+25  1.6015E-04  7.0073E+03  7.4643E-05  2.8897E-06  7.1845E-06
 7.5491E+25  1.6099E-04  7.0072E+03  7.4643E-05  2.8763E-06  7.1845E-06
 7.5584E+25  1.6182E-04  7.0072E+03  7.4643E-05  2.8628E-06  7.1845E-06
 7.5676E+25  1.6265E-04  7.0072E+03  7.4643E-05  2.8494E-06  7.1845E-06
 7.5769E+25  1.6348E-04  7.0072E+03  7.4643E-05  2.8359E-06  7.1845E-06
 7.5861E+25  1.6432E-04  7.0072E+03  7.4643E-05  2.8223E-06  7.1845E-06
 7.5954E+25  1.6516E-04  7.0072E+03  7.4643E-05  2.8087E-06  7.1845E-06
 7.6047E+25  1.6600E-04  7.0071E+03  7.4643E-05  2.7953E-06  7.1845E-06
 7.6139E+25  1.6685E-04  7.0071E+03  7.4643E-05  2.7828E-06  7.1845E-06
 7.6232E+25  1.6768E-04  7.0071E+03  7.4643E-05  2.7704E-06  7.1845E-06
 7.6324E+25  1.6852E-04  7.0071E+03  7.4643E-05  2.7580E-06  7.1845E-06
 7.6417E+25  1.6938E-04  7.0071E+03  7.4643E-05  2.7465E-06  7.1845E-06
 7.6509E+25  1.7023E-04  7.0070E+03  7.4643E-05  2.7352E-06  7.1845E-06
 7.6602E+25  1.7109E-04  7.0070E+03  7.4643E-05  2.7234E-06  7.1845E-06
 7.6695E+25  1.7194E-04  7.0070E+03  7.4643E-05  2.7116E-06  7.1845E-06
 7.6787E+25  1.7279E-04  7.0070E+03  7.4643E-05  2.6999E-06  7.1845E-06
 7.6880E+25  1.7365E-04  7.0070E+03  7.4643E-05  2.6882E-06  7.1845E-06
 7.6972E+25  1.7451E-04  7.0069E+03  7.4643E-05  2.6763E-06  7.1845E-06
 7.7065E+25  1.7537E-04  7.0069E+03  7.4643E-05  2.6647E-06  7.1845E-06
 7.7157E+25  1.7622E-04  7.0069E+03  7.4643E-05  2.6528E-06  7.1845E-06
 7.7250E+25  1.7708E-04  7.0069E+03  7.4643E-05  2.6410E-06  7.1845E-06
 7.7343E+25  1.7795E-04  7.0069E+03  7.4643E-05  2.6290E-06  7.1845E-06
 7.7435E+25  1.7882E-04  7.0068E+03  7.4643E-05  2.6171E-06  7.1845E-06
 7.7528E+25  1.7969E-04  7.0068E+03  7.4643E-05  2.6051E-06  7.1845E-06
 7.7620E+25  1.8056E-04  7.0068E+03  7.4643E-05  2.5931E-06  7.1845E-06
 7.7713E+25  1.8142E-04  7.0068E+03  7.4643E-05  2.5812E-06  7.1845E-06
 7.7805E+25  1.8229E-04  7.0068E+03  7.4643E-05  2.5691E-06  7.1845E-06
 7.7898E+25  1.8317E-04  7.0068E+03  7.4643E-05  2.5571E-06  7.1845E-06
 7.7991E+25  1.8404E-04  7.0067E+03  7.4643E-05  2.5452E-06  7.1845E-06
 7.8083E+25  1.8491E-04  7.0067E+03  7.4643E-05  2.5342E-06  7.1845E-06
 7.8176E+25  1.8577E-04  7.0067E+03  7.4643E-05  2.5232E-06  7.1845E-06
 7.8268E+25  1.8666E-04  7.0067E+03  7.4643E-05  2.5122E-06  7.1845E-06
 7.8361E+25  1.8753E-04  7.0067E+03  7.4643E-05  2.5018E-06  7.1845E-06
 7.8453E+25  1.8840E-04  7.0066E+03  7.4643E-05  2.4917E-06  7.1845E-06
 7.8546E+25  1.8929E-04  7.0066E+03  7.4643E-05  2.4815E-06  7.1845E-06
 7.8638E+25  1.9016E-04  7.0066E+03  7.4643E-05  2.4711E-06  7.1845E-06
 7.8731E+25  1.9103E-04  7.0066E+03  7.4643E-05  2.4606E-06  7.1845E-06
 7.8824E+25  1.9192E-04  7.0066E+03  7.4643E-05  2.4502E-06  7.1845E-06
 7.8916E+25  1.9281E-04  7.0065E+03  7.4643E-05  2.4398E-06  7.1845E-06
 7.9009E+25  1.9368E-04  7.0065E+03  7.4643E-05  2.4294E-06  7.1845E-06
 7.9101E+25  1.9455E-04  7.0065E+03  7.4643E-05  2.4189E-06  7.1845E-06
 7.9194E+25  1.9544E-04  7.0065E+03  7.4643E-05  2.4085E-06  7.1845E-06
 7.9286E+25  1.9632E-04  7.0065E+03  7.4643E-05  2.3978E-06  7.1845E-06
 7.9379E+25  1.9719E-04  7.0064E+03  7.4643E-05  2.3872E-06  7.1845E-06
 7.9472E+25  1.9807E-04  7.0064E+03  7.4643E-05  2.3766E-06  7.1845E-06
 7.9564E+25  1.9896E-04  7.0064E+03  7.4643E-05  2.3659E-06  7.1845E-06
 7.9657E+25  1.9983E-04  7.0064E+03  7.4643E-05  2.3553E-06  7.1845E-06
 7.9749E+25  2.0071E-04  7.0064E+03  7.4643E-05  2.3446E-06  7.1845E-06
 7.9842E+25  2.0160E-04  7.0063E+03  7.4643E-05  2.3339E-06  7.1845E-06
 7.9934E+25  2.0249E-04  7.0063E+03  7.4643E-05  2.3232E-06  7.1845E-06
 8.0027E+25  2.0336E-04  7.0063E+03  7.4643E-05  2.3133E-06  7.1845E-06
 8.0120E+25  2.0424E-04  7.0063E+03  7.4643E-05  2.3033E-06  7.1845E-06
 8.0212E+25  2.0512E-04  7.0063E+03  7.4643E-05  2.2935E-06  7.1845E-06
 8.0305E+25  2.0600E-04  7.0062E+03  7.4643E-05  2.2841E-06  7.1845E-06
 8.0397E+25  2.0688E-04  7.0062E+03  7.4643E-05  2.2752E-06  7.1845E-06
 8.0490E+25  2.0775E-04  7.0062E+03  7.4643E-05  2.2660E-06  7.1845E-06
 8.0582E+25  2.0863E-04  7.0062E+03  7.4643E-05  2.2568E-06  7.1845E-06
 8.0675E+25  2.0952E-04  7.0062E+03  7.4643E-05  2.2477E-06  7.1845E-06
 8.0768E+25  2.1039E-04  7.0061E+03  7.4643E-05  2.2385E-06  7.1845E-06
 8.0860E+25  2.1126E-04  7.0061E+03  7.4643E-05  2.2292E-06  7.1845E-06
 8.0953E+25  2.1214E-04  7.0061E+03  7.4643E-05  2.2199E-06  7.1845E-06
 8.1045E+25  2.1302E-04  7.0061E+03  7.4643E-05  2.2107E-06  7.1845E-06
 8.1138E+25  2.1389E-04  7.0061E+03  7.4643E-05  2.2015E-06  7.1845E-06
 8.1230E+25  2.1477E-04  7.0060E+03  7.4643E-05  2.1921E-06  7.1845E-06
 8.1323E+25  2.1563E-04  7.0060E+03  7.4643E-05  2.1828E-06  7.1845E-06
 8.1416E+25  2.1652E-04  7.0060E+03  7.4643E-05  2.1732E-06  7.1845E-06
 8.1508E+25  2.1737E-04  7.0060E+03  7.4643E-05  2.1639E-06  7.1845E-06
 8.1601E+25  2.1825E-04  7.0060E+03  7.4643E-05  2.1544E-06  7.1845E-06
 8.1693E+25  2.1911E-04  7.0059E+03  7.4643E-05  2.1449E-06  7.1845E-06
 8.1786E+25  2.1999E-04  7.0059E+03  7.4643E-05  2.1354E-06  7.1845E-06
 8.1878E+25  2.2084E-04  7.0059E+03  7.4643E-05  2.1259E-06  7.1845E-06
 8.1971E+25  2.2171E-04  7.0059E+03  7.4643E-05  2.1164E-06  7.1845E-06
 8.2064E+25  2.2257E-04  7.0059E+03  7.4643E-05  2.1075E-06  7.1845E-06
 8.2156E+25  2.2344E-04  7.0058E+03  7.4643E-05  2.0988E-06  7.1845E-06
 8.2249E+25  2.2431E-04  7.0058E+03  7.4643E-05  2.0901E-06  7.1845E-06
 8.2341E+25  2.2516E-04  7.0058E+03  7.4643E-05  2.0814E-06  7.1845E-06
 8.2434E+25  2.2602E-04  7.0058E+03  7.4643E-05  2.0735E-06  7.1845E-06
 8.2526E+25  2.2687E-04  7.0058E+03  7.4643E-05  2.0656E-06  7.1845E-06
 8.2619E+25  2.2774E-04  7.0057E+03  7.4643E-05  2.0575E-06  7.1845E-06
 8.2712E+25  2.2859E-04  7.0057E+03  7.4643E-05  2.0492E-06  7.1845E-06
 8.2804E+25  2.2944E-04  7.0057E+03  7.4643E-05  2.0410E-06  7.1845E-06
 8.2897E+25  2.3028E-04  7.0057E+03  7.4643E-05  2.0329E-06  7.1845E-06
 8.2989E+25  2.3113E-04  7.0057E+03  7.4643E-05  2.0248E-06  7.1845E-06
 8.3082E+25  2.3199E-04  7.0056E+03  7.4643E-05  2.0166E-06  7.1845E-06
 8.3174E+25  2.3282E-04  7.0056E+03  7.4643E-05  2.0083E-06  7.1845E-06
 8.3267E+25  2.3367E-04  7.0056E+03  7.4643E-05  2.0001E-06  7.1845E-06
 8.3360E+25  2.3451E-04  7.0056E+03  7.4643E-05  1.9919E-06  7.1845E-06
 8.3452E+25  2.3535E-04  7.0056E+03  7.4643E-05  1.9834E-06  7.1845E-06
 8.3545E+25  2.3619E-04  7.0055E+03  7.4643E-05  1.9751E-06  7.1845E-06
 8.3637E+25  2.3702E-04  7.0055E+03  7.4643E-05  1.9666E-06  7.1845E-06
 8.3730E+25  2.3787E-04  7.0055E+03  7.4643E-05  1.9583E-06  7.1845E-06
 8.3822E+25  2.3870E-04  7.0055E+03  7.4643E-05  1.9499E-06  7.1845E-06
 8.3915E+25  2.3953E-04  7.0055E+03  7.4643E-05  1.9414E-06  7.1845E-06
 8.4008E+25  2.4035E-04  7.0054E+03  7.4643E-05  1.9329E-06  7.1845E-06
 8.4100E+25  2.4117E-04  7.0054E+03  7.4643E-05  1.9246E-06  7.1845E-06
 8.4193E+25  2.4200E-04  7.0054E+03  7.4643E-05  1.9168E-06  7.1845E-06
 8.4285E+25  2.4283E-04  7.0054E+03  7.4643E-05  1.9091E-06  7.1845E-06
 8.4378E+25  2.4365E-04  7.0054E+03  7.4643E-05  1.9012E-06  7.1845E-06
 8.4470E+25  2.4445E-04  7.0053E+03  7.4643E-05  1.8939E-06  7.1845E-06
 8.4563E+25  2.4526E-04  7.0053E+03  7.4643E-05  1.8869E-06  7.1845E-06
 8.4656E+25  2.4608E-04  7.0053E+03  7.4643E-05  1.8798E-06  7.1845E-06
 8.4748E+25  2.4689E-04  7.0053E+03  7.4643E-05  1.8726E-06  7.1845E-06
 8.4841E+25  2.4771E-04  7.0053E+03  7.4643E-05  1.8654E-06  7.1845E-06
 8.4933E+25  2.4850E-04  7.0052E+03  7.4643E-05  1.8581E-06  7.1845E-06
 8.5026E+25  2.4930E-04  7.0052E+03  7.4643E-05  1.8508E-06  7.1845E-06
 8.5118E+25  2.5011E-04  7.0052E+03  7.4643E-05  1.8436E-06  7.1845E-06
 8.5211E+25  2.5091E-04  7.0052E+03  7.4643E-05  1.8363E-06  7.1845E-06
 8.5304E+25  2.5171E-04  7.0052E+03  7.4643E-05  1.8291E-06  7.1845E-06
 8.5396E+25  2.5250E-04  7.0051E+03  7.4643E-05  1.8217E-06  7.1845E-06
 8.5489E+25  2.5327E-04  7.0051E+03  7.4643E-05  1.8144E-06  7.1845E-06
 8.5581E+25  2.5406E-04  7.0051E+03  7.4643E-05  1.8070E-06  7.1845E-06
 8.5674E+25  2.5484E-04  7.0051E+03  7.4643E-05  1.7996E-06  7.1845E-06
 8.5766E+25  2.5563E-04  7.0051E+03  7.4643E-05  1.7921E-06  7.1845E-06
 8.5859E+25  2.5642E-04  7.0050E+03  7.4643E-05  1.7847E-06  7.1845E-06
 8.5952E+25  2.5719E-04  7.0050E+03  7.4643E-05  1.7772E-06  7.1845E-06
 8.6044E+25  2.5795E-04  7.0050E+03  7.4643E-05  1.7697E-06  7.1845E-06
 8.6137E+25  2.5872E-04  7.0050E+03  7.4643E-05  1.7622E-06  7.1845E-06
 8.6229E+25  2.5949E-04  7.0050E+03  7.4643E-05  1.7547E-06  7.1845E-06
 8.6322E+25  2.6027E-04  7.0049E+03  7.4643E-05  1.7477E-06  7.1845E-06
 8.6414E+25  2.6103E-04  7.0049E+03  7.4643E-05  1.7407E-06  7.1845E-06
 8.6507E+25  2.6178E-04  7.0049E+03  7.4643E-05  1.7338E-06  7.1845E-06
 8.6600E+25  2.6255E-04  7.0049E+03  7.4643E-05  1.7270E-06  7.1845E-06
 8.6692E+25  2.6329E-04  7.0049E+03  7.4643E-05  1.7207E-06  7.1845E-06
 8.6785E+25  2.6404E-04  7.0048E+03  7.4643E-05  1.7146E-06  7.1845E-06
 8.6877E+25  2.6479E-04  7.0048E+03  7.4643E-05  1.7082E-06  7.1845E-06
 8.6970E+25  2.6554E-04  7.0048E+03  7.4643E-05  1.7018E-06  7.1845E-06
 8.7062E+25  2.6628E-04  7.0048E+03  7.4643E-05  1.6954E-06  7.1845E-06
 8.7155E+25  2.6702E-04  7.0048E+03  7.4643E-05  1.6890E-06  7.1845E-06
 8.7248E+25  2.6774E-04  7.0047E+03  7.4643E-05  1.6826E-06  7.1845E-06
 8.7340E+25  2.6848E-04  7.0047E+03  7.4643E-05  1.6761E-06  7.1845E-06
 8.7433E+25  2.6921E-04  7.0047E+03  7.4643E-05  1.6696E-06  7.1845E-06
 8.7525E+25  2.6994E-04  7.0047E+03  7.4643E-05  1.6633E-06  7.1845E-06
 8.7618E+25  2.7067E-04  7.0047E+03  7.4643E-05  1.6568E-06  7.1845E-06
 8.7710E+25  2.7138E-04  7.0046E+03  7.4643E-05  1.6503E-06  7.1845E-06
 8.7803E+25  2.7209E-04  7.0046E+03  7.4643E-05  1.6436E-06  7.1845E-06
 8.7896E+25  2.7280E-04  7.0046E+03  7.4643E-05  1.6371E-06  7.1845E-06
 8.7988E+25  2.7353E-04  7.0046E+03  7.4643E-05  1.6305E-06  7.1845E-06
 8.8081E+25  2.7424E-04  7.0046E+03  7.4643E-05  1.6238E-06  7.1845E-06
 8.8173E+25  2.7495E-04  7.0046E+03  7.4643E-05  1.6172E-06  7.1845E-06
 8.8266E+25  2.7564E-04  7.0045E+03  7.4643E-05  1.6105E-06  7.1845E-06
 8.8358E+25  2.7633E-04  7.0045E+03  7.4643E-05  1.6039E-06  7.1845E-06
 8.8451E+25  2.7702E-04  7.0045E+03  7.4643E-05  1.5972E-06  7.1845E-06
 8.8544E+25  2.7772E-04  7.0045E+03  7.4643E-05  1.5910E-06  7.1845E-06
 8.8636E+25  2.7841E-04  7.0045E+03  7.4643E-05  1.5848E-06  7.1845E-06
 8.8729E+25  2.7910E-04  7.0044E+03  7.4643E-05  1.5786E-06  7.1845E-06
 8.8821E+25  2.7978E-04  7.0044E+03  7.4643E-05  1.5725E-06  7.1845E-06
 8.8914E+25  2.8045E-04  7.0044E+03  7.4643E-05  1.5670E-06  7.1845E-06
 8.9006E+25  2.8112E-04  7.0044E+03  7.4643E-05  1.5616E-06  7.1845E-06
 8.9099E+25  2.8180E-04  7.0044E+03  7.4643E-05  1.5560E-06  7.1845E-06
 8.9192E+25  2.8247E-04  7.0043E+03  7.4643E-05  1.5503E-06  7.1845E-06
 8.9284E+25  2.8316E-04  7.0043E+03  7.4643E-05  1.5447E-06  7.1845E-06
 8.9377E+25  2.8381E-04  7.0043E+03  7.4643E-05  1.5390E-06  7.1845E-06
 8.9469E+25  2.8445E-04  7.0043E+03  7.4643E-05  1.5333E-06  7.1845E-06
 8.9562E+25  2.8511E-04  7.0043E+03  7.4643E-05  1.5276E-06  7.1845E-06
 8.9654E+25  2.8577E-04  7.0043E+03  7.4643E-05  1.5220E-06  7.1845E-06
 8.9747E+25  2.8642E-04  7.0042E+03  7.4643E-05  1.5162E-06  7.1845E-06
 8.9840E+25  2.8708E-04  7.0042E+03  7.4643E-05  1.5104E-06  7.1845E-06
 8.9932E+25  2.8772E-04  7.0042E+03  7.4643E-05  1.5047E-06  7.1845E-06
 9.0025E+25  2.8835E-04  7.0042E+03  7.4643E-05  1.4989E-06  7.1845E-06
 9.0117E+25  2.8897E-04  7.0042E+03  7.4643E-05  1.4931E-06  7.1845E-06
 9.0210E+25  2.8961E-04  7.0042E+03  7.4643E-05  1.4872E-06  7.1845E-06
 9.0302E+25  2.9025E-04  7.0041E+03  7.4643E-05  1.4813E-06  7.1845E-06
 9.0395E+25  2.9089E-04  7.0041E+03  7.4643E-05  1.4755E-06  7.1845E-06
 9.0487E+25  2.9150E-04  7.0041E+03  7.4643E-05  1.4695E-06  7.1845E-06
 9.0580E+25  2.9212E-04  7.0041E+03  7.4643E-05  1.4636E-06  7.1845E-06
 9.0673E+25  2.9272E-04  7.0041E+03  7.4643E-05  1.4576E-06  7.1845E-06
 9.0765E+25  2.9333E-04  7.0040E+03  7.4643E-05  1.4519E-06  7.1845E-06
 9.0858E+25  2.9396E-04  7.0040E+03  7.4643E-05  1.4464E-06  7.1845E-06
 9.0950E+25  2.9457E-04  7.0040E+03  7.4643E-05  1.4409E-06  7.1845E-06
 9.1043E+25  2.9519E-04  7.0040E+03  7.4643E-05  1.4353E-06  7.1845E-06
 9.1135E+25  2.9578E-04  7.0040E+03  7.4643E-05  1.4301E-06  7.1845E-06
 9.1228E+25  2.9637E-04  7.0040E+03  7.4643E-05  1.4253E-06  7.1845E-06
 9.1321E+25  2.9695E-04  7.0039E+03  7.4643E-05  1.4204E-06  7.1845E-06
 9.1413E+25  2.9755E-04  7.0039E+03  7.4643E-05  1.4154E-06  7.1845E-06
 9.1506E+25  2.9814E-04  7.0039E+03  7.4643E-05  1.4104E-06  7.1845E-06
 9.1598E+25  2.9874E-04  7.0039E+03  7.4643E-05  1.4054E-06  7.1845E-06
 9.1691E+25  2.9931E-04  7.0039E+03  7.4643E-05  1.4004E-06  7.1845E-06
 9.1783E+25  2.9988E-04  7.0039E+03  7.4643E-05  1.3954E-06  7.1845E-06
 9.1876E+25  3.0045E-04  7.0038E+03  7.4643E-05  1.3903E-06  7.1845E-06
 9.1969E+25  3.0100E-04  7.0038E+03  7.4643E-05  1.3853E-06  7.1845E-06
 9.2061E+25  3.0159E-04  7.0038E+03  7.4643E-05  1.3803E-06  7.1845E-06
 9.2154E+25  3.0216E-04  7.0038E+03  7.4643E-05  1.3753E-06  7.1845E-06
 9.2246E+25  3.0273E-04  7.0038E+03  7.4643E-05  1.3700E-06  7.1845E-06
 9.2339E+25  3.0328E-04  7.0038E+03  7.4643E-05  1.3649E-06  7.1845E-06
 9.2431E+25  3.0382E-04  7.0037E+03  7.4643E-05  1.3597E-06  7.1845E-06
 9.2524E+25  3.0438E-04  7.0037E+03  7.4643E-05  1.3546E-06  7.1845E-06
