 4.6285E+22  3.2697E-11  1.1680E+04  7.4643E-05  1.0000E+00  7.1845E-06
 1.3886E+23  2.2883E-10  1.1684E+04  7.4643E-05  1.0000E+00  7.1845E-06
 2.3143E+23  6.2063E-10  1.1696E+04  7.4643E-05  1.0000E+00  7.1845E-06
 3.2400E+23  1.2066E-09  1.1723E+04  7.4643E-05  1.0000E+00  7.1845E-06
 4.1657E+23  1.9833E-09  1.1772E+04  7.4643E-05  1.0000E+00  7.1845E-06
 5.0914E+23  2.9448E-09  1.1851E+04  7.4643E-05  1.0000E+00  7.1845E-06
 6.0171E+23  4.0782E-09  1.1972E+04  7.4643E-05  1.0000E+00  7.1845E-06
 6.9428E+23  5.3716E-09  1.2148E+04  7.4643E-05  1.0000E+00  7.1845E-06
 7.8685E+23  6.7916E-09  1.2405E+04  7.4643E-05  1.0000E+00  7.1845E-06
 8.7942E+23  8.3093E-09  1.2763E+04  7.4643E-05  1.0000E+00  7.1845E-06
 9.7199E+23  9.9060E-09  1.3197E+04  7.4643E-05  1.0000E+00  7.1845E-06
 1.0646E+24  1.1603E-08  1.3634E+04  7.4643E-05  1.0000E+00  7.1845E-06
 1.1571E+24  1.3477E-08  1.3951E+04  7.4643E-05  1.0000E+00  7.1845E-06
 1.2497E+24  1.5586E-08  1.4121E+04  7.4643E-05  1.0000E+00  7.1845E-06
 1.3423E+24  1.7883E-08  1.4216E+04  7.4643E-05  1.0000E+00  7.1845E-06
 1.4348E+24  2.0333E-08  1.4316E+04  7.4643E-05  9.9999E-01  7.1845E-06
 1.5274E+24  2.2920E-08  1.4416E+04  7.4643E-05  9.9999E-01  7.1845E-06
 1.6200E+24  2.5664E-08  1.4509E+04  7.4643E-05  9.9999E-01  7.1845E-06
 1.7126E+24  2.8543E-08  1.4600E+04  7.4643E-05  9.9999E-01  7.1845E-06
 1.8051E+24  3.1587E-08  1.4682E+04  7.4643E-05  9.9999E-01  7.1845E-06
 1.8977E+24  3.4763E-08  1.4761E+04  7.4643E-05  9.9999E-01  7.1845E-06
 1.9903E+24  3.8105E-08  1.4838E+04  7.4643E-05  9.9999E-01  7.1845E-06
 2.0828E+24  4.1569E-08  1.4912E+04  7.4643E-05  9.9999E-01  7.1845E-06
 2.1754E+24  4.5177E-08  1.4984E+04  7.4643E-05  9.9999E-01  7.1845E-06
 2.2680E+24  4.8937E-08  1.5055E+04  7.4643E-05  9.9999E-01  7.1845E-06
 2.3605E+24  5.2848E-08  1.5123E+04  7.4643E-05  9.9999E-01  7.1845E-06
 2.4531E+24  5.6889E-08  1.5186E+04  7.4643E-05  9.9999E-01  7.1845E-06
 2.5457E+24  6.1066E-08  1.5251E+04  7.4643E-05  9.9998E-01  7.1845E-06
 2.6383E+24  6.5415E-08  1.5314E+04  7.4643E-05  9.9998E-01  7.1845E-06
 2.7308E+24  6.9865E-08  1.5373E+04  7.4643E-05  9.9998E-01  7.1845E-06
 2.8234E+24  7.4465E-08  1.5434E+04  7.4643E-05  9.9998E-01  7.1845E-06
 2.9160E+24  7.9194E-08  1.5490E+04  7.4643E-05  9.9998E-01  7.1845E-06
 3.0085E+24  8.4135E-08  1.5545E+04  7.4643E-05  9.9998E-01  7.1845E-06
 3.1011E+24  8.9164E-08  1.5601E+04  7.4643E-05  9.9998E-01  7.1845E-06
 3.1937E+24  9.4291E-08  1.5654E+04  7.4643E-05  9.9998E-01  7.1845E-06
 3.2862E+24  9.9593E-08  1.5706E+04  7.4643E-05  9.9997E-01  7.1845E-06
 3.3788E+24  1.0498E-07  1.5757E+04  7.4643E-05  9.9997E-01  7.1845E-06
 3.4714E+24  1.1054E-07  1.5806E+04  7.4643E-05  9.9997E-01  7.1845E-06
 3.5640E+24  1.1628E-07  1.5855E+04  7.4643E-05  9.9997E-01  7.1845E-06
 3.6565E+24  1.2225E-07  1.5901E+04  7.4643E-05  9.9997E-01  7.1845E-06
 3.7491E+24  1.2806E-07  1.5948E+04  7.4643E-05  9.9997E-01  7.1845E-06
 3.8417E+24  1.3428E-07  1.5994E+04  7.4643E-05  9.9997E-01  7.1845E-06
 3.9342E+24  1.4050E-07  1.6038E+04  7.4643E-05  9.9996E-01  7.1845E-06
 4.0268E+24  1.4697E-07  1.6082E+04  7.4643E-05  9.9996E-01  7.1845E-06
 4.1194E+24  1.5332E-07  1.6124E+04  7.4643E-05  9.9996E-01  7.1845E-06
 4.2120E+24  1.6020E-07  1.6166E+04  7.4643E-05  9.9996E-01  7.1845E-06
 4.3045E+24  1.6697E-07  1.6207E+04  7.4643E-05  9.9996E-01  7.1845E-06
 4.3971E+24  1.7370E-07  1.6247E+04  7.4643E-05  9.9996E-01  7.1845E-06
 4.4897E+24  1.8086E-07  1.6287E+04  7.4643E-05  9.9995E-01  7.1845E-06
 4.5822E+24  1.8811E-07  1.6325E+04  7.4643E-05  9.9995E-01  7.1845E-06
 4.6748E+24  1.9547E-07  1.6364E+04  7.4643E-05  9.9995E-01  7.1845E-06
 4.7674E+24  2.0294E-07  1.6401E+04  7.4643E-05  9.9995E-01  7.1845E-06
 4.8599E+24  2.1051E-07  1.6438E+04  7.4643E-05  9.9995E-01  7.1845E-06
 4.9525E+24  2.1823E-07  1.6473E+04  7.4643E-05  9.9994E-01  7.1845E-06
 5.0451E+24  2.2608E-07  1.6509E+04  7.4643E-05  9.9994E-01  7.1845E-06
 5.1377E+24  2.3408E-07  1.6543E+04  7.4643E-05  9.9994E-01  7.1845E-06
 5.2302E+24  2.4226E-07  1.6577E+04  7.4643E-05  9.9994E-01  7.1845E-06
 5.3228E+24  2.5062E-07  1.6611E+04  7.4643E-05  9.9994E-01  7.1845E-06
 5.4154E+24  2.5918E-07  1.6644E+04  7.4643E-05  9.9993E-01  7.1845E-06
 5.5079E+24  2.6731E-07  1.6677E+04  7.4643E-05  9.9993E-01  7.1845E-06
 5.6005E+24  2.7590E-07  1.6709E+04  7.4643E-05  9.9993E-01  7.1845E-06
 5.6931E+24  2.8500E-07  1.6741E+04  7.4643E-05  9.9993E-01  7.1845E-06
 5.7856E+24  2.9428E-07  1.6772E+04  7.4643E-05  9.9992E-01  7.1845E-06
 5.8782E+24  3.0241E-07  1.6802E+04  7.4643E-05  9.9992E-01  7.1845E-06
 5.9708E+24  3.1219E-07  1.6832E+04  7.4643E-05  9.9992E-01  7.1845E-06
 6.0634E+24  3.2169E-07  1.6862E+04  7.4643E-05  9.9992E-01  7.1845E-06
 6.1559E+24  3.3049E-07  1.6891E+04  7.4643E-05  9.9991E-01  7.1845E-06
 6.2485E+24  3.4111E-07  1.6919E+04  7.4643E-05  9.9991E-01  7.1845E-06
 6.3411E+24  3.4955E-07  1.6948E+04  7.4643E-05  9.9991E-01  7.1845E-06
 6.4336E+24  3.6058E-07  1.6976E+04  7.4643E-05  9.9991E-01  7.1845E-06
 6.5262E+24  3.6948E-07  1.7003E+04  7.4643E-05  9.9990E-01  7.1845E-06
 6.6188E+24  3.8079E-07  1.7030E+04  7.4643E-05  9.9990E-01  7.1845E-06
 6.7113E+24  3.8968E-07  1.7057E+04  7.4643E-05  9.9990E-01  7.1845E-06
 6.8039E+24  4.0148E-07  1.7083E+04  7.4643E-05  9.9990E-01  7.1845E-06
 6.8965E+24  4.1057E-07  1.7110E+04  7.4643E-05  9.9989E-01  7.1845E-06
 6.9891E+24  4.2205E-07  1.7135E+04  7.4643E-05  9.9989E-01  7.1845E-06
 7.0816E+24  4.3293E-07  1.7161E+04  7.4643E-05  9.9989E-01  7.1845E-06
 7.1742E+24  4.4293E-07  1.7186E+04  7.4643E-05  9.9989E-01  7.1845E-06
 7.2668E+24  4.5504E-07  1.7211E+04  7.4643E-05  9.9988E-01  7.1845E-06
 7.3593E+24  4.6569E-07  1.7235E+04  7.4643E-05  9.9988E-01  7.1845E-06
 7.4519E+24  4.7641E-07  1.7260E+04  7.4643E-05  9.9988E-01  7.1845E-06
 7.5445E+24  4.8871E-07  1.7284E+04  7.4643E-05  9.9987E-01  7.1845E-06
 7.6371E+24  5.0060E-07  1.7307E+04  7.4643E-05  9.9987E-01  7.1845E-06
 7.7296E+24  5.1066E-07  1.7331E+04  7.4643E-05  9.9987E-01  7.1845E-06
 7.8222E+24  5.2314E-07  1.7354E+04  7.4643E-05  9.9986E-01  7.1845E-06
 7.9148E+24  5.3572E-07  1.7377E+04  7.4643E-05  9.9986E-01  7.1845E-06
 8.0073E+24  5.4825E-07  1.7399E+04  7.4643E-05  9.9986E-01  7.1845E-06
 8.0999E+24  5.5855E-07  1.7422E+04  7.4643E-05  9.9986E-01  7.1845E-06
 8.1925E+24  5.7131E-07  1.7444E+04  7.4643E-05  9.9985E-01  7.1845E-06
 8.2850E+24  5.8418E-07  1.7466E+04  7.4643E-05  9.9985E-01  7.1845E-06
 8.3776E+24  5.9713E-07  1.7487E+04  7.4643E-05  9.9985E-01  7.1845E-06
 8.4702E+24  6.1016E-07  1.7509E+04  7.4643E-05  9.9984E-01  7.1845E-06
 8.5628E+24  6.2264E-07  1.7530E+04  7.4643E-05  9.9984E-01  7.1845E-06
 8.6553E+24  6.3449E-07  1.7551E+04  7.4643E-05  9.9984E-01  7.1845E-06
 8.7479E+24  6.4778E-07  1.7572E+04  7.4643E-05  9.9983E-01  7.1845E-06
 8.8405E+24  6.6118E-07  1.7592E+04  7.4643E-05  9.9983E-01  7.1845E-06
 8.9330E+24  6.7467E-07  1.7613E+04  7.4643E-05  9.9982E-01  7.1845E-06
 9.0256E+24  6.8823E-07  1.7633E+04  7.4643E-05  9.9982E-01  7.1845E-06
 9.1182E+24  7.0190E-07  1.7653E+04  7.4643E-05  9.9982E-01  7.1845E-06
 9.2107E+24  7.1566E-07  1.7673E+04  7.4643E-05  9.9981E-01  7.1845E-06
 9.3033E+24  7.2952E-07  1.7692E+04  7.4643E-05  9.9981E-01  7.1845E-06
 9.3959E+24  7.4347E-07  1.7712E+04  7.4643E-05  9.9981E-01  7.1845E-06
 9.4885E+24  7.5753E-07  1.7731E+04  7.4643E-05  9.9980E-01  7.1845E-06
 9.5810E+24  7.7169E-07  1.7750E+04  7.4643E-05  9.9980E-01  7.1845E-06
 9.6736E+24  7.8596E-07  1.7769E+04  7.4643E-05  9.9979E-01  7.1845E-06
 9.7662E+24  8.0036E-07  1.7787E+04  7.4643E-05  9.9979E-01  7.1845E-06
 9.8587E+24  8.1487E-07  1.7806E+04  7.4643E-05  9.9978E-01  7.1845E-06
 9.9513E+24  8.2951E-07  1.7824E+04  7.4643E-05  9.9976E-01  7.1845E-06
 1.0044E+25  8.4428E-07  1.7842E+04  7.4643E-05  9.9974E-01  7.1845E-06
 1.0136E+25  8.5920E-07  1.7860E+04  7.4643E-05  9.9970E-01  7.1845E-06
 1.0229E+25  8.7427E-07  1.7878E+04  7.4643E-05  9.9963E-01  7.1845E-06
 1.0322E+25  8.8950E-07  1.7895E+04  7.4643E-05  9.9951E-01  7.1845E-06
 1.0414E+25  9.0490E-07  1.7912E+04  7.4643E-05  9.9928E-01  7.1845E-06
 1.0507E+25  9.2049E-07  1.7927E+04  7.4643E-05  9.9888E-01  7.1845E-06
 1.0599E+25  9.3629E-07  1.7942E+04  7.4643E-05  9.9815E-01  7.1845E-06
 1.0692E+25  9.5233E-07  1.7953E+04  7.4643E-05  9.9689E-01  7.1845E-06
 1.0784E+25  9.6865E-07  1.7961E+04  7.4643E-05  9.9469E-01  7.1845E-06
 1.0877E+25  9.8534E-07  1.7962E+04  7.4643E-05  9.9092E-01  7.1845E-06
 1.0970E+25  1.0025E-06  1.7952E+04  7.4643E-05  9.8455E-01  7.1845E-06
 1.1062E+25  1.0180E-06  1.7924E+04  7.4643E-05  9.7400E-01  7.1845E-06
 1.1155E+25  1.0353E-06  1.7868E+04  7.4643E-05  9.5694E-01  7.1845E-06
 1.1247E+25  1.0551E-06  1.7768E+04  7.4643E-05  9.3022E-01  7.1845E-06
 1.1340E+25  1.0770E-06  1.7605E+04  7.4643E-05  8.9018E-01  7.1845E-06
 1.1432E+25  1.1019E-06  1.7358E+04  7.4643E-05  8.3368E-01  7.1845E-06
 1.1525E+25  1.1308E-06  1.7010E+04  7.4643E-05  7.5994E-01  7.1845E-06
 1.1618E+25  1.1647E-06  1.6556E+04  7.4643E-05  6.7235E-01  7.1845E-06
 1.1710E+25  1.2044E-06  1.6012E+04  7.4643E-05  5.7851E-01  7.1845E-06
 1.1803E+25  1.2474E-06  1.5411E+04  7.4643E-05  4.8757E-01  7.1845E-06
 1.1895E+25  1.2960E-06  1.4793E+04  7.4643E-05  4.0664E-01  7.1845E-06
 1.1988E+25  1.3497E-06  1.4192E+04  7.4643E-05  3.3895E-01  7.1845E-06
 1.2080E+25  1.4056E-06  1.3630E+04  7.4643E-05  2.8442E-01  7.1845E-06
 1.2173E+25  1.4625E-06  1.3117E+04  7.4643E-05  2.4121E-01  7.1845E-06
 1.2266E+25  1.5196E-06  1.2655E+04  7.4643E-05  2.0701E-01  7.1845E-06
 1.2358E+25  1.5764E-06  1.2241E+04  7.4643E-05  1.7974E-01  7.1845E-06
 1.2451E+25  1.6328E-06  1.1872E+04  7.4643E-05  1.5773E-01  7.1845E-06
 1.2543E+25  1.6885E-06  1.1542E+04  7.4643E-05  1.3971E-01  7.1845E-06
 1.2636E+25  1.7436E-06  1.1246E+04  7.4643E-05  1.2478E-01  7.1845E-06
 1.2728E+25  1.7978E-06  1.0979E+04  7.4643E-05  1.1224E-01  7.1845E-06
 1.2821E+25  1.8515E-06  1.0739E+04  7.4643E-05  1.0159E-01  7.1845E-06
 1.2914E+25  1.9045E-06  1.0521E+04  7.4643E-05  9.2458E-02  7.1845E-06
 1.3006E+25  1.9568E-06  1.0322E+04  7.4643E-05  8.4553E-02  7.1845E-06
 1.3099E+25  2.0088E-06  1.0141E+04  7.4643E-05  7.7655E-02  7.1845E-06
 1.3191E+25  2.0602E-06  9.9754E+03  7.4643E-05  7.1593E-02  7.1845E-06
 1.3284E+25  2.1112E-06  9.8231E+03  7.4643E-05  6.6233E-02  7.1845E-06
 1.3376E+25  2.1619E-06  9.6827E+03  7.4643E-05  6.1465E-02  7.1845E-06
 1.3469E+25  2.2121E-06  9.5530E+03  7.4643E-05  5.7202E-02  7.1845E-06
 1.3562E+25  2.2621E-06  9.4329E+03  7.4643E-05  5.3371E-02  7.1845E-06
 1.3654E+25  2.3118E-06  9.3214E+03  7.4643E-05  4.9916E-02  7.1845E-06
 1.3747E+25  2.3614E-06  9.2176E+03  7.4643E-05  4.6786E-02  7.1845E-06
 1.3839E+25  2.4108E-06  9.1208E+03  7.4643E-05  4.3940E-02  7.1845E-06
 1.3932E+25  2.4601E-06  9.0304E+03  7.4643E-05  4.1345E-02  7.1845E-06
 1.4024E+25  2.5093E-06  8.9458E+03  7.4643E-05  3.8970E-02  7.1845E-06
 1.4117E+25  2.5584E-06  8.8665E+03  7.4643E-05  3.6792E-02  7.1845E-06
 1.4210E+25  2.6076E-06  8.7920E+03  7.4643E-05  3.4787E-02  7.1845E-06
 1.4302E+25  2.6548E-06  8.7219E+03  7.4643E-05  3.2938E-02  7.1845E-06
 1.4395E+25  2.7001E-06  8.6559E+03  7.4643E-05  3.1229E-02  7.1845E-06
 1.4487E+25  2.7485E-06  8.5937E+03  7.4643E-05  2.9646E-02  7.1845E-06
 1.4580E+25  2.7975E-06  8.5349E+03  7.4643E-05  2.8176E-02  7.1845E-06
 1.4672E+25  2.8464E-06  8.4793E+03  7.4643E-05  2.6809E-02  7.1845E-06
 1.4765E+25  2.8955E-06  8.4267E+03  7.4643E-05  2.5536E-02  7.1845E-06
 1.4858E+25  2.9449E-06  8.3768E+03  7.4643E-05  2.4347E-02  7.1845E-06
 1.4950E+25  2.9946E-06  8.3295E+03  7.4643E-05  2.3236E-02  7.1845E-06
 1.5043E+25  3.0448E-06  8.2846E+03  7.4643E-05  2.2196E-02  7.1845E-06
 1.5135E+25  3.0943E-06  8.2419E+03  7.4643E-05  2.1220E-02  7.1845E-06
 1.5228E+25  3.1331E-06  8.2013E+03  7.4643E-05  2.0304E-02  7.1845E-06
 1.5320E+25  3.1829E-06  8.1626E+03  7.4643E-05  1.9443E-02  7.1845E-06
 1.5413E+25  3.2335E-06  8.1258E+03  7.4643E-05  1.8633E-02  7.1845E-06
 1.5506E+25  3.2848E-06  8.0906E+03  7.4643E-05  1.7870E-02  7.1845E-06
 1.5598E+25  3.3367E-06  8.0570E+03  7.4643E-05  1.7149E-02  7.1845E-06
 1.5691E+25  3.3893E-06  8.0250E+03  7.4643E-05  1.6469E-02  7.1845E-06
 1.5783E+25  3.4252E-06  7.9943E+03  7.4643E-05  1.5825E-02  7.1845E-06
 1.5876E+25  3.4749E-06  7.9650E+03  7.4643E-05  1.5216E-02  7.1845E-06
 1.5968E+25  3.5282E-06  7.9369E+03  7.4643E-05  1.4640E-02  7.1845E-06
 1.6061E+25  3.5823E-06  7.9100E+03  7.4643E-05  1.4093E-02  7.1845E-06
 1.6154E+25  3.6373E-06  7.8843E+03  7.4643E-05  1.3574E-02  7.1845E-06
 1.6246E+25  3.6709E-06  7.8596E+03  7.4643E-05  1.3081E-02  7.1845E-06
 1.6339E+25  3.7220E-06  7.8358E+03  7.4643E-05  1.2613E-02  7.1845E-06
 1.6431E+25  3.7782E-06  7.8131E+03  7.4643E-05  1.2167E-02  7.1845E-06
 1.6524E+25  3.8354E-06  7.7912E+03  7.4643E-05  1.1743E-02  7.1845E-06
 1.6616E+25  3.8782E-06  7.7702E+03  7.4643E-05  1.1339E-02  7.1845E-06
 1.6709E+25  3.9197E-06  7.7500E+03  7.4643E-05  1.0953E-02  7.1845E-06
 1.6802E+25  3.9785E-06  7.7305E+03  7.4643E-05  1.0586E-02  7.1845E-06
 1.6894E+25  4.0387E-06  7.7118E+03  7.4643E-05  1.0235E-02  7.1845E-06
 1.6987E+25  4.0790E-06  7.6938E+03  7.4643E-05  9.8993E-03  7.1845E-06
 1.7079E+25  4.1229E-06  7.6764E+03  7.4643E-05  9.5790E-03  7.1845E-06
 1.7172E+25  4.1849E-06  7.6597E+03  7.4643E-05  9.2728E-03  7.1845E-06
 1.7264E+25  4.2483E-06  7.6435E+03  7.4643E-05  8.9792E-03  7.1845E-06
 1.7357E+25  4.2722E-06  7.6280E+03  7.4643E-05  8.6985E-03  7.1845E-06
 1.7450E+25  4.3335E-06  7.6129E+03  7.4643E-05  8.4296E-03  7.1845E-06
 1.7542E+25  4.3994E-06  7.5984E+03  7.4643E-05  8.1715E-03  7.1845E-06
 1.7635E+25  4.4402E-06  7.5844E+03  7.4643E-05  7.9246E-03  7.1845E-06
 1.7727E+25  4.4844E-06  7.5709E+03  7.4643E-05  7.6870E-03  7.1845E-06
 1.7820E+25  4.5531E-06  7.5578E+03  7.4643E-05  7.4594E-03  7.1845E-06
 1.7912E+25  4.6052E-06  7.5451E+03  7.4643E-05  7.2406E-03  7.1845E-06
 1.8005E+25  4.6391E-06  7.5329E+03  7.4643E-05  7.0304E-03  7.1845E-06
 1.8097E+25  4.7108E-06  7.5211E+03  7.4643E-05  6.8286E-03  7.1845E-06
 1.8190E+25  4.7669E-06  7.5096E+03  7.4643E-05  6.6340E-03  7.1845E-06
 1.8283E+25  4.7973E-06  7.4985E+03  7.4643E-05  6.4474E-03  7.1845E-06
 1.8375E+25  4.8727E-06  7.4878E+03  7.4643E-05  6.2670E-03  7.1845E-06
 1.8468E+25  4.9256E-06  7.4774E+03  7.4643E-05  6.0943E-03  7.1845E-06
 1.8560E+25  4.9602E-06  7.4673E+03  7.4643E-05  5.9270E-03  7.1845E-06
 1.8653E+25  5.0394E-06  7.4576E+03  7.4643E-05  5.7666E-03  7.1845E-06
 1.8745E+25  5.0807E-06  7.4481E+03  7.4643E-05  5.6111E-03  7.1845E-06
 1.8838E+25  5.1286E-06  7.4389E+03  7.4643E-05  5.4620E-03  7.1845E-06
 1.8931E+25  5.2119E-06  7.4300E+03  7.4643E-05  5.3175E-03  7.1845E-06
 1.9023E+25  5.2319E-06  7.4213E+03  7.4643E-05  5.1787E-03  7.1845E-06
 1.9116E+25  5.3032E-06  7.4129E+03  7.4643E-05  5.0440E-03  7.1845E-06
 1.9208E+25  5.3754E-06  7.4048E+03  7.4643E-05  4.9146E-03  7.1845E-06
 1.9301E+25  5.3947E-06  7.3969E+03  7.4643E-05  4.7890E-03  7.1845E-06
 1.9393E+25  5.4847E-06  7.3892E+03  7.4643E-05  4.6681E-03  7.1845E-06
 1.9486E+25  5.5211E-06  7.3817E+03  7.4643E-05  4.5510E-03  7.1845E-06
 1.9579E+25  5.5788E-06  7.3745E+03  7.4643E-05  4.4377E-03  7.1845E-06
 1.9671E+25  5.6632E-06  7.3674E+03  7.4643E-05  4.3285E-03  7.1845E-06
 1.9764E+25  5.6733E-06  7.3605E+03  7.4643E-05  4.2222E-03  7.1845E-06
 1.9856E+25  5.7712E-06  7.3539E+03  7.4643E-05  4.1201E-03  7.1845E-06
 1.9949E+25  5.8027E-06  7.3474E+03  7.4643E-05  4.0206E-03  7.1845E-06
 2.0041E+25  5.8688E-06  7.3411E+03  7.4643E-05  3.9248E-03  7.1845E-06
 2.0134E+25  5.9431E-06  7.3349E+03  7.4643E-05  3.8317E-03  7.1845E-06
 2.0227E+25  5.9675E-06  7.3290E+03  7.4643E-05  3.7414E-03  7.1845E-06
 2.0319E+25  6.0741E-06  7.3231E+03  7.4643E-05  3.6543E-03  7.1845E-06
 2.0412E+25  6.0760E-06  7.3175E+03  7.4643E-05  3.5693E-03  7.1845E-06
 2.0504E+25  6.1769E-06  7.3120E+03  7.4643E-05  3.4875E-03  7.1845E-06
 2.0597E+25  6.2139E-06  7.3066E+03  7.4643E-05  3.4078E-03  7.1845E-06
 2.0689E+25  6.2806E-06  7.3013E+03  7.4643E-05  3.3304E-03  7.1845E-06
 2.0782E+25  6.3512E-06  7.2962E+03  7.4643E-05  3.2558E-03  7.1845E-06
 2.0875E+25  6.3859E-06  7.2913E+03  7.4643E-05  3.1827E-03  7.1845E-06
 2.0967E+25  6.4885E-06  7.2864E+03  7.4643E-05  3.1123E-03  7.1845E-06
 2.1060E+25  6.4927E-06  7.2817E+03  7.4643E-05  3.0439E-03  7.1845E-06
 2.1152E+25  6.6163E-06  7.2771E+03  7.4643E-05  2.9770E-03  7.1845E-06
 2.1245E+25  6.6095E-06  7.2726E+03  7.4643E-05  2.9126E-03  7.1845E-06
 2.1337E+25  6.7284E-06  7.2682E+03  7.4643E-05  2.8497E-03  7.1845E-06
 2.1430E+25  6.7438E-06  7.2639E+03  7.4643E-05  2.7885E-03  7.1845E-06
 2.1523E+25  6.8425E-06  7.2597E+03  7.4643E-05  2.7295E-03  7.1845E-06
 2.1615E+25  6.8772E-06  7.2557E+03  7.4643E-05  2.6716E-03  7.1845E-06
 2.1708E+25  6.9587E-06  7.2517E+03  7.4643E-05  2.6154E-03  7.1845E-06
 2.1800E+25  7.0098E-06  7.2478E+03  7.4643E-05  2.5612E-03  7.1845E-06
 2.1893E+25  7.0771E-06  7.2440E+03  7.4643E-05  2.5079E-03  7.1845E-06
 2.1985E+25  7.1417E-06  7.2403E+03  7.4643E-05  2.4562E-03  7.1845E-06
 2.2078E+25  7.1979E-06  7.2367E+03  7.4643E-05  2.4062E-03  7.1845E-06
 2.2171E+25  7.2729E-06  7.2331E+03  7.4643E-05  2.3571E-03  7.1845E-06
 2.2263E+25  7.3213E-06  7.2297E+03  7.4643E-05  2.3094E-03  7.1845E-06
 2.2356E+25  7.4034E-06  7.2263E+03  7.4643E-05  2.2634E-03  7.1845E-06
 2.2448E+25  7.4474E-06  7.2230E+03  7.4643E-05  2.2180E-03  7.1845E-06
 2.2541E+25  7.5329E-06  7.2198E+03  7.4643E-05  2.1740E-03  7.1845E-06
 2.2633E+25  7.5764E-06  7.2167E+03  7.4643E-05  2.1314E-03  7.1845E-06
 2.2726E+25  7.6615E-06  7.2136E+03  7.4643E-05  2.0896E-03  7.1845E-06
 2.2819E+25  7.7084E-06  7.2106E+03  7.4643E-05  2.0487E-03  7.1845E-06
 2.2911E+25  7.7891E-06  7.2076E+03  7.4643E-05  2.0094E-03  7.1845E-06
 2.3004E+25  7.8437E-06  7.2047E+03  7.4643E-05  1.9707E-03  7.1845E-06
 2.3096E+25  7.9158E-06  7.2019E+03  7.4643E-05  1.9328E-03  7.1845E-06
 2.3189E+25  7.9825E-06  7.1992E+03  7.4643E-05  1.8962E-03  7.1845E-06
 2.3281E+25  8.0413E-06  7.1965E+03  7.4643E-05  1.8605E-03  7.1845E-06
 2.3374E+25  8.1250E-06  7.1938E+03  7.4643E-05  1.8254E-03  7.1845E-06
 2.3467E+25  8.1657E-06  7.1912E+03  7.4643E-05  1.7913E-03  7.1845E-06
 2.3559E+25  8.2714E-06  7.1887E+03  7.4643E-05  1.7583E-03  7.1845E-06
 2.3652E+25  8.2890E-06  7.1862E+03  7.4643E-05  1.7257E-03  7.1845E-06
 2.3744E+25  8.4218E-06  7.1838E+03  7.4643E-05  1.6938E-03  7.1845E-06
 2.3837E+25  8.4111E-06  7.1814E+03  7.4643E-05  1.6631E-03  7.1845E-06
 2.3929E+25  8.5746E-06  7.1791E+03  7.4643E-05  1.6330E-03  7.1845E-06
 2.4022E+25  8.5339E-06  7.1768E+03  7.4643E-05  1.6033E-03  7.1845E-06
 2.4115E+25  8.6995E-06  7.1746E+03  7.4643E-05  1.5745E-03  7.1845E-06
 2.4207E+25  8.6878E-06  7.1724E+03  7.4643E-05  1.5466E-03  7.1845E-06
 2.4300E+25  8.8199E-06  7.1703E+03  7.4643E-05  1.5191E-03  7.1845E-06
 2.4392E+25  8.8497E-06  7.1682E+03  7.4643E-05  1.4920E-03  7.1845E-06
 2.4485E+25  8.9390E-06  7.1661E+03  7.4643E-05  1.4660E-03  7.1845E-06
 2.4577E+25  9.0165E-06  7.1641E+03  7.4643E-05  1.4405E-03  7.1845E-06
 2.4670E+25  9.0568E-06  7.1621E+03  7.4643E-05  1.4153E-03  7.1845E-06
 2.4763E+25  9.1886E-06  7.1602E+03  7.4643E-05  1.3907E-03  7.1845E-06
 2.4855E+25  9.1734E-06  7.1583E+03  7.4643E-05  1.3670E-03  7.1845E-06
 2.4948E+25  9.3449E-06  7.1564E+03  7.4643E-05  1.3436E-03  7.1845E-06
 2.5040E+25  9.3095E-06  7.1546E+03  7.4643E-05  1.3206E-03  7.1845E-06
 2.5133E+25  9.4607E-06  7.1528E+03  7.4643E-05  1.2982E-03  7.1845E-06
 2.5225E+25  9.4901E-06  7.1511E+03  7.4643E-05  1.2765E-03  7.1845E-06
 2.5318E+25  9.5751E-06  7.1493E+03  7.4643E-05  1.2551E-03  7.1845E-06
 2.5411E+25  9.6769E-06  7.1476E+03  7.4643E-05  1.2340E-03  7.1845E-06
 2.5503E+25  9.6880E-06  7.1460E+03  7.4643E-05  1.2135E-03  7.1845E-06
 2.5596E+25  9.8622E-06  7.1444E+03  7.4643E-05  1.1936E-03  7.1845E-06
 2.5688E+25  9.8071E-06  7.1428E+03  7.4643E-05  1.1740E-03  7.1845E-06
 2.5781E+25  9.9756E-06  7.1412E+03  7.4643E-05  1.1547E-03  7.1845E-06
 2.5873E+25  1.0003E-05  7.1397E+03  7.4643E-05  1.1359E-03  7.1845E-06
 2.5966E+25  1.0086E-05  7.1382E+03  7.4643E-05  1.1176E-03  7.1845E-06
 2.6059E+25  1.0207E-05  7.1367E+03  7.4643E-05  1.0997E-03  7.1845E-06
 2.6151E+25  1.0195E-05  7.1352E+03  7.4643E-05  1.0819E-03  7.1845E-06
 2.6244E+25  1.0374E-05  7.1338E+03  7.4643E-05  1.0646E-03  7.1845E-06
 2.6336E+25  1.0346E-05  7.1324E+03  7.4643E-05  1.0478E-03  7.1845E-06
 2.6429E+25  1.0482E-05  7.1310E+03  7.4643E-05  1.0313E-03  7.1845E-06
 2.6521E+25  1.0562E-05  7.1297E+03  7.4643E-05  1.0150E-03  7.1845E-06
 2.6614E+25  1.0587E-05  7.1283E+03  7.4643E-05  9.9896E-04  7.1845E-06
 2.6707E+25  1.0770E-05  7.1270E+03  7.4643E-05  9.8347E-04  7.1845E-06
 2.6799E+25  1.0708E-05  7.1258E+03  7.4643E-05  9.6834E-04  7.1845E-06
 2.6892E+25  1.0875E-05  7.1245E+03  7.4643E-05  9.5335E-04  7.1845E-06
 2.6984E+25  1.0938E-05  7.1232E+03  7.4643E-05  9.3856E-04  7.1845E-06
 2.7077E+25  1.0977E-05  7.1220E+03  7.4643E-05  9.2418E-04  7.1845E-06
 2.7169E+25  1.1163E-05  7.1209E+03  7.4643E-05  9.1025E-04  7.1845E-06
 2.7262E+25  1.1091E-05  7.1197E+03  7.4643E-05  8.9648E-04  7.1845E-06
 2.7355E+25  1.1265E-05  7.1185E+03  7.4643E-05  8.8286E-04  7.1845E-06
 2.7447E+25  1.1336E-05  7.1174E+03  7.4643E-05  8.6949E-04  7.1845E-06
 2.7540E+25  1.1364E-05  7.1163E+03  7.4643E-05  8.5655E-04  7.1845E-06
 2.7632E+25  1.1554E-05  7.1152E+03  7.4643E-05  8.4392E-04  7.1845E-06
 2.7725E+25  1.1498E-05  7.1141E+03  7.4643E-05  8.3138E-04  7.1845E-06
 2.7817E+25  1.1651E-05  7.1130E+03  7.4643E-05  8.1898E-04  7.1845E-06
 2.7910E+25  1.1759E-05  7.1120E+03  7.4643E-05  8.0691E-04  7.1845E-06
 2.8003E+25  1.1747E-05  7.1110E+03  7.4643E-05  7.9520E-04  7.1845E-06
 2.8095E+25  1.1939E-05  7.1100E+03  7.4643E-05  7.8369E-04  7.1845E-06
 2.8188E+25  1.1932E-05  7.1090E+03  7.4643E-05  7.7227E-04  7.1845E-06
 2.8280E+25  1.2033E-05  7.1080E+03  7.4643E-05  7.6100E-04  7.1845E-06
 2.8373E+25  1.2210E-05  7.1071E+03  7.4643E-05  7.5004E-04  7.1845E-06
 2.8465E+25  1.2126E-05  7.1061E+03  7.4643E-05  7.3942E-04  7.1845E-06
 2.8558E+25  1.2320E-05  7.1052E+03  7.4643E-05  7.2891E-04  7.1845E-06
 2.8651E+25  1.2395E-05  7.1043E+03  7.4643E-05  7.1851E-04  7.1845E-06
 2.8743E+25  1.2411E-05  7.1034E+03  7.4643E-05  7.0823E-04  7.1845E-06
 2.8836E+25  1.2608E-05  7.1025E+03  7.4643E-05  6.9826E-04  7.1845E-06
 2.8928E+25  1.2584E-05  7.1016E+03  7.4643E-05  6.8857E-04  7.1845E-06
 2.9021E+25  1.2695E-05  7.1008E+03  7.4643E-05  6.7900E-04  7.1845E-06
 2.9113E+25  1.2890E-05  7.0999E+03  7.4643E-05  6.6950E-04  7.1845E-06
 2.9206E+25  1.2785E-05  7.0991E+03  7.4643E-05  6.6013E-04  7.1845E-06
 2.9299E+25  1.2981E-05  7.0983E+03  7.4643E-05  6.5101E-04  7.1845E-06
 2.9391E+25  1.3095E-05  7.0975E+03  7.4643E-05  6.4216E-04  7.1845E-06
 2.9484E+25  1.3067E-05  7.0967E+03  7.4643E-05  6.3342E-04  7.1845E-06
 2.9576E+25  1.3268E-05  7.0959E+03  7.4643E-05  6.2475E-04  7.1845E-06
 2.9669E+25  1.3304E-05  7.0952E+03  7.4643E-05  6.1617E-04  7.1845E-06
 2.9761E+25  1.3350E-05  7.0944E+03  7.4643E-05  6.0782E-04  7.1845E-06
 2.9854E+25  1.3555E-05  7.0937E+03  7.4643E-05  5.9970E-04  7.1845E-06
 2.9947E+25  1.3520E-05  7.0930E+03  7.4643E-05  5.9173E-04  7.1845E-06
 3.0039E+25  1.3634E-05  7.0922E+03  7.4643E-05  5.8380E-04  7.1845E-06
 3.0132E+25  1.3841E-05  7.0915E+03  7.4643E-05  5.7596E-04  7.1845E-06
 3.0224E+25  1.3742E-05  7.0908E+03  7.4643E-05  5.6826E-04  7.1845E-06
 3.0317E+25  1.3918E-05  7.0901E+03  7.4643E-05  5.6078E-04  7.1845E-06
 3.0409E+25  1.4102E-05  7.0895E+03  7.4643E-05  5.5350E-04  7.1845E-06
 3.0502E+25  1.3996E-05  7.0888E+03  7.4643E-05  5.4626E-04  7.1845E-06
 3.0594E+25  1.4203E-05  7.0882E+03  7.4643E-05  5.3908E-04  7.1845E-06
 3.0687E+25  1.4343E-05  7.0875E+03  7.4643E-05  5.3199E-04  7.1845E-06
 3.0780E+25  1.4277E-05  7.0869E+03  7.4643E-05  5.2508E-04  7.1845E-06
 3.0872E+25  1.4487E-05  7.0862E+03  7.4643E-05  5.1837E-04  7.1845E-06
 3.0965E+25  1.4591E-05  7.0856E+03  7.4643E-05  5.1177E-04  7.1845E-06
 3.1057E+25  1.4559E-05  7.0850E+03  7.4643E-05  5.0519E-04  7.1845E-06
 3.1150E+25  1.4771E-05  7.0844E+03  7.4643E-05  4.9868E-04  7.1845E-06
 3.1242E+25  1.4848E-05  7.0838E+03  7.4643E-05  4.9228E-04  7.1845E-06
 3.1335E+25  1.4840E-05  7.0832E+03  7.4643E-05  4.8606E-04  7.1845E-06
 3.1428E+25  1.5054E-05  7.0827E+03  7.4643E-05  4.8000E-04  7.1845E-06
 3.1520E+25  1.5113E-05  7.0821E+03  7.4643E-05  4.7400E-04  7.1845E-06
 3.1613E+25  1.5121E-05  7.0815E+03  7.4643E-05  4.6803E-04  7.1845E-06
 3.1705E+25  1.5337E-05  7.0810E+03  7.4643E-05  4.6213E-04  7.1845E-06
 3.1798E+25  1.5388E-05  7.0804E+03  7.4643E-05  4.5634E-04  7.1845E-06
 3.1890E+25  1.5401E-05  7.0799E+03  7.4643E-05  4.5070E-04  7.1845E-06
 3.1983E+25  1.5619E-05  7.0794E+03  7.4643E-05  4.4521E-04  7.1845E-06
 3.2076E+25  1.5673E-05  7.0789E+03  7.4643E-05  4.3975E-04  7.1845E-06
 3.2168E+25  1.5681E-05  7.0784E+03  7.4643E-05  4.3434E-04  7.1845E-06
 3.2261E+25  1.5901E-05  7.0779E+03  7.4643E-05  4.2897E-04  7.1845E-06
 3.2353E+25  1.5967E-05  7.0773E+03  7.4643E-05  4.2371E-04  7.1845E-06
 3.2446E+25  1.5960E-05  7.0769E+03  7.4643E-05  4.1858E-04  7.1845E-06
 3.2538E+25  1.6182E-05  7.0764E+03  7.4643E-05  4.1360E-04  7.1845E-06
 3.2631E+25  1.6273E-05  7.0759E+03  7.4643E-05  4.0864E-04  7.1845E-06
 3.2724E+25  1.6239E-05  7.0754E+03  7.4643E-05  4.0371E-04  7.1845E-06
 3.2816E+25  1.6462E-05  7.0750E+03  7.4643E-05  3.9883E-04  7.1845E-06
 3.2909E+25  1.6590E-05  7.0745E+03  7.4643E-05  3.9403E-04  7.1845E-06
 3.3001E+25  1.6518E-05  7.0741E+03  7.4643E-05  3.8936E-04  7.1845E-06
 3.3094E+25  1.6741E-05  7.0736E+03  7.4643E-05  3.8481E-04  7.1845E-06
 3.3186E+25  1.6919E-05  7.0732E+03  7.4643E-05  3.8031E-04  7.1845E-06
 3.3279E+25  1.6795E-05  7.0727E+03  7.4643E-05  3.7582E-04  7.1845E-06
 3.3372E+25  1.7020E-05  7.0723E+03  7.4643E-05  3.7138E-04  7.1845E-06
 3.3464E+25  1.7245E-05  7.0719E+03  7.4643E-05  3.6699E-04  7.1845E-06
 3.3557E+25  1.7087E-05  7.0715E+03  7.4643E-05  3.6271E-04  7.1845E-06
 3.3649E+25  1.7297E-05  7.0711E+03  7.4643E-05  3.5854E-04  7.1845E-06
 3.3742E+25  1.7528E-05  7.0706E+03  7.4643E-05  3.5445E-04  7.1845E-06
 3.3834E+25  1.7433E-05  7.0702E+03  7.4643E-05  3.5037E-04  7.1845E-06
 3.3927E+25  1.7574E-05  7.0699E+03  7.4643E-05  3.4632E-04  7.1845E-06
 3.4020E+25  1.7807E-05  7.0695E+03  7.4643E-05  3.4231E-04  7.1845E-06
 3.4112E+25  1.7797E-05  7.0691E+03  7.4643E-05  3.3838E-04  7.1845E-06
 3.4205E+25  1.7850E-05  7.0687E+03  7.4643E-05  3.3454E-04  7.1845E-06
 3.4297E+25  1.8084E-05  7.0683E+03  7.4643E-05  3.3080E-04  7.1845E-06
 3.4390E+25  1.8174E-05  7.0679E+03  7.4643E-05  3.2710E-04  7.1845E-06
 3.4482E+25  1.8126E-05  7.0676E+03  7.4643E-05  3.2340E-04  7.1845E-06
 3.4575E+25  1.8360E-05  7.0672E+03  7.4643E-05  3.1974E-04  7.1845E-06
 3.4668E+25  1.8566E-05  7.0669E+03  7.4643E-05  3.1611E-04  7.1845E-06
 3.4760E+25  1.8400E-05  7.0665E+03  7.4643E-05  3.1258E-04  7.1845E-06
 3.4853E+25  1.8634E-05  7.0662E+03  7.4643E-05  3.0912E-04  7.1845E-06
 3.4945E+25  1.8873E-05  7.0658E+03  7.4643E-05  3.0576E-04  7.1845E-06
 3.5038E+25  1.8774E-05  7.0655E+03  7.4643E-05  3.0240E-04  7.1845E-06
 3.5130E+25  1.8908E-05  7.0652E+03  7.4643E-05  2.9905E-04  7.1845E-06
 3.5223E+25  1.9149E-05  7.0648E+03  7.4643E-05  2.9574E-04  7.1845E-06
 3.5316E+25  1.9193E-05  7.0645E+03  7.4643E-05  2.9246E-04  7.1845E-06
 3.5408E+25  1.9182E-05  7.0642E+03  7.4643E-05  2.8927E-04  7.1845E-06
 3.5501E+25  1.9422E-05  7.0639E+03  7.4643E-05  2.8614E-04  7.1845E-06
 3.5593E+25  1.9629E-05  7.0635E+03  7.4643E-05  2.8309E-04  7.1845E-06
 3.5686E+25  1.9455E-05  7.0632E+03  7.4643E-05  2.8005E-04  7.1845E-06
 3.5778E+25  1.9694E-05  7.0629E+03  7.4643E-05  2.7702E-04  7.1845E-06
 3.5871E+25  1.9940E-05  7.0626E+03  7.4643E-05  2.7402E-04  7.1845E-06
 3.5964E+25  1.9868E-05  7.0623E+03  7.4643E-05  2.7104E-04  7.1845E-06
 3.6056E+25  1.9966E-05  7.0620E+03  7.4643E-05  2.6814E-04  7.1845E-06
 3.6149E+25  2.0213E-05  7.0617E+03  7.4643E-05  2.6530E-04  7.1845E-06
 3.6241E+25  2.0335E-05  7.0614E+03  7.4643E-05  2.6254E-04  7.1845E-06
 3.6334E+25  2.0238E-05  7.0612E+03  7.4643E-05  2.5978E-04  7.1845E-06
 3.6426E+25  2.0483E-05  7.0609E+03  7.4643E-05  2.5704E-04  7.1845E-06
 3.6519E+25  2.0733E-05  7.0606E+03  7.4643E-05  2.5431E-04  7.1845E-06
 3.6612E+25  2.0596E-05  7.0603E+03  7.4643E-05  2.5161E-04  7.1845E-06
 3.6704E+25  2.0753E-05  7.0600E+03  7.4643E-05  2.4897E-04  7.1845E-06
 3.6797E+25  2.1005E-05  7.0598E+03  7.4643E-05  2.4638E-04  7.1845E-06
 3.6889E+25  2.1096E-05  7.0595E+03  7.4643E-05  2.4386E-04  7.1845E-06
 3.6982E+25  2.1024E-05  7.0592E+03  7.4643E-05  2.4136E-04  7.1845E-06
 3.7074E+25  2.1273E-05  7.0590E+03  7.4643E-05  2.3887E-04  7.1845E-06
 3.7167E+25  2.1528E-05  7.0587E+03  7.4643E-05  2.3640E-04  7.1845E-06
 3.7260E+25  2.1382E-05  7.0585E+03  7.4643E-05  2.3394E-04  7.1845E-06
 3.7352E+25  2.1542E-05  7.0582E+03  7.4643E-05  2.3152E-04  7.1845E-06
 3.7445E+25  2.1798E-05  7.0580E+03  7.4643E-05  2.2916E-04  7.1845E-06
 3.7537E+25  2.1919E-05  7.0577E+03  7.4643E-05  2.2684E-04  7.1845E-06
 3.7630E+25  2.1812E-05  7.0575E+03  7.4643E-05  2.2458E-04  7.1845E-06
 3.7722E+25  2.2065E-05  7.0573E+03  7.4643E-05  2.2233E-04  7.1845E-06
 3.7815E+25  2.2325E-05  7.0570E+03  7.4643E-05  2.2008E-04  7.1845E-06
 3.7908E+25  2.2231E-05  7.0568E+03  7.4643E-05  2.1785E-04  7.1845E-06
 3.8000E+25  2.2333E-05  7.0565E+03  7.4643E-05  2.1563E-04  7.1845E-06
 3.8093E+25  2.2592E-05  7.0563E+03  7.4643E-05  2.1346E-04  7.1845E-06
 3.8185E+25  2.2808E-05  7.0561E+03  7.4643E-05  2.1133E-04  7.1845E-06
 3.8278E+25  2.2601E-05  7.0559E+03  7.4643E-05  2.0925E-04  7.1845E-06
 3.8370E+25  2.2857E-05  7.0557E+03  7.4643E-05  2.0722E-04  7.1845E-06
 3.8463E+25  2.3122E-05  7.0554E+03  7.4643E-05  2.0518E-04  7.1845E-06
 3.8556E+25  2.3152E-05  7.0552E+03  7.4643E-05  2.0315E-04  7.1845E-06
 3.8648E+25  2.3125E-05  7.0550E+03  7.4643E-05  2.0113E-04  7.1845E-06
 3.8741E+25  2.3385E-05  7.0548E+03  7.4643E-05  1.9913E-04  7.1845E-06
 3.8833E+25  2.3653E-05  7.0546E+03  7.4643E-05  1.9717E-04  7.1845E-06
 3.8926E+25  2.3508E-05  7.0544E+03  7.4643E-05  1.9525E-04  7.1845E-06
 3.9018E+25  2.3652E-05  7.0542E+03  7.4643E-05  1.9338E-04  7.1845E-06
 3.9111E+25  2.3917E-05  7.0540E+03  7.4643E-05  1.9153E-04  7.1845E-06
 3.9204E+25  2.4148E-05  7.0538E+03  7.4643E-05  1.8969E-04  7.1845E-06
 3.9296E+25  2.3918E-05  7.0536E+03  7.4643E-05  1.8786E-04  7.1845E-06
 3.9389E+25  2.4181E-05  7.0534E+03  7.4643E-05  1.8604E-04  7.1845E-06
 3.9481E+25  2.4451E-05  7.0532E+03  7.4643E-05  1.8422E-04  7.1845E-06
 3.9574E+25  2.4540E-05  7.0530E+03  7.4643E-05  1.8245E-04  7.1845E-06
 3.9666E+25  2.4447E-05  7.0528E+03  7.4643E-05  1.8071E-04  7.1845E-06
 3.9759E+25  2.4713E-05  7.0526E+03  7.4643E-05  1.7901E-04  7.1845E-06
 3.9852E+25  2.4988E-05  7.0524E+03  7.4643E-05  1.7734E-04  7.1845E-06
 3.9944E+25  2.4947E-05  7.0522E+03  7.4643E-05  1.7568E-04  7.1845E-06
 4.0037E+25  2.4979E-05  7.0521E+03  7.4643E-05  1.7402E-04  7.1845E-06
 4.0129E+25  2.5249E-05  7.0519E+03  7.4643E-05  1.7237E-04  7.1845E-06
 4.0222E+25  2.5527E-05  7.0517E+03  7.4643E-05  1.7073E-04  7.1845E-06
 4.0314E+25  2.5371E-05  7.0515E+03  7.4643E-05  1.6911E-04  7.1845E-06
 4.0407E+25  2.5513E-05  7.0514E+03  7.4643E-05  1.6753E-04  7.1845E-06
 4.0500E+25  2.5787E-05  7.0512E+03  7.4643E-05  1.6598E-04  7.1845E-06
 4.0592E+25  2.6065E-05  7.0510E+03  7.4643E-05  1.6447E-04  7.1845E-06
 4.0685E+25  2.5815E-05  7.0508E+03  7.4643E-05  1.6297E-04  7.1845E-06
 4.0777E+25  2.6050E-05  7.0507E+03  7.4643E-05  1.6146E-04  7.1845E-06
 4.0870E+25  2.6327E-05  7.0505E+03  7.4643E-05  1.5997E-04  7.1845E-06
 4.0962E+25  2.6571E-05  7.0503E+03  7.4643E-05  1.5849E-04  7.1845E-06
 4.1055E+25  2.6313E-05  7.0502E+03  7.4643E-05  1.5701E-04  7.1845E-06
 4.1148E+25  2.6590E-05  7.0500E+03  7.4643E-05  1.5557E-04  7.1845E-06
 4.1240E+25  2.6869E-05  7.0499E+03  7.4643E-05  1.5414E-04  7.1845E-06
 4.1333E+25  2.7056E-05  7.0497E+03  7.4643E-05  1.5276E-04  7.1845E-06
 4.1425E+25  2.6852E-05  7.0496E+03  7.4643E-05  1.5140E-04  7.1845E-06
 4.1518E+25  2.7132E-05  7.0494E+03  7.4643E-05  1.5005E-04  7.1845E-06
 4.1610E+25  2.7414E-05  7.0493E+03  7.4643E-05  1.4869E-04  7.1845E-06
 4.1703E+25  2.7561E-05  7.0491E+03  7.4643E-05  1.4735E-04  7.1845E-06
 4.1796E+25  2.7393E-05  7.0490E+03  7.4643E-05  1.4601E-04  7.1845E-06
 4.1888E+25  2.7676E-05  7.0488E+03  7.4643E-05  1.4468E-04  7.1845E-06
 4.1981E+25  2.7961E-05  7.0487E+03  7.4643E-05  1.4338E-04  7.1845E-06
 4.2073E+25  2.8088E-05  7.0485E+03  7.4643E-05  1.4210E-04  7.1845E-06
 4.2166E+25  2.7937E-05  7.0484E+03  7.4643E-05  1.4086E-04  7.1845E-06
 4.2258E+25  2.8223E-05  7.0482E+03  7.4643E-05  1.3963E-04  7.1845E-06
 4.2351E+25  2.8510E-05  7.0481E+03  7.4643E-05  1.3841E-04  7.1845E-06
 4.2443E+25  2.8635E-05  7.0479E+03  7.4643E-05  1.3719E-04  7.1845E-06
 4.2536E+25  2.8484E-05  7.0478E+03  7.4643E-05  1.3598E-04  7.1845E-06
 4.2629E+25  2.8772E-05  7.0477E+03  7.4643E-05  1.3477E-04  7.1845E-06
 4.2721E+25  2.9062E-05  7.0475E+03  7.4643E-05  1.3358E-04  7.1845E-06
 4.2814E+25  2.9206E-05  7.0474E+03  7.4643E-05  1.3240E-04  7.1845E-06
 4.2906E+25  2.9033E-05  7.0473E+03  7.4643E-05  1.3124E-04  7.1845E-06
 4.2999E+25  2.9324E-05  7.0471E+03  7.4643E-05  1.3012E-04  7.1845E-06
 4.3091E+25  2.9616E-05  7.0470E+03  7.4643E-05  1.2901E-04  7.1845E-06
 4.3184E+25  2.9799E-05  7.0469E+03  7.4643E-05  1.2791E-04  7.1845E-06
 4.3277E+25  2.9585E-05  7.0468E+03  7.4643E-05  1.2681E-04  7.1845E-06
 4.3369E+25  2.9878E-05  7.0466E+03  7.4643E-05  1.2572E-04  7.1845E-06
 4.3462E+25  3.0172E-05  7.0465E+03  7.4643E-05  1.2463E-04  7.1845E-06
 4.3554E+25  3.0416E-05  7.0464E+03  7.4643E-05  1.2354E-04  7.1845E-06
 4.3647E+25  3.0140E-05  7.0463E+03  7.4643E-05  1.2248E-04  7.1845E-06
 4.3739E+25  3.0434E-05  7.0461E+03  7.4643E-05  1.2143E-04  7.1845E-06
 4.3832E+25  3.0732E-05  7.0460E+03  7.4643E-05  1.2040E-04  7.1845E-06
 4.3925E+25  3.1029E-05  7.0459E+03  7.4643E-05  1.1940E-04  7.1845E-06
 4.4017E+25  3.0727E-05  7.0458E+03  7.4643E-05  1.1841E-04  7.1845E-06
 4.4110E+25  3.0992E-05  7.0457E+03  7.4643E-05  1.1742E-04  7.1845E-06
 4.4202E+25  3.1294E-05  7.0455E+03  7.4643E-05  1.1643E-04  7.1845E-06
 4.4295E+25  3.1597E-05  7.0454E+03  7.4643E-05  1.1544E-04  7.1845E-06
 4.4387E+25  3.1386E-05  7.0453E+03  7.4643E-05  1.1446E-04  7.1845E-06
 4.4480E+25  3.1554E-05  7.0452E+03  7.4643E-05  1.1349E-04  7.1845E-06
 4.4573E+25  3.1858E-05  7.0451E+03  7.4643E-05  1.1254E-04  7.1845E-06
 4.4665E+25  3.2163E-05  7.0450E+03  7.4643E-05  1.1160E-04  7.1845E-06
 4.4758E+25  3.2077E-05  7.0449E+03  7.4643E-05  1.1069E-04  7.1845E-06
 4.4850E+25  3.2119E-05  7.0448E+03  7.4643E-05  1.0979E-04  7.1845E-06
 4.4943E+25  3.2425E-05  7.0447E+03  7.4643E-05  1.0890E-04  7.1845E-06
 4.5035E+25  3.2732E-05  7.0445E+03  7.4643E-05  1.0800E-04  7.1845E-06
 4.5128E+25  3.2796E-05  7.0444E+03  7.4643E-05  1.0711E-04  7.1845E-06
 4.5221E+25  3.2688E-05  7.0443E+03  7.4643E-05  1.0623E-04  7.1845E-06
 4.5313E+25  3.2992E-05  7.0442E+03  7.4643E-05  1.0535E-04  7.1845E-06
 4.5406E+25  3.3305E-05  7.0441E+03  7.4643E-05  1.0447E-04  7.1845E-06
 4.5498E+25  3.3542E-05  7.0440E+03  7.4643E-05  1.0362E-04  7.1845E-06
 4.5591E+25  3.3258E-05  7.0439E+03  7.4643E-05  1.0277E-04  7.1845E-06
 4.5683E+25  3.3564E-05  7.0438E+03  7.4643E-05  1.0195E-04  7.1845E-06
 4.5776E+25  3.3879E-05  7.0437E+03  7.4643E-05  1.0114E-04  7.1845E-06
 4.5869E+25  3.4192E-05  7.0436E+03  7.4643E-05  1.0034E-04  7.1845E-06
 4.5961E+25  3.3956E-05  7.0435E+03  7.4643E-05  9.9535E-05  7.1845E-06
 4.6054E+25  3.4141E-05  7.0434E+03  7.4643E-05  9.8734E-05  7.1845E-06
 4.6146E+25  3.4455E-05  7.0433E+03  7.4643E-05  9.7937E-05  7.1845E-06
 4.6239E+25  3.4774E-05  7.0432E+03  7.4643E-05  9.7143E-05  7.1845E-06
 4.6331E+25  3.4758E-05  7.0431E+03  7.4643E-05  9.6357E-05  7.1845E-06
 4.6424E+25  3.4721E-05  7.0431E+03  7.4643E-05  9.5585E-05  7.1845E-06
 4.6517E+25  3.5034E-05  7.0430E+03  7.4643E-05  9.4817E-05  7.1845E-06
 4.6609E+25  3.5357E-05  7.0429E+03  7.4643E-05  9.4073E-05  7.1845E-06
 4.6702E+25  3.5594E-05  7.0428E+03  7.4643E-05  9.3348E-05  7.1845E-06
 4.6794E+25  3.5299E-05  7.0427E+03  7.4643E-05  9.2626E-05  7.1845E-06
 4.6887E+25  3.5619E-05  7.0426E+03  7.4643E-05  9.1901E-05  7.1845E-06
 4.6979E+25  3.5941E-05  7.0425E+03  7.4643E-05  9.1179E-05  7.1845E-06
 4.7072E+25  3.6266E-05  7.0424E+03  7.4643E-05  9.0461E-05  7.1845E-06
 4.7165E+25  3.6079E-05  7.0423E+03  7.4643E-05  8.9746E-05  7.1845E-06
 4.7257E+25  3.6207E-05  7.0422E+03  7.4643E-05  8.9033E-05  7.1845E-06
 4.7350E+25  3.6527E-05  7.0422E+03  7.4643E-05  8.8334E-05  7.1845E-06
 4.7442E+25  3.6858E-05  7.0421E+03  7.4643E-05  8.7642E-05  7.1845E-06
 4.7535E+25  3.6977E-05  7.0420E+03  7.4643E-05  8.6958E-05  7.1845E-06
 4.7627E+25  3.6794E-05  7.0419E+03  7.4643E-05  8.6303E-05  7.1845E-06
 4.7720E+25  3.7123E-05  7.0418E+03  7.4643E-05  8.5652E-05  7.1845E-06
 4.7813E+25  3.7449E-05  7.0417E+03  7.4643E-05  8.5001E-05  7.1845E-06
 4.7905E+25  3.7783E-05  7.0416E+03  7.4643E-05  8.4350E-05  7.1845E-06
 4.7998E+25  3.7513E-05  7.0416E+03  7.4643E-05  8.3702E-05  7.1845E-06
 4.8090E+25  3.7718E-05  7.0415E+03  7.4643E-05  8.3057E-05  7.1845E-06
 4.8183E+25  3.8047E-05  7.0414E+03  7.4643E-05  8.2415E-05  7.1845E-06
 4.8275E+25  3.8383E-05  7.0413E+03  7.4643E-05  8.1777E-05  7.1845E-06
 4.8368E+25  3.8480E-05  7.0412E+03  7.4643E-05  8.1150E-05  7.1845E-06
 4.8461E+25  3.8311E-05  7.0412E+03  7.4643E-05  8.0527E-05  7.1845E-06
 4.8553E+25  3.8651E-05  7.0411E+03  7.4643E-05  7.9919E-05  7.1845E-06
 4.8646E+25  3.8982E-05  7.0410E+03  7.4643E-05  7.9332E-05  7.1845E-06
 4.8738E+25  3.9325E-05  7.0409E+03  7.4643E-05  7.8748E-05  7.1845E-06
 4.8831E+25  3.9070E-05  7.0409E+03  7.4643E-05  7.8162E-05  7.1845E-06
 4.8923E+25  3.9252E-05  7.0408E+03  7.4643E-05  7.7578E-05  7.1845E-06
 4.9016E+25  3.9594E-05  7.0407E+03  7.4643E-05  7.6995E-05  7.1845E-06
 4.9109E+25  3.9930E-05  7.0406E+03  7.4643E-05  7.6416E-05  7.1845E-06
 4.9201E+25  4.0111E-05  7.0406E+03  7.4643E-05  7.5837E-05  7.1845E-06
 4.9294E+25  3.9855E-05  7.0405E+03  7.4643E-05  7.5264E-05  7.1845E-06
 4.9386E+25  4.0203E-05  7.0404E+03  7.4643E-05  7.4700E-05  7.1845E-06
 4.9479E+25  4.0545E-05  7.0404E+03  7.4643E-05  7.4140E-05  7.1845E-06
 4.9571E+25  4.0891E-05  7.0403E+03  7.4643E-05  7.3591E-05  7.1845E-06
 4.9664E+25  4.0763E-05  7.0402E+03  7.4643E-05  7.3063E-05  7.1845E-06
 4.9757E+25  4.0811E-05  7.0401E+03  7.4643E-05  7.2538E-05  7.1845E-06
 4.9849E+25  4.1164E-05  7.0401E+03  7.4643E-05  7.2012E-05  7.1845E-06
 4.9942E+25  4.1508E-05  7.0400E+03  7.4643E-05  7.1487E-05  7.1845E-06
 5.0034E+25  4.1848E-05  7.0399E+03  7.4643E-05  7.0963E-05  7.1845E-06
 5.0127E+25  4.1457E-05  7.0399E+03  7.4643E-05  7.0442E-05  7.1845E-06
 5.0219E+25  4.1778E-05  7.0398E+03  7.4643E-05  6.9922E-05  7.1845E-06
 5.0312E+25  4.2136E-05  7.0397E+03  7.4643E-05  6.9405E-05  7.1845E-06
 5.0405E+25  4.2482E-05  7.0397E+03  7.4643E-05  6.8897E-05  7.1845E-06
 5.0497E+25  4.2594E-05  7.0396E+03  7.4643E-05  6.8390E-05  7.1845E-06
 5.0590E+25  4.2403E-05  7.0395E+03  7.4643E-05  6.7890E-05  7.1845E-06
 5.0682E+25  4.2757E-05  7.0395E+03  7.4643E-05  6.7412E-05  7.1845E-06
 5.0775E+25  4.3118E-05  7.0394E+03  7.4643E-05  6.6939E-05  7.1845E-06
 5.0867E+25  4.3468E-05  7.0393E+03  7.4643E-05  6.6468E-05  7.1845E-06
 5.0960E+25  4.3344E-05  7.0393E+03  7.4643E-05  6.5995E-05  7.1845E-06
 5.1053E+25  4.3386E-05  7.0392E+03  7.4643E-05  6.5524E-05  7.1845E-06
 5.1145E+25  4.3747E-05  7.0392E+03  7.4643E-05  6.5055E-05  7.1845E-06
 5.1238E+25  4.4111E-05  7.0391E+03  7.4643E-05  6.4587E-05  7.1845E-06
 5.1330E+25  4.4463E-05  7.0390E+03  7.4643E-05  6.4121E-05  7.1845E-06
 5.1423E+25  4.4130E-05  7.0390E+03  7.4643E-05  6.3659E-05  7.1845E-06
 5.1515E+25  4.4382E-05  7.0389E+03  7.4643E-05  6.3203E-05  7.1845E-06
 5.1608E+25  4.4748E-05  7.0388E+03  7.4643E-05  6.2749E-05  7.1845E-06
 5.1701E+25  4.5117E-05  7.0388E+03  7.4643E-05  6.2306E-05  7.1845E-06
 5.1793E+25  4.5388E-05  7.0387E+03  7.4643E-05  6.1880E-05  7.1845E-06
 5.1886E+25  4.5032E-05  7.0387E+03  7.4643E-05  6.1455E-05  7.1845E-06
 5.1978E+25  4.5390E-05  7.0386E+03  7.4643E-05  6.1032E-05  7.1845E-06
 5.2071E+25  4.5760E-05  7.0386E+03  7.4643E-05  6.0607E-05  7.1845E-06
 5.2163E+25  4.6133E-05  7.0385E+03  7.4643E-05  6.0185E-05  7.1845E-06
 5.2256E+25  4.6246E-05  7.0384E+03  7.4643E-05  5.9764E-05  7.1845E-06
 5.2349E+25  4.6048E-05  7.0384E+03  7.4643E-05  5.9344E-05  7.1845E-06
 5.2441E+25  4.6410E-05  7.0383E+03  7.4643E-05  5.8926E-05  7.1845E-06
 5.2534E+25  4.6784E-05  7.0383E+03  7.4643E-05  5.8511E-05  7.1845E-06
 5.2626E+25  4.7163E-05  7.0382E+03  7.4643E-05  5.8101E-05  7.1845E-06
 5.2719E+25  4.7140E-05  7.0381E+03  7.4643E-05  5.7694E-05  7.1845E-06
 5.2811E+25  4.7076E-05  7.0381E+03  7.4643E-05  5.7295E-05  7.1845E-06
 5.2904E+25  4.7443E-05  7.0380E+03  7.4643E-05  5.6912E-05  7.1845E-06
 5.2997E+25  4.7819E-05  7.0380E+03  7.4643E-05  5.6532E-05  7.1845E-06
 5.3089E+25  4.8204E-05  7.0379E+03  7.4643E-05  5.6152E-05  7.1845E-06
 5.3182E+25  4.8071E-05  7.0379E+03  7.4643E-05  5.5771E-05  7.1845E-06
 5.3274E+25  4.8116E-05  7.0378E+03  7.4643E-05  5.5391E-05  7.1845E-06
 5.3367E+25  4.8490E-05  7.0378E+03  7.4643E-05  5.5013E-05  7.1845E-06
 5.3459E+25  4.8867E-05  7.0377E+03  7.4643E-05  5.4636E-05  7.1845E-06
 5.3552E+25  4.9257E-05  7.0377E+03  7.4643E-05  5.4260E-05  7.1845E-06
 5.3645E+25  4.9043E-05  7.0376E+03  7.4643E-05  5.3887E-05  7.1845E-06
 5.3737E+25  4.9170E-05  7.0376E+03  7.4643E-05  5.3518E-05  7.1845E-06
 5.3830E+25  4.9549E-05  7.0375E+03  7.4643E-05  5.3151E-05  7.1845E-06
 5.3922E+25  4.9928E-05  7.0375E+03  7.4643E-05  5.2788E-05  7.1845E-06
 5.4015E+25  5.0323E-05  7.0374E+03  7.4643E-05  5.2441E-05  7.1845E-06
 5.4107E+25  5.0056E-05  7.0374E+03  7.4643E-05  5.2099E-05  7.1845E-06
 5.4200E+25  5.0236E-05  7.0373E+03  7.4643E-05  5.1759E-05  7.1845E-06
 5.4292E+25  5.0622E-05  7.0373E+03  7.4643E-05  5.1417E-05  7.1845E-06
 5.4385E+25  5.1002E-05  7.0372E+03  7.4643E-05  5.1077E-05  7.1845E-06
 5.4478E+25  5.1401E-05  7.0372E+03  7.4643E-05  5.0737E-05  7.1845E-06
 5.4570E+25  5.1109E-05  7.0371E+03  7.4643E-05  5.0398E-05  7.1845E-06
 5.4663E+25  5.1315E-05  7.0371E+03  7.4643E-05  5.0061E-05  7.1845E-06
 5.4755E+25  5.1709E-05  7.0370E+03  7.4643E-05  4.9723E-05  7.1845E-06
 5.4848E+25  5.2093E-05  7.0370E+03  7.4643E-05  4.9389E-05  7.1845E-06
 5.4940E+25  5.2493E-05  7.0369E+03  7.4643E-05  4.9059E-05  7.1845E-06
 5.5033E+25  5.2205E-05  7.0369E+03  7.4643E-05  4.8730E-05  7.1845E-06
 5.5126E+25  5.2407E-05  7.0368E+03  7.4643E-05  4.8408E-05  7.1845E-06
 5.5218E+25  5.2808E-05  7.0368E+03  7.4643E-05  4.8099E-05  7.1845E-06
 5.5311E+25  5.3200E-05  7.0367E+03  7.4643E-05  4.7793E-05  7.1845E-06
 5.5403E+25  5.3597E-05  7.0367E+03  7.4643E-05  4.7488E-05  7.1845E-06
 5.5496E+25  5.3340E-05  7.0366E+03  7.4643E-05  4.7182E-05  7.1845E-06
 5.5588E+25  5.3519E-05  7.0366E+03  7.4643E-05  4.6877E-05  7.1845E-06
 5.5681E+25  5.3922E-05  7.0365E+03  7.4643E-05  4.6572E-05  7.1845E-06
 5.5774E+25  5.4322E-05  7.0365E+03  7.4643E-05  4.6268E-05  7.1845E-06
 5.5866E+25  5.4718E-05  7.0365E+03  7.4643E-05  4.5966E-05  7.1845E-06
 5.5959E+25  5.4518E-05  7.0364E+03  7.4643E-05  4.5663E-05  7.1845E-06
 5.6051E+25  5.4649E-05  7.0364E+03  7.4643E-05  4.5364E-05  7.1845E-06
 5.6144E+25  5.5048E-05  7.0363E+03  7.4643E-05  4.5068E-05  7.1845E-06
 5.6236E+25  5.5457E-05  7.0363E+03  7.4643E-05  4.4771E-05  7.1845E-06
 5.6329E+25  5.5857E-05  7.0362E+03  7.4643E-05  4.4482E-05  7.1845E-06
 5.6422E+25  5.5739E-05  7.0362E+03  7.4643E-05  4.4205E-05  7.1845E-06
 5.6514E+25  5.5794E-05  7.0361E+03  7.4643E-05  4.3930E-05  7.1845E-06
 5.6607E+25  5.6189E-05  7.0361E+03  7.4643E-05  4.3657E-05  7.1845E-06
 5.6699E+25  5.6606E-05  7.0361E+03  7.4643E-05  4.3383E-05  7.1845E-06
 5.6792E+25  5.7016E-05  7.0360E+03  7.4643E-05  4.3109E-05  7.1845E-06
 5.6884E+25  5.7003E-05  7.0360E+03  7.4643E-05  4.2836E-05  7.1845E-06
 5.6977E+25  5.6949E-05  7.0359E+03  7.4643E-05  4.2563E-05  7.1845E-06
 5.7070E+25  5.7355E-05  7.0359E+03  7.4643E-05  4.2292E-05  7.1845E-06
 5.7162E+25  5.7770E-05  7.0359E+03  7.4643E-05  4.2021E-05  7.1845E-06
 5.7255E+25  5.8188E-05  7.0358E+03  7.4643E-05  4.1751E-05  7.1845E-06
 5.7347E+25  5.8320E-05  7.0358E+03  7.4643E-05  4.1484E-05  7.1845E-06
 5.7440E+25  5.8119E-05  7.0357E+03  7.4643E-05  4.1219E-05  7.1845E-06
 5.7532E+25  5.8540E-05  7.0357E+03  7.4643E-05  4.0955E-05  7.1845E-06
 5.7625E+25  5.8946E-05  7.0356E+03  7.4643E-05  4.0704E-05  7.1845E-06
 5.7718E+25  5.9375E-05  7.0356E+03  7.4643E-05  4.0457E-05  7.1845E-06
 5.7810E+25  5.9690E-05  7.0356E+03  7.4643E-05  4.0211E-05  7.1845E-06
 5.7903E+25  5.9304E-05  7.0355E+03  7.4643E-05  3.9966E-05  7.1845E-06
 5.7995E+25  5.9733E-05  7.0355E+03  7.4643E-05  3.9720E-05  7.1845E-06
 5.8088E+25  6.0151E-05  7.0354E+03  7.4643E-05  3.9475E-05  7.1845E-06
 5.8180E+25  6.0576E-05  7.0354E+03  7.4643E-05  3.9231E-05  7.1845E-06
 5.8273E+25  6.1000E-05  7.0354E+03  7.4643E-05  3.8987E-05  7.1845E-06
 5.8366E+25  6.0618E-05  7.0353E+03  7.4643E-05  3.8744E-05  7.1845E-06
 5.8458E+25  6.0942E-05  7.0353E+03  7.4643E-05  3.8501E-05  7.1845E-06
 5.8551E+25  6.1376E-05  7.0352E+03  7.4643E-05  3.8260E-05  7.1845E-06
 5.8643E+25  6.1792E-05  7.0352E+03  7.4643E-05  3.8021E-05  7.1845E-06
 5.8736E+25  6.2232E-05  7.0352E+03  7.4643E-05  3.7783E-05  7.1845E-06
 5.8828E+25  6.2079E-05  7.0351E+03  7.4643E-05  3.7548E-05  7.1845E-06
 5.8921E+25  6.2168E-05  7.0351E+03  7.4643E-05  3.7325E-05  7.1845E-06
 5.9014E+25  6.2608E-05  7.0351E+03  7.4643E-05  3.7103E-05  7.1845E-06
 5.9106E+25  6.3040E-05  7.0350E+03  7.4643E-05  3.6884E-05  7.1845E-06
 5.9199E+25  6.3472E-05  7.0350E+03  7.4643E-05  3.6664E-05  7.1845E-06
 5.9291E+25  6.3591E-05  7.0349E+03  7.4643E-05  3.6444E-05  7.1845E-06
 5.9384E+25  6.3425E-05  7.0349E+03  7.4643E-05  3.6224E-05  7.1845E-06
 5.9476E+25  6.3857E-05  7.0349E+03  7.4643E-05  3.6005E-05  7.1845E-06
 5.9569E+25  6.4304E-05  7.0348E+03  7.4643E-05  3.5787E-05  7.1845E-06
 5.9662E+25  6.4735E-05  7.0348E+03  7.4643E-05  3.5569E-05  7.1845E-06
 5.9754E+25  6.5140E-05  7.0348E+03  7.4643E-05  3.5352E-05  7.1845E-06
 5.9847E+25  6.4709E-05  7.0347E+03  7.4643E-05  3.5136E-05  7.1845E-06
 5.9939E+25  6.5133E-05  7.0347E+03  7.4643E-05  3.4921E-05  7.1845E-06
 6.0032E+25  6.5577E-05  7.0346E+03  7.4643E-05  3.4708E-05  7.1845E-06
 6.0124E+25  6.6030E-05  7.0346E+03  7.4643E-05  3.4495E-05  7.1845E-06
 6.0217E+25  6.6462E-05  7.0346E+03  7.4643E-05  3.4294E-05  7.1845E-06
 6.0310E+25  6.6280E-05  7.0345E+03  7.4643E-05  3.4096E-05  7.1845E-06
 6.0402E+25  6.6436E-05  7.0345E+03  7.4643E-05  3.3899E-05  7.1845E-06
 6.0495E+25  6.6874E-05  7.0345E+03  7.4643E-05  3.3703E-05  7.1845E-06
 6.0587E+25  6.7329E-05  7.0344E+03  7.4643E-05  3.3506E-05  7.1845E-06
 6.0680E+25  6.7782E-05  7.0344E+03  7.4643E-05  3.3309E-05  7.1845E-06
 6.0772E+25  6.7935E-05  7.0344E+03  7.4643E-05  3.3113E-05  7.1845E-06
 6.0865E+25  6.7755E-05  7.0343E+03  7.4643E-05  3.2917E-05  7.1845E-06
 6.0958E+25  6.8204E-05  7.0343E+03  7.4643E-05  3.2722E-05  7.1845E-06
 6.1050E+25  6.8649E-05  7.0343E+03  7.4643E-05  3.2527E-05  7.1845E-06
 6.1143E+25  6.9113E-05  7.0342E+03  7.4643E-05  3.2333E-05  7.1845E-06
 6.1235E+25  6.9557E-05  7.0342E+03  7.4643E-05  3.2140E-05  7.1845E-06
 6.1328E+25  6.9186E-05  7.0342E+03  7.4643E-05  3.1948E-05  7.1845E-06
 6.1420E+25  6.9550E-05  7.0341E+03  7.4643E-05  3.1756E-05  7.1845E-06
 6.1513E+25  7.0006E-05  7.0341E+03  7.4643E-05  3.1570E-05  7.1845E-06
 6.1606E+25  7.0459E-05  7.0341E+03  7.4643E-05  3.1392E-05  7.1845E-06
 6.1698E+25  7.0930E-05  7.0340E+03  7.4643E-05  3.1215E-05  7.1845E-06
 6.1791E+25  7.0942E-05  7.0340E+03  7.4643E-05  3.1039E-05  7.1845E-06
 6.1883E+25  7.0917E-05  7.0340E+03  7.4643E-05  3.0863E-05  7.1845E-06
 6.1976E+25  7.1379E-05  7.0339E+03  7.4643E-05  3.0687E-05  7.1845E-06
 6.2068E+25  7.1842E-05  7.0339E+03  7.4643E-05  3.0511E-05  7.1845E-06
 6.2161E+25  7.2303E-05  7.0339E+03  7.4643E-05  3.0336E-05  7.1845E-06
 6.2254E+25  7.2747E-05  7.0338E+03  7.4643E-05  3.0161E-05  7.1845E-06
 6.2346E+25  7.2326E-05  7.0338E+03  7.4643E-05  2.9986E-05  7.1845E-06
 6.2439E+25  7.2777E-05  7.0338E+03  7.4643E-05  2.9811E-05  7.1845E-06
 6.2531E+25  7.3244E-05  7.0337E+03  7.4643E-05  2.9638E-05  7.1845E-06
 6.2624E+25  7.3713E-05  7.0337E+03  7.4643E-05  2.9465E-05  7.1845E-06
 6.2716E+25  7.4182E-05  7.0337E+03  7.4643E-05  2.9293E-05  7.1845E-06
 6.2809E+25  7.4181E-05  7.0336E+03  7.4643E-05  2.9121E-05  7.1845E-06
 6.2902E+25  7.4190E-05  7.0336E+03  7.4643E-05  2.8955E-05  7.1845E-06
 6.2994E+25  7.4672E-05  7.0336E+03  7.4643E-05  2.8795E-05  7.1845E-06
 6.3087E+25  7.5146E-05  7.0335E+03  7.4643E-05  2.8636E-05  7.1845E-06
 6.3179E+25  7.5622E-05  7.0335E+03  7.4643E-05  2.8479E-05  7.1845E-06
 6.3272E+25  7.6067E-05  7.0335E+03  7.4643E-05  2.8322E-05  7.1845E-06
 6.3364E+25  7.5682E-05  7.0334E+03  7.4643E-05  2.8165E-05  7.1845E-06
 6.3457E+25  7.6115E-05  7.0334E+03  7.4643E-05  2.8007E-05  7.1845E-06
 6.3550E+25  7.6604E-05  7.0334E+03  7.4643E-05  2.7850E-05  7.1845E-06
 6.3642E+25  7.7085E-05  7.0333E+03  7.4643E-05  2.7693E-05  7.1845E-06
 6.3735E+25  7.7568E-05  7.0333E+03  7.4643E-05  2.7537E-05  7.1845E-06
 6.3827E+25  7.7630E-05  7.0333E+03  7.4643E-05  2.7381E-05  7.1845E-06
 6.3920E+25  7.7608E-05  7.0332E+03  7.4643E-05  2.7225E-05  7.1845E-06
 6.4012E+25  7.8079E-05  7.0332E+03  7.4643E-05  2.7070E-05  7.1845E-06
 6.4105E+25  7.8575E-05  7.0332E+03  7.4643E-05  2.6916E-05  7.1845E-06
 6.4198E+25  7.9062E-05  7.0331E+03  7.4643E-05  2.6762E-05  7.1845E-06
 6.4290E+25  7.9545E-05  7.0331E+03  7.4643E-05  2.6610E-05  7.1845E-06
 6.4383E+25  7.9233E-05  7.0331E+03  7.4643E-05  2.6466E-05  7.1845E-06
 6.4475E+25  7.9604E-05  7.0331E+03  7.4643E-05  2.6323E-05  7.1845E-06
 6.4568E+25  8.0082E-05  7.0330E+03  7.4643E-05  2.6182E-05  7.1845E-06
 6.4660E+25  8.0585E-05  7.0330E+03  7.4643E-05  2.6042E-05  7.1845E-06
 6.4753E+25  8.1078E-05  7.0329E+03  7.4643E-05  2.5901E-05  7.1845E-06
 6.4846E+25  8.1327E-05  7.0329E+03  7.4643E-05  2.5760E-05  7.1845E-06
 6.4938E+25  8.1139E-05  7.0329E+03  7.4643E-05  2.5619E-05  7.1845E-06
 6.5031E+25  8.1640E-05  7.0329E+03  7.4643E-05  2.5479E-05  7.1845E-06
 6.5123E+25  8.2127E-05  7.0328E+03  7.4643E-05  2.5339E-05  7.1845E-06
 6.5216E+25  8.2635E-05  7.0328E+03  7.4643E-05  2.5199E-05  7.1845E-06
 6.5308E+25  8.3135E-05  7.0328E+03  7.4643E-05  2.5059E-05  7.1845E-06
 6.5401E+25  8.3052E-05  7.0328E+03  7.4643E-05  2.4920E-05  7.1845E-06
 6.5494E+25  8.3212E-05  7.0327E+03  7.4643E-05  2.4782E-05  7.1845E-06
 6.5586E+25  8.3718E-05  7.0327E+03  7.4643E-05  2.4644E-05  7.1845E-06
 6.5679E+25  8.4213E-05  7.0326E+03  7.4643E-05  2.4506E-05  7.1845E-06
 6.5771E+25  8.4726E-05  7.0326E+03  7.4643E-05  2.4371E-05  7.1845E-06
 6.5864E+25  8.5207E-05  7.0326E+03  7.4643E-05  2.4243E-05  7.1845E-06
 6.5956E+25  8.4873E-05  7.0326E+03  7.4643E-05  2.4115E-05  7.1845E-06
 6.6049E+25  8.5328E-05  7.0325E+03  7.4643E-05  2.3989E-05  7.1845E-06
 6.6142E+25  8.5838E-05  7.0325E+03  7.4643E-05  2.3864E-05  7.1845E-06
 6.6234E+25  8.6344E-05  7.0325E+03  7.4643E-05  2.3737E-05  7.1845E-06
 6.6327E+25  8.6859E-05  7.0324E+03  7.4643E-05  2.3612E-05  7.1845E-06
 6.6419E+25  8.7103E-05  7.0324E+03  7.4643E-05  2.3486E-05  7.1845E-06
 6.6512E+25  8.6983E-05  7.0324E+03  7.4643E-05  2.3360E-05  7.1845E-06
 6.6604E+25  8.7490E-05  7.0324E+03  7.4643E-05  2.3235E-05  7.1845E-06
 6.6697E+25  8.8003E-05  7.0323E+03  7.4643E-05  2.3110E-05  7.1845E-06
 6.6789E+25  8.8520E-05  7.0323E+03  7.4643E-05  2.2985E-05  7.1845E-06
 6.6882E+25  8.9035E-05  7.0322E+03  7.4643E-05  2.2861E-05  7.1845E-06
 6.6975E+25  8.9030E-05  7.0322E+03  7.4643E-05  2.2736E-05  7.1845E-06
 6.7067E+25  8.9178E-05  7.0322E+03  7.4643E-05  2.2613E-05  7.1845E-06
 6.7160E+25  8.9700E-05  7.0322E+03  7.4643E-05  2.2490E-05  7.1845E-06
 6.7252E+25  9.0214E-05  7.0321E+03  7.4643E-05  2.2367E-05  7.1845E-06
 6.7345E+25  9.0741E-05  7.0321E+03  7.4643E-05  2.2252E-05  7.1845E-06
 6.7437E+25  9.1249E-05  7.0321E+03  7.4643E-05  2.2137E-05  7.1845E-06
 6.7530E+25  9.1035E-05  7.0321E+03  7.4643E-05  2.2024E-05  7.1845E-06
 6.7623E+25  9.1423E-05  7.0320E+03  7.4643E-05  2.1912E-05  7.1845E-06
 6.7715E+25  9.1955E-05  7.0320E+03  7.4643E-05  2.1800E-05  7.1845E-06
 6.7808E+25  9.2475E-05  7.0320E+03  7.4643E-05  2.1687E-05  7.1845E-06
 6.7900E+25  9.3006E-05  7.0319E+03  7.4643E-05  2.1575E-05  7.1845E-06
 6.7993E+25  9.3440E-05  7.0319E+03  7.4643E-05  2.1463E-05  7.1845E-06
 6.8085E+25  9.3186E-05  7.0319E+03  7.4643E-05  2.1351E-05  7.1845E-06
 6.8178E+25  9.3718E-05  7.0318E+03  7.4643E-05  2.1239E-05  7.1845E-06
 6.8271E+25  9.4257E-05  7.0318E+03  7.4643E-05  2.1127E-05  7.1845E-06
 6.8363E+25  9.4785E-05  7.0318E+03  7.4643E-05  2.1015E-05  7.1845E-06
 6.8456E+25  9.5319E-05  7.0317E+03  7.4643E-05  2.0904E-05  7.1845E-06
 6.8548E+25  9.5574E-05  7.0317E+03  7.4643E-05  2.0793E-05  7.1845E-06
 6.8641E+25  9.5519E-05  7.0317E+03  7.4643E-05  2.0683E-05  7.1845E-06
 6.8733E+25  9.6064E-05  7.0317E+03  7.4643E-05  2.0572E-05  7.1845E-06
 6.8826E+25  9.6602E-05  7.0316E+03  7.4643E-05  2.0464E-05  7.1845E-06
 6.8919E+25  9.7147E-05  7.0316E+03  7.4643E-05  2.0362E-05  7.1845E-06
 6.9011E+25  9.7681E-05  7.0316E+03  7.4643E-05  2.0259E-05  7.1845E-06
 6.9104E+25  9.7785E-05  7.0316E+03  7.4643E-05  2.0158E-05  7.1845E-06
 6.9196E+25  9.7903E-05  7.0315E+03  7.4643E-05  2.0059E-05  7.1845E-06
 6.9289E+25  9.8457E-05  7.0315E+03  7.4643E-05  1.9958E-05  7.1845E-06
 6.9381E+25  9.9002E-05  7.0314E+03  7.4643E-05  1.9858E-05  7.1845E-06
 6.9474E+25  9.9558E-05  7.0314E+03  7.4643E-05  1.9757E-05  7.1845E-06
 6.9567E+25  1.0010E-04  7.0314E+03  7.4643E-05  1.9657E-05  7.1845E-06
 6.9659E+25  1.0007E-04  7.0314E+03  7.4643E-05  1.9557E-05  7.1845E-06
 6.9752E+25  1.0034E-04  7.0313E+03  7.4643E-05  1.9457E-05  7.1845E-06
 6.9844E+25  1.0090E-04  7.0313E+03  7.4643E-05  1.9357E-05  7.1845E-06
 6.9937E+25  1.0146E-04  7.0313E+03  7.4643E-05  1.9257E-05  7.1845E-06
 7.0029E+25  1.0202E-04  7.0312E+03  7.4643E-05  1.9158E-05  7.1845E-06
 7.0122E+25  1.0256E-04  7.0312E+03  7.4643E-05  1.9059E-05  7.1845E-06
 7.0215E+25  1.0244E-04  7.0312E+03  7.4643E-05  1.8960E-05  7.1845E-06
 7.0307E+25  1.0284E-04  7.0312E+03  7.4643E-05  1.8861E-05  7.1845E-06
 7.0400E+25  1.0340E-04  7.0311E+03  7.4643E-05  1.8764E-05  7.1845E-06
 7.0492E+25  1.0396E-04  7.0311E+03  7.4643E-05  1.8671E-05  7.1845E-06
 7.0585E+25  1.0453E-04  7.0310E+03  7.4643E-05  1.8580E-05  7.1845E-06
 7.0677E+25  1.0507E-04  7.0310E+03  7.4643E-05  1.8489E-05  7.1845E-06
 7.0770E+25  1.0490E-04  7.0310E+03  7.4643E-05  1.8400E-05  7.1845E-06
 7.0863E+25  1.0540E-04  7.0310E+03  7.4643E-05  1.8311E-05  7.1845E-06
 7.0955E+25  1.0595E-04  7.0309E+03  7.4643E-05  1.8221E-05  7.1845E-06
 7.1048E+25  1.0652E-04  7.0309E+03  7.4643E-05  1.8131E-05  7.1845E-06
 7.1140E+25  1.0710E-04  7.0309E+03  7.4643E-05  1.8041E-05  7.1845E-06
 7.1233E+25  1.0762E-04  7.0308E+03  7.4643E-05  1.7952E-05  7.1845E-06
 7.1325E+25  1.0746E-04  7.0308E+03  7.4643E-05  1.7863E-05  7.1845E-06
 7.1418E+25  1.0801E-04  7.0308E+03  7.4643E-05  1.7774E-05  7.1845E-06
 7.1511E+25  1.0857E-04  7.0308E+03  7.4643E-05  1.7684E-05  7.1845E-06
 7.1603E+25  1.0914E-04  7.0307E+03  7.4643E-05  1.7595E-05  7.1845E-06
 7.1696E+25  1.0972E-04  7.0307E+03  7.4643E-05  1.7507E-05  7.1845E-06
 7.1788E+25  1.1020E-04  7.0307E+03  7.4643E-05  1.7418E-05  7.1845E-06
 7.1881E+25  1.1011E-04  7.0307E+03  7.4643E-05  1.7329E-05  7.1845E-06
 7.1973E+25  1.1068E-04  7.0306E+03  7.4643E-05  1.7241E-05  7.1845E-06
 7.2066E+25  1.1125E-04  7.0306E+03  7.4643E-05  1.7156E-05  7.1845E-06
 7.2159E+25  1.1182E-04  7.0305E+03  7.4643E-05  1.7073E-05  7.1845E-06
 7.2251E+25  1.1240E-04  7.0305E+03  7.4643E-05  1.6991E-05  7.1845E-06
 7.2344E+25  1.1285E-04  7.0305E+03  7.4643E-05  1.6911E-05  7.1845E-06
 7.2436E+25  1.1283E-04  7.0305E+03  7.4643E-05  1.6832E-05  7.1845E-06
 7.2529E+25  1.1341E-04  7.0304E+03  7.4643E-05  1.6752E-05  7.1845E-06
 7.2621E+25  1.1398E-04  7.0304E+03  7.4643E-05  1.6671E-05  7.1845E-06
 7.2714E+25  1.1456E-04  7.0304E+03  7.4643E-05  1.6592E-05  7.1845E-06
 7.2807E+25  1.1514E-04  7.0303E+03  7.4643E-05  1.6512E-05  7.1845E-06
 7.2899E+25  1.1557E-04  7.0303E+03  7.4643E-05  1.6432E-05  7.1845E-06
 7.2992E+25  1.1561E-04  7.0303E+03  7.4643E-05  1.6352E-05  7.1845E-06
 7.3084E+25  1.1620E-04  7.0302E+03  7.4643E-05  1.6273E-05  7.1845E-06
 7.3177E+25  1.1679E-04  7.0302E+03  7.4643E-05  1.6193E-05  7.1845E-06
 7.3269E+25  1.1737E-04  7.0302E+03  7.4643E-05  1.6113E-05  7.1845E-06
 7.3362E+25  1.1795E-04  7.0301E+03  7.4643E-05  1.6034E-05  7.1845E-06
 7.3455E+25  1.1838E-04  7.0301E+03  7.4643E-05  1.5955E-05  7.1845E-06
 7.3547E+25  1.1844E-04  7.0301E+03  7.4643E-05  1.5876E-05  7.1845E-06
 7.3640E+25  1.1905E-04  7.0300E+03  7.4643E-05  1.5797E-05  7.1845E-06
 7.3732E+25  1.1965E-04  7.0300E+03  7.4643E-05  1.5720E-05  7.1845E-06
 7.3825E+25  1.2024E-04  7.0300E+03  7.4643E-05  1.5646E-05  7.1845E-06
 7.3917E+25  1.2083E-04  7.0299E+03  7.4643E-05  1.5572E-05  7.1845E-06
 7.4010E+25  1.2126E-04  7.0299E+03  7.4643E-05  1.5500E-05  7.1845E-06
 7.4103E+25  1.2135E-04  7.0299E+03  7.4643E-05  1.5430E-05  7.1845E-06
 7.4195E+25  1.2196E-04  7.0299E+03  7.4643E-05  1.5358E-05  7.1845E-06
 7.4288E+25  1.2257E-04  7.0298E+03  7.4643E-05  1.5287E-05  7.1845E-06
 7.4380E+25  1.2317E-04  7.0298E+03  7.4643E-05  1.5215E-05  7.1845E-06
 7.4473E+25  1.2377E-04  7.0297E+03  7.4643E-05  1.5144E-05  7.1845E-06
 7.4565E+25  1.2423E-04  7.0297E+03  7.4643E-05  1.5073E-05  7.1845E-06
 7.4658E+25  1.2433E-04  7.0297E+03  7.4643E-05  1.5002E-05  7.1845E-06
 7.4751E+25  1.2494E-04  7.0297E+03  7.4643E-05  1.4931E-05  7.1845E-06
 7.4843E+25  1.2555E-04  7.0296E+03  7.4643E-05  1.4859E-05  7.1845E-06
 7.4936E+25  1.2617E-04  7.0296E+03  7.4643E-05  1.4788E-05  7.1845E-06
 7.5028E+25  1.2678E-04  7.0295E+03  7.4643E-05  1.4717E-05  7.1845E-06
 7.5121E+25  1.2728E-04  7.0295E+03  7.4643E-05  1.4646E-05  7.1845E-06
 7.5213E+25  1.2737E-04  7.0295E+03  7.4643E-05  1.4576E-05  7.1845E-06
 7.5306E+25  1.2798E-04  7.0295E+03  7.4643E-05  1.4505E-05  7.1845E-06
 7.5399E+25  1.2860E-04  7.0294E+03  7.4643E-05  1.4435E-05  7.1845E-06
 7.5491E+25  1.2923E-04  7.0294E+03  7.4643E-05  1.4367E-05  7.1845E-06
 7.5584E+25  1.2985E-04  7.0293E+03  7.4643E-05  1.4301E-05  7.1845E-06
 7.5676E+25  1.3040E-04  7.0293E+03  7.4643E-05  1.4236E-05  7.1845E-06
 7.5769E+25  1.3049E-04  7.0293E+03  7.4643E-05  1.4172E-05  7.1845E-06
 7.5861E+25  1.3110E-04  7.0293E+03  7.4643E-05  1.4109E-05  7.1845E-06
 7.5954E+25  1.3172E-04  7.0292E+03  7.4643E-05  1.4045E-05  7.1845E-06
 7.6047E+25  1.3235E-04  7.0292E+03  7.4643E-05  1.3981E-05  7.1845E-06
 7.6139E+25  1.3298E-04  7.0291E+03  7.4643E-05  1.3918E-05  7.1845E-06
 7.6232E+25  1.3359E-04  7.0291E+03  7.4643E-05  1.3854E-05  7.1845E-06
 7.6324E+25  1.3371E-04  7.0291E+03  7.4643E-05  1.3790E-05  7.1845E-06
 7.6417E+25  1.3430E-04  7.0291E+03  7.4643E-05  1.3727E-05  7.1845E-06
 7.6509E+25  1.3492E-04  7.0290E+03  7.4643E-05  1.3664E-05  7.1845E-06
 7.6602E+25  1.3555E-04  7.0290E+03  7.4643E-05  1.3600E-05  7.1845E-06
 7.6695E+25  1.3618E-04  7.0289E+03  7.4643E-05  1.3536E-05  7.1845E-06
 7.6787E+25  1.3681E-04  7.0289E+03  7.4643E-05  1.3473E-05  7.1845E-06
 7.6880E+25  1.3702E-04  7.0289E+03  7.4643E-05  1.3410E-05  7.1845E-06
 7.6972E+25  1.3757E-04  7.0289E+03  7.4643E-05  1.3347E-05  7.1845E-06
 7.7065E+25  1.3819E-04  7.0288E+03  7.4643E-05  1.3284E-05  7.1845E-06
 7.7157E+25  1.3882E-04  7.0288E+03  7.4643E-05  1.3220E-05  7.1845E-06
 7.7250E+25  1.3945E-04  7.0287E+03  7.4643E-05  1.3160E-05  7.1845E-06
 7.7343E+25  1.4009E-04  7.0287E+03  7.4643E-05  1.3101E-05  7.1845E-06
 7.7435E+25  1.4039E-04  7.0287E+03  7.4643E-05  1.3042E-05  7.1845E-06
 7.7528E+25  1.4092E-04  7.0286E+03  7.4643E-05  1.2984E-05  7.1845E-06
 7.7620E+25  1.4154E-04  7.0286E+03  7.4643E-05  1.2928E-05  7.1845E-06
 7.7713E+25  1.4217E-04  7.0286E+03  7.4643E-05  1.2872E-05  7.1845E-06
 7.7805E+25  1.4281E-04  7.0285E+03  7.4643E-05  1.2815E-05  7.1845E-06
 7.7898E+25  1.4344E-04  7.0285E+03  7.4643E-05  1.2758E-05  7.1845E-06
 7.7991E+25  1.4383E-04  7.0285E+03  7.4643E-05  1.2701E-05  7.1845E-06
 7.8083E+25  1.4433E-04  7.0284E+03  7.4643E-05  1.2644E-05  7.1845E-06
 7.8176E+25  1.4497E-04  7.0284E+03  7.4643E-05  1.2588E-05  7.1845E-06
 7.8268E+25  1.4560E-04  7.0283E+03  7.4643E-05  1.2531E-05  7.1845E-06
 7.8361E+25  1.4623E-04  7.0283E+03  7.4643E-05  1.2475E-05  7.1845E-06
 7.8453E+25  1.4688E-04  7.0283E+03  7.4643E-05  1.2418E-05  7.1845E-06
 7.8546E+25  1.4734E-04  7.0282E+03  7.4643E-05  1.2361E-05  7.1845E-06
 7.8638E+25  1.4780E-04  7.0282E+03  7.4643E-05  1.2305E-05  7.1845E-06
 7.8731E+25  1.4846E-04  7.0282E+03  7.4643E-05  1.2248E-05  7.1845E-06
 7.8824E+25  1.4911E-04  7.0281E+03  7.4643E-05  1.2192E-05  7.1845E-06
 7.8916E+25  1.4974E-04  7.0281E+03  7.4643E-05  1.2135E-05  7.1845E-06
 7.9009E+25  1.5038E-04  7.0280E+03  7.4643E-05  1.2079E-05  7.1845E-06
 7.9101E+25  1.5094E-04  7.0280E+03  7.4643E-05  1.2026E-05  7.1845E-06
 7.9194E+25  1.5135E-04  7.0280E+03  7.4643E-05  1.1973E-05  7.1845E-06
 7.9286E+25  1.5202E-04  7.0279E+03  7.4643E-05  1.1921E-05  7.1845E-06
 7.9379E+25  1.5268E-04  7.0279E+03  7.4643E-05  1.1870E-05  7.1845E-06
 7.9472E+25  1.5333E-04  7.0278E+03  7.4643E-05  1.1820E-05  7.1845E-06
 7.9564E+25  1.5397E-04  7.0278E+03  7.4643E-05  1.1769E-05  7.1845E-06
 7.9657E+25  1.5459E-04  7.0278E+03  7.4643E-05  1.1718E-05  7.1845E-06
 7.9749E+25  1.5500E-04  7.0278E+03  7.4643E-05  1.1668E-05  7.1845E-06
 7.9842E+25  1.5564E-04  7.0277E+03  7.4643E-05  1.1617E-05  7.1845E-06
 7.9934E+25  1.5631E-04  7.0277E+03  7.4643E-05  1.1567E-05  7.1845E-06
 8.0027E+25  1.5699E-04  7.0276E+03  7.4643E-05  1.1516E-05  7.1845E-06
 8.0120E+25  1.5764E-04  7.0276E+03  7.4643E-05  1.1466E-05  7.1845E-06
 8.0212E+25  1.5828E-04  7.0275E+03  7.4643E-05  1.1415E-05  7.1845E-06
 8.0305E+25  1.5875E-04  7.0275E+03  7.4643E-05  1.1365E-05  7.1845E-06
 8.0397E+25  1.5937E-04  7.0275E+03  7.4643E-05  1.1314E-05  7.1845E-06
 8.0490E+25  1.6002E-04  7.0274E+03  7.4643E-05  1.1264E-05  7.1845E-06
 8.0582E+25  1.6070E-04  7.0274E+03  7.4643E-05  1.1213E-05  7.1845E-06
 8.0675E+25  1.6138E-04  7.0273E+03  7.4643E-05  1.1163E-05  7.1845E-06
 8.0768E+25  1.6204E-04  7.0273E+03  7.4643E-05  1.1113E-05  7.1845E-06
 8.0860E+25  1.6259E-04  7.0273E+03  7.4643E-05  1.1062E-05  7.1845E-06
 8.0953E+25  1.6317E-04  7.0272E+03  7.4643E-05  1.1014E-05  7.1845E-06
 8.1045E+25  1.6383E-04  7.0272E+03  7.4643E-05  1.0967E-05  7.1845E-06
 8.1138E+25  1.6449E-04  7.0271E+03  7.4643E-05  1.0920E-05  7.1845E-06
 8.1230E+25  1.6517E-04  7.0271E+03  7.4643E-05  1.0873E-05  7.1845E-06
 8.1323E+25  1.6586E-04  7.0270E+03  7.4643E-05  1.0829E-05  7.1845E-06
 8.1416E+25  1.6648E-04  7.0270E+03  7.4643E-05  1.0784E-05  7.1845E-06
 8.1508E+25  1.6706E-04  7.0270E+03  7.4643E-05  1.0739E-05  7.1845E-06
 8.1601E+25  1.6772E-04  7.0269E+03  7.4643E-05  1.0694E-05  7.1845E-06
 8.1693E+25  1.6838E-04  7.0269E+03  7.4643E-05  1.0649E-05  7.1845E-06
 8.1786E+25  1.6904E-04  7.0268E+03  7.4643E-05  1.0604E-05  7.1845E-06
 8.1878E+25  1.6973E-04  7.0268E+03  7.4643E-05  1.0559E-05  7.1845E-06
 8.1971E+25  1.7041E-04  7.0268E+03  7.4643E-05  1.0514E-05  7.1845E-06
 8.2064E+25  1.7103E-04  7.0267E+03  7.4643E-05  1.0469E-05  7.1845E-06
 8.2156E+25  1.7169E-04  7.0267E+03  7.4643E-05  1.0424E-05  7.1845E-06
 8.2249E+25  1.7236E-04  7.0266E+03  7.4643E-05  1.0379E-05  7.1845E-06
 8.2341E+25  1.7301E-04  7.0266E+03  7.4643E-05  1.0333E-05  7.1845E-06
 8.2434E+25  1.7368E-04  7.0265E+03  7.4643E-05  1.0288E-05  7.1845E-06
 8.2526E+25  1.7437E-04  7.0265E+03  7.4643E-05  1.0243E-05  7.1845E-06
 8.2619E+25  1.7506E-04  7.0265E+03  7.4643E-05  1.0199E-05  7.1845E-06
 8.2712E+25  1.7574E-04  7.0264E+03  7.4643E-05  1.0153E-05  7.1845E-06
 8.2804E+25  1.7640E-04  7.0264E+03  7.4643E-05  1.0109E-05  7.1845E-06
 8.2897E+25  1.7708E-04  7.0263E+03  7.4643E-05  1.0066E-05  7.1845E-06
 8.2989E+25  1.7774E-04  7.0263E+03  7.4643E-05  1.0024E-05  7.1845E-06
 8.3082E+25  1.7840E-04  7.0262E+03  7.4643E-05  9.9816E-06  7.1845E-06
 8.3174E+25  1.7912E-04  7.0262E+03  7.4643E-05  9.9404E-06  7.1845E-06
 8.3267E+25  1.7985E-04  7.0262E+03  7.4643E-05  9.9008E-06  7.1845E-06
 8.3360E+25  1.8054E-04  7.0261E+03  7.4643E-05  9.8610E-06  7.1845E-06
 8.3452E+25  1.8120E-04  7.0261E+03  7.4643E-05  9.8207E-06  7.1845E-06
 8.3545E+25  1.8187E-04  7.0260E+03  7.4643E-05  9.7805E-06  7.1845E-06
 8.3637E+25  1.8254E-04  7.0260E+03  7.4643E-05  9.7403E-06  7.1845E-06
 8.3730E+25  1.8322E-04  7.0259E+03  7.4643E-05  9.7002E-06  7.1845E-06
 8.3822E+25  1.8401E-04  7.0259E+03  7.4643E-05  9.6601E-06  7.1845E-06
 8.3915E+25  1.8471E-04  7.0258E+03  7.4643E-05  9.6200E-06  7.1845E-06
 8.4008E+25  1.8541E-04  7.0258E+03  7.4643E-05  9.5800E-06  7.1845E-06
 8.4100E+25  1.8608E-04  7.0257E+03  7.4643E-05  9.5399E-06  7.1845E-06
 8.4193E+25  1.8675E-04  7.0257E+03  7.4643E-05  9.4997E-06  7.1845E-06
 8.4285E+25  1.8744E-04  7.0256E+03  7.4643E-05  9.4594E-06  7.1845E-06
 8.4378E+25  1.8823E-04  7.0256E+03  7.4643E-05  9.4193E-06  7.1845E-06
 8.4470E+25  1.8896E-04  7.0256E+03  7.4643E-05  9.3792E-06  7.1845E-06
 8.4563E+25  1.8966E-04  7.0255E+03  7.4643E-05  9.3390E-06  7.1845E-06
 8.4656E+25  1.9036E-04  7.0254E+03  7.4643E-05  9.2989E-06  7.1845E-06
 8.4748E+25  1.9104E-04  7.0254E+03  7.4643E-05  9.2589E-06  7.1845E-06
 8.4841E+25  1.9171E-04  7.0253E+03  7.4643E-05  9.2196E-06  7.1845E-06
 8.4933E+25  1.9248E-04  7.0253E+03  7.4643E-05  9.1819E-06  7.1845E-06
 8.5026E+25  1.9331E-04  7.0253E+03  7.4643E-05  9.1442E-06  7.1845E-06
 8.5118E+25  1.9398E-04  7.0252E+03  7.4643E-05  9.1068E-06  7.1845E-06
 8.5211E+25  1.9468E-04  7.0252E+03  7.4643E-05  9.0711E-06  7.1845E-06
 8.5304E+25  1.9539E-04  7.0251E+03  7.4643E-05  9.0359E-06  7.1845E-06
 8.5396E+25  1.9608E-04  7.0251E+03  7.4643E-05  9.0001E-06  7.1845E-06
 8.5489E+25  1.9676E-04  7.0250E+03  7.4643E-05  8.9643E-06  7.1845E-06
 8.5581E+25  1.9772E-04  7.0250E+03  7.4643E-05  8.9285E-06  7.1845E-06
 8.5674E+25  1.9842E-04  7.0249E+03  7.4643E-05  8.8927E-06  7.1845E-06
 8.5766E+25  1.9909E-04  7.0249E+03  7.4643E-05  8.8569E-06  7.1845E-06
 8.5859E+25  1.9978E-04  7.0248E+03  7.4643E-05  8.8213E-06  7.1845E-06
 8.5952E+25  2.0048E-04  7.0248E+03  7.4643E-05  8.7856E-06  7.1845E-06
 8.6044E+25  2.0119E-04  7.0247E+03  7.4643E-05  8.7499E-06  7.1845E-06
 8.6137E+25  2.0205E-04  7.0247E+03  7.4643E-05  8.7142E-06  7.1845E-06
 8.6229E+25  2.0292E-04  7.0246E+03  7.4643E-05  8.6783E-06  7.1845E-06
 8.6322E+25  2.0360E-04  7.0246E+03  7.4643E-05  8.6425E-06  7.1845E-06
 8.6414E+25  2.0427E-04  7.0245E+03  7.4643E-05  8.6066E-06  7.1845E-06
 8.6507E+25  2.0494E-04  7.0245E+03  7.4643E-05  8.5709E-06  7.1845E-06
 8.6600E+25  2.0565E-04  7.0244E+03  7.4643E-05  8.5351E-06  7.1845E-06
 8.6692E+25  2.0641E-04  7.0244E+03  7.4643E-05  8.4994E-06  7.1845E-06
 8.6785E+25  2.0746E-04  7.0243E+03  7.4643E-05  8.4636E-06  7.1845E-06
 8.6877E+25  2.0816E-04  7.0243E+03  7.4643E-05  8.4286E-06  7.1845E-06
 8.6970E+25  2.0885E-04  7.0242E+03  7.4643E-05  8.3948E-06  7.1845E-06
 8.7062E+25  2.0952E-04  7.0242E+03  7.4643E-05  8.3612E-06  7.1845E-06
 8.7155E+25  2.1018E-04  7.0241E+03  7.4643E-05  8.3278E-06  7.1845E-06
 8.7248E+25  2.1089E-04  7.0240E+03  7.4643E-05  8.2957E-06  7.1845E-06
 8.7340E+25  2.1188E-04  7.0240E+03  7.4643E-05  8.2643E-06  7.1845E-06
 8.7433E+25  2.1280E-04  7.0240E+03  7.4643E-05  8.2325E-06  7.1845E-06
 8.7525E+25  2.1346E-04  7.0239E+03  7.4643E-05  8.2007E-06  7.1845E-06
 8.7618E+25  2.1416E-04  7.0238E+03  7.4643E-05  8.1689E-06  7.1845E-06
 8.7710E+25  2.1483E-04  7.0238E+03  7.4643E-05  8.1370E-06  7.1845E-06
 8.7803E+25  2.1550E-04  7.0237E+03  7.4643E-05  8.1051E-06  7.1845E-06
 8.7896E+25  2.1624E-04  7.0237E+03  7.4643E-05  8.0733E-06  7.1845E-06
 8.7988E+25  2.1743E-04  7.0236E+03  7.4643E-05  8.0416E-06  7.1845E-06
 8.8081E+25  2.1817E-04  7.0236E+03  7.4643E-05  8.0098E-06  7.1845E-06
 8.8173E+25  2.1884E-04  7.0235E+03  7.4643E-05  7.9781E-06  7.1845E-06
 8.8266E+25  2.1951E-04  7.0235E+03  7.4643E-05  7.9460E-06  7.1845E-06
 8.8358E+25  2.2020E-04  7.0234E+03  7.4643E-05  7.9141E-06  7.1845E-06
 8.8451E+25  2.2089E-04  7.0233E+03  7.4643E-05  7.8822E-06  7.1845E-06
 8.8544E+25  2.2188E-04  7.0233E+03  7.4643E-05  7.8503E-06  7.1845E-06
 8.8636E+25  2.2288E-04  7.0233E+03  7.4643E-05  7.8183E-06  7.1845E-06
 8.8729E+25  2.2358E-04  7.0232E+03  7.4643E-05  7.7865E-06  7.1845E-06
 8.8821E+25  2.2427E-04  7.0231E+03  7.4643E-05  7.7546E-06  7.1845E-06
 8.8914E+25  2.2492E-04  7.0231E+03  7.4643E-05  7.7228E-06  7.1845E-06
 8.9006E+25  2.2562E-04  7.0230E+03  7.4643E-05  7.6921E-06  7.1845E-06
 8.9099E+25  2.2636E-04  7.0230E+03  7.4643E-05  7.6620E-06  7.1845E-06
 8.9192E+25  2.2760E-04  7.0229E+03  7.4643E-05  7.6320E-06  7.1845E-06
 8.9284E+25  2.2834E-04  7.0229E+03  7.4643E-05  7.6023E-06  7.1845E-06
 8.9377E+25  2.2903E-04  7.0228E+03  7.4643E-05  7.5741E-06  7.1845E-06
 8.9469E+25  2.2973E-04  7.0227E+03  7.4643E-05  7.5462E-06  7.1845E-06
 8.9562E+25  2.3040E-04  7.0227E+03  7.4643E-05  7.5179E-06  7.1845E-06
 8.9654E+25  2.3109E-04  7.0226E+03  7.4643E-05  7.4895E-06  7.1845E-06
 8.9747E+25  2.3204E-04  7.0226E+03  7.4643E-05  7.4611E-06  7.1845E-06
 8.9840E+25  2.3321E-04  7.0225E+03  7.4643E-05  7.4327E-06  7.1845E-06
 8.9932E+25  2.3387E-04  7.0225E+03  7.4643E-05  7.4044E-06  7.1845E-06
 9.0025E+25  2.3453E-04  7.0224E+03  7.4643E-05  7.3762E-06  7.1845E-06
 9.0117E+25  2.3523E-04  7.0223E+03  7.4643E-05  7.3479E-06  7.1845E-06
 9.0210E+25  2.3592E-04  7.0223E+03  7.4643E-05  7.3196E-06  7.1845E-06
 9.0302E+25  2.3662E-04  7.0222E+03  7.4643E-05  7.2913E-06  7.1845E-06
 9.0395E+25  2.3785E-04  7.0222E+03  7.4643E-05  7.2629E-06  7.1845E-06
 9.0487E+25  2.3877E-04  7.0221E+03  7.4643E-05  7.2343E-06  7.1845E-06
 9.0580E+25  2.3944E-04  7.0220E+03  7.4643E-05  7.2059E-06  7.1845E-06
 9.0673E+25  2.4009E-04  7.0220E+03  7.4643E-05  7.1774E-06  7.1845E-06
 9.0765E+25  2.4076E-04  7.0219E+03  7.4643E-05  7.1490E-06  7.1845E-06
 9.0858E+25  2.4146E-04  7.0219E+03  7.4643E-05  7.1206E-06  7.1845E-06
 9.0950E+25  2.4226E-04  7.0218E+03  7.4643E-05  7.0922E-06  7.1845E-06
 9.1043E+25  2.4363E-04  7.0218E+03  7.4643E-05  7.0638E-06  7.1845E-06
 9.1135E+25  2.4437E-04  7.0217E+03  7.4643E-05  7.0360E-06  7.1845E-06
 9.1228E+25  2.4502E-04  7.0216E+03  7.4643E-05  7.0091E-06  7.1845E-06
 9.1321E+25  2.4569E-04  7.0216E+03  7.4643E-05  6.9823E-06  7.1845E-06
 9.1413E+25  2.4634E-04  7.0215E+03  7.4643E-05  6.9555E-06  7.1845E-06
 9.1506E+25  2.4704E-04  7.0215E+03  7.4643E-05  6.9299E-06  7.1845E-06
 9.1598E+25  2.4805E-04  7.0214E+03  7.4643E-05  6.9051E-06  7.1845E-06
 9.1691E+25  2.4932E-04  7.0213E+03  7.4643E-05  6.8802E-06  7.1845E-06
 9.1783E+25  2.4998E-04  7.0213E+03  7.4643E-05  6.8549E-06  7.1845E-06
 9.1876E+25  2.5064E-04  7.0212E+03  7.4643E-05  6.8296E-06  7.1845E-06
 9.1969E+25  2.5129E-04  7.0211E+03  7.4643E-05  6.8044E-06  7.1845E-06
 9.2061E+25  2.5196E-04  7.0211E+03  7.4643E-05  6.7792E-06  7.1845E-06
 9.2154E+25  2.5265E-04  7.0210E+03  7.4643E-05  6.7541E-06  7.1845E-06
 9.2246E+25  2.5388E-04  7.0210E+03  7.4643E-05  6.7288E-06  7.1845E-06
 9.2339E+25  2.5496E-04  7.0209E+03  7.4643E-05  6.7036E-06  7.1845E-06
 9.2431E+25  2.5560E-04  7.0209E+03  7.4643E-05  6.6785E-06  7.1845E-06
 9.2524E+25  2.5626E-04  7.0208E+03  7.4643E-05  6.6533E-06  7.1845E-06
